---
0 0 29.35855263157895 1.0 5
0 2 0 1 2 0 0.5607578418939414 
---
0 1 15.439967105263158 7.0 5
4 4 8 8 1 1 0.13228922174527902 
12 7 13 4 2 1 0.3882554579895027 
13 1 4 0 1 0 0.9942196252475819 
11 4 13 4 7 0 0.316500968066424 
7 7 12 8 1 1 0.26204610435224396 
1 1 7 0 1 0 0.4528889013674817 
12 1 13 4 0 1 0.22125972739674582 
---
0 2 16.69407894736842 4.0 5
11 4 13 4 7 0 0.316500968066424 
7 7 12 8 1 1 0.26204610435224396 
1 1 7 0 1 0 0.4528889013674817 
12 1 13 4 0 1 0.22125972739674582 
---
0 3 16.69407894736842 4.0 5
11 4 13 4 7 0 0.316500968066424 
7 7 12 8 1 1 0.26204610435224396 
1 1 7 0 1 0 0.4528889013674817 
12 1 13 4 0 1 0.22125972739674582 
---
0 4 15.727796052631579 6.0 5
1 1 7 0 1 0 0.4528889013674817 
7 7 12 8 1 1 0.26204610435224396 
12 1 13 4 0 1 0.22125972739674582 
11 4 13 4 7 0 0.316500968066424 
13 1 4 0 1 0 0.9942196252475819 
4 4 8 8 1 1 0.13228922174527902 
---
0 5 15.727796052631579 6.0 5
13 1 4 0 1 0 0.9942196252475819 
12 1 13 4 0 1 0.22125972739674582 
7 7 12 8 1 1 0.26204610435224396 
11 4 13 4 7 0 0.316500968066424 
4 4 8 8 1 1 0.13228922174527902 
1 1 7 0 1 0 0.4528889013674817 
---
0 6 15.439967105263158 7.0 5
7 7 12 8 1 1 0.26204610435224396 
11 4 13 4 7 0 0.316500968066424 
12 1 13 4 0 1 0.22125972739674582 
13 1 4 0 1 0 0.9942196252475819 
4 4 8 8 1 1 0.13228922174527902 
12 7 13 4 2 1 0.3882554579895027 
1 1 7 0 1 0 0.4528889013674817 
---
0 7 16.69407894736842 4.0 5
11 4 13 4 7 0 0.316500968066424 
7 7 12 8 1 1 0.26204610435224396 
1 1 7 0 1 0 0.4528889013674817 
12 1 13 4 0 1 0.22125972739674582 
---
0 8 15.727796052631579 6.0 5
1 1 7 0 1 0 0.4528889013674817 
7 7 12 8 1 1 0.26204610435224396 
12 1 13 4 0 1 0.22125972739674582 
11 4 13 4 7 0 0.316500968066424 
13 1 4 0 1 0 0.9942196252475819 
4 4 8 8 1 1 0.13228922174527902 
---
0 9 15.439967105263158 7.0 5
4 4 8 8 1 1 0.13228922174527902 
12 7 13 4 2 1 0.3882554579895027 
13 1 4 0 1 0 0.9942196252475819 
11 4 13 4 7 0 0.316500968066424 
7 7 12 8 1 1 0.26204610435224396 
1 1 7 0 1 0 0.4528889013674817 
12 1 13 4 0 1 0.22125972739674582 
---
0 10 16.69407894736842 4.0 5
11 4 13 4 7 0 0.316500968066424 
12 1 13 4 0 1 0.22125972739674582 
1 1 7 0 1 0 0.4528889013674817 
7 7 12 8 1 1 0.26204610435224396 
---
0 11 15.727796052631579 6.0 5
1 1 7 0 1 0 0.4528889013674817 
7 7 12 8 1 1 0.26204610435224396 
12 1 13 4 0 1 0.22125972739674582 
11 4 13 4 7 0 0.316500968066424 
13 1 4 0 1 0 0.9942196252475819 
4 4 8 8 1 1 0.13228922174527902 
---
0 12 15.439967105263158 7.0 5
7 7 12 8 1 1 0.26204610435224396 
11 4 13 4 7 0 0.316500968066424 
12 1 13 4 0 1 0.22125972739674582 
13 1 4 0 1 0 0.9942196252475819 
4 4 8 8 1 1 0.13228922174527902 
12 7 13 4 2 1 0.3882554579895027 
1 1 7 0 1 0 0.4528889013674817 
---
0 13 16.69407894736842 4.0 5
1 1 7 0 1 0 0.4528889013674817 
12 1 13 4 0 1 0.22125972739674582 
7 7 12 8 1 1 0.26204610435224396 
11 4 13 4 7 0 0.316500968066424 
---
0 14 15.727796052631579 6.0 5
1 1 7 0 1 0 0.4528889013674817 
7 7 12 8 1 1 0.26204610435224396 
12 1 13 4 0 1 0.22125972739674582 
11 4 13 4 7 0 0.316500968066424 
13 1 4 0 1 0 0.9942196252475819 
4 4 8 8 1 1 0.13228922174527902 
---
0 15 15.439967105263158 7.0 5
7 7 12 8 1 1 0.26204610435224396 
11 4 13 4 7 0 0.316500968066424 
12 1 13 4 0 1 0.22125972739674582 
13 1 4 0 1 0 0.9942196252475819 
4 4 8 8 1 1 0.13228922174527902 
12 7 13 4 2 1 0.3882554579895027 
1 1 7 0 1 0 0.4528889013674817 
---
0 16 16.69407894736842 4.0 5
11 4 13 4 7 0 0.316500968066424 
12 1 13 4 0 1 0.22125972739674582 
1 1 7 0 1 0 0.4528889013674817 
7 7 12 8 1 1 0.26204610435224396 
---
0 17 15.727796052631579 6.0 5
1 1 7 0 1 0 0.4528889013674817 
7 7 12 8 1 1 0.26204610435224396 
13 1 4 0 1 0 0.9942196252475819 
11 4 13 4 7 0 0.316500968066424 
4 4 8 8 1 1 0.13228922174527902 
12 1 13 4 0 1 0.22125972739674582 
---
0 18 15.439967105263158 7.0 5
4 4 8 8 1 1 0.13228922174527902 
12 7 13 4 2 1 0.3882554579895027 
13 1 4 0 1 0 0.9942196252475819 
11 4 13 4 7 0 0.316500968066424 
7 7 12 8 1 1 0.26204610435224396 
1 1 7 0 1 0 0.4528889013674817 
12 1 13 4 0 1 0.22125972739674582 
---
0 19 16.69407894736842 4.0 5
11 4 13 4 7 0 0.316500968066424 
12 1 13 4 0 1 0.22125972739674582 
1 1 7 0 1 0 0.4528889013674817 
7 7 12 8 1 1 0.26204610435224396 
---
0 20 15.727796052631579 6.0 5
1 1 7 0 1 0 0.4528889013674817 
7 7 12 8 1 1 0.26204610435224396 
12 1 13 4 0 1 0.22125972739674582 
11 4 13 4 7 0 0.316500968066424 
13 1 4 0 1 0 0.9942196252475819 
4 4 8 8 1 1 0.13228922174527902 
---
0 21 16.69407894736842 4.0 5
1 1 7 0 1 0 0.4528889013674817 
12 1 13 4 0 1 0.22125972739674582 
7 7 12 8 1 1 0.26204610435224396 
11 4 13 4 7 0 0.316500968066424 
---
0 22 16.324013157894736 5.0 5
1 1 7 0 1 0 0.4528889013674817 
13 1 4 0 1 0 0.9942196252475819 
12 1 13 4 0 1 0.22125972739674582 
11 4 13 4 7 0 0.316500968066424 
7 7 12 8 1 1 0.26204610435224396 
---
0 23 21.38157894736842 2.0 5
0 2 0 1 1 0 0.5866762328151773 
7 7 0 8 0 1 0.2206060399842067 
---
1 0 29.35855263157895 1.0 5
0 0 0 1 2 0 0.45030583014817194 
---
1 1 15.439967105263158 7.0 5
7 7 12 8 1 1 0.26204610435224396 
11 4 13 4 7 0 0.316500968066424 
12 1 13 4 0 1 0.22125972739674582 
13 1 4 0 1 0 0.9942196252475819 
4 4 8 8 1 1 0.13228922174527902 
12 7 13 4 2 1 0.3882554579895027 
1 1 7 0 1 0 0.4528889013674817 
---
1 2 20.847039473684212 2.0 5
7 7 4 8 0 1 0.2342899551929808 
1 1 4 0 1 0 0.265543201342048 
---
1 3 19.675164473684212 3.0 5
12 1 13 4 0 1 0.22125972739674582 
7 7 4 8 0 1 0.2342899551929808 
1 1 4 0 1 0 0.265543201342048 
---
1 4 19.42845394736842 4.0 5
4 4 8 8 1 1 0.13228922174527902 
7 7 12 8 1 1 0.26204610435224396 
12 1 13 4 0 1 0.22125972739674582 
1 1 4 0 1 0 0.265543201342048 
---
1 5 20.847039473684212 2.0 5
7 7 4 8 0 1 0.2342899551929808 
1 1 4 0 1 0 0.265543201342048 
---
1 6 19.675164473684212 3.0 5
12 1 13 4 0 1 0.22125972739674582 
7 7 4 8 0 1 0.2342899551929808 
1 1 4 0 1 0 0.265543201342048 
---
1 7 19.42845394736842 4.0 5
7 7 12 8 1 1 0.26204610435224396 
1 1 4 0 1 0 0.265543201342048 
12 1 13 4 0 1 0.22125972739674582 
4 4 8 8 1 1 0.13228922174527902 
---
1 8 18.75 5.0 5
7 7 12 8 1 1 0.26204610435224396 
4 4 8 8 1 1 0.13228922174527902 
11 4 13 4 7 0 0.316500968066424 
12 1 13 4 0 1 0.22125972739674582 
1 1 4 0 1 0 0.265543201342048 
---
1 9 18.75 5.0 5
7 7 12 8 1 1 0.26204610435224396 
4 4 8 8 1 1 0.13228922174527902 
12 1 13 4 0 1 0.22125972739674582 
11 4 13 4 7 0 0.316500968066424 
1 1 4 0 1 0 0.265543201342048 
---
1 10 15.727796052631579 6.0 5
11 4 13 4 7 0 0.316500968066424 
1 1 7 0 1 0 0.4528889013674817 
13 1 4 0 1 0 0.9942196252475819 
7 7 12 8 1 1 0.26204610435224396 
4 4 8 8 1 1 0.13228922174527902 
12 1 13 4 0 1 0.22125972739674582 
---
1 11 15.727796052631579 6.0 5
11 4 13 4 7 0 0.316500968066424 
12 1 13 4 0 1 0.22125972739674582 
7 7 12 8 1 1 0.26204610435224396 
1 1 7 0 1 0 0.4528889013674817 
13 1 4 0 1 0 0.9942196252475819 
4 4 8 8 1 1 0.13228922174527902 
---
1 12 15.439967105263158 7.0 5
12 7 13 4 2 1 0.3882554579895027 
13 1 4 0 1 0 0.9942196252475819 
7 7 12 8 1 1 0.26204610435224396 
1 1 7 0 1 0 0.4528889013674817 
11 4 13 4 7 0 0.316500968066424 
4 4 8 8 1 1 0.13228922174527902 
12 1 13 4 0 1 0.22125972739674582 
---
1 13 20.847039473684212 2.0 5
7 7 4 8 0 1 0.2342899551929808 
1 1 4 0 1 0 0.265543201342048 
---
1 14 19.675164473684212 3.0 5
12 1 13 4 0 1 0.22125972739674582 
7 7 4 8 0 1 0.2342899551929808 
1 1 4 0 1 0 0.265543201342048 
---
1 15 19.42845394736842 4.0 5
7 7 12 8 1 1 0.26204610435224396 
1 1 4 0 1 0 0.265543201342048 
12 1 13 4 0 1 0.22125972739674582 
4 4 8 8 1 1 0.13228922174527902 
---
1 16 18.75 5.0 5
7 7 12 8 1 1 0.26204610435224396 
4 4 8 8 1 1 0.13228922174527902 
11 4 13 4 7 0 0.316500968066424 
12 1 13 4 0 1 0.22125972739674582 
1 1 4 0 1 0 0.265543201342048 
---
1 17 15.727796052631579 6.0 5
11 4 13 4 7 0 0.316500968066424 
12 1 13 4 0 1 0.22125972739674582 
7 7 12 8 1 1 0.26204610435224396 
1 1 7 0 1 0 0.4528889013674817 
13 1 4 0 1 0 0.9942196252475819 
4 4 8 8 1 1 0.13228922174527902 
---
1 18 15.439967105263158 7.0 5
7 7 12 8 1 1 0.26204610435224396 
11 4 13 4 7 0 0.316500968066424 
12 1 13 4 0 1 0.22125972739674582 
13 1 4 0 1 0 0.9942196252475819 
4 4 8 8 1 1 0.13228922174527902 
12 7 13 4 2 1 0.3882554579895027 
1 1 7 0 1 0 0.4528889013674817 
---
1 19 20.847039473684212 2.0 5
7 7 4 8 0 1 0.2342899551929808 
1 1 4 0 1 0 0.265543201342048 
---
1 20 19.675164473684212 3.0 5
12 1 13 4 0 1 0.22125972739674582 
7 7 4 8 0 1 0.2342899551929808 
1 1 4 0 1 0 0.265543201342048 
---
1 21 19.42845394736842 4.0 5
7 7 12 8 1 1 0.26204610435224396 
1 1 4 0 1 0 0.265543201342048 
12 1 13 4 0 1 0.22125972739674582 
4 4 8 8 1 1 0.13228922174527902 
---
1 22 18.75 5.0 5
7 7 12 8 1 1 0.26204610435224396 
4 4 8 8 1 1 0.13228922174527902 
11 4 13 4 7 0 0.316500968066424 
12 1 13 4 0 1 0.22125972739674582 
1 1 4 0 1 0 0.265543201342048 
---
1 23 15.727796052631579 6.0 5
11 4 13 4 7 0 0.316500968066424 
12 1 13 4 0 1 0.22125972739674582 
7 7 12 8 1 1 0.26204610435224396 
1 1 7 0 1 0 0.4528889013674817 
13 1 4 0 1 0 0.9942196252475819 
4 4 8 8 1 1 0.13228922174527902 
---
1 24 15.439967105263158 7.0 5
7 7 12 8 1 1 0.26204610435224396 
11 4 13 4 7 0 0.316500968066424 
12 1 13 4 0 1 0.22125972739674582 
13 1 4 0 1 0 0.9942196252475819 
4 4 8 8 1 1 0.13228922174527902 
12 7 13 4 2 1 0.3882554579895027 
1 1 7 0 1 0 0.4528889013674817 
---
1 25 20.847039473684212 2.0 5
7 7 4 8 0 1 0.2342899551929808 
1 1 4 0 1 0 0.265543201342048 
---
1 26 19.675164473684212 3.0 5
12 1 13 4 0 1 0.22125972739674582 
1 1 4 0 1 0 0.265543201342048 
7 7 4 8 0 1 0.2342899551929808 
---
1 27 19.42845394736842 4.0 5
7 7 12 8 1 1 0.26204610435224396 
1 1 4 0 1 0 0.265543201342048 
12 1 13 4 0 1 0.22125972739674582 
4 4 8 8 1 1 0.13228922174527902 
---
1 28 18.75 5.0 5
7 7 12 8 1 1 0.26204610435224396 
4 4 8 8 1 1 0.13228922174527902 
11 4 13 4 7 0 0.316500968066424 
12 1 13 4 0 1 0.22125972739674582 
1 1 4 0 1 0 0.265543201342048 
---
1 29 15.727796052631579 6.0 5
11 4 13 4 7 0 0.316500968066424 
12 1 13 4 0 1 0.22125972739674582 
7 7 12 8 1 1 0.26204610435224396 
1 1 7 0 1 0 0.4528889013674817 
13 1 4 0 1 0 0.9942196252475819 
4 4 8 8 1 1 0.13228922174527902 
---
1 30 29.35855263157895 1.0 5
0 0 0 1 2 0 0.45030583014817194 
---
1 31 15.439967105263158 7.0 5
12 1 13 4 0 1 0.22125972739674582 
7 7 12 8 1 1 0.26204610435224396 
12 7 13 4 2 1 0.3882554579895027 
13 1 4 0 1 0 0.9942196252475819 
4 4 8 8 1 1 0.13228922174527902 
1 1 7 0 1 0 0.4528889013674817 
11 4 13 4 7 0 0.316500968066424 
---
1 32 20.847039473684212 2.0 5
7 7 4 8 0 1 0.2342899551929808 
1 1 4 0 1 0 0.265543201342048 
---
1 33 19.675164473684212 3.0 5
12 1 13 4 0 1 0.22125972739674582 
7 7 4 8 0 1 0.2342899551929808 
1 1 4 0 1 0 0.265543201342048 
---
1 34 19.42845394736842 4.0 5
7 7 12 8 1 1 0.26204610435224396 
1 1 4 0 1 0 0.265543201342048 
12 1 13 4 0 1 0.22125972739674582 
4 4 8 8 1 1 0.13228922174527902 
---
1 35 18.75 5.0 5
7 7 12 8 1 1 0.26204610435224396 
4 4 8 8 1 1 0.13228922174527902 
11 4 13 4 7 0 0.316500968066424 
12 1 13 4 0 1 0.22125972739674582 
1 1 4 0 1 0 0.265543201342048 
---
1 36 15.727796052631579 6.0 5
11 4 13 4 7 0 0.316500968066424 
12 1 13 4 0 1 0.22125972739674582 
7 7 12 8 1 1 0.26204610435224396 
1 1 7 0 1 0 0.4528889013674817 
13 1 4 0 1 0 0.9942196252475819 
4 4 8 8 1 1 0.13228922174527902 
---
1 37 29.35855263157895 1.0 5
0 0 0 1 2 0 0.45030583014817194 
---
1 38 15.439967105263158 7.0 5
7 7 12 8 1 1 0.26204610435224396 
11 4 13 4 7 0 0.316500968066424 
12 1 13 4 0 1 0.22125972739674582 
13 1 4 0 1 0 0.9942196252475819 
4 4 8 8 1 1 0.13228922174527902 
12 7 13 4 2 1 0.3882554579895027 
1 1 7 0 1 0 0.4528889013674817 
---
1 39 20.847039473684212 2.0 5
7 7 4 8 0 1 0.2342899551929808 
1 1 4 0 1 0 0.265543201342048 
---
2 0 29.35855263157895 1.0 5
0 2 0 1 0 0 0.565924539906439 
---
2 1 15.563322368421053 8.0 5
7 7 12 8 1 1 0.26204610435224396 
4 4 8 8 1 1 0.13228922174527902 
12 7 13 4 2 1 0.3882554579895027 
1 1 1 0 1 0 0.36975778079842025 
1 1 7 0 1 0 0.4528889013674817 
13 1 4 0 1 0 0.9942196252475819 
12 1 13 4 0 1 0.22125972739674582 
11 4 13 4 7 0 0.316500968066424 
---
2 2 22.65625 2.0 5
0 4 0 1 2 0 0.47557523662777834 
7 7 0 8 0 1 0.2301942149778191 
---
2 3 20.682565789473685 3.0 5
1 1 1 0 7 0 0.48762650833649857 
7 7 12 8 1 1 0.26204610435224396 
12 1 13 4 0 1 0.22125972739674582 
---
2 4 22.65625 2.0 5
7 7 0 8 0 1 0.2301942149778191 
0 4 0 1 2 0 0.47557523662777834 
---
2 5 16.69407894736842 4.0 5
1 1 7 0 1 0 0.4528889013674817 
12 1 13 4 0 1 0.22125972739674582 
11 4 13 4 7 0 0.316500968066424 
7 7 12 8 1 1 0.26204610435224396 
---
2 6 16.69407894736842 4.0 5
1 1 7 0 1 0 0.4528889013674817 
12 1 13 4 0 1 0.22125972739674582 
11 4 13 4 7 0 0.316500968066424 
7 7 12 8 1 1 0.26204610435224396 
---
2 7 15.727796052631579 6.0 5
7 7 12 8 1 1 0.26204610435224396 
1 1 7 0 1 0 0.4528889013674817 
11 4 13 4 7 0 0.316500968066424 
12 1 13 4 0 1 0.22125972739674582 
4 4 8 8 1 1 0.13228922174527902 
13 1 4 0 1 0 0.9942196252475819 
---
2 8 15.727796052631579 6.0 5
11 4 13 4 7 0 0.316500968066424 
1 1 7 0 1 0 0.4528889013674817 
13 1 4 0 1 0 0.9942196252475819 
12 1 13 4 0 1 0.22125972739674582 
4 4 8 8 1 1 0.13228922174527902 
7 7 12 8 1 1 0.26204610435224396 
---
2 9 22.65625 2.0 5
7 7 0 8 0 1 0.2301942149778191 
0 4 0 1 2 0 0.47557523662777834 
---
2 10 16.69407894736842 4.0 5
1 1 7 0 1 0 0.4528889013674817 
12 1 13 4 0 1 0.22125972739674582 
11 4 13 4 7 0 0.316500968066424 
7 7 12 8 1 1 0.26204610435224396 
---
2 11 15.727796052631579 6.0 5
11 4 13 4 7 0 0.316500968066424 
1 1 7 0 1 0 0.4528889013674817 
13 1 4 0 1 0 0.9942196252475819 
12 1 13 4 0 1 0.22125972739674582 
4 4 8 8 1 1 0.13228922174527902 
7 7 12 8 1 1 0.26204610435224396 
---
2 12 29.35855263157895 1.0 5
0 2 0 1 2 0 0.5607578418939414 
---
2 13 22.65625 2.0 5
7 7 0 8 0 1 0.2301942149778191 
0 4 0 1 2 0 0.47557523662777834 
---
2 14 16.69407894736842 4.0 5
1 1 7 0 1 0 0.4528889013674817 
12 1 13 4 0 1 0.22125972739674582 
11 4 13 4 7 0 0.316500968066424 
7 7 12 8 1 1 0.26204610435224396 
---
2 15 15.727796052631579 6.0 5
11 4 13 4 7 0 0.316500968066424 
1 1 7 0 1 0 0.4528889013674817 
13 1 4 0 1 0 0.9942196252475819 
12 1 13 4 0 1 0.22125972739674582 
4 4 8 8 1 1 0.13228922174527902 
7 7 12 8 1 1 0.26204610435224396 
---
2 16 29.35855263157895 1.0 5
0 2 0 1 2 0 0.5607578418939414 
---
2 17 22.65625 2.0 5
7 7 0 8 0 1 0.2301942149778191 
0 4 0 1 2 0 0.47557523662777834 
---
2 18 16.69407894736842 4.0 5
1 1 7 0 1 0 0.4528889013674817 
12 1 13 4 0 1 0.22125972739674582 
11 4 13 4 7 0 0.316500968066424 
7 7 12 8 1 1 0.26204610435224396 
---
2 19 15.727796052631579 6.0 5
11 4 13 4 7 0 0.316500968066424 
1 1 7 0 1 0 0.4528889013674817 
13 1 4 0 1 0 0.9942196252475819 
12 1 13 4 0 1 0.22125972739674582 
4 4 8 8 1 1 0.13228922174527902 
7 7 12 8 1 1 0.26204610435224396 
---
2 20 29.35855263157895 1.0 5
0 0 0 1 0 0 0.5349021476941986 
---
2 21 22.65625 2.0 5
7 7 0 8 0 1 0.2301942149778191 
0 4 0 1 2 0 0.47557523662777834 
---
2 22 15.727796052631579 6.0 5
11 4 13 4 7 0 0.316500968066424 
1 1 7 0 1 0 0.4528889013674817 
13 1 4 0 1 0 0.9942196252475819 
12 1 13 4 0 1 0.22125972739674582 
4 4 8 8 1 1 0.13228922174527902 
7 7 12 8 1 1 0.26204610435224396 
---
2 23 29.35855263157895 1.0 5
0 2 0 0 0 0 0.4967176517212084 
---
2 24 22.65625 2.0 5
7 7 0 8 0 1 0.2301942149778191 
0 4 0 1 2 0 0.47557523662777834 
---
2 25 15.727796052631579 6.0 5
11 4 13 4 7 0 0.316500968066424 
1 1 7 0 1 0 0.4528889013674817 
13 1 4 0 1 0 0.9942196252475819 
12 1 13 4 0 1 0.22125972739674582 
4 4 8 8 1 1 0.13228922174527902 
7 7 12 8 1 1 0.26204610435224396 
---
2 26 22.65625 2.0 5
7 7 0 8 0 1 0.2301942149778191 
0 4 0 1 2 0 0.47557523662777834 
---
2 27 15.727796052631579 6.0 5
11 4 13 4 7 0 0.316500968066424 
1 1 7 0 1 0 0.4528889013674817 
13 1 4 0 1 0 0.9942196252475819 
12 1 13 4 0 1 0.22125972739674582 
4 4 8 8 1 1 0.13228922174527902 
7 7 12 8 1 1 0.26204610435224396 
---
2 28 29.35855263157895 1.0 5
0 2 0 1 0 0 0.565924539906439 
---
2 29 22.65625 2.0 5
0 4 0 1 2 0 0.47557523662777834 
7 7 0 8 0 1 0.2301942149778191 
---
2 30 15.727796052631579 6.0 5
7 7 12 8 1 1 0.26204610435224396 
1 1 7 0 1 0 0.4528889013674817 
11 4 13 4 7 0 0.316500968066424 
12 1 13 4 0 1 0.22125972739674582 
4 4 8 8 1 1 0.13228922174527902 
13 1 4 0 1 0 0.9942196252475819 
---
2 31 29.35855263157895 1.0 5
0 2 0 0 2 0 0.4548364497887405 
---
2 32 22.65625 2.0 5
7 7 0 8 0 1 0.2301942149778191 
0 4 0 1 2 0 0.47557523662777834 
---
2 33 22.65625 2.0 5
0 4 0 1 2 0 0.47557523662777834 
7 7 0 8 0 1 0.2301942149778191 
---
3 0 29.35855263157895 1.0 5
0 2 0 0 0 0 0.48153032755195446 
---
3 1 15.995065789473683 6.0 5
11 4 13 4 7 0 0.316500968066424 
12 7 13 4 2 1 0.3882554579895027 
12 1 13 4 0 1 0.22125972739674582 
4 4 8 8 1 1 0.13228922174527902 
1 1 7 0 1 0 0.4528889013674817 
7 7 12 8 1 1 0.2562849865800165 
---
3 2 21.361019736842106 3.0 5
1 2 4 7 1 0 0.6926935644128032 
7 7 12 8 1 1 0.2562849865800165 
12 1 13 4 0 1 0.18924616303674258 
---
3 3 16.735197368421055 4.0 5
7 7 12 8 1 1 0.2562849865800165 
12 1 13 4 0 1 0.22125972739674582 
11 4 13 4 7 0 0.316500968066424 
1 1 7 0 1 0 0.4528889013674817 
---
3 4 24.609375 2.0 5
1 2 4 7 7 0 0.7302319687759471 
7 7 12 8 1 1 0.2562849865800165 
---
3 5 24.609375 2.0 5
1 2 4 7 7 0 0.7302319687759471 
7 7 12 8 1 1 0.2562849865800165 
---
3 6 16.735197368421055 4.0 5
7 7 12 8 1 1 0.2562849865800165 
12 1 13 4 0 1 0.22125972739674582 
1 1 7 0 1 0 0.4528889013674817 
11 4 13 4 7 0 0.316500968066424 
---
3 7 15.995065789473683 6.0 5
11 4 13 4 7 0 0.316500968066424 
12 7 13 4 2 1 0.3882554579895027 
12 1 13 4 0 1 0.22125972739674582 
4 4 8 8 1 1 0.13228922174527902 
1 1 7 0 1 0 0.4528889013674817 
7 7 12 8 1 1 0.2562849865800165 
---
3 8 24.609375 2.0 5
1 2 4 7 7 0 0.7302319687759471 
7 7 12 8 1 1 0.2562849865800165 
---
3 9 16.735197368421055 4.0 5
7 7 12 8 1 1 0.2562849865800165 
12 1 13 4 0 1 0.22125972739674582 
1 1 7 0 1 0 0.4528889013674817 
11 4 13 4 7 0 0.316500968066424 
---
3 10 15.995065789473683 6.0 5
11 4 13 4 7 0 0.316500968066424 
12 7 13 4 2 1 0.3882554579895027 
12 1 13 4 0 1 0.22125972739674582 
4 4 8 8 1 1 0.13228922174527902 
1 1 7 0 1 0 0.4528889013674817 
7 7 12 8 1 1 0.2562849865800165 
---
3 11 24.609375 2.0 5
1 2 4 7 7 0 0.7302319687759471 
7 7 12 8 1 1 0.2562849865800165 
---
3 12 16.735197368421055 4.0 5
1 1 7 0 1 0 0.4528889013674817 
12 1 13 4 0 1 0.22125972739674582 
11 4 13 4 7 0 0.316500968066424 
7 7 12 8 1 1 0.2562849865800165 
---
3 13 24.609375 2.0 5
1 2 4 7 7 0 0.7302319687759471 
7 7 12 8 1 1 0.2562849865800165 
---
3 14 16.735197368421055 4.0 5
7 7 12 8 1 1 0.2562849865800165 
12 1 13 4 0 1 0.22125972739674582 
1 1 7 0 1 0 0.4528889013674817 
11 4 13 4 7 0 0.316500968066424 
---
3 15 29.35855263157895 1.0 5
0 2 0 1 0 0 0.5738667773343102 
---
3 16 24.609375 2.0 5
1 2 4 7 7 0 0.7302319687759471 
7 7 12 8 1 1 0.2562849865800165 
---
3 17 16.735197368421055 4.0 5
1 1 7 0 1 0 0.4528889013674817 
12 1 13 4 0 1 0.22125972739674582 
11 4 13 4 7 0 0.316500968066424 
7 7 12 8 1 1 0.2562849865800165 
---
3 18 24.609375 2.0 5
1 2 4 7 7 0 0.7302319687759471 
7 7 12 8 1 1 0.2562849865800165 
---
3 19 16.735197368421055 4.0 5
1 1 7 0 1 0 0.4528889013674817 
12 1 13 4 0 1 0.22125972739674582 
11 4 13 4 7 0 0.316500968066424 
7 7 12 8 1 1 0.2562849865800165 
---
3 20 29.35855263157895 1.0 5
0 2 0 0 0 0 0.48153032755195446 
---
3 21 24.609375 2.0 5
1 2 4 7 7 0 0.7302319687759471 
7 7 12 8 1 1 0.2562849865800165 
---
3 22 16.735197368421055 4.0 5
7 7 12 8 1 1 0.2562849865800165 
12 1 13 4 0 1 0.22125972739674582 
1 1 7 0 1 0 0.4528889013674817 
11 4 13 4 7 0 0.316500968066424 
---
3 23 24.609375 2.0 5
7 7 12 8 1 1 0.2562849865800165 
1 2 4 7 7 0 0.7302319687759471 
---
3 24 16.735197368421055 4.0 5
7 7 12 8 1 1 0.2562849865800165 
12 1 13 4 0 1 0.22125972739674582 
1 1 7 0 1 0 0.4528889013674817 
11 4 13 4 7 0 0.316500968066424 
---
3 25 24.609375 2.0 5
1 2 4 7 7 0 0.7302319687759471 
7 7 12 8 1 1 0.2562849865800165 
---
3 26 16.735197368421055 4.0 5
1 1 7 0 1 0 0.4528889013674817 
12 1 13 4 0 1 0.22125972739674582 
11 4 13 4 7 0 0.316500968066424 
7 7 12 8 1 1 0.2562849865800165 
---
3 27 24.609375 2.0 5
7 7 12 8 1 1 0.2562849865800165 
1 2 4 7 7 0 0.7302319687759471 
---
3 28 16.735197368421055 4.0 5
7 7 12 8 1 1 0.2562849865800165 
12 1 13 4 0 1 0.22125972739674582 
1 1 7 0 1 0 0.4528889013674817 
11 4 13 4 7 0 0.316500968066424 
---
3 29 24.609375 2.0 5
7 7 12 8 1 1 0.2562849865800165 
1 2 4 7 7 0 0.7302319687759471 
---
3 30 16.735197368421055 4.0 5
7 7 12 8 1 1 0.2562849865800165 
12 1 13 4 0 1 0.22125972739674582 
1 1 7 0 1 0 0.4528889013674817 
11 4 13 4 7 0 0.316500968066424 
---
3 31 29.35855263157895 1.0 5
0 2 0 0 0 0 0.48153032755195446 
---
3 32 24.609375 2.0 5
1 2 4 7 7 0 0.7302319687759471 
7 7 12 8 1 1 0.2562849865800165 
---
3 33 16.735197368421055 4.0 5
1 1 7 0 1 0 0.4528889013674817 
12 1 13 4 0 1 0.22125972739674582 
11 4 13 4 7 0 0.316500968066424 
7 7 12 8 1 1 0.2562849865800165 
---
4 0 29.35855263157895 1.0 5
0 2 0 1 2 0 0.5144266114026244 
---
4 1 16.69407894736842 4.0 5
11 4 13 4 7 0 0.316500968066424 
7 7 12 8 1 1 0.26204610435224396 
1 1 7 0 1 0 0.4528889013674817 
12 1 13 4 0 1 0.22125972739674582 
---
4 2 21.628289473684212 2.0 5
0 7 8 8 0 1 0.24993271853545396 
0 1 0 1 1 0 0.4973603354841032 
---
4 3 21.58717105263158 3.0 5
0 2 0 1 2 0 0.5144266114026244 
0 7 8 8 0 1 0.24993271853545396 
0 1 0 1 1 0 0.4973603354841032 
---
4 4 21.628289473684212 2.0 5
0 1 0 1 1 0 0.4973603354841032 
0 7 8 8 0 1 0.24993271853545396 
---
4 5 21.58717105263158 3.0 5
0 1 0 1 1 0 0.4973603354841032 
0 7 8 8 0 1 0.24993271853545396 
0 2 0 1 2 0 0.5144266114026244 
---
4 6 29.35855263157895 1.0 5
0 2 0 1 2 0 0.5144266114026244 
---
4 7 16.69407894736842 4.0 5
11 4 13 4 7 0 0.316500968066424 
1 1 7 0 1 0 0.4528889013674817 
7 7 12 8 1 1 0.26204610435224396 
12 1 13 4 0 1 0.22125972739674582 
---
4 8 21.628289473684212 2.0 5
0 7 8 8 0 1 0.24993271853545396 
0 1 0 1 1 0 0.4973603354841032 
---
4 9 21.58717105263158 3.0 5
0 2 0 1 2 0 0.5144266114026244 
0 7 8 8 0 1 0.24993271853545396 
0 1 0 1 1 0 0.4973603354841032 
---
4 10 29.35855263157895 1.0 5
0 2 0 1 2 0 0.5144266114026244 
---
4 11 16.69407894736842 4.0 5
11 4 13 4 7 0 0.316500968066424 
1 1 7 0 1 0 0.4528889013674817 
7 7 12 8 1 1 0.26204610435224396 
12 1 13 4 0 1 0.22125972739674582 
---
4 12 21.628289473684212 2.0 5
0 7 8 8 0 1 0.24993271853545396 
0 1 0 1 1 0 0.4973603354841032 
---
4 13 21.58717105263158 3.0 5
0 2 0 1 2 0 0.5144266114026244 
0 7 8 8 0 1 0.24993271853545396 
0 1 0 1 1 0 0.4973603354841032 
---
4 14 16.69407894736842 4.0 5
7 7 12 8 1 1 0.26204610435224396 
11 4 13 4 7 0 0.316500968066424 
1 1 7 0 1 0 0.4528889013674817 
12 1 13 4 0 1 0.22125972739674582 
---
4 15 21.628289473684212 2.0 5
0 1 0 1 1 0 0.4973603354841032 
0 7 8 8 0 1 0.24993271853545396 
---
4 16 21.58717105263158 3.0 5
0 1 0 1 1 0 0.4973603354841032 
0 7 8 8 0 1 0.24993271853545396 
0 2 0 1 2 0 0.5144266114026244 
---
4 17 29.35855263157895 1.0 5
0 2 0 1 2 0 0.5144266114026244 
---
4 18 16.69407894736842 4.0 5
11 4 13 4 7 0 0.316500968066424 
7 7 12 8 1 1 0.26204610435224396 
1 1 7 0 1 0 0.4528889013674817 
12 1 13 4 0 1 0.22125972739674582 
---
4 19 21.628289473684212 2.0 5
0 1 0 1 1 0 0.4973603354841032 
0 7 8 8 0 1 0.24993271853545396 
---
4 20 21.58717105263158 3.0 5
0 1 0 1 1 0 0.4973603354841032 
0 7 8 8 0 1 0.24993271853545396 
0 2 0 1 2 0 0.5144266114026244 
---
4 21 16.69407894736842 4.0 5
11 4 13 4 7 0 0.316500968066424 
7 7 12 8 1 1 0.26204610435224396 
1 1 7 0 1 0 0.4528889013674817 
12 1 13 4 0 1 0.22125972739674582 
---
4 22 21.628289473684212 2.0 5
0 1 0 1 1 0 0.4973603354841032 
0 7 8 8 0 1 0.24993271853545396 
---
4 23 21.58717105263158 3.0 5
0 2 0 1 2 0 0.5144266114026244 
0 7 8 8 0 1 0.24993271853545396 
0 1 0 1 1 0 0.4973603354841032 
---
4 24 29.35855263157895 1.0 5
0 2 0 1 2 0 0.5144266114026244 
---
4 25 16.69407894736842 4.0 5
11 4 13 4 7 0 0.316500968066424 
1 1 7 0 1 0 0.4528889013674817 
7 7 12 8 1 1 0.26204610435224396 
12 1 13 4 0 1 0.22125972739674582 
---
4 26 21.628289473684212 2.0 5
0 1 0 1 1 0 0.4973603354841032 
0 7 8 8 0 1 0.24993271853545396 
---
4 27 16.69407894736842 4.0 5
7 7 12 8 1 1 0.26204610435224396 
1 1 7 0 1 0 0.4528889013674817 
12 1 13 4 0 1 0.22125972739674582 
11 4 13 4 7 0 0.316500968066424 
---
4 28 21.628289473684212 2.0 5
0 1 0 1 1 0 0.4973603354841032 
0 7 8 8 0 1 0.24993271853545396 
---
4 29 21.58717105263158 3.0 5
0 2 0 1 2 0 0.5144266114026244 
0 7 8 8 0 1 0.24993271853545396 
0 1 0 1 1 0 0.4973603354841032 
---
4 30 29.35855263157895 1.0 5
0 2 0 1 2 0 0.5144266114026244 
---
4 31 16.69407894736842 4.0 5
11 4 13 4 7 0 0.316500968066424 
1 1 7 0 1 0 0.4528889013674817 
7 7 12 8 1 1 0.26204610435224396 
12 1 13 4 0 1 0.22125972739674582 
---
4 32 21.628289473684212 2.0 5
0 1 0 1 1 0 0.4973603354841032 
0 7 8 8 0 1 0.24993271853545396 
---
4 33 21.58717105263158 3.0 5
0 2 0 1 2 0 0.5144266114026244 
0 7 8 8 0 1 0.24993271853545396 
0 1 0 1 1 0 0.4973603354841032 
---
4 34 29.35855263157895 1.0 5
0 2 0 1 0 0 0.565924539906439 
---
4 35 16.69407894736842 4.0 5
7 7 12 8 1 1 0.26204610435224396 
11 4 13 4 7 0 0.316500968066424 
1 1 7 0 1 0 0.4528889013674817 
12 1 13 4 0 1 0.22125972739674582 
---
4 36 21.628289473684212 2.0 5
0 1 0 1 1 0 0.4973603354841032 
0 7 8 8 0 1 0.24993271853545396 
---
4 37 21.58717105263158 3.0 5
0 2 0 1 2 0 0.5144266114026244 
0 7 8 8 0 1 0.24993271853545396 
0 1 0 1 1 0 0.4973603354841032 
---
5 0 29.35855263157895 1.0 5
0 0 0 1 0 0 0.5131924742642391 
---
5 1 21.566611842105264 2.0 5
4 2 1 1 4 0 0.7031673801941745 
12 7 8 8 4 1 0.3606341385119174 
---
5 2 16.69407894736842 4.0 5
7 7 12 8 1 1 0.26204610435224396 
12 1 13 4 0 1 0.22125972739674582 
1 1 7 0 1 0 0.4528889013674817 
11 4 13 4 7 0 0.316500968066424 
---
5 3 21.566611842105264 2.0 5
4 2 1 1 4 0 0.7031673801941745 
12 7 8 8 4 1 0.3606341385119174 
---
5 4 16.69407894736842 4.0 5
7 7 12 8 1 1 0.26204610435224396 
1 1 7 0 1 0 0.4528889013674817 
11 4 13 4 7 0 0.316500968066424 
12 1 13 4 0 1 0.22125972739674582 
---
5 5 16.221217105263158 5.0 5
4 4 8 8 1 1 0.13228922174527902 
1 1 7 0 1 0 0.4528889013674817 
11 4 13 4 7 0 0.316500968066424 
7 7 12 8 1 1 0.26204610435224396 
12 1 13 4 0 1 0.22125972739674582 
---
5 6 16.221217105263158 5.0 5
4 4 8 8 1 1 0.13228922174527902 
1 1 7 0 1 0 0.4528889013674817 
11 4 13 4 7 0 0.316500968066424 
7 7 12 8 1 1 0.26204610435224396 
12 1 13 4 0 1 0.22125972739674582 
---
5 7 16.180098684210524 6.0 5
7 7 12 8 1 1 0.26204610435224396 
1 1 7 0 1 0 0.4528889013674817 
11 4 13 4 7 0 0.316500968066424 
4 4 8 8 1 1 0.13228922174527902 
12 1 13 4 0 1 0.22125972739674582 
12 7 8 8 4 1 0.344523763020395 
---
5 8 15.460526315789474 7.0 5
12 7 13 4 2 1 0.3792750000922558 
13 1 4 0 1 0 0.9942196252475819 
4 4 8 8 1 1 0.13228922174527902 
7 7 12 8 1 1 0.26204610435224396 
1 1 7 0 1 0 0.4528889013674817 
11 4 13 4 7 0 0.316500968066424 
12 1 13 4 0 1 0.22125972739674582 
---
5 9 15.460526315789474 7.0 5
12 7 13 4 2 1 0.3792750000922558 
13 1 4 0 1 0 0.9942196252475819 
4 4 8 8 1 1 0.13228922174527902 
7 7 12 8 1 1 0.26204610435224396 
1 1 7 0 1 0 0.4528889013674817 
11 4 13 4 7 0 0.316500968066424 
12 1 13 4 0 1 0.22125972739674582 
---
5 10 29.35855263157895 1.0 5
0 0 0 1 2 0 0.4152415104653929 
---
5 11 21.566611842105264 2.0 5
4 2 1 1 4 0 0.7031673801941745 
12 7 8 8 4 1 0.3606341385119174 
---
5 12 16.69407894736842 4.0 5
12 1 13 4 0 1 0.22125972739674582 
7 7 12 8 1 1 0.26204610435224396 
11 4 13 4 7 0 0.316500968066424 
1 1 7 0 1 0 0.4528889013674817 
---
5 13 16.221217105263158 5.0 5
4 4 8 8 1 1 0.13228922174527902 
1 1 7 0 1 0 0.4528889013674817 
11 4 13 4 7 0 0.316500968066424 
7 7 12 8 1 1 0.26204610435224396 
12 1 13 4 0 1 0.22125972739674582 
---
5 14 16.180098684210524 6.0 5
7 7 12 8 1 1 0.26204610435224396 
1 1 7 0 1 0 0.4528889013674817 
11 4 13 4 7 0 0.316500968066424 
4 4 8 8 1 1 0.13228922174527902 
12 1 13 4 0 1 0.22125972739674582 
12 7 8 8 4 1 0.344523763020395 
---
5 15 15.460526315789474 7.0 5
4 4 8 8 1 1 0.13228922174527902 
7 7 12 8 1 1 0.26204610435224396 
1 1 7 0 1 0 0.4528889013674817 
12 1 13 4 0 1 0.22125972739674582 
12 7 13 4 2 1 0.3792750000922558 
13 1 4 0 1 0 0.9942196252475819 
11 4 13 4 7 0 0.316500968066424 
---
5 16 29.35855263157895 1.0 5
0 0 0 1 0 0 0.5131924742642391 
---
5 17 21.566611842105264 2.0 5
4 2 1 1 4 0 0.7031673801941745 
12 7 8 8 4 1 0.3606341385119174 
---
5 18 16.69407894736842 4.0 5
12 1 13 4 0 1 0.22125972739674582 
1 1 7 0 1 0 0.4528889013674817 
7 7 12 8 1 1 0.26204610435224396 
11 4 13 4 7 0 0.316500968066424 
---
5 19 16.221217105263158 5.0 5
4 4 8 8 1 1 0.13228922174527902 
1 1 7 0 1 0 0.4528889013674817 
11 4 13 4 7 0 0.316500968066424 
7 7 12 8 1 1 0.26204610435224396 
12 1 13 4 0 1 0.22125972739674582 
---
5 20 29.35855263157895 1.0 5
0 0 0 1 0 0 0.5131924742642391 
---
5 21 21.566611842105264 2.0 5
4 2 1 1 4 0 0.7031673801941745 
12 7 8 8 4 1 0.3606341385119174 
---
5 22 16.69407894736842 4.0 5
7 7 12 8 1 1 0.26204610435224396 
1 1 7 0 1 0 0.4528889013674817 
11 4 13 4 7 0 0.316500968066424 
12 1 13 4 0 1 0.22125972739674582 
---
5 23 16.180098684210524 6.0 5
7 7 12 8 1 1 0.26204610435224396 
1 1 7 0 1 0 0.4528889013674817 
11 4 13 4 7 0 0.316500968066424 
4 4 8 8 1 1 0.13228922174527902 
12 1 13 4 0 1 0.22125972739674582 
12 7 8 8 4 1 0.344523763020395 
---
5 24 15.460526315789474 7.0 5
12 7 13 4 2 1 0.3792750000922558 
13 1 4 0 1 0 0.9942196252475819 
4 4 8 8 1 1 0.13228922174527902 
7 7 12 8 1 1 0.26204610435224396 
1 1 7 0 1 0 0.4528889013674817 
11 4 13 4 7 0 0.316500968066424 
12 1 13 4 0 1 0.22125972739674582 
---
5 25 29.35855263157895 1.0 5
0 0 0 1 0 0 0.5131924742642391 
---
5 26 21.566611842105264 2.0 5
4 2 1 1 4 0 0.7031673801941745 
12 7 8 8 4 1 0.3606341385119174 
---
5 27 16.69407894736842 4.0 5
7 7 12 8 1 1 0.26204610435224396 
1 1 7 0 1 0 0.4528889013674817 
11 4 13 4 7 0 0.316500968066424 
12 1 13 4 0 1 0.22125972739674582 
---
6 0 29.35855263157895 1.0 5
0 0 0 1 0 0 0.5349021476941986 
---
6 1 15.460526315789474 7.0 5
12 7 13 4 2 1 0.3792750000922558 
13 1 4 0 1 0 0.9942196252475819 
4 4 8 8 1 1 0.13228922174527902 
7 7 12 8 1 1 0.26204610435224396 
1 1 7 0 1 0 0.4528889013674817 
11 4 13 4 7 0 0.316500968066424 
12 1 13 4 0 1 0.22125972739674582 
---
6 2 24.136513157894736 2.0 5
12 1 13 4 0 1 0.22125972739674582 
1 2 1 1 0 0 0.6533954110049895 
---
6 3 19.777960526315788 3.0 5
7 7 12 8 1 1 0.26204610435224396 
12 1 13 4 0 1 0.22125972739674582 
1 1 1 0 1 0 0.36975778079842025 
---
6 4 16.69407894736842 4.0 5
7 7 12 8 1 1 0.26204610435224396 
1 1 7 0 1 0 0.4528889013674817 
12 1 13 4 0 1 0.22125972739674582 
11 4 13 4 7 0 0.316500968066424 
---
6 5 19.777960526315788 3.0 5
7 7 12 8 1 1 0.26204610435224396 
12 1 13 4 0 1 0.22125972739674582 
1 1 1 0 1 0 0.36975778079842025 
---
6 6 16.447368421052634 5.0 5
1 1 7 0 1 0 0.4528889013674817 
12 1 13 4 0 1 0.22125972739674582 
11 4 13 4 7 0 0.316500968066424 
7 7 12 8 1 1 0.26204610435224396 
12 7 13 4 2 1 0.3792750000922558 
---
6 7 15.974506578947366 6.0 5
12 1 13 4 0 1 0.22125972739674582 
11 4 13 4 7 0 0.316500968066424 
4 4 8 8 1 1 0.13228922174527902 
1 1 7 0 1 0 0.4528889013674817 
7 7 12 8 1 1 0.26204610435224396 
12 7 13 4 2 1 0.3792750000922558 
---
6 8 16.69407894736842 4.0 5
11 4 13 4 7 0 0.316500968066424 
1 1 7 0 1 0 0.4528889013674817 
7 7 12 8 1 1 0.26204610435224396 
12 1 13 4 0 1 0.22125972739674582 
---
6 9 16.447368421052634 5.0 5
12 7 13 4 2 1 0.3792750000922558 
1 1 7 0 1 0 0.4528889013674817 
7 7 12 8 1 1 0.26204610435224396 
11 4 13 4 7 0 0.316500968066424 
12 1 13 4 0 1 0.22125972739674582 
---
6 10 15.974506578947366 6.0 5
12 1 13 4 0 1 0.22125972739674582 
11 4 13 4 7 0 0.316500968066424 
4 4 8 8 1 1 0.13228922174527902 
1 1 7 0 1 0 0.4528889013674817 
7 7 12 8 1 1 0.26204610435224396 
12 7 13 4 2 1 0.3792750000922558 
---
6 11 29.35855263157895 1.0 5
0 0 0 1 0 0 0.5349021476941986 
---
6 12 15.460526315789474 7.0 5
12 7 13 4 2 1 0.3792750000922558 
13 1 4 0 1 0 0.9942196252475819 
4 4 8 8 1 1 0.13228922174527902 
7 7 12 8 1 1 0.26204610435224396 
1 1 7 0 1 0 0.4528889013674817 
11 4 13 4 7 0 0.316500968066424 
12 1 13 4 0 1 0.22125972739674582 
---
6 13 19.777960526315788 3.0 5
7 7 12 8 1 1 0.26204610435224396 
12 1 13 4 0 1 0.22125972739674582 
1 1 1 0 1 0 0.36975778079842025 
---
6 14 16.69407894736842 4.0 5
1 1 7 0 1 0 0.4528889013674817 
12 1 13 4 0 1 0.22125972739674582 
7 7 12 8 1 1 0.26204610435224396 
11 4 13 4 7 0 0.316500968066424 
---
6 15 16.447368421052634 5.0 5
12 7 13 4 2 1 0.3792750000922558 
1 1 7 0 1 0 0.4528889013674817 
7 7 12 8 1 1 0.26204610435224396 
11 4 13 4 7 0 0.316500968066424 
12 1 13 4 0 1 0.22125972739674582 
---
6 16 15.974506578947366 6.0 5
4 4 8 8 1 1 0.13228922174527902 
7 7 12 8 1 1 0.26204610435224396 
1 1 7 0 1 0 0.4528889013674817 
11 4 13 4 7 0 0.316500968066424 
12 7 13 4 2 1 0.3792750000922558 
12 1 13 4 0 1 0.22125972739674582 
---
6 17 15.460526315789474 7.0 5
12 7 13 4 2 1 0.3792750000922558 
13 1 4 0 1 0 0.9942196252475819 
4 4 8 8 1 1 0.13228922174527902 
7 7 12 8 1 1 0.26204610435224396 
1 1 7 0 1 0 0.4528889013674817 
11 4 13 4 7 0 0.316500968066424 
12 1 13 4 0 1 0.22125972739674582 
---
6 18 19.777960526315788 3.0 5
7 7 12 8 1 1 0.26204610435224396 
12 1 13 4 0 1 0.22125972739674582 
1 1 1 0 1 0 0.36975778079842025 
---
6 19 16.69407894736842 4.0 5
11 4 13 4 7 0 0.316500968066424 
1 1 7 0 1 0 0.4528889013674817 
7 7 12 8 1 1 0.26204610435224396 
12 1 13 4 0 1 0.22125972739674582 
---
6 20 16.447368421052634 5.0 5
11 4 13 4 7 0 0.316500968066424 
1 1 7 0 1 0 0.4528889013674817 
7 7 12 8 1 1 0.26204610435224396 
12 7 13 4 2 1 0.3792750000922558 
12 1 13 4 0 1 0.22125972739674582 
---
6 21 15.974506578947366 6.0 5
12 7 13 4 2 1 0.3792750000922558 
7 7 12 8 1 1 0.26204610435224396 
4 4 8 8 1 1 0.13228922174527902 
1 1 7 0 1 0 0.4528889013674817 
11 4 13 4 7 0 0.316500968066424 
12 1 13 4 0 1 0.22125972739674582 
---
6 22 15.460526315789474 7.0 5
12 7 13 4 2 1 0.3792750000922558 
13 1 4 0 1 0 0.9942196252475819 
4 4 8 8 1 1 0.13228922174527902 
7 7 12 8 1 1 0.26204610435224396 
1 1 7 0 1 0 0.4528889013674817 
11 4 13 4 7 0 0.316500968066424 
12 1 13 4 0 1 0.22125972739674582 
---
6 23 19.777960526315788 3.0 5
7 7 12 8 1 1 0.26204610435224396 
12 1 13 4 0 1 0.22125972739674582 
1 1 1 0 1 0 0.36975778079842025 
---
6 24 16.69407894736842 4.0 5
12 1 13 4 0 1 0.22125972739674582 
11 4 13 4 7 0 0.316500968066424 
7 7 12 8 1 1 0.26204610435224396 
1 1 7 0 1 0 0.4528889013674817 
---
6 25 16.447368421052634 5.0 5
11 4 13 4 7 0 0.316500968066424 
1 1 7 0 1 0 0.4528889013674817 
7 7 12 8 1 1 0.26204610435224396 
12 7 13 4 2 1 0.3792750000922558 
12 1 13 4 0 1 0.22125972739674582 
---
6 26 15.974506578947366 6.0 5
4 4 8 8 1 1 0.13228922174527902 
7 7 12 8 1 1 0.26204610435224396 
1 1 7 0 1 0 0.4528889013674817 
11 4 13 4 7 0 0.316500968066424 
12 7 13 4 2 1 0.3792750000922558 
12 1 13 4 0 1 0.22125972739674582 
---
6 27 15.460526315789474 7.0 5
12 7 13 4 2 1 0.3792750000922558 
13 1 4 0 1 0 0.9942196252475819 
4 4 8 8 1 1 0.13228922174527902 
7 7 12 8 1 1 0.26204610435224396 
1 1 7 0 1 0 0.4528889013674817 
11 4 13 4 7 0 0.316500968066424 
12 1 13 4 0 1 0.22125972739674582 
---
6 28 19.777960526315788 3.0 5
7 7 12 8 1 1 0.26204610435224396 
12 1 13 4 0 1 0.22125972739674582 
1 1 1 0 1 0 0.36975778079842025 
---
6 29 16.69407894736842 4.0 5
7 7 12 8 1 1 0.26204610435224396 
11 4 13 4 7 0 0.316500968066424 
1 1 7 0 1 0 0.4528889013674817 
12 1 13 4 0 1 0.22125972739674582 
---
6 30 16.447368421052634 5.0 5
1 1 7 0 1 0 0.4528889013674817 
12 1 13 4 0 1 0.22125972739674582 
11 4 13 4 7 0 0.316500968066424 
7 7 12 8 1 1 0.26204610435224396 
12 7 13 4 2 1 0.3792750000922558 
---
6 31 15.974506578947366 6.0 5
12 7 13 4 2 1 0.3792750000922558 
7 7 12 8 1 1 0.26204610435224396 
4 4 8 8 1 1 0.13228922174527902 
1 1 7 0 1 0 0.4528889013674817 
11 4 13 4 7 0 0.316500968066424 
12 1 13 4 0 1 0.22125972739674582 
---
6 32 15.460526315789474 7.0 5
4 4 8 8 1 1 0.13228922174527902 
7 7 12 8 1 1 0.26204610435224396 
1 1 7 0 1 0 0.4528889013674817 
12 1 13 4 0 1 0.22125972739674582 
11 4 13 4 7 0 0.316500968066424 
13 1 4 0 1 0 0.9942196252475819 
12 7 13 4 2 1 0.3792750000922558 
---
6 33 19.777960526315788 3.0 5
7 7 12 8 1 1 0.26204610435224396 
1 1 1 0 1 0 0.36975778079842025 
12 1 13 4 0 1 0.22125972739674582 
---
6 34 16.69407894736842 4.0 5
1 1 7 0 1 0 0.4528889013674817 
12 1 13 4 0 1 0.22125972739674582 
7 7 12 8 1 1 0.26204610435224396 
11 4 13 4 7 0 0.316500968066424 
---
6 35 16.447368421052634 5.0 5
1 1 7 0 1 0 0.4528889013674817 
12 1 13 4 0 1 0.22125972739674582 
11 4 13 4 7 0 0.316500968066424 
7 7 12 8 1 1 0.26204610435224396 
12 7 13 4 2 1 0.3792750000922558 
---
6 36 15.974506578947366 6.0 5
12 1 13 4 0 1 0.22125972739674582 
1 1 7 0 1 0 0.4528889013674817 
11 4 13 4 7 0 0.316500968066424 
7 7 12 8 1 1 0.26204610435224396 
4 4 8 8 1 1 0.13228922174527902 
12 7 13 4 2 1 0.3792750000922558 
---
6 37 29.35855263157895 1.0 5
0 0 0 1 0 0 0.5349021476941986 
