---
0 11.912983425414364 25.0 36 
0 0 0 0 0 12 2 0 7 0 0 0 0 0 0 0 0 0 0 13 0 0 0 0 0 0 0 0 8 0 0 0 0 0 0 0 0 0.4527570873710536
0 0 0 2 0 0 0 0 0 0 0 0 0 8 0 0 0 0 0 0 2 0 0 10 0 13 0 0 0 0 0 0 0 0 0 0 2 0.8817283776890518
0 0 0 7 0 0 0 0 0 0 0 0 0 0 0 0 6 0 7 0 0 8 0 4 0 0 4 0 0 0 0 0 1 0 0 0 0 0.9088536777966274
0 0 0 0 0 12 0 0 0 0 0 0 0 12 0 0 0 0 0 13 0 0 0 0 0 0 0 0 8 0 0 0 0 0 0 0 4 0.267039397306559
0 0 0 0 0 0 0 0 0 0 0 0 8 0 0 0 7 0 0 0 0 12 0 0 0 0 0 0 0 0 0 11 0 11 11 0 5 0.586427840980323
0 0 1 0 0 0 0 0 0 0 0 0 0 11 0 12 0 0 0 0 0 7 0 0 0 7 0 12 0 11 0 0 0 0 0 0 4 0.71799420965134
0 0 0 0 0 10 0 0 0 0 0 0 0 0 0 0 0 0 2 0 4 0 0 0 0 0 0 0 0 0 0 0 0 4 1 0 1 0.7419276566182107
0 0 0 0 0 7 0 0 0 0 0 0 0 12 0 0 6 0 0 0 0 11 0 0 0 0 0 0 0 0 0 0 0 12 0 0 0 0.7795605978489143
0 0 13 1 0 0 5 0 0 0 0 2 12 8 0 0 0 0 0 0 0 0 0 0 1 13 0 8 0 0 0 0 0 0 0 0 0 0.8567659526602905
0 7 0 0 0 11 0 0 0 0 0 7 0 0 0 0 7 3 0 0 0 0 0 0 0 0 0 4 0 0 0 0 0 0 0 7 4 0.4447258425501013
0 0 0 0 0 0 0 0 0 0 0 0 0 0 0 0 0 0 0 0 0 0 0 1 0 0 2 0 0 0 5 0 0 3 0 0 1 0.903235075821626
0 0 0 0 5 0 8 0 0 0 0 0 0 0 2 0 0 0 0 0 0 8 0 0 1 0 13 0 0 0 0 0 0 0 0 11 2 0.4366658129451294
0 12 0 0 0 0 0 0 8 0 0 0 8 12 11 0 0 0 0 0 0 2 0 0 0 0 0 0 0 0 0 4 0 0 0 0 5 0.4131084113182595
0 0 0 7 0 0 0 0 0 0 0 0 2 0 4 0 2 13 0 7 0 0 8 12 2 0 2 4 0 0 0 4 0 5 8 4 2 0.705915890074174
0 0 0 0 8 1 0 0 0 0 0 0 0 0 0 0 8 0 0 0 0 0 0 0 0 4 0 4 0 7 0 11 0 0 0 11 5 0.4127050177510323
7 7 0 0 4 0 0 0 0 0 0 0 0 0 0 0 7 0 0 0 0 11 0 0 0 0 0 4 0 0 0 0 0 0 0 0 4 0.1374759513927437
0 0 0 0 0 0 4 7 12 0 12 0 0 0 0 0 0 0 0 0 8 0 0 0 0 0 12 0 0 0 0 0 0 12 12 0 3 0.10857761645574704
0 0 0 0 0 0 0 0 0 0 0 0 0 10 0 0 0 0 0 2 0 0 0 0 0 0 0 0 7 0 0 12 0 0 0 0 1 0.904746764605352
13 0 4 1 0 0 0 0 0 0 0 0 0 4 0 0 0 0 0 0 0 0 0 0 2 0 0 0 0 0 0 0 7 0 11 0 5 0.2543328342502871
0 7 0 0 0 11 0 0 0 0 0 4 0 3 0 0 7 0 0 0 0 0 0 0 0 0 0 4 0 0 0 0 0 0 0 7 4 0.3570641076982619
4 0 4 0 0 0 0 0 1 0 0 12 0 0 2 0 7 0 0 2 0 0 0 0 1 0 0 0 0 0 0 0 0 2 2 0 0 0.6173897399698326
0 8 0 0 7 0 0 0 0 4 0 0 1 0 0 0 0 0 4 0 0 8 0 4 0 2 4 0 0 0 0 0 11 0 0 0 0 0.8326469354115256
0 8 0 7 0 0 0 0 8 0 0 0 0 8 4 4 2 0 0 7 8 0 0 0 4 0 8 0 0 8 0 0 0 5 8 0 2 0.5371692406959054
0 0 0 6 12 7 0 0 7 0 0 0 7 0 0 0 0 0 0 0 7 12 0 0 0 0 0 0 0 0 0 11 0 0 0 0 5 0.9128343061017018
0 12 0 6 0 7 0 0 8 0 0 0 0 12 0 0 0 0 0 0 0 12 0 0 0 0 0 0 0 0 0 4 0 0 0 0 5 0.7545117707727436
---
1 12.396408839779005 31.0 36 
0 4 0 12 0 0 0 4 0 0 8 12 0 8 8 0 5 0 0 0 0 0 0 0 8 0 4 0 0 0 0 0 0 0 0 0 2 0.7603996082512261
7 0 0 0 0 0 0 0 0 0 0 0 7 0 0 3 0 0 0 0 0 0 0 11 0 0 0 0 0 4 11 11 0 4 0 0 5 0.6064940629096893
4 13 0 0 0 0 5 4 0 0 0 4 0 13 0 0 1 0 0 0 0 0 0 0 0 0 0 0 0 0 2 0 7 0 0 0 0 0.9777753913214058
11 8 0 0 0 0 0 0 0 0 4 0 0 0 0 0 0 0 0 7 0 0 0 0 11 0 0 0 0 0 2 0 7 0 0 0 0 0.8961910870443269
1 0 0 0 0 0 0 0 7 7 0 0 0 11 0 0 0 11 0 0 0 0 0 0 0 0 0 0 0 0 0 0 0 0 0 0 4 0.5890680405271288
0 0 4 0 0 0 0 5 11 0 0 0 0 0 0 0 0 0 0 0 0 0 0 0 0 0 0 0 0 0 0 0 0 0 0 0 1 0.7818785743870503
0 0 0 0 0 0 7 0 0 0 12 0 0 0 12 0 0 8 0 0 0 0 0 0 8 0 12 0 8 0 0 0 12 0 0 0 3 0.1633005318516143
7 0 0 0 0 0 0 0 0 0 0 0 7 0 0 3 0 0 0 0 0 0 0 11 0 0 0 11 0 4 11 0 0 0 0 0 5 0.49802038682132954
0 0 0 0 0 0 0 7 11 0 0 4 0 0 0 0 0 0 7 0 0 0 0 0 6 12 0 0 0 0 0 0 0 4 0 0 0 0.9225761303402027
0 0 3 0 0 0 0 0 0 0 0 0 0 0 0 0 0 0 0 0 4 0 0 1 0 0 0 0 0 0 0 1 0 0 2 0 5 0.2532132201555619
0 0 4 0 0 0 2 0 0 0 0 0 0 0 0 4 0 3 8 0 0 0 0 0 0 0 0 0 0 6 0 0 0 0 0 0 1 0.9961309145733861
0 2 0 7 0 0 0 0 0 0 0 0 0 0 0 4 0 13 13 0 0 0 0 4 0 0 0 4 2 0 0 0 8 0 1 7 2 0.635983265000724
0 0 0 0 0 0 7 0 0 0 12 0 0 0 12 0 0 8 0 0 0 0 0 0 8 0 12 0 8 0 0 0 0 0 0 0 3 0.0795012365811919
11 8 0 0 0 0 0 0 0 0 0 0 0 0 0 0 1 0 0 0 0 0 0 0 4 0 0 0 4 2 2 0 0 0 0 8 0 0.9585859570787217
0 0 8 0 0 0 2 1 0 0 0 0 0 0 0 0 0 3 8 0 0 0 0 0 0 0 0 0 0 0 0 0 0 0 0 0 1 0.9251711451608842
0 8 0 2 0 0 4 0 0 0 8 12 2 8 8 0 5 0 0 7 0 0 0 0 0 0 0 0 0 0 8 0 0 0 4 0 2 0.7896949031563751
0 0 13 0 0 8 0 2 5 0 0 0 0 0 0 7 5 0 13 0 0 0 0 0 0 0 0 0 0 0 5 0 0 0 0 0 2 0.9431192802996409
0 0 0 0 0 0 0 0 13 13 0 0 0 0 0 0 0 1 0 0 0 0 0 0 0 0 11 0 0 0 0 0 0 0 0 0 5 0.42518293072978697
0 0 8 0 0 2 0 0 0 0 0 0 0 0 0 0 0 0 0 0 4 0 0 11 0 0 0 0 0 4 11 0 0 0 0 0 5 0.1621298010477623
0 2 0 0 0 0 0 0 0 0 0 0 0 0 12 4 0 13 13 0 0 0 0 0 0 0 0 4 2 0 0 0 8 0 1 7 2 0.6041335147170235
0 11 0 0 0 3 0 0 0 0 0 0 0 0 0 3 0 0 0 0 0 0 0 0 0 0 0 0 0 0 0 0 0 11 0 0 4 0.7387644759936107
0 0 11 0 0 0 0 0 11 0 0 0 0 0 0 0 0 0 0 0 0 0 0 0 0 0 0 0 0 0 0 0 0 6 0 7 4 0.9575468165166987
0 0 0 0 0 0 7 0 0 0 0 0 0 0 0 0 0 0 0 0 4 0 0 0 0 0 0 0 0 0 0 0 0 0 0 0 5 0.010687987253172437
0 8 0 0 0 0 0 0 0 0 0 4 1 0 0 0 1 0 0 12 0 0 0 0 4 0 0 0 4 0 2 2 0 0 0 8 0 0.8072637207990083
0 5 0 0 0 0 0 0 0 8 0 0 0 0 0 0 0 0 0 0 0 0 0 0 0 0 0 0 0 0 0 10 0 0 0 0 4 0.8636754256120605
0 0 0 4 0 0 0 0 11 11 0 0 0 0 0 0 0 1 0 0 0 0 0 0 0 0 0 0 0 0 4 0 0 0 0 0 4 0.06591633501819016
0 0 0 0 0 12 7 0 0 0 12 0 0 0 12 0 2 8 0 7 0 0 0 0 0 0 12 0 8 0 0 0 12 0 12 0 3 0.2533975218316413
1 0 0 0 0 11 0 0 7 7 0 0 0 0 0 0 0 1 1 7 0 0 0 0 0 0 0 0 0 0 0 0 0 0 0 12 4 0.4212370325135597
0 0 0 0 0 0 0 0 0 0 0 0 8 0 0 0 0 0 0 0 0 0 0 0 0 12 0 0 0 0 0 0 0 0 0 0 5 0.01120423387051006
0 0 0 0 0 12 0 0 0 0 0 13 0 0 4 0 2 0 0 7 0 0 0 0 0 0 0 0 0 0 0 0 12 0 12 0 3 0.19350108649288267
0 0 0 1 0 0 0 0 0 8 0 0 0 0 12 0 12 0 0 0 12 0 0 0 0 0 0 0 0 0 0 0 0 6 0 13 3 0.9870571887064639
---
2 13.449585635359115 19.0 36 
0 0 0 0 0 0 2 0 0 0 0 4 0 0 0 0 0 11 0 7 7 0 0 12 0 0 0 0 0 0 2 0 0 2 8 0 4 0.5415600128554384
0 2 0 0 4 0 0 12 0 0 0 4 0 5 0 8 0 0 0 1 0 0 8 0 9 0 0 0 9 0 0 0 0 0 0 0 2 0.9554912701901364
0 0 11 0 0 0 0 0 12 0 2 0 0 0 0 0 0 0 8 0 0 0 0 0 0 0 11 0 0 0 0 0 0 0 0 7 5 0.19542756933999716
0 0 0 0 1 11 3 0 2 0 0 7 0 0 0 0 11 0 0 0 0 0 0 0 0 0 0 0 0 0 0 0 0 0 0 0 4 0.2361484692418796
0 0 0 4 0 0 2 0 0 0 8 4 0 0 0 0 0 0 0 12 12 0 0 12 0 11 0 0 4 0 2 0 7 2 8 12 4 0.6964780753527395
1 0 0 0 0 0 0 0 0 0 0 0 0 10 8 0 0 0 0 0 0 0 0 0 0 0 0 0 0 0 0 0 0 0 0 0 1 0.9948559733291369
2 2 2 0 0 0 0 12 0 8 0 0 0 2 0 2 0 2 1 0 13 13 8 4 0 0 0 0 0 0 0 0 0 0 1 1 2 0.7497565950131766
0 0 0 0 0 0 0 1 0 11 0 0 0 0 0 0 0 1 0 0 0 0 0 0 0 0 0 0 0 3 0 6 0 0 0 0 4 0.6489114085727423
0 10 8 0 0 0 12 0 0 0 0 0 0 12 7 0 0 4 0 0 0 4 0 0 0 0 0 0 12 0 0 0 0 0 8 4 3 0.874533973197794
1 0 0 0 0 0 0 0 0 0 0 0 0 0 8 0 0 0 0 0 0 10 0 0 0 0 0 0 0 0 0 0 0 0 0 0 1 0.9967990061369626
0 0 0 0 0 12 0 0 3 3 0 0 0 0 1 3 0 0 0 0 0 0 0 0 0 0 0 0 0 0 0 0 0 4 0 0 5 0.33190992092745875
0 0 0 0 0 0 0 1 4 0 1 0 0 4 0 11 4 4 3 0 7 0 1 0 0 0 0 3 0 0 0 0 0 0 1 0 5 0.8155795637383365
0 0 0 0 1 0 0 0 0 0 0 7 0 0 0 0 0 11 0 7 11 0 0 0 0 0 0 0 0 0 0 2 0 0 0 0 4 0.5041842342112595
0 0 0 0 0 0 0 0 0 0 0 1 0 0 0 0 0 12 0 0 0 0 0 0 7 0 6 0 0 0 0 0 11 0 0 0 5 0.8310256020755384
0 0 0 0 0 0 0 7 0 12 0 0 0 0 0 0 6 0 0 0 3 0 0 0 0 0 0 0 0 12 0 0 0 0 0 0 0 0.912262294656003
0 0 0 0 0 0 2 0 0 0 8 4 0 0 0 4 0 0 0 12 7 0 0 12 0 8 0 0 1 0 2 4 7 2 8 12 0 0.9712952590894519
0 0 0 0 0 0 0 1 0 0 1 11 0 0 0 11 12 4 3 0 7 0 1 0 0 0 0 3 0 0 0 0 0 0 1 0 5 0.8687863705980252
0 0 8 0 0 8 0 0 0 0 7 0 12 12 7 4 0 4 0 0 0 4 0 0 0 0 12 0 12 0 0 0 0 0 8 0 3 0.23585904206522113
0 1 0 0 0 0 0 0 0 0 0 0 0 0 0 0 0 0 0 0 0 0 8 0 0 0 0 0 0 10 0 0 0 0 0 0 1 0.9919601657931343
