---
0 21.42610497237569 12.0 36 
0 0 0 0 0 0 0 0 0 0 0 0 2 0 0 0 0 0 0 11 0 0 0 7 0 0 4 0 0 7 0 0 0 0 8 0 3 0.29686472262755625
0 0 0 0 0 6 0 0 0 0 0 0 0 0 0 0 0 0 0 0 0 0 0 0 0 0 0 0 0 0 0 0 0 0 5 0 1 1.0
0 0 0 0 4 4 0 0 0 0 0 11 0 0 0 0 7 0 3 11 4 0 0 0 0 4 7 0 0 0 0 11 0 0 7 7 5 0.7557702943372724
0 0 0 0 0 0 0 0 0 0 0 0 0 8 2 0 7 0 0 0 4 0 0 0 0 0 0 8 0 0 0 0 1 0 8 0 0 0.9125552674003663
0 0 0 3 0 0 0 0 0 4 0 0 0 7 0 0 0 0 0 0 0 0 7 0 0 0 0 12 0 0 7 0 0 4 0 0 5 0.48973866559829293
0 0 0 0 0 0 0 0 0 4 0 0 0 0 0 0 8 0 0 12 0 7 7 0 0 0 0 0 0 0 0 0 0 4 0 0 5 0.3552398403782162
0 0 0 0 0 0 0 0 0 0 0 0 0 0 0 0 0 0 2 0 0 0 0 0 0 0 0 0 0 6 0 0 0 0 8 0 1 0.9143483190597455
0 0 0 0 0 0 0 0 0 0 0 0 0 0 0 0 0 0 0 0 0 0 0 7 0 0 12 0 13 12 12 0 0 0 4 0 3 0.20003925231216613
0 0 0 0 4 4 0 0 0 0 0 11 0 0 0 0 7 0 3 11 7 0 0 0 0 4 7 0 0 0 0 11 0 0 0 7 5 0.6349635042175195
0 0 0 0 0 0 0 0 0 0 0 0 0 2 0 0 11 0 0 7 0 11 0 0 0 0 0 0 0 0 0 0 0 0 0 0 4 0.39105783544862627
0 0 0 7 13 0 0 0 0 9 0 0 2 0 0 12 0 0 8 0 0 0 0 0 0 0 0 0 0 0 0 0 13 0 4 0 2 0.9441089767447717
0 0 0 0 0 0 1 0 0 0 2 0 13 0 0 0 0 0 8 0 0 0 4 0 0 0 2 0 0 0 0 0 13 13 0 0 2 0.8740640868355419
---
1 23.066298342541437 10.0 36 
0 13 0 1 0 0 0 0 8 0 13 7 0 8 0 0 0 0 0 0 2 0 2 0 1 0 0 4 2 0 0 0 0 0 0 0 2 0.5178507136244395
0 0 13 12 11 0 0 0 0 0 0 0 0 0 0 0 0 0 0 0 0 0 0 8 0 0 0 0 0 0 0 0 0 0 0 0 0 0.9269690527188186
0 11 0 0 0 0 0 7 0 0 0 0 0 0 0 11 0 0 0 0 0 0 0 0 0 0 0 0 0 0 0 0 0 11 0 0 4 0.6425175057318109
0 1 0 2 0 0 0 0 0 0 0 0 0 6 0 0 0 0 0 0 0 0 0 0 0 0 2 0 3 0 0 0 0 0 0 0 1 0.9625936744050321
0 0 7 0 0 0 0 0 0 0 0 0 8 0 0 0 0 0 0 0 0 0 0 0 0 0 0 0 0 0 12 4 0 0 8 0 3 0.013234737753053283
0 0 0 1 0 0 0 0 0 0 13 12 4 0 0 0 0 0 0 0 7 0 2 0 1 0 0 0 0 0 0 4 0 0 0 4 0 0.9861048795344909
0 0 0 0 0 0 4 0 7 0 0 0 0 12 0 11 0 1 7 11 0 0 0 0 0 0 0 11 2 0 0 1 0 12 2 0 5 0.6763730367348748
0 0 0 0 0 1 0 13 0 6 0 13 0 0 0 0 0 0 4 0 0 0 0 0 0 0 0 0 0 0 2 0 1 0 8 0 1 0.9953869763228602
0 0 0 0 4 5 1 12 0 8 0 7 0 0 8 8 4 2 4 0 4 1 1 2 1 2 0 0 4 2 1 8 1 4 8 12 0 0.9178871343563975
0 0 0 0 0 0 0 0 0 0 0 11 0 7 0 11 0 0 0 11 0 0 0 0 0 0 11 11 0 0 0 0 0 12 0 0 5 0.8187385979559212
---
2 20.5628453038674 8.0 36 
0 0 0 0 0 0 0 0 0 0 0 5 0 0 7 0 0 0 0 0 0 1 0 0 0 0 0 0 0 0 0 0 0 0 0 0 1 0.9054855496963772
0 4 0 0 11 2 0 0 1 0 0 0 0 0 0 12 0 0 0 0 0 0 0 0 0 0 0 0 0 0 0 0 0 0 0 0 0 0.6924877182959724
0 0 0 0 0 0 0 0 0 0 0 4 0 0 0 0 0 3 4 0 0 0 0 0 0 0 8 0 0 0 0 0 0 0 0 0 1 0.523666687478594
0 0 4 4 0 0 4 8 0 0 0 0 0 0 0 0 13 0 0 12 0 0 0 0 2 0 0 0 0 8 0 0 0 0 0 0 2 0.6594685783494038
0 0 0 1 2 0 0 0 0 0 0 0 0 4 0 0 0 0 7 3 0 0 0 0 0 0 0 0 0 4 0 0 0 0 1 11 5 0.6787169721789483
0 0 0 0 0 0 0 0 0 0 0 4 0 0 0 0 0 0 0 0 0 11 0 0 0 0 0 0 0 0 0 0 0 0 0 7 4 0.2998225261219788
0 0 0 0 8 4 5 0 12 0 0 0 0 0 0 0 0 0 0 0 0 0 8 0 12 0 0 0 0 0 0 12 0 0 0 0 0 0.8915368477723828
4 0 0 0 2 0 4 0 0 4 0 0 0 0 0 0 12 8 7 0 0 0 0 11 0 0 0 0 0 0 0 0 0 4 0 0 5 0.4864047768527854
---
3 19.233425414364643 11.0 36 
0 0 0 12 7 0 0 4 1 4 4 4 0 0 0 12 0 0 0 0 4 2 0 1 0 0 2 4 0 0 0 0 0 0 0 4 0 0.8920636416214724
4 7 0 11 0 0 0 1 0 0 1 1 0 0 0 0 0 0 0 0 0 0 7 0 2 0 0 7 0 0 0 0 8 0 0 0 5 0.7179469625656076
0 0 0 0 0 0 0 0 0 0 0 0 0 0 4 0 0 0 0 0 0 0 0 0 9 0 0 0 0 0 0 0 0 0 13 0 2 0.9903906384443297
0 0 0 0 0 0 0 0 0 0 12 0 8 0 4 0 0 8 0 0 0 0 12 11 0 0 0 0 0 8 4 0 0 0 0 0 3 0.2541758833132164
0 0 0 0 0 6 0 0 1 4 11 7 0 0 0 0 0 0 0 0 0 0 0 0 0 0 0 0 0 0 0 0 0 0 0 0 4 0.6642737409859183
0 6 0 0 3 3 0 0 0 3 0 0 0 1 0 0 0 0 0 0 0 0 0 0 1 0 8 0 0 0 0 0 0 0 0 0 1 0.9936722656278204
0 9 0 0 0 0 0 0 5 0 0 0 0 5 0 0 0 0 0 0 0 0 0 0 0 0 0 11 0 0 0 0 0 4 0 0 2 0.7680309089018302
0 0 0 0 0 3 0 0 0 7 8 0 0 0 0 0 0 12 0 0 0 0 0 0 0 0 0 0 8 0 0 0 0 0 0 0 1 0.4248178320069862
0 0 2 2 0 0 0 11 7 0 0 0 0 0 0 0 12 0 0 0 2 0 3 3 0 7 0 0 0 0 0 0 0 0 0 11 5 0.8002428941999125
0 0 1 4 0 0 0 0 0 0 0 0 0 0 0 0 13 13 0 0 0 1 0 0 0 0 0 4 0 0 2 0 8 2 2 0 2 0.4895207007968869
0 0 0 0 2 0 0 0 0 0 12 0 0 0 0 7 0 5 0 0 12 4 0 0 0 0 0 0 0 0 0 0 0 0 7 0 3 0.1291504371526413
---
4 17.558701657458563 14.0 36 
0 0 0 0 0 0 0 12 0 6 11 12 2 0 0 0 4 1 0 0 0 0 0 0 0 0 0 0 0 0 0 0 0 0 0 0 4 0.7988650581031934
0 0 0 2 0 0 1 7 2 4 0 0 0 5 0 0 0 0 0 0 0 0 0 0 0 0 0 8 0 0 0 0 0 0 0 0 2 0.33775180050671305
1 0 0 0 0 0 0 0 0 0 0 0 0 0 0 5 3 0 0 0 3 0 0 0 0 0 0 0 0 0 0 0 0 0 0 4 1 0.9885260329928163
0 0 0 3 0 0 0 0 0 0 0 0 0 0 7 0 11 0 0 3 0 0 0 0 0 0 0 0 0 0 0 0 0 8 8 0 4 0.01836407953870034
0 0 0 0 0 0 7 0 0 0 0 0 4 0 0 0 13 13 0 1 0 12 0 0 0 0 7 0 0 0 0 11 0 0 0 0 3 0.556640230062736
0 0 0 0 0 0 0 0 1 0 0 0 4 5 0 0 13 13 0 0 0 4 0 0 8 0 0 4 0 13 0 0 0 0 0 0 2 0.6965785433892797
0 11 0 0 4 0 0 0 0 0 2 0 4 12 0 0 13 13 0 0 8 0 0 0 0 0 0 0 0 0 0 0 0 0 5 0 2 0.8610977079683033
0 0 0 0 0 0 0 0 0 6 11 0 0 0 0 4 4 3 0 0 0 0 0 0 0 0 0 0 0 0 0 0 0 0 0 0 4 0.7124127643185526
0 1 0 0 4 0 12 0 0 8 0 0 0 0 0 0 0 0 0 0 13 13 4 0 4 12 0 0 0 0 0 0 0 0 0 0 5 0.09808262545624835
1 0 12 0 0 0 0 0 0 10 0 0 0 0 0 2 0 0 0 0 3 0 0 0 0 4 0 0 0 0 0 0 0 0 0 1 1 0.9071016647219321
0 0 0 0 2 0 0 4 0 0 0 0 7 0 11 0 12 0 0 0 0 0 0 0 12 0 0 0 4 4 0 0 11 0 4 0 5 0.834515990925202
0 2 0 12 0 4 0 12 7 0 0 4 1 0 0 0 0 8 0 0 0 0 4 0 0 2 0 0 0 0 0 0 1 0 0 0 0 0.6580280477392729
0 0 0 0 0 0 2 12 0 0 0 12 2 0 0 0 7 1 0 0 0 0 0 0 0 11 0 0 0 0 0 12 1 0 0 0 4 0.7198615930019441
0 12 7 0 0 0 11 0 4 0 0 0 0 8 0 0 0 8 0 0 0 0 0 0 0 2 0 0 0 0 0 0 0 0 0 0 5 0.048343894429051626
---
5 18.577348066298345 10.0 36 
0 8 4 0 13 0 0 0 0 0 0 4 0 0 0 0 0 0 0 0 0 13 2 0 5 0 8 0 0 2 0 0 0 13 8 0 2 0.9218378332346201
0 0 0 0 0 2 2 0 0 0 0 4 0 0 5 0 1 0 0 0 0 0 0 0 0 5 0 4 0 0 0 0 0 0 0 8 0 0.7785233827869147
0 11 0 0 0 0 1 0 7 0 0 0 0 3 0 0 0 0 0 0 0 0 0 0 0 0 0 0 0 0 0 0 0 0 0 0 4 0.19519142834512682
1 12 0 0 11 0 12 0 0 0 0 0 0 0 7 0 0 0 0 4 0 2 0 4 0 0 0 0 0 0 0 11 0 0 4 0 0 0.4769034818536124
0 4 0 0 0 0 0 0 12 0 12 0 12 2 0 12 8 0 0 0 0 0 0 0 0 12 0 0 0 8 0 0 0 0 0 0 3 0.22196520710442558
0 0 0 0 0 0 0 0 1 0 0 4 0 0 2 0 0 0 0 0 0 0 0 0 0 3 2 13 0 0 0 0 0 0 0 0 1 0.9612215431180517
0 0 0 0 0 0 0 0 0 6 0 0 0 0 0 0 0 0 0 5 0 0 0 0 4 0 0 0 0 0 0 0 0 0 0 0 1 1.0
0 0 0 0 0 0 0 2 0 13 0 0 2 0 11 0 0 0 0 0 0 0 0 0 0 0 0 0 4 0 0 0 0 0 0 4 5 0.2418177796472376
0 0 0 0 0 0 0 0 8 0 0 0 0 0 0 0 2 0 0 0 0 1 7 2 4 0 0 0 0 0 4 0 0 1 3 0 5 0.5859692643575677
1 0 0 0 0 0 0 0 0 0 0 11 4 7 0 0 0 0 11 0 12 4 0 11 0 0 0 0 0 0 1 0 0 0 0 0 5 0.7764982148025819
---
6 20.234806629834253 8.0 36 
0 0 0 0 0 0 0 0 0 0 0 2 0 0 0 0 0 3 0 0 0 0 0 8 0 0 0 0 0 1 0 0 0 0 0 0 1 0.9768664967427536
0 8 2 4 8 0 2 7 0 0 1 0 0 1 0 0 0 0 8 4 5 0 0 12 0 0 0 0 0 0 0 0 0 0 0 12 2 0.7798342278272963
0 0 0 0 0 0 0 0 0 0 0 0 0 0 0 11 2 4 0 0 0 0 1 1 0 0 3 0 0 0 0 1 0 0 0 0 5 0.7182563615915893
5 0 0 0 2 0 8 0 0 0 0 0 5 0 0 0 0 12 12 0 0 0 0 12 0 0 0 0 0 0 12 0 0 0 0 0 3 0.36690839052669444
0 0 1 0 0 0 0 0 0 1 0 7 0 0 0 0 0 11 0 0 0 0 0 0 0 0 0 0 0 0 0 0 0 1 0 0 4 0.42832749393311365
1 0 0 0 1 0 0 12 0 0 0 0 0 4 0 0 0 0 0 0 0 0 0 7 0 0 0 0 7 0 0 0 7 0 1 0 0 0.3481601487149111
1 0 4 0 6 12 0 0 0 0 0 0 0 4 0 0 0 0 0 0 0 0 0 0 0 0 0 0 1 0 0 0 0 0 0 0 0 0.9399797475848206
0 0 0 0 12 12 4 0 0 4 0 0 4 2 0 7 0 0 0 7 2 0 4 0 0 4 7 7 12 0 4 7 2 0 0 0 5 0.3273456606157915
---
7 18.111187845303867 11.0 36 
1 0 0 0 0 0 0 1 0 4 0 0 0 0 0 0 0 0 12 0 0 0 0 0 3 0 0 0 0 0 0 0 0 0 1 0 0 0.39028729211282975
0 2 4 0 0 0 0 0 2 0 0 0 0 0 0 4 5 0 0 0 0 8 0 0 0 0 13 0 0 2 0 0 0 8 0 12 2 0.8779460707021929
0 0 0 0 0 0 0 0 7 2 0 2 0 0 0 4 0 0 0 0 7 4 0 12 0 0 0 0 0 0 0 4 0 2 0 4 0 0.6943322563496934
13 0 0 0 0 0 0 0 0 4 0 0 0 13 0 0 5 0 0 0 0 8 1 0 0 0 2 0 0 12 0 0 0 0 0 0 2 0.4609761860207424
0 1 0 0 0 0 0 0 0 0 0 0 0 0 1 0 4 4 0 11 0 0 0 0 4 0 0 0 4 0 1 1 0 0 0 1 5 0.4671845377621704
0 0 4 0 0 0 0 0 0 6 0 0 0 1 0 0 0 0 0 0 0 0 0 0 0 0 0 0 0 0 4 0 0 0 0 0 1 0.8378636346433339
0 0 11 0 0 6 0 0 0 0 0 0 0 0 0 0 0 0 3 0 0 0 0 0 0 0 0 0 0 0 0 11 0 0 0 0 4 0.986220871676778
4 1 0 0 0 0 0 0 4 0 0 0 0 0 1 0 4 0 0 0 0 0 0 0 4 0 0 0 4 0 4 7 0 0 0 1 5 0.16323806495608384
13 0 0 11 0 0 0 0 4 0 0 11 0 0 0 0 4 0 0 0 0 0 0 0 0 0 0 11 4 0 0 11 0 0 0 1 3 0.4438890105122293
0 0 0 0 0 0 0 0 0 0 0 0 11 0 0 0 0 0 0 0 0 11 0 0 0 0 0 0 0 0 0 0 0 0 0 4 4 0.14739008601208448
0 0 0 0 0 0 0 0 0 0 0 0 0 3 0 0 0 0 0 0 0 0 0 0 0 0 0 0 0 0 8 0 0 6 0 0 1 0.9896200995961402
---
8 14.934392265193368 16.0 36 
0 0 0 0 0 10 0 8 0 0 0 0 0 0 0 0 0 0 0 0 0 0 0 0 0 0 0 0 0 0 12 0 0 0 0 0 1 0.9960985609310553
0 0 0 0 0 0 0 1 0 0 0 0 0 0 0 0 4 0 0 11 0 0 11 0 0 0 3 0 0 4 0 0 2 0 0 0 5 0.7247133642642865
0 0 0 0 1 0 7 0 0 0 0 4 0 0 0 0 0 0 0 0 0 11 0 0 0 0 0 0 0 1 0 4 0 0 0 0 4 0.2724164934322624
0 0 5 0 0 0 0 8 0 0 0 0 8 0 0 0 0 0 0 0 0 0 0 0 4 8 8 4 7 0 0 0 0 0 0 0 0 0.8805595376695796
0 0 0 0 0 1 0 11 0 0 1 11 0 0 0 0 0 12 0 0 0 4 0 0 0 0 1 0 0 0 0 0 2 4 0 0 5 0.6383605736265581
0 0 0 0 0 0 0 0 0 0 0 0 0 0 12 0 0 0 0 0 0 11 0 0 0 0 13 0 1 0 0 0 0 0 8 0 1 0.7069845697278891
0 2 0 4 4 0 0 0 0 2 0 0 0 0 0 0 13 13 0 0 0 5 0 0 13 0 0 1 0 0 0 0 0 13 0 0 2 0.815136828730566
0 4 0 0 2 4 1 0 0 0 0 0 0 0 0 0 12 4 7 0 0 4 0 0 0 0 0 1 2 0 0 0 2 0 0 0 5 0.44257597304146246
0 0 0 0 0 0 0 0 0 0 0 0 11 0 0 0 1 8 0 0 0 0 0 7 0 0 0 2 0 0 0 0 11 0 0 7 0 0.7432788144440164
0 0 0 0 0 0 0 0 0 11 0 0 11 0 0 0 0 0 0 0 0 0 0 0 0 0 0 0 0 1 0 4 0 0 0 0 4 0.11746192896163099
0 0 12 0 0 0 0 0 0 0 12 0 0 8 0 0 0 0 7 0 12 0 0 0 0 0 0 0 0 0 0 0 0 0 12 0 3 0.13111908020159668
0 0 0 0 0 0 7 0 0 0 0 4 0 0 0 0 0 0 0 0 0 11 0 0 0 0 0 0 0 1 0 0 11 0 0 0 4 0.3820788452836337
0 0 0 0 0 0 0 2 0 0 0 0 0 0 0 0 0 6 0 0 0 0 0 0 0 0 0 13 0 0 0 0 0 0 2 0 1 0.9973516727452314
0 0 0 0 0 0 0 0 0 0 0 0 11 0 0 0 11 8 0 0 0 0 0 0 0 0 0 2 0 0 0 0 11 0 0 4 0 0.8359018730773338
0 0 0 0 0 7 0 0 0 0 0 0 0 3 0 0 0 0 0 4 7 0 0 4 0 7 0 0 0 0 0 0 0 0 0 0 4 0.1722551334333864
0 0 8 12 0 0 0 0 0 0 0 0 0 8 0 0 13 8 0 2 0 5 0 0 0 0 0 0 0 0 0 0 0 4 0 0 2 0.7170303462939154
