---
0 18.198642813078347 10.0 5 
11 11 12 8 2 1 0.06838291717645961
7 11 1 7 8 1 0.2792896168965794
7 8 8 13 7 1 0.3421353914743528
7 4 8 13 7 1 0.19179130897702845
2 1 7 1 2 0 0.7661384624947531
11 12 13 2 7 0 0.356683856951326
2 2 1 4 2 0 0.6461029965303735
4 4 13 2 0 1 0.07963676870136194
7 11 1 14 1 0 0.2855460541833039
12 7 8 4 2 1 0.24978715260081508
---
1 18.568784700801974 18.0 5 
11 2 1 4 2 0 0.4132510523808084
11 11 2 13 7 0 0.07641126201800064
4 4 8 9 2 1 0.35345509188726876
4 4 8 8 2 1 0.20639071417984511
3 3 7 6 1 1 0.3214658838009534
11 12 8 4 4 0 0.2243158103809333
1 5 11 5 11 1 0.8761402854965902
12 4 13 2 2 1 0.2894175679668043
8 1 7 2 11 0 0.9497075574644076
3 3 2 6 4 0 0.3094762853771471
1 4 12 8 10 1 0.4383774116378345
7 4 13 4 10 1 0.10189468143697988
12 11 13 7 2 1 0.37414144905302205
2 2 1 2 2 0 0.5555722610789646
1 12 4 13 11 1 0.12166729295834977
13 4 12 2 2 0 0.9522528508557262
7 3 13 4 8 1 0.6525058786726563
1 7 12 9 1 1 0.12947667719221245
---
2 19.000616903146206 11.0 5 
12 3 5 4 1 1 0.1069006368756471
1 1 2 2 3 0 0.2329138252189562
12 7 12 8 1 1 0.1872317350589685
2 1 7 1 8 0 0.48288683534875076
12 8 8 8 11 0 0.2953710346977353
2 4 1 2 2 0 0.4570769178330496
4 12 8 13 1 1 0.20978387825171207
4 11 4 4 10 1 0.37441266958960484
12 1 4 4 8 1 0.17984215664741454
7 7 13 1 13 1 0.8484550223659606
12 8 7 8 11 0 0.7469901040230464
---
3 19.247378161628625 12.0 5 
2 1 2 1 2 0 0.39025549290808526
4 11 8 9 1 0 0.154982578790825
2 12 0 9 1 1 0.285550007119451
12 12 13 8 1 1 0.23558744354561112
7 11 8 12 1 1 0.28368244153675026
2 12 0 7 2 0 0.7094054541318351
7 11 12 4 4 1 0.2969060046862626
4 4 13 1 8 1 0.4147083906188598
7 7 13 2 7 0 0.22546994623909455
11 4 12 13 4 1 0.34620806286776085
8 4 12 1 11 0 0.8693571572053724
11 0 11 7 1 0 0.9064681913453174
---
4 18.301460004112688 17.0 5 
11 12 12 13 4 1 0.3707102972416939
12 4 8 4 8 1 0.477461579923931
8 0 7 13 2 0 0.3123549313283308
7 13 13 13 11 1 0.607658052605193
11 4 5 13 7 0 0.2164302864851777
7 7 1 4 8 1 0.27894991671907976
11 7 13 6 10 1 0.47947232853153987
3 2 4 2 7 0 0.3709587739290603
4 2 7 1 2 0 0.809618508959072
4 1 1 9 6 1 0.1382688978081157
7 7 8 4 2 1 0.146931822084853
3 4 8 1 4 0 0.2292401191323139
8 4 5 13 7 1 0.5630295015569173
11 8 13 4 7 0 0.5260399853195823
11 10 4 1 11 1 0.49670855098578914
4 3 1 1 2 0 0.3307856299793037
4 3 7 4 2 0 0.5456070371497121
---
5 22.516964836520668 8.0 5 
12 1 2 1 1 0 0.30304591798529934
2 1 2 1 2 0 0.3752805391575986
3 12 7 8 8 1 0.1826942657678805
11 11 3 1 12 1 0.19204844631140583
2 11 4 12 3 0 0.6666879674298127
4 1 13 8 7 1 0.37044386467494417
7 2 8 7 7 0 0.4962406909404131
4 1 13 4 8 1 0.7637587763073497
---
6 18.05469874563027 12.0 5 
7 7 12 2 2 1 0.18496312199389253
8 12 13 0 1 1 0.3302959827033596
12 7 8 8 1 1 0.2243528988906507
8 2 7 4 12 0 0.91963045419692
11 7 2 2 11 0 0.19669244049423718
11 7 1 13 3 1 0.13208181398076735
2 2 1 1 1 0 0.7507782124578767
11 3 7 3 1 1 0.15774636282683296
4 4 2 4 8 1 0.29936044939448614
7 1 7 7 8 0 0.39856477273828395
11 4 13 4 4 0 0.17948995244554533
7 4 8 9 1 1 0.12264016119721632
---
7 17.70512029611351 22.0 5 
7 13 1 11 6 0 0.904988261726124
13 7 7 4 7 0 0.9998546304729656
4 1 8 8 1 1 0.173724031228642
11 1 4 2 1 0 0.09371569653941347
11 7 5 2 7 0 0.2585766586024112
11 12 5 12 11 0 0.5393472189377981
2 1 4 2 3 0 0.3070121699973476
12 4 1 8 1 0 0.12469557644791296
7 4 8 8 5 1 0.6019137283721467
7 4 12 8 10 1 0.3439194178155649
11 7 5 2 11 0 0.31445214799013543
13 7 4 0 12 0 0.9924313812853272
2 4 8 13 7 1 0.23489165899940234
2 1 2 2 1 0 0.23148579310802997
8 4 9 4 11 1 0.3336186205481205
11 7 7 4 14 0 0.8279175666202188
7 4 13 11 13 1 0.41037827549982464
4 11 5 8 1 1 0.26017920830032426
4 4 11 10 3 1 0.7501302632203927
7 4 8 2 10 1 0.13079159642016358
7 2 3 9 3 1 0.6409729674606823
2 11 2 2 4 0 0.13023308600257644
---
8 18.9389265885256 11.0 5 
3 1 7 11 0 0 0.7068896092922585
1 4 7 4 13 0 0.37539903968358046
12 7 8 1 4 1 0.061364810246939294
1 7 4 2 14 0 0.4073549490535695
11 11 1 8 1 1 0.1935321607444751
4 5 4 4 4 0 0.7895487953982803
11 1 1 4 7 0 0.3226194226047878
1 7 4 2 7 0 0.18738955703135374
11 7 12 8 0 1 0.18457400383146116
12 7 8 2 6 1 0.29904775690413143
7 7 2 1 8 1 0.36533518367618356
