---
0 19.96709849886901 8.0 5 
7 11 13 13 7 0 0.19897201427014366
8 0 7 2 6 0 0.848546910455359
1 8 13 11 11 0 0.5568059668187333
1 7 12 13 4 1 0.1713780439501429
4 7 2 13 1 1 0.1193416384310817
7 7 13 2 8 1 0.5118779238436384
7 11 13 13 6 0 0.2377859293874096
2 1 2 2 2 0 0.18881256396365587
---
1 17.49948591404483 20.0 5 
11 12 13 4 4 0 0.25723828330318765
7 11 13 12 1 1 0.48413994387168025
11 7 12 8 7 1 0.1588635532947027
7 12 8 13 1 1 0.3803890127902998
7 7 7 12 2 0 0.29402210697498754
7 3 6 1 1 1 0.7543828787351079
4 7 1 1 10 1 0.3675262614814412
1 4 12 2 7 0 0.2630530652428682
7 7 8 1 8 1 0.24638786343301677
3 7 4 13 3 1 0.21484742025779213
7 7 8 8 8 1 0.35633647707185934
2 1 1 0 2 0 0.5491721060709649
7 13 8 13 1 1 0.49146800085250253
7 11 13 12 7 1 0.480411117255483
4 7 8 12 12 1 0.2662386740350571
12 4 13 8 12 1 0.47329337810643146
3 12 2 7 7 0 0.7052981494431416
11 12 13 4 11 0 0.46651714619958495
12 1 13 0 0 1 0.12914908020769955
12 12 13 8 11 1 0.3150051578243993
---
2 16.389060250873946 20.0 5 
8 4 1 2 2 0 0.775127519470334
12 1 12 13 11 0 0.1490846944814761
7 11 4 4 8 1 0.44701208399606074
7 1 13 4 7 0 0.17748451791806175
2 11 7 2 7 0 0.7558407418406812
7 14 13 4 1 1 1.0
12 4 13 4 4 1 0.13899580820794166
1 11 13 12 1 1 0.3424153230042375
12 0 5 5 1 1 0.3865631389761677
1 5 13 11 4 0 0.3877374864693093
1 7 7 3 2 0 0.6435524333095506
1 1 8 2 11 0 0.19184839266859344
11 0 11 7 1 0 0.8726767953641106
11 4 13 12 3 0 0.2322409900064697
3 1 11 13 11 1 0.2894031404084112
12 11 13 4 1 1 0.3553402611666787
7 11 4 4 1 1 0.11619453772952659
12 4 13 8 1 1 0.2864001360161462
1 11 13 2 8 1 0.7969223889183175
7 12 4 5 4 1 0.27715938292286935
---
3 19.51470285831791 6.0 5 
2 1 4 1 3 0 0.6100787658621927
7 7 8 8 1 1 0.20454865760357088
7 1 4 9 1 1 0.07262199260123747
1 1 12 2 1 0 0.11420586249093234
8 12 13 4 1 1 0.3164811043796927
11 4 13 4 11 0 0.42731712116414977
---
4 18.116389060250874 17.0 5 
0 4 7 3 4 0 0.8801465213379638
11 2 8 7 2 0 0.5272020189320279
5 7 12 4 7 0 0.9966217795587238
12 12 8 8 1 1 0.19458683845818525
2 1 8 4 13 1 0.5993398600051845
7 7 13 2 11 0 0.0977389609483803
1 8 11 12 2 0 0.8834839714256859
7 2 2 5 2 1 0.27879284792295844
12 1 13 4 1 1 0.12975825061877844
12 11 13 1 4 1 0.17405764399326618
11 2 8 6 2 0 0.6497999105081549
11 12 13 4 12 0 0.18553360767638694
12 1 13 4 10 1 0.6075342403994384
7 1 7 14 2 0 0.28603977232879285
12 1 13 5 7 1 0.3189820970397197
8 12 4 8 3 0 0.4737098201539327
4 12 13 1 13 1 0.534020295190653
---
5 18.918363150318733 10.0 5 
7 12 8 13 1 1 0.1290959494751407
12 7 13 12 4 1 0.2982305031992374
11 4 8 2 1 0 0.13028532362072753
7 11 2 1 8 1 0.48121900961403585
11 7 12 8 1 1 0.1471112234022398
4 11 2 2 7 0 0.2354784752822464
4 2 1 1 2 0 0.642889477789722
1 2 2 1 4 0 0.42417578027363945
12 7 13 0 4 1 0.14940981671170772
7 12 4 2 10 1 0.1914701594897279
---
6 19.473575981904172 10.0 5 
0 13 1 9 11 0 0.759984479084373
7 7 8 4 4 0 0.017334608101683635
12 3 2 2 2 1 0.24440239805832742
1 7 13 2 5 1 0.9591587421685415
2 8 1 7 4 0 0.8485908347753783
12 12 2 9 6 1 0.39296140723875794
12 6 13 2 7 1 0.6229746416696449
1 7 4 2 4 0 0.047117062294042666
11 11 6 6 7 1 0.7977545388110829
7 4 12 8 2 1 0.13392762925928503
---
7 18.71272876825005 12.0 5 
2 2 11 1 2 0 0.9228960182360979
12 11 13 4 4 1 0.3355302945139389
1 0 5 2 11 0 0.18705037159997095
7 5 4 8 1 0 0.4649702615252653
12 4 5 13 1 1 0.42865652881620997
5 4 13 2 11 0 0.8888125001905127
11 11 14 4 7 0 0.4719000303214833
12 4 13 2 11 1 0.09493752011730572
12 4 5 5 1 1 0.44351811344021885
2 12 8 2 2 1 0.024531717196855318
12 4 6 5 1 1 0.8517818294250863
12 5 13 4 2 0 0.2776003164729386
---
8 20.21385975735143 4.0 5 
11 12 13 1 7 0 0.6084668730325566
2 0 2 2 1 0 0.2506273256287179
12 7 7 7 2 0 0.7772705684763817
12 7 8 8 1 1 0.38877719442338954
