---
0 17.00596339707999 13.0 5 
5 12 4 2 7 0 0.9762560581668289
1 11 13 2 1 1 0.10132560358478648
7 4 4 13 3 1 0.18787502990700466
1 1 4 8 7 0 0.044173682121741775
7 11 12 8 12 1 0.2536579362760998
8 1 5 11 1 1 0.1819375521838258
11 1 5 2 7 0 0.3291246209922305
0 0 11 0 0 0 0.8200482266969967
0 0 12 9 6 0 0.2420494123647341
4 13 13 2 5 0 0.7910373907561998
12 4 5 8 7 1 0.11688460976883008
4 11 8 2 8 1 0.47022562433506376
4 11 13 4 7 1 0.0794853730480023
---
1 17.95188155459593 13.0 5 
3 7 8 4 8 1 0.40455385526183196
1 11 3 2 3 0 0.3440472336162872
13 2 0 4 2 0 0.9614021659429943
4 4 8 8 8 1 0.4370191535395098
3 4 0 4 2 0 0.23735300072705756
7 4 4 2 3 0 0.048428345305471465
11 4 1 13 3 1 0.31056562089503004
1 2 7 12 2 0 0.7619805072506967
7 1 11 6 3 1 0.6112955902135442
1 11 7 4 2 0 0.31828854705793597
12 11 13 2 2 1 0.4607300345578227
4 14 5 4 7 1 0.891592385035407
12 2 13 2 3 1 0.08391817797898216
---
2 18.60991157721571 13.0 5 
7 3 12 5 13 0 0.22330183965874284
12 7 8 2 0 1 0.1165966142624475
4 2 7 3 7 0 0.8924811501630259
7 3 2 1 12 1 0.10275107220523272
7 8 5 4 7 0 0.536499661417971
11 12 4 5 1 1 0.15942546697115834
7 3 7 4 8 0 0.08386922877406944
8 4 8 2 1 0 0.14884991511090528
11 3 7 4 7 1 0.04970850021015938
7 12 8 12 12 1 0.06106090480810056
2 7 7 3 7 0 0.9297236144448404
1 2 3 2 2 0 0.8265758389785915
11 11 2 14 1 0 0.41730545319192447
---
3 19.596956611145384 12.0 5 
1 11 4 12 7 0 0.07727944721445756
7 4 2 5 4 1 0.1923938955074933
0 7 13 5 7 0 0.19577091002239866
1 8 8 13 7 1 0.2937300039776334
7 11 4 4 3 1 0.14703612668585686
0 8 2 7 1 0 0.7455362682944224
4 11 4 11 13 0 0.22040562163845667
4 12 13 5 1 1 0.25268311573855073
1 7 2 1 8 1 0.3668266674899081
4 4 14 7 7 0 0.5966854536632249
2 2 1 11 2 0 0.8484089211179762
8 2 12 2 4 0 0.7082026879293737
---
4 17.35554184659675 7.0 5 
7 7 4 8 3 1 0.14013396616828966
4 1 8 8 1 1 0.13100418604383113
11 12 13 2 7 0 0.43588318700928763
12 7 8 2 4 1 0.1792875134455053
12 7 13 4 1 1 0.15875202818845935
2 1 7 1 1 0 0.8426344216443645
4 4 12 13 12 1 0.5582407100625075
---
5 18.651038453629447 6.0 5 
1 0 2 2 4 0 0.11130671616656362
12 1 13 2 2 1 0.4701642144436302
12 1 8 2 8 1 0.49562023896978435
7 12 2 13 2 1 0.534452706622869
12 7 4 8 4 1 0.18772790986721932
12 0 7 2 2 0 0.6111613865628847
---
6 16.841455891425046 13.0 5 
7 2 2 4 2 0 0.20900735987147168
7 7 8 4 4 1 0.03608808653506923
4 7 13 5 1 1 0.1968262798707232
5 4 0 4 2 0 0.9710400725016854
11 7 0 8 1 1 0.07736259764274189
8 4 5 2 0 1 0.3934910330031365
1 3 11 4 3 0 0.5140760299353833
4 12 4 13 12 1 0.4493308925130184
12 7 2 2 8 1 0.5509283580865245
11 7 13 5 7 0 0.1830287765603924
11 10 1 2 0 1 0.9577940495739803
0 2 11 4 8 0 0.899739329643122
7 6 4 13 3 0 0.5879131723475013
---
7 18.32202344231956 11.0 5 
4 1 5 11 5 1 0.31938375280761166
12 1 12 8 7 0 0.07026959230604812
11 7 13 2 7 0 0.16489755163015318
7 1 8 8 2 1 0.31417584294987266
11 3 1 4 3 1 0.029312862587838717
11 8 8 13 7 1 0.4060098692509311
2 1 4 2 2 0 0.27479604361648446
7 7 6 2 1 1 0.2875923591730831
12 7 13 2 7 1 0.15691750793553372
11 7 11 12 7 0 0.6877538527853462
3 12 2 12 0 0 0.35364839854624186
---
8 18.897799712111865 18.0 5 
8 7 2 1 4 0 0.6092270505980084
4 7 8 4 12 1 0.2139264029989596
4 7 8 2 10 1 0.5150816432257126
1 1 7 10 1 1 0.27762642033565843
1 7 4 8 12 1 0.273891452903291
1 8 12 1 1 0 0.70547684750546
4 8 2 1 7 0 0.7120527218961854
4 7 8 4 10 1 0.4549357308519246
11 7 13 2 11 0 0.21656533622919394
4 4 9 11 4 0 0.2925626022152681
7 11 8 4 1 1 0.1705784035853013
4 7 8 9 1 1 0.29939356982545695
4 1 12 8 10 1 0.42976119363938015
4 12 8 8 10 1 0.4543479773556456
2 7 12 12 12 0 0.29792662377688583
4 7 13 1 8 1 0.5909852199386452
11 1 3 4 2 0 0.6330689234697011
1 1 0 2 1 0 0.16229787012411645
