---
0 19.24342105263158 5.0 5 
7 7 2 8 4 1 0.1964357385080906
7 7 8 4 8 1 0.3704506370363404
1 1 2 4 4 0 0.17744175061647283
1 1 12 0 2 0 0.19845200274898267
1 1 4 0 12 0 0.13609996368097388
---
1 17.269736842105264 8.0 5 
7 1 8 8 4 1 0.29236015469911836
7 11 7 12 8 0 0.20235980581679536
7 4 4 1 10 1 0.2114162896053402
11 11 8 9 7 0 0.28663560661069076
12 0 13 4 1 1 0.11447272556350563
11 2 2 4 7 0 0.3719639595776676
2 2 7 2 2 0 0.6831517695387235
4 1 11 10 11 1 0.6060370568602347
---
2 17.516447368421055 20.0 5 
12 1 7 2 1 0 0.6172118731905516
11 2 8 1 11 0 0.4944221194621554
12 4 2 12 6 0 0.271633404736943
4 1 12 6 1 0 0.47319634574794045
11 7 13 8 7 0 0.11220461325623399
7 11 8 1 2 1 0.21363182255265545
12 1 8 8 0 1 0.2442123322728862
7 7 4 2 5 1 0.42633130318861
0 12 8 9 1 1 0.197507376920788
4 1 3 10 7 1 0.44101236219435336
12 4 13 2 4 1 0.24539909150353245
12 7 12 11 5 0 0.4004021349659197
1 1 4 2 1 0 0.1637322754734526
13 1 4 8 0 0 0.9859460320557867
1 1 8 12 7 0 0.20188110221929212
8 11 9 1 1 1 0.5499462964240046
7 7 8 8 10 1 0.3083654313289502
7 1 4 8 0 1 0.1482954332377875
1 7 5 4 3 0 0.22939468438471877
7 1 7 12 2 0 0.3279627416648021
---
3 15.686677631578947 18.0 5 
7 2 13 2 11 0 0.2634006972743719
8 2 7 4 0 0 0.9364921986584
7 7 13 2 11 0 0.10853831093514898
1 2 1 2 3 0 0.46393811291473375
7 11 4 12 11 1 0.03979947813139706
12 7 8 4 0 1 0.14988895033605898
12 4 8 8 0 1 0.2119938405632371
12 4 8 14 1 1 0.3273254501883631
5 11 2 7 3 0 0.9996986069581493
1 7 8 4 8 1 0.6081506974771325
11 7 2 12 1 1 0.08691284016950995
4 7 13 2 6 1 0.20267668960386087
1 7 1 1 2 0 0.2668883047665511
11 11 13 12 4 1 0.4448684653176549
11 6 7 4 1 0 0.6032231466624534
11 4 4 8 10 1 0.3060084198896721
3 8 8 7 0 0 0.68282279117805
11 12 5 4 7 0 0.4652432239300033
---
4 18.236019736842106 7.0 5 
1 11 1 0 7 0 0.3214458288434723
12 4 13 2 1 1 0.1983476734006877
1 3 11 6 10 1 0.9487116481495285
7 4 8 12 4 0 0.13291536851053953
0 8 4 4 2 0 0.6161324973609348
7 7 12 8 7 1 0.1843558283623581
7 7 4 4 8 1 0.4027051506789563
---
5 18.194901315789476 8.0 5 
13 7 7 1 2 0 0.9951317201678365
11 7 4 4 10 1 0.1818971186961944
11 1 2 2 1 0 0.12213976477379584
12 7 8 4 6 1 0.09961997729471572
12 11 8 4 8 1 0.5683883049047307
12 4 12 13 4 1 0.226421925064894
4 8 8 13 6 1 0.33382589683290553
4 8 7 1 11 0 0.9086855850687126
---
6 19.387335526315788 21.0 5 
4 7 7 3 13 0 0.6501500218804643
8 8 5 0 4 0 0.1141796810669149
4 11 3 6 7 1 0.6670955436360759
4 7 7 2 3 0 0.25429080630374923
7 11 8 12 1 1 0.17686416090485713
8 7 4 2 3 0 0.6795408772489362
3 1 7 0 11 0 0.3711858602344136
8 1 9 1 11 1 0.3086040820082516
7 7 4 8 3 1 0.19456014865331084
3 12 1 11 7 0 0.7977415333430262
4 7 13 12 3 0 0.18693056408855702
7 7 4 1 8 1 0.1981999125200411
4 7 13 2 7 0 0.23090759004454364
8 1 9 1 11 1 0.3086040820082516
4 11 4 5 2 1 0.31173459698068395
12 8 11 7 8 0 0.9358842133425884
4 11 8 5 8 1 0.6140052882113962
11 1 11 12 1 0 0.6799513734747638
4 1 7 1 13 0 0.45604812812724504
12 4 8 13 1 1 0.27224522714984845
12 8 8 2 11 0 0.3598673009377855
---
7 18.379934210526315 9.0 5 
12 7 13 4 2 1 0.3982330643183637
3 12 5 4 7 0 0.45286876678048427
5 1 5 0 1 0 0.8662432171356174
12 7 13 4 7 1 0.14604629599025198
7 6 7 2 11 0 0.5288272360555867
7 4 11 13 7 1 0.3310178820872933
12 5 8 8 11 0 0.40831727745149826
2 1 3 2 2 0 0.8394245195609669
12 12 5 8 11 1 0.2029536297697273
---
8 17.269736842105264 28.0 5 
11 12 5 4 4 0 0.2796436547527019
12 11 7 8 7 0 0.146623083546512
11 2 4 8 12 1 0.12834684242500072
13 3 2 11 11 0 0.9864469163077683
11 8 2 6 1 0 0.6632744605096839
11 2 6 1 12 0 0.8910652403771036
8 0 13 4 1 1 0.3031483022420125
3 12 2 12 4 0 0.2745641435057762
4 7 2 8 1 1 0.17068347588667332
8 7 1 11 3 0 0.9145905059224972
11 1 4 5 10 1 0.254533706272418
8 8 11 8 11 0 0.9752546005808116
3 12 12 2 8 1 0.3739320568178657
7 3 11 1 12 1 0.253748430381176
4 3 4 4 2 0 0.13930341480128883
11 12 9 4 11 0 0.5490430522999725
11 2 5 7 1 0 0.532392358174923
11 12 9 4 11 0 0.5490430522999725
7 11 8 14 1 0 0.22577360407598723
13 12 4 0 4 0 0.9190005432893926
12 7 8 8 11 1 0.2069352304714862
12 7 8 8 11 1 0.2069352304714862
11 12 5 12 7 0 0.43886657713625565
12 12 5 4 8 1 0.588664416276119
1 12 14 11 2 0 0.40906344892772517
1 11 4 12 4 0 0.059044646464379236
12 7 5 4 8 1 0.6105331899140626
4 7 2 8 1 1 0.17068347588667332
