---
0 14.453125 54.0 5 
7 11 4 8 1 1 0.16582548734477043
4 7 7 4 6 0 0.2982219464359168
3 8 2 7 2 0 0.646912962546733
7 3 8 12 1 1 0.2348771906972844
7 12 7 1 13 0 0.2458937418619831
3 1 7 0 4 0 0.2491335637661687
3 4 12 13 4 1 0.2257185014459142
7 7 11 2 2 0 0.4335676154513529
12 3 5 4 1 1 0.22651177742335382
11 11 11 6 7 1 0.434242726517885
11 11 11 6 7 1 0.434242726517885
4 13 0 0 13 0 0.7701791588467577
7 11 4 8 1 1 0.16582548734477043
4 11 12 2 7 0 0.18930075302178562
4 8 13 13 0 1 0.4684722273252766
12 4 13 8 7 1 0.17867847247269641
7 12 4 4 10 1 0.14227696563934988
11 4 13 8 11 0 0.17748141531676076
11 7 8 12 2 1 0.16337086890853736
3 8 2 7 12 0 0.6066824880185504
7 7 11 2 2 0 0.4335676154513529
4 8 13 13 0 1 0.4684722273252766
8 4 5 4 1 1 0.1917635987618207
12 2 13 4 0 1 0.06927235132419796
7 11 4 4 1 1 0.0583239031744609
12 1 1 7 13 0 0.29098818070062293
12 1 13 2 2 1 0.32902318787374996
12 13 0 0 10 0 0.5553258789025453
3 12 4 2 11 0 0.3052209896784164
7 3 8 12 1 1 0.2348771906972844
1 1 2 2 1 0 0.13091396126228583
3 10 0 0 13 1 1.0
0 13 2 2 8 0 0.4795011128421245
11 11 11 8 11 1 0.17986756046123253
7 12 4 5 10 1 0.26317851264640746
3 14 7 7 4 0 0.9362674618774085
7 3 12 8 13 1 0.13565064041541341
7 11 13 12 6 1 0.37196892103632273
7 4 12 5 7 1 0.13076213587882424
3 12 4 2 11 0 0.3052209896784164
11 12 8 12 1 0 0.2719607991773383
8 12 2 2 2 0 0.4321615371520331
12 11 8 12 7 1 0.22506080391598027
1 3 7 0 4 0 0.29730810703984656
11 11 6 8 11 1 0.29815040179770524
11 4 13 8 11 0 0.17748141531676076
5 11 5 4 1 0 0.8778006922120023
7 2 8 4 8 1 0.3468599273284665
1 1 4 2 1 0 0.16511371880518322
11 12 8 12 1 0 0.2719607991773383
7 14 8 0 7 1 0.2578372696862712
11 12 4 5 1 1 0.22256722185123334
4 11 4 8 4 1 0.11498947811135807
12 2 13 4 0 1 0.06927235132419796
---
1 14.884868421052634 44.0 5 
8 1 7 7 2 0 0.9724052448030256
7 7 4 4 8 1 0.44615137916142333
11 1 5 2 11 0 0.36351673195814516
8 8 7 4 12 0 0.8959498741234188
3 13 0 11 3 0 0.9159258983331977
11 8 4 12 12 0 0.5643469749212445
7 7 7 11 2 0 0.5117069588748302
7 4 8 8 1 1 0.0498160473199285
0 11 4 1 2 0 0.2390185398357001
11 8 4 1 12 0 0.6639818547668654
4 0 12 8 8 1 0.49803499951467645
7 4 2 4 2 0 0.13872326559804105
11 8 13 1 12 0 0.4544646216304786
2 6 4 2 1 0 0.7187263879871573
4 4 13 8 2 1 0.2791557494003205
12 2 7 8 2 0 0.41506383496900123
12 1 13 4 1 1 0.11252417086695155
5 4 8 2 4 0 0.9137972346924588
7 7 4 4 12 1 0.11208124162657951
4 0 13 1 10 1 0.2607369899926284
3 11 4 13 1 1 0.07826819372585692
12 11 13 12 11 1 0.3018206114469526
0 8 4 1 8 0 0.4613259867091115
4 1 2 13 12 1 0.3037322040527063
7 3 8 12 4 1 0.25950017614767784
7 2 5 12 1 0 0.13785890826297176
12 4 13 14 1 1 0.3516302796535158
7 4 11 13 1 1 0.16562718171373048
7 1 13 1 6 0 0.12788424774163643
12 7 7 11 6 0 0.8850295251189735
7 4 8 1 5 1 0.4246105576756787
12 1 8 8 12 1 0.31009633275930093
7 11 4 13 11 0 0.03123772719324336
7 12 2 5 7 1 0.08443193276395289
4 3 5 4 12 1 0.2617213370429843
7 10 12 3 4 1 0.6516745696758355
7 11 7 5 11 0 0.0741628735024713
13 1 9 4 11 0 0.8177326662332691
7 4 4 14 2 1 0.13613978494026946
7 4 11 1 10 1 0.23649309735568036
3 2 6 2 7 0 0.738099728729493
7 7 7 12 9 0 0.4747181413789048
7 4 11 14 4 0 0.583731846296766
4 2 7 7 10 0 0.3336418287343663
---
2 17.578125 14.0 5 
11 1 8 2 7 0 0.14604746562229298
12 4 13 8 11 1 0.1607151134904623
7 4 12 8 12 1 0.14980650106703064
7 1 12 1 1 0 0.2562105234918428
7 4 5 12 7 0 0.23396068957764793
4 7 13 7 8 1 0.5191834596280924
7 7 4 8 1 1 0.1844284093454711
7 7 13 7 8 1 0.48041855200946904
1 7 7 1 2 0 0.46340782556687976
8 12 1 1 7 0 0.8612367023591714
11 2 2 1 7 0 0.5771898837153514
2 2 2 1 7 0 0.6263242307550463
2 2 1 1 2 0 0.6952944200024583
7 11 8 2 2 1 0.24500016195373397
