---
0 14.908492699979437 26.0 5 
2 8 14 7 2 0 0.5731153047935822
13 7 13 8 11 0 0.9022264764800856
4 2 13 4 2 1 0.10149646866613726
1 1 4 14 3 1 0.004163962037080804
8 3 8 2 6 0 0.33382017263565333
1 7 13 1 8 1 0.5370069354141271
7 7 8 4 4 1 0.07307723683843492
8 8 7 1 2 0 0.9121504167312917
2 3 1 7 2 0 0.7518141273651145
4 8 13 13 6 1 0.5603265832221067
4 6 7 2 4 0 0.5586015485426364
0 7 13 1 10 1 0.17183367249339376
11 12 8 5 2 1 0.28782001955364644
7 4 6 13 4 1 0.25672063179564963
7 1 13 13 4 1 0.16000921839808746
8 8 7 2 6 0 0.781450255523447
0 7 6 11 10 1 0.7913608360336658
1 7 11 1 8 0 0.3775821630329381
11 12 13 1 7 0 0.5747919117861575
11 13 8 2 2 0 0.3960812864529375
7 10 4 13 7 1 0.6711675292318404
12 7 10 8 1 1 0.6187880638587382
8 12 13 13 7 1 0.549599644869833
4 4 8 8 4 1 0.13118259852582792
7 7 13 13 7 0 0.0841720570325204
2 2 7 1 2 0 0.8292712117238878
---
1 17.088217149907464 19.0 5 
7 7 4 0 1 0 0.07195272774180184
11 11 11 10 7 1 0.7302979992509802
4 7 8 1 8 1 0.4423369014179339
4 7 8 2 8 1 0.4825556055169242
12 4 8 8 1 1 0.1884397254027026
12 7 5 2 4 1 0.260681589068849
1 7 4 2 11 0 0.19477065460375176
7 7 4 8 10 1 0.36140301183786483
13 4 7 0 7 0 0.9904207483993808
12 7 8 8 1 1 0.30111550599165904
7 3 8 11 12 1 0.1711868086116186
7 4 4 12 8 1 0.15286621518203236
11 7 13 4 7 0 0.20474233965561672
7 7 4 8 1 1 0.17776708581812362
1 7 8 5 3 1 0.1361345830774996
1 1 1 1 0 0 0.46322847017573165
11 11 14 11 1 0 0.5996036203272128
7 12 2 2 4 0 0.14645476091638
11 4 4 1 1 0 0.3913205798375231
---
2 16.53300431832202 12.0 5 
11 7 12 7 12 1 0.10746153014042936
12 4 13 8 11 1 0.24371291042216003
4 1 11 4 8 0 0.6046536126922439
3 4 2 5 1 1 0.1406162108772997
7 1 12 2 11 0 0.13901317150667225
7 4 12 13 12 1 0.3480596242423136
11 7 7 1 12 1 0.06950217315499008
7 4 13 12 7 0 0.16047558131897866
3 4 2 4 1 0 0.28883080592784194
7 7 8 8 1 1 0.1665572007193017
13 4 1 4 3 0 0.974477692383543
12 7 13 2 4 1 0.27906202466825003
