---
13.866344327404592 12.0 36
0 0 0 0 0 0 2 0 0 0 2 4 0 4 0 0 0 8 0 12 1 0 0 0 7 0 2 4 0 0 0 0 7 2 0 0 0 0.9236200620039097 
8 0 0 0 1 8 1 0 0 2 0 0 0 0 12 0 13 0 8 0 0 13 8 0 0 0 0 0 0 0 0 0 0 0 0 0 2 0.6513383129615548 
0 4 1 3 0 0 0 0 2 0 1 0 0 0 0 11 0 0 0 3 0 4 0 0 0 0 0 0 0 0 0 1 0 0 0 0 5 0.7096801838779736 
0 0 12 0 0 0 12 0 0 0 0 0 0 0 7 0 0 4 0 0 0 0 4 7 0 0 0 0 0 0 0 11 8 8 0 0 3 0.165539099423212 
8 0 0 0 7 0 0 0 0 4 0 0 0 0 7 0 0 0 0 0 0 0 11 0 0 1 11 0 0 7 0 0 0 0 0 0 5 0.8354330467857137 
0 0 0 0 0 1 0 0 0 0 7 0 0 0 0 0 0 3 0 0 0 0 0 0 1 0 0 0 0 7 0 0 0 0 0 0 4 0.25530718143119424 
0 1 0 8 0 0 0 0 0 0 0 0 10 0 0 0 0 0 0 0 0 0 0 0 0 0 2 0 0 0 0 0 0 0 0 0 1 0.9778776541597262 
2 0 0 0 1 0 1 0 0 0 2 0 0 0 4 0 13 0 8 8 0 0 1 0 0 0 0 0 0 0 0 0 0 0 0 0 2 0.6730204739566776 
0 0 0 0 0 0 0 0 3 0 0 0 0 4 0 0 6 0 0 0 0 0 0 0 0 0 0 0 0 0 0 0 0 2 0 0 0 0.47849996445614784 
0 0 1 0 0 0 0 0 2 8 0 0 0 0 0 11 0 0 0 0 4 0 0 0 0 1 1 0 0 12 0 1 0 0 0 0 5 0.5552864216512505 
0 1 0 0 0 0 0 0 0 0 0 0 0 0 0 0 0 0 0 0 1 10 0 5 0 0 2 0 0 0 0 0 0 0 0 0 1 1.0 
0 0 0 0 0 0 0 0 1 0 0 2 0 11 0 0 0 0 0 0 0 0 0 7 0 0 12 0 0 0 0 0 0 0 0 0 4 0.17318107381894177 
