---
12.724447513812153 38.0 36
7 5 4 0 7 0 0 12 4 13 0 0 4 0 0 12 0 0 0 0 0 0 4 4 0 0 13 0 0 0 0 0 0 0 0 4 0 0.9662280296474985 
0 0 0 0 0 1 0 0 0 0 0 0 0 0 0 0 7 0 0 7 0 0 0 0 0 0 0 10 0 4 11 0 0 12 11 0 5 0.8926663496560201 
0 5 0 7 0 0 0 7 0 0 0 0 2 0 0 1 0 0 0 12 2 2 0 4 0 0 0 2 4 13 0 1 0 13 0 4 2 0.5112535079468363 
0 0 7 0 0 4 0 4 0 0 0 1 0 0 0 0 0 2 8 0 0 13 0 0 8 13 8 0 2 13 13 0 0 8 13 0 2 0.8206684009368999 
0 0 12 0 11 0 0 0 0 12 0 4 3 0 0 12 0 0 0 0 0 0 0 7 0 8 0 0 0 0 4 0 1 0 0 1 0 0.9197115275325746 
0 0 12 0 0 0 0 0 0 0 4 0 0 0 0 0 0 0 0 0 0 5 4 1 4 0 12 0 12 13 4 0 0 0 4 11 3 0.2551476448440043 
4 0 0 0 7 0 0 7 0 0 0 0 0 0 0 0 0 11 0 0 0 1 1 12 0 0 0 0 0 0 0 0 0 0 0 0 4 0.46449418569922085 
0 0 12 0 0 0 0 7 0 0 0 0 0 0 0 0 0 0 0 11 0 5 4 1 4 0 12 0 12 0 0 0 0 0 4 11 3 0.2549946287299094 
0 0 0 0 11 0 0 0 0 12 4 0 3 0 0 0 0 7 0 0 0 0 4 0 0 8 4 0 0 0 4 0 1 0 12 7 0 0.8831458344024636 
4 0 0 0 0 0 11 0 0 12 7 1 12 0 0 0 0 0 2 0 0 0 0 0 0 8 0 0 0 0 0 0 4 0 0 6 5 0.8102116514689119 
0 0 0 0 0 1 0 0 0 4 0 0 0 0 0 0 0 0 0 0 0 0 0 0 0 6 0 0 0 10 0 8 0 0 8 0 1 0.8700591025912706 
0 0 0 0 3 6 0 11 0 0 0 0 0 0 0 0 0 0 7 0 0 0 0 0 0 0 0 0 0 0 0 0 0 0 0 0 4 0.8771652853649268 
0 0 0 0 0 0 0 4 0 0 13 1 13 0 0 0 0 2 4 0 0 13 0 0 2 13 8 0 2 13 7 1 0 0 4 12 2 0.9091313776503238 
0 0 0 0 11 0 0 0 7 0 4 0 0 0 0 0 0 0 12 0 0 5 0 0 0 8 0 0 0 0 2 0 1 0 0 1 0 0.8845593815634829 
0 0 0 1 0 3 0 5 0 0 0 0 0 0 0 0 0 0 0 0 7 0 0 0 0 0 0 0 1 1 0 0 0 0 0 0 1 0.8779685272164224 
0 4 0 1 0 2 0 0 0 0 13 12 2 4 0 0 0 13 0 0 0 2 0 4 2 13 4 0 2 13 8 7 0 0 12 0 2 0.8119387799205462 
0 0 8 0 0 0 0 0 0 0 0 0 0 0 0 7 0 0 0 0 0 0 0 0 0 0 0 0 12 0 0 0 7 8 11 1 5 0.09120545044568207 
1 0 1 0 0 0 0 0 0 0 0 0 12 0 3 1 0 12 0 0 7 0 0 0 0 1 0 4 0 0 0 0 2 0 0 0 5 0.7561508467535594 
1 0 1 0 0 0 0 0 0 0 0 0 12 0 3 1 0 12 0 0 2 2 4 0 0 0 0 0 0 0 0 0 2 0 0 0 5 0.6720795351375015 
4 0 7 0 0 0 0 0 0 0 0 0 12 0 0 0 0 0 2 0 0 12 0 6 0 0 0 0 0 0 1 0 0 0 0 6 5 0.8379127837584163 
0 6 0 0 0 0 0 0 0 0 0 0 0 0 0 0 0 0 0 0 3 0 0 0 0 4 0 2 0 0 1 0 0 1 0 0 1 0.5331398868833546 
0 0 0 0 0 0 0 0 0 0 0 7 0 0 0 0 1 0 11 0 0 0 0 0 0 0 0 0 6 0 0 0 0 0 0 0 0 0.07728973363513902 
0 0 0 0 0 0 0 4 0 0 13 1 0 0 0 7 0 0 4 0 0 13 8 0 13 13 0 0 2 13 13 0 0 4 4 11 2 0.8759857050795761 
8 0 1 0 0 0 11 0 0 12 0 0 0 0 3 1 1 0 0 0 0 0 0 0 0 8 0 0 0 0 0 0 4 0 12 0 5 0.6563263112930697 
0 0 0 0 1 0 0 7 0 0 0 0 0 0 0 0 0 0 0 1 0 0 0 0 0 0 0 0 0 6 0 0 0 0 1 0 4 0.3111953825069058 
0 11 11 0 0 0 0 0 0 0 0 0 2 0 0 0 0 0 0 0 0 1 2 0 0 0 0 0 0 0 0 0 0 12 0 0 5 0.25401768541124614 
12 0 7 0 0 0 0 0 0 0 0 0 0 0 0 0 0 0 2 0 0 0 0 0 0 1 0 0 0 0 0 0 0 6 0 0 1 0.3568980488765776 
0 0 12 0 0 0 0 0 0 0 0 0 0 0 0 0 0 0 0 11 0 5 4 1 4 0 4 0 12 0 0 0 0 0 4 11 3 0.16108159678441136 
0 0 0 0 8 1 0 0 0 0 0 0 0 0 4 0 0 0 0 0 0 0 0 0 0 5 9 0 0 0 0 0 0 7 12 0 0 0.47549232158255106 
0 0 12 0 11 0 0 0 0 0 0 7 3 0 0 12 0 0 11 0 0 0 0 0 0 8 0 0 0 0 0 0 0 0 0 1 0 0.7423816668891192 
0 0 0 0 0 0 0 0 0 0 0 0 0 0 0 0 0 0 0 0 0 12 0 0 4 0 0 0 0 0 0 12 0 6 0 0 3 0.3144733030375657 
0 0 0 0 7 0 0 0 0 0 0 13 0 7 0 0 0 0 0 0 0 7 0 12 0 0 0 0 0 4 0 0 11 0 0 0 4 0.32323019686553833 
0 0 0 0 0 0 12 8 0 8 0 0 0 0 0 12 0 0 0 0 0 0 0 0 0 0 0 0 0 4 0 0 0 12 0 13 4 0.595150868087044 
0 0 0 0 0 3 12 0 0 0 0 0 0 7 0 12 0 0 0 0 0 4 0 0 0 0 0 0 0 4 0 0 11 3 0 0 4 0.46116258972593605 
0 0 0 0 8 1 0 0 0 0 0 0 0 0 0 0 0 7 0 0 0 0 0 0 0 0 9 0 6 0 0 0 0 0 12 0 1 0.9891728821695425 
0 0 0 0 12 0 0 1 0 4 12 0 0 0 0 0 0 7 0 0 0 0 0 7 0 0 0 0 0 0 4 0 5 0 0 0 5 0.05007646704096147 
0 0 0 0 0 0 0 0 9 0 0 0 0 2 0 0 0 0 0 0 0 0 0 3 0 0 3 0 0 4 0 0 0 0 3 0 2 0.5519874595177154 
1 0 0 0 0 0 0 0 0 12 7 1 0 11 0 1 0 0 0 0 0 0 0 0 0 8 0 0 0 0 0 0 4 0 0 4 5 0.17204282012160133 
