---
13.88121546961326 17.0 36
0 0 0 0 1 0 0 0 1 0 0 2 0 0 0 0 0 2 0 7 1 0 0 12 0 0 2 2 7 2 0 0 0 0 0 0 0 0.853173952056991 
0 0 0 0 1 0 0 0 0 0 0 0 0 0 0 0 0 0 0 1 0 6 0 0 0 0 0 0 4 1 0 0 0 1 0 0 1 0.19435053755025655 
0 0 0 0 1 0 0 0 1 0 0 2 0 0 0 0 0 2 0 7 1 0 0 12 0 0 2 1 7 2 0 0 0 0 4 0 0 0.7177047045659668 
0 0 0 7 0 0 4 4 2 0 0 0 0 4 0 1 4 0 1 7 0 4 0 0 4 4 1 0 4 0 0 0 0 0 0 13 3 0.2032228800545839 
0 0 4 0 0 0 0 0 0 0 0 11 4 0 8 0 2 0 0 0 0 0 0 0 0 0 7 0 0 0 12 0 8 0 0 0 3 0.05371518667726716 
0 0 0 10 0 8 0 0 0 0 0 0 4 0 0 0 0 0 0 7 0 0 2 12 0 0 0 0 0 0 0 0 0 0 0 0 5 0.4097024023864084 
0 7 0 0 1 0 0 4 0 0 0 13 0 0 0 0 0 0 0 0 0 0 2 0 0 0 0 0 4 1 0 0 0 1 0 0 1 0.9764796759350582 
14 0 0 0 5 0 13 0 0 0 1 0 1 0 0 0 0 0 0 0 0 0 0 0 0 0 0 7 0 0 0 0 0 14 0 4 2 0.9507000166610564 
0 0 12 0 0 0 0 7 4 4 0 0 0 0 0 0 0 0 0 0 0 13 0 0 0 0 0 0 0 8 0 0 0 0 7 11 3 0.1157448731832067 
0 0 0 0 1 0 0 0 0 0 0 0 0 0 0 0 0 0 0 1 0 6 11 0 0 0 0 0 4 1 0 0 0 1 0 0 4 0.9638253581579679 
0 0 0 0 0 7 0 0 4 0 0 0 0 11 0 0 0 1 0 1 1 0 0 12 0 0 4 0 4 2 0 0 0 1 0 0 4 0.5057862489882232 
0 0 0 12 1 0 0 0 4 0 0 2 0 0 0 0 0 2 0 1 1 0 0 12 0 0 2 2 7 2 0 0 0 0 0 0 0 0.9409312554925776 
0 0 0 7 0 0 4 4 2 0 0 0 0 4 0 1 4 0 1 7 0 4 0 0 4 4 1 0 4 0 0 0 4 0 0 1 5 0.3572124349245709 
0 0 0 7 0 0 4 4 2 0 0 0 0 4 0 1 4 0 4 7 0 0 0 0 4 4 1 0 4 0 0 0 0 0 0 1 5 0.15265113592369262 
13 8 1 0 2 8 0 7 0 0 0 4 0 0 8 7 0 0 0 4 0 8 0 12 2 0 0 0 1 0 0 0 0 0 0 0 2 0.5569555821795422 
0 0 0 0 1 0 0 0 0 12 0 7 0 12 0 13 0 0 0 0 0 0 0 0 0 0 0 0 0 1 0 0 0 0 0 12 4 0.6120336264553978 
0 13 0 0 0 0 0 0 0 0 0 0 7 0 0 0 0 0 0 0 0 0 0 0 0 0 10 3 0 0 0 0 11 0 0 0 4 0.9794913297483684 
