---
0 0 29.337993421052634 1.0 5
0 0 0 1 2 0 0.44757839334815697 
---
0 1 21.361019736842106 2.0 5
1 1 1 0 1 0 0.36838604099793093 
7 7 4 8 0 1 0.17783767704307407 
---
0 2 16.488486842105264 7.0 5
12 0 13 2 1 1 0.13908636093575866 
1 1 7 2 1 0 0.3738325413487713 
7 7 12 8 1 1 0.18459238695342028 
4 11 7 2 0 0 0.2903315124071937 
11 2 2 2 7 0 0.36005442171266777 
7 7 8 2 2 1 0.18483048436752592 
11 13 2 11 4 0 0.8382022082738079 
---
0 3 21.361019736842106 2.0 5
7 7 4 8 0 1 0.17783767704307407 
1 1 1 0 1 0 0.36838604099793093 
---
0 4 19.716282894736842 3.0 5
12 7 13 2 0 1 0.29060281548986033 
1 1 1 0 1 0 0.36838604099793093 
7 7 4 8 0 1 0.17783767704307407 
---
0 5 19.716282894736842 3.0 5
12 7 13 2 0 1 0.29060281548986033 
1 1 1 0 1 0 0.36838604099793093 
7 7 4 8 0 1 0.17783767704307407 
---
0 6 17.413651315789476 4.0 5
11 2 2 2 7 0 0.36005442171266777 
1 1 7 2 1 0 0.3738325413487713 
12 0 13 2 1 1 0.13908636093575866 
7 7 12 8 1 1 0.18459238695342028 
---
0 7 15.193256578947366 9.0 5
4 12 8 5 0 1 0.265156912902377 
11 2 2 2 7 0 0.36005442171266777 
3 12 0 12 4 0 0.25868839011036937 
7 7 8 2 2 1 0.18483048436752592 
12 0 13 2 1 1 0.13908636093575866 
7 7 12 8 1 1 0.18459238695342028 
2 1 12 2 0 0 0.3056419124148233 
7 4 8 8 8 1 0.46270238648757833 
4 11 7 2 0 0 0.2903315124071937 
---
0 8 17.413651315789476 4.0 5
11 2 2 2 7 0 0.36005442171266777 
1 1 7 2 1 0 0.3738325413487713 
12 0 13 2 1 1 0.13908636093575866 
7 7 12 8 1 1 0.18459238695342028 
---
0 9 14.802631578947366 11.0 5
7 7 8 2 2 1 0.18483048436752592 
3 12 0 12 4 0 0.25868839011036937 
11 2 2 2 7 0 0.36005442171266777 
12 0 13 2 1 1 0.13908636093575866 
11 7 11 10 11 1 0.20649529229242103 
7 7 12 8 1 1 0.18459238695342028 
4 12 8 5 0 1 0.265156912902377 
7 4 8 8 8 1 0.46270238648757833 
2 1 12 2 0 0 0.3056419124148233 
4 11 7 2 0 0 0.2903315124071937 
5 7 8 2 1 0 0.957290234281196 
---
0 10 14.617598684210526 12.0 5
7 4 8 8 8 1 0.46270238648757833 
5 7 8 2 1 0 0.957290234281196 
3 12 0 12 4 0 0.25868839011036937 
11 2 2 2 7 0 0.36005442171266777 
4 11 7 2 0 0 0.2903315124071937 
2 1 12 2 0 0 0.3056419124148233 
7 7 12 8 1 1 0.18459238695342028 
4 12 8 5 0 1 0.265156912902377 
7 7 8 2 2 1 0.18483048436752592 
12 0 13 2 1 1 0.13908636093575866 
11 13 2 11 4 0 0.8382022082738079 
11 7 11 10 11 1 0.20649529229242103 
---
0 11 14.967105263157896 10.0 5
4 11 7 2 0 0 0.2903315124071937 
4 12 8 5 0 1 0.265156912902377 
7 7 8 2 2 1 0.18483048436752592 
11 2 2 2 7 0 0.36005442171266777 
7 4 8 8 8 1 0.46270238648757833 
11 7 11 10 11 1 0.20649529229242103 
2 1 12 2 0 0 0.3056419124148233 
7 7 12 8 1 1 0.18459238695342028 
3 12 0 12 4 0 0.25868839011036937 
12 0 13 2 1 1 0.13908636093575866 
---
0 12 15.193256578947366 9.0 5
7 7 8 2 2 1 0.18483048436752592 
4 11 7 2 0 0 0.2903315124071937 
7 7 12 8 1 1 0.18459238695342028 
7 4 8 8 8 1 0.46270238648757833 
4 12 8 5 0 1 0.265156912902377 
12 0 13 2 1 1 0.13908636093575866 
11 2 2 2 7 0 0.36005442171266777 
3 12 0 12 4 0 0.25868839011036937 
2 1 12 2 0 0 0.3056419124148233 
---
0 13 14.617598684210526 12.0 5
7 4 8 8 8 1 0.46270238648757833 
5 7 8 2 1 0 0.957290234281196 
3 12 0 12 4 0 0.25868839011036937 
11 2 2 2 7 0 0.36005442171266777 
4 11 7 2 0 0 0.2903315124071937 
2 1 12 2 0 0 0.3056419124148233 
7 7 12 8 1 1 0.18459238695342028 
4 12 8 5 0 1 0.265156912902377 
7 7 8 2 2 1 0.18483048436752592 
12 0 13 2 1 1 0.13908636093575866 
11 13 2 11 4 0 0.8382022082738079 
11 7 11 10 11 1 0.20649529229242103 
---
0 14 14.967105263157896 10.0 5
4 11 7 2 0 0 0.2903315124071937 
4 12 8 5 0 1 0.265156912902377 
7 7 8 2 2 1 0.18483048436752592 
11 2 2 2 7 0 0.36005442171266777 
7 4 8 8 8 1 0.46270238648757833 
11 7 11 10 11 1 0.20649529229242103 
2 1 12 2 0 0 0.3056419124148233 
7 7 12 8 1 1 0.18459238695342028 
3 12 0 12 4 0 0.25868839011036937 
12 0 13 2 1 1 0.13908636093575866 
---
0 15 14.802631578947366 11.0 5
7 7 8 2 2 1 0.18483048436752592 
3 12 0 12 4 0 0.25868839011036937 
11 2 2 2 7 0 0.36005442171266777 
12 0 13 2 1 1 0.13908636093575866 
11 7 11 10 11 1 0.20649529229242103 
7 7 12 8 1 1 0.18459238695342028 
4 12 8 5 0 1 0.265156912902377 
7 4 8 8 8 1 0.46270238648757833 
2 1 12 2 0 0 0.3056419124148233 
4 11 7 2 0 0 0.2903315124071937 
5 7 8 2 1 0 0.957290234281196 
---
0 16 21.361019736842106 2.0 5
1 1 1 0 1 0 0.36838604099793093 
7 7 4 8 0 1 0.17783767704307407 
---
0 17 19.716282894736842 3.0 5
12 7 13 2 0 1 0.29060281548986033 
1 1 1 0 1 0 0.36838604099793093 
7 7 4 8 0 1 0.17783767704307407 
---
0 18 17.413651315789476 4.0 5
11 2 2 2 7 0 0.36005442171266777 
12 0 13 2 1 1 0.13908636093575866 
1 1 7 2 1 0 0.3738325413487713 
7 7 12 8 1 1 0.18459238695342028 
---
0 19 15.193256578947366 9.0 5
4 12 8 5 0 1 0.265156912902377 
11 2 2 2 7 0 0.36005442171266777 
3 12 0 12 4 0 0.25868839011036937 
7 7 8 2 2 1 0.18483048436752592 
12 0 13 2 1 1 0.13908636093575866 
7 7 12 8 1 1 0.18459238695342028 
2 1 12 2 0 0 0.3056419124148233 
7 4 8 8 8 1 0.46270238648757833 
4 11 7 2 0 0 0.2903315124071937 
---
0 20 14.617598684210526 12.0 5
7 7 12 8 1 1 0.18459238695342028 
7 7 8 2 2 1 0.18483048436752592 
4 11 7 2 0 0 0.2903315124071937 
3 12 0 12 4 0 0.25868839011036937 
2 1 12 2 0 0 0.3056419124148233 
11 13 2 11 4 0 0.8382022082738079 
7 4 8 8 8 1 0.46270238648757833 
11 2 2 2 7 0 0.36005442171266777 
12 0 13 2 1 1 0.13908636093575866 
4 12 8 5 0 1 0.265156912902377 
11 7 11 10 11 1 0.20649529229242103 
5 7 8 2 1 0 0.957290234281196 
---
0 21 14.967105263157896 10.0 5
11 2 2 2 7 0 0.36005442171266777 
7 4 8 8 8 1 0.46270238648757833 
4 12 8 5 0 1 0.265156912902377 
7 7 12 8 1 1 0.18459238695342028 
2 1 12 2 0 0 0.3056419124148233 
12 0 13 2 1 1 0.13908636093575866 
11 7 11 10 11 1 0.20649529229242103 
3 12 0 12 4 0 0.25868839011036937 
7 7 8 2 2 1 0.18483048436752592 
4 11 7 2 0 0 0.2903315124071937 
---
0 22 29.337993421052634 1.0 5
0 0 0 1 2 0 0.44757839334815697 
---
0 23 21.361019736842106 2.0 5
1 1 1 0 1 0 0.36838604099793093 
7 7 4 8 0 1 0.17783767704307407 
---
0 24 19.716282894736842 3.0 5
12 7 13 2 0 1 0.29060281548986033 
1 1 1 0 1 0 0.36838604099793093 
7 7 4 8 0 1 0.17783767704307407 
---
0 25 17.413651315789476 4.0 5
11 2 2 2 7 0 0.36005442171266777 
1 1 7 2 1 0 0.3738325413487713 
12 0 13 2 1 1 0.13908636093575866 
7 7 12 8 1 1 0.18459238695342028 
---
0 26 15.193256578947366 9.0 5
7 7 8 2 2 1 0.18483048436752592 
4 11 7 2 0 0 0.2903315124071937 
7 7 12 8 1 1 0.18459238695342028 
7 4 8 8 8 1 0.46270238648757833 
4 12 8 5 0 1 0.265156912902377 
12 0 13 2 1 1 0.13908636093575866 
11 2 2 2 7 0 0.36005442171266777 
3 12 0 12 4 0 0.25868839011036937 
2 1 12 2 0 0 0.3056419124148233 
---
0 27 14.617598684210526 12.0 5
2 1 12 2 0 0 0.3056419124148233 
12 0 13 2 1 1 0.13908636093575866 
11 7 11 10 11 1 0.20649529229242103 
7 4 8 8 8 1 0.46270238648757833 
7 7 12 8 1 1 0.18459238695342028 
4 11 7 2 0 0 0.2903315124071937 
11 13 2 11 4 0 0.8382022082738079 
5 7 8 2 1 0 0.957290234281196 
11 2 2 2 7 0 0.36005442171266777 
4 12 8 5 0 1 0.265156912902377 
3 12 0 12 4 0 0.25868839011036937 
7 7 8 2 2 1 0.18483048436752592 
---
0 28 14.967105263157896 10.0 5
4 11 7 2 0 0 0.2903315124071937 
4 12 8 5 0 1 0.265156912902377 
7 7 8 2 2 1 0.18483048436752592 
11 2 2 2 7 0 0.36005442171266777 
7 4 8 8 8 1 0.46270238648757833 
11 7 11 10 11 1 0.20649529229242103 
2 1 12 2 0 0 0.3056419124148233 
7 7 12 8 1 1 0.18459238695342028 
3 12 0 12 4 0 0.25868839011036937 
12 0 13 2 1 1 0.13908636093575866 
---
0 29 14.802631578947366 11.0 5
2 1 12 2 0 0 0.3056419124148233 
4 11 7 2 0 0 0.2903315124071937 
7 7 8 2 2 1 0.18483048436752592 
7 4 8 8 8 1 0.46270238648757833 
5 7 8 2 1 0 0.957290234281196 
11 7 11 10 11 1 0.20649529229242103 
4 12 8 5 0 1 0.265156912902377 
12 0 13 2 1 1 0.13908636093575866 
3 12 0 12 4 0 0.25868839011036937 
7 7 12 8 1 1 0.18459238695342028 
11 2 2 2 7 0 0.36005442171266777 
---
0 30 29.337993421052634 1.0 5
0 0 0 1 2 0 0.44757839334815697 
---
0 31 21.361019736842106 2.0 5
1 1 1 0 1 0 0.36838604099793093 
7 7 4 8 0 1 0.17783767704307407 
---
0 32 19.716282894736842 3.0 5
12 7 13 2 0 1 0.29060281548986033 
1 1 1 0 1 0 0.36838604099793093 
7 7 4 8 0 1 0.17783767704307407 
---
0 33 17.413651315789476 4.0 5
11 2 2 2 7 0 0.36005442171266777 
12 0 13 2 1 1 0.13908636093575866 
1 1 7 2 1 0 0.3738325413487713 
7 7 12 8 1 1 0.18459238695342028 
---
0 34 15.193256578947366 9.0 5
4 12 8 5 0 1 0.265156912902377 
11 2 2 2 7 0 0.36005442171266777 
3 12 0 12 4 0 0.25868839011036937 
7 7 8 2 2 1 0.18483048436752592 
12 0 13 2 1 1 0.13908636093575866 
7 7 12 8 1 1 0.18459238695342028 
2 1 12 2 0 0 0.3056419124148233 
7 4 8 8 8 1 0.46270238648757833 
4 11 7 2 0 0 0.2903315124071937 
---
0 35 14.617598684210526 12.0 5
7 7 12 8 1 1 0.18459238695342028 
7 7 8 2 2 1 0.18483048436752592 
4 11 7 2 0 0 0.2903315124071937 
3 12 0 12 4 0 0.25868839011036937 
2 1 12 2 0 0 0.3056419124148233 
11 13 2 11 4 0 0.8382022082738079 
7 4 8 8 8 1 0.46270238648757833 
11 2 2 2 7 0 0.36005442171266777 
12 0 13 2 1 1 0.13908636093575866 
4 12 8 5 0 1 0.265156912902377 
11 7 11 10 11 1 0.20649529229242103 
5 7 8 2 1 0 0.957290234281196 
---
0 36 14.967105263157896 10.0 5
4 11 7 2 0 0 0.2903315124071937 
4 12 8 5 0 1 0.265156912902377 
7 7 8 2 2 1 0.18483048436752592 
11 2 2 2 7 0 0.36005442171266777 
7 4 8 8 8 1 0.46270238648757833 
11 7 11 10 11 1 0.20649529229242103 
2 1 12 2 0 0 0.3056419124148233 
7 7 12 8 1 1 0.18459238695342028 
3 12 0 12 4 0 0.25868839011036937 
12 0 13 2 1 1 0.13908636093575866 
---
0 37 14.802631578947366 11.0 5
7 7 8 2 2 1 0.18483048436752592 
3 12 0 12 4 0 0.25868839011036937 
11 2 2 2 7 0 0.36005442171266777 
12 0 13 2 1 1 0.13908636093575866 
11 7 11 10 11 1 0.20649529229242103 
7 7 12 8 1 1 0.18459238695342028 
4 12 8 5 0 1 0.265156912902377 
7 4 8 8 8 1 0.46270238648757833 
2 1 12 2 0 0 0.3056419124148233 
4 11 7 2 0 0 0.2903315124071937 
5 7 8 2 1 0 0.957290234281196 
---
0 38 29.337993421052634 1.0 5
0 0 0 1 2 0 0.44757839334815697 
---
0 39 21.361019736842106 2.0 5
7 7 4 8 0 1 0.17783767704307407 
1 1 1 0 1 0 0.36838604099793093 
---
0 40 19.716282894736842 3.0 5
12 7 13 2 0 1 0.29060281548986033 
1 1 1 0 1 0 0.36838604099793093 
7 7 4 8 0 1 0.17783767704307407 
---
0 41 17.413651315789476 4.0 5
11 2 2 2 7 0 0.36005442171266777 
12 0 13 2 1 1 0.13908636093575866 
1 1 7 2 1 0 0.3738325413487713 
7 7 12 8 1 1 0.18459238695342028 
---
0 42 15.193256578947366 9.0 5
4 12 8 5 0 1 0.265156912902377 
11 2 2 2 7 0 0.36005442171266777 
3 12 0 12 4 0 0.25868839011036937 
7 7 8 2 2 1 0.18483048436752592 
12 0 13 2 1 1 0.13908636093575866 
7 7 12 8 1 1 0.18459238695342028 
2 1 12 2 0 0 0.3056419124148233 
7 4 8 8 8 1 0.46270238648757833 
4 11 7 2 0 0 0.2903315124071937 
---
0 43 14.617598684210526 12.0 5
7 4 8 8 8 1 0.46270238648757833 
5 7 8 2 1 0 0.957290234281196 
3 12 0 12 4 0 0.25868839011036937 
11 2 2 2 7 0 0.36005442171266777 
4 11 7 2 0 0 0.2903315124071937 
2 1 12 2 0 0 0.3056419124148233 
7 7 12 8 1 1 0.18459238695342028 
4 12 8 5 0 1 0.265156912902377 
7 7 8 2 2 1 0.18483048436752592 
12 0 13 2 1 1 0.13908636093575866 
11 13 2 11 4 0 0.8382022082738079 
11 7 11 10 11 1 0.20649529229242103 
---
0 44 14.967105263157896 10.0 5
7 7 12 8 1 1 0.18459238695342028 
4 12 8 5 0 1 0.265156912902377 
11 2 2 2 7 0 0.36005442171266777 
2 1 12 2 0 0 0.3056419124148233 
3 12 0 12 4 0 0.25868839011036937 
4 11 7 2 0 0 0.2903315124071937 
7 4 8 8 8 1 0.46270238648757833 
7 7 8 2 2 1 0.18483048436752592 
11 7 11 10 11 1 0.20649529229242103 
12 0 13 2 1 1 0.13908636093575866 
---
0 45 14.802631578947366 11.0 5
7 7 8 2 2 1 0.18483048436752592 
3 12 0 12 4 0 0.25868839011036937 
11 2 2 2 7 0 0.36005442171266777 
12 0 13 2 1 1 0.13908636093575866 
11 7 11 10 11 1 0.20649529229242103 
7 7 12 8 1 1 0.18459238695342028 
4 12 8 5 0 1 0.265156912902377 
7 4 8 8 8 1 0.46270238648757833 
2 1 12 2 0 0 0.3056419124148233 
4 11 7 2 0 0 0.2903315124071937 
5 7 8 2 1 0 0.957290234281196 
---
0 46 29.337993421052634 1.0 5
0 2 0 1 0 0 0.5663903162308941 
---
0 47 21.361019736842106 2.0 5
1 1 1 0 1 0 0.36838604099793093 
7 7 4 8 0 1 0.17783767704307407 
---
0 48 19.716282894736842 3.0 5
12 7 13 2 0 1 0.29060281548986033 
1 1 1 0 1 0 0.36838604099793093 
7 7 4 8 0 1 0.17783767704307407 
---
0 49 17.413651315789476 4.0 5
11 2 2 2 7 0 0.36005442171266777 
1 1 7 2 1 0 0.3738325413487713 
12 0 13 2 1 1 0.13908636093575866 
7 7 12 8 1 1 0.18459238695342028 
---
0 50 15.193256578947366 9.0 5
4 12 8 5 0 1 0.265156912902377 
11 2 2 2 7 0 0.36005442171266777 
3 12 0 12 4 0 0.25868839011036937 
7 7 8 2 2 1 0.18483048436752592 
12 0 13 2 1 1 0.13908636093575866 
7 7 12 8 1 1 0.18459238695342028 
2 1 12 2 0 0 0.3056419124148233 
7 4 8 8 8 1 0.46270238648757833 
4 11 7 2 0 0 0.2903315124071937 
---
0 51 14.617598684210526 12.0 5
7 4 8 8 8 1 0.46270238648757833 
5 7 8 2 1 0 0.957290234281196 
3 12 0 12 4 0 0.25868839011036937 
11 2 2 2 7 0 0.36005442171266777 
4 11 7 2 0 0 0.2903315124071937 
2 1 12 2 0 0 0.3056419124148233 
7 7 12 8 1 1 0.18459238695342028 
4 12 8 5 0 1 0.265156912902377 
7 7 8 2 2 1 0.18483048436752592 
12 0 13 2 1 1 0.13908636093575866 
11 13 2 11 4 0 0.8382022082738079 
11 7 11 10 11 1 0.20649529229242103 
---
0 52 14.967105263157896 10.0 5
4 11 7 2 0 0 0.2903315124071937 
4 12 8 5 0 1 0.265156912902377 
7 7 8 2 2 1 0.18483048436752592 
11 2 2 2 7 0 0.36005442171266777 
7 4 8 8 8 1 0.46270238648757833 
11 7 11 10 11 1 0.20649529229242103 
2 1 12 2 0 0 0.3056419124148233 
7 7 12 8 1 1 0.18459238695342028 
3 12 0 12 4 0 0.25868839011036937 
12 0 13 2 1 1 0.13908636093575866 
---
0 53 14.802631578947366 11.0 5
7 7 8 2 2 1 0.18483048436752592 
3 12 0 12 4 0 0.25868839011036937 
11 2 2 2 7 0 0.36005442171266777 
12 0 13 2 1 1 0.13908636093575866 
11 7 11 10 11 1 0.20649529229242103 
7 7 12 8 1 1 0.18459238695342028 
4 12 8 5 0 1 0.265156912902377 
7 4 8 8 8 1 0.46270238648757833 
2 1 12 2 0 0 0.3056419124148233 
4 11 7 2 0 0 0.2903315124071937 
5 7 8 2 1 0 0.957290234281196 
---
0 54 29.337993421052634 1.0 5
0 0 0 1 2 0 0.44757839334815697 
---
0 55 21.361019736842106 2.0 5
7 7 4 8 0 1 0.17783767704307407 
1 1 1 0 1 0 0.36838604099793093 
---
0 56 17.413651315789476 4.0 5
11 2 2 2 7 0 0.36005442171266777 
12 0 13 2 1 1 0.13908636093575866 
1 1 7 2 1 0 0.3738325413487713 
7 7 12 8 1 1 0.18459238695342028 
---
0 57 15.193256578947366 9.0 5
4 12 8 5 0 1 0.265156912902377 
11 2 2 2 7 0 0.36005442171266777 
3 12 0 12 4 0 0.25868839011036937 
7 7 8 2 2 1 0.18483048436752592 
12 0 13 2 1 1 0.13908636093575866 
7 7 12 8 1 1 0.18459238695342028 
2 1 12 2 0 0 0.3056419124148233 
7 4 8 8 8 1 0.46270238648757833 
4 11 7 2 0 0 0.2903315124071937 
---
0 58 14.617598684210526 12.0 5
7 4 8 8 8 1 0.46270238648757833 
5 7 8 2 1 0 0.957290234281196 
3 12 0 12 4 0 0.25868839011036937 
11 2 2 2 7 0 0.36005442171266777 
4 11 7 2 0 0 0.2903315124071937 
2 1 12 2 0 0 0.3056419124148233 
7 7 12 8 1 1 0.18459238695342028 
4 12 8 5 0 1 0.265156912902377 
7 7 8 2 2 1 0.18483048436752592 
12 0 13 2 1 1 0.13908636093575866 
11 13 2 11 4 0 0.8382022082738079 
11 7 11 10 11 1 0.20649529229242103 
---
0 59 14.967105263157896 10.0 5
7 7 12 8 1 1 0.18459238695342028 
4 12 8 5 0 1 0.265156912902377 
11 2 2 2 7 0 0.36005442171266777 
2 1 12 2 0 0 0.3056419124148233 
3 12 0 12 4 0 0.25868839011036937 
4 11 7 2 0 0 0.2903315124071937 
7 4 8 8 8 1 0.46270238648757833 
7 7 8 2 2 1 0.18483048436752592 
11 7 11 10 11 1 0.20649529229242103 
12 0 13 2 1 1 0.13908636093575866 
---
0 60 21.361019736842106 2.0 5
1 1 1 0 1 0 0.36838604099793093 
7 7 4 8 0 1 0.17783767704307407 
---
0 61 17.413651315789476 4.0 5
11 2 2 2 7 0 0.36005442171266777 
12 0 13 2 1 1 0.13908636093575866 
1 1 7 2 1 0 0.3738325413487713 
7 7 12 8 1 1 0.18459238695342028 
---
0 62 15.193256578947366 9.0 5
4 12 8 5 0 1 0.265156912902377 
11 2 2 2 7 0 0.36005442171266777 
3 12 0 12 4 0 0.25868839011036937 
7 7 8 2 2 1 0.18483048436752592 
12 0 13 2 1 1 0.13908636093575866 
7 7 12 8 1 1 0.18459238695342028 
2 1 12 2 0 0 0.3056419124148233 
7 4 8 8 8 1 0.46270238648757833 
4 11 7 2 0 0 0.2903315124071937 
---
0 63 14.617598684210526 12.0 5
7 4 8 8 8 1 0.46270238648757833 
5 7 8 2 1 0 0.957290234281196 
3 12 0 12 4 0 0.25868839011036937 
11 2 2 2 7 0 0.36005442171266777 
4 11 7 2 0 0 0.2903315124071937 
2 1 12 2 0 0 0.3056419124148233 
7 7 12 8 1 1 0.18459238695342028 
4 12 8 5 0 1 0.265156912902377 
7 7 8 2 2 1 0.18483048436752592 
12 0 13 2 1 1 0.13908636093575866 
11 13 2 11 4 0 0.8382022082738079 
11 7 11 10 11 1 0.20649529229242103 
---
0 64 14.967105263157896 10.0 5
4 11 7 2 0 0 0.2903315124071937 
4 12 8 5 0 1 0.265156912902377 
7 7 8 2 2 1 0.18483048436752592 
11 2 2 2 7 0 0.36005442171266777 
7 4 8 8 8 1 0.46270238648757833 
11 7 11 10 11 1 0.20649529229242103 
2 1 12 2 0 0 0.3056419124148233 
7 7 12 8 1 1 0.18459238695342028 
3 12 0 12 4 0 0.25868839011036937 
12 0 13 2 1 1 0.13908636093575866 
---
0 65 14.802631578947366 11.0 5
2 1 12 2 0 0 0.3056419124148233 
4 11 7 2 0 0 0.2903315124071937 
7 7 8 2 2 1 0.18483048436752592 
7 4 8 8 8 1 0.46270238648757833 
5 7 8 2 1 0 0.957290234281196 
11 7 11 10 11 1 0.20649529229242103 
4 12 8 5 0 1 0.265156912902377 
12 0 13 2 1 1 0.13908636093575866 
3 12 0 12 4 0 0.25868839011036937 
7 7 12 8 1 1 0.18459238695342028 
11 2 2 2 7 0 0.36005442171266777 
---
0 66 21.361019736842106 2.0 5
7 7 4 8 0 1 0.17783767704307407 
1 1 1 0 1 0 0.36838604099793093 
---
0 67 17.413651315789476 4.0 5
11 2 2 2 7 0 0.36005442171266777 
1 1 7 2 1 0 0.3738325413487713 
12 0 13 2 1 1 0.13908636093575866 
7 7 12 8 1 1 0.18459238695342028 
---
0 68 15.193256578947366 9.0 5
4 12 8 5 0 1 0.265156912902377 
11 2 2 2 7 0 0.36005442171266777 
3 12 0 12 4 0 0.25868839011036937 
7 7 8 2 2 1 0.18483048436752592 
12 0 13 2 1 1 0.13908636093575866 
7 7 12 8 1 1 0.18459238695342028 
2 1 12 2 0 0 0.3056419124148233 
7 4 8 8 8 1 0.46270238648757833 
4 11 7 2 0 0 0.2903315124071937 
---
0 69 14.617598684210526 12.0 5
7 4 8 8 8 1 0.46270238648757833 
5 7 8 2 1 0 0.957290234281196 
3 12 0 12 4 0 0.25868839011036937 
11 2 2 2 7 0 0.36005442171266777 
4 11 7 2 0 0 0.2903315124071937 
2 1 12 2 0 0 0.3056419124148233 
7 7 12 8 1 1 0.18459238695342028 
4 12 8 5 0 1 0.265156912902377 
7 7 8 2 2 1 0.18483048436752592 
12 0 13 2 1 1 0.13908636093575866 
11 13 2 11 4 0 0.8382022082738079 
11 7 11 10 11 1 0.20649529229242103 
---
0 70 14.967105263157896 10.0 5
11 2 2 2 7 0 0.36005442171266777 
7 4 8 8 8 1 0.46270238648757833 
4 12 8 5 0 1 0.265156912902377 
7 7 12 8 1 1 0.18459238695342028 
2 1 12 2 0 0 0.3056419124148233 
12 0 13 2 1 1 0.13908636093575866 
11 7 11 10 11 1 0.20649529229242103 
3 12 0 12 4 0 0.25868839011036937 
7 7 8 2 2 1 0.18483048436752592 
4 11 7 2 0 0 0.2903315124071937 
---
0 71 14.802631578947366 11.0 5
7 7 8 2 2 1 0.18483048436752592 
3 12 0 12 4 0 0.25868839011036937 
11 2 2 2 7 0 0.36005442171266777 
12 0 13 2 1 1 0.13908636093575866 
11 7 11 10 11 1 0.20649529229242103 
7 7 12 8 1 1 0.18459238695342028 
4 12 8 5 0 1 0.265156912902377 
7 4 8 8 8 1 0.46270238648757833 
2 1 12 2 0 0 0.3056419124148233 
4 11 7 2 0 0 0.2903315124071937 
5 7 8 2 1 0 0.957290234281196 
---
0 72 29.337993421052634 1.0 5
0 0 0 1 2 0 0.44757839334815697 
---
0 73 21.361019736842106 2.0 5
7 7 4 8 0 1 0.17783767704307407 
1 1 1 0 1 0 0.36838604099793093 
---
0 74 17.413651315789476 4.0 5
11 2 2 2 7 0 0.36005442171266777 
1 1 7 2 1 0 0.3738325413487713 
12 0 13 2 1 1 0.13908636093575866 
7 7 12 8 1 1 0.18459238695342028 
---
0 75 15.193256578947366 9.0 5
7 7 8 2 2 1 0.18483048436752592 
4 11 7 2 0 0 0.2903315124071937 
7 7 12 8 1 1 0.18459238695342028 
7 4 8 8 8 1 0.46270238648757833 
4 12 8 5 0 1 0.265156912902377 
12 0 13 2 1 1 0.13908636093575866 
11 2 2 2 7 0 0.36005442171266777 
3 12 0 12 4 0 0.25868839011036937 
2 1 12 2 0 0 0.3056419124148233 
---
0 76 14.617598684210526 12.0 5
7 4 8 8 8 1 0.46270238648757833 
5 7 8 2 1 0 0.957290234281196 
3 12 0 12 4 0 0.25868839011036937 
11 2 2 2 7 0 0.36005442171266777 
4 11 7 2 0 0 0.2903315124071937 
2 1 12 2 0 0 0.3056419124148233 
7 7 12 8 1 1 0.18459238695342028 
4 12 8 5 0 1 0.265156912902377 
7 7 8 2 2 1 0.18483048436752592 
12 0 13 2 1 1 0.13908636093575866 
11 13 2 11 4 0 0.8382022082738079 
11 7 11 10 11 1 0.20649529229242103 
---
0 77 14.967105263157896 10.0 5
7 7 12 8 1 1 0.18459238695342028 
4 12 8 5 0 1 0.265156912902377 
11 2 2 2 7 0 0.36005442171266777 
2 1 12 2 0 0 0.3056419124148233 
3 12 0 12 4 0 0.25868839011036937 
4 11 7 2 0 0 0.2903315124071937 
7 4 8 8 8 1 0.46270238648757833 
7 7 8 2 2 1 0.18483048436752592 
11 7 11 10 11 1 0.20649529229242103 
12 0 13 2 1 1 0.13908636093575866 
---
0 78 14.802631578947366 11.0 5
7 7 8 2 2 1 0.18483048436752592 
3 12 0 12 4 0 0.25868839011036937 
11 2 2 2 7 0 0.36005442171266777 
12 0 13 2 1 1 0.13908636093575866 
11 7 11 10 11 1 0.20649529229242103 
7 7 12 8 1 1 0.18459238695342028 
4 12 8 5 0 1 0.265156912902377 
7 4 8 8 8 1 0.46270238648757833 
2 1 12 2 0 0 0.3056419124148233 
4 11 7 2 0 0 0.2903315124071937 
5 7 8 2 1 0 0.957290234281196 
---
0 79 29.337993421052634 1.0 5
0 0 0 1 2 0 0.44757839334815697 
---
0 80 21.361019736842106 2.0 5
1 1 1 0 1 0 0.36838604099793093 
7 7 4 8 0 1 0.17783767704307407 
---
1 0 29.337993421052634 1.0 5
0 0 0 1 2 0 0.45009007291777614 
---
1 1 14.473684210526317 15.0 5
4 12 8 5 0 1 0.265156912902377 
11 7 11 10 11 1 0.20649529229242103 
7 4 8 8 8 1 0.46270238648757833 
3 12 0 12 4 0 0.25868839011036937 
2 1 12 2 0 0 0.3056419124148233 
12 0 13 2 1 1 0.13908636093575866 
7 0 7 2 5 0 0.18195106742440603 
4 11 7 2 0 0 0.2903315124071937 
11 13 2 11 4 0 0.8382022082738079 
7 7 12 8 1 1 0.18459238695342028 
5 7 8 2 1 0 0.957290234281196 
0 2 2 2 2 0 0.17661687091969647 
11 2 2 2 7 0 0.36005442171266777 
7 7 8 2 2 1 0.18483048436752592 
4 12 8 5 0 1 0.265156912902377 
---
1 2 21.011513157894736 2.0 5
7 7 8 8 0 1 0.22199199323095775 
1 0 2 1 1 0 0.40981995284323647 
---
1 3 19.983552631578945 3.0 5
7 7 8 8 0 1 0.22199199323095775 
1 0 2 1 1 0 0.40981995284323647 
2 11 7 2 0 0 0.579170510711726 
---
1 4 17.434210526315788 4.0 5
1 1 7 2 1 0 0.3876788774608979 
11 2 2 2 7 0 0.36005442171266777 
12 0 13 2 1 1 0.13908636093575866 
7 7 12 8 1 1 0.18459238695342028 
---
1 5 15.213815789473683 9.0 5
11 2 2 2 7 0 0.36005442171266777 
4 12 8 5 0 1 0.265156912902377 
7 7 12 8 1 1 0.18459238695342028 
7 7 8 2 2 1 0.18483048436752592 
7 4 8 8 8 1 0.46270238648757833 
2 11 7 2 0 0 0.579170510711726 
2 1 12 2 0 0 0.3056419124148233 
12 0 13 2 1 1 0.13908636093575866 
3 12 0 12 4 0 0.25868839011036937 
---
1 6 14.782072368421053 11.0 5
11 13 2 11 4 0 0.8382022082738079 
4 12 8 5 0 1 0.265156912902377 
11 2 2 2 7 0 0.36005442171266777 
4 11 7 2 0 0 0.2903315124071937 
7 4 8 8 8 1 0.46270238648757833 
12 0 13 2 1 1 0.13908636093575866 
2 1 12 2 0 0 0.3056419124148233 
7 7 12 8 1 1 0.18459238695342028 
7 7 8 2 2 1 0.18483048436752592 
3 12 0 12 4 0 0.25868839011036937 
11 7 11 10 11 1 0.20649529229242103 
---
1 7 14.535361842105262 13.0 5
0 2 2 2 2 0 0.17661687091969647 
11 7 11 10 11 1 0.20649529229242103 
5 7 8 2 1 0 0.957290234281196 
4 11 7 2 0 0 0.2903315124071937 
12 0 13 2 1 1 0.13908636093575866 
11 13 2 11 4 0 0.8382022082738079 
7 4 8 8 8 1 0.46270238648757833 
4 12 8 5 0 1 0.265156912902377 
2 1 12 2 0 0 0.3056419124148233 
7 7 8 2 2 1 0.18483048436752592 
7 7 12 8 1 1 0.18459238695342028 
3 12 0 12 4 0 0.25868839011036937 
11 2 2 2 7 0 0.36005442171266777 
---
1 8 21.011513157894736 2.0 5
1 0 2 1 1 0 0.40981995284323647 
7 7 8 8 0 1 0.22199199323095775 
---
1 9 19.983552631578945 3.0 5
7 7 8 8 0 1 0.22199199323095775 
1 0 2 1 1 0 0.40981995284323647 
2 11 7 2 0 0 0.579170510711726 
---
1 10 16.961348684210524 6.0 5
7 7 12 8 1 1 0.18459238695342028 
1 1 7 2 1 0 0.3876788774608979 
11 2 2 2 7 0 0.36005442171266777 
5 7 8 2 1 0 0.957290234281196 
4 12 8 5 0 1 0.265156912902377 
12 0 13 2 1 1 0.13908636093575866 
---
1 11 16.221217105263158 7.0 5
7 7 8 2 2 1 0.18483048436752592 
11 2 2 2 7 0 0.36005442171266777 
12 0 13 2 1 1 0.13908636093575866 
7 4 8 8 8 1 0.46270238648757833 
2 11 7 2 0 0 0.579170510711726 
2 1 12 2 0 0 0.3056419124148233 
7 7 12 8 1 1 0.18459238695342028 
---
1 12 16.221217105263158 7.0 5
7 7 8 2 2 1 0.18483048436752592 
11 2 2 2 7 0 0.36005442171266777 
12 0 13 2 1 1 0.13908636093575866 
7 4 8 8 8 1 0.46270238648757833 
2 11 7 2 0 0 0.579170510711726 
2 1 12 2 0 0 0.3056419124148233 
7 7 12 8 1 1 0.18459238695342028 
---
1 13 15.625 8.0 5
7 4 8 8 8 1 0.46270238648757833 
4 12 8 5 0 1 0.265156912902377 
2 1 12 2 0 0 0.3056419124148233 
7 7 8 2 2 1 0.18483048436752592 
12 0 13 2 1 1 0.13908636093575866 
11 2 2 2 7 0 0.36005442171266777 
7 7 12 8 1 1 0.18459238695342028 
2 11 7 2 0 0 0.579170510711726 
---
1 14 15.625 8.0 5
7 4 8 8 8 1 0.46270238648757833 
4 12 8 5 0 1 0.265156912902377 
2 1 12 2 0 0 0.3056419124148233 
7 7 8 2 2 1 0.18483048436752592 
12 0 13 2 1 1 0.13908636093575866 
11 2 2 2 7 0 0.36005442171266777 
7 7 12 8 1 1 0.18459238695342028 
2 11 7 2 0 0 0.579170510711726 
---
1 15 17.434210526315788 4.0 5
1 1 7 2 1 0 0.3876788774608979 
11 2 2 2 7 0 0.36005442171266777 
12 0 13 2 1 1 0.13908636093575866 
7 7 12 8 1 1 0.18459238695342028 
---
1 16 15.213815789473683 9.0 5
11 2 2 2 7 0 0.36005442171266777 
4 12 8 5 0 1 0.265156912902377 
7 7 12 8 1 1 0.18459238695342028 
7 7 8 2 2 1 0.18483048436752592 
7 4 8 8 8 1 0.46270238648757833 
2 11 7 2 0 0 0.579170510711726 
2 1 12 2 0 0 0.3056419124148233 
12 0 13 2 1 1 0.13908636093575866 
3 12 0 12 4 0 0.25868839011036937 
---
1 17 14.782072368421053 11.0 5
11 13 2 11 4 0 0.8382022082738079 
4 12 8 5 0 1 0.265156912902377 
11 2 2 2 7 0 0.36005442171266777 
4 11 7 2 0 0 0.2903315124071937 
7 4 8 8 8 1 0.46270238648757833 
12 0 13 2 1 1 0.13908636093575866 
2 1 12 2 0 0 0.3056419124148233 
7 7 12 8 1 1 0.18459238695342028 
7 7 8 2 2 1 0.18483048436752592 
3 12 0 12 4 0 0.25868839011036937 
11 7 11 10 11 1 0.20649529229242103 
---
1 18 14.617598684210526 12.0 5
4 11 7 2 0 0 0.2903315124071937 
4 12 8 5 0 1 0.265156912902377 
11 2 2 2 7 0 0.36005442171266777 
12 0 13 2 1 1 0.13908636093575866 
2 1 12 2 0 0 0.3056419124148233 
7 7 12 8 1 1 0.18459238695342028 
3 12 0 12 4 0 0.25868839011036937 
11 7 11 10 11 1 0.20649529229242103 
7 4 8 8 8 1 0.46270238648757833 
7 7 8 2 2 1 0.18483048436752592 
5 7 8 2 1 0 0.957290234281196 
11 13 2 11 4 0 0.8382022082738079 
---
1 19 16.961348684210524 6.0 5
7 7 12 8 1 1 0.18459238695342028 
1 1 7 2 1 0 0.3876788774608979 
11 2 2 2 7 0 0.36005442171266777 
5 7 8 2 1 0 0.957290234281196 
4 12 8 5 0 1 0.265156912902377 
12 0 13 2 1 1 0.13908636093575866 
---
1 20 14.535361842105262 13.0 5
7 7 12 8 1 1 0.18459238695342028 
7 7 8 2 2 1 0.18483048436752592 
3 12 0 12 4 0 0.25868839011036937 
11 13 2 11 4 0 0.8382022082738079 
5 7 8 2 1 0 0.957290234281196 
4 12 8 5 0 1 0.265156912902377 
4 11 7 2 0 0 0.2903315124071937 
0 2 2 2 2 0 0.17661687091969647 
11 2 2 2 7 0 0.36005442171266777 
11 7 11 10 11 1 0.20649529229242103 
7 4 8 8 8 1 0.46270238648757833 
12 0 13 2 1 1 0.13908636093575866 
2 1 12 2 0 0 0.3056419124148233 
---
1 21 14.617598684210526 12.0 5
4 11 7 2 0 0 0.2903315124071937 
4 12 8 5 0 1 0.265156912902377 
11 2 2 2 7 0 0.36005442171266777 
12 0 13 2 1 1 0.13908636093575866 
2 1 12 2 0 0 0.3056419124148233 
7 7 12 8 1 1 0.18459238695342028 
3 12 0 12 4 0 0.25868839011036937 
11 7 11 10 11 1 0.20649529229242103 
7 4 8 8 8 1 0.46270238648757833 
7 7 8 2 2 1 0.18483048436752592 
5 7 8 2 1 0 0.957290234281196 
11 13 2 11 4 0 0.8382022082738079 
---
1 22 29.337993421052634 1.0 5
0 0 0 1 0 0 0.5117153903267757 
---
1 23 14.473684210526317 15.0 5
4 12 8 5 0 1 0.265156912902377 
11 7 11 10 11 1 0.20649529229242103 
7 4 8 8 8 1 0.46270238648757833 
3 12 0 12 4 0 0.25868839011036937 
2 1 12 2 0 0 0.3056419124148233 
12 0 13 2 1 1 0.13908636093575866 
7 0 7 2 5 0 0.18195106742440603 
4 11 7 2 0 0 0.2903315124071937 
11 13 2 11 4 0 0.8382022082738079 
7 7 12 8 1 1 0.18459238695342028 
5 7 8 2 1 0 0.957290234281196 
0 2 2 2 2 0 0.17661687091969647 
11 2 2 2 7 0 0.36005442171266777 
7 7 8 2 2 1 0.18483048436752592 
4 12 8 5 0 1 0.265156912902377 
---
1 24 21.011513157894736 2.0 5
1 0 2 1 1 0 0.40981995284323647 
7 7 8 8 0 1 0.22199199323095775 
---
1 25 19.983552631578945 3.0 5
2 11 7 2 0 0 0.579170510711726 
7 7 8 8 0 1 0.22199199323095775 
1 0 2 1 1 0 0.40981995284323647 
---
1 26 16.221217105263158 7.0 5
7 7 8 2 2 1 0.18483048436752592 
11 2 2 2 7 0 0.36005442171266777 
12 0 13 2 1 1 0.13908636093575866 
7 4 8 8 8 1 0.46270238648757833 
2 11 7 2 0 0 0.579170510711726 
2 1 12 2 0 0 0.3056419124148233 
7 7 12 8 1 1 0.18459238695342028 
---
1 27 15.625 8.0 5
7 4 8 8 8 1 0.46270238648757833 
4 12 8 5 0 1 0.265156912902377 
2 1 12 2 0 0 0.3056419124148233 
7 7 8 2 2 1 0.18483048436752592 
12 0 13 2 1 1 0.13908636093575866 
11 2 2 2 7 0 0.36005442171266777 
7 7 12 8 1 1 0.18459238695342028 
2 11 7 2 0 0 0.579170510711726 
---
1 28 17.434210526315788 4.0 5
1 1 7 2 1 0 0.3876788774608979 
11 2 2 2 7 0 0.36005442171266777 
12 0 13 2 1 1 0.13908636093575866 
7 7 12 8 1 1 0.18459238695342028 
---
1 29 15.213815789473683 9.0 5
11 2 2 2 7 0 0.36005442171266777 
4 12 8 5 0 1 0.265156912902377 
7 7 12 8 1 1 0.18459238695342028 
7 7 8 2 2 1 0.18483048436752592 
7 4 8 8 8 1 0.46270238648757833 
2 11 7 2 0 0 0.579170510711726 
2 1 12 2 0 0 0.3056419124148233 
12 0 13 2 1 1 0.13908636093575866 
3 12 0 12 4 0 0.25868839011036937 
---
1 30 14.782072368421053 11.0 5
11 13 2 11 4 0 0.8382022082738079 
4 12 8 5 0 1 0.265156912902377 
11 2 2 2 7 0 0.36005442171266777 
4 11 7 2 0 0 0.2903315124071937 
7 4 8 8 8 1 0.46270238648757833 
12 0 13 2 1 1 0.13908636093575866 
2 1 12 2 0 0 0.3056419124148233 
7 7 12 8 1 1 0.18459238695342028 
7 7 8 2 2 1 0.18483048436752592 
3 12 0 12 4 0 0.25868839011036937 
11 7 11 10 11 1 0.20649529229242103 
---
1 31 16.961348684210524 6.0 5
7 7 12 8 1 1 0.18459238695342028 
1 1 7 2 1 0 0.3876788774608979 
11 2 2 2 7 0 0.36005442171266777 
5 7 8 2 1 0 0.957290234281196 
4 12 8 5 0 1 0.265156912902377 
12 0 13 2 1 1 0.13908636093575866 
---
1 32 14.535361842105262 13.0 5
0 2 2 2 2 0 0.17661687091969647 
11 7 11 10 11 1 0.20649529229242103 
5 7 8 2 1 0 0.957290234281196 
4 11 7 2 0 0 0.2903315124071937 
12 0 13 2 1 1 0.13908636093575866 
11 13 2 11 4 0 0.8382022082738079 
7 4 8 8 8 1 0.46270238648757833 
4 12 8 5 0 1 0.265156912902377 
2 1 12 2 0 0 0.3056419124148233 
7 7 8 2 2 1 0.18483048436752592 
7 7 12 8 1 1 0.18459238695342028 
3 12 0 12 4 0 0.25868839011036937 
11 2 2 2 7 0 0.36005442171266777 
---
1 33 14.617598684210526 12.0 5
4 11 7 2 0 0 0.2903315124071937 
4 12 8 5 0 1 0.265156912902377 
11 2 2 2 7 0 0.36005442171266777 
12 0 13 2 1 1 0.13908636093575866 
2 1 12 2 0 0 0.3056419124148233 
7 7 12 8 1 1 0.18459238695342028 
3 12 0 12 4 0 0.25868839011036937 
11 7 11 10 11 1 0.20649529229242103 
7 4 8 8 8 1 0.46270238648757833 
7 7 8 2 2 1 0.18483048436752592 
5 7 8 2 1 0 0.957290234281196 
11 13 2 11 4 0 0.8382022082738079 
---
1 34 29.337993421052634 1.0 5
0 0 0 1 2 0 0.45009007291777614 
---
1 35 14.473684210526317 15.0 5
4 12 8 5 0 1 0.265156912902377 
11 7 11 10 11 1 0.20649529229242103 
7 4 8 8 8 1 0.46270238648757833 
3 12 0 12 4 0 0.25868839011036937 
2 1 12 2 0 0 0.3056419124148233 
12 0 13 2 1 1 0.13908636093575866 
7 0 7 2 5 0 0.18195106742440603 
4 11 7 2 0 0 0.2903315124071937 
11 13 2 11 4 0 0.8382022082738079 
7 7 12 8 1 1 0.18459238695342028 
5 7 8 2 1 0 0.957290234281196 
0 2 2 2 2 0 0.17661687091969647 
11 2 2 2 7 0 0.36005442171266777 
7 7 8 2 2 1 0.18483048436752592 
4 12 8 5 0 1 0.265156912902377 
---
1 36 21.011513157894736 2.0 5
1 0 2 1 1 0 0.40981995284323647 
7 7 8 8 0 1 0.22199199323095775 
---
1 37 19.983552631578945 3.0 5
1 0 2 1 1 0 0.40981995284323647 
7 7 8 8 0 1 0.22199199323095775 
2 11 7 2 0 0 0.579170510711726 
---
1 38 16.221217105263158 7.0 5
7 7 8 2 2 1 0.18483048436752592 
11 2 2 2 7 0 0.36005442171266777 
12 0 13 2 1 1 0.13908636093575866 
7 4 8 8 8 1 0.46270238648757833 
2 11 7 2 0 0 0.579170510711726 
2 1 12 2 0 0 0.3056419124148233 
7 7 12 8 1 1 0.18459238695342028 
---
1 39 15.625 8.0 5
7 4 8 8 8 1 0.46270238648757833 
4 12 8 5 0 1 0.265156912902377 
2 1 12 2 0 0 0.3056419124148233 
7 7 8 2 2 1 0.18483048436752592 
12 0 13 2 1 1 0.13908636093575866 
11 2 2 2 7 0 0.36005442171266777 
7 7 12 8 1 1 0.18459238695342028 
2 11 7 2 0 0 0.579170510711726 
---
1 40 17.434210526315788 4.0 5
1 1 7 2 1 0 0.3876788774608979 
11 2 2 2 7 0 0.36005442171266777 
12 0 13 2 1 1 0.13908636093575866 
7 7 12 8 1 1 0.18459238695342028 
---
1 41 15.213815789473683 9.0 5
11 2 2 2 7 0 0.36005442171266777 
4 12 8 5 0 1 0.265156912902377 
7 7 12 8 1 1 0.18459238695342028 
7 7 8 2 2 1 0.18483048436752592 
7 4 8 8 8 1 0.46270238648757833 
2 11 7 2 0 0 0.579170510711726 
2 1 12 2 0 0 0.3056419124148233 
12 0 13 2 1 1 0.13908636093575866 
3 12 0 12 4 0 0.25868839011036937 
---
1 42 14.782072368421053 11.0 5
11 13 2 11 4 0 0.8382022082738079 
4 12 8 5 0 1 0.265156912902377 
11 2 2 2 7 0 0.36005442171266777 
4 11 7 2 0 0 0.2903315124071937 
7 4 8 8 8 1 0.46270238648757833 
12 0 13 2 1 1 0.13908636093575866 
2 1 12 2 0 0 0.3056419124148233 
7 7 12 8 1 1 0.18459238695342028 
7 7 8 2 2 1 0.18483048436752592 
3 12 0 12 4 0 0.25868839011036937 
11 7 11 10 11 1 0.20649529229242103 
---
1 43 14.535361842105262 13.0 5
0 2 2 2 2 0 0.17661687091969647 
11 7 11 10 11 1 0.20649529229242103 
5 7 8 2 1 0 0.957290234281196 
4 11 7 2 0 0 0.2903315124071937 
12 0 13 2 1 1 0.13908636093575866 
11 13 2 11 4 0 0.8382022082738079 
7 4 8 8 8 1 0.46270238648757833 
4 12 8 5 0 1 0.265156912902377 
2 1 12 2 0 0 0.3056419124148233 
7 7 8 2 2 1 0.18483048436752592 
7 7 12 8 1 1 0.18459238695342028 
3 12 0 12 4 0 0.25868839011036937 
11 2 2 2 7 0 0.36005442171266777 
---
1 44 14.617598684210526 12.0 5
4 11 7 2 0 0 0.2903315124071937 
4 12 8 5 0 1 0.265156912902377 
11 2 2 2 7 0 0.36005442171266777 
12 0 13 2 1 1 0.13908636093575866 
2 1 12 2 0 0 0.3056419124148233 
7 7 12 8 1 1 0.18459238695342028 
3 12 0 12 4 0 0.25868839011036937 
11 7 11 10 11 1 0.20649529229242103 
7 4 8 8 8 1 0.46270238648757833 
7 7 8 2 2 1 0.18483048436752592 
5 7 8 2 1 0 0.957290234281196 
11 13 2 11 4 0 0.8382022082738079 
---
1 45 29.337993421052634 1.0 5
0 2 0 0 2 0 0.42958542713177317 
---
1 46 14.473684210526317 15.0 5
4 12 8 5 0 1 0.265156912902377 
11 7 11 10 11 1 0.20649529229242103 
7 4 8 8 8 1 0.46270238648757833 
3 12 0 12 4 0 0.25868839011036937 
2 1 12 2 0 0 0.3056419124148233 
12 0 13 2 1 1 0.13908636093575866 
7 0 7 2 5 0 0.18195106742440603 
4 11 7 2 0 0 0.2903315124071937 
11 13 2 11 4 0 0.8382022082738079 
7 7 12 8 1 1 0.18459238695342028 
5 7 8 2 1 0 0.957290234281196 
0 2 2 2 2 0 0.17661687091969647 
11 2 2 2 7 0 0.36005442171266777 
7 7 8 2 2 1 0.18483048436752592 
4 12 8 5 0 1 0.265156912902377 
---
1 47 21.011513157894736 2.0 5
1 0 2 1 1 0 0.40981995284323647 
7 7 8 8 0 1 0.22199199323095775 
---
1 48 19.983552631578945 3.0 5
1 0 2 1 1 0 0.40981995284323647 
7 7 8 8 0 1 0.22199199323095775 
2 11 7 2 0 0 0.579170510711726 
---
1 49 16.221217105263158 7.0 5
7 7 8 2 2 1 0.18483048436752592 
11 2 2 2 7 0 0.36005442171266777 
12 0 13 2 1 1 0.13908636093575866 
7 4 8 8 8 1 0.46270238648757833 
2 11 7 2 0 0 0.579170510711726 
2 1 12 2 0 0 0.3056419124148233 
7 7 12 8 1 1 0.18459238695342028 
---
1 50 15.625 8.0 5
7 4 8 8 8 1 0.46270238648757833 
4 12 8 5 0 1 0.265156912902377 
2 1 12 2 0 0 0.3056419124148233 
7 7 8 2 2 1 0.18483048436752592 
12 0 13 2 1 1 0.13908636093575866 
11 2 2 2 7 0 0.36005442171266777 
7 7 12 8 1 1 0.18459238695342028 
2 11 7 2 0 0 0.579170510711726 
---
1 51 17.434210526315788 4.0 5
7 7 12 8 1 1 0.18459238695342028 
11 2 2 2 7 0 0.36005442171266777 
1 1 7 2 1 0 0.3876788774608979 
12 0 13 2 1 1 0.13908636093575866 
---
1 52 15.213815789473683 9.0 5
11 2 2 2 7 0 0.36005442171266777 
4 12 8 5 0 1 0.265156912902377 
7 7 12 8 1 1 0.18459238695342028 
7 7 8 2 2 1 0.18483048436752592 
7 4 8 8 8 1 0.46270238648757833 
2 11 7 2 0 0 0.579170510711726 
2 1 12 2 0 0 0.3056419124148233 
12 0 13 2 1 1 0.13908636093575866 
3 12 0 12 4 0 0.25868839011036937 
---
1 53 14.782072368421053 11.0 5
11 13 2 11 4 0 0.8382022082738079 
4 12 8 5 0 1 0.265156912902377 
11 2 2 2 7 0 0.36005442171266777 
4 11 7 2 0 0 0.2903315124071937 
7 4 8 8 8 1 0.46270238648757833 
12 0 13 2 1 1 0.13908636093575866 
2 1 12 2 0 0 0.3056419124148233 
7 7 12 8 1 1 0.18459238695342028 
7 7 8 2 2 1 0.18483048436752592 
3 12 0 12 4 0 0.25868839011036937 
11 7 11 10 11 1 0.20649529229242103 
---
1 54 14.535361842105262 13.0 5
7 7 12 8 1 1 0.18459238695342028 
7 7 8 2 2 1 0.18483048436752592 
3 12 0 12 4 0 0.25868839011036937 
11 13 2 11 4 0 0.8382022082738079 
5 7 8 2 1 0 0.957290234281196 
4 12 8 5 0 1 0.265156912902377 
4 11 7 2 0 0 0.2903315124071937 
0 2 2 2 2 0 0.17661687091969647 
11 2 2 2 7 0 0.36005442171266777 
11 7 11 10 11 1 0.20649529229242103 
7 4 8 8 8 1 0.46270238648757833 
12 0 13 2 1 1 0.13908636093575866 
2 1 12 2 0 0 0.3056419124148233 
---
1 55 14.617598684210526 12.0 5
4 11 7 2 0 0 0.2903315124071937 
4 12 8 5 0 1 0.265156912902377 
11 2 2 2 7 0 0.36005442171266777 
12 0 13 2 1 1 0.13908636093575866 
2 1 12 2 0 0 0.3056419124148233 
7 7 12 8 1 1 0.18459238695342028 
3 12 0 12 4 0 0.25868839011036937 
11 7 11 10 11 1 0.20649529229242103 
7 4 8 8 8 1 0.46270238648757833 
7 7 8 2 2 1 0.18483048436752592 
5 7 8 2 1 0 0.957290234281196 
11 13 2 11 4 0 0.8382022082738079 
---
1 56 29.337993421052634 1.0 5
0 2 0 0 2 0 0.42958542713177317 
---
1 57 14.473684210526317 15.0 5
0 2 2 2 2 0 0.17661687091969647 
7 7 12 8 1 1 0.18459238695342028 
4 12 8 5 0 1 0.265156912902377 
11 7 11 10 11 1 0.20649529229242103 
11 13 2 11 4 0 0.8382022082738079 
7 4 8 8 8 1 0.46270238648757833 
3 12 0 12 4 0 0.25868839011036937 
11 2 2 2 7 0 0.36005442171266777 
4 12 8 5 0 1 0.265156912902377 
2 1 12 2 0 0 0.3056419124148233 
5 7 8 2 1 0 0.957290234281196 
4 11 7 2 0 0 0.2903315124071937 
7 0 7 2 5 0 0.18195106742440603 
7 7 8 2 2 1 0.18483048436752592 
12 0 13 2 1 1 0.13908636093575866 
---
1 58 21.011513157894736 2.0 5
1 0 2 1 1 0 0.40981995284323647 
7 7 8 8 0 1 0.22199199323095775 
---
1 59 19.983552631578945 3.0 5
1 0 2 1 1 0 0.40981995284323647 
2 11 7 2 0 0 0.579170510711726 
7 7 8 8 0 1 0.22199199323095775 
---
1 60 16.221217105263158 7.0 5
7 7 8 2 2 1 0.18483048436752592 
11 2 2 2 7 0 0.36005442171266777 
12 0 13 2 1 1 0.13908636093575866 
7 4 8 8 8 1 0.46270238648757833 
2 11 7 2 0 0 0.579170510711726 
2 1 12 2 0 0 0.3056419124148233 
7 7 12 8 1 1 0.18459238695342028 
---
1 61 15.625 8.0 5
7 4 8 8 8 1 0.46270238648757833 
4 12 8 5 0 1 0.265156912902377 
2 1 12 2 0 0 0.3056419124148233 
7 7 8 2 2 1 0.18483048436752592 
12 0 13 2 1 1 0.13908636093575866 
11 2 2 2 7 0 0.36005442171266777 
7 7 12 8 1 1 0.18459238695342028 
2 11 7 2 0 0 0.579170510711726 
---
1 62 17.434210526315788 4.0 5
1 1 7 2 1 0 0.3876788774608979 
11 2 2 2 7 0 0.36005442171266777 
12 0 13 2 1 1 0.13908636093575866 
7 7 12 8 1 1 0.18459238695342028 
---
1 63 15.213815789473683 9.0 5
11 2 2 2 7 0 0.36005442171266777 
4 12 8 5 0 1 0.265156912902377 
7 7 12 8 1 1 0.18459238695342028 
7 7 8 2 2 1 0.18483048436752592 
7 4 8 8 8 1 0.46270238648757833 
2 11 7 2 0 0 0.579170510711726 
2 1 12 2 0 0 0.3056419124148233 
12 0 13 2 1 1 0.13908636093575866 
3 12 0 12 4 0 0.25868839011036937 
---
1 64 14.782072368421053 11.0 5
11 13 2 11 4 0 0.8382022082738079 
4 12 8 5 0 1 0.265156912902377 
11 2 2 2 7 0 0.36005442171266777 
4 11 7 2 0 0 0.2903315124071937 
7 4 8 8 8 1 0.46270238648757833 
12 0 13 2 1 1 0.13908636093575866 
2 1 12 2 0 0 0.3056419124148233 
7 7 12 8 1 1 0.18459238695342028 
7 7 8 2 2 1 0.18483048436752592 
3 12 0 12 4 0 0.25868839011036937 
11 7 11 10 11 1 0.20649529229242103 
---
1 65 14.535361842105262 13.0 5
0 2 2 2 2 0 0.17661687091969647 
11 7 11 10 11 1 0.20649529229242103 
5 7 8 2 1 0 0.957290234281196 
4 11 7 2 0 0 0.2903315124071937 
12 0 13 2 1 1 0.13908636093575866 
11 13 2 11 4 0 0.8382022082738079 
7 4 8 8 8 1 0.46270238648757833 
4 12 8 5 0 1 0.265156912902377 
2 1 12 2 0 0 0.3056419124148233 
7 7 8 2 2 1 0.18483048436752592 
7 7 12 8 1 1 0.18459238695342028 
3 12 0 12 4 0 0.25868839011036937 
11 2 2 2 7 0 0.36005442171266777 
---
1 66 14.617598684210526 12.0 5
4 11 7 2 0 0 0.2903315124071937 
4 12 8 5 0 1 0.265156912902377 
11 2 2 2 7 0 0.36005442171266777 
12 0 13 2 1 1 0.13908636093575866 
2 1 12 2 0 0 0.3056419124148233 
7 7 12 8 1 1 0.18459238695342028 
3 12 0 12 4 0 0.25868839011036937 
11 7 11 10 11 1 0.20649529229242103 
7 4 8 8 8 1 0.46270238648757833 
7 7 8 2 2 1 0.18483048436752592 
5 7 8 2 1 0 0.957290234281196 
11 13 2 11 4 0 0.8382022082738079 
---
1 67 29.337993421052634 1.0 5
0 2 0 0 2 0 0.42958542713177317 
---
1 68 14.473684210526317 15.0 5
4 12 8 5 0 1 0.265156912902377 
11 7 11 10 11 1 0.20649529229242103 
7 4 8 8 8 1 0.46270238648757833 
3 12 0 12 4 0 0.25868839011036937 
2 1 12 2 0 0 0.3056419124148233 
12 0 13 2 1 1 0.13908636093575866 
7 0 7 2 5 0 0.18195106742440603 
4 11 7 2 0 0 0.2903315124071937 
11 13 2 11 4 0 0.8382022082738079 
7 7 12 8 1 1 0.18459238695342028 
5 7 8 2 1 0 0.957290234281196 
0 2 2 2 2 0 0.17661687091969647 
11 2 2 2 7 0 0.36005442171266777 
7 7 8 2 2 1 0.18483048436752592 
4 12 8 5 0 1 0.265156912902377 
---
1 69 21.011513157894736 2.0 5
1 0 2 1 1 0 0.40981995284323647 
7 7 8 8 0 1 0.22199199323095775 
---
1 70 19.983552631578945 3.0 5
7 7 8 8 0 1 0.22199199323095775 
1 0 2 1 1 0 0.40981995284323647 
2 11 7 2 0 0 0.579170510711726 
---
1 71 16.221217105263158 7.0 5
7 7 8 2 2 1 0.18483048436752592 
11 2 2 2 7 0 0.36005442171266777 
12 0 13 2 1 1 0.13908636093575866 
7 4 8 8 8 1 0.46270238648757833 
2 11 7 2 0 0 0.579170510711726 
2 1 12 2 0 0 0.3056419124148233 
7 7 12 8 1 1 0.18459238695342028 
---
1 72 15.625 8.0 5
7 4 8 8 8 1 0.46270238648757833 
4 12 8 5 0 1 0.265156912902377 
2 1 12 2 0 0 0.3056419124148233 
7 7 8 2 2 1 0.18483048436752592 
12 0 13 2 1 1 0.13908636093575866 
11 2 2 2 7 0 0.36005442171266777 
7 7 12 8 1 1 0.18459238695342028 
2 11 7 2 0 0 0.579170510711726 
---
1 73 17.434210526315788 4.0 5
1 1 7 2 1 0 0.3876788774608979 
11 2 2 2 7 0 0.36005442171266777 
12 0 13 2 1 1 0.13908636093575866 
7 7 12 8 1 1 0.18459238695342028 
---
1 74 14.782072368421053 11.0 5
11 13 2 11 4 0 0.8382022082738079 
4 12 8 5 0 1 0.265156912902377 
11 2 2 2 7 0 0.36005442171266777 
4 11 7 2 0 0 0.2903315124071937 
7 4 8 8 8 1 0.46270238648757833 
12 0 13 2 1 1 0.13908636093575866 
2 1 12 2 0 0 0.3056419124148233 
7 7 12 8 1 1 0.18459238695342028 
7 7 8 2 2 1 0.18483048436752592 
3 12 0 12 4 0 0.25868839011036937 
11 7 11 10 11 1 0.20649529229242103 
---
1 75 14.535361842105262 13.0 5
7 7 12 8 1 1 0.18459238695342028 
7 7 8 2 2 1 0.18483048436752592 
3 12 0 12 4 0 0.25868839011036937 
11 13 2 11 4 0 0.8382022082738079 
5 7 8 2 1 0 0.957290234281196 
4 12 8 5 0 1 0.265156912902377 
4 11 7 2 0 0 0.2903315124071937 
0 2 2 2 2 0 0.17661687091969647 
11 2 2 2 7 0 0.36005442171266777 
11 7 11 10 11 1 0.20649529229242103 
7 4 8 8 8 1 0.46270238648757833 
12 0 13 2 1 1 0.13908636093575866 
2 1 12 2 0 0 0.3056419124148233 
---
1 76 14.617598684210526 12.0 5
4 11 7 2 0 0 0.2903315124071937 
4 12 8 5 0 1 0.265156912902377 
11 2 2 2 7 0 0.36005442171266777 
12 0 13 2 1 1 0.13908636093575866 
2 1 12 2 0 0 0.3056419124148233 
7 7 12 8 1 1 0.18459238695342028 
3 12 0 12 4 0 0.25868839011036937 
11 7 11 10 11 1 0.20649529229242103 
7 4 8 8 8 1 0.46270238648757833 
7 7 8 2 2 1 0.18483048436752592 
5 7 8 2 1 0 0.957290234281196 
11 13 2 11 4 0 0.8382022082738079 
---
1 77 29.337993421052634 1.0 5
0 2 0 0 2 0 0.42958542713177317 
---
1 78 14.473684210526317 15.0 5
4 12 8 5 0 1 0.265156912902377 
11 7 11 10 11 1 0.20649529229242103 
7 4 8 8 8 1 0.46270238648757833 
3 12 0 12 4 0 0.25868839011036937 
2 1 12 2 0 0 0.3056419124148233 
12 0 13 2 1 1 0.13908636093575866 
7 0 7 2 5 0 0.18195106742440603 
4 11 7 2 0 0 0.2903315124071937 
11 13 2 11 4 0 0.8382022082738079 
7 7 12 8 1 1 0.18459238695342028 
5 7 8 2 1 0 0.957290234281196 
0 2 2 2 2 0 0.17661687091969647 
11 2 2 2 7 0 0.36005442171266777 
7 7 8 2 2 1 0.18483048436752592 
4 12 8 5 0 1 0.265156912902377 
---
1 79 21.011513157894736 2.0 5
1 0 2 1 1 0 0.40981995284323647 
7 7 8 8 0 1 0.22199199323095775 
---
1 80 19.983552631578945 3.0 5
7 7 8 8 0 1 0.22199199323095775 
2 11 7 2 0 0 0.579170510711726 
1 0 2 1 1 0 0.40981995284323647 
---
1 81 16.221217105263158 7.0 5
7 7 8 2 2 1 0.18483048436752592 
11 2 2 2 7 0 0.36005442171266777 
12 0 13 2 1 1 0.13908636093575866 
7 4 8 8 8 1 0.46270238648757833 
2 11 7 2 0 0 0.579170510711726 
2 1 12 2 0 0 0.3056419124148233 
7 7 12 8 1 1 0.18459238695342028 
---
1 82 15.625 8.0 5
7 4 8 8 8 1 0.46270238648757833 
4 12 8 5 0 1 0.265156912902377 
2 1 12 2 0 0 0.3056419124148233 
7 7 8 2 2 1 0.18483048436752592 
12 0 13 2 1 1 0.13908636093575866 
11 2 2 2 7 0 0.36005442171266777 
7 7 12 8 1 1 0.18459238695342028 
2 11 7 2 0 0 0.579170510711726 
---
1 83 14.782072368421053 11.0 5
11 13 2 11 4 0 0.8382022082738079 
4 12 8 5 0 1 0.265156912902377 
11 2 2 2 7 0 0.36005442171266777 
4 11 7 2 0 0 0.2903315124071937 
7 4 8 8 8 1 0.46270238648757833 
12 0 13 2 1 1 0.13908636093575866 
2 1 12 2 0 0 0.3056419124148233 
7 7 12 8 1 1 0.18459238695342028 
7 7 8 2 2 1 0.18483048436752592 
3 12 0 12 4 0 0.25868839011036937 
11 7 11 10 11 1 0.20649529229242103 
---
1 84 14.535361842105262 13.0 5
0 2 2 2 2 0 0.17661687091969647 
11 7 11 10 11 1 0.20649529229242103 
5 7 8 2 1 0 0.957290234281196 
4 11 7 2 0 0 0.2903315124071937 
12 0 13 2 1 1 0.13908636093575866 
11 13 2 11 4 0 0.8382022082738079 
7 4 8 8 8 1 0.46270238648757833 
4 12 8 5 0 1 0.265156912902377 
2 1 12 2 0 0 0.3056419124148233 
7 7 8 2 2 1 0.18483048436752592 
7 7 12 8 1 1 0.18459238695342028 
3 12 0 12 4 0 0.25868839011036937 
11 2 2 2 7 0 0.36005442171266777 
---
1 85 14.617598684210526 12.0 5
4 11 7 2 0 0 0.2903315124071937 
4 12 8 5 0 1 0.265156912902377 
11 2 2 2 7 0 0.36005442171266777 
12 0 13 2 1 1 0.13908636093575866 
2 1 12 2 0 0 0.3056419124148233 
7 7 12 8 1 1 0.18459238695342028 
3 12 0 12 4 0 0.25868839011036937 
11 7 11 10 11 1 0.20649529229242103 
7 4 8 8 8 1 0.46270238648757833 
7 7 8 2 2 1 0.18483048436752592 
5 7 8 2 1 0 0.957290234281196 
11 13 2 11 4 0 0.8382022082738079 
---
1 86 29.337993421052634 1.0 5
0 0 0 1 2 0 0.45009007291777614 
---
1 87 14.473684210526317 15.0 5
4 12 8 5 0 1 0.265156912902377 
11 7 11 10 11 1 0.20649529229242103 
7 4 8 8 8 1 0.46270238648757833 
3 12 0 12 4 0 0.25868839011036937 
2 1 12 2 0 0 0.3056419124148233 
12 0 13 2 1 1 0.13908636093575866 
7 0 7 2 5 0 0.18195106742440603 
4 11 7 2 0 0 0.2903315124071937 
11 13 2 11 4 0 0.8382022082738079 
7 7 12 8 1 1 0.18459238695342028 
5 7 8 2 1 0 0.957290234281196 
0 2 2 2 2 0 0.17661687091969647 
11 2 2 2 7 0 0.36005442171266777 
7 7 8 2 2 1 0.18483048436752592 
4 12 8 5 0 1 0.265156912902377 
---
1 88 21.011513157894736 2.0 5
1 0 2 1 1 0 0.40981995284323647 
7 7 8 8 0 1 0.22199199323095775 
---
1 89 19.983552631578945 3.0 5
2 11 7 2 0 0 0.579170510711726 
1 0 2 1 1 0 0.40981995284323647 
7 7 8 8 0 1 0.22199199323095775 
---
1 90 15.625 8.0 5
7 4 8 8 8 1 0.46270238648757833 
4 12 8 5 0 1 0.265156912902377 
2 1 12 2 0 0 0.3056419124148233 
7 7 8 2 2 1 0.18483048436752592 
12 0 13 2 1 1 0.13908636093575866 
11 2 2 2 7 0 0.36005442171266777 
7 7 12 8 1 1 0.18459238695342028 
2 11 7 2 0 0 0.579170510711726 
---
1 91 17.434210526315788 4.0 5
7 7 12 8 1 1 0.18459238695342028 
11 2 2 2 7 0 0.36005442171266777 
1 1 7 2 1 0 0.3876788774608979 
12 0 13 2 1 1 0.13908636093575866 
---
1 92 14.782072368421053 11.0 5
11 13 2 11 4 0 0.8382022082738079 
4 12 8 5 0 1 0.265156912902377 
11 2 2 2 7 0 0.36005442171266777 
4 11 7 2 0 0 0.2903315124071937 
7 4 8 8 8 1 0.46270238648757833 
12 0 13 2 1 1 0.13908636093575866 
2 1 12 2 0 0 0.3056419124148233 
7 7 12 8 1 1 0.18459238695342028 
7 7 8 2 2 1 0.18483048436752592 
3 12 0 12 4 0 0.25868839011036937 
11 7 11 10 11 1 0.20649529229242103 
---
1 93 14.535361842105262 13.0 5
0 2 2 2 2 0 0.17661687091969647 
11 7 11 10 11 1 0.20649529229242103 
5 7 8 2 1 0 0.957290234281196 
4 11 7 2 0 0 0.2903315124071937 
12 0 13 2 1 1 0.13908636093575866 
11 13 2 11 4 0 0.8382022082738079 
7 4 8 8 8 1 0.46270238648757833 
4 12 8 5 0 1 0.265156912902377 
2 1 12 2 0 0 0.3056419124148233 
7 7 8 2 2 1 0.18483048436752592 
7 7 12 8 1 1 0.18459238695342028 
3 12 0 12 4 0 0.25868839011036937 
11 2 2 2 7 0 0.36005442171266777 
---
1 94 14.617598684210526 12.0 5
4 11 7 2 0 0 0.2903315124071937 
4 12 8 5 0 1 0.265156912902377 
11 2 2 2 7 0 0.36005442171266777 
12 0 13 2 1 1 0.13908636093575866 
2 1 12 2 0 0 0.3056419124148233 
7 7 12 8 1 1 0.18459238695342028 
3 12 0 12 4 0 0.25868839011036937 
11 7 11 10 11 1 0.20649529229242103 
7 4 8 8 8 1 0.46270238648757833 
7 7 8 2 2 1 0.18483048436752592 
5 7 8 2 1 0 0.957290234281196 
11 13 2 11 4 0 0.8382022082738079 
---
1 95 29.337993421052634 1.0 5
0 0 0 0 2 0 0.34785935775286125 
---
2 0 29.337993421052634 1.0 5
0 2 0 0 0 0 0.4854916320069469 
---
2 1 14.535361842105262 13.0 5
3 12 0 12 4 0 0.25868839011036937 
11 2 2 2 7 0 0.36005442171266777 
5 7 8 2 1 0 0.957290234281196 
7 7 12 8 1 1 0.18459238695342028 
0 2 2 2 2 0 0.17661687091969647 
7 7 8 2 2 1 0.18483048436752592 
12 0 13 2 1 1 0.13908636093575866 
4 11 7 2 0 0 0.2903315124071937 
11 13 2 11 4 0 0.8382022082738079 
4 12 8 5 0 1 0.265156912902377 
11 7 11 10 11 1 0.20649529229242103 
2 1 12 2 0 0 0.3056419124148233 
7 4 8 8 8 1 0.46270238648757833 
---
2 2 21.361019736842106 2.0 5
7 7 4 8 4 1 0.20092709351893756 
1 1 1 0 4 0 0.37017933229029376 
---
2 3 21.361019736842106 2.0 5
7 7 4 8 4 1 0.20092709351893756 
1 1 1 0 4 0 0.37017933229029376 
---
2 4 19.510690789473685 3.0 5
7 7 4 8 4 1 0.20092709351893756 
1 1 1 0 4 0 0.37017933229029376 
12 0 13 2 2 1 0.31804267133907516 
---
2 5 19.510690789473685 3.0 5
7 7 4 8 4 1 0.20092709351893756 
1 1 1 0 4 0 0.37017933229029376 
12 0 13 2 2 1 0.31804267133907516 
---
2 6 17.598684210526315 4.0 5
12 0 13 2 1 1 0.13908636093575866 
11 2 2 2 7 0 0.36005442171266777 
2 1 7 0 4 0 0.7275643636625819 
7 7 4 8 4 1 0.20092709351893756 
---
2 7 17.393092105263158 5.0 5
7 4 8 8 8 1 0.46270238648757833 
11 2 2 2 7 0 0.36005442171266777 
2 1 7 0 4 0 0.7275643636625819 
12 0 13 2 1 1 0.13908636093575866 
7 7 4 8 4 1 0.20092709351893756 
---
2 8 16.776315789473685 6.0 5
4 11 7 2 0 0 0.2903315124071937 
7 7 12 8 1 1 0.18459238695342028 
2 1 12 2 0 0 0.3056419124148233 
12 0 13 2 2 1 0.31804267133907516 
11 2 2 2 7 0 0.36005442171266777 
4 12 8 5 0 1 0.265156912902377 
---
2 9 16.776315789473685 6.0 5
4 11 7 2 0 0 0.2903315124071937 
7 7 12 8 1 1 0.18459238695342028 
2 1 12 2 0 0 0.3056419124148233 
12 0 13 2 2 1 0.31804267133907516 
11 2 2 2 7 0 0.36005442171266777 
4 12 8 5 0 1 0.265156912902377 
---
2 10 16.056743421052634 7.0 5
2 1 12 2 0 0 0.3056419124148233 
7 4 8 8 8 1 0.46270238648757833 
4 12 8 5 0 1 0.265156912902377 
4 11 7 2 0 0 0.2903315124071937 
7 7 12 8 1 1 0.18459238695342028 
11 2 2 2 7 0 0.36005442171266777 
12 0 13 2 2 1 0.31804267133907516 
---
2 11 17.598684210526315 4.0 5
12 0 13 2 1 1 0.13908636093575866 
11 2 2 2 7 0 0.36005442171266777 
2 1 7 0 4 0 0.7275643636625819 
7 7 4 8 4 1 0.20092709351893756 
---
2 12 17.393092105263158 5.0 5
7 4 8 8 8 1 0.46270238648757833 
11 2 2 2 7 0 0.36005442171266777 
2 1 7 0 4 0 0.7275643636625819 
12 0 13 2 1 1 0.13908636093575866 
7 7 4 8 4 1 0.20092709351893756 
---
2 13 16.056743421052634 7.0 5
2 1 12 2 0 0 0.3056419124148233 
7 4 8 8 8 1 0.46270238648757833 
4 12 8 5 0 1 0.265156912902377 
4 11 7 2 0 0 0.2903315124071937 
7 7 12 8 1 1 0.18459238695342028 
11 2 2 2 7 0 0.36005442171266777 
12 0 13 2 2 1 0.31804267133907516 
---
2 14 15.604440789473683 8.0 5
11 2 2 2 7 0 0.36005442171266777 
7 4 8 8 8 1 0.46270238648757833 
4 11 7 2 0 0 0.2903315124071937 
2 1 12 2 0 0 0.3056419124148233 
7 7 8 2 2 1 0.18483048436752592 
7 7 12 8 1 1 0.18459238695342028 
12 0 13 2 1 1 0.13908636093575866 
4 12 8 5 0 1 0.265156912902377 
---
2 15 14.617598684210526 12.0 5
4 11 7 2 0 0 0.2903315124071937 
2 1 12 2 0 0 0.3056419124148233 
5 7 8 2 1 0 0.957290234281196 
11 2 2 2 7 0 0.36005442171266777 
12 0 13 2 1 1 0.13908636093575866 
4 12 8 5 0 1 0.265156912902377 
11 7 11 10 11 1 0.20649529229242103 
7 4 8 8 8 1 0.46270238648757833 
7 7 12 8 1 1 0.18459238695342028 
3 12 0 12 4 0 0.25868839011036937 
11 13 2 11 4 0 0.8382022082738079 
7 7 8 2 2 1 0.18483048436752592 
---
2 16 15.604440789473683 8.0 5
11 2 2 2 7 0 0.36005442171266777 
7 4 8 8 8 1 0.46270238648757833 
4 11 7 2 0 0 0.2903315124071937 
2 1 12 2 0 0 0.3056419124148233 
7 7 8 2 2 1 0.18483048436752592 
7 7 12 8 1 1 0.18459238695342028 
12 0 13 2 1 1 0.13908636093575866 
4 12 8 5 0 1 0.265156912902377 
---
2 17 15.439967105263158 9.0 5
12 0 13 2 1 1 0.13908636093575866 
4 11 7 2 0 0 0.2903315124071937 
7 7 12 8 1 1 0.18459238695342028 
7 4 8 8 8 1 0.46270238648757833 
7 7 8 2 2 1 0.18483048436752592 
4 12 8 5 0 1 0.265156912902377 
2 1 12 2 0 0 0.3056419124148233 
5 7 8 2 1 0 0.957290234281196 
11 2 2 2 7 0 0.36005442171266777 
---
2 18 15.028782894736842 10.0 5
7 4 8 8 8 1 0.46270238648757833 
11 2 2 2 7 0 0.36005442171266777 
3 12 0 12 4 0 0.25868839011036937 
7 7 12 8 1 1 0.18459238695342028 
4 12 8 5 0 1 0.265156912902377 
7 7 8 2 2 1 0.18483048436752592 
12 0 13 2 1 1 0.13908636093575866 
4 11 7 2 0 0 0.2903315124071937 
5 7 8 2 1 0 0.957290234281196 
2 1 12 2 0 0 0.3056419124148233 
---
2 19 14.617598684210526 12.0 5
4 11 7 2 0 0 0.2903315124071937 
2 1 12 2 0 0 0.3056419124148233 
5 7 8 2 1 0 0.957290234281196 
11 2 2 2 7 0 0.36005442171266777 
12 0 13 2 1 1 0.13908636093575866 
4 12 8 5 0 1 0.265156912902377 
11 7 11 10 11 1 0.20649529229242103 
7 4 8 8 8 1 0.46270238648757833 
7 7 12 8 1 1 0.18459238695342028 
3 12 0 12 4 0 0.25868839011036937 
11 13 2 11 4 0 0.8382022082738079 
7 7 8 2 2 1 0.18483048436752592 
---
2 20 15.028782894736842 10.0 5
7 4 8 8 8 1 0.46270238648757833 
11 2 2 2 7 0 0.36005442171266777 
3 12 0 12 4 0 0.25868839011036937 
7 7 12 8 1 1 0.18459238695342028 
4 12 8 5 0 1 0.265156912902377 
7 7 8 2 2 1 0.18483048436752592 
12 0 13 2 1 1 0.13908636093575866 
4 11 7 2 0 0 0.2903315124071937 
5 7 8 2 1 0 0.957290234281196 
2 1 12 2 0 0 0.3056419124148233 
---
2 21 14.535361842105262 13.0 5
3 12 0 12 4 0 0.25868839011036937 
11 2 2 2 7 0 0.36005442171266777 
5 7 8 2 1 0 0.957290234281196 
7 7 12 8 1 1 0.18459238695342028 
0 2 2 2 2 0 0.17661687091969647 
7 7 8 2 2 1 0.18483048436752592 
12 0 13 2 1 1 0.13908636093575866 
4 11 7 2 0 0 0.2903315124071937 
11 13 2 11 4 0 0.8382022082738079 
4 12 8 5 0 1 0.265156912902377 
11 7 11 10 11 1 0.20649529229242103 
2 1 12 2 0 0 0.3056419124148233 
7 4 8 8 8 1 0.46270238648757833 
---
2 22 21.361019736842106 2.0 5
7 7 4 8 4 1 0.20092709351893756 
1 1 1 0 4 0 0.37017933229029376 
---
2 23 19.510690789473685 3.0 5
7 7 4 8 4 1 0.20092709351893756 
1 1 1 0 4 0 0.37017933229029376 
12 0 13 2 2 1 0.31804267133907516 
---
2 24 16.776315789473685 6.0 5
12 0 13 2 2 1 0.31804267133907516 
4 12 8 5 0 1 0.265156912902377 
4 11 7 2 0 0 0.2903315124071937 
7 7 12 8 1 1 0.18459238695342028 
2 1 12 2 0 0 0.3056419124148233 
11 2 2 2 7 0 0.36005442171266777 
---
2 25 17.598684210526315 4.0 5
12 0 13 2 1 1 0.13908636093575866 
11 2 2 2 7 0 0.36005442171266777 
2 1 7 0 4 0 0.7275643636625819 
7 7 4 8 4 1 0.20092709351893756 
---
2 26 17.393092105263158 5.0 5
7 4 8 8 8 1 0.46270238648757833 
11 2 2 2 7 0 0.36005442171266777 
2 1 7 0 4 0 0.7275643636625819 
12 0 13 2 1 1 0.13908636093575866 
7 7 4 8 4 1 0.20092709351893756 
---
2 27 16.056743421052634 7.0 5
2 1 12 2 0 0 0.3056419124148233 
7 4 8 8 8 1 0.46270238648757833 
4 12 8 5 0 1 0.265156912902377 
4 11 7 2 0 0 0.2903315124071937 
7 7 12 8 1 1 0.18459238695342028 
11 2 2 2 7 0 0.36005442171266777 
12 0 13 2 2 1 0.31804267133907516 
---
2 28 15.604440789473683 8.0 5
11 2 2 2 7 0 0.36005442171266777 
7 4 8 8 8 1 0.46270238648757833 
4 11 7 2 0 0 0.2903315124071937 
2 1 12 2 0 0 0.3056419124148233 
7 7 8 2 2 1 0.18483048436752592 
7 7 12 8 1 1 0.18459238695342028 
12 0 13 2 1 1 0.13908636093575866 
4 12 8 5 0 1 0.265156912902377 
---
2 29 14.617598684210526 12.0 5
2 1 12 2 0 0 0.3056419124148233 
5 7 8 2 1 0 0.957290234281196 
11 13 2 11 4 0 0.8382022082738079 
7 7 12 8 1 1 0.18459238695342028 
7 4 8 8 8 1 0.46270238648757833 
4 12 8 5 0 1 0.265156912902377 
11 7 11 10 11 1 0.20649529229242103 
7 7 8 2 2 1 0.18483048436752592 
3 12 0 12 4 0 0.25868839011036937 
4 11 7 2 0 0 0.2903315124071937 
11 2 2 2 7 0 0.36005442171266777 
12 0 13 2 1 1 0.13908636093575866 
---
2 30 15.028782894736842 10.0 5
7 4 8 8 8 1 0.46270238648757833 
11 2 2 2 7 0 0.36005442171266777 
3 12 0 12 4 0 0.25868839011036937 
7 7 12 8 1 1 0.18459238695342028 
4 12 8 5 0 1 0.265156912902377 
7 7 8 2 2 1 0.18483048436752592 
12 0 13 2 1 1 0.13908636093575866 
4 11 7 2 0 0 0.2903315124071937 
5 7 8 2 1 0 0.957290234281196 
2 1 12 2 0 0 0.3056419124148233 
---
2 31 14.535361842105262 13.0 5
3 12 0 12 4 0 0.25868839011036937 
11 2 2 2 7 0 0.36005442171266777 
5 7 8 2 1 0 0.957290234281196 
7 7 12 8 1 1 0.18459238695342028 
0 2 2 2 2 0 0.17661687091969647 
7 7 8 2 2 1 0.18483048436752592 
12 0 13 2 1 1 0.13908636093575866 
4 11 7 2 0 0 0.2903315124071937 
11 13 2 11 4 0 0.8382022082738079 
4 12 8 5 0 1 0.265156912902377 
11 7 11 10 11 1 0.20649529229242103 
2 1 12 2 0 0 0.3056419124148233 
7 4 8 8 8 1 0.46270238648757833 
---
2 32 21.361019736842106 2.0 5
7 7 4 8 4 1 0.20092709351893756 
1 1 1 0 4 0 0.37017933229029376 
---
2 33 19.510690789473685 3.0 5
7 7 4 8 4 1 0.20092709351893756 
1 1 1 0 4 0 0.37017933229029376 
12 0 13 2 2 1 0.31804267133907516 
---
2 34 16.776315789473685 6.0 5
12 0 13 2 2 1 0.31804267133907516 
4 12 8 5 0 1 0.265156912902377 
4 11 7 2 0 0 0.2903315124071937 
7 7 12 8 1 1 0.18459238695342028 
2 1 12 2 0 0 0.3056419124148233 
11 2 2 2 7 0 0.36005442171266777 
---
2 35 17.598684210526315 4.0 5
11 2 2 2 7 0 0.36005442171266777 
2 1 7 0 4 0 0.7275643636625819 
12 0 13 2 1 1 0.13908636093575866 
7 7 4 8 4 1 0.20092709351893756 
---
2 36 17.393092105263158 5.0 5
7 4 8 8 8 1 0.46270238648757833 
11 2 2 2 7 0 0.36005442171266777 
2 1 7 0 4 0 0.7275643636625819 
12 0 13 2 1 1 0.13908636093575866 
7 7 4 8 4 1 0.20092709351893756 
---
2 37 16.056743421052634 7.0 5
2 1 12 2 0 0 0.3056419124148233 
7 4 8 8 8 1 0.46270238648757833 
4 12 8 5 0 1 0.265156912902377 
4 11 7 2 0 0 0.2903315124071937 
7 7 12 8 1 1 0.18459238695342028 
11 2 2 2 7 0 0.36005442171266777 
12 0 13 2 2 1 0.31804267133907516 
---
2 38 15.604440789473683 8.0 5
11 2 2 2 7 0 0.36005442171266777 
7 4 8 8 8 1 0.46270238648757833 
4 11 7 2 0 0 0.2903315124071937 
2 1 12 2 0 0 0.3056419124148233 
7 7 8 2 2 1 0.18483048436752592 
7 7 12 8 1 1 0.18459238695342028 
12 0 13 2 1 1 0.13908636093575866 
4 12 8 5 0 1 0.265156912902377 
---
2 39 14.617598684210526 12.0 5
2 1 12 2 0 0 0.3056419124148233 
5 7 8 2 1 0 0.957290234281196 
11 13 2 11 4 0 0.8382022082738079 
7 7 12 8 1 1 0.18459238695342028 
7 4 8 8 8 1 0.46270238648757833 
4 12 8 5 0 1 0.265156912902377 
11 7 11 10 11 1 0.20649529229242103 
7 7 8 2 2 1 0.18483048436752592 
3 12 0 12 4 0 0.25868839011036937 
4 11 7 2 0 0 0.2903315124071937 
11 2 2 2 7 0 0.36005442171266777 
12 0 13 2 1 1 0.13908636093575866 
---
2 40 15.028782894736842 10.0 5
7 4 8 8 8 1 0.46270238648757833 
11 2 2 2 7 0 0.36005442171266777 
3 12 0 12 4 0 0.25868839011036937 
7 7 12 8 1 1 0.18459238695342028 
4 12 8 5 0 1 0.265156912902377 
7 7 8 2 2 1 0.18483048436752592 
12 0 13 2 1 1 0.13908636093575866 
4 11 7 2 0 0 0.2903315124071937 
5 7 8 2 1 0 0.957290234281196 
2 1 12 2 0 0 0.3056419124148233 
---
2 41 29.337993421052634 1.0 5
0 2 0 0 2 0 0.42958542713177317 
---
2 42 14.535361842105262 13.0 5
3 12 0 12 4 0 0.25868839011036937 
11 2 2 2 7 0 0.36005442171266777 
5 7 8 2 1 0 0.957290234281196 
7 7 12 8 1 1 0.18459238695342028 
0 2 2 2 2 0 0.17661687091969647 
7 7 8 2 2 1 0.18483048436752592 
12 0 13 2 1 1 0.13908636093575866 
4 11 7 2 0 0 0.2903315124071937 
11 13 2 11 4 0 0.8382022082738079 
4 12 8 5 0 1 0.265156912902377 
11 7 11 10 11 1 0.20649529229242103 
2 1 12 2 0 0 0.3056419124148233 
7 4 8 8 8 1 0.46270238648757833 
---
2 43 21.361019736842106 2.0 5
7 7 4 8 4 1 0.20092709351893756 
1 1 1 0 4 0 0.37017933229029376 
---
2 44 19.510690789473685 3.0 5
7 7 4 8 4 1 0.20092709351893756 
1 1 1 0 4 0 0.37017933229029376 
12 0 13 2 2 1 0.31804267133907516 
---
2 45 16.776315789473685 6.0 5
4 11 7 2 0 0 0.2903315124071937 
7 7 12 8 1 1 0.18459238695342028 
2 1 12 2 0 0 0.3056419124148233 
12 0 13 2 2 1 0.31804267133907516 
11 2 2 2 7 0 0.36005442171266777 
4 12 8 5 0 1 0.265156912902377 
---
2 46 17.598684210526315 4.0 5
12 0 13 2 1 1 0.13908636093575866 
11 2 2 2 7 0 0.36005442171266777 
2 1 7 0 4 0 0.7275643636625819 
7 7 4 8 4 1 0.20092709351893756 
---
2 47 17.393092105263158 5.0 5
7 4 8 8 8 1 0.46270238648757833 
11 2 2 2 7 0 0.36005442171266777 
2 1 7 0 4 0 0.7275643636625819 
12 0 13 2 1 1 0.13908636093575866 
7 7 4 8 4 1 0.20092709351893756 
---
2 48 16.056743421052634 7.0 5
2 1 12 2 0 0 0.3056419124148233 
7 4 8 8 8 1 0.46270238648757833 
4 12 8 5 0 1 0.265156912902377 
4 11 7 2 0 0 0.2903315124071937 
7 7 12 8 1 1 0.18459238695342028 
11 2 2 2 7 0 0.36005442171266777 
12 0 13 2 2 1 0.31804267133907516 
---
2 49 15.604440789473683 8.0 5
11 2 2 2 7 0 0.36005442171266777 
7 4 8 8 8 1 0.46270238648757833 
4 11 7 2 0 0 0.2903315124071937 
2 1 12 2 0 0 0.3056419124148233 
7 7 8 2 2 1 0.18483048436752592 
7 7 12 8 1 1 0.18459238695342028 
12 0 13 2 1 1 0.13908636093575866 
4 12 8 5 0 1 0.265156912902377 
---
2 50 14.617598684210526 12.0 5
2 1 12 2 0 0 0.3056419124148233 
5 7 8 2 1 0 0.957290234281196 
11 13 2 11 4 0 0.8382022082738079 
7 7 12 8 1 1 0.18459238695342028 
7 4 8 8 8 1 0.46270238648757833 
4 12 8 5 0 1 0.265156912902377 
11 7 11 10 11 1 0.20649529229242103 
7 7 8 2 2 1 0.18483048436752592 
3 12 0 12 4 0 0.25868839011036937 
4 11 7 2 0 0 0.2903315124071937 
11 2 2 2 7 0 0.36005442171266777 
12 0 13 2 1 1 0.13908636093575866 
---
2 51 15.028782894736842 10.0 5
7 4 8 8 8 1 0.46270238648757833 
11 2 2 2 7 0 0.36005442171266777 
3 12 0 12 4 0 0.25868839011036937 
7 7 12 8 1 1 0.18459238695342028 
4 12 8 5 0 1 0.265156912902377 
7 7 8 2 2 1 0.18483048436752592 
12 0 13 2 1 1 0.13908636093575866 
4 11 7 2 0 0 0.2903315124071937 
5 7 8 2 1 0 0.957290234281196 
2 1 12 2 0 0 0.3056419124148233 
---
2 52 29.337993421052634 1.0 5
0 2 0 0 2 0 0.42958542713177317 
---
2 53 14.535361842105262 13.0 5
3 12 0 12 4 0 0.25868839011036937 
11 2 2 2 7 0 0.36005442171266777 
5 7 8 2 1 0 0.957290234281196 
7 7 12 8 1 1 0.18459238695342028 
0 2 2 2 2 0 0.17661687091969647 
7 7 8 2 2 1 0.18483048436752592 
12 0 13 2 1 1 0.13908636093575866 
4 11 7 2 0 0 0.2903315124071937 
11 13 2 11 4 0 0.8382022082738079 
4 12 8 5 0 1 0.265156912902377 
11 7 11 10 11 1 0.20649529229242103 
2 1 12 2 0 0 0.3056419124148233 
7 4 8 8 8 1 0.46270238648757833 
---
2 54 21.361019736842106 2.0 5
7 7 4 8 4 1 0.20092709351893756 
1 1 1 0 4 0 0.37017933229029376 
---
2 55 19.510690789473685 3.0 5
7 7 4 8 4 1 0.20092709351893756 
1 1 1 0 4 0 0.37017933229029376 
12 0 13 2 2 1 0.31804267133907516 
---
2 56 16.776315789473685 6.0 5
4 12 8 5 0 1 0.265156912902377 
7 7 12 8 1 1 0.18459238695342028 
12 0 13 2 2 1 0.31804267133907516 
11 2 2 2 7 0 0.36005442171266777 
4 11 7 2 0 0 0.2903315124071937 
2 1 12 2 0 0 0.3056419124148233 
---
2 57 17.598684210526315 4.0 5
12 0 13 2 1 1 0.13908636093575866 
11 2 2 2 7 0 0.36005442171266777 
2 1 7 0 4 0 0.7275643636625819 
7 7 4 8 4 1 0.20092709351893756 
---
2 58 17.393092105263158 5.0 5
7 4 8 8 8 1 0.46270238648757833 
11 2 2 2 7 0 0.36005442171266777 
2 1 7 0 4 0 0.7275643636625819 
12 0 13 2 1 1 0.13908636093575866 
7 7 4 8 4 1 0.20092709351893756 
---
2 59 16.056743421052634 7.0 5
2 1 12 2 0 0 0.3056419124148233 
7 4 8 8 8 1 0.46270238648757833 
4 12 8 5 0 1 0.265156912902377 
4 11 7 2 0 0 0.2903315124071937 
7 7 12 8 1 1 0.18459238695342028 
11 2 2 2 7 0 0.36005442171266777 
12 0 13 2 2 1 0.31804267133907516 
---
2 60 15.604440789473683 8.0 5
11 2 2 2 7 0 0.36005442171266777 
7 4 8 8 8 1 0.46270238648757833 
4 11 7 2 0 0 0.2903315124071937 
2 1 12 2 0 0 0.3056419124148233 
7 7 8 2 2 1 0.18483048436752592 
7 7 12 8 1 1 0.18459238695342028 
12 0 13 2 1 1 0.13908636093575866 
4 12 8 5 0 1 0.265156912902377 
---
2 61 14.617598684210526 12.0 5
2 1 12 2 0 0 0.3056419124148233 
5 7 8 2 1 0 0.957290234281196 
11 13 2 11 4 0 0.8382022082738079 
7 7 12 8 1 1 0.18459238695342028 
7 4 8 8 8 1 0.46270238648757833 
4 12 8 5 0 1 0.265156912902377 
11 7 11 10 11 1 0.20649529229242103 
7 7 8 2 2 1 0.18483048436752592 
3 12 0 12 4 0 0.25868839011036937 
4 11 7 2 0 0 0.2903315124071937 
11 2 2 2 7 0 0.36005442171266777 
12 0 13 2 1 1 0.13908636093575866 
---
2 62 15.028782894736842 10.0 5
7 4 8 8 8 1 0.46270238648757833 
11 2 2 2 7 0 0.36005442171266777 
3 12 0 12 4 0 0.25868839011036937 
7 7 12 8 1 1 0.18459238695342028 
4 12 8 5 0 1 0.265156912902377 
7 7 8 2 2 1 0.18483048436752592 
12 0 13 2 1 1 0.13908636093575866 
4 11 7 2 0 0 0.2903315124071937 
5 7 8 2 1 0 0.957290234281196 
2 1 12 2 0 0 0.3056419124148233 
---
2 63 14.535361842105262 13.0 5
3 12 0 12 4 0 0.25868839011036937 
11 2 2 2 7 0 0.36005442171266777 
5 7 8 2 1 0 0.957290234281196 
7 7 12 8 1 1 0.18459238695342028 
0 2 2 2 2 0 0.17661687091969647 
7 7 8 2 2 1 0.18483048436752592 
12 0 13 2 1 1 0.13908636093575866 
4 11 7 2 0 0 0.2903315124071937 
11 13 2 11 4 0 0.8382022082738079 
4 12 8 5 0 1 0.265156912902377 
11 7 11 10 11 1 0.20649529229242103 
2 1 12 2 0 0 0.3056419124148233 
7 4 8 8 8 1 0.46270238648757833 
---
2 64 21.361019736842106 2.0 5
7 7 4 8 4 1 0.20092709351893756 
1 1 1 0 4 0 0.37017933229029376 
---
2 65 19.510690789473685 3.0 5
7 7 4 8 4 1 0.20092709351893756 
1 1 1 0 4 0 0.37017933229029376 
12 0 13 2 2 1 0.31804267133907516 
---
2 66 16.776315789473685 6.0 5
4 11 7 2 0 0 0.2903315124071937 
7 7 12 8 1 1 0.18459238695342028 
2 1 12 2 0 0 0.3056419124148233 
12 0 13 2 2 1 0.31804267133907516 
11 2 2 2 7 0 0.36005442171266777 
4 12 8 5 0 1 0.265156912902377 
---
2 67 17.598684210526315 4.0 5
12 0 13 2 1 1 0.13908636093575866 
11 2 2 2 7 0 0.36005442171266777 
2 1 7 0 4 0 0.7275643636625819 
7 7 4 8 4 1 0.20092709351893756 
---
2 68 17.393092105263158 5.0 5
7 4 8 8 8 1 0.46270238648757833 
11 2 2 2 7 0 0.36005442171266777 
2 1 7 0 4 0 0.7275643636625819 
12 0 13 2 1 1 0.13908636093575866 
7 7 4 8 4 1 0.20092709351893756 
---
2 69 16.056743421052634 7.0 5
2 1 12 2 0 0 0.3056419124148233 
7 4 8 8 8 1 0.46270238648757833 
4 12 8 5 0 1 0.265156912902377 
4 11 7 2 0 0 0.2903315124071937 
7 7 12 8 1 1 0.18459238695342028 
11 2 2 2 7 0 0.36005442171266777 
12 0 13 2 2 1 0.31804267133907516 
---
2 70 15.604440789473683 8.0 5
11 2 2 2 7 0 0.36005442171266777 
7 4 8 8 8 1 0.46270238648757833 
4 11 7 2 0 0 0.2903315124071937 
2 1 12 2 0 0 0.3056419124148233 
7 7 8 2 2 1 0.18483048436752592 
7 7 12 8 1 1 0.18459238695342028 
12 0 13 2 1 1 0.13908636093575866 
4 12 8 5 0 1 0.265156912902377 
---
2 71 15.439967105263158 9.0 5
11 2 2 2 7 0 0.36005442171266777 
12 0 13 2 1 1 0.13908636093575866 
7 7 8 2 2 1 0.18483048436752592 
4 11 7 2 0 0 0.2903315124071937 
2 1 12 2 0 0 0.3056419124148233 
7 7 12 8 1 1 0.18459238695342028 
7 4 8 8 8 1 0.46270238648757833 
4 12 8 5 0 1 0.265156912902377 
5 7 8 2 1 0 0.957290234281196 
---
2 72 14.617598684210526 12.0 5
2 1 12 2 0 0 0.3056419124148233 
5 7 8 2 1 0 0.957290234281196 
11 13 2 11 4 0 0.8382022082738079 
7 7 12 8 1 1 0.18459238695342028 
7 4 8 8 8 1 0.46270238648757833 
4 12 8 5 0 1 0.265156912902377 
11 7 11 10 11 1 0.20649529229242103 
7 7 8 2 2 1 0.18483048436752592 
3 12 0 12 4 0 0.25868839011036937 
4 11 7 2 0 0 0.2903315124071937 
11 2 2 2 7 0 0.36005442171266777 
12 0 13 2 1 1 0.13908636093575866 
---
2 73 15.028782894736842 10.0 5
7 4 8 8 8 1 0.46270238648757833 
11 2 2 2 7 0 0.36005442171266777 
3 12 0 12 4 0 0.25868839011036937 
7 7 12 8 1 1 0.18459238695342028 
4 12 8 5 0 1 0.265156912902377 
7 7 8 2 2 1 0.18483048436752592 
12 0 13 2 1 1 0.13908636093575866 
4 11 7 2 0 0 0.2903315124071937 
5 7 8 2 1 0 0.957290234281196 
2 1 12 2 0 0 0.3056419124148233 
---
2 74 14.535361842105262 13.0 5
3 12 0 12 4 0 0.25868839011036937 
11 2 2 2 7 0 0.36005442171266777 
5 7 8 2 1 0 0.957290234281196 
7 7 12 8 1 1 0.18459238695342028 
0 2 2 2 2 0 0.17661687091969647 
7 7 8 2 2 1 0.18483048436752592 
12 0 13 2 1 1 0.13908636093575866 
4 11 7 2 0 0 0.2903315124071937 
11 13 2 11 4 0 0.8382022082738079 
4 12 8 5 0 1 0.265156912902377 
11 7 11 10 11 1 0.20649529229242103 
2 1 12 2 0 0 0.3056419124148233 
7 4 8 8 8 1 0.46270238648757833 
---
2 75 21.361019736842106 2.0 5
7 7 4 8 4 1 0.20092709351893756 
1 1 1 0 4 0 0.37017933229029376 
---
2 76 19.510690789473685 3.0 5
7 7 4 8 4 1 0.20092709351893756 
1 1 1 0 4 0 0.37017933229029376 
12 0 13 2 2 1 0.31804267133907516 
---
2 77 16.776315789473685 6.0 5
4 12 8 5 0 1 0.265156912902377 
7 7 12 8 1 1 0.18459238695342028 
12 0 13 2 2 1 0.31804267133907516 
11 2 2 2 7 0 0.36005442171266777 
4 11 7 2 0 0 0.2903315124071937 
2 1 12 2 0 0 0.3056419124148233 
---
2 78 17.598684210526315 4.0 5
12 0 13 2 1 1 0.13908636093575866 
11 2 2 2 7 0 0.36005442171266777 
2 1 7 0 4 0 0.7275643636625819 
7 7 4 8 4 1 0.20092709351893756 
---
2 79 17.393092105263158 5.0 5
7 4 8 8 8 1 0.46270238648757833 
11 2 2 2 7 0 0.36005442171266777 
2 1 7 0 4 0 0.7275643636625819 
12 0 13 2 1 1 0.13908636093575866 
7 7 4 8 4 1 0.20092709351893756 
---
2 80 16.056743421052634 7.0 5
7 4 8 8 8 1 0.46270238648757833 
4 11 7 2 0 0 0.2903315124071937 
11 2 2 2 7 0 0.36005442171266777 
12 0 13 2 2 1 0.31804267133907516 
2 1 12 2 0 0 0.3056419124148233 
4 12 8 5 0 1 0.265156912902377 
7 7 12 8 1 1 0.18459238695342028 
---
2 81 15.604440789473683 8.0 5
11 2 2 2 7 0 0.36005442171266777 
7 4 8 8 8 1 0.46270238648757833 
4 11 7 2 0 0 0.2903315124071937 
2 1 12 2 0 0 0.3056419124148233 
7 7 8 2 2 1 0.18483048436752592 
7 7 12 8 1 1 0.18459238695342028 
12 0 13 2 1 1 0.13908636093575866 
4 12 8 5 0 1 0.265156912902377 
---
2 82 14.617598684210526 12.0 5
2 1 12 2 0 0 0.3056419124148233 
5 7 8 2 1 0 0.957290234281196 
11 13 2 11 4 0 0.8382022082738079 
7 7 12 8 1 1 0.18459238695342028 
7 4 8 8 8 1 0.46270238648757833 
4 12 8 5 0 1 0.265156912902377 
11 7 11 10 11 1 0.20649529229242103 
7 7 8 2 2 1 0.18483048436752592 
3 12 0 12 4 0 0.25868839011036937 
4 11 7 2 0 0 0.2903315124071937 
11 2 2 2 7 0 0.36005442171266777 
12 0 13 2 1 1 0.13908636093575866 
