---
0 0 29.344026321200907 1.0 5
0 1 0 1 2 0 0.39771925698675736 
---
0 1 12.625951059017067 18.0 5
11 2 13 4 7 0 0.4019809743748919 
2 1 7 1 2 0 0.7957037971874382 
7 12 4 5 7 1 0.212386283204836 
12 7 8 8 1 1 0.29179464854258774 
7 7 1 7 8 1 0.17482753386738492 
12 0 8 8 1 1 0.13879863374211654 
12 0 13 9 1 1 0.3164002878303076 
11 0 8 8 1 1 0.07630678488739506 
12 0 13 4 1 1 0.07173708524289601 
5 1 2 1 11 0 0.9888162386580621 
8 2 1 8 0 0 0.5413245784486038 
11 1 13 2 11 0 0.29372258127784945 
12 7 13 0 1 1 0.11611101260592083 
1 1 2 2 11 0 0.2613673715868645 
12 7 8 4 8 1 0.4485385195818945 
11 11 2 1 11 0 0.2566221039922365 
7 7 4 8 7 1 0.0729227075941995 
7 7 11 10 7 1 0.6503143713933324 
---
0 2 20.028788813489616 2.0 5
12 7 8 0 2 1 0.21916905556517396 
2 2 0 1 2 0 0.577714554004743 
---
0 3 17.49948591404483 6.0 5
12 0 8 8 1 1 0.13879863374211654 
12 7 8 4 8 1 0.4485385195818945 
7 7 4 8 7 1 0.0729227075941995 
11 2 13 4 7 0 0.4019809743748919 
2 1 7 1 2 0 0.7957037971874382 
12 7 13 0 1 1 0.11611101260592083 
---
0 4 18.774419082870654 4.0 5
2 1 4 1 2 0 0.515113964502486 
11 2 13 4 7 0 0.4019809743748919 
12 7 8 0 2 1 0.21916905556517396 
7 7 8 8 2 1 0.3356772407818216 
---
0 5 17.14990746452807 7.0 5
11 2 13 4 7 0 0.4019809743748919 
7 7 4 8 7 1 0.0729227075941995 
12 7 13 0 1 1 0.11611101260592083 
12 7 8 4 8 1 0.4485385195818945 
1 1 2 2 11 0 0.2613673715868645 
12 0 8 8 1 1 0.13879863374211654 
2 1 7 1 2 0 0.7957037971874382 
---
0 6 20.028788813489616 2.0 5
12 7 8 0 2 1 0.21916905556517396 
2 2 0 1 2 0 0.577714554004743 
---
0 7 18.774419082870654 4.0 5
2 1 4 1 2 0 0.515113964502486 
11 2 13 4 7 0 0.4019809743748919 
12 7 8 0 2 1 0.21916905556517396 
7 7 8 8 2 1 0.3356772407818216 
---
0 8 15.237507711289327 9.0 5
8 2 1 8 0 0 0.5413245784486038 
1 1 2 2 11 0 0.2613673715868645 
12 7 13 0 1 1 0.11611101260592083 
7 7 4 8 7 1 0.0729227075941995 
12 0 8 8 1 1 0.13879863374211654 
12 7 8 8 1 1 0.29179464854258774 
12 7 8 4 8 1 0.4485385195818945 
2 1 7 1 2 0 0.7957037971874382 
11 2 13 4 7 0 0.4019809743748919 
---
0 9 17.60230310507917 5.0 5
7 7 4 8 7 1 0.0729227075941995 
2 1 7 1 2 0 0.7957037971874382 
12 7 8 4 8 1 0.4485385195818945 
11 2 13 4 7 0 0.4019809743748919 
12 7 13 0 1 1 0.11611101260592083 
---
0 10 12.975529508533826 16.0 5
12 7 13 0 1 1 0.11611101260592083 
12 7 8 8 1 1 0.29179464854258774 
5 1 2 1 11 0 0.9888162386580621 
12 7 8 4 8 1 0.4485385195818945 
7 12 4 5 7 1 0.212386283204836 
2 1 7 1 2 0 0.7957037971874382 
11 1 13 2 11 0 0.29372258127784945 
11 11 2 1 11 0 0.2566221039922365 
11 2 13 4 7 0 0.4019809743748919 
12 0 8 8 1 1 0.13879863374211654 
7 7 11 10 7 1 0.6503143713933324 
1 1 2 2 11 0 0.2613673715868645 
7 7 1 7 8 1 0.17482753386738492 
12 0 13 4 1 1 0.07173708524289601 
7 7 4 8 7 1 0.0729227075941995 
8 2 1 8 0 0 0.5413245784486038 
---
0 11 17.14990746452807 7.0 5
11 2 13 4 7 0 0.4019809743748919 
7 7 4 8 7 1 0.0729227075941995 
12 7 13 0 1 1 0.11611101260592083 
12 7 8 4 8 1 0.4485385195818945 
1 1 2 2 11 0 0.2613673715868645 
12 0 8 8 1 1 0.13879863374211654 
2 1 7 1 2 0 0.7957037971874382 
---
0 12 15.237507711289327 9.0 5
8 2 1 8 0 0 0.5413245784486038 
1 1 2 2 11 0 0.2613673715868645 
12 7 13 0 1 1 0.11611101260592083 
7 7 4 8 7 1 0.0729227075941995 
12 0 8 8 1 1 0.13879863374211654 
12 7 8 8 1 1 0.29179464854258774 
12 7 8 4 8 1 0.4485385195818945 
2 1 7 1 2 0 0.7957037971874382 
11 2 13 4 7 0 0.4019809743748919 
---
0 13 14.66173144149702 10.0 5
12 7 8 8 1 1 0.29179464854258774 
7 12 4 5 7 1 0.212386283204836 
8 2 1 8 0 0 0.5413245784486038 
2 1 7 1 2 0 0.7957037971874382 
12 7 8 4 8 1 0.4485385195818945 
1 1 2 2 11 0 0.2613673715868645 
12 0 8 8 1 1 0.13879863374211654 
11 2 13 4 7 0 0.4019809743748919 
12 7 13 0 1 1 0.11611101260592083 
7 7 4 8 7 1 0.0729227075941995 
---
0 14 14.66173144149702 10.0 5
12 7 8 8 1 1 0.29179464854258774 
7 12 4 5 7 1 0.212386283204836 
8 2 1 8 0 0 0.5413245784486038 
2 1 7 1 2 0 0.7957037971874382 
12 7 8 4 8 1 0.4485385195818945 
1 1 2 2 11 0 0.2613673715868645 
12 0 8 8 1 1 0.13879863374211654 
11 2 13 4 7 0 0.4019809743748919 
12 7 13 0 1 1 0.11611101260592083 
7 7 4 8 7 1 0.0729227075941995 
---
0 15 14.229899239152784 11.0 5
11 11 2 1 11 0 0.2566221039922365 
7 12 4 5 7 1 0.212386283204836 
12 7 8 4 8 1 0.4485385195818945 
12 7 8 8 1 1 0.29179464854258774 
12 0 8 8 1 1 0.13879863374211654 
7 7 4 8 7 1 0.0729227075941995 
1 1 2 2 11 0 0.2613673715868645 
2 1 7 1 2 0 0.7957037971874382 
8 2 1 8 0 0 0.5413245784486038 
11 2 13 4 7 0 0.4019809743748919 
12 7 13 0 1 1 0.11611101260592083 
---
0 16 17.60230310507917 5.0 5
7 7 4 8 7 1 0.0729227075941995 
2 1 7 1 2 0 0.7957037971874382 
12 7 8 4 8 1 0.4485385195818945 
11 2 13 4 7 0 0.4019809743748919 
12 7 13 0 1 1 0.11611101260592083 
---
0 17 12.975529508533826 16.0 5
12 7 13 0 1 1 0.11611101260592083 
12 7 8 8 1 1 0.29179464854258774 
5 1 2 1 11 0 0.9888162386580621 
12 7 8 4 8 1 0.4485385195818945 
7 12 4 5 7 1 0.212386283204836 
2 1 7 1 2 0 0.7957037971874382 
11 1 13 2 11 0 0.29372258127784945 
11 11 2 1 11 0 0.2566221039922365 
11 2 13 4 7 0 0.4019809743748919 
12 0 8 8 1 1 0.13879863374211654 
7 7 11 10 7 1 0.6503143713933324 
1 1 2 2 11 0 0.2613673715868645 
7 7 1 7 8 1 0.17482753386738492 
12 0 13 4 1 1 0.07173708524289601 
7 7 4 8 7 1 0.0729227075941995 
8 2 1 8 0 0 0.5413245784486038 
---
0 18 13.900884227842894 12.0 5
12 0 8 8 1 1 0.13879863374211654 
7 7 4 8 7 1 0.0729227075941995 
11 2 13 4 7 0 0.4019809743748919 
1 1 2 2 11 0 0.2613673715868645 
2 1 7 1 2 0 0.7957037971874382 
8 2 1 8 0 0 0.5413245784486038 
12 7 8 8 1 1 0.29179464854258774 
12 7 8 4 8 1 0.4485385195818945 
7 12 4 5 7 1 0.212386283204836 
12 7 13 0 1 1 0.11611101260592083 
11 11 2 1 11 0 0.2566221039922365 
7 7 11 10 7 1 0.6503143713933324 
---
0 19 13.592432654739872 13.0 5
7 7 4 8 7 1 0.0729227075941995 
7 7 11 10 7 1 0.6503143713933324 
2 1 7 1 2 0 0.7957037971874382 
12 0 8 8 1 1 0.13879863374211654 
12 7 8 8 1 1 0.29179464854258774 
11 2 13 4 7 0 0.4019809743748919 
8 2 1 8 0 0 0.5413245784486038 
7 7 1 7 8 1 0.17482753386738492 
7 12 4 5 7 1 0.212386283204836 
12 7 13 0 1 1 0.11611101260592083 
1 1 2 2 11 0 0.2613673715868645 
12 7 8 4 8 1 0.4485385195818945 
11 11 2 1 11 0 0.2566221039922365 
---
0 20 13.427925149084926 14.0 5
11 0 8 8 1 1 0.07630678488739506 
7 7 11 10 7 1 0.6503143713933324 
12 7 8 4 8 1 0.4485385195818945 
11 11 2 1 11 0 0.2566221039922365 
12 7 13 0 1 1 0.11611101260592083 
12 7 8 8 1 1 0.29179464854258774 
7 7 4 8 7 1 0.0729227075941995 
2 1 7 1 2 0 0.7957037971874382 
7 7 1 7 8 1 0.17482753386738492 
7 12 4 5 7 1 0.212386283204836 
12 0 8 8 1 1 0.13879863374211654 
11 2 13 4 7 0 0.4019809743748919 
1 1 2 2 11 0 0.2613673715868645 
8 2 1 8 0 0 0.5413245784486038 
---
0 21 13.222290767016245 15.0 5
11 1 13 2 11 0 0.29372258127784945 
1 1 2 2 11 0 0.2613673715868645 
7 7 1 7 8 1 0.17482753386738492 
11 0 8 8 1 1 0.07630678488739506 
11 11 2 1 11 0 0.2566221039922365 
7 12 4 5 7 1 0.212386283204836 
2 1 7 1 2 0 0.7957037971874382 
8 2 1 8 0 0 0.5413245784486038 
12 7 8 8 1 1 0.29179464854258774 
12 7 8 4 8 1 0.4485385195818945 
7 7 11 10 7 1 0.6503143713933324 
12 0 8 8 1 1 0.13879863374211654 
7 7 4 8 7 1 0.0729227075941995 
11 2 13 4 7 0 0.4019809743748919 
12 7 13 0 1 1 0.11611101260592083 
---
0 22 14.229899239152784 11.0 5
11 11 2 1 11 0 0.2566221039922365 
7 12 4 5 7 1 0.212386283204836 
12 7 8 4 8 1 0.4485385195818945 
12 7 8 8 1 1 0.29179464854258774 
12 0 8 8 1 1 0.13879863374211654 
7 7 4 8 7 1 0.0729227075941995 
1 1 2 2 11 0 0.2613673715868645 
2 1 7 1 2 0 0.7957037971874382 
8 2 1 8 0 0 0.5413245784486038 
11 2 13 4 7 0 0.4019809743748919 
12 7 13 0 1 1 0.11611101260592083 
---
0 23 13.900884227842894 12.0 5
12 0 8 8 1 1 0.13879863374211654 
7 7 4 8 7 1 0.0729227075941995 
11 2 13 4 7 0 0.4019809743748919 
1 1 2 2 11 0 0.2613673715868645 
2 1 7 1 2 0 0.7957037971874382 
8 2 1 8 0 0 0.5413245784486038 
12 7 8 8 1 1 0.29179464854258774 
12 7 8 4 8 1 0.4485385195818945 
7 12 4 5 7 1 0.212386283204836 
12 7 13 0 1 1 0.11611101260592083 
11 11 2 1 11 0 0.2566221039922365 
7 7 11 10 7 1 0.6503143713933324 
---
0 24 13.592432654739872 13.0 5
7 7 4 8 7 1 0.0729227075941995 
7 7 11 10 7 1 0.6503143713933324 
2 1 7 1 2 0 0.7957037971874382 
12 0 8 8 1 1 0.13879863374211654 
12 7 8 8 1 1 0.29179464854258774 
11 2 13 4 7 0 0.4019809743748919 
8 2 1 8 0 0 0.5413245784486038 
7 7 1 7 8 1 0.17482753386738492 
7 12 4 5 7 1 0.212386283204836 
12 7 13 0 1 1 0.11611101260592083 
1 1 2 2 11 0 0.2613673715868645 
12 7 8 4 8 1 0.4485385195818945 
11 11 2 1 11 0 0.2566221039922365 
---
0 25 13.427925149084926 14.0 5
11 0 8 8 1 1 0.07630678488739506 
7 7 11 10 7 1 0.6503143713933324 
12 7 8 4 8 1 0.4485385195818945 
11 11 2 1 11 0 0.2566221039922365 
12 7 13 0 1 1 0.11611101260592083 
12 7 8 8 1 1 0.29179464854258774 
7 7 4 8 7 1 0.0729227075941995 
2 1 7 1 2 0 0.7957037971874382 
7 7 1 7 8 1 0.17482753386738492 
7 12 4 5 7 1 0.212386283204836 
12 0 8 8 1 1 0.13879863374211654 
11 2 13 4 7 0 0.4019809743748919 
1 1 2 2 11 0 0.2613673715868645 
8 2 1 8 0 0 0.5413245784486038 
---
0 26 13.222290767016245 15.0 5
11 1 13 2 11 0 0.29372258127784945 
1 1 2 2 11 0 0.2613673715868645 
7 7 1 7 8 1 0.17482753386738492 
11 0 8 8 1 1 0.07630678488739506 
11 11 2 1 11 0 0.2566221039922365 
7 12 4 5 7 1 0.212386283204836 
2 1 7 1 2 0 0.7957037971874382 
8 2 1 8 0 0 0.5413245784486038 
12 7 8 8 1 1 0.29179464854258774 
12 7 8 4 8 1 0.4485385195818945 
7 7 11 10 7 1 0.6503143713933324 
12 0 8 8 1 1 0.13879863374211654 
7 7 4 8 7 1 0.0729227075941995 
11 2 13 4 7 0 0.4019809743748919 
12 7 13 0 1 1 0.11611101260592083 
---
0 27 12.625951059017067 18.0 5
11 2 13 4 7 0 0.4019809743748919 
2 1 7 1 2 0 0.7957037971874382 
7 12 4 5 7 1 0.212386283204836 
12 7 8 8 1 1 0.29179464854258774 
7 7 1 7 8 1 0.17482753386738492 
12 0 8 8 1 1 0.13879863374211654 
12 0 13 9 1 1 0.3164002878303076 
11 0 8 8 1 1 0.07630678488739506 
12 0 13 4 1 1 0.07173708524289601 
5 1 2 1 11 0 0.9888162386580621 
8 2 1 8 0 0 0.5413245784486038 
11 1 13 2 11 0 0.29372258127784945 
12 7 13 0 1 1 0.11611101260592083 
1 1 2 2 11 0 0.2613673715868645 
12 7 8 4 8 1 0.4485385195818945 
11 11 2 1 11 0 0.2566221039922365 
7 7 4 8 7 1 0.0729227075941995 
7 7 11 10 7 1 0.6503143713933324 
---
0 28 20.028788813489616 2.0 5
12 7 8 0 2 1 0.21916905556517396 
2 2 0 1 2 0 0.577714554004743 
---
0 29 18.774419082870654 4.0 5
2 1 4 1 2 0 0.515113964502486 
11 2 13 4 7 0 0.4019809743748919 
12 7 8 0 2 1 0.21916905556517396 
7 7 8 8 2 1 0.3356772407818216 
---
0 30 17.14990746452807 7.0 5
11 2 13 4 7 0 0.4019809743748919 
7 7 4 8 7 1 0.0729227075941995 
12 7 13 0 1 1 0.11611101260592083 
12 7 8 4 8 1 0.4485385195818945 
1 1 2 2 11 0 0.2613673715868645 
12 0 8 8 1 1 0.13879863374211654 
2 1 7 1 2 0 0.7957037971874382 
---
0 31 15.237507711289327 9.0 5
8 2 1 8 0 0 0.5413245784486038 
1 1 2 2 11 0 0.2613673715868645 
12 7 13 0 1 1 0.11611101260592083 
7 7 4 8 7 1 0.0729227075941995 
12 0 8 8 1 1 0.13879863374211654 
12 7 8 8 1 1 0.29179464854258774 
12 7 8 4 8 1 0.4485385195818945 
2 1 7 1 2 0 0.7957037971874382 
11 2 13 4 7 0 0.4019809743748919 
---
0 32 14.66173144149702 10.0 5
11 2 13 4 7 0 0.4019809743748919 
12 7 13 0 1 1 0.11611101260592083 
7 12 4 5 7 1 0.212386283204836 
12 7 8 8 1 1 0.29179464854258774 
12 0 8 8 1 1 0.13879863374211654 
8 2 1 8 0 0 0.5413245784486038 
1 1 2 2 11 0 0.2613673715868645 
12 7 8 4 8 1 0.4485385195818945 
2 1 7 1 2 0 0.7957037971874382 
7 7 4 8 7 1 0.0729227075941995 
---
0 33 17.60230310507917 5.0 5
7 7 4 8 7 1 0.0729227075941995 
2 1 7 1 2 0 0.7957037971874382 
12 7 8 4 8 1 0.4485385195818945 
11 2 13 4 7 0 0.4019809743748919 
12 7 13 0 1 1 0.11611101260592083 
---
0 34 12.975529508533826 16.0 5
12 7 13 0 1 1 0.11611101260592083 
12 7 8 8 1 1 0.29179464854258774 
5 1 2 1 11 0 0.9888162386580621 
12 7 8 4 8 1 0.4485385195818945 
7 12 4 5 7 1 0.212386283204836 
2 1 7 1 2 0 0.7957037971874382 
11 1 13 2 11 0 0.29372258127784945 
11 11 2 1 11 0 0.2566221039922365 
11 2 13 4 7 0 0.4019809743748919 
12 0 8 8 1 1 0.13879863374211654 
7 7 11 10 7 1 0.6503143713933324 
1 1 2 2 11 0 0.2613673715868645 
7 7 1 7 8 1 0.17482753386738492 
12 0 13 4 1 1 0.07173708524289601 
7 7 4 8 7 1 0.0729227075941995 
8 2 1 8 0 0 0.5413245784486038 
---
0 35 14.229899239152784 11.0 5
11 11 2 1 11 0 0.2566221039922365 
7 12 4 5 7 1 0.212386283204836 
12 7 8 4 8 1 0.4485385195818945 
12 7 8 8 1 1 0.29179464854258774 
12 0 8 8 1 1 0.13879863374211654 
7 7 4 8 7 1 0.0729227075941995 
1 1 2 2 11 0 0.2613673715868645 
2 1 7 1 2 0 0.7957037971874382 
8 2 1 8 0 0 0.5413245784486038 
11 2 13 4 7 0 0.4019809743748919 
12 7 13 0 1 1 0.11611101260592083 
---
0 36 13.900884227842894 12.0 5
12 0 8 8 1 1 0.13879863374211654 
7 7 4 8 7 1 0.0729227075941995 
11 2 13 4 7 0 0.4019809743748919 
1 1 2 2 11 0 0.2613673715868645 
2 1 7 1 2 0 0.7957037971874382 
8 2 1 8 0 0 0.5413245784486038 
12 7 8 8 1 1 0.29179464854258774 
12 7 8 4 8 1 0.4485385195818945 
7 12 4 5 7 1 0.212386283204836 
12 7 13 0 1 1 0.11611101260592083 
11 11 2 1 11 0 0.2566221039922365 
7 7 11 10 7 1 0.6503143713933324 
---
0 37 13.592432654739872 13.0 5
7 7 4 8 7 1 0.0729227075941995 
7 7 11 10 7 1 0.6503143713933324 
2 1 7 1 2 0 0.7957037971874382 
12 0 8 8 1 1 0.13879863374211654 
12 7 8 8 1 1 0.29179464854258774 
11 2 13 4 7 0 0.4019809743748919 
8 2 1 8 0 0 0.5413245784486038 
7 7 1 7 8 1 0.17482753386738492 
7 12 4 5 7 1 0.212386283204836 
12 7 13 0 1 1 0.11611101260592083 
1 1 2 2 11 0 0.2613673715868645 
12 7 8 4 8 1 0.4485385195818945 
11 11 2 1 11 0 0.2566221039922365 
---
0 38 13.427925149084926 14.0 5
11 0 8 8 1 1 0.07630678488739506 
7 7 11 10 7 1 0.6503143713933324 
12 7 8 4 8 1 0.4485385195818945 
11 11 2 1 11 0 0.2566221039922365 
12 7 13 0 1 1 0.11611101260592083 
12 7 8 8 1 1 0.29179464854258774 
7 7 4 8 7 1 0.0729227075941995 
2 1 7 1 2 0 0.7957037971874382 
7 7 1 7 8 1 0.17482753386738492 
7 12 4 5 7 1 0.212386283204836 
12 0 8 8 1 1 0.13879863374211654 
11 2 13 4 7 0 0.4019809743748919 
1 1 2 2 11 0 0.2613673715868645 
8 2 1 8 0 0 0.5413245784486038 
---
0 39 13.222290767016245 15.0 5
11 1 13 2 11 0 0.29372258127784945 
1 1 2 2 11 0 0.2613673715868645 
7 7 1 7 8 1 0.17482753386738492 
11 0 8 8 1 1 0.07630678488739506 
11 11 2 1 11 0 0.2566221039922365 
7 12 4 5 7 1 0.212386283204836 
2 1 7 1 2 0 0.7957037971874382 
8 2 1 8 0 0 0.5413245784486038 
12 7 8 8 1 1 0.29179464854258774 
12 7 8 4 8 1 0.4485385195818945 
7 7 11 10 7 1 0.6503143713933324 
12 0 8 8 1 1 0.13879863374211654 
7 7 4 8 7 1 0.0729227075941995 
11 2 13 4 7 0 0.4019809743748919 
12 7 13 0 1 1 0.11611101260592083 
---
0 40 29.344026321200907 1.0 5
0 1 0 1 0 0 0.4521060493042872 
---
0 41 12.625951059017067 18.0 5
11 2 13 4 7 0 0.4019809743748919 
2 1 7 1 2 0 0.7957037971874382 
7 12 4 5 7 1 0.212386283204836 
12 7 8 8 1 1 0.29179464854258774 
7 7 1 7 8 1 0.17482753386738492 
12 0 8 8 1 1 0.13879863374211654 
12 0 13 9 1 1 0.3164002878303076 
11 0 8 8 1 1 0.07630678488739506 
12 0 13 4 1 1 0.07173708524289601 
5 1 2 1 11 0 0.9888162386580621 
8 2 1 8 0 0 0.5413245784486038 
11 1 13 2 11 0 0.29372258127784945 
12 7 13 0 1 1 0.11611101260592083 
1 1 2 2 11 0 0.2613673715868645 
12 7 8 4 8 1 0.4485385195818945 
11 11 2 1 11 0 0.2566221039922365 
7 7 4 8 7 1 0.0729227075941995 
7 7 11 10 7 1 0.6503143713933324 
---
0 42 20.028788813489616 2.0 5
12 7 8 0 2 1 0.21916905556517396 
2 2 0 1 2 0 0.577714554004743 
---
0 43 18.774419082870654 4.0 5
2 1 4 1 2 0 0.515113964502486 
11 2 13 4 7 0 0.4019809743748919 
12 7 8 0 2 1 0.21916905556517396 
7 7 8 8 2 1 0.3356772407818216 
---
0 44 17.14990746452807 7.0 5
11 2 13 4 7 0 0.4019809743748919 
7 7 4 8 7 1 0.0729227075941995 
12 7 13 0 1 1 0.11611101260592083 
12 7 8 4 8 1 0.4485385195818945 
1 1 2 2 11 0 0.2613673715868645 
12 0 8 8 1 1 0.13879863374211654 
2 1 7 1 2 0 0.7957037971874382 
---
0 45 15.237507711289327 9.0 5
8 2 1 8 0 0 0.5413245784486038 
1 1 2 2 11 0 0.2613673715868645 
12 7 13 0 1 1 0.11611101260592083 
7 7 4 8 7 1 0.0729227075941995 
12 0 8 8 1 1 0.13879863374211654 
12 7 8 8 1 1 0.29179464854258774 
12 7 8 4 8 1 0.4485385195818945 
2 1 7 1 2 0 0.7957037971874382 
11 2 13 4 7 0 0.4019809743748919 
---
0 46 14.66173144149702 10.0 5
12 7 8 8 1 1 0.29179464854258774 
7 12 4 5 7 1 0.212386283204836 
8 2 1 8 0 0 0.5413245784486038 
2 1 7 1 2 0 0.7957037971874382 
12 7 8 4 8 1 0.4485385195818945 
1 1 2 2 11 0 0.2613673715868645 
12 0 8 8 1 1 0.13879863374211654 
11 2 13 4 7 0 0.4019809743748919 
12 7 13 0 1 1 0.11611101260592083 
7 7 4 8 7 1 0.0729227075941995 
---
0 47 17.60230310507917 5.0 5
7 7 4 8 7 1 0.0729227075941995 
2 1 7 1 2 0 0.7957037971874382 
12 7 8 4 8 1 0.4485385195818945 
11 2 13 4 7 0 0.4019809743748919 
12 7 13 0 1 1 0.11611101260592083 
---
0 48 12.975529508533826 16.0 5
12 7 13 0 1 1 0.11611101260592083 
12 7 8 8 1 1 0.29179464854258774 
5 1 2 1 11 0 0.9888162386580621 
12 7 8 4 8 1 0.4485385195818945 
7 12 4 5 7 1 0.212386283204836 
2 1 7 1 2 0 0.7957037971874382 
11 1 13 2 11 0 0.29372258127784945 
11 11 2 1 11 0 0.2566221039922365 
11 2 13 4 7 0 0.4019809743748919 
12 0 8 8 1 1 0.13879863374211654 
7 7 11 10 7 1 0.6503143713933324 
1 1 2 2 11 0 0.2613673715868645 
7 7 1 7 8 1 0.17482753386738492 
12 0 13 4 1 1 0.07173708524289601 
7 7 4 8 7 1 0.0729227075941995 
8 2 1 8 0 0 0.5413245784486038 
---
0 49 14.229899239152784 11.0 5
11 11 2 1 11 0 0.2566221039922365 
7 12 4 5 7 1 0.212386283204836 
12 7 8 4 8 1 0.4485385195818945 
12 7 8 8 1 1 0.29179464854258774 
12 0 8 8 1 1 0.13879863374211654 
7 7 4 8 7 1 0.0729227075941995 
1 1 2 2 11 0 0.2613673715868645 
2 1 7 1 2 0 0.7957037971874382 
8 2 1 8 0 0 0.5413245784486038 
11 2 13 4 7 0 0.4019809743748919 
12 7 13 0 1 1 0.11611101260592083 
---
0 50 13.900884227842894 12.0 5
12 0 8 8 1 1 0.13879863374211654 
7 7 4 8 7 1 0.0729227075941995 
11 2 13 4 7 0 0.4019809743748919 
1 1 2 2 11 0 0.2613673715868645 
2 1 7 1 2 0 0.7957037971874382 
8 2 1 8 0 0 0.5413245784486038 
12 7 8 8 1 1 0.29179464854258774 
12 7 8 4 8 1 0.4485385195818945 
7 12 4 5 7 1 0.212386283204836 
12 7 13 0 1 1 0.11611101260592083 
11 11 2 1 11 0 0.2566221039922365 
7 7 11 10 7 1 0.6503143713933324 
---
0 51 13.592432654739872 13.0 5
7 7 4 8 7 1 0.0729227075941995 
7 7 11 10 7 1 0.6503143713933324 
2 1 7 1 2 0 0.7957037971874382 
12 0 8 8 1 1 0.13879863374211654 
12 7 8 8 1 1 0.29179464854258774 
11 2 13 4 7 0 0.4019809743748919 
8 2 1 8 0 0 0.5413245784486038 
7 7 1 7 8 1 0.17482753386738492 
7 12 4 5 7 1 0.212386283204836 
12 7 13 0 1 1 0.11611101260592083 
1 1 2 2 11 0 0.2613673715868645 
12 7 8 4 8 1 0.4485385195818945 
11 11 2 1 11 0 0.2566221039922365 
---
0 52 13.427925149084926 14.0 5
11 0 8 8 1 1 0.07630678488739506 
7 7 11 10 7 1 0.6503143713933324 
12 7 8 4 8 1 0.4485385195818945 
11 11 2 1 11 0 0.2566221039922365 
12 7 13 0 1 1 0.11611101260592083 
12 7 8 8 1 1 0.29179464854258774 
7 7 4 8 7 1 0.0729227075941995 
2 1 7 1 2 0 0.7957037971874382 
7 7 1 7 8 1 0.17482753386738492 
7 12 4 5 7 1 0.212386283204836 
12 0 8 8 1 1 0.13879863374211654 
11 2 13 4 7 0 0.4019809743748919 
1 1 2 2 11 0 0.2613673715868645 
8 2 1 8 0 0 0.5413245784486038 
---
0 53 13.222290767016245 15.0 5
11 1 13 2 11 0 0.29372258127784945 
1 1 2 2 11 0 0.2613673715868645 
7 7 1 7 8 1 0.17482753386738492 
11 0 8 8 1 1 0.07630678488739506 
11 11 2 1 11 0 0.2566221039922365 
7 12 4 5 7 1 0.212386283204836 
2 1 7 1 2 0 0.7957037971874382 
8 2 1 8 0 0 0.5413245784486038 
12 7 8 8 1 1 0.29179464854258774 
12 7 8 4 8 1 0.4485385195818945 
7 7 11 10 7 1 0.6503143713933324 
12 0 8 8 1 1 0.13879863374211654 
7 7 4 8 7 1 0.0729227075941995 
11 2 13 4 7 0 0.4019809743748919 
12 7 13 0 1 1 0.11611101260592083 
---
0 54 12.625951059017067 18.0 5
11 2 13 4 7 0 0.4019809743748919 
2 1 7 1 2 0 0.7957037971874382 
7 12 4 5 7 1 0.212386283204836 
12 7 8 8 1 1 0.29179464854258774 
7 7 1 7 8 1 0.17482753386738492 
12 0 8 8 1 1 0.13879863374211654 
12 0 13 9 1 1 0.3164002878303076 
11 0 8 8 1 1 0.07630678488739506 
12 0 13 4 1 1 0.07173708524289601 
5 1 2 1 11 0 0.9888162386580621 
8 2 1 8 0 0 0.5413245784486038 
11 1 13 2 11 0 0.29372258127784945 
12 7 13 0 1 1 0.11611101260592083 
1 1 2 2 11 0 0.2613673715868645 
12 7 8 4 8 1 0.4485385195818945 
11 11 2 1 11 0 0.2566221039922365 
7 7 4 8 7 1 0.0729227075941995 
7 7 11 10 7 1 0.6503143713933324 
---
0 55 20.028788813489616 2.0 5
12 7 8 0 2 1 0.21916905556517396 
2 2 0 1 2 0 0.577714554004743 
---
0 56 18.774419082870654 4.0 5
2 1 4 1 2 0 0.515113964502486 
11 2 13 4 7 0 0.4019809743748919 
12 7 8 0 2 1 0.21916905556517396 
7 7 8 8 2 1 0.3356772407818216 
---
0 57 17.14990746452807 7.0 5
11 2 13 4 7 0 0.4019809743748919 
7 7 4 8 7 1 0.0729227075941995 
12 7 13 0 1 1 0.11611101260592083 
12 7 8 4 8 1 0.4485385195818945 
1 1 2 2 11 0 0.2613673715868645 
12 0 8 8 1 1 0.13879863374211654 
2 1 7 1 2 0 0.7957037971874382 
---
0 58 15.237507711289327 9.0 5
8 2 1 8 0 0 0.5413245784486038 
1 1 2 2 11 0 0.2613673715868645 
12 7 13 0 1 1 0.11611101260592083 
7 7 4 8 7 1 0.0729227075941995 
12 0 8 8 1 1 0.13879863374211654 
12 7 8 8 1 1 0.29179464854258774 
12 7 8 4 8 1 0.4485385195818945 
2 1 7 1 2 0 0.7957037971874382 
11 2 13 4 7 0 0.4019809743748919 
---
0 59 14.66173144149702 10.0 5
11 2 13 4 7 0 0.4019809743748919 
12 7 13 0 1 1 0.11611101260592083 
7 12 4 5 7 1 0.212386283204836 
12 7 8 8 1 1 0.29179464854258774 
12 0 8 8 1 1 0.13879863374211654 
8 2 1 8 0 0 0.5413245784486038 
1 1 2 2 11 0 0.2613673715868645 
12 7 8 4 8 1 0.4485385195818945 
2 1 7 1 2 0 0.7957037971874382 
7 7 4 8 7 1 0.0729227075941995 
---
0 60 17.60230310507917 5.0 5
12 7 13 0 1 1 0.11611101260592083 
11 2 13 4 7 0 0.4019809743748919 
2 1 7 1 2 0 0.7957037971874382 
12 7 8 4 8 1 0.4485385195818945 
7 7 4 8 7 1 0.0729227075941995 
---
0 61 12.975529508533826 16.0 5
12 7 13 0 1 1 0.11611101260592083 
12 7 8 8 1 1 0.29179464854258774 
5 1 2 1 11 0 0.9888162386580621 
12 7 8 4 8 1 0.4485385195818945 
7 12 4 5 7 1 0.212386283204836 
2 1 7 1 2 0 0.7957037971874382 
11 1 13 2 11 0 0.29372258127784945 
11 11 2 1 11 0 0.2566221039922365 
11 2 13 4 7 0 0.4019809743748919 
12 0 8 8 1 1 0.13879863374211654 
7 7 11 10 7 1 0.6503143713933324 
1 1 2 2 11 0 0.2613673715868645 
7 7 1 7 8 1 0.17482753386738492 
12 0 13 4 1 1 0.07173708524289601 
7 7 4 8 7 1 0.0729227075941995 
8 2 1 8 0 0 0.5413245784486038 
---
0 62 14.229899239152784 11.0 5
11 11 2 1 11 0 0.2566221039922365 
7 12 4 5 7 1 0.212386283204836 
12 7 8 4 8 1 0.4485385195818945 
12 7 8 8 1 1 0.29179464854258774 
12 0 8 8 1 1 0.13879863374211654 
7 7 4 8 7 1 0.0729227075941995 
1 1 2 2 11 0 0.2613673715868645 
2 1 7 1 2 0 0.7957037971874382 
8 2 1 8 0 0 0.5413245784486038 
11 2 13 4 7 0 0.4019809743748919 
12 7 13 0 1 1 0.11611101260592083 
---
0 63 13.900884227842894 12.0 5
12 0 8 8 1 1 0.13879863374211654 
7 7 4 8 7 1 0.0729227075941995 
11 2 13 4 7 0 0.4019809743748919 
1 1 2 2 11 0 0.2613673715868645 
2 1 7 1 2 0 0.7957037971874382 
8 2 1 8 0 0 0.5413245784486038 
12 7 8 8 1 1 0.29179464854258774 
12 7 8 4 8 1 0.4485385195818945 
7 12 4 5 7 1 0.212386283204836 
12 7 13 0 1 1 0.11611101260592083 
11 11 2 1 11 0 0.2566221039922365 
7 7 11 10 7 1 0.6503143713933324 
---
0 64 13.592432654739872 13.0 5
7 7 4 8 7 1 0.0729227075941995 
7 7 11 10 7 1 0.6503143713933324 
2 1 7 1 2 0 0.7957037971874382 
12 0 8 8 1 1 0.13879863374211654 
12 7 8 8 1 1 0.29179464854258774 
11 2 13 4 7 0 0.4019809743748919 
8 2 1 8 0 0 0.5413245784486038 
7 7 1 7 8 1 0.17482753386738492 
7 12 4 5 7 1 0.212386283204836 
12 7 13 0 1 1 0.11611101260592083 
1 1 2 2 11 0 0.2613673715868645 
12 7 8 4 8 1 0.4485385195818945 
11 11 2 1 11 0 0.2566221039922365 
---
0 65 13.427925149084926 14.0 5
11 0 8 8 1 1 0.07630678488739506 
7 7 11 10 7 1 0.6503143713933324 
12 7 8 4 8 1 0.4485385195818945 
11 11 2 1 11 0 0.2566221039922365 
12 7 13 0 1 1 0.11611101260592083 
12 7 8 8 1 1 0.29179464854258774 
7 7 4 8 7 1 0.0729227075941995 
2 1 7 1 2 0 0.7957037971874382 
7 7 1 7 8 1 0.17482753386738492 
7 12 4 5 7 1 0.212386283204836 
12 0 8 8 1 1 0.13879863374211654 
11 2 13 4 7 0 0.4019809743748919 
1 1 2 2 11 0 0.2613673715868645 
8 2 1 8 0 0 0.5413245784486038 
---
0 66 13.222290767016245 15.0 5
11 1 13 2 11 0 0.29372258127784945 
1 1 2 2 11 0 0.2613673715868645 
7 7 1 7 8 1 0.17482753386738492 
11 0 8 8 1 1 0.07630678488739506 
11 11 2 1 11 0 0.2566221039922365 
7 12 4 5 7 1 0.212386283204836 
2 1 7 1 2 0 0.7957037971874382 
8 2 1 8 0 0 0.5413245784486038 
12 7 8 8 1 1 0.29179464854258774 
12 7 8 4 8 1 0.4485385195818945 
7 7 11 10 7 1 0.6503143713933324 
12 0 8 8 1 1 0.13879863374211654 
7 7 4 8 7 1 0.0729227075941995 
11 2 13 4 7 0 0.4019809743748919 
12 7 13 0 1 1 0.11611101260592083 
---
0 67 12.625951059017067 18.0 5
11 2 13 4 7 0 0.4019809743748919 
2 1 7 1 2 0 0.7957037971874382 
7 12 4 5 7 1 0.212386283204836 
12 7 8 8 1 1 0.29179464854258774 
7 7 1 7 8 1 0.17482753386738492 
12 0 8 8 1 1 0.13879863374211654 
12 0 13 9 1 1 0.3164002878303076 
11 0 8 8 1 1 0.07630678488739506 
12 0 13 4 1 1 0.07173708524289601 
5 1 2 1 11 0 0.9888162386580621 
8 2 1 8 0 0 0.5413245784486038 
11 1 13 2 11 0 0.29372258127784945 
12 7 13 0 1 1 0.11611101260592083 
1 1 2 2 11 0 0.2613673715868645 
12 7 8 4 8 1 0.4485385195818945 
11 11 2 1 11 0 0.2566221039922365 
7 7 4 8 7 1 0.0729227075941995 
7 7 11 10 7 1 0.6503143713933324 
---
0 68 20.028788813489616 2.0 5
12 7 8 0 2 1 0.21916905556517396 
2 2 0 1 2 0 0.577714554004743 
---
0 69 18.774419082870654 4.0 5
2 1 4 1 2 0 0.515113964502486 
11 2 13 4 7 0 0.4019809743748919 
12 7 8 0 2 1 0.21916905556517396 
7 7 8 8 2 1 0.3356772407818216 
---
0 70 15.237507711289327 9.0 5
8 2 1 8 0 0 0.5413245784486038 
1 1 2 2 11 0 0.2613673715868645 
12 7 13 0 1 1 0.11611101260592083 
7 7 4 8 7 1 0.0729227075941995 
12 0 8 8 1 1 0.13879863374211654 
12 7 8 8 1 1 0.29179464854258774 
12 7 8 4 8 1 0.4485385195818945 
2 1 7 1 2 0 0.7957037971874382 
11 2 13 4 7 0 0.4019809743748919 
---
0 71 14.66173144149702 10.0 5
12 7 8 8 1 1 0.29179464854258774 
7 12 4 5 7 1 0.212386283204836 
8 2 1 8 0 0 0.5413245784486038 
2 1 7 1 2 0 0.7957037971874382 
12 7 8 4 8 1 0.4485385195818945 
1 1 2 2 11 0 0.2613673715868645 
12 0 8 8 1 1 0.13879863374211654 
11 2 13 4 7 0 0.4019809743748919 
12 7 13 0 1 1 0.11611101260592083 
7 7 4 8 7 1 0.0729227075941995 
---
0 72 17.60230310507917 5.0 5
7 7 4 8 7 1 0.0729227075941995 
2 1 7 1 2 0 0.7957037971874382 
12 7 8 4 8 1 0.4485385195818945 
11 2 13 4 7 0 0.4019809743748919 
12 7 13 0 1 1 0.11611101260592083 
---
0 73 12.975529508533826 16.0 5
12 7 13 0 1 1 0.11611101260592083 
12 7 8 8 1 1 0.29179464854258774 
5 1 2 1 11 0 0.9888162386580621 
12 7 8 4 8 1 0.4485385195818945 
7 12 4 5 7 1 0.212386283204836 
2 1 7 1 2 0 0.7957037971874382 
11 1 13 2 11 0 0.29372258127784945 
11 11 2 1 11 0 0.2566221039922365 
11 2 13 4 7 0 0.4019809743748919 
12 0 8 8 1 1 0.13879863374211654 
7 7 11 10 7 1 0.6503143713933324 
1 1 2 2 11 0 0.2613673715868645 
7 7 1 7 8 1 0.17482753386738492 
12 0 13 4 1 1 0.07173708524289601 
7 7 4 8 7 1 0.0729227075941995 
8 2 1 8 0 0 0.5413245784486038 
---
0 74 14.229899239152784 11.0 5
11 11 2 1 11 0 0.2566221039922365 
7 12 4 5 7 1 0.212386283204836 
12 7 8 4 8 1 0.4485385195818945 
12 7 8 8 1 1 0.29179464854258774 
12 0 8 8 1 1 0.13879863374211654 
7 7 4 8 7 1 0.0729227075941995 
1 1 2 2 11 0 0.2613673715868645 
2 1 7 1 2 0 0.7957037971874382 
8 2 1 8 0 0 0.5413245784486038 
11 2 13 4 7 0 0.4019809743748919 
12 7 13 0 1 1 0.11611101260592083 
---
0 75 13.900884227842894 12.0 5
12 0 8 8 1 1 0.13879863374211654 
7 7 4 8 7 1 0.0729227075941995 
11 2 13 4 7 0 0.4019809743748919 
1 1 2 2 11 0 0.2613673715868645 
2 1 7 1 2 0 0.7957037971874382 
8 2 1 8 0 0 0.5413245784486038 
12 7 8 8 1 1 0.29179464854258774 
12 7 8 4 8 1 0.4485385195818945 
7 12 4 5 7 1 0.212386283204836 
12 7 13 0 1 1 0.11611101260592083 
11 11 2 1 11 0 0.2566221039922365 
7 7 11 10 7 1 0.6503143713933324 
---
0 76 13.592432654739872 13.0 5
7 7 4 8 7 1 0.0729227075941995 
7 7 11 10 7 1 0.6503143713933324 
2 1 7 1 2 0 0.7957037971874382 
12 0 8 8 1 1 0.13879863374211654 
12 7 8 8 1 1 0.29179464854258774 
11 2 13 4 7 0 0.4019809743748919 
8 2 1 8 0 0 0.5413245784486038 
7 7 1 7 8 1 0.17482753386738492 
7 12 4 5 7 1 0.212386283204836 
12 7 13 0 1 1 0.11611101260592083 
1 1 2 2 11 0 0.2613673715868645 
12 7 8 4 8 1 0.4485385195818945 
11 11 2 1 11 0 0.2566221039922365 
---
0 77 13.427925149084926 14.0 5
11 0 8 8 1 1 0.07630678488739506 
7 7 11 10 7 1 0.6503143713933324 
12 7 8 4 8 1 0.4485385195818945 
11 11 2 1 11 0 0.2566221039922365 
12 7 13 0 1 1 0.11611101260592083 
12 7 8 8 1 1 0.29179464854258774 
7 7 4 8 7 1 0.0729227075941995 
2 1 7 1 2 0 0.7957037971874382 
7 7 1 7 8 1 0.17482753386738492 
7 12 4 5 7 1 0.212386283204836 
12 0 8 8 1 1 0.13879863374211654 
11 2 13 4 7 0 0.4019809743748919 
1 1 2 2 11 0 0.2613673715868645 
8 2 1 8 0 0 0.5413245784486038 
---
0 78 13.222290767016245 15.0 5
11 1 13 2 11 0 0.29372258127784945 
1 1 2 2 11 0 0.2613673715868645 
7 7 1 7 8 1 0.17482753386738492 
11 0 8 8 1 1 0.07630678488739506 
11 11 2 1 11 0 0.2566221039922365 
7 12 4 5 7 1 0.212386283204836 
2 1 7 1 2 0 0.7957037971874382 
8 2 1 8 0 0 0.5413245784486038 
12 7 8 8 1 1 0.29179464854258774 
12 7 8 4 8 1 0.4485385195818945 
7 7 11 10 7 1 0.6503143713933324 
12 0 8 8 1 1 0.13879863374211654 
7 7 4 8 7 1 0.0729227075941995 
11 2 13 4 7 0 0.4019809743748919 
12 7 13 0 1 1 0.11611101260592083 
---
0 79 29.344026321200907 1.0 5
0 1 0 1 0 0 0.4521060493042872 
---
0 80 12.625951059017067 18.0 5
11 2 13 4 7 0 0.4019809743748919 
2 1 7 1 2 0 0.7957037971874382 
7 12 4 5 7 1 0.212386283204836 
12 7 8 8 1 1 0.29179464854258774 
7 7 1 7 8 1 0.17482753386738492 
12 0 8 8 1 1 0.13879863374211654 
12 0 13 9 1 1 0.3164002878303076 
11 0 8 8 1 1 0.07630678488739506 
12 0 13 4 1 1 0.07173708524289601 
5 1 2 1 11 0 0.9888162386580621 
8 2 1 8 0 0 0.5413245784486038 
11 1 13 2 11 0 0.29372258127784945 
12 7 13 0 1 1 0.11611101260592083 
1 1 2 2 11 0 0.2613673715868645 
12 7 8 4 8 1 0.4485385195818945 
11 11 2 1 11 0 0.2566221039922365 
7 7 4 8 7 1 0.0729227075941995 
7 7 11 10 7 1 0.6503143713933324 
---
0 81 20.028788813489616 2.0 5
12 7 8 0 2 1 0.21916905556517396 
2 2 0 1 2 0 0.577714554004743 
---
0 82 18.774419082870654 4.0 5
2 1 4 1 2 0 0.515113964502486 
11 2 13 4 7 0 0.4019809743748919 
12 7 8 0 2 1 0.21916905556517396 
7 7 8 8 2 1 0.3356772407818216 
---
0 83 15.237507711289327 9.0 5
8 2 1 8 0 0 0.5413245784486038 
1 1 2 2 11 0 0.2613673715868645 
12 7 13 0 1 1 0.11611101260592083 
7 7 4 8 7 1 0.0729227075941995 
12 0 8 8 1 1 0.13879863374211654 
12 7 8 8 1 1 0.29179464854258774 
12 7 8 4 8 1 0.4485385195818945 
2 1 7 1 2 0 0.7957037971874382 
11 2 13 4 7 0 0.4019809743748919 
---
0 84 14.66173144149702 10.0 5
12 7 8 8 1 1 0.29179464854258774 
7 12 4 5 7 1 0.212386283204836 
8 2 1 8 0 0 0.5413245784486038 
2 1 7 1 2 0 0.7957037971874382 
12 7 8 4 8 1 0.4485385195818945 
1 1 2 2 11 0 0.2613673715868645 
12 0 8 8 1 1 0.13879863374211654 
11 2 13 4 7 0 0.4019809743748919 
12 7 13 0 1 1 0.11611101260592083 
7 7 4 8 7 1 0.0729227075941995 
---
0 85 17.60230310507917 5.0 5
7 7 4 8 7 1 0.0729227075941995 
2 1 7 1 2 0 0.7957037971874382 
12 7 8 4 8 1 0.4485385195818945 
11 2 13 4 7 0 0.4019809743748919 
12 7 13 0 1 1 0.11611101260592083 
---
0 86 12.975529508533826 16.0 5
12 7 13 0 1 1 0.11611101260592083 
12 7 8 8 1 1 0.29179464854258774 
5 1 2 1 11 0 0.9888162386580621 
12 7 8 4 8 1 0.4485385195818945 
7 12 4 5 7 1 0.212386283204836 
2 1 7 1 2 0 0.7957037971874382 
11 1 13 2 11 0 0.29372258127784945 
11 11 2 1 11 0 0.2566221039922365 
11 2 13 4 7 0 0.4019809743748919 
12 0 8 8 1 1 0.13879863374211654 
7 7 11 10 7 1 0.6503143713933324 
1 1 2 2 11 0 0.2613673715868645 
7 7 1 7 8 1 0.17482753386738492 
12 0 13 4 1 1 0.07173708524289601 
7 7 4 8 7 1 0.0729227075941995 
8 2 1 8 0 0 0.5413245784486038 
---
0 87 14.229899239152784 11.0 5
11 11 2 1 11 0 0.2566221039922365 
7 12 4 5 7 1 0.212386283204836 
12 7 8 4 8 1 0.4485385195818945 
12 7 8 8 1 1 0.29179464854258774 
12 0 8 8 1 1 0.13879863374211654 
7 7 4 8 7 1 0.0729227075941995 
1 1 2 2 11 0 0.2613673715868645 
2 1 7 1 2 0 0.7957037971874382 
8 2 1 8 0 0 0.5413245784486038 
11 2 13 4 7 0 0.4019809743748919 
12 7 13 0 1 1 0.11611101260592083 
---
0 88 13.900884227842894 12.0 5
12 0 8 8 1 1 0.13879863374211654 
7 7 4 8 7 1 0.0729227075941995 
11 2 13 4 7 0 0.4019809743748919 
1 1 2 2 11 0 0.2613673715868645 
2 1 7 1 2 0 0.7957037971874382 
8 2 1 8 0 0 0.5413245784486038 
12 7 8 8 1 1 0.29179464854258774 
12 7 8 4 8 1 0.4485385195818945 
7 12 4 5 7 1 0.212386283204836 
12 7 13 0 1 1 0.11611101260592083 
11 11 2 1 11 0 0.2566221039922365 
7 7 11 10 7 1 0.6503143713933324 
---
0 89 13.592432654739872 13.0 5
7 7 4 8 7 1 0.0729227075941995 
7 7 11 10 7 1 0.6503143713933324 
2 1 7 1 2 0 0.7957037971874382 
12 0 8 8 1 1 0.13879863374211654 
12 7 8 8 1 1 0.29179464854258774 
11 2 13 4 7 0 0.4019809743748919 
8 2 1 8 0 0 0.5413245784486038 
7 7 1 7 8 1 0.17482753386738492 
7 12 4 5 7 1 0.212386283204836 
12 7 13 0 1 1 0.11611101260592083 
1 1 2 2 11 0 0.2613673715868645 
12 7 8 4 8 1 0.4485385195818945 
11 11 2 1 11 0 0.2566221039922365 
---
0 90 13.427925149084926 14.0 5
11 0 8 8 1 1 0.07630678488739506 
7 7 11 10 7 1 0.6503143713933324 
12 7 8 4 8 1 0.4485385195818945 
11 11 2 1 11 0 0.2566221039922365 
12 7 13 0 1 1 0.11611101260592083 
12 7 8 8 1 1 0.29179464854258774 
7 7 4 8 7 1 0.0729227075941995 
2 1 7 1 2 0 0.7957037971874382 
7 7 1 7 8 1 0.17482753386738492 
7 12 4 5 7 1 0.212386283204836 
12 0 8 8 1 1 0.13879863374211654 
11 2 13 4 7 0 0.4019809743748919 
1 1 2 2 11 0 0.2613673715868645 
8 2 1 8 0 0 0.5413245784486038 
---
0 91 13.222290767016245 15.0 5
11 1 13 2 11 0 0.29372258127784945 
1 1 2 2 11 0 0.2613673715868645 
7 7 1 7 8 1 0.17482753386738492 
11 0 8 8 1 1 0.07630678488739506 
11 11 2 1 11 0 0.2566221039922365 
7 12 4 5 7 1 0.212386283204836 
2 1 7 1 2 0 0.7957037971874382 
8 2 1 8 0 0 0.5413245784486038 
12 7 8 8 1 1 0.29179464854258774 
12 7 8 4 8 1 0.4485385195818945 
7 7 11 10 7 1 0.6503143713933324 
12 0 8 8 1 1 0.13879863374211654 
7 7 4 8 7 1 0.0729227075941995 
11 2 13 4 7 0 0.4019809743748919 
12 7 13 0 1 1 0.11611101260592083 
---
0 92 29.344026321200907 1.0 5
0 1 0 1 0 0 0.4521060493042872 
---
0 93 12.625951059017067 18.0 5
11 2 13 4 7 0 0.4019809743748919 
2 1 7 1 2 0 0.7957037971874382 
7 12 4 5 7 1 0.212386283204836 
12 7 8 8 1 1 0.29179464854258774 
7 7 1 7 8 1 0.17482753386738492 
12 0 8 8 1 1 0.13879863374211654 
12 0 13 9 1 1 0.3164002878303076 
11 0 8 8 1 1 0.07630678488739506 
12 0 13 4 1 1 0.07173708524289601 
5 1 2 1 11 0 0.9888162386580621 
8 2 1 8 0 0 0.5413245784486038 
11 1 13 2 11 0 0.29372258127784945 
12 7 13 0 1 1 0.11611101260592083 
1 1 2 2 11 0 0.2613673715868645 
12 7 8 4 8 1 0.4485385195818945 
11 11 2 1 11 0 0.2566221039922365 
7 7 4 8 7 1 0.0729227075941995 
7 7 11 10 7 1 0.6503143713933324 
---
0 94 20.028788813489616 2.0 5
12 7 8 0 2 1 0.21916905556517396 
2 2 0 1 2 0 0.577714554004743 
---
0 95 18.774419082870654 4.0 5
2 1 4 1 2 0 0.515113964502486 
11 2 13 4 7 0 0.4019809743748919 
12 7 8 0 2 1 0.21916905556517396 
7 7 8 8 2 1 0.3356772407818216 
---
0 96 15.237507711289327 9.0 5
8 2 1 8 0 0 0.5413245784486038 
1 1 2 2 11 0 0.2613673715868645 
12 7 13 0 1 1 0.11611101260592083 
7 7 4 8 7 1 0.0729227075941995 
12 0 8 8 1 1 0.13879863374211654 
12 7 8 8 1 1 0.29179464854258774 
12 7 8 4 8 1 0.4485385195818945 
2 1 7 1 2 0 0.7957037971874382 
11 2 13 4 7 0 0.4019809743748919 
---
1 0 29.344026321200907 1.0 5
0 1 0 0 2 0 0.30748224255889145 
---
1 1 12.625951059017067 18.0 5
2 1 7 1 2 0 0.7957037971874382 
12 7 8 8 1 1 0.29179464854258774 
5 1 2 1 11 0 0.9888162386580621 
7 12 4 5 7 1 0.212386283204836 
12 0 13 9 1 1 0.3164002878303076 
8 2 1 8 0 0 0.5413245784486038 
7 7 11 10 7 1 0.6503143713933324 
11 11 2 1 11 0 0.2566221039922365 
1 1 2 2 11 0 0.2613673715868645 
7 7 1 7 8 1 0.17482753386738492 
12 0 13 4 1 1 0.07173708524289601 
12 0 8 8 1 1 0.13879863374211654 
11 0 8 8 1 1 0.07630678488739506 
11 1 13 2 11 0 0.29372258127784945 
12 7 13 0 1 1 0.11611101260592083 
11 2 13 4 7 0 0.4019809743748919 
12 7 8 4 8 1 0.4485385195818945 
7 7 4 8 7 1 0.0729227075941995 
---
1 2 20.604565083281926 2.0 5
12 7 8 8 0 1 0.3241025620261224 
2 0 2 2 0 0 0.25002452460764024 
---
1 3 15.813283981081636 8.0 5
2 1 7 1 2 0 0.7957037971874382 
7 12 4 5 7 1 0.212386283204836 
12 7 8 4 8 1 0.4485385195818945 
1 1 2 2 11 0 0.2613673715868645 
12 7 8 8 1 1 0.29179464854258774 
7 7 4 8 7 1 0.0729227075941995 
11 2 13 4 7 0 0.4019809743748919 
12 7 13 0 1 1 0.11611101260592083 
---
1 4 18.342586880526422 5.0 5
1 1 2 2 11 0 0.2613673715868645 
12 7 8 4 8 1 0.4485385195818945 
2 1 7 1 2 0 0.7957037971874382 
12 7 8 8 1 1 0.29179464854258774 
11 2 13 4 7 0 0.4019809743748919 
---
1 5 18.342586880526422 5.0 5
1 1 2 2 11 0 0.2613673715868645 
12 7 8 4 8 1 0.4485385195818945 
2 1 7 1 2 0 0.7957037971874382 
12 7 8 8 1 1 0.29179464854258774 
11 2 13 4 7 0 0.4019809743748919 
---
1 6 17.14990746452807 6.0 5
1 1 2 2 11 0 0.2613673715868645 
12 7 8 8 1 1 0.29179464854258774 
11 2 13 4 7 0 0.4019809743748919 
12 7 8 4 8 1 0.4485385195818945 
2 1 7 1 2 0 0.7957037971874382 
7 7 4 8 7 1 0.0729227075941995 
---
1 7 17.14990746452807 6.0 5
1 1 2 2 11 0 0.2613673715868645 
12 7 8 8 1 1 0.29179464854258774 
11 2 13 4 7 0 0.4019809743748919 
12 7 8 4 8 1 0.4485385195818945 
2 1 7 1 2 0 0.7957037971874382 
7 7 4 8 7 1 0.0729227075941995 
---
1 8 16.286243059839606 7.0 5
11 2 13 4 7 0 0.4019809743748919 
1 1 2 2 11 0 0.2613673715868645 
12 7 13 0 1 1 0.11611101260592083 
2 1 7 1 2 0 0.7957037971874382 
7 7 4 8 7 1 0.0729227075941995 
12 7 8 8 1 1 0.29179464854258774 
12 7 8 4 8 1 0.4485385195818945 
---
1 9 20.604565083281926 2.0 5
2 0 2 2 0 0 0.25002452460764024 
12 7 8 8 0 1 0.3241025620261224 
---
1 10 19.453012543697305 3.0 5
12 7 8 4 0 1 0.12834768504670913 
2 0 2 2 0 0 0.25002452460764024 
12 7 8 8 0 1 0.3241025620261224 
---
1 11 19.453012543697305 3.0 5
12 7 8 8 0 1 0.3241025620261224 
2 0 2 2 0 0 0.25002452460764024 
12 7 8 4 0 1 0.12834768504670913 
---
1 12 15.504832407978613 9.0 5
7 7 11 10 7 1 0.6503143713933324 
1 1 2 2 11 0 0.2613673715868645 
12 7 8 4 8 1 0.4485385195818945 
11 2 13 4 7 0 0.4019809743748919 
12 7 8 8 1 1 0.29179464854258774 
7 7 4 8 7 1 0.0729227075941995 
7 12 4 5 7 1 0.212386283204836 
12 7 13 0 1 1 0.11611101260592083 
2 1 7 1 2 0 0.7957037971874382 
---
1 13 14.66173144149702 10.0 5
11 2 13 4 7 0 0.4019809743748919 
1 1 2 2 11 0 0.2613673715868645 
2 1 7 1 2 0 0.7957037971874382 
7 12 4 5 7 1 0.212386283204836 
8 2 1 8 0 0 0.5413245784486038 
7 7 4 8 7 1 0.0729227075941995 
12 7 13 0 1 1 0.11611101260592083 
12 7 8 4 8 1 0.4485385195818945 
12 0 8 8 1 1 0.13879863374211654 
12 7 8 8 1 1 0.29179464854258774 
---
1 14 16.286243059839606 7.0 5
7 7 4 8 7 1 0.0729227075941995 
2 1 7 1 2 0 0.7957037971874382 
1 1 2 2 11 0 0.2613673715868645 
12 7 8 4 8 1 0.4485385195818945 
12 7 13 0 1 1 0.11611101260592083 
12 7 8 8 1 1 0.29179464854258774 
11 2 13 4 7 0 0.4019809743748919 
---
1 15 14.66173144149702 10.0 5
11 2 13 4 7 0 0.4019809743748919 
1 1 2 2 11 0 0.2613673715868645 
2 1 7 1 2 0 0.7957037971874382 
7 12 4 5 7 1 0.212386283204836 
8 2 1 8 0 0 0.5413245784486038 
7 7 4 8 7 1 0.0729227075941995 
12 7 13 0 1 1 0.11611101260592083 
12 7 8 4 8 1 0.4485385195818945 
12 0 8 8 1 1 0.13879863374211654 
12 7 8 8 1 1 0.29179464854258774 
---
1 16 12.872712317499484 17.0 5
12 0 13 4 1 1 0.07173708524289601 
12 0 13 9 1 1 0.3164002878303076 
7 12 4 5 7 1 0.212386283204836 
7 7 11 10 7 1 0.6503143713933324 
11 2 13 4 7 0 0.4019809743748919 
12 7 8 4 8 1 0.4485385195818945 
11 0 8 8 1 1 0.07630678488739506 
8 2 1 8 0 0 0.5413245784486038 
12 7 13 0 1 1 0.11611101260592083 
11 1 13 2 11 0 0.29372258127784945 
1 1 2 2 11 0 0.2613673715868645 
7 7 4 8 7 1 0.0729227075941995 
7 7 1 7 8 1 0.17482753386738492 
11 11 2 1 11 0 0.2566221039922365 
12 0 8 8 1 1 0.13879863374211654 
2 1 7 1 2 0 0.7957037971874382 
12 7 8 8 1 1 0.29179464854258774 
---
1 17 14.353279868393995 11.0 5
12 7 8 4 8 1 0.4485385195818945 
2 1 7 1 2 0 0.7957037971874382 
7 12 4 5 7 1 0.212386283204836 
1 1 2 2 11 0 0.2613673715868645 
8 2 1 8 0 0 0.5413245784486038 
12 7 13 0 1 1 0.11611101260592083 
12 0 8 8 1 1 0.13879863374211654 
7 7 1 7 8 1 0.17482753386738492 
11 2 13 4 7 0 0.4019809743748919 
12 7 8 8 1 1 0.29179464854258774 
7 7 4 8 7 1 0.0729227075941995 
---
1 18 12.872712317499484 17.0 5
12 0 13 4 1 1 0.07173708524289601 
12 0 13 9 1 1 0.3164002878303076 
7 12 4 5 7 1 0.212386283204836 
7 7 11 10 7 1 0.6503143713933324 
11 2 13 4 7 0 0.4019809743748919 
12 7 8 4 8 1 0.4485385195818945 
11 0 8 8 1 1 0.07630678488739506 
8 2 1 8 0 0 0.5413245784486038 
12 7 13 0 1 1 0.11611101260592083 
11 1 13 2 11 0 0.29372258127784945 
1 1 2 2 11 0 0.2613673715868645 
7 7 4 8 7 1 0.0729227075941995 
7 7 1 7 8 1 0.17482753386738492 
11 11 2 1 11 0 0.2566221039922365 
12 0 8 8 1 1 0.13879863374211654 
2 1 7 1 2 0 0.7957037971874382 
12 7 8 8 1 1 0.29179464854258774 
---
1 19 13.921447666049763 12.0 5
12 0 8 8 1 1 0.13879863374211654 
1 1 2 2 11 0 0.2613673715868645 
11 2 13 4 7 0 0.4019809743748919 
8 2 1 8 0 0 0.5413245784486038 
7 7 4 8 7 1 0.0729227075941995 
7 7 1 7 8 1 0.17482753386738492 
12 7 8 8 1 1 0.29179464854258774 
7 12 4 5 7 1 0.212386283204836 
12 7 13 0 1 1 0.11611101260592083 
2 1 7 1 2 0 0.7957037971874382 
12 7 8 4 8 1 0.4485385195818945 
11 11 2 1 11 0 0.2566221039922365 
---
1 20 13.592432654739872 13.0 5
11 2 13 4 7 0 0.4019809743748919 
12 7 8 4 8 1 0.4485385195818945 
12 0 8 8 1 1 0.13879863374211654 
8 2 1 8 0 0 0.5413245784486038 
2 1 7 1 2 0 0.7957037971874382 
12 7 13 0 1 1 0.11611101260592083 
7 12 4 5 7 1 0.212386283204836 
12 7 8 8 1 1 0.29179464854258774 
7 7 4 8 7 1 0.0729227075941995 
1 1 2 2 11 0 0.2613673715868645 
7 7 11 10 7 1 0.6503143713933324 
11 11 2 1 11 0 0.2566221039922365 
7 7 1 7 8 1 0.17482753386738492 
---
1 21 14.353279868393995 11.0 5
12 7 8 4 8 1 0.4485385195818945 
2 1 7 1 2 0 0.7957037971874382 
7 12 4 5 7 1 0.212386283204836 
1 1 2 2 11 0 0.2613673715868645 
8 2 1 8 0 0 0.5413245784486038 
12 7 13 0 1 1 0.11611101260592083 
12 0 8 8 1 1 0.13879863374211654 
7 7 1 7 8 1 0.17482753386738492 
11 2 13 4 7 0 0.4019809743748919 
12 7 8 8 1 1 0.29179464854258774 
7 7 4 8 7 1 0.0729227075941995 
---
1 22 15.504832407978613 9.0 5
7 7 11 10 7 1 0.6503143713933324 
1 1 2 2 11 0 0.2613673715868645 
12 7 8 4 8 1 0.4485385195818945 
11 2 13 4 7 0 0.4019809743748919 
12 7 8 8 1 1 0.29179464854258774 
7 7 4 8 7 1 0.0729227075941995 
7 12 4 5 7 1 0.212386283204836 
12 7 13 0 1 1 0.11611101260592083 
2 1 7 1 2 0 0.7957037971874382 
---
1 23 13.921447666049763 12.0 5
7 7 1 7 8 1 0.17482753386738492 
2 1 7 1 2 0 0.7957037971874382 
11 11 2 1 11 0 0.2566221039922365 
12 7 8 8 1 1 0.29179464854258774 
7 12 4 5 7 1 0.212386283204836 
12 7 8 4 8 1 0.4485385195818945 
7 7 4 8 7 1 0.0729227075941995 
8 2 1 8 0 0 0.5413245784486038 
11 2 13 4 7 0 0.4019809743748919 
12 7 13 0 1 1 0.11611101260592083 
1 1 2 2 11 0 0.2613673715868645 
12 0 8 8 1 1 0.13879863374211654 
---
1 24 13.592432654739872 13.0 5
11 2 13 4 7 0 0.4019809743748919 
12 7 8 4 8 1 0.4485385195818945 
12 0 8 8 1 1 0.13879863374211654 
8 2 1 8 0 0 0.5413245784486038 
2 1 7 1 2 0 0.7957037971874382 
12 7 13 0 1 1 0.11611101260592083 
7 12 4 5 7 1 0.212386283204836 
12 7 8 8 1 1 0.29179464854258774 
7 7 4 8 7 1 0.0729227075941995 
1 1 2 2 11 0 0.2613673715868645 
7 7 11 10 7 1 0.6503143713933324 
11 11 2 1 11 0 0.2566221039922365 
7 7 1 7 8 1 0.17482753386738492 
---
1 25 13.28398108163685 15.0 5
12 0 13 4 1 1 0.07173708524289601 
12 0 13 9 1 1 0.3164002878303076 
8 2 1 8 0 0 0.5413245784486038 
12 7 8 8 1 1 0.29179464854258774 
7 7 4 8 7 1 0.0729227075941995 
2 1 7 1 2 0 0.7957037971874382 
7 12 4 5 7 1 0.212386283204836 
1 1 2 2 11 0 0.2613673715868645 
11 11 2 1 11 0 0.2566221039922365 
11 2 13 4 7 0 0.4019809743748919 
7 7 1 7 8 1 0.17482753386738492 
12 7 13 0 1 1 0.11611101260592083 
7 7 11 10 7 1 0.6503143713933324 
12 7 8 4 8 1 0.4485385195818945 
12 0 8 8 1 1 0.13879863374211654 
---
1 26 13.469052025498662 14.0 5
2 1 7 1 2 0 0.7957037971874382 
11 11 2 1 11 0 0.2566221039922365 
11 2 13 4 7 0 0.4019809743748919 
7 7 1 7 8 1 0.17482753386738492 
12 7 8 4 8 1 0.4485385195818945 
7 7 4 8 7 1 0.0729227075941995 
7 12 4 5 7 1 0.212386283204836 
12 7 13 0 1 1 0.11611101260592083 
1 1 2 2 11 0 0.2613673715868645 
12 7 8 8 1 1 0.29179464854258774 
7 7 11 10 7 1 0.6503143713933324 
8 2 1 8 0 0 0.5413245784486038 
12 0 8 8 1 1 0.13879863374211654 
12 0 13 9 1 1 0.3164002878303076 
---
1 27 13.469052025498662 14.0 5
2 1 7 1 2 0 0.7957037971874382 
11 11 2 1 11 0 0.2566221039922365 
11 2 13 4 7 0 0.4019809743748919 
7 7 1 7 8 1 0.17482753386738492 
12 7 8 4 8 1 0.4485385195818945 
7 7 4 8 7 1 0.0729227075941995 
7 12 4 5 7 1 0.212386283204836 
12 7 13 0 1 1 0.11611101260592083 
1 1 2 2 11 0 0.2613673715868645 
12 7 8 8 1 1 0.29179464854258774 
7 7 11 10 7 1 0.6503143713933324 
8 2 1 8 0 0 0.5413245784486038 
12 0 8 8 1 1 0.13879863374211654 
12 0 13 9 1 1 0.3164002878303076 
---
1 28 13.28398108163685 15.0 5
12 0 13 4 1 1 0.07173708524289601 
12 0 13 9 1 1 0.3164002878303076 
8 2 1 8 0 0 0.5413245784486038 
12 7 8 8 1 1 0.29179464854258774 
7 7 4 8 7 1 0.0729227075941995 
2 1 7 1 2 0 0.7957037971874382 
7 12 4 5 7 1 0.212386283204836 
1 1 2 2 11 0 0.2613673715868645 
11 11 2 1 11 0 0.2566221039922365 
11 2 13 4 7 0 0.4019809743748919 
7 7 1 7 8 1 0.17482753386738492 
12 7 13 0 1 1 0.11611101260592083 
7 7 11 10 7 1 0.6503143713933324 
12 7 8 4 8 1 0.4485385195818945 
12 0 8 8 1 1 0.13879863374211654 
---
1 29 29.344026321200907 1.0 5
0 1 0 0 2 0 0.2826133497473402 
---
1 30 12.625951059017067 18.0 5
2 1 7 1 2 0 0.7957037971874382 
12 7 8 8 1 1 0.29179464854258774 
5 1 2 1 11 0 0.9888162386580621 
7 12 4 5 7 1 0.212386283204836 
12 0 13 9 1 1 0.3164002878303076 
8 2 1 8 0 0 0.5413245784486038 
7 7 11 10 7 1 0.6503143713933324 
11 11 2 1 11 0 0.2566221039922365 
1 1 2 2 11 0 0.2613673715868645 
7 7 1 7 8 1 0.17482753386738492 
12 0 13 4 1 1 0.07173708524289601 
12 0 8 8 1 1 0.13879863374211654 
11 0 8 8 1 1 0.07630678488739506 
11 1 13 2 11 0 0.29372258127784945 
12 7 13 0 1 1 0.11611101260592083 
11 2 13 4 7 0 0.4019809743748919 
12 7 8 4 8 1 0.4485385195818945 
7 7 4 8 7 1 0.0729227075941995 
---
1 31 18.342586880526422 5.0 5
1 1 2 2 11 0 0.2613673715868645 
12 7 8 4 8 1 0.4485385195818945 
2 1 7 1 2 0 0.7957037971874382 
12 7 8 8 1 1 0.29179464854258774 
11 2 13 4 7 0 0.4019809743748919 
---
1 32 17.14990746452807 6.0 5
1 1 2 2 11 0 0.2613673715868645 
12 7 8 8 1 1 0.29179464854258774 
11 2 13 4 7 0 0.4019809743748919 
12 7 8 4 8 1 0.4485385195818945 
2 1 7 1 2 0 0.7957037971874382 
7 7 4 8 7 1 0.0729227075941995 
---
1 33 20.604565083281926 2.0 5
12 7 8 8 0 1 0.3241025620261224 
2 0 2 2 0 0 0.25002452460764024 
---
1 34 19.453012543697305 3.0 5
2 0 2 2 0 0 0.25002452460764024 
12 7 8 4 0 1 0.12834768504670913 
12 7 8 8 0 1 0.3241025620261224 
---
1 35 16.286243059839606 7.0 5
7 7 4 8 7 1 0.0729227075941995 
2 1 7 1 2 0 0.7957037971874382 
1 1 2 2 11 0 0.2613673715868645 
12 7 8 4 8 1 0.4485385195818945 
12 7 13 0 1 1 0.11611101260592083 
12 7 8 8 1 1 0.29179464854258774 
11 2 13 4 7 0 0.4019809743748919 
---
1 36 14.66173144149702 10.0 5
11 2 13 4 7 0 0.4019809743748919 
1 1 2 2 11 0 0.2613673715868645 
2 1 7 1 2 0 0.7957037971874382 
7 12 4 5 7 1 0.212386283204836 
8 2 1 8 0 0 0.5413245784486038 
7 7 4 8 7 1 0.0729227075941995 
12 7 13 0 1 1 0.11611101260592083 
12 7 8 4 8 1 0.4485385195818945 
12 0 8 8 1 1 0.13879863374211654 
12 7 8 8 1 1 0.29179464854258774 
---
1 37 12.872712317499484 17.0 5
12 0 13 4 1 1 0.07173708524289601 
12 0 13 9 1 1 0.3164002878303076 
7 12 4 5 7 1 0.212386283204836 
7 7 11 10 7 1 0.6503143713933324 
11 2 13 4 7 0 0.4019809743748919 
12 7 8 4 8 1 0.4485385195818945 
11 0 8 8 1 1 0.07630678488739506 
8 2 1 8 0 0 0.5413245784486038 
12 7 13 0 1 1 0.11611101260592083 
11 1 13 2 11 0 0.29372258127784945 
1 1 2 2 11 0 0.2613673715868645 
7 7 4 8 7 1 0.0729227075941995 
7 7 1 7 8 1 0.17482753386738492 
11 11 2 1 11 0 0.2566221039922365 
12 0 8 8 1 1 0.13879863374211654 
2 1 7 1 2 0 0.7957037971874382 
12 7 8 8 1 1 0.29179464854258774 
---
1 38 14.353279868393995 11.0 5
12 7 8 4 8 1 0.4485385195818945 
2 1 7 1 2 0 0.7957037971874382 
7 12 4 5 7 1 0.212386283204836 
1 1 2 2 11 0 0.2613673715868645 
8 2 1 8 0 0 0.5413245784486038 
12 7 13 0 1 1 0.11611101260592083 
12 0 8 8 1 1 0.13879863374211654 
7 7 1 7 8 1 0.17482753386738492 
11 2 13 4 7 0 0.4019809743748919 
12 7 8 8 1 1 0.29179464854258774 
7 7 4 8 7 1 0.0729227075941995 
---
1 39 15.504832407978613 9.0 5
7 7 11 10 7 1 0.6503143713933324 
1 1 2 2 11 0 0.2613673715868645 
12 7 8 4 8 1 0.4485385195818945 
11 2 13 4 7 0 0.4019809743748919 
12 7 8 8 1 1 0.29179464854258774 
7 7 4 8 7 1 0.0729227075941995 
7 12 4 5 7 1 0.212386283204836 
12 7 13 0 1 1 0.11611101260592083 
2 1 7 1 2 0 0.7957037971874382 
---
1 40 13.921447666049763 12.0 5
7 7 1 7 8 1 0.17482753386738492 
2 1 7 1 2 0 0.7957037971874382 
11 11 2 1 11 0 0.2566221039922365 
12 7 8 8 1 1 0.29179464854258774 
7 12 4 5 7 1 0.212386283204836 
12 7 8 4 8 1 0.4485385195818945 
7 7 4 8 7 1 0.0729227075941995 
8 2 1 8 0 0 0.5413245784486038 
11 2 13 4 7 0 0.4019809743748919 
12 7 13 0 1 1 0.11611101260592083 
1 1 2 2 11 0 0.2613673715868645 
12 0 8 8 1 1 0.13879863374211654 
---
1 41 13.592432654739872 13.0 5
11 2 13 4 7 0 0.4019809743748919 
12 7 8 4 8 1 0.4485385195818945 
12 0 8 8 1 1 0.13879863374211654 
8 2 1 8 0 0 0.5413245784486038 
2 1 7 1 2 0 0.7957037971874382 
12 7 13 0 1 1 0.11611101260592083 
7 12 4 5 7 1 0.212386283204836 
12 7 8 8 1 1 0.29179464854258774 
7 7 4 8 7 1 0.0729227075941995 
1 1 2 2 11 0 0.2613673715868645 
7 7 11 10 7 1 0.6503143713933324 
11 11 2 1 11 0 0.2566221039922365 
7 7 1 7 8 1 0.17482753386738492 
---
1 42 13.469052025498662 14.0 5
2 1 7 1 2 0 0.7957037971874382 
11 11 2 1 11 0 0.2566221039922365 
11 2 13 4 7 0 0.4019809743748919 
7 7 1 7 8 1 0.17482753386738492 
12 7 8 4 8 1 0.4485385195818945 
7 7 4 8 7 1 0.0729227075941995 
7 12 4 5 7 1 0.212386283204836 
12 7 13 0 1 1 0.11611101260592083 
1 1 2 2 11 0 0.2613673715868645 
12 7 8 8 1 1 0.29179464854258774 
7 7 11 10 7 1 0.6503143713933324 
8 2 1 8 0 0 0.5413245784486038 
12 0 8 8 1 1 0.13879863374211654 
12 0 13 9 1 1 0.3164002878303076 
---
1 43 13.28398108163685 15.0 5
12 0 13 4 1 1 0.07173708524289601 
12 0 13 9 1 1 0.3164002878303076 
8 2 1 8 0 0 0.5413245784486038 
12 7 8 8 1 1 0.29179464854258774 
7 7 4 8 7 1 0.0729227075941995 
2 1 7 1 2 0 0.7957037971874382 
7 12 4 5 7 1 0.212386283204836 
1 1 2 2 11 0 0.2613673715868645 
11 11 2 1 11 0 0.2566221039922365 
11 2 13 4 7 0 0.4019809743748919 
7 7 1 7 8 1 0.17482753386738492 
12 7 13 0 1 1 0.11611101260592083 
7 7 11 10 7 1 0.6503143713933324 
12 7 8 4 8 1 0.4485385195818945 
12 0 8 8 1 1 0.13879863374211654 
---
1 44 29.344026321200907 1.0 5
0 1 0 0 0 0 0.3550868071347044 
---
1 45 12.625951059017067 18.0 5
2 1 7 1 2 0 0.7957037971874382 
12 7 8 8 1 1 0.29179464854258774 
5 1 2 1 11 0 0.9888162386580621 
7 12 4 5 7 1 0.212386283204836 
12 0 13 9 1 1 0.3164002878303076 
8 2 1 8 0 0 0.5413245784486038 
7 7 11 10 7 1 0.6503143713933324 
11 11 2 1 11 0 0.2566221039922365 
1 1 2 2 11 0 0.2613673715868645 
7 7 1 7 8 1 0.17482753386738492 
12 0 13 4 1 1 0.07173708524289601 
12 0 8 8 1 1 0.13879863374211654 
11 0 8 8 1 1 0.07630678488739506 
11 1 13 2 11 0 0.29372258127784945 
12 7 13 0 1 1 0.11611101260592083 
11 2 13 4 7 0 0.4019809743748919 
12 7 8 4 8 1 0.4485385195818945 
7 7 4 8 7 1 0.0729227075941995 
---
1 46 18.342586880526422 5.0 5
1 1 2 2 11 0 0.2613673715868645 
12 7 8 4 8 1 0.4485385195818945 
2 1 7 1 2 0 0.7957037971874382 
12 7 8 8 1 1 0.29179464854258774 
11 2 13 4 7 0 0.4019809743748919 
---
1 47 17.14990746452807 6.0 5
1 1 2 2 11 0 0.2613673715868645 
12 7 8 8 1 1 0.29179464854258774 
11 2 13 4 7 0 0.4019809743748919 
12 7 8 4 8 1 0.4485385195818945 
2 1 7 1 2 0 0.7957037971874382 
7 7 4 8 7 1 0.0729227075941995 
---
1 48 20.604565083281926 2.0 5
12 7 8 8 0 1 0.3241025620261224 
2 0 2 2 0 0 0.25002452460764024 
---
1 49 19.453012543697305 3.0 5
12 7 8 8 0 1 0.3241025620261224 
2 0 2 2 0 0 0.25002452460764024 
12 7 8 4 0 1 0.12834768504670913 
---
1 50 16.286243059839606 7.0 5
7 7 4 8 7 1 0.0729227075941995 
2 1 7 1 2 0 0.7957037971874382 
1 1 2 2 11 0 0.2613673715868645 
12 7 8 4 8 1 0.4485385195818945 
12 7 13 0 1 1 0.11611101260592083 
12 7 8 8 1 1 0.29179464854258774 
11 2 13 4 7 0 0.4019809743748919 
---
1 51 14.66173144149702 10.0 5
11 2 13 4 7 0 0.4019809743748919 
1 1 2 2 11 0 0.2613673715868645 
2 1 7 1 2 0 0.7957037971874382 
7 12 4 5 7 1 0.212386283204836 
8 2 1 8 0 0 0.5413245784486038 
7 7 4 8 7 1 0.0729227075941995 
12 7 13 0 1 1 0.11611101260592083 
12 7 8 4 8 1 0.4485385195818945 
12 0 8 8 1 1 0.13879863374211654 
12 7 8 8 1 1 0.29179464854258774 
---
1 52 12.872712317499484 17.0 5
12 0 13 4 1 1 0.07173708524289601 
12 0 13 9 1 1 0.3164002878303076 
7 12 4 5 7 1 0.212386283204836 
7 7 11 10 7 1 0.6503143713933324 
11 2 13 4 7 0 0.4019809743748919 
12 7 8 4 8 1 0.4485385195818945 
11 0 8 8 1 1 0.07630678488739506 
8 2 1 8 0 0 0.5413245784486038 
12 7 13 0 1 1 0.11611101260592083 
11 1 13 2 11 0 0.29372258127784945 
1 1 2 2 11 0 0.2613673715868645 
7 7 4 8 7 1 0.0729227075941995 
7 7 1 7 8 1 0.17482753386738492 
11 11 2 1 11 0 0.2566221039922365 
12 0 8 8 1 1 0.13879863374211654 
2 1 7 1 2 0 0.7957037971874382 
12 7 8 8 1 1 0.29179464854258774 
---
1 53 14.353279868393995 11.0 5
12 7 8 4 8 1 0.4485385195818945 
2 1 7 1 2 0 0.7957037971874382 
7 12 4 5 7 1 0.212386283204836 
1 1 2 2 11 0 0.2613673715868645 
8 2 1 8 0 0 0.5413245784486038 
12 7 13 0 1 1 0.11611101260592083 
12 0 8 8 1 1 0.13879863374211654 
7 7 1 7 8 1 0.17482753386738492 
11 2 13 4 7 0 0.4019809743748919 
12 7 8 8 1 1 0.29179464854258774 
7 7 4 8 7 1 0.0729227075941995 
---
1 54 15.504832407978613 9.0 5
7 7 11 10 7 1 0.6503143713933324 
1 1 2 2 11 0 0.2613673715868645 
12 7 8 4 8 1 0.4485385195818945 
11 2 13 4 7 0 0.4019809743748919 
12 7 8 8 1 1 0.29179464854258774 
7 7 4 8 7 1 0.0729227075941995 
7 12 4 5 7 1 0.212386283204836 
12 7 13 0 1 1 0.11611101260592083 
2 1 7 1 2 0 0.7957037971874382 
---
1 55 13.921447666049763 12.0 5
12 0 8 8 1 1 0.13879863374211654 
1 1 2 2 11 0 0.2613673715868645 
11 2 13 4 7 0 0.4019809743748919 
8 2 1 8 0 0 0.5413245784486038 
7 7 4 8 7 1 0.0729227075941995 
7 7 1 7 8 1 0.17482753386738492 
12 7 8 8 1 1 0.29179464854258774 
7 12 4 5 7 1 0.212386283204836 
12 7 13 0 1 1 0.11611101260592083 
2 1 7 1 2 0 0.7957037971874382 
12 7 8 4 8 1 0.4485385195818945 
11 11 2 1 11 0 0.2566221039922365 
---
1 56 13.592432654739872 13.0 5
11 2 13 4 7 0 0.4019809743748919 
12 7 8 4 8 1 0.4485385195818945 
12 0 8 8 1 1 0.13879863374211654 
8 2 1 8 0 0 0.5413245784486038 
2 1 7 1 2 0 0.7957037971874382 
12 7 13 0 1 1 0.11611101260592083 
7 12 4 5 7 1 0.212386283204836 
12 7 8 8 1 1 0.29179464854258774 
7 7 4 8 7 1 0.0729227075941995 
1 1 2 2 11 0 0.2613673715868645 
7 7 11 10 7 1 0.6503143713933324 
11 11 2 1 11 0 0.2566221039922365 
7 7 1 7 8 1 0.17482753386738492 
---
1 57 13.469052025498662 14.0 5
2 1 7 1 2 0 0.7957037971874382 
11 11 2 1 11 0 0.2566221039922365 
11 2 13 4 7 0 0.4019809743748919 
7 7 1 7 8 1 0.17482753386738492 
12 7 8 4 8 1 0.4485385195818945 
7 7 4 8 7 1 0.0729227075941995 
7 12 4 5 7 1 0.212386283204836 
12 7 13 0 1 1 0.11611101260592083 
1 1 2 2 11 0 0.2613673715868645 
12 7 8 8 1 1 0.29179464854258774 
7 7 11 10 7 1 0.6503143713933324 
8 2 1 8 0 0 0.5413245784486038 
12 0 8 8 1 1 0.13879863374211654 
12 0 13 9 1 1 0.3164002878303076 
---
1 58 13.28398108163685 15.0 5
12 0 13 4 1 1 0.07173708524289601 
12 0 13 9 1 1 0.3164002878303076 
8 2 1 8 0 0 0.5413245784486038 
12 7 8 8 1 1 0.29179464854258774 
7 7 4 8 7 1 0.0729227075941995 
2 1 7 1 2 0 0.7957037971874382 
7 12 4 5 7 1 0.212386283204836 
1 1 2 2 11 0 0.2613673715868645 
11 11 2 1 11 0 0.2566221039922365 
11 2 13 4 7 0 0.4019809743748919 
7 7 1 7 8 1 0.17482753386738492 
12 7 13 0 1 1 0.11611101260592083 
7 7 11 10 7 1 0.6503143713933324 
12 7 8 4 8 1 0.4485385195818945 
12 0 8 8 1 1 0.13879863374211654 
---
1 59 29.344026321200907 1.0 5
0 1 0 0 2 0 0.2826133497473402 
---
1 60 12.625951059017067 18.0 5
2 1 7 1 2 0 0.7957037971874382 
12 7 8 8 1 1 0.29179464854258774 
5 1 2 1 11 0 0.9888162386580621 
7 12 4 5 7 1 0.212386283204836 
12 0 13 9 1 1 0.3164002878303076 
8 2 1 8 0 0 0.5413245784486038 
7 7 11 10 7 1 0.6503143713933324 
11 11 2 1 11 0 0.2566221039922365 
1 1 2 2 11 0 0.2613673715868645 
7 7 1 7 8 1 0.17482753386738492 
12 0 13 4 1 1 0.07173708524289601 
12 0 8 8 1 1 0.13879863374211654 
11 0 8 8 1 1 0.07630678488739506 
11 1 13 2 11 0 0.29372258127784945 
12 7 13 0 1 1 0.11611101260592083 
11 2 13 4 7 0 0.4019809743748919 
12 7 8 4 8 1 0.4485385195818945 
7 7 4 8 7 1 0.0729227075941995 
---
1 61 18.342586880526422 5.0 5
1 1 2 2 11 0 0.2613673715868645 
12 7 8 4 8 1 0.4485385195818945 
2 1 7 1 2 0 0.7957037971874382 
12 7 8 8 1 1 0.29179464854258774 
11 2 13 4 7 0 0.4019809743748919 
---
1 62 17.14990746452807 6.0 5
1 1 2 2 11 0 0.2613673715868645 
12 7 8 8 1 1 0.29179464854258774 
11 2 13 4 7 0 0.4019809743748919 
12 7 8 4 8 1 0.4485385195818945 
2 1 7 1 2 0 0.7957037971874382 
7 7 4 8 7 1 0.0729227075941995 
---
1 63 20.604565083281926 2.0 5
2 0 2 2 0 0 0.25002452460764024 
12 7 8 8 0 1 0.3241025620261224 
---
1 64 19.453012543697305 3.0 5
12 7 8 8 0 1 0.3241025620261224 
12 7 8 4 0 1 0.12834768504670913 
2 0 2 2 0 0 0.25002452460764024 
---
1 65 16.286243059839606 7.0 5
11 2 13 4 7 0 0.4019809743748919 
1 1 2 2 11 0 0.2613673715868645 
12 7 13 0 1 1 0.11611101260592083 
2 1 7 1 2 0 0.7957037971874382 
7 7 4 8 7 1 0.0729227075941995 
12 7 8 8 1 1 0.29179464854258774 
12 7 8 4 8 1 0.4485385195818945 
---
1 66 14.66173144149702 10.0 5
11 2 13 4 7 0 0.4019809743748919 
1 1 2 2 11 0 0.2613673715868645 
2 1 7 1 2 0 0.7957037971874382 
7 12 4 5 7 1 0.212386283204836 
8 2 1 8 0 0 0.5413245784486038 
7 7 4 8 7 1 0.0729227075941995 
12 7 13 0 1 1 0.11611101260592083 
12 7 8 4 8 1 0.4485385195818945 
12 0 8 8 1 1 0.13879863374211654 
12 7 8 8 1 1 0.29179464854258774 
---
1 67 12.872712317499484 17.0 5
12 0 13 4 1 1 0.07173708524289601 
12 0 13 9 1 1 0.3164002878303076 
7 12 4 5 7 1 0.212386283204836 
7 7 11 10 7 1 0.6503143713933324 
11 2 13 4 7 0 0.4019809743748919 
12 7 8 4 8 1 0.4485385195818945 
11 0 8 8 1 1 0.07630678488739506 
8 2 1 8 0 0 0.5413245784486038 
12 7 13 0 1 1 0.11611101260592083 
11 1 13 2 11 0 0.29372258127784945 
1 1 2 2 11 0 0.2613673715868645 
7 7 4 8 7 1 0.0729227075941995 
7 7 1 7 8 1 0.17482753386738492 
11 11 2 1 11 0 0.2566221039922365 
12 0 8 8 1 1 0.13879863374211654 
2 1 7 1 2 0 0.7957037971874382 
12 7 8 8 1 1 0.29179464854258774 
---
1 68 14.353279868393995 11.0 5
12 7 8 4 8 1 0.4485385195818945 
2 1 7 1 2 0 0.7957037971874382 
7 12 4 5 7 1 0.212386283204836 
1 1 2 2 11 0 0.2613673715868645 
8 2 1 8 0 0 0.5413245784486038 
12 7 13 0 1 1 0.11611101260592083 
12 0 8 8 1 1 0.13879863374211654 
7 7 1 7 8 1 0.17482753386738492 
11 2 13 4 7 0 0.4019809743748919 
12 7 8 8 1 1 0.29179464854258774 
7 7 4 8 7 1 0.0729227075941995 
---
1 69 15.504832407978613 9.0 5
7 7 11 10 7 1 0.6503143713933324 
1 1 2 2 11 0 0.2613673715868645 
12 7 8 4 8 1 0.4485385195818945 
11 2 13 4 7 0 0.4019809743748919 
12 7 8 8 1 1 0.29179464854258774 
7 7 4 8 7 1 0.0729227075941995 
7 12 4 5 7 1 0.212386283204836 
12 7 13 0 1 1 0.11611101260592083 
2 1 7 1 2 0 0.7957037971874382 
---
1 70 13.921447666049763 12.0 5
7 7 1 7 8 1 0.17482753386738492 
2 1 7 1 2 0 0.7957037971874382 
11 11 2 1 11 0 0.2566221039922365 
12 7 8 8 1 1 0.29179464854258774 
7 12 4 5 7 1 0.212386283204836 
12 7 8 4 8 1 0.4485385195818945 
7 7 4 8 7 1 0.0729227075941995 
8 2 1 8 0 0 0.5413245784486038 
11 2 13 4 7 0 0.4019809743748919 
12 7 13 0 1 1 0.11611101260592083 
1 1 2 2 11 0 0.2613673715868645 
12 0 8 8 1 1 0.13879863374211654 
---
1 71 13.592432654739872 13.0 5
11 2 13 4 7 0 0.4019809743748919 
12 7 8 4 8 1 0.4485385195818945 
12 0 8 8 1 1 0.13879863374211654 
8 2 1 8 0 0 0.5413245784486038 
2 1 7 1 2 0 0.7957037971874382 
12 7 13 0 1 1 0.11611101260592083 
7 12 4 5 7 1 0.212386283204836 
12 7 8 8 1 1 0.29179464854258774 
7 7 4 8 7 1 0.0729227075941995 
1 1 2 2 11 0 0.2613673715868645 
7 7 11 10 7 1 0.6503143713933324 
11 11 2 1 11 0 0.2566221039922365 
7 7 1 7 8 1 0.17482753386738492 
---
1 72 13.469052025498662 14.0 5
2 1 7 1 2 0 0.7957037971874382 
11 11 2 1 11 0 0.2566221039922365 
11 2 13 4 7 0 0.4019809743748919 
7 7 1 7 8 1 0.17482753386738492 
12 7 8 4 8 1 0.4485385195818945 
7 7 4 8 7 1 0.0729227075941995 
7 12 4 5 7 1 0.212386283204836 
12 7 13 0 1 1 0.11611101260592083 
1 1 2 2 11 0 0.2613673715868645 
12 7 8 8 1 1 0.29179464854258774 
7 7 11 10 7 1 0.6503143713933324 
8 2 1 8 0 0 0.5413245784486038 
12 0 8 8 1 1 0.13879863374211654 
12 0 13 9 1 1 0.3164002878303076 
---
1 73 13.28398108163685 15.0 5
12 0 13 4 1 1 0.07173708524289601 
12 0 13 9 1 1 0.3164002878303076 
8 2 1 8 0 0 0.5413245784486038 
12 7 8 8 1 1 0.29179464854258774 
7 7 4 8 7 1 0.0729227075941995 
2 1 7 1 2 0 0.7957037971874382 
7 12 4 5 7 1 0.212386283204836 
1 1 2 2 11 0 0.2613673715868645 
11 11 2 1 11 0 0.2566221039922365 
11 2 13 4 7 0 0.4019809743748919 
7 7 1 7 8 1 0.17482753386738492 
12 7 13 0 1 1 0.11611101260592083 
7 7 11 10 7 1 0.6503143713933324 
12 7 8 4 8 1 0.4485385195818945 
12 0 8 8 1 1 0.13879863374211654 
---
1 74 29.344026321200907 1.0 5
0 0 0 0 2 0 0.3514315104424677 
---
1 75 12.625951059017067 18.0 5
2 1 7 1 2 0 0.7957037971874382 
12 7 8 8 1 1 0.29179464854258774 
5 1 2 1 11 0 0.9888162386580621 
7 12 4 5 7 1 0.212386283204836 
12 0 13 9 1 1 0.3164002878303076 
8 2 1 8 0 0 0.5413245784486038 
7 7 11 10 7 1 0.6503143713933324 
11 11 2 1 11 0 0.2566221039922365 
1 1 2 2 11 0 0.2613673715868645 
7 7 1 7 8 1 0.17482753386738492 
12 0 13 4 1 1 0.07173708524289601 
12 0 8 8 1 1 0.13879863374211654 
11 0 8 8 1 1 0.07630678488739506 
11 1 13 2 11 0 0.29372258127784945 
12 7 13 0 1 1 0.11611101260592083 
11 2 13 4 7 0 0.4019809743748919 
12 7 8 4 8 1 0.4485385195818945 
7 7 4 8 7 1 0.0729227075941995 
---
1 76 18.342586880526422 5.0 5
1 1 2 2 11 0 0.2613673715868645 
12 7 8 4 8 1 0.4485385195818945 
2 1 7 1 2 0 0.7957037971874382 
12 7 8 8 1 1 0.29179464854258774 
11 2 13 4 7 0 0.4019809743748919 
---
1 77 17.14990746452807 6.0 5
1 1 2 2 11 0 0.2613673715868645 
12 7 8 8 1 1 0.29179464854258774 
11 2 13 4 7 0 0.4019809743748919 
12 7 8 4 8 1 0.4485385195818945 
2 1 7 1 2 0 0.7957037971874382 
7 7 4 8 7 1 0.0729227075941995 
---
1 78 20.604565083281926 2.0 5
12 7 8 8 0 1 0.3241025620261224 
2 0 2 2 0 0 0.25002452460764024 
---
1 79 19.453012543697305 3.0 5
12 7 8 8 0 1 0.3241025620261224 
12 7 8 4 0 1 0.12834768504670913 
2 0 2 2 0 0 0.25002452460764024 
---
1 80 15.504832407978613 9.0 5
7 7 11 10 7 1 0.6503143713933324 
1 1 2 2 11 0 0.2613673715868645 
12 7 8 4 8 1 0.4485385195818945 
11 2 13 4 7 0 0.4019809743748919 
12 7 8 8 1 1 0.29179464854258774 
7 7 4 8 7 1 0.0729227075941995 
7 12 4 5 7 1 0.212386283204836 
12 7 13 0 1 1 0.11611101260592083 
2 1 7 1 2 0 0.7957037971874382 
---
1 81 14.66173144149702 10.0 5
11 2 13 4 7 0 0.4019809743748919 
1 1 2 2 11 0 0.2613673715868645 
2 1 7 1 2 0 0.7957037971874382 
7 12 4 5 7 1 0.212386283204836 
8 2 1 8 0 0 0.5413245784486038 
7 7 4 8 7 1 0.0729227075941995 
12 7 13 0 1 1 0.11611101260592083 
12 7 8 4 8 1 0.4485385195818945 
12 0 8 8 1 1 0.13879863374211654 
12 7 8 8 1 1 0.29179464854258774 
---
1 82 12.872712317499484 17.0 5
12 0 13 4 1 1 0.07173708524289601 
12 0 13 9 1 1 0.3164002878303076 
7 12 4 5 7 1 0.212386283204836 
7 7 11 10 7 1 0.6503143713933324 
11 2 13 4 7 0 0.4019809743748919 
12 7 8 4 8 1 0.4485385195818945 
11 0 8 8 1 1 0.07630678488739506 
8 2 1 8 0 0 0.5413245784486038 
12 7 13 0 1 1 0.11611101260592083 
11 1 13 2 11 0 0.29372258127784945 
1 1 2 2 11 0 0.2613673715868645 
7 7 4 8 7 1 0.0729227075941995 
7 7 1 7 8 1 0.17482753386738492 
11 11 2 1 11 0 0.2566221039922365 
12 0 8 8 1 1 0.13879863374211654 
2 1 7 1 2 0 0.7957037971874382 
12 7 8 8 1 1 0.29179464854258774 
---
1 83 16.286243059839606 7.0 5
7 7 4 8 7 1 0.0729227075941995 
2 1 7 1 2 0 0.7957037971874382 
1 1 2 2 11 0 0.2613673715868645 
12 7 8 4 8 1 0.4485385195818945 
12 7 13 0 1 1 0.11611101260592083 
12 7 8 8 1 1 0.29179464854258774 
11 2 13 4 7 0 0.4019809743748919 
---
1 84 14.353279868393995 11.0 5
12 7 8 4 8 1 0.4485385195818945 
2 1 7 1 2 0 0.7957037971874382 
7 12 4 5 7 1 0.212386283204836 
1 1 2 2 11 0 0.2613673715868645 
8 2 1 8 0 0 0.5413245784486038 
12 7 13 0 1 1 0.11611101260592083 
12 0 8 8 1 1 0.13879863374211654 
7 7 1 7 8 1 0.17482753386738492 
11 2 13 4 7 0 0.4019809743748919 
12 7 8 8 1 1 0.29179464854258774 
7 7 4 8 7 1 0.0729227075941995 
---
1 85 13.921447666049763 12.0 5
7 7 1 7 8 1 0.17482753386738492 
2 1 7 1 2 0 0.7957037971874382 
11 11 2 1 11 0 0.2566221039922365 
12 7 8 8 1 1 0.29179464854258774 
7 12 4 5 7 1 0.212386283204836 
12 7 8 4 8 1 0.4485385195818945 
7 7 4 8 7 1 0.0729227075941995 
8 2 1 8 0 0 0.5413245784486038 
11 2 13 4 7 0 0.4019809743748919 
12 7 13 0 1 1 0.11611101260592083 
1 1 2 2 11 0 0.2613673715868645 
12 0 8 8 1 1 0.13879863374211654 
---
1 86 13.592432654739872 13.0 5
11 2 13 4 7 0 0.4019809743748919 
12 7 8 4 8 1 0.4485385195818945 
12 0 8 8 1 1 0.13879863374211654 
8 2 1 8 0 0 0.5413245784486038 
2 1 7 1 2 0 0.7957037971874382 
12 7 13 0 1 1 0.11611101260592083 
7 12 4 5 7 1 0.212386283204836 
12 7 8 8 1 1 0.29179464854258774 
7 7 4 8 7 1 0.0729227075941995 
1 1 2 2 11 0 0.2613673715868645 
7 7 11 10 7 1 0.6503143713933324 
11 11 2 1 11 0 0.2566221039922365 
7 7 1 7 8 1 0.17482753386738492 
---
1 87 13.469052025498662 14.0 5
2 1 7 1 2 0 0.7957037971874382 
11 11 2 1 11 0 0.2566221039922365 
11 2 13 4 7 0 0.4019809743748919 
7 7 1 7 8 1 0.17482753386738492 
12 7 8 4 8 1 0.4485385195818945 
7 7 4 8 7 1 0.0729227075941995 
7 12 4 5 7 1 0.212386283204836 
12 7 13 0 1 1 0.11611101260592083 
1 1 2 2 11 0 0.2613673715868645 
12 7 8 8 1 1 0.29179464854258774 
7 7 11 10 7 1 0.6503143713933324 
8 2 1 8 0 0 0.5413245784486038 
12 0 8 8 1 1 0.13879863374211654 
12 0 13 9 1 1 0.3164002878303076 
---
1 88 13.28398108163685 15.0 5
12 0 13 4 1 1 0.07173708524289601 
12 0 13 9 1 1 0.3164002878303076 
8 2 1 8 0 0 0.5413245784486038 
12 7 8 8 1 1 0.29179464854258774 
7 7 4 8 7 1 0.0729227075941995 
2 1 7 1 2 0 0.7957037971874382 
7 12 4 5 7 1 0.212386283204836 
1 1 2 2 11 0 0.2613673715868645 
11 11 2 1 11 0 0.2566221039922365 
11 2 13 4 7 0 0.4019809743748919 
7 7 1 7 8 1 0.17482753386738492 
12 7 13 0 1 1 0.11611101260592083 
7 7 11 10 7 1 0.6503143713933324 
12 7 8 4 8 1 0.4485385195818945 
12 0 8 8 1 1 0.13879863374211654 
---
1 89 29.344026321200907 1.0 5
0 1 0 0 0 0 0.3550868071347044 
---
1 90 18.342586880526422 5.0 5
1 1 2 2 11 0 0.2613673715868645 
12 7 8 4 8 1 0.4485385195818945 
2 1 7 1 2 0 0.7957037971874382 
12 7 8 8 1 1 0.29179464854258774 
11 2 13 4 7 0 0.4019809743748919 
---
1 91 17.14990746452807 6.0 5
1 1 2 2 11 0 0.2613673715868645 
12 7 8 8 1 1 0.29179464854258774 
11 2 13 4 7 0 0.4019809743748919 
12 7 8 4 8 1 0.4485385195818945 
2 1 7 1 2 0 0.7957037971874382 
7 7 4 8 7 1 0.0729227075941995 
---
1 92 20.604565083281926 2.0 5
12 7 8 8 0 1 0.3241025620261224 
2 0 2 2 0 0 0.25002452460764024 
---
1 93 14.66173144149702 10.0 5
11 2 13 4 7 0 0.4019809743748919 
1 1 2 2 11 0 0.2613673715868645 
2 1 7 1 2 0 0.7957037971874382 
7 12 4 5 7 1 0.212386283204836 
8 2 1 8 0 0 0.5413245784486038 
7 7 4 8 7 1 0.0729227075941995 
12 7 13 0 1 1 0.11611101260592083 
12 7 8 4 8 1 0.4485385195818945 
12 0 8 8 1 1 0.13879863374211654 
12 7 8 8 1 1 0.29179464854258774 
---
1 94 14.353279868393995 11.0 5
12 7 8 4 8 1 0.4485385195818945 
2 1 7 1 2 0 0.7957037971874382 
7 12 4 5 7 1 0.212386283204836 
1 1 2 2 11 0 0.2613673715868645 
8 2 1 8 0 0 0.5413245784486038 
12 7 13 0 1 1 0.11611101260592083 
12 0 8 8 1 1 0.13879863374211654 
7 7 1 7 8 1 0.17482753386738492 
11 2 13 4 7 0 0.4019809743748919 
12 7 8 8 1 1 0.29179464854258774 
7 7 4 8 7 1 0.0729227075941995 
---
1 95 13.921447666049763 12.0 5
7 7 1 7 8 1 0.17482753386738492 
2 1 7 1 2 0 0.7957037971874382 
11 11 2 1 11 0 0.2566221039922365 
12 7 8 8 1 1 0.29179464854258774 
7 12 4 5 7 1 0.212386283204836 
12 7 8 4 8 1 0.4485385195818945 
7 7 4 8 7 1 0.0729227075941995 
8 2 1 8 0 0 0.5413245784486038 
11 2 13 4 7 0 0.4019809743748919 
12 7 13 0 1 1 0.11611101260592083 
1 1 2 2 11 0 0.2613673715868645 
12 0 8 8 1 1 0.13879863374211654 
---
1 96 13.469052025498662 14.0 5
2 1 7 1 2 0 0.7957037971874382 
11 11 2 1 11 0 0.2566221039922365 
11 2 13 4 7 0 0.4019809743748919 
7 7 1 7 8 1 0.17482753386738492 
12 7 8 4 8 1 0.4485385195818945 
7 7 4 8 7 1 0.0729227075941995 
7 12 4 5 7 1 0.212386283204836 
12 7 13 0 1 1 0.11611101260592083 
1 1 2 2 11 0 0.2613673715868645 
12 7 8 8 1 1 0.29179464854258774 
7 7 11 10 7 1 0.6503143713933324 
8 2 1 8 0 0 0.5413245784486038 
12 0 8 8 1 1 0.13879863374211654 
12 0 13 9 1 1 0.3164002878303076 
---
1 97 13.28398108163685 15.0 5
12 0 13 4 1 1 0.07173708524289601 
12 0 13 9 1 1 0.3164002878303076 
8 2 1 8 0 0 0.5413245784486038 
12 7 8 8 1 1 0.29179464854258774 
7 7 4 8 7 1 0.0729227075941995 
2 1 7 1 2 0 0.7957037971874382 
7 12 4 5 7 1 0.212386283204836 
1 1 2 2 11 0 0.2613673715868645 
11 11 2 1 11 0 0.2566221039922365 
11 2 13 4 7 0 0.4019809743748919 
7 7 1 7 8 1 0.17482753386738492 
12 7 13 0 1 1 0.11611101260592083 
7 7 11 10 7 1 0.6503143713933324 
12 7 8 4 8 1 0.4485385195818945 
12 0 8 8 1 1 0.13879863374211654 
---
2 0 29.344026321200907 1.0 5
0 4 0 0 0 0 0.41832428584431924 
---
2 1 12.625951059017067 18.0 5
12 7 13 0 1 1 0.11611101260592083 
7 12 4 5 7 1 0.212386283204836 
12 0 13 9 1 1 0.3164002878303076 
7 7 11 10 7 1 0.6503143713933324 
12 7 8 8 1 1 0.29179464854258774 
12 0 13 4 1 1 0.07173708524289601 
12 0 8 8 1 1 0.13879863374211654 
2 1 7 1 2 0 0.7957037971874382 
11 0 8 8 1 1 0.07630678488739506 
11 2 13 4 7 0 0.4019809743748919 
7 7 4 8 7 1 0.0729227075941995 
12 7 8 4 8 1 0.4485385195818945 
11 11 2 1 11 0 0.2566221039922365 
8 2 1 8 0 0 0.5413245784486038 
1 1 2 2 11 0 0.2613673715868645 
7 7 1 7 8 1 0.17482753386738492 
11 1 13 2 11 0 0.29372258127784945 
5 1 2 1 11 0 0.9888162386580621 
---
2 2 12.852148879292619 17.0 5
12 0 13 9 1 1 0.3164002878303076 
5 1 2 1 11 0 0.9888162386580621 
12 7 8 8 1 1 0.29179464854258774 
8 2 1 8 0 0 0.5413245784486038 
11 1 13 2 11 0 0.29372258127784945 
2 1 7 1 2 0 0.7957037971874382 
12 0 8 8 1 1 0.13879863374211654 
12 7 8 4 8 1 0.4485385195818945 
7 7 11 10 7 1 0.6503143713933324 
7 12 4 5 7 1 0.212386283204836 
11 11 2 1 11 0 0.2566221039922365 
11 0 8 8 1 1 0.07630678488739506 
12 7 13 0 1 1 0.11611101260592083 
1 1 2 2 11 0 0.2613673715868645 
7 7 1 7 8 1 0.17482753386738492 
11 2 13 4 7 0 0.4019809743748919 
7 7 4 8 7 1 0.0729227075941995 
---
2 3 21.24203166769484 2.0 5
12 7 8 8 1 1 0.29179464854258774 
2 2 2 1 1 0 0.5538559698721611 
---
2 4 19.61752004935225 3.0 5
11 1 13 2 11 0 0.29372258127784945 
2 2 2 1 1 0 0.5538559698721611 
12 7 8 8 1 1 0.29179464854258774 
---
2 5 14.476660497635205 11.0 5
12 7 8 8 1 1 0.29179464854258774 
7 7 4 8 7 1 0.0729227075941995 
12 7 13 0 1 1 0.11611101260592083 
7 7 11 10 7 1 0.6503143713933324 
11 11 2 1 11 0 0.2566221039922365 
12 0 8 8 1 1 0.13879863374211654 
2 1 7 1 2 0 0.7957037971874382 
11 2 13 4 7 0 0.4019809743748919 
12 7 8 4 8 1 0.4485385195818945 
1 1 2 2 11 0 0.2613673715868645 
8 2 1 8 0 0 0.5413245784486038 
---
2 6 14.168208924532182 12.0 5
7 7 1 7 8 1 0.17482753386738492 
2 1 7 1 2 0 0.7957037971874382 
12 7 13 0 1 1 0.11611101260592083 
7 7 11 10 7 1 0.6503143713933324 
12 7 8 8 1 1 0.29179464854258774 
1 1 2 2 11 0 0.2613673715868645 
11 2 13 4 7 0 0.4019809743748919 
8 2 1 8 0 0 0.5413245784486038 
12 0 8 8 1 1 0.13879863374211654 
11 11 2 1 11 0 0.2566221039922365 
7 7 4 8 7 1 0.0729227075941995 
12 7 8 4 8 1 0.4485385195818945 
---
2 7 13.222290767016245 15.0 5
11 0 8 8 1 1 0.07630678488739506 
11 11 2 1 11 0 0.2566221039922365 
11 1 13 2 11 0 0.29372258127784945 
8 2 1 8 0 0 0.5413245784486038 
12 0 8 8 1 1 0.13879863374211654 
7 7 11 10 7 1 0.6503143713933324 
12 7 13 0 1 1 0.11611101260592083 
12 7 8 4 8 1 0.4485385195818945 
12 7 8 8 1 1 0.29179464854258774 
1 1 2 2 11 0 0.2613673715868645 
11 2 13 4 7 0 0.4019809743748919 
7 7 1 7 8 1 0.17482753386738492 
7 7 4 8 7 1 0.0729227075941995 
2 1 7 1 2 0 0.7957037971874382 
7 12 4 5 7 1 0.212386283204836 
---
2 8 18.980053464939335 4.0 5
12 7 8 8 1 1 0.29179464854258774 
2 2 2 1 1 0 0.5538559698721611 
11 1 13 2 11 0 0.29372258127784945 
12 7 13 0 1 1 0.11611101260592083 
---
2 9 17.60230310507917 5.0 5
2 1 7 1 2 0 0.7957037971874382 
11 2 13 4 7 0 0.4019809743748919 
12 7 13 0 1 1 0.11611101260592083 
12 7 8 4 8 1 0.4485385195818945 
7 7 4 8 7 1 0.0729227075941995 
---
2 10 17.60230310507917 5.0 5
2 1 7 1 2 0 0.7957037971874382 
11 2 13 4 7 0 0.4019809743748919 
12 7 13 0 1 1 0.11611101260592083 
12 7 8 4 8 1 0.4485385195818945 
7 7 4 8 7 1 0.0729227075941995 
---
2 11 15.237507711289327 9.0 5
8 2 1 8 0 0 0.5413245784486038 
12 0 8 8 1 1 0.13879863374211654 
12 7 8 4 8 1 0.4485385195818945 
12 7 13 0 1 1 0.11611101260592083 
2 1 7 1 2 0 0.7957037971874382 
7 7 4 8 7 1 0.0729227075941995 
11 2 13 4 7 0 0.4019809743748919 
1 1 2 2 11 0 0.2613673715868645 
12 7 8 8 1 1 0.29179464854258774 
---
2 12 19.61752004935225 3.0 5
11 1 13 2 11 0 0.29372258127784945 
2 2 2 1 1 0 0.5538559698721611 
12 7 8 8 1 1 0.29179464854258774 
---
2 13 18.980053464939335 4.0 5
12 7 13 0 1 1 0.11611101260592083 
12 7 8 8 1 1 0.29179464854258774 
2 2 2 1 1 0 0.5538559698721611 
11 1 13 2 11 0 0.29372258127784945 
---
2 14 16.676948385770103 7.0 5
12 7 8 8 1 1 0.29179464854258774 
12 7 13 0 1 1 0.11611101260592083 
11 1 13 2 11 0 0.29372258127784945 
12 7 8 4 8 1 0.4485385195818945 
11 2 13 4 7 0 0.4019809743748919 
2 1 7 1 2 0 0.7957037971874382 
7 7 4 8 7 1 0.0729227075941995 
---
2 15 14.66173144149702 10.0 5
1 1 2 2 11 0 0.2613673715868645 
2 1 7 1 2 0 0.7957037971874382 
12 0 8 8 1 1 0.13879863374211654 
12 7 13 0 1 1 0.11611101260592083 
7 12 4 5 7 1 0.212386283204836 
7 7 4 8 7 1 0.0729227075941995 
12 7 8 4 8 1 0.4485385195818945 
12 7 8 8 1 1 0.29179464854258774 
11 2 13 4 7 0 0.4019809743748919 
8 2 1 8 0 0 0.5413245784486038 
---
2 16 16.676948385770103 7.0 5
12 7 8 8 1 1 0.29179464854258774 
12 7 13 0 1 1 0.11611101260592083 
11 1 13 2 11 0 0.29372258127784945 
12 7 8 4 8 1 0.4485385195818945 
11 2 13 4 7 0 0.4019809743748919 
2 1 7 1 2 0 0.7957037971874382 
7 7 4 8 7 1 0.0729227075941995 
---
2 17 13.592432654739872 13.0 5
1 1 2 2 11 0 0.2613673715868645 
7 7 11 10 7 1 0.6503143713933324 
12 0 8 8 1 1 0.13879863374211654 
12 7 13 0 1 1 0.11611101260592083 
7 12 4 5 7 1 0.212386283204836 
7 7 4 8 7 1 0.0729227075941995 
12 7 8 8 1 1 0.29179464854258774 
11 11 2 1 11 0 0.2566221039922365 
11 2 13 4 7 0 0.4019809743748919 
7 7 1 7 8 1 0.17482753386738492 
8 2 1 8 0 0 0.5413245784486038 
12 7 8 4 8 1 0.4485385195818945 
2 1 7 1 2 0 0.7957037971874382 
---
2 18 15.237507711289327 9.0 5
8 2 1 8 0 0 0.5413245784486038 
12 0 8 8 1 1 0.13879863374211654 
12 7 8 4 8 1 0.4485385195818945 
12 7 13 0 1 1 0.11611101260592083 
2 1 7 1 2 0 0.7957037971874382 
7 7 4 8 7 1 0.0729227075941995 
11 2 13 4 7 0 0.4019809743748919 
1 1 2 2 11 0 0.2613673715868645 
12 7 8 8 1 1 0.29179464854258774 
---
2 19 14.66173144149702 10.0 5
1 1 2 2 11 0 0.2613673715868645 
2 1 7 1 2 0 0.7957037971874382 
12 0 8 8 1 1 0.13879863374211654 
12 7 13 0 1 1 0.11611101260592083 
7 12 4 5 7 1 0.212386283204836 
7 7 4 8 7 1 0.0729227075941995 
12 7 8 4 8 1 0.4485385195818945 
12 7 8 8 1 1 0.29179464854258774 
11 2 13 4 7 0 0.4019809743748919 
8 2 1 8 0 0 0.5413245784486038 
---
2 20 13.222290767016245 15.0 5
11 0 8 8 1 1 0.07630678488739506 
11 11 2 1 11 0 0.2566221039922365 
11 1 13 2 11 0 0.29372258127784945 
8 2 1 8 0 0 0.5413245784486038 
12 0 8 8 1 1 0.13879863374211654 
7 7 11 10 7 1 0.6503143713933324 
12 7 13 0 1 1 0.11611101260592083 
12 7 8 4 8 1 0.4485385195818945 
12 7 8 8 1 1 0.29179464854258774 
1 1 2 2 11 0 0.2613673715868645 
11 2 13 4 7 0 0.4019809743748919 
7 7 1 7 8 1 0.17482753386738492 
7 7 4 8 7 1 0.0729227075941995 
2 1 7 1 2 0 0.7957037971874382 
7 12 4 5 7 1 0.212386283204836 
---
2 21 13.592432654739872 13.0 5
1 1 2 2 11 0 0.2613673715868645 
7 7 11 10 7 1 0.6503143713933324 
12 0 8 8 1 1 0.13879863374211654 
12 7 13 0 1 1 0.11611101260592083 
7 12 4 5 7 1 0.212386283204836 
7 7 4 8 7 1 0.0729227075941995 
12 7 8 8 1 1 0.29179464854258774 
11 11 2 1 11 0 0.2566221039922365 
11 2 13 4 7 0 0.4019809743748919 
7 7 1 7 8 1 0.17482753386738492 
8 2 1 8 0 0 0.5413245784486038 
12 7 8 4 8 1 0.4485385195818945 
2 1 7 1 2 0 0.7957037971874382 
---
2 22 13.40736171087806 14.0 5
7 7 4 8 7 1 0.0729227075941995 
7 7 1 7 8 1 0.17482753386738492 
7 7 11 10 7 1 0.6503143713933324 
12 0 8 8 1 1 0.13879863374211654 
11 2 13 4 7 0 0.4019809743748919 
11 1 13 2 11 0 0.29372258127784945 
7 12 4 5 7 1 0.212386283204836 
12 7 13 0 1 1 0.11611101260592083 
11 11 2 1 11 0 0.2566221039922365 
8 2 1 8 0 0 0.5413245784486038 
2 1 7 1 2 0 0.7957037971874382 
1 1 2 2 11 0 0.2613673715868645 
12 7 8 8 1 1 0.29179464854258774 
12 7 8 4 8 1 0.4485385195818945 
---
2 23 13.40736171087806 14.0 5
7 7 4 8 7 1 0.0729227075941995 
7 7 1 7 8 1 0.17482753386738492 
7 7 11 10 7 1 0.6503143713933324 
12 0 8 8 1 1 0.13879863374211654 
11 2 13 4 7 0 0.4019809743748919 
11 1 13 2 11 0 0.29372258127784945 
7 12 4 5 7 1 0.212386283204836 
12 7 13 0 1 1 0.11611101260592083 
11 11 2 1 11 0 0.2566221039922365 
8 2 1 8 0 0 0.5413245784486038 
2 1 7 1 2 0 0.7957037971874382 
1 1 2 2 11 0 0.2613673715868645 
12 7 8 8 1 1 0.29179464854258774 
12 7 8 4 8 1 0.4485385195818945 
---
2 24 12.625951059017067 18.0 5
12 7 13 0 1 1 0.11611101260592083 
7 12 4 5 7 1 0.212386283204836 
12 0 13 9 1 1 0.3164002878303076 
7 7 11 10 7 1 0.6503143713933324 
12 7 8 8 1 1 0.29179464854258774 
12 0 13 4 1 1 0.07173708524289601 
12 0 8 8 1 1 0.13879863374211654 
2 1 7 1 2 0 0.7957037971874382 
11 0 8 8 1 1 0.07630678488739506 
11 2 13 4 7 0 0.4019809743748919 
7 7 4 8 7 1 0.0729227075941995 
12 7 8 4 8 1 0.4485385195818945 
11 11 2 1 11 0 0.2566221039922365 
8 2 1 8 0 0 0.5413245784486038 
1 1 2 2 11 0 0.2613673715868645 
7 7 1 7 8 1 0.17482753386738492 
11 1 13 2 11 0 0.29372258127784945 
5 1 2 1 11 0 0.9888162386580621 
---
2 25 17.60230310507917 5.0 5
2 1 7 1 2 0 0.7957037971874382 
11 2 13 4 7 0 0.4019809743748919 
12 7 13 0 1 1 0.11611101260592083 
12 7 8 4 8 1 0.4485385195818945 
7 7 4 8 7 1 0.0729227075941995 
---
2 26 19.61752004935225 3.0 5
11 1 13 2 11 0 0.29372258127784945 
12 7 8 8 1 1 0.29179464854258774 
2 2 2 1 1 0 0.5538559698721611 
---
2 27 18.980053464939335 4.0 5
12 7 8 8 1 1 0.29179464854258774 
2 2 2 1 1 0 0.5538559698721611 
11 1 13 2 11 0 0.29372258127784945 
12 7 13 0 1 1 0.11611101260592083 
---
2 28 16.676948385770103 7.0 5
12 7 8 8 1 1 0.29179464854258774 
12 7 13 0 1 1 0.11611101260592083 
11 1 13 2 11 0 0.29372258127784945 
12 7 8 4 8 1 0.4485385195818945 
11 2 13 4 7 0 0.4019809743748919 
2 1 7 1 2 0 0.7957037971874382 
7 7 4 8 7 1 0.0729227075941995 
---
2 29 15.237507711289327 9.0 5
8 2 1 8 0 0 0.5413245784486038 
12 0 8 8 1 1 0.13879863374211654 
12 7 8 4 8 1 0.4485385195818945 
12 7 13 0 1 1 0.11611101260592083 
2 1 7 1 2 0 0.7957037971874382 
7 7 4 8 7 1 0.0729227075941995 
11 2 13 4 7 0 0.4019809743748919 
1 1 2 2 11 0 0.2613673715868645 
12 7 8 8 1 1 0.29179464854258774 
---
2 30 14.66173144149702 10.0 5
1 1 2 2 11 0 0.2613673715868645 
2 1 7 1 2 0 0.7957037971874382 
12 0 8 8 1 1 0.13879863374211654 
12 7 13 0 1 1 0.11611101260592083 
7 12 4 5 7 1 0.212386283204836 
7 7 4 8 7 1 0.0729227075941995 
12 7 8 4 8 1 0.4485385195818945 
12 7 8 8 1 1 0.29179464854258774 
11 2 13 4 7 0 0.4019809743748919 
8 2 1 8 0 0 0.5413245784486038 
---
2 31 13.222290767016245 15.0 5
11 0 8 8 1 1 0.07630678488739506 
11 11 2 1 11 0 0.2566221039922365 
11 1 13 2 11 0 0.29372258127784945 
8 2 1 8 0 0 0.5413245784486038 
12 0 8 8 1 1 0.13879863374211654 
7 7 11 10 7 1 0.6503143713933324 
12 7 13 0 1 1 0.11611101260592083 
12 7 8 4 8 1 0.4485385195818945 
12 7 8 8 1 1 0.29179464854258774 
1 1 2 2 11 0 0.2613673715868645 
11 2 13 4 7 0 0.4019809743748919 
7 7 1 7 8 1 0.17482753386738492 
7 7 4 8 7 1 0.0729227075941995 
2 1 7 1 2 0 0.7957037971874382 
7 12 4 5 7 1 0.212386283204836 
---
2 32 13.592432654739872 13.0 5
1 1 2 2 11 0 0.2613673715868645 
7 7 11 10 7 1 0.6503143713933324 
12 0 8 8 1 1 0.13879863374211654 
12 7 13 0 1 1 0.11611101260592083 
7 12 4 5 7 1 0.212386283204836 
7 7 4 8 7 1 0.0729227075941995 
12 7 8 8 1 1 0.29179464854258774 
11 11 2 1 11 0 0.2566221039922365 
11 2 13 4 7 0 0.4019809743748919 
7 7 1 7 8 1 0.17482753386738492 
8 2 1 8 0 0 0.5413245784486038 
12 7 8 4 8 1 0.4485385195818945 
2 1 7 1 2 0 0.7957037971874382 
---
2 33 13.40736171087806 14.0 5
7 7 4 8 7 1 0.0729227075941995 
7 7 1 7 8 1 0.17482753386738492 
7 7 11 10 7 1 0.6503143713933324 
12 0 8 8 1 1 0.13879863374211654 
11 2 13 4 7 0 0.4019809743748919 
11 1 13 2 11 0 0.29372258127784945 
7 12 4 5 7 1 0.212386283204836 
12 7 13 0 1 1 0.11611101260592083 
11 11 2 1 11 0 0.2566221039922365 
8 2 1 8 0 0 0.5413245784486038 
2 1 7 1 2 0 0.7957037971874382 
1 1 2 2 11 0 0.2613673715868645 
12 7 8 8 1 1 0.29179464854258774 
12 7 8 4 8 1 0.4485385195818945 
---
2 34 12.625951059017067 18.0 5
12 7 13 0 1 1 0.11611101260592083 
7 12 4 5 7 1 0.212386283204836 
12 0 13 9 1 1 0.3164002878303076 
7 7 11 10 7 1 0.6503143713933324 
12 7 8 8 1 1 0.29179464854258774 
12 0 13 4 1 1 0.07173708524289601 
12 0 8 8 1 1 0.13879863374211654 
2 1 7 1 2 0 0.7957037971874382 
11 0 8 8 1 1 0.07630678488739506 
11 2 13 4 7 0 0.4019809743748919 
7 7 4 8 7 1 0.0729227075941995 
12 7 8 4 8 1 0.4485385195818945 
11 11 2 1 11 0 0.2566221039922365 
8 2 1 8 0 0 0.5413245784486038 
1 1 2 2 11 0 0.2613673715868645 
7 7 1 7 8 1 0.17482753386738492 
11 1 13 2 11 0 0.29372258127784945 
5 1 2 1 11 0 0.9888162386580621 
---
2 35 21.24203166769484 2.0 5
12 7 8 8 1 1 0.29179464854258774 
2 2 2 1 1 0 0.5538559698721611 
---
2 36 17.60230310507917 5.0 5
2 1 7 1 2 0 0.7957037971874382 
11 2 13 4 7 0 0.4019809743748919 
12 7 13 0 1 1 0.11611101260592083 
12 7 8 4 8 1 0.4485385195818945 
7 7 4 8 7 1 0.0729227075941995 
---
2 37 19.61752004935225 3.0 5
11 1 13 2 11 0 0.29372258127784945 
12 7 8 8 1 1 0.29179464854258774 
2 2 2 1 1 0 0.5538559698721611 
---
2 38 18.980053464939335 4.0 5
12 7 8 8 1 1 0.29179464854258774 
2 2 2 1 1 0 0.5538559698721611 
11 1 13 2 11 0 0.29372258127784945 
12 7 13 0 1 1 0.11611101260592083 
---
2 39 16.676948385770103 7.0 5
12 7 8 8 1 1 0.29179464854258774 
12 7 13 0 1 1 0.11611101260592083 
11 1 13 2 11 0 0.29372258127784945 
12 7 8 4 8 1 0.4485385195818945 
11 2 13 4 7 0 0.4019809743748919 
2 1 7 1 2 0 0.7957037971874382 
7 7 4 8 7 1 0.0729227075941995 
---
2 40 15.237507711289327 9.0 5
8 2 1 8 0 0 0.5413245784486038 
12 0 8 8 1 1 0.13879863374211654 
12 7 8 4 8 1 0.4485385195818945 
12 7 13 0 1 1 0.11611101260592083 
2 1 7 1 2 0 0.7957037971874382 
7 7 4 8 7 1 0.0729227075941995 
11 2 13 4 7 0 0.4019809743748919 
1 1 2 2 11 0 0.2613673715868645 
12 7 8 8 1 1 0.29179464854258774 
---
2 41 14.66173144149702 10.0 5
1 1 2 2 11 0 0.2613673715868645 
2 1 7 1 2 0 0.7957037971874382 
12 0 8 8 1 1 0.13879863374211654 
12 7 13 0 1 1 0.11611101260592083 
7 12 4 5 7 1 0.212386283204836 
7 7 4 8 7 1 0.0729227075941995 
12 7 8 4 8 1 0.4485385195818945 
12 7 8 8 1 1 0.29179464854258774 
11 2 13 4 7 0 0.4019809743748919 
8 2 1 8 0 0 0.5413245784486038 
---
2 42 13.222290767016245 15.0 5
11 0 8 8 1 1 0.07630678488739506 
11 11 2 1 11 0 0.2566221039922365 
11 1 13 2 11 0 0.29372258127784945 
8 2 1 8 0 0 0.5413245784486038 
12 0 8 8 1 1 0.13879863374211654 
7 7 11 10 7 1 0.6503143713933324 
12 7 13 0 1 1 0.11611101260592083 
12 7 8 4 8 1 0.4485385195818945 
12 7 8 8 1 1 0.29179464854258774 
1 1 2 2 11 0 0.2613673715868645 
11 2 13 4 7 0 0.4019809743748919 
7 7 1 7 8 1 0.17482753386738492 
7 7 4 8 7 1 0.0729227075941995 
2 1 7 1 2 0 0.7957037971874382 
7 12 4 5 7 1 0.212386283204836 
---
2 43 13.592432654739872 13.0 5
1 1 2 2 11 0 0.2613673715868645 
7 7 11 10 7 1 0.6503143713933324 
12 0 8 8 1 1 0.13879863374211654 
12 7 13 0 1 1 0.11611101260592083 
7 12 4 5 7 1 0.212386283204836 
7 7 4 8 7 1 0.0729227075941995 
12 7 8 8 1 1 0.29179464854258774 
11 11 2 1 11 0 0.2566221039922365 
11 2 13 4 7 0 0.4019809743748919 
7 7 1 7 8 1 0.17482753386738492 
8 2 1 8 0 0 0.5413245784486038 
12 7 8 4 8 1 0.4485385195818945 
2 1 7 1 2 0 0.7957037971874382 
---
2 44 13.40736171087806 14.0 5
7 7 4 8 7 1 0.0729227075941995 
7 7 1 7 8 1 0.17482753386738492 
7 7 11 10 7 1 0.6503143713933324 
12 0 8 8 1 1 0.13879863374211654 
11 2 13 4 7 0 0.4019809743748919 
11 1 13 2 11 0 0.29372258127784945 
7 12 4 5 7 1 0.212386283204836 
12 7 13 0 1 1 0.11611101260592083 
11 11 2 1 11 0 0.2566221039922365 
8 2 1 8 0 0 0.5413245784486038 
2 1 7 1 2 0 0.7957037971874382 
1 1 2 2 11 0 0.2613673715868645 
12 7 8 8 1 1 0.29179464854258774 
12 7 8 4 8 1 0.4485385195818945 
---
2 45 29.344026321200907 1.0 5
0 4 0 0 0 0 0.41832428584431924 
---
2 46 12.625951059017067 18.0 5
12 7 13 0 1 1 0.11611101260592083 
7 12 4 5 7 1 0.212386283204836 
12 0 13 9 1 1 0.3164002878303076 
7 7 11 10 7 1 0.6503143713933324 
12 7 8 8 1 1 0.29179464854258774 
12 0 13 4 1 1 0.07173708524289601 
12 0 8 8 1 1 0.13879863374211654 
2 1 7 1 2 0 0.7957037971874382 
11 0 8 8 1 1 0.07630678488739506 
11 2 13 4 7 0 0.4019809743748919 
7 7 4 8 7 1 0.0729227075941995 
12 7 8 4 8 1 0.4485385195818945 
11 11 2 1 11 0 0.2566221039922365 
8 2 1 8 0 0 0.5413245784486038 
1 1 2 2 11 0 0.2613673715868645 
7 7 1 7 8 1 0.17482753386738492 
11 1 13 2 11 0 0.29372258127784945 
5 1 2 1 11 0 0.9888162386580621 
---
2 47 17.60230310507917 5.0 5
2 1 7 1 2 0 0.7957037971874382 
11 2 13 4 7 0 0.4019809743748919 
12 7 13 0 1 1 0.11611101260592083 
12 7 8 4 8 1 0.4485385195818945 
7 7 4 8 7 1 0.0729227075941995 
---
2 48 19.61752004935225 3.0 5
11 1 13 2 11 0 0.29372258127784945 
12 7 8 8 1 1 0.29179464854258774 
2 2 2 1 1 0 0.5538559698721611 
---
2 49 18.980053464939335 4.0 5
11 1 13 2 11 0 0.29372258127784945 
2 2 2 1 1 0 0.5538559698721611 
12 7 8 8 1 1 0.29179464854258774 
12 7 13 0 1 1 0.11611101260592083 
---
2 50 16.676948385770103 7.0 5
12 7 8 8 1 1 0.29179464854258774 
12 7 13 0 1 1 0.11611101260592083 
11 1 13 2 11 0 0.29372258127784945 
12 7 8 4 8 1 0.4485385195818945 
11 2 13 4 7 0 0.4019809743748919 
2 1 7 1 2 0 0.7957037971874382 
7 7 4 8 7 1 0.0729227075941995 
---
2 51 15.237507711289327 9.0 5
8 2 1 8 0 0 0.5413245784486038 
12 0 8 8 1 1 0.13879863374211654 
12 7 8 4 8 1 0.4485385195818945 
12 7 13 0 1 1 0.11611101260592083 
2 1 7 1 2 0 0.7957037971874382 
7 7 4 8 7 1 0.0729227075941995 
11 2 13 4 7 0 0.4019809743748919 
1 1 2 2 11 0 0.2613673715868645 
12 7 8 8 1 1 0.29179464854258774 
---
2 52 14.66173144149702 10.0 5
1 1 2 2 11 0 0.2613673715868645 
2 1 7 1 2 0 0.7957037971874382 
12 0 8 8 1 1 0.13879863374211654 
12 7 13 0 1 1 0.11611101260592083 
7 12 4 5 7 1 0.212386283204836 
7 7 4 8 7 1 0.0729227075941995 
12 7 8 4 8 1 0.4485385195818945 
12 7 8 8 1 1 0.29179464854258774 
11 2 13 4 7 0 0.4019809743748919 
8 2 1 8 0 0 0.5413245784486038 
---
2 53 13.222290767016245 15.0 5
11 0 8 8 1 1 0.07630678488739506 
11 11 2 1 11 0 0.2566221039922365 
11 1 13 2 11 0 0.29372258127784945 
8 2 1 8 0 0 0.5413245784486038 
12 0 8 8 1 1 0.13879863374211654 
7 7 11 10 7 1 0.6503143713933324 
12 7 13 0 1 1 0.11611101260592083 
12 7 8 4 8 1 0.4485385195818945 
12 7 8 8 1 1 0.29179464854258774 
1 1 2 2 11 0 0.2613673715868645 
11 2 13 4 7 0 0.4019809743748919 
7 7 1 7 8 1 0.17482753386738492 
7 7 4 8 7 1 0.0729227075941995 
2 1 7 1 2 0 0.7957037971874382 
7 12 4 5 7 1 0.212386283204836 
---
2 54 13.592432654739872 13.0 5
1 1 2 2 11 0 0.2613673715868645 
7 7 11 10 7 1 0.6503143713933324 
12 0 8 8 1 1 0.13879863374211654 
12 7 13 0 1 1 0.11611101260592083 
7 12 4 5 7 1 0.212386283204836 
7 7 4 8 7 1 0.0729227075941995 
12 7 8 8 1 1 0.29179464854258774 
11 11 2 1 11 0 0.2566221039922365 
11 2 13 4 7 0 0.4019809743748919 
7 7 1 7 8 1 0.17482753386738492 
8 2 1 8 0 0 0.5413245784486038 
12 7 8 4 8 1 0.4485385195818945 
2 1 7 1 2 0 0.7957037971874382 
---
2 55 13.40736171087806 14.0 5
7 7 4 8 7 1 0.0729227075941995 
7 7 1 7 8 1 0.17482753386738492 
7 7 11 10 7 1 0.6503143713933324 
12 0 8 8 1 1 0.13879863374211654 
11 2 13 4 7 0 0.4019809743748919 
11 1 13 2 11 0 0.29372258127784945 
7 12 4 5 7 1 0.212386283204836 
12 7 13 0 1 1 0.11611101260592083 
11 11 2 1 11 0 0.2566221039922365 
8 2 1 8 0 0 0.5413245784486038 
2 1 7 1 2 0 0.7957037971874382 
1 1 2 2 11 0 0.2613673715868645 
12 7 8 8 1 1 0.29179464854258774 
12 7 8 4 8 1 0.4485385195818945 
---
2 56 29.344026321200907 1.0 5
0 4 0 0 0 0 0.41832428584431924 
---
2 57 12.625951059017067 18.0 5
12 7 13 0 1 1 0.11611101260592083 
7 12 4 5 7 1 0.212386283204836 
12 0 13 9 1 1 0.3164002878303076 
7 7 11 10 7 1 0.6503143713933324 
12 7 8 8 1 1 0.29179464854258774 
12 0 13 4 1 1 0.07173708524289601 
12 0 8 8 1 1 0.13879863374211654 
2 1 7 1 2 0 0.7957037971874382 
11 0 8 8 1 1 0.07630678488739506 
11 2 13 4 7 0 0.4019809743748919 
7 7 4 8 7 1 0.0729227075941995 
12 7 8 4 8 1 0.4485385195818945 
11 11 2 1 11 0 0.2566221039922365 
8 2 1 8 0 0 0.5413245784486038 
1 1 2 2 11 0 0.2613673715868645 
7 7 1 7 8 1 0.17482753386738492 
11 1 13 2 11 0 0.29372258127784945 
5 1 2 1 11 0 0.9888162386580621 
---
2 58 19.61752004935225 3.0 5
11 1 13 2 11 0 0.29372258127784945 
2 2 2 1 1 0 0.5538559698721611 
12 7 8 8 1 1 0.29179464854258774 
---
2 59 18.980053464939335 4.0 5
12 7 8 8 1 1 0.29179464854258774 
2 2 2 1 1 0 0.5538559698721611 
11 1 13 2 11 0 0.29372258127784945 
12 7 13 0 1 1 0.11611101260592083 
---
2 60 15.237507711289327 9.0 5
8 2 1 8 0 0 0.5413245784486038 
12 0 8 8 1 1 0.13879863374211654 
12 7 8 4 8 1 0.4485385195818945 
12 7 13 0 1 1 0.11611101260592083 
2 1 7 1 2 0 0.7957037971874382 
7 7 4 8 7 1 0.0729227075941995 
11 2 13 4 7 0 0.4019809743748919 
1 1 2 2 11 0 0.2613673715868645 
12 7 8 8 1 1 0.29179464854258774 
---
2 61 14.66173144149702 10.0 5
1 1 2 2 11 0 0.2613673715868645 
2 1 7 1 2 0 0.7957037971874382 
12 0 8 8 1 1 0.13879863374211654 
12 7 13 0 1 1 0.11611101260592083 
7 12 4 5 7 1 0.212386283204836 
7 7 4 8 7 1 0.0729227075941995 
12 7 8 4 8 1 0.4485385195818945 
12 7 8 8 1 1 0.29179464854258774 
11 2 13 4 7 0 0.4019809743748919 
8 2 1 8 0 0 0.5413245784486038 
---
2 62 13.222290767016245 15.0 5
11 0 8 8 1 1 0.07630678488739506 
11 11 2 1 11 0 0.2566221039922365 
11 1 13 2 11 0 0.29372258127784945 
8 2 1 8 0 0 0.5413245784486038 
12 0 8 8 1 1 0.13879863374211654 
7 7 11 10 7 1 0.6503143713933324 
12 7 13 0 1 1 0.11611101260592083 
12 7 8 4 8 1 0.4485385195818945 
12 7 8 8 1 1 0.29179464854258774 
1 1 2 2 11 0 0.2613673715868645 
11 2 13 4 7 0 0.4019809743748919 
7 7 1 7 8 1 0.17482753386738492 
7 7 4 8 7 1 0.0729227075941995 
2 1 7 1 2 0 0.7957037971874382 
7 12 4 5 7 1 0.212386283204836 
---
2 63 13.592432654739872 13.0 5
1 1 2 2 11 0 0.2613673715868645 
7 7 11 10 7 1 0.6503143713933324 
12 0 8 8 1 1 0.13879863374211654 
12 7 13 0 1 1 0.11611101260592083 
7 12 4 5 7 1 0.212386283204836 
7 7 4 8 7 1 0.0729227075941995 
12 7 8 8 1 1 0.29179464854258774 
11 11 2 1 11 0 0.2566221039922365 
11 2 13 4 7 0 0.4019809743748919 
7 7 1 7 8 1 0.17482753386738492 
8 2 1 8 0 0 0.5413245784486038 
12 7 8 4 8 1 0.4485385195818945 
2 1 7 1 2 0 0.7957037971874382 
---
2 64 13.40736171087806 14.0 5
7 7 4 8 7 1 0.0729227075941995 
7 7 1 7 8 1 0.17482753386738492 
7 7 11 10 7 1 0.6503143713933324 
12 0 8 8 1 1 0.13879863374211654 
11 2 13 4 7 0 0.4019809743748919 
11 1 13 2 11 0 0.29372258127784945 
7 12 4 5 7 1 0.212386283204836 
12 7 13 0 1 1 0.11611101260592083 
11 11 2 1 11 0 0.2566221039922365 
8 2 1 8 0 0 0.5413245784486038 
2 1 7 1 2 0 0.7957037971874382 
1 1 2 2 11 0 0.2613673715868645 
12 7 8 8 1 1 0.29179464854258774 
12 7 8 4 8 1 0.4485385195818945 
---
2 65 12.625951059017067 18.0 5
12 7 13 0 1 1 0.11611101260592083 
7 12 4 5 7 1 0.212386283204836 
12 0 13 9 1 1 0.3164002878303076 
7 7 11 10 7 1 0.6503143713933324 
12 7 8 8 1 1 0.29179464854258774 
12 0 13 4 1 1 0.07173708524289601 
12 0 8 8 1 1 0.13879863374211654 
2 1 7 1 2 0 0.7957037971874382 
11 0 8 8 1 1 0.07630678488739506 
11 2 13 4 7 0 0.4019809743748919 
7 7 4 8 7 1 0.0729227075941995 
12 7 8 4 8 1 0.4485385195818945 
11 11 2 1 11 0 0.2566221039922365 
8 2 1 8 0 0 0.5413245784486038 
1 1 2 2 11 0 0.2613673715868645 
7 7 1 7 8 1 0.17482753386738492 
11 1 13 2 11 0 0.29372258127784945 
5 1 2 1 11 0 0.9888162386580621 
---
2 66 19.61752004935225 3.0 5
11 1 13 2 11 0 0.29372258127784945 
2 2 2 1 1 0 0.5538559698721611 
12 7 8 8 1 1 0.29179464854258774 
---
2 67 18.980053464939335 4.0 5
12 7 8 8 1 1 0.29179464854258774 
2 2 2 1 1 0 0.5538559698721611 
11 1 13 2 11 0 0.29372258127784945 
12 7 13 0 1 1 0.11611101260592083 
---
2 68 15.237507711289327 9.0 5
8 2 1 8 0 0 0.5413245784486038 
12 0 8 8 1 1 0.13879863374211654 
12 7 8 4 8 1 0.4485385195818945 
12 7 13 0 1 1 0.11611101260592083 
2 1 7 1 2 0 0.7957037971874382 
7 7 4 8 7 1 0.0729227075941995 
11 2 13 4 7 0 0.4019809743748919 
1 1 2 2 11 0 0.2613673715868645 
12 7 8 8 1 1 0.29179464854258774 
---
2 69 14.66173144149702 10.0 5
1 1 2 2 11 0 0.2613673715868645 
2 1 7 1 2 0 0.7957037971874382 
12 0 8 8 1 1 0.13879863374211654 
12 7 13 0 1 1 0.11611101260592083 
7 12 4 5 7 1 0.212386283204836 
7 7 4 8 7 1 0.0729227075941995 
12 7 8 4 8 1 0.4485385195818945 
12 7 8 8 1 1 0.29179464854258774 
11 2 13 4 7 0 0.4019809743748919 
8 2 1 8 0 0 0.5413245784486038 
---
2 70 13.222290767016245 15.0 5
11 0 8 8 1 1 0.07630678488739506 
11 11 2 1 11 0 0.2566221039922365 
11 1 13 2 11 0 0.29372258127784945 
8 2 1 8 0 0 0.5413245784486038 
12 0 8 8 1 1 0.13879863374211654 
7 7 11 10 7 1 0.6503143713933324 
12 7 13 0 1 1 0.11611101260592083 
12 7 8 4 8 1 0.4485385195818945 
12 7 8 8 1 1 0.29179464854258774 
1 1 2 2 11 0 0.2613673715868645 
11 2 13 4 7 0 0.4019809743748919 
7 7 1 7 8 1 0.17482753386738492 
7 7 4 8 7 1 0.0729227075941995 
2 1 7 1 2 0 0.7957037971874382 
7 12 4 5 7 1 0.212386283204836 
---
2 71 13.592432654739872 13.0 5
1 1 2 2 11 0 0.2613673715868645 
7 7 11 10 7 1 0.6503143713933324 
12 0 8 8 1 1 0.13879863374211654 
12 7 13 0 1 1 0.11611101260592083 
7 12 4 5 7 1 0.212386283204836 
7 7 4 8 7 1 0.0729227075941995 
12 7 8 8 1 1 0.29179464854258774 
11 11 2 1 11 0 0.2566221039922365 
11 2 13 4 7 0 0.4019809743748919 
7 7 1 7 8 1 0.17482753386738492 
8 2 1 8 0 0 0.5413245784486038 
12 7 8 4 8 1 0.4485385195818945 
2 1 7 1 2 0 0.7957037971874382 
---
2 72 13.40736171087806 14.0 5
7 7 4 8 7 1 0.0729227075941995 
7 7 1 7 8 1 0.17482753386738492 
7 7 11 10 7 1 0.6503143713933324 
12 0 8 8 1 1 0.13879863374211654 
11 2 13 4 7 0 0.4019809743748919 
11 1 13 2 11 0 0.29372258127784945 
7 12 4 5 7 1 0.212386283204836 
12 7 13 0 1 1 0.11611101260592083 
11 11 2 1 11 0 0.2566221039922365 
8 2 1 8 0 0 0.5413245784486038 
2 1 7 1 2 0 0.7957037971874382 
1 1 2 2 11 0 0.2613673715868645 
12 7 8 8 1 1 0.29179464854258774 
12 7 8 4 8 1 0.4485385195818945 
---
2 73 29.344026321200907 1.0 5
0 4 0 0 0 0 0.41832428584431924 
---
2 74 12.625951059017067 18.0 5
12 7 13 0 1 1 0.11611101260592083 
7 12 4 5 7 1 0.212386283204836 
12 0 13 9 1 1 0.3164002878303076 
7 7 11 10 7 1 0.6503143713933324 
12 7 8 8 1 1 0.29179464854258774 
12 0 13 4 1 1 0.07173708524289601 
12 0 8 8 1 1 0.13879863374211654 
2 1 7 1 2 0 0.7957037971874382 
11 0 8 8 1 1 0.07630678488739506 
11 2 13 4 7 0 0.4019809743748919 
7 7 4 8 7 1 0.0729227075941995 
12 7 8 4 8 1 0.4485385195818945 
11 11 2 1 11 0 0.2566221039922365 
8 2 1 8 0 0 0.5413245784486038 
1 1 2 2 11 0 0.2613673715868645 
7 7 1 7 8 1 0.17482753386738492 
11 1 13 2 11 0 0.29372258127784945 
5 1 2 1 11 0 0.9888162386580621 
---
2 75 19.61752004935225 3.0 5
11 1 13 2 11 0 0.29372258127784945 
2 2 2 1 1 0 0.5538559698721611 
12 7 8 8 1 1 0.29179464854258774 
---
2 76 18.980053464939335 4.0 5
11 1 13 2 11 0 0.29372258127784945 
2 2 2 1 1 0 0.5538559698721611 
12 7 8 8 1 1 0.29179464854258774 
12 7 13 0 1 1 0.11611101260592083 
---
2 77 15.237507711289327 9.0 5
8 2 1 8 0 0 0.5413245784486038 
12 0 8 8 1 1 0.13879863374211654 
12 7 8 4 8 1 0.4485385195818945 
12 7 13 0 1 1 0.11611101260592083 
2 1 7 1 2 0 0.7957037971874382 
7 7 4 8 7 1 0.0729227075941995 
11 2 13 4 7 0 0.4019809743748919 
1 1 2 2 11 0 0.2613673715868645 
12 7 8 8 1 1 0.29179464854258774 
---
2 78 14.66173144149702 10.0 5
1 1 2 2 11 0 0.2613673715868645 
2 1 7 1 2 0 0.7957037971874382 
12 0 8 8 1 1 0.13879863374211654 
12 7 13 0 1 1 0.11611101260592083 
7 12 4 5 7 1 0.212386283204836 
7 7 4 8 7 1 0.0729227075941995 
12 7 8 4 8 1 0.4485385195818945 
12 7 8 8 1 1 0.29179464854258774 
11 2 13 4 7 0 0.4019809743748919 
8 2 1 8 0 0 0.5413245784486038 
---
2 79 13.222290767016245 15.0 5
11 0 8 8 1 1 0.07630678488739506 
11 11 2 1 11 0 0.2566221039922365 
11 1 13 2 11 0 0.29372258127784945 
8 2 1 8 0 0 0.5413245784486038 
12 0 8 8 1 1 0.13879863374211654 
7 7 11 10 7 1 0.6503143713933324 
12 7 13 0 1 1 0.11611101260592083 
12 7 8 4 8 1 0.4485385195818945 
12 7 8 8 1 1 0.29179464854258774 
1 1 2 2 11 0 0.2613673715868645 
11 2 13 4 7 0 0.4019809743748919 
7 7 1 7 8 1 0.17482753386738492 
7 7 4 8 7 1 0.0729227075941995 
2 1 7 1 2 0 0.7957037971874382 
7 12 4 5 7 1 0.212386283204836 
---
2 80 13.592432654739872 13.0 5
1 1 2 2 11 0 0.2613673715868645 
7 7 11 10 7 1 0.6503143713933324 
12 0 8 8 1 1 0.13879863374211654 
12 7 13 0 1 1 0.11611101260592083 
7 12 4 5 7 1 0.212386283204836 
7 7 4 8 7 1 0.0729227075941995 
12 7 8 8 1 1 0.29179464854258774 
11 11 2 1 11 0 0.2566221039922365 
11 2 13 4 7 0 0.4019809743748919 
7 7 1 7 8 1 0.17482753386738492 
8 2 1 8 0 0 0.5413245784486038 
12 7 8 4 8 1 0.4485385195818945 
2 1 7 1 2 0 0.7957037971874382 
