1.0 29.36458975940777 29.390018484288355 1.0 1
2.0 21.262595105901706 20.88724584103512 9.0 2
2.0 21.262595105901706 20.88724584103512 9.0 2
3.0 20.069915689903354 20.70240295748614 14.0 2
3.0 20.069915689903354 20.70240295748614 14.0 2
1.0 29.36458975940777 29.390018484288355 1.0 1
2.0 21.262595105901706 20.88724584103512 9.0 2
3.0 20.069915689903354 20.70240295748614 14.0 2
1.0 29.36458975940777 29.390018484288355 1.0 1
2.0 21.262595105901706 20.88724584103512 9.0 2
3.0 20.069915689903354 20.70240295748614 14.0 2
4.0 18.239769689492082 19.038817005545287 19.0 2
4.0 18.239769689492082 19.038817005545287 19.0 2
5.0 17.1293440263212 16.820702402957487 24.0 2
5.0 17.1293440263212 16.820702402957487 24.0 2
6.0 16.491877441908287 16.45101663585952 29.0 2
18.0 14.250462677359653 15.526802218114602 87.0 2
38.0 13.551305778326137 15.89648798521257 187.0 2
6.0 16.491877441908287 16.45101663585952 29.0 2
7.0 16.162862430598395 16.635859519408502 34.0 2
10.0 14.97018301460004 14.972273567467653 49.0 2
11.0 14.66173144149702 16.081330868761555 53.0 2
7.0 16.162862430598395 16.635859519408502 34.0 2
9.0 15.731030228254165 16.635859519408502 42.0 2
10.0 14.97018301460004 14.972273567467653 49.0 2
8.0 15.91610117211598 17.005545286506468 37.0 2
12.0 14.497223935842074 16.081330868761555 58.0 2
13.0 14.312152991980259 15.341959334565619 64.0 2
11.0 14.66173144149702 16.081330868761555 53.0 2
12.0 14.497223935842074 16.081330868761555 58.0 2
8.0 15.91610117211598 17.005545286506468 37.0 2
9.0 15.731030228254165 16.635859519408502 42.0 2
13.0 14.312152991980259 15.341959334565619 64.0 2
21.0 13.962574542463498 14.232902033271719 104.0 2
18.0 14.250462677359653 15.526802218114602 87.0 2
21.0 13.962574542463498 14.232902033271719 104.0 2
22.0 13.900884227842894 14.417744916820702 107.0 2
23.0 13.839193913222292 14.602587800369685 112.0 2
23.0 13.839193913222292 14.602587800369685 112.0 2
38.0 13.551305778326137 15.89648798521257 187.0 2
22.0 13.900884227842894 14.417744916820702 107.0 2
30.0 13.756940160394818 14.78743068391867 148.0 2
25.0 13.818630475015423 14.417744916820702 122.0 2
25.0 13.818630475015423 14.417744916820702 122.0 2
31.0 13.715813283981081 14.78743068391867 153.0 2
34.0 13.592432654739872 14.78743068391867 167.0 2
26.0 13.798067036808554 14.417744916820702 127.0 2
26.0 13.798067036808554 14.417744916820702 127.0 2
27.0 13.777503598601687 14.417744916820702 132.0 2
30.0 13.756940160394818 14.78743068391867 148.0 2
27.0 13.777503598601687 14.417744916820702 132.0 2
33.0 13.695249845774212 14.78743068391867 162.0 2
34.0 13.592432654739872 14.78743068391867 167.0 2
33.0 13.695249845774212 14.78743068391867 162.0 2
31.0 13.715813283981081 14.78743068391867 153.0 2
4.0 18.239769689492082 19.038817005545287 19.0 2
5.0 17.1293440263212 16.820702402957487 24.0 2
6.0 16.491877441908287 16.45101663585952 29.0 2
7.0 16.162862430598395 16.635859519408502 34.0 2
10.0 14.97018301460004 14.972273567467653 49.0 2
11.0 14.66173144149702 16.081330868761555 53.0 2
12.0 14.497223935842074 16.081330868761555 58.0 2
8.0 15.91610117211598 17.005545286506468 37.0 2
9.0 15.731030228254165 16.635859519408502 42.0 2
13.0 14.312152991980259 15.341959334565619 64.0 2
18.0 14.250462677359653 15.526802218114602 87.0 2
21.0 13.962574542463498 14.232902033271719 104.0 2
38.0 13.551305778326137 15.89648798521257 187.0 2
22.0 13.900884227842894 14.417744916820702 107.0 2
23.0 13.839193913222292 14.602587800369685 112.0 2
25.0 13.818630475015423 14.417744916820702 122.0 2
26.0 13.798067036808554 14.417744916820702 127.0 2
30.0 13.756940160394818 14.78743068391867 148.0 2
27.0 13.777503598601687 14.417744916820702 132.0 2
31.0 13.715813283981081 14.78743068391867 153.0 2
33.0 13.695249845774212 14.78743068391867 162.0 2
34.0 13.592432654739872 14.78743068391867 167.0 2
4.0 18.239769689492082 19.038817005545287 19.0 2
5.0 17.1293440263212 16.820702402957487 24.0 2
6.0 16.491877441908287 16.45101663585952 29.0 2
7.0 16.162862430598395 16.635859519408502 34.0 2
10.0 14.97018301460004 14.972273567467653 49.0 2
11.0 14.66173144149702 16.081330868761555 53.0 2
12.0 14.497223935842074 16.081330868761555 58.0 2
8.0 15.91610117211598 17.005545286506468 37.0 2
9.0 15.731030228254165 16.635859519408502 42.0 2
13.0 14.312152991980259 15.341959334565619 64.0 2
18.0 14.250462677359653 15.526802218114602 87.0 2
21.0 13.962574542463498 14.232902033271719 104.0 2
22.0 13.900884227842894 14.417744916820702 107.0 2
23.0 13.839193913222292 14.602587800369685 112.0 2
38.0 13.551305778326137 15.89648798521257 187.0 2
25.0 13.818630475015423 14.417744916820702 122.0 2
26.0 13.798067036808554 14.417744916820702 127.0 2
30.0 13.756940160394818 14.78743068391867 148.0 2
27.0 13.777503598601687 14.417744916820702 132.0 2
31.0 13.715813283981081 14.78743068391867 153.0 2
34.0 13.592432654739872 14.78743068391867 167.0 2
33.0 13.695249845774212 14.78743068391867 162.0 2
4.0 18.239769689492082 19.038817005545287 19.0 2
