1.0 29.35855263157895 29.814814814814817 4.0 1
36.0 13.096217105263158 14.444444444444443 174.0 2
4.0 18.75 18.333333333333332 19.0 2
4.0 18.75 18.333333333333332 19.0 2
5.0 17.454769736842106 17.962962962962965 24.0 2
5.0 17.454769736842106 17.962962962962965 24.0 2
6.0 16.570723684210524 17.59259259259259 28.0 2
6.0 16.570723684210524 17.59259259259259 28.0 2
7.0 16.036184210526315 17.40740740740741 33.0 2
7.0 16.036184210526315 17.40740740740741 33.0 2
8.0 15.481085526315788 16.85185185185185 38.0 2
8.0 15.481085526315788 16.85185185185185 38.0 2
9.0 15.337171052631579 16.85185185185185 43.0 2
9.0 15.337171052631579 16.85185185185185 43.0 2
10.0 15.069901315789474 16.48148148148148 48.0 2
12.0 14.782072368421053 16.296296296296298 58.0 2
13.0 14.494243421052634 15.74074074074074 61.0 2
13.0 14.494243421052634 15.74074074074074 61.0 2
14.0 14.309210526315788 15.74074074074074 66.0 2
14.0 14.309210526315788 15.74074074074074 66.0 2
11.0 14.884868421052634 16.48148148148148 53.0 2
12.0 14.782072368421053 16.296296296296298 58.0 2
16.0 14.268092105263158 15.555555555555555 76.0 2
10.0 15.069901315789474 16.48148148148148 48.0 2
11.0 14.884868421052634 16.48148148148148 53.0 2
17.0 14.226973684210526 15.37037037037037 81.0 2
19.0 14.021381578947366 15.37037037037037 90.0 2
22.0 13.712993421052634 15.37037037037037 105.0 2
18.0 14.165296052631579 15.37037037037037 86.0 2
20.0 13.898026315789474 15.74074074074074 95.0 2
23.0 13.486842105263158 15.0 110.0 2
18.0 14.165296052631579 15.37037037037037 86.0 2
20.0 13.898026315789474 15.74074074074074 95.0 2
19.0 14.021381578947366 15.37037037037037 90.0 2
21.0 13.856907894736842 15.555555555555555 100.0 2
16.0 14.268092105263158 15.555555555555555 76.0 2
17.0 14.226973684210526 15.37037037037037 81.0 2
23.0 13.486842105263158 15.0 110.0 2
21.0 13.856907894736842 15.555555555555555 100.0 2
35.0 13.157894736842104 14.444444444444443 170.0 2
22.0 13.712993421052634 15.37037037037037 105.0 2
26.0 13.260690789473683 14.444444444444443 125.0 2
24.0 13.322368421052634 14.629629629629628 115.0 2
28.0 13.199013157894738 14.629629629629628 135.0 2
24.0 13.322368421052634 14.629629629629628 115.0 2
26.0 13.260690789473683 14.444444444444443 125.0 2
33.0 13.178453947368421 14.444444444444443 160.0 2
28.0 13.199013157894738 14.629629629629628 135.0 2
35.0 13.157894736842104 14.444444444444443 170.0 2
33.0 13.178453947368421 14.444444444444443 160.0 2
1.0 29.35855263157895 29.814814814814817 4.0 1
36.0 13.096217105263158 14.444444444444443 174.0 2
4.0 18.75 18.333333333333332 19.0 2
5.0 17.454769736842106 17.962962962962965 24.0 2
6.0 16.570723684210524 17.59259259259259 28.0 2
7.0 16.036184210526315 17.40740740740741 33.0 2
8.0 15.481085526315788 16.85185185185185 38.0 2
9.0 15.337171052631579 16.85185185185185 43.0 2
13.0 14.494243421052634 15.74074074074074 61.0 2
14.0 14.309210526315788 15.74074074074074 66.0 2
12.0 14.782072368421053 16.296296296296298 58.0 2
10.0 15.069901315789474 16.48148148148148 48.0 2
11.0 14.884868421052634 16.48148148148148 53.0 2
20.0 13.898026315789474 15.74074074074074 95.0 2
18.0 14.165296052631579 15.37037037037037 86.0 2
19.0 14.021381578947366 15.37037037037037 90.0 2
16.0 14.268092105263158 15.555555555555555 76.0 2
17.0 14.226973684210526 15.37037037037037 81.0 2
23.0 13.486842105263158 15.0 110.0 2
21.0 13.856907894736842 15.555555555555555 100.0 2
22.0 13.712993421052634 15.37037037037037 105.0 2
26.0 13.260690789473683 14.444444444444443 125.0 2
24.0 13.322368421052634 14.629629629629628 115.0 2
28.0 13.199013157894738 14.629629629629628 135.0 2
35.0 13.157894736842104 14.444444444444443 170.0 2
33.0 13.178453947368421 14.444444444444443 160.0 2
1.0 29.35855263157895 29.814814814814817 4.0 1
36.0 13.096217105263158 14.444444444444443 174.0 2
4.0 18.75 18.333333333333332 19.0 2
5.0 17.454769736842106 17.962962962962965 24.0 2
6.0 16.570723684210524 17.59259259259259 28.0 2
7.0 16.036184210526315 17.40740740740741 33.0 2
8.0 15.481085526315788 16.85185185185185 38.0 2
9.0 15.337171052631579 16.85185185185185 43.0 2
13.0 14.494243421052634 15.74074074074074 61.0 2
14.0 14.309210526315788 15.74074074074074 66.0 2
12.0 14.782072368421053 16.296296296296298 58.0 2
10.0 15.069901315789474 16.48148148148148 48.0 2
11.0 14.884868421052634 16.48148148148148 53.0 2
20.0 13.898026315789474 15.74074074074074 95.0 2
18.0 14.165296052631579 15.37037037037037 86.0 2
19.0 14.021381578947366 15.37037037037037 90.0 2
16.0 14.268092105263158 15.555555555555555 76.0 2
17.0 14.226973684210526 15.37037037037037 81.0 2
23.0 13.486842105263158 15.0 110.0 2
21.0 13.856907894736842 15.555555555555555 100.0 2
22.0 13.712993421052634 15.37037037037037 105.0 2
26.0 13.260690789473683 14.444444444444443 125.0 2
24.0 13.322368421052634 14.629629629629628 115.0 2
28.0 13.199013157894738 14.629629629629628 135.0 2
35.0 13.157894736842104 14.444444444444443 170.0 2
33.0 13.178453947368421 14.444444444444443 160.0 2
1.0 29.35855263157895 29.814814814814817 4.0 1
36.0 13.096217105263158 14.444444444444443 174.0 2
4.0 18.75 18.333333333333332 19.0 2
5.0 17.454769736842106 17.962962962962965 24.0 2
6.0 16.570723684210524 17.59259259259259 28.0 2
7.0 16.036184210526315 17.40740740740741 33.0 2
2.0 21.032072368421055 23.14814814814815 7.0 2
3.0 20.086348684210524 21.666666666666668 12.0 2
2.0 21.032072368421055 23.14814814814815 7.0 2
3.0 20.086348684210524 21.666666666666668 12.0 2
48.0 13.013980263157896 17.59259259259259 235.0 2
48.0 13.013980263157896 17.59259259259259 235.0 2
2.0 21.032072368421055 23.14814814814815 7.0 2
3.0 20.086348684210524 21.666666666666668 12.0 2
48.0 13.013980263157896 17.59259259259259 235.0 2
2.0 21.032072368421055 23.14814814814815 7.0 2
3.0 20.086348684210524 21.666666666666668 12.0 2
