1.0 29.344026321200907 29.390018484288355 1.0 1
45.0 13.016656384947565 16.081330868761555 223.0 2
2.0 20.974706971005553 23.10536044362292 8.0 2
2.0 20.974706971005553 23.10536044362292 8.0 2
6.0 16.656384947563232 20.147874306839185 28.0 2
16.0 14.826238947151966 16.45101663585952 78.0 2
8.0 15.936664610322845 18.11460258780037 37.0 2
9.0 15.54595928439235 17.190388170055453 42.0 2
6.0 16.656384947563232 20.147874306839185 28.0 2
7.0 16.43018712728768 19.593345656192238 34.0 2
14.0 14.99074645280691 17.190388170055453 67.0 2
24.0 13.756940160394818 16.635859519408502 117.0 2
41.0 13.119473575981905 16.266173752310536 203.0 2
41.0 13.119473575981905 16.266173752310536 203.0 2
39.0 13.181163890602509 15.89648798521257 192.0 2
43.0 13.078346699568169 16.081330868761555 213.0 2
17.0 14.64116800329015 16.635859519408502 83.0 2
18.0 14.435533621221468 17.005545286506468 87.0 2
10.0 15.422578655151142 17.375231053604438 47.0 2
11.0 15.299198025909932 16.635859519408502 52.0 2
7.0 16.43018712728768 19.593345656192238 34.0 2
17.0 14.64116800329015 16.635859519408502 83.0 2
8.0 15.936664610322845 18.11460258780037 37.0 2
18.0 14.435533621221468 17.005545286506468 87.0 2
19.0 14.312152991980259 17.005545286506468 92.0 2
21.0 14.024264857084104 17.190388170055453 102.0 2
22.0 13.900884227842894 16.820702402957487 107.0 2
20.0 14.18877236273905 17.005545286506468 97.0 2
21.0 14.024264857084104 17.190388170055453 102.0 2
11.0 15.299198025909932 16.635859519408502 52.0 2
12.0 15.237507711289327 16.45101663585952 57.0 2
9.0 15.54595928439235 17.190388170055453 42.0 2
12.0 15.237507711289327 16.45101663585952 57.0 2
10.0 15.422578655151142 17.375231053604438 47.0 2
13.0 15.114127082048118 16.635859519408502 62.0 2
13.0 15.114127082048118 16.635859519408502 62.0 2
23.0 13.859757351429158 16.635859519408502 112.0 2
33.0 13.448488587291795 15.711645101663585 163.0 2
34.0 13.345671396257455 15.711645101663585 168.0 2
22.0 13.900884227842894 16.820702402957487 107.0 2
34.0 13.345671396257455 15.711645101663585 168.0 2
31.0 13.469052025498662 15.89648798521257 152.0 2
35.0 13.28398108163685 15.89648798521257 173.0 2
23.0 13.859757351429158 16.635859519408502 112.0 2
39.0 13.181163890602509 15.89648798521257 192.0 2
29.0 13.571869216533003 15.711645101663585 143.0 2
30.0 13.530742340119268 15.711645101663585 147.0 2
29.0 13.571869216533003 15.711645101663585 143.0 2
24.0 13.756940160394818 16.635859519408502 117.0 2
30.0 13.530742340119268 15.711645101663585 147.0 2
36.0 13.263417643429982 15.89648798521257 178.0 2
37.0 13.222290767016245 15.89648798521257 182.0 2
31.0 13.469052025498662 15.89648798521257 152.0 2
19.0 14.312152991980259 17.005545286506468 92.0 2
35.0 13.28398108163685 15.89648798521257 173.0 2
36.0 13.263417643429982 15.89648798521257 178.0 2
20.0 14.18877236273905 17.005545286506468 97.0 2
37.0 13.222290767016245 15.89648798521257 182.0 2
44.0 13.0577832613613 16.081330868761555 217.0 2
33.0 13.448488587291795 15.711645101663585 163.0 2
43.0 13.078346699568169 16.081330868761555 213.0 2
14.0 14.99074645280691 17.190388170055453 67.0 2
44.0 13.0577832613613 16.081330868761555 217.0 2
16.0 14.826238947151966 16.45101663585952 78.0 2
1.0 29.344026321200907 29.390018484288355 1.0 1
45.0 13.016656384947565 16.081330868761555 223.0 2
2.0 20.974706971005553 23.10536044362292 8.0 2
6.0 16.656384947563232 20.147874306839185 28.0 2
41.0 13.119473575981905 16.266173752310536 203.0 2
7.0 16.43018712728768 19.593345656192238 34.0 2
17.0 14.64116800329015 16.635859519408502 83.0 2
8.0 15.936664610322845 18.11460258780037 37.0 2
18.0 14.435533621221468 17.005545286506468 87.0 2
21.0 14.024264857084104 17.190388170055453 102.0 2
11.0 15.299198025909932 16.635859519408502 52.0 2
9.0 15.54595928439235 17.190388170055453 42.0 2
12.0 15.237507711289327 16.45101663585952 57.0 2
10.0 15.422578655151142 17.375231053604438 47.0 2
13.0 15.114127082048118 16.635859519408502 62.0 2
22.0 13.900884227842894 16.820702402957487 107.0 2
34.0 13.345671396257455 15.711645101663585 168.0 2
23.0 13.859757351429158 16.635859519408502 112.0 2
39.0 13.181163890602509 15.89648798521257 192.0 2
29.0 13.571869216533003 15.711645101663585 143.0 2
24.0 13.756940160394818 16.635859519408502 117.0 2
30.0 13.530742340119268 15.711645101663585 147.0 2
31.0 13.469052025498662 15.89648798521257 152.0 2
19.0 14.312152991980259 17.005545286506468 92.0 2
35.0 13.28398108163685 15.89648798521257 173.0 2
20.0 14.18877236273905 17.005545286506468 97.0 2
36.0 13.263417643429982 15.89648798521257 178.0 2
37.0 13.222290767016245 15.89648798521257 182.0 2
33.0 13.448488587291795 15.711645101663585 163.0 2
43.0 13.078346699568169 16.081330868761555 213.0 2
14.0 14.99074645280691 17.190388170055453 67.0 2
44.0 13.0577832613613 16.081330868761555 217.0 2
16.0 14.826238947151966 16.45101663585952 78.0 2
1.0 29.344026321200907 29.390018484288355 1.0 1
45.0 13.016656384947565 16.081330868761555 223.0 2
2.0 20.974706971005553 23.10536044362292 8.0 2
6.0 16.656384947563232 20.147874306839185 28.0 2
41.0 13.119473575981905 16.266173752310536 203.0 2
7.0 16.43018712728768 19.593345656192238 34.0 2
8.0 15.936664610322845 18.11460258780037 37.0 2
17.0 14.64116800329015 16.635859519408502 83.0 2
18.0 14.435533621221468 17.005545286506468 87.0 2
21.0 14.024264857084104 17.190388170055453 102.0 2
11.0 15.299198025909932 16.635859519408502 52.0 2
9.0 15.54595928439235 17.190388170055453 42.0 2
12.0 15.237507711289327 16.45101663585952 57.0 2
10.0 15.422578655151142 17.375231053604438 47.0 2
13.0 15.114127082048118 16.635859519408502 62.0 2
22.0 13.900884227842894 16.820702402957487 107.0 2
34.0 13.345671396257455 15.711645101663585 168.0 2
23.0 13.859757351429158 16.635859519408502 112.0 2
39.0 13.181163890602509 15.89648798521257 192.0 2
29.0 13.571869216533003 15.711645101663585 143.0 2
24.0 13.756940160394818 16.635859519408502 117.0 2
30.0 13.530742340119268 15.711645101663585 147.0 2
31.0 13.469052025498662 15.89648798521257 152.0 2
3.0 18.651038453629447 19.77818853974122 14.0 2
3.0 18.651038453629447 19.77818853974122 14.0 2
4.0 17.82850092535472 19.223659889094268 19.0 2
4.0 17.82850092535472 19.223659889094268 19.0 2
5.0 17.02652683528686 19.038817005545287 24.0 2
5.0 17.02652683528686 19.038817005545287 24.0 2
3.0 18.651038453629447 19.77818853974122 14.0 2
4.0 17.82850092535472 19.223659889094268 19.0 2
5.0 17.02652683528686 19.038817005545287 24.0 2
3.0 18.651038453629447 19.77818853974122 14.0 2
4.0 17.82850092535472 19.223659889094268 19.0 2
5.0 17.02652683528686 19.038817005545287 24.0 2
3.0 18.651038453629447 19.77818853974122 14.0 2
4.0 17.82850092535472 19.223659889094268 19.0 2
5.0 17.02652683528686 19.038817005545287 24.0 2
