2.0 21.114309210526315 21.666666666666668 10.0 2
2.0 21.114309210526315 21.666666666666668 10.0 2
3.0 18.688322368421055 19.444444444444446 15.0 2
6.0 16.365131578947366 17.962962962962965 28.0 2
8.0 15.953947368421053 16.85185185185185 38.0 2
9.0 15.625 19.074074074074073 44.0 2
6.0 16.365131578947366 17.962962962962965 28.0 2
7.0 15.974506578947366 17.77777777777778 33.0 2
3.0 18.688322368421055 19.444444444444446 15.0 2
7.0 15.974506578947366 17.77777777777778 33.0 2
8.0 15.953947368421053 16.85185185185185 38.0 2
11.0 15.172697368421053 18.703703703703702 54.0 2
9.0 15.625 19.074074074074073 44.0 2
10.0 15.439967105263158 18.88888888888889 49.0 2
10.0 15.439967105263158 18.88888888888889 49.0 2
11.0 15.172697368421053 18.703703703703702 54.0 2
2.0 21.114309210526315 21.666666666666668 10.0 2
6.0 16.365131578947366 17.962962962962965 28.0 2
3.0 18.688322368421055 19.444444444444446 15.0 2
7.0 15.974506578947366 17.77777777777778 33.0 2
8.0 15.953947368421053 16.85185185185185 38.0 2
9.0 15.625 19.074074074074073 44.0 2
10.0 15.439967105263158 18.88888888888889 49.0 2
11.0 15.172697368421053 18.703703703703702 54.0 2
1.0 29.35855263157895 29.259259259259256 1.0 1
2.0 21.114309210526315 21.666666666666668 10.0 2
6.0 16.365131578947366 17.962962962962965 28.0 2
3.0 18.688322368421055 19.444444444444446 15.0 2
7.0 15.974506578947366 17.77777777777778 33.0 2
8.0 15.953947368421053 16.85185185185185 38.0 2
9.0 15.625 19.074074074074073 44.0 2
10.0 15.439967105263158 18.88888888888889 49.0 2
11.0 15.172697368421053 18.703703703703702 54.0 2
2.0 21.114309210526315 21.666666666666668 10.0 2
4.0 17.68092105263158 19.25925925925926 20.0 2
49.0 12.561677631578947 15.555555555555555 241.0 2
49.0 12.561677631578947 15.555555555555555 241.0 2
46.0 12.664473684210526 15.555555555555555 226.0 2
4.0 17.68092105263158 19.25925925925926 20.0 2
5.0 17.29029605263158 18.703703703703702 25.0 2
32.0 13.199013157894738 16.296296296296298 157.0 2
38.0 12.993421052631579 16.11111111111111 186.0 2
28.0 13.322368421052634 16.296296296296298 139.0 2
5.0 17.29029605263158 18.703703703703702 25.0 2
40.0 12.952302631578947 16.11111111111111 195.0 2
34.0 13.075657894736842 16.296296296296298 167.0 2
13.0 15.049342105263158 18.51851851851852 65.0 2
14.0 14.802631578947366 18.51851851851852 70.0 2
13.0 15.049342105263158 18.51851851851852 65.0 2
14.0 14.802631578947366 18.51851851851852 70.0 2
15.0 14.494243421052634 17.40740740740741 75.0 2
28.0 13.322368421052634 16.296296296296298 139.0 2
15.0 14.494243421052634 17.40740740740741 75.0 2
16.0 14.309210526315788 17.037037037037038 80.0 2
16.0 14.309210526315788 17.037037037037038 80.0 2
18.0 14.185855263157896 17.59259259259259 89.0 2
19.0 13.980263157894738 17.037037037037038 94.0 2
20.0 13.836348684210526 16.666666666666664 99.0 2
18.0 14.185855263157896 17.59259259259259 89.0 2
19.0 13.980263157894738 17.037037037037038 94.0 2
20.0 13.836348684210526 16.666666666666664 99.0 2
24.0 13.548519736842104 16.48148148148148 119.0 2
25.0 13.507401315789474 16.48148148148148 124.0 2
21.0 13.774671052631579 16.666666666666664 104.0 2
21.0 13.774671052631579 16.666666666666664 104.0 2
24.0 13.548519736842104 16.48148148148148 119.0 2
22.0 13.712993421052634 16.666666666666664 107.0 2
22.0 13.712993421052634 16.666666666666664 107.0 2
42.0 12.849506578947366 16.11111111111111 206.0 2
43.0 12.767269736842104 16.11111111111111 211.0 2
34.0 13.075657894736842 16.296296296296298 167.0 2
26.0 13.363486842105262 16.296296296296298 129.0 2
33.0 13.178453947368421 16.296296296296298 162.0 2
41.0 12.890625 16.11111111111111 203.0 2
42.0 12.849506578947366 16.11111111111111 206.0 2
32.0 13.199013157894738 16.296296296296298 157.0 2
38.0 12.993421052631579 16.11111111111111 186.0 2
33.0 13.178453947368421 16.296296296296298 162.0 2
45.0 12.705592105263158 15.925925925925927 221.0 2
40.0 12.952302631578947 16.11111111111111 195.0 2
41.0 12.890625 16.11111111111111 203.0 2
45.0 12.705592105263158 15.925925925925927 221.0 2
46.0 12.664473684210526 15.555555555555555 226.0 2
25.0 13.507401315789474 16.48148148148148 124.0 2
43.0 12.767269736842104 16.11111111111111 211.0 2
26.0 13.363486842105262 16.296296296296298 129.0 2
49.0 12.561677631578947 15.555555555555555 241.0 2
4.0 17.68092105263158 19.25925925925926 20.0 2
5.0 17.29029605263158 18.703703703703702 25.0 2
13.0 15.049342105263158 18.51851851851852 65.0 2
14.0 14.802631578947366 18.51851851851852 70.0 2
28.0 13.322368421052634 16.296296296296298 139.0 2
15.0 14.494243421052634 17.40740740740741 75.0 2
16.0 14.309210526315788 17.037037037037038 80.0 2
18.0 14.185855263157896 17.59259259259259 89.0 2
19.0 13.980263157894738 17.037037037037038 94.0 2
20.0 13.836348684210526 16.666666666666664 99.0 2
21.0 13.774671052631579 16.666666666666664 104.0 2
24.0 13.548519736842104 16.48148148148148 119.0 2
22.0 13.712993421052634 16.666666666666664 107.0 2
34.0 13.075657894736842 16.296296296296298 167.0 2
42.0 12.849506578947366 16.11111111111111 206.0 2
32.0 13.199013157894738 16.296296296296298 157.0 2
38.0 12.993421052631579 16.11111111111111 186.0 2
33.0 13.178453947368421 16.296296296296298 162.0 2
45.0 12.705592105263158 15.925925925925927 221.0 2
41.0 12.890625 16.11111111111111 203.0 2
40.0 12.952302631578947 16.11111111111111 195.0 2
46.0 12.664473684210526 15.555555555555555 226.0 2
25.0 13.507401315789474 16.48148148148148 124.0 2
43.0 12.767269736842104 16.11111111111111 211.0 2
26.0 13.363486842105262 16.296296296296298 129.0 2
49.0 12.561677631578947 15.555555555555555 241.0 2
4.0 17.68092105263158 19.25925925925926 20.0 2
5.0 17.29029605263158 18.703703703703702 25.0 2
13.0 15.049342105263158 18.51851851851852 65.0 2
