1.0 29.36458975940777 29.390018484288355 2.0 1
2.0 21.385975735142914 20.51756007393715 9.0 2
2.0 21.385975735142914 20.51756007393715 9.0 2
3.0 19.987661937075877 19.963031423290204 14.0 2
40.0 13.942011104256633 13.493530499075785 195.0 2
3.0 19.987661937075877 19.963031423290204 14.0 2
6.0 17.314414970183016 15.157116451016636 29.0 2
6.0 17.314414970183016 15.157116451016636 29.0 2
8.0 16.47131400370142 15.711645101663585 39.0 2
8.0 16.47131400370142 15.711645101663585 39.0 2
9.0 15.91610117211598 15.157116451016636 44.0 2
9.0 15.91610117211598 15.157116451016636 44.0 2
10.0 15.628213037219824 15.341959334565619 49.0 2
10.0 15.628213037219824 15.341959334565619 49.0 2
11.0 15.463705531564878 15.341959334565619 53.0 2
14.0 15.114127082048118 16.45101663585952 66.0 2
11.0 15.463705531564878 15.341959334565619 53.0 2
12.0 15.237507711289327 16.081330868761555 57.0 2
23.0 14.66173144149702 14.417744916820702 111.0 2
24.0 14.600041126876414 14.78743068391867 116.0 2
14.0 15.114127082048118 16.45101663585952 66.0 2
17.0 14.908492699979437 16.081330868761555 80.0 2
15.0 15.073000205634383 15.89648798521257 71.0 2
18.0 14.785112070738226 14.232902033271719 87.0 2
12.0 15.237507711289327 16.081330868761555 57.0 2
15.0 15.073000205634383 15.89648798521257 71.0 2
21.0 14.743985194324491 14.78743068391867 101.0 2
22.0 14.702858317910755 14.417744916820702 107.0 2
16.0 14.97018301460004 16.081330868761555 76.0 2
18.0 14.785112070738226 14.232902033271719 87.0 2
21.0 14.743985194324491 14.78743068391867 101.0 2
24.0 14.600041126876414 14.78743068391867 116.0 2
25.0 14.435533621221468 13.863216266173753 122.0 2
16.0 14.97018301460004 16.081330868761555 76.0 2
32.0 14.003701418877238 12.939001848428836 156.0 2
27.0 14.250462677359653 13.308687615526802 131.0 2
33.0 13.962574542463498 12.939001848428836 161.0 2
32.0 14.003701418877238 12.939001848428836 156.0 2
17.0 14.908492699979437 16.081330868761555 80.0 2
30.0 14.08595517170471 13.863216266173753 146.0 2
27.0 14.250462677359653 13.308687615526802 131.0 2
22.0 14.702858317910755 14.417744916820702 107.0 2
25.0 14.435533621221468 13.863216266173753 122.0 2
23.0 14.66173144149702 14.417744916820702 111.0 2
30.0 14.08595517170471 13.863216266173753 146.0 2
40.0 13.942011104256633 13.493530499075785 195.0 2
33.0 13.962574542463498 12.939001848428836 161.0 2
1.0 29.36458975940777 29.390018484288355 2.0 1
2.0 21.385975735142914 20.51756007393715 9.0 2
3.0 19.987661937075877 19.963031423290204 14.0 2
6.0 17.314414970183016 15.157116451016636 29.0 2
8.0 16.47131400370142 15.711645101663585 39.0 2
9.0 15.91610117211598 15.157116451016636 44.0 2
10.0 15.628213037219824 15.341959334565619 49.0 2
11.0 15.463705531564878 15.341959334565619 53.0 2
14.0 15.114127082048118 16.45101663585952 66.0 2
12.0 15.237507711289327 16.081330868761555 57.0 2
15.0 15.073000205634383 15.89648798521257 71.0 2
18.0 14.785112070738226 14.232902033271719 87.0 2
21.0 14.743985194324491 14.78743068391867 101.0 2
24.0 14.600041126876414 14.78743068391867 116.0 2
16.0 14.97018301460004 16.081330868761555 76.0 2
32.0 14.003701418877238 12.939001848428836 156.0 2
17.0 14.908492699979437 16.081330868761555 80.0 2
27.0 14.250462677359653 13.308687615526802 131.0 2
22.0 14.702858317910755 14.417744916820702 107.0 2
25.0 14.435533621221468 13.863216266173753 122.0 2
30.0 14.08595517170471 13.863216266173753 146.0 2
23.0 14.66173144149702 14.417744916820702 111.0 2
40.0 13.942011104256633 13.493530499075785 195.0 2
33.0 13.962574542463498 12.939001848428836 161.0 2
1.0 29.36458975940777 29.390018484288355 2.0 1
2.0 21.385975735142914 20.51756007393715 9.0 2
3.0 19.987661937075877 19.963031423290204 14.0 2
6.0 17.314414970183016 15.157116451016636 29.0 2
8.0 16.47131400370142 15.711645101663585 39.0 2
9.0 15.91610117211598 15.157116451016636 44.0 2
10.0 15.628213037219824 15.341959334565619 49.0 2
11.0 15.463705531564878 15.341959334565619 53.0 2
14.0 15.114127082048118 16.45101663585952 66.0 2
12.0 15.237507711289327 16.081330868761555 57.0 2
15.0 15.073000205634383 15.89648798521257 71.0 2
18.0 14.785112070738226 14.232902033271719 87.0 2
21.0 14.743985194324491 14.78743068391867 101.0 2
24.0 14.600041126876414 14.78743068391867 116.0 2
16.0 14.97018301460004 16.081330868761555 76.0 2
32.0 14.003701418877238 12.939001848428836 156.0 2
17.0 14.908492699979437 16.081330868761555 80.0 2
2.0 21.385975735142914 19.77818853974122 8.0 2
4.0 19.309068476249227 21.811460258780038 18.0 2
4.0 19.309068476249227 21.811460258780038 18.0 2
5.0 18.178079374871476 16.45101663585952 23.0 2
5.0 18.178079374871476 16.45101663585952 23.0 2
2.0 21.385975735142914 19.77818853974122 8.0 2
7.0 16.94427308245939 16.081330868761555 33.0 2
7.0 16.94427308245939 16.081330868761555 33.0 2
4.0 19.309068476249227 21.811460258780038 18.0 2
5.0 18.178079374871476 16.45101663585952 23.0 2
2.0 21.385975735142914 19.77818853974122 8.0 2
7.0 16.94427308245939 16.081330868761555 33.0 2
4.0 19.309068476249227 21.811460258780038 18.0 2
5.0 18.178079374871476 16.45101663585952 23.0 2
2.0 21.385975735142914 19.77818853974122 8.0 2
7.0 16.94427308245939 16.081330868761555 33.0 2
4.0 19.309068476249227 21.811460258780038 18.0 2
5.0 18.178079374871476 16.45101663585952 23.0 2
2.0 21.385975735142914 19.77818853974122 8.0 2
7.0 16.94427308245939 16.081330868761555 33.0 2
