1.0 29.35855263157895 29.444444444444446 3.0 1
3.0 20.435855263157894 19.62962962962963 14.0 2
3.0 20.435855263157894 19.62962962962963 14.0 2
1.0 29.35855263157895 29.444444444444446 3.0 1
3.0 20.435855263157894 19.62962962962963 14.0 2
1.0 29.35855263157895 29.444444444444446 3.0 1
3.0 20.435855263157894 19.62962962962963 14.0 2
1.0 29.35855263157895 29.444444444444446 3.0 1
2.0 21.237664473684212 19.074074074074073 8.0 2
4.0 18.976151315789476 20.555555555555554 18.0 2
4.0 18.976151315789476 20.555555555555554 18.0 2
5.0 17.146381578947366 18.333333333333332 22.0 2
5.0 17.146381578947366 18.333333333333332 22.0 2
6.0 16.180098684210524 15.37037037037037 27.0 2
2.0 21.237664473684212 19.074074074074073 8.0 2
6.0 16.180098684210524 15.37037037037037 27.0 2
7.0 15.542763157894738 15.0 32.0 2
7.0 15.542763157894738 15.0 32.0 2
8.0 15.008223684210526 14.629629629629628 37.0 2
8.0 15.008223684210526 14.629629629629628 37.0 2
9.0 14.617598684210526 14.074074074074074 42.0 2
10.0 14.597039473684212 13.518518518518519 47.0 2
11.0 14.412006578947366 13.703703703703704 52.0 2
9.0 14.617598684210526 14.074074074074074 42.0 2
10.0 14.597039473684212 13.518518518518519 47.0 2
11.0 14.412006578947366 13.703703703703704 52.0 2
12.0 14.288651315789474 13.703703703703704 57.0 2
12.0 14.288651315789474 13.703703703703704 57.0 2
13.0 14.206414473684212 13.88888888888889 62.0 2
14.0 14.185855263157896 13.88888888888889 67.0 2
15.0 14.083059210526317 14.074074074074074 72.0 2
15.0 14.083059210526317 14.074074074074074 72.0 2
16.0 13.939144736842104 13.88888888888889 77.0 2
16.0 13.939144736842104 13.88888888888889 77.0 2
17.0 13.898026315789474 13.88888888888889 82.0 2
13.0 14.206414473684212 13.88888888888889 62.0 2
14.0 14.185855263157896 13.88888888888889 67.0 2
20.0 13.856907894736842 13.703703703703704 97.0 2
17.0 13.898026315789474 13.88888888888889 82.0 2
29.0 13.425164473684212 13.703703703703704 140.0 2
22.0 13.795230263157896 13.703703703703704 106.0 2
20.0 13.856907894736842 13.703703703703704 97.0 2
28.0 13.486842105263158 13.703703703703704 135.0 2
25.0 13.569078947368421 13.88888888888889 120.0 2
29.0 13.425164473684212 13.703703703703704 140.0 2
21.0 13.815789473684212 13.703703703703704 101.0 2
21.0 13.815789473684212 13.703703703703704 101.0 2
28.0 13.486842105263158 13.703703703703704 135.0 2
25.0 13.569078947368421 13.88888888888889 120.0 2
22.0 13.795230263157896 13.703703703703704 106.0 2
4.0 18.976151315789476 20.555555555555554 18.0 2
5.0 17.146381578947366 18.333333333333332 22.0 2
2.0 21.237664473684212 19.074074074074073 8.0 2
6.0 16.180098684210524 15.37037037037037 27.0 2
7.0 15.542763157894738 15.0 32.0 2
8.0 15.008223684210526 14.629629629629628 37.0 2
9.0 14.617598684210526 14.074074074074074 42.0 2
10.0 14.597039473684212 13.518518518518519 47.0 2
11.0 14.412006578947366 13.703703703703704 52.0 2
12.0 14.288651315789474 13.703703703703704 57.0 2
15.0 14.083059210526317 14.074074074074074 72.0 2
16.0 13.939144736842104 13.88888888888889 77.0 2
13.0 14.206414473684212 13.88888888888889 62.0 2
14.0 14.185855263157896 13.88888888888889 67.0 2
17.0 13.898026315789474 13.88888888888889 82.0 2
20.0 13.856907894736842 13.703703703703704 97.0 2
29.0 13.425164473684212 13.703703703703704 140.0 2
21.0 13.815789473684212 13.703703703703704 101.0 2
25.0 13.569078947368421 13.88888888888889 120.0 2
22.0 13.795230263157896 13.703703703703704 106.0 2
28.0 13.486842105263158 13.703703703703704 135.0 2
4.0 18.976151315789476 20.555555555555554 18.0 2
5.0 17.146381578947366 18.333333333333332 22.0 2
2.0 21.237664473684212 19.074074074074073 8.0 2
6.0 16.180098684210524 15.37037037037037 27.0 2
7.0 15.542763157894738 15.0 32.0 2
8.0 15.008223684210526 14.629629629629628 37.0 2
9.0 14.617598684210526 14.074074074074074 42.0 2
10.0 14.597039473684212 13.518518518518519 47.0 2
11.0 14.412006578947366 13.703703703703704 52.0 2
12.0 14.288651315789474 13.703703703703704 57.0 2
15.0 14.083059210526317 14.074074074074074 72.0 2
16.0 13.939144736842104 13.88888888888889 77.0 2
13.0 14.206414473684212 13.88888888888889 62.0 2
14.0 14.185855263157896 13.88888888888889 67.0 2
17.0 13.898026315789474 13.88888888888889 82.0 2
20.0 13.856907894736842 13.703703703703704 97.0 2
29.0 13.425164473684212 13.703703703703704 140.0 2
21.0 13.815789473684212 13.703703703703704 101.0 2
22.0 13.795230263157896 13.703703703703704 106.0 2
25.0 13.569078947368421 13.88888888888889 120.0 2
28.0 13.486842105263158 13.703703703703704 135.0 2
4.0 18.976151315789476 20.555555555555554 18.0 2
5.0 17.146381578947366 18.333333333333332 22.0 2
2.0 21.237664473684212 19.074074074074073 8.0 2
6.0 16.180098684210524 15.37037037037037 27.0 2
7.0 15.542763157894738 15.0 32.0 2
8.0 15.008223684210526 14.629629629629628 37.0 2
9.0 14.617598684210526 14.074074074074074 42.0 2
10.0 14.597039473684212 13.518518518518519 47.0 2
11.0 14.412006578947366 13.703703703703704 52.0 2
12.0 14.288651315789474 13.703703703703704 57.0 2
15.0 14.083059210526317 14.074074074074074 72.0 2
16.0 13.939144736842104 13.88888888888889 77.0 2
13.0 14.206414473684212 13.88888888888889 62.0 2
14.0 14.185855263157896 13.88888888888889 67.0 2
17.0 13.898026315789474 13.88888888888889 82.0 2
20.0 13.856907894736842 13.703703703703704 97.0 2
29.0 13.425164473684212 13.703703703703704 140.0 2
21.0 13.815789473684212 13.703703703703704 101.0 2
