2.0 20.707382274316267 20.88724584103512 9.0 2
6.0 16.738638700390705 17.190388170055453 27.0 2
47.0 12.523133867982727 15.341959334565619 228.0 2
2.0 20.707382274316267 20.88724584103512 9.0 2
3.0 20.049352251696483 20.70240295748614 14.0 2
6.0 16.738638700390705 17.190388170055453 27.0 2
3.0 20.049352251696483 20.70240295748614 14.0 2
7.0 16.060045239564054 17.005545286506468 31.0 2
7.0 16.060045239564054 17.005545286506468 31.0 2
8.0 15.7721571046679 16.081330868761555 35.0 2
9.0 15.566522722599219 15.341959334565619 41.0 2
42.0 12.646514497223935 15.341959334565619 203.0 2
47.0 12.523133867982727 15.341959334565619 228.0 2
40.0 12.687641373637673 15.341959334565619 193.0 2
12.0 15.278634587703063 16.266173752310536 54.0 2
13.0 14.929056138186306 15.711645101663585 59.0 2
8.0 15.7721571046679 16.081330868761555 35.0 2
9.0 15.566522722599219 15.341959334565619 41.0 2
11.0 15.504832407978613 16.266173752310536 50.0 2
12.0 15.278634587703063 16.266173752310536 54.0 2
11.0 15.504832407978613 16.266173752310536 50.0 2
13.0 14.929056138186306 15.711645101663585 59.0 2
14.0 14.723421756117622 15.526802218114602 64.0 2
14.0 14.723421756117622 15.526802218114602 64.0 2
15.0 14.620604565083282 15.341959334565619 68.0 2
17.0 14.39440674480773 15.341959334565619 78.0 2
18.0 14.18877236273905 15.526802218114602 82.0 2
15.0 14.620604565083282 15.341959334565619 68.0 2
18.0 14.18877236273905 15.526802218114602 82.0 2
16.0 14.476660497635205 15.341959334565619 73.0 2
19.0 13.880320789636027 15.526802218114602 87.0 2
16.0 14.476660497635205 15.341959334565619 73.0 2
21.0 13.736376722187948 15.157116451016636 98.0 2
17.0 14.39440674480773 15.341959334565619 78.0 2
22.0 13.674686407567346 14.972273567467653 103.0 2
20.0 13.859757351429158 15.526802218114602 93.0 2
25.0 13.242854205223114 14.78743068391867 119.0 2
21.0 13.736376722187948 15.157116451016636 98.0 2
24.0 13.345671396257455 14.602587800369685 114.0 2
26.0 13.16060045239564 14.78743068391867 124.0 2
24.0 13.345671396257455 14.602587800369685 114.0 2
25.0 13.242854205223114 14.78743068391867 119.0 2
31.0 13.098910137775036 15.711645101663585 148.0 2
19.0 13.880320789636027 15.526802218114602 87.0 2
32.0 12.95496607032696 15.157116451016636 154.0 2
35.0 12.852148879292619 15.157116451016636 169.0 2
38.0 12.81102200287888 15.341959334565619 183.0 2
20.0 13.859757351429158 15.526802218114602 93.0 2
37.0 12.83158544108575 15.341959334565619 178.0 2
33.0 12.872712317499484 14.972273567467653 159.0 2
39.0 12.769895126465144 15.341959334565619 188.0 2
22.0 13.674686407567346 14.972273567467653 103.0 2
23.0 13.592432654739872 15.157116451016636 108.0 2
40.0 12.687641373637673 15.341959334565619 193.0 2
26.0 13.16060045239564 14.78743068391867 124.0 2
37.0 12.83158544108575 15.341959334565619 178.0 2
35.0 12.852148879292619 15.157116451016636 169.0 2
38.0 12.81102200287888 15.341959334565619 183.0 2
42.0 12.646514497223935 15.341959334565619 203.0 2
31.0 13.098910137775036 15.711645101663585 148.0 2
33.0 12.872712317499484 14.972273567467653 159.0 2
39.0 12.769895126465144 15.341959334565619 188.0 2
32.0 12.95496607032696 15.157116451016636 154.0 2
2.0 20.707382274316267 20.88724584103512 9.0 2
6.0 16.738638700390705 17.190388170055453 27.0 2
3.0 20.049352251696483 20.70240295748614 14.0 2
7.0 16.060045239564054 17.005545286506468 31.0 2
47.0 12.523133867982727 15.341959334565619 228.0 2
8.0 15.7721571046679 16.081330868761555 35.0 2
9.0 15.566522722599219 15.341959334565619 41.0 2
12.0 15.278634587703063 16.266173752310536 54.0 2
11.0 15.504832407978613 16.266173752310536 50.0 2
13.0 14.929056138186306 15.711645101663585 59.0 2
14.0 14.723421756117622 15.526802218114602 64.0 2
15.0 14.620604565083282 15.341959334565619 68.0 2
18.0 14.18877236273905 15.526802218114602 82.0 2
16.0 14.476660497635205 15.341959334565619 73.0 2
17.0 14.39440674480773 15.341959334565619 78.0 2
21.0 13.736376722187948 15.157116451016636 98.0 2
24.0 13.345671396257455 14.602587800369685 114.0 2
25.0 13.242854205223114 14.78743068391867 119.0 2
19.0 13.880320789636027 15.526802218114602 87.0 2
20.0 13.859757351429158 15.526802218114602 93.0 2
22.0 13.674686407567346 14.972273567467653 103.0 2
23.0 13.592432654739872 15.157116451016636 108.0 2
40.0 12.687641373637673 15.341959334565619 193.0 2
26.0 13.16060045239564 14.78743068391867 124.0 2
37.0 12.83158544108575 15.341959334565619 178.0 2
38.0 12.81102200287888 15.341959334565619 183.0 2
42.0 12.646514497223935 15.341959334565619 203.0 2
35.0 12.852148879292619 15.157116451016636 169.0 2
31.0 13.098910137775036 15.711645101663585 148.0 2
33.0 12.872712317499484 14.972273567467653 159.0 2
39.0 12.769895126465144 15.341959334565619 188.0 2
32.0 12.95496607032696 15.157116451016636 154.0 2
2.0 20.707382274316267 20.88724584103512 9.0 2
6.0 16.738638700390705 17.190388170055453 27.0 2
3.0 20.049352251696483 20.70240295748614 14.0 2
7.0 16.060045239564054 17.005545286506468 31.0 2
47.0 12.523133867982727 15.341959334565619 228.0 2
8.0 15.7721571046679 16.081330868761555 35.0 2
9.0 15.566522722599219 15.341959334565619 41.0 2
12.0 15.278634587703063 16.266173752310536 54.0 2
4.0 18.486530947974504 19.223659889094268 20.0 2
4.0 18.486530947974504 19.223659889094268 20.0 2
5.0 17.725683734320377 19.593345656192238 25.0 2
5.0 17.725683734320377 19.593345656192238 25.0 2
4.0 18.486530947974504 19.223659889094268 20.0 2
5.0 17.725683734320377 19.593345656192238 25.0 2
1.0 29.344026321200907 29.57486136783734 4.0 1
4.0 18.486530947974504 19.223659889094268 20.0 2
5.0 17.725683734320377 19.593345656192238 25.0 2
