1.0 29.379111842105267 29.259259259259256 4.0 1
57.0 12.870065789473683 14.25925925925926 277.0 2
2.0 21.443256578947366 24.074074074074073 9.0 2
49.0 12.952302631578947 14.074074074074074 239.0 2
2.0 21.443256578947366 24.074074074074073 9.0 2
33.0 13.363486842105262 14.444444444444443 162.0 2
35.0 13.322368421052634 14.444444444444443 171.0 2
33.0 13.363486842105262 14.444444444444443 162.0 2
31.0 13.425164473684212 14.444444444444443 153.0 2
47.0 13.013980263157896 14.074074074074074 230.0 2
41.0 13.219572368421053 14.25925925925926 199.0 2
45.0 13.034539473684212 14.074074074074074 220.0 2
43.0 13.075657894736842 14.074074074074074 210.0 2
45.0 13.034539473684212 14.074074074074074 220.0 2
31.0 13.425164473684212 14.444444444444443 153.0 2
28.0 13.610197368421053 15.185185185185185 138.0 2
28.0 13.610197368421053 15.185185185185185 138.0 2
30.0 13.527960526315788 15.185185185185185 147.0 2
35.0 13.322368421052634 14.444444444444443 171.0 2
29.0 13.569078947368421 15.185185185185185 142.0 2
48.0 12.972861842105262 14.074074074074074 235.0 2
49.0 12.952302631578947 14.074074074074074 239.0 2
43.0 13.075657894736842 14.074074074074074 210.0 2
42.0 13.199013157894738 14.25925925925926 204.0 2
42.0 13.199013157894738 14.25925925925926 204.0 2
29.0 13.569078947368421 15.185185185185185 142.0 2
48.0 12.972861842105262 14.074074074074074 235.0 2
47.0 13.013980263157896 14.074074074074074 230.0 2
41.0 13.219572368421053 14.25925925925926 199.0 2
30.0 13.527960526315788 15.185185185185185 147.0 2
1.0 29.379111842105267 29.259259259259256 3.0 1
57.0 12.870065789473683 14.25925925925926 277.0 2
2.0 21.443256578947366 24.074074074074073 9.0 2
33.0 13.363486842105262 14.444444444444443 162.0 2
45.0 13.034539473684212 14.074074074074074 220.0 2
31.0 13.425164473684212 14.444444444444443 153.0 2
28.0 13.610197368421053 15.185185185185185 138.0 2
35.0 13.322368421052634 14.444444444444443 171.0 2
49.0 12.952302631578947 14.074074074074074 239.0 2
43.0 13.075657894736842 14.074074074074074 210.0 2
42.0 13.199013157894738 14.25925925925926 204.0 2
29.0 13.569078947368421 15.185185185185185 142.0 2
48.0 12.972861842105262 14.074074074074074 235.0 2
47.0 13.013980263157896 14.074074074074074 230.0 2
30.0 13.527960526315788 15.185185185185185 147.0 2
41.0 13.219572368421053 14.25925925925926 199.0 2
1.0 29.379111842105267 29.259259259259256 4.0 1
57.0 12.870065789473683 14.25925925925926 277.0 2
2.0 21.443256578947366 24.074074074074073 9.0 2
33.0 13.363486842105262 14.444444444444443 162.0 2
45.0 13.034539473684212 14.074074074074074 220.0 2
3.0 20.065789473684212 22.59259259259259 13.0 2
4.0 18.503289473684212 18.14814814814815 20.0 2
3.0 20.065789473684212 22.59259259259259 13.0 2
4.0 18.503289473684212 18.14814814814815 20.0 2
5.0 17.763157894736842 18.51851851851852 25.0 2
5.0 17.763157894736842 18.51851851851852 25.0 2
6.0 17.002467105263158 19.25925925925926 30.0 2
6.0 17.002467105263158 19.25925925925926 30.0 2
7.0 16.30345394736842 18.14814814814815 35.0 2
7.0 16.30345394736842 18.14814814814815 35.0 2
8.0 16.11842105263158 18.14814814814815 40.0 2
8.0 16.11842105263158 18.14814814814815 40.0 2
9.0 15.830592105263158 16.666666666666664 44.0 2
9.0 15.830592105263158 16.666666666666664 44.0 2
10.0 15.501644736842104 16.296296296296298 49.0 2
10.0 15.501644736842104 16.296296296296298 49.0 2
11.0 15.213815789473683 16.296296296296298 54.0 2
11.0 15.213815789473683 16.296296296296298 54.0 2
17.0 14.370888157894738 14.814814814814813 83.0 2
18.0 14.268092105263158 14.444444444444443 88.0 2
12.0 14.987664473684212 16.11111111111111 59.0 2
13.0 14.761513157894738 16.296296296296298 64.0 2
14.0 14.617598684210526 16.11111111111111 69.0 2
18.0 14.268092105263158 14.444444444444443 88.0 2
12.0 14.987664473684212 16.11111111111111 59.0 2
23.0 13.774671052631579 14.444444444444443 114.0 2
13.0 14.761513157894738 16.296296296296298 64.0 2
19.0 14.103618421052634 14.629629629629628 93.0 2
19.0 14.103618421052634 14.629629629629628 93.0 2
17.0 14.370888157894738 14.814814814814813 83.0 2
20.0 13.918585526315788 14.444444444444443 99.0 2
20.0 13.918585526315788 14.444444444444443 99.0 2
21.0 13.898026315789474 14.25925925925926 104.0 2
21.0 13.898026315789474 14.25925925925926 104.0 2
26.0 13.651315789473683 14.074074074074074 129.0 2
14.0 14.617598684210526 16.11111111111111 69.0 2
23.0 13.774671052631579 14.444444444444443 114.0 2
24.0 13.733552631578947 14.25925925925926 119.0 2
26.0 13.651315789473683 14.074074074074074 129.0 2
24.0 13.733552631578947 14.25925925925926 119.0 2
3.0 20.065789473684212 22.59259259259259 13.0 2
4.0 18.503289473684212 18.14814814814815 20.0 2
5.0 17.763157894736842 18.51851851851852 25.0 2
6.0 17.002467105263158 19.25925925925926 30.0 2
7.0 16.30345394736842 18.14814814814815 35.0 2
8.0 16.11842105263158 18.14814814814815 40.0 2
9.0 15.830592105263158 16.666666666666664 44.0 2
10.0 15.501644736842104 16.296296296296298 49.0 2
11.0 15.213815789473683 16.296296296296298 54.0 2
12.0 14.987664473684212 16.11111111111111 59.0 2
18.0 14.268092105263158 14.444444444444443 88.0 2
13.0 14.761513157894738 16.296296296296298 64.0 2
19.0 14.103618421052634 14.629629629629628 93.0 2
17.0 14.370888157894738 14.814814814814813 83.0 2
20.0 13.918585526315788 14.444444444444443 99.0 2
21.0 13.898026315789474 14.25925925925926 104.0 2
14.0 14.617598684210526 16.11111111111111 69.0 2
23.0 13.774671052631579 14.444444444444443 114.0 2
26.0 13.651315789473683 14.074074074074074 129.0 2
24.0 13.733552631578947 14.25925925925926 119.0 2
3.0 20.065789473684212 22.59259259259259 13.0 2
4.0 18.503289473684212 18.14814814814815 20.0 2
5.0 17.763157894736842 18.51851851851852 25.0 2
6.0 17.002467105263158 19.25925925925926 30.0 2
7.0 16.30345394736842 18.14814814814815 35.0 2
8.0 16.11842105263158 18.14814814814815 40.0 2
9.0 15.830592105263158 16.666666666666664 44.0 2
10.0 15.501644736842104 16.296296296296298 49.0 2
11.0 15.213815789473683 16.296296296296298 54.0 2
12.0 14.987664473684212 16.11111111111111 59.0 2
18.0 14.268092105263158 14.444444444444443 88.0 2
13.0 14.761513157894738 16.296296296296298 64.0 2
19.0 14.103618421052634 14.629629629629628 93.0 2
17.0 14.370888157894738 14.814814814814813 83.0 2
20.0 13.918585526315788 14.444444444444443 99.0 2
21.0 13.898026315789474 14.25925925925926 104.0 2
