1.0 29.35855263157895 29.444444444444446 2.0 1
2.0 21.237664473684212 24.814814814814813 8.0 2
2.0 21.237664473684212 24.814814814814813 8.0 2
3.0 19.449013157894736 21.48148148148148 13.0 2
3.0 19.449013157894736 21.48148148148148 13.0 2
1.0 29.35855263157895 29.444444444444446 2.0 1
2.0 21.237664473684212 24.814814814814813 8.0 2
3.0 19.449013157894736 21.48148148148148 13.0 2
1.0 29.35855263157895 29.444444444444446 2.0 1
2.0 21.237664473684212 24.814814814814813 8.0 2
3.0 19.449013157894736 21.48148148148148 13.0 2
1.0 29.35855263157895 29.444444444444446 2.0 1
2.0 21.237664473684212 24.814814814814813 8.0 2
3.0 19.449013157894736 21.48148148148148 13.0 2
4.0 18.030427631578945 19.444444444444446 20.0 2
4.0 18.030427631578945 19.444444444444446 20.0 2
5.0 17.310855263157894 20.37037037037037 25.0 2
5.0 17.310855263157894 20.37037037037037 25.0 2
6.0 16.796875 19.25925925925926 30.0 2
6.0 16.796875 19.25925925925926 30.0 2
7.0 16.447368421052634 19.25925925925926 35.0 2
31.0 13.363486842105262 16.296296296296298 154.0 2
34.0 13.28125 16.296296296296298 169.0 2
34.0 13.28125 16.296296296296298 169.0 2
29.0 13.425164473684212 16.48148148148148 144.0 2
39.0 13.240131578947366 16.48148148148148 194.0 2
7.0 16.447368421052634 19.25925925925926 35.0 2
8.0 15.974506578947366 18.88888888888889 40.0 2
8.0 15.974506578947366 18.88888888888889 40.0 2
9.0 15.686677631578947 19.814814814814817 44.0 2
10.0 15.419407894736842 19.25925925925926 49.0 2
11.0 15.131578947368421 19.25925925925926 54.0 2
14.0 14.638157894736842 18.88888888888889 69.0 2
9.0 15.686677631578947 19.814814814814817 44.0 2
11.0 15.131578947368421 19.25925925925926 54.0 2
10.0 15.419407894736842 19.25925925925926 49.0 2
12.0 14.864309210526317 18.703703703703702 59.0 2
12.0 14.864309210526317 18.703703703703702 59.0 2
19.0 14.288651315789474 17.59259259259259 94.0 2
15.0 14.576480263157896 19.074074074074073 74.0 2
19.0 14.288651315789474 17.59259259259259 94.0 2
20.0 14.226973684210526 17.59259259259259 99.0 2
22.0 13.898026315789474 17.037037037037038 110.0 2
23.0 13.795230263157896 16.666666666666664 114.0 2
14.0 14.638157894736842 18.88888888888889 69.0 2
27.0 13.466282894736842 16.48148148148148 134.0 2
15.0 14.576480263157896 19.074074074074073 74.0 2
29.0 13.425164473684212 16.48148148148148 144.0 2
20.0 14.226973684210526 17.59259259259259 99.0 2
23.0 13.795230263157896 16.666666666666664 114.0 2
31.0 13.363486842105262 16.296296296296298 154.0 2
24.0 13.712993421052634 16.296296296296298 119.0 2
21.0 14.185855263157896 17.59259259259259 104.0 2
21.0 14.185855263157896 17.59259259259259 104.0 2
24.0 13.712993421052634 16.296296296296298 119.0 2
22.0 13.898026315789474 17.037037037037038 110.0 2
25.0 13.651315789473683 16.48148148148148 124.0 2
27.0 13.466282894736842 16.48148148148148 134.0 2
25.0 13.651315789473683 16.48148148148148 124.0 2
28.0 13.445723684210526 16.48148148148148 139.0 2
28.0 13.445723684210526 16.48148148148148 139.0 2
39.0 13.240131578947366 16.48148148148148 194.0 2
4.0 18.030427631578945 19.444444444444446 20.0 2
5.0 17.310855263157894 20.37037037037037 25.0 2
6.0 16.796875 19.25925925925926 30.0 2
34.0 13.28125 16.296296296296298 169.0 2
7.0 16.447368421052634 19.25925925925926 35.0 2
8.0 15.974506578947366 18.88888888888889 40.0 2
9.0 15.686677631578947 19.814814814814817 44.0 2
11.0 15.131578947368421 19.25925925925926 54.0 2
10.0 15.419407894736842 19.25925925925926 49.0 2
12.0 14.864309210526317 18.703703703703702 59.0 2
19.0 14.288651315789474 17.59259259259259 94.0 2
14.0 14.638157894736842 18.88888888888889 69.0 2
15.0 14.576480263157896 19.074074074074073 74.0 2
29.0 13.425164473684212 16.48148148148148 144.0 2
20.0 14.226973684210526 17.59259259259259 99.0 2
23.0 13.795230263157896 16.666666666666664 114.0 2
31.0 13.363486842105262 16.296296296296298 154.0 2
24.0 13.712993421052634 16.296296296296298 119.0 2
21.0 14.185855263157896 17.59259259259259 104.0 2
22.0 13.898026315789474 17.037037037037038 110.0 2
27.0 13.466282894736842 16.48148148148148 134.0 2
25.0 13.651315789473683 16.48148148148148 124.0 2
28.0 13.445723684210526 16.48148148148148 139.0 2
39.0 13.240131578947366 16.48148148148148 194.0 2
4.0 18.030427631578945 19.444444444444446 20.0 2
5.0 17.310855263157894 20.37037037037037 25.0 2
6.0 16.796875 19.25925925925926 30.0 2
34.0 13.28125 16.296296296296298 169.0 2
7.0 16.447368421052634 19.25925925925926 35.0 2
8.0 15.974506578947366 18.88888888888889 40.0 2
9.0 15.686677631578947 19.814814814814817 44.0 2
11.0 15.131578947368421 19.25925925925926 54.0 2
10.0 15.419407894736842 19.25925925925926 49.0 2
12.0 14.864309210526317 18.703703703703702 59.0 2
19.0 14.288651315789474 17.59259259259259 94.0 2
14.0 14.638157894736842 18.88888888888889 69.0 2
15.0 14.576480263157896 19.074074074074073 74.0 2
29.0 13.425164473684212 16.48148148148148 144.0 2
20.0 14.226973684210526 17.59259259259259 99.0 2
23.0 13.795230263157896 16.666666666666664 114.0 2
31.0 13.363486842105262 16.296296296296298 154.0 2
21.0 14.185855263157896 17.59259259259259 104.0 2
24.0 13.712993421052634 16.296296296296298 119.0 2
22.0 13.898026315789474 17.037037037037038 110.0 2
27.0 13.466282894736842 16.48148148148148 134.0 2
25.0 13.651315789473683 16.48148148148148 124.0 2
28.0 13.445723684210526 16.48148148148148 139.0 2
39.0 13.240131578947366 16.48148148148148 194.0 2
