3.0 19.880756578947366 20.555555555555554 13.0 2
3.0 19.880756578947366 20.555555555555554 13.0 2
7.0 17.002467105263158 18.333333333333332 33.0 2
11.0 15.645559210526317 18.333333333333332 53.0 2
12.0 14.905427631578947 15.185185185185185 57.0 2
7.0 17.002467105263158 18.333333333333332 33.0 2
10.0 15.748355263157896 18.14814814814815 48.0 2
12.0 14.905427631578947 15.185185185185185 57.0 2
13.0 14.699835526315788 14.629629629629628 62.0 2
13.0 14.699835526315788 14.629629629629628 62.0 2
15.0 14.494243421052634 15.555555555555555 72.0 2
15.0 14.494243421052634 15.555555555555555 72.0 2
16.0 14.103618421052634 15.185185185185185 77.0 2
16.0 14.103618421052634 15.185185185185185 77.0 2
17.0 14.000822368421053 15.0 82.0 2
17.0 14.000822368421053 15.0 82.0 2
18.0 13.774671052631579 15.37037037037037 87.0 2
19.0 13.671875 15.555555555555555 92.0 2
20.0 13.569078947368421 15.74074074074074 97.0 2
10.0 15.748355263157896 18.14814814814815 48.0 2
11.0 15.645559210526317 18.333333333333332 53.0 2
18.0 13.774671052631579 15.37037037037037 87.0 2
19.0 13.671875 15.555555555555555 92.0 2
20.0 13.569078947368421 15.74074074074074 97.0 2
28.0 13.096217105263158 15.0 137.0 2
25.0 13.219572368421053 15.37037037037037 122.0 2
29.0 12.931743421052634 15.0 142.0 2
22.0 13.384046052631579 15.74074074074074 107.0 2
27.0 13.116776315789474 14.814814814814813 132.0 2
31.0 12.870065789473683 15.37037037037037 152.0 2
22.0 13.384046052631579 15.74074074074074 107.0 2
23.0 13.301809210526317 16.11111111111111 112.0 2
25.0 13.219572368421053 15.37037037037037 122.0 2
27.0 13.116776315789474 14.814814814814813 132.0 2
32.0 12.746710526315788 15.185185185185185 157.0 2
28.0 13.096217105263158 15.0 137.0 2
31.0 12.870065789473683 15.37037037037037 152.0 2
32.0 12.746710526315788 15.185185185185185 157.0 2
29.0 12.931743421052634 15.0 142.0 2
23.0 13.301809210526317 16.11111111111111 112.0 2
3.0 19.880756578947366 20.555555555555554 13.0 2
7.0 17.002467105263158 18.333333333333332 33.0 2
12.0 14.905427631578947 15.185185185185185 57.0 2
13.0 14.699835526315788 14.629629629629628 62.0 2
15.0 14.494243421052634 15.555555555555555 72.0 2
16.0 14.103618421052634 15.185185185185185 77.0 2
17.0 14.000822368421053 15.0 82.0 2
10.0 15.748355263157896 18.14814814814815 48.0 2
11.0 15.645559210526317 18.333333333333332 53.0 2
18.0 13.774671052631579 15.37037037037037 87.0 2
19.0 13.671875 15.555555555555555 92.0 2
20.0 13.569078947368421 15.74074074074074 97.0 2
22.0 13.384046052631579 15.74074074074074 107.0 2
25.0 13.219572368421053 15.37037037037037 122.0 2
27.0 13.116776315789474 14.814814814814813 132.0 2
28.0 13.096217105263158 15.0 137.0 2
31.0 12.870065789473683 15.37037037037037 152.0 2
32.0 12.746710526315788 15.185185185185185 157.0 2
29.0 12.931743421052634 15.0 142.0 2
23.0 13.301809210526317 16.11111111111111 112.0 2
1.0 29.337993421052634 29.629629629629626 2.0 1
3.0 19.880756578947366 20.555555555555554 13.0 2
7.0 17.002467105263158 18.333333333333332 33.0 2
12.0 14.905427631578947 15.185185185185185 57.0 2
13.0 14.699835526315788 14.629629629629628 62.0 2
15.0 14.494243421052634 15.555555555555555 72.0 2
16.0 14.103618421052634 15.185185185185185 77.0 2
17.0 14.000822368421053 15.0 82.0 2
10.0 15.748355263157896 18.14814814814815 48.0 2
11.0 15.645559210526317 18.333333333333332 53.0 2
18.0 13.774671052631579 15.37037037037037 87.0 2
19.0 13.671875 15.555555555555555 92.0 2
20.0 13.569078947368421 15.74074074074074 97.0 2
22.0 13.384046052631579 15.74074074074074 107.0 2
25.0 13.219572368421053 15.37037037037037 122.0 2
27.0 13.116776315789474 14.814814814814813 132.0 2
28.0 13.096217105263158 15.0 137.0 2
31.0 12.870065789473683 15.37037037037037 152.0 2
32.0 12.746710526315788 15.185185185185185 157.0 2
29.0 12.931743421052634 15.0 142.0 2
23.0 13.301809210526317 16.11111111111111 112.0 2
3.0 19.880756578947366 20.555555555555554 13.0 2
7.0 17.002467105263158 18.333333333333332 33.0 2
12.0 14.905427631578947 15.185185185185185 57.0 2
2.0 21.052631578947366 20.37037037037037 8.0 2
2.0 21.052631578947366 20.37037037037037 8.0 2
4.0 18.46217105263158 20.185185185185187 17.0 2
4.0 18.46217105263158 20.185185185185187 17.0 2
5.0 17.886513157894736 19.25925925925926 22.0 2
5.0 17.886513157894736 19.25925925925926 22.0 2
6.0 17.47532894736842 18.88888888888889 27.0 2
6.0 17.47532894736842 18.88888888888889 27.0 2
8.0 16.426809210526315 17.962962962962965 36.0 2
9.0 16.200657894736842 17.962962962962965 41.0 2
8.0 16.426809210526315 17.962962962962965 36.0 2
9.0 16.200657894736842 17.962962962962965 41.0 2
2.0 21.052631578947366 20.37037037037037 8.0 2
4.0 18.46217105263158 20.185185185185187 17.0 2
5.0 17.886513157894736 19.25925925925926 22.0 2
6.0 17.47532894736842 18.88888888888889 27.0 2
8.0 16.426809210526315 17.962962962962965 36.0 2
9.0 16.200657894736842 17.962962962962965 41.0 2
2.0 21.052631578947366 20.37037037037037 8.0 2
4.0 18.46217105263158 20.185185185185187 17.0 2
5.0 17.886513157894736 19.25925925925926 22.0 2
6.0 17.47532894736842 18.88888888888889 27.0 2
8.0 16.426809210526315 17.962962962962965 36.0 2
9.0 16.200657894736842 17.962962962962965 41.0 2
2.0 21.052631578947366 20.37037037037037 8.0 2
4.0 18.46217105263158 20.185185185185187 17.0 2
5.0 17.886513157894736 19.25925925925926 22.0 2
6.0 17.47532894736842 18.88888888888889 27.0 2
