---
0 13.587707182320441 12.0 36 
1 2 0 4 1 0 0 7 1 0 1 4 1 2 0 0 1 0 0 0 0 4 0 0 0 0 0 0 1 4 0 0 0 0 0 0 0 0.628152419880347
0 4 4 0 0 0 12 0 0 0 0 0 0 0 0 4 0 0 0 1 0 0 0 11 0 0 0 0 0 0 0 3 8 0 12 0 3 0.09936619714240524
2 0 4 0 0 4 0 4 2 0 4 0 0 0 8 0 0 13 4 1 0 2 2 0 0 0 2 0 5 0 0 7 0 8 4 7 2 0.616180149478572
1 2 0 7 1 0 0 0 1 4 0 4 1 0 2 0 1 0 2 0 0 4 0 0 0 0 2 0 0 4 0 4 1 0 0 0 0 0.7999300035012644
0 0 0 1 4 0 0 0 0 4 1 0 0 0 0 11 4 4 1 11 0 7 11 0 0 0 1 0 0 0 0 0 4 0 0 1 5 0.9058179143572109
0 0 0 0 7 0 0 0 0 7 0 0 0 0 0 0 7 3 0 0 4 0 0 4 0 0 0 0 0 0 0 0 0 0 0 0 4 0.24874247008371653
0 0 0 0 0 4 4 0 2 0 1 1 4 4 0 1 4 4 0 11 0 0 0 7 0 1 4 7 0 0 0 4 0 0 0 1 5 0.3447848602722976
0 0 0 0 0 0 4 0 0 0 0 0 0 0 0 3 0 0 0 2 2 0 0 0 0 0 0 0 0 7 0 0 0 4 0 0 5 0.1223341680698371
0 0 0 0 7 0 0 0 0 7 0 0 0 0 0 0 7 3 0 0 4 0 0 4 0 0 0 0 0 0 0 0 0 0 0 0 4 0.24874247008371653
0 1 0 0 1 0 0 0 0 1 2 4 0 0 0 4 0 3 8 0 0 0 0 0 1 0 0 0 0 0 0 0 1 0 0 0 1 0.9521514678524248
1 2 0 4 1 0 0 7 1 0 0 4 1 2 0 7 1 0 0 4 0 4 0 0 0 0 0 0 1 4 0 0 1 0 0 0 0 0.7797841589220754
1 2 0 4 1 0 0 7 1 0 0 4 1 8 0 0 1 0 0 4 0 4 0 0 0 0 0 0 1 4 0 0 1 0 0 0 0 0.8574955002190667
---
1 13.55317679558011 7.0 36 
1 2 0 4 1 0 0 7 1 0 0 4 1 2 0 0 1 0 0 4 0 4 0 0 0 0 0 0 1 0 0 0 1 0 0 0 0 0.7709548461233698
0 0 0 1 4 0 0 0 0 4 1 0 0 0 0 11 4 4 1 11 0 7 11 0 0 0 1 0 0 0 0 0 4 0 0 1 5 0.9058179143572109
2 0 4 0 0 4 0 4 2 0 4 0 0 0 8 0 0 13 4 1 0 2 2 0 0 0 2 0 5 0 0 7 0 8 4 7 2 0.7480865792397076
0 4 4 0 0 0 12 0 0 0 0 0 0 0 0 4 0 0 0 1 0 0 0 11 0 0 0 0 0 0 0 3 8 0 12 0 3 0.09936619714240524
0 0 0 0 7 0 0 0 0 7 0 0 0 0 0 0 7 3 0 0 4 0 0 4 0 0 0 0 0 0 0 0 0 0 0 0 4 0.24874247008371653
0 1 0 0 1 0 0 0 0 1 2 4 0 0 0 4 0 3 8 0 0 0 0 0 1 0 0 0 0 0 0 0 1 0 0 0 1 0.9521514678524248
4 0 0 0 2 4 0 0 0 2 0 1 4 4 0 0 4 4 0 11 0 0 0 0 0 1 0 7 0 1 0 0 0 2 0 7 5 0.44398652745982914
---
2 13.501381215469612 10.0 36 
0 0 0 0 7 0 0 0 0 7 0 0 0 0 0 0 7 3 0 0 4 0 0 4 0 0 0 0 0 0 0 0 0 0 0 0 4 0.24874247008371653
0 0 0 0 2 4 0 0 2 2 1 1 0 4 0 0 0 4 0 11 0 0 0 0 0 1 0 7 0 4 4 0 0 0 0 0 5 0.31461040020871844
0 4 4 0 0 0 12 0 0 0 0 0 0 0 0 4 0 0 0 1 0 0 0 11 0 0 0 0 0 0 0 3 8 0 12 0 3 0.09936619714240524
1 8 0 4 1 0 0 7 1 0 0 4 1 0 0 0 1 0 4 0 0 4 0 0 0 0 0 0 1 4 0 0 1 0 0 0 0 0.8433848940453588
0 1 0 0 1 0 0 0 0 1 2 4 0 0 0 4 0 3 8 0 0 0 0 0 1 0 0 0 0 0 0 0 1 0 0 0 1 0.9521514678524248
1 2 0 7 1 0 0 4 1 4 0 0 1 0 0 0 1 0 2 0 0 4 0 0 0 0 0 0 1 4 0 7 1 0 0 0 0 0.7395478912775715
2 0 4 7 0 4 0 4 2 0 4 0 0 0 8 0 0 13 4 0 0 2 2 0 0 0 2 0 5 0 0 7 0 8 4 7 2 0.6008290468780166
0 4 4 0 0 0 12 0 0 0 0 0 0 0 0 4 0 0 0 1 0 0 0 11 0 0 0 0 0 0 0 3 8 0 12 0 3 0.09936619714240524
0 0 0 0 7 0 0 0 0 7 0 0 0 0 0 0 7 3 0 0 4 0 0 4 0 0 0 0 0 0 0 0 0 0 0 0 4 0.24874247008371653
0 0 0 1 4 0 0 0 0 4 1 0 0 0 0 11 4 4 1 11 0 7 11 0 0 0 1 0 0 0 0 0 4 0 0 1 5 0.9058179143572109
---
3 13.898480662983426 9.0 36 
1 2 0 7 1 0 0 0 1 4 0 4 1 0 0 4 1 0 2 0 0 4 0 0 0 0 0 7 1 0 0 0 1 4 0 0 0 0.6876709494273081
0 0 0 1 4 0 0 0 0 4 1 0 0 0 0 11 4 4 1 11 0 7 11 0 0 0 7 0 0 0 0 0 4 0 0 1 5 0.7856757930274526
2 0 4 7 0 4 0 4 2 0 4 0 0 0 8 0 0 13 4 0 0 2 2 0 0 0 2 0 5 0 0 7 0 8 4 7 2 0.6008290468780166
0 0 0 0 7 0 0 0 0 7 0 0 0 0 0 0 7 3 0 0 4 0 0 4 0 0 0 0 0 0 0 0 0 0 0 0 4 0.24874247008371653
0 1 0 0 1 0 0 0 0 1 2 4 0 0 0 4 0 3 8 0 0 0 0 0 1 0 0 0 0 0 0 0 1 0 0 0 1 0.9521514678524248
0 4 4 0 0 0 12 0 0 0 0 0 0 0 0 4 0 0 0 1 0 0 0 11 0 0 0 0 0 0 0 3 8 0 12 0 3 0.09936619714240524
2 0 4 0 0 4 0 4 2 0 4 0 0 13 8 0 0 13 4 7 0 2 2 0 0 0 8 0 5 0 0 7 0 8 4 7 2 0.5804041201329988
0 0 0 0 2 4 0 0 2 2 1 1 0 4 0 0 0 4 0 11 0 0 0 0 0 1 0 7 0 4 4 0 0 0 0 0 5 0.21973910777858818
2 0 4 7 0 4 0 4 10 0 4 0 0 0 8 0 0 13 4 0 0 2 2 0 0 0 2 0 5 0 0 7 0 8 4 7 2 1.0
---
4 13.639502762430938 9.0 36 
0 1 0 0 1 0 0 0 0 1 2 4 0 0 0 4 0 3 8 0 0 0 0 0 1 0 0 0 0 0 0 0 1 0 0 0 1 0.9521514678524248
0 0 0 0 7 0 0 0 0 7 0 0 0 0 0 0 7 3 0 0 4 0 0 4 0 0 0 0 0 0 0 0 0 0 0 0 4 0.24874247008371653
1 2 0 7 1 0 0 4 1 4 0 4 1 0 0 0 1 0 2 0 0 4 0 0 0 0 0 0 1 4 0 0 1 0 0 0 0 0.6996933822956573
0 0 0 0 2 0 0 0 4 4 1 1 4 4 0 0 4 4 2 11 2 0 0 0 4 1 0 7 0 1 0 0 0 0 0 7 5 0.5525228397982859
0 0 0 0 4 0 0 0 0 4 1 0 0 0 0 11 4 4 1 11 0 7 11 1 0 0 1 0 0 0 0 0 4 0 0 1 5 0.8002511817197985
2 0 4 0 0 4 0 4 2 0 4 0 0 0 8 0 0 13 4 1 0 2 2 0 0 0 2 0 5 0 0 7 0 8 4 7 2 0.7480865792397076
0 0 0 0 2 4 0 11 2 2 1 1 0 4 0 0 0 4 0 11 0 1 0 0 0 1 0 7 0 4 4 0 0 0 0 0 5 0.4782962840322602
0 4 4 0 0 0 12 0 0 0 0 0 0 0 0 4 0 0 0 1 0 0 0 11 0 0 0 0 0 0 0 3 8 0 12 0 3 0.09936619714240524
0 0 0 0 2 0 0 0 4 4 1 1 0 4 0 0 4 4 2 11 2 0 0 0 4 1 0 7 0 1 0 0 0 0 0 7 5 0.5417563082683594
---
5 14.088397790055248 9.0 36 
0 0 0 0 4 0 0 0 0 4 1 0 0 0 0 11 4 4 1 11 0 7 11 1 0 12 1 0 0 0 0 0 4 0 0 1 5 0.8780525494655154
1 2 0 7 1 0 0 4 1 4 0 4 1 0 0 12 1 0 2 0 0 4 0 0 0 0 0 0 1 4 0 0 4 0 0 0 0 0.8175961174954789
2 0 4 0 0 4 0 4 2 0 4 0 0 0 8 0 0 13 4 1 0 2 2 0 0 0 2 0 5 0 0 7 0 8 4 7 2 0.7480865792397076
1 2 0 7 1 0 0 4 1 4 0 4 1 0 0 0 1 0 2 0 0 4 0 0 0 0 0 0 1 4 0 0 1 0 0 0 0 0.7109426683864134
0 1 0 0 1 0 0 0 0 1 2 4 0 0 0 4 0 3 8 0 0 0 0 0 1 0 0 0 0 0 0 0 1 0 0 0 1 0.9521514678524248
0 4 4 0 0 0 12 0 0 0 0 0 0 0 0 4 0 0 0 1 0 0 0 11 0 0 0 0 0 0 0 3 8 0 12 0 3 0.09936619714240524
0 0 0 0 7 0 0 0 0 7 0 0 0 0 0 0 7 3 0 0 4 0 0 4 0 0 0 0 0 0 0 0 0 0 0 0 4 0.24874247008371653
2 0 4 7 0 4 0 4 2 0 4 0 0 0 8 0 0 13 4 0 0 2 2 0 0 0 2 0 5 0 0 7 0 8 4 7 2 0.6008290468780166
0 0 0 0 2 4 0 11 2 2 1 1 0 4 0 0 0 4 0 11 0 0 1 0 0 1 0 7 0 4 4 0 0 0 0 0 5 0.5404945008452798
---
6 13.570441988950277 7.0 36 
1 2 0 7 1 0 0 4 1 4 0 4 1 0 0 0 1 0 2 0 0 4 0 0 0 0 0 0 1 4 0 0 1 0 0 0 0 0.6899714552533238
0 0 0 0 4 0 0 0 0 4 1 0 0 0 0 11 4 4 1 11 0 7 11 1 0 0 1 0 0 0 0 0 4 0 0 1 5 0.8002511817197985
0 1 0 0 1 0 0 0 0 1 2 4 0 0 0 4 0 3 8 0 0 0 0 0 1 0 0 0 0 0 0 0 1 0 0 0 1 0.9377097307924386
2 0 4 0 0 4 0 4 2 0 4 0 0 0 8 0 0 13 4 1 0 2 2 0 0 0 2 0 5 0 0 7 0 8 4 7 2 0.7480865792397076
0 4 0 0 4 0 0 0 2 2 1 0 4 4 0 0 4 0 0 11 0 0 0 0 0 1 4 0 0 1 7 0 0 4 0 1 5 0.5076064149203563
0 0 0 0 7 0 0 0 0 7 0 0 0 0 0 0 7 3 0 0 4 0 0 4 0 0 0 0 0 0 0 0 0 0 0 0 4 0.24874247008371653
0 4 4 0 0 0 12 0 0 0 0 0 0 0 0 4 0 0 0 1 0 0 0 11 0 0 0 0 0 0 0 3 8 0 12 0 3 0.09936619714240524
---
7 13.087016574585636 7.0 36 
0 0 0 1 4 0 0 0 0 4 1 0 0 0 0 11 4 4 1 11 0 7 11 0 0 0 1 0 0 0 0 0 4 0 0 1 5 0.9058179143572109
2 0 4 0 0 4 0 4 2 0 4 0 0 0 8 0 0 13 4 1 0 2 2 0 0 0 2 0 5 0 0 7 0 8 4 7 2 0.7480865792397076
0 4 4 0 0 0 12 0 0 0 0 0 0 0 0 4 0 0 0 1 0 0 0 11 0 0 0 0 0 0 0 3 8 0 12 0 3 0.09936619714240524
0 1 0 0 1 0 0 0 0 1 2 4 0 0 0 4 0 3 8 0 0 0 0 0 1 0 0 0 0 0 0 0 1 0 0 0 1 0.9521514678524248
0 0 0 0 7 0 0 0 0 7 0 0 0 0 0 0 7 3 0 0 4 0 0 4 0 0 0 0 0 0 0 0 0 0 0 0 4 0.24874247008371653
0 0 0 0 2 4 0 0 0 2 1 1 4 4 0 0 4 4 0 11 0 0 0 0 0 1 0 7 0 1 0 0 0 2 0 7 5 0.5407409838460691
1 2 0 7 1 0 0 0 1 4 0 4 1 0 0 0 1 0 2 0 0 4 0 0 0 0 0 0 1 4 0 0 1 0 0 0 0 0.7331109675278527
---
8 13.087016574585636 7.0 36 
0 0 0 1 4 0 0 0 0 4 1 0 0 0 0 11 4 4 1 11 0 7 11 0 0 0 1 0 0 0 0 0 4 0 0 1 5 0.9058179143572109
2 0 4 0 0 4 0 4 2 0 4 0 0 0 8 0 0 13 4 1 0 2 2 0 0 0 2 0 5 0 0 7 0 8 4 7 2 0.7480865792397076
0 4 4 0 0 0 12 0 0 0 0 0 0 0 0 4 0 0 0 1 0 0 0 11 0 0 0 0 0 0 0 3 8 0 12 0 3 0.09936619714240524
0 1 0 0 1 0 0 0 0 1 2 4 0 0 0 4 0 3 8 0 0 0 0 0 1 0 0 0 0 0 0 0 1 0 0 0 1 0.9521514678524248
0 0 0 0 7 0 0 0 0 7 0 0 0 0 0 0 7 3 0 0 4 0 0 4 0 0 0 0 0 0 0 0 0 0 0 0 4 0.24874247008371653
0 0 0 0 2 4 0 0 0 2 1 1 4 4 0 0 4 4 0 11 0 0 0 0 0 1 0 7 0 1 0 0 0 2 0 7 5 0.5407409838460691
1 2 0 7 1 0 0 0 1 4 0 4 1 0 0 0 1 0 2 0 0 4 0 0 0 0 0 0 1 4 0 0 1 0 0 0 0 0.7331109675278527
