---
0 13.469176308064238 10.0 36 
8 8 1 4 0 2 0 2 0 0 0 1 8 1 1 4 5 13 8 7 2 8 2 4 4 2 0 4 2 8 0 1 0 0 4 2 2 0.7288326014163545
0 0 0 1 0 1 0 0 0 0 1 11 0 4 0 11 0 7 0 11 7 12 0 11 0 0 7 0 0 0 0 1 0 4 0 0 5 0.8298422767820839
0 0 0 7 11 0 0 7 1 0 0 0 1 4 0 0 3 0 0 7 0 0 0 0 1 4 0 0 0 4 0 0 0 0 2 7 0 0.7447569072330438
0 0 12 11 8 0 0 0 12 0 4 0 12 0 0 0 0 0 0 11 0 12 7 11 0 8 12 0 12 12 4 0 8 0 12 0 3 0.2753901043531488
0 0 0 0 0 0 0 0 0 0 0 0 0 0 0 0 0 6 8 0 0 0 0 0 0 0 0 0 0 0 0 0 0 0 0 2 1 0.9970515010733512
0 0 0 0 7 0 7 0 1 0 0 0 0 0 0 0 0 11 0 0 0 1 4 0 0 0 0 0 0 0 4 1 0 0 0 0 4 0.4206874597777257
4 2 0 4 1 4 2 0 0 2 2 1 1 0 2 0 7 2 0 0 7 0 2 12 1 2 2 4 1 0 0 12 1 1 0 12 0 0.9615610871260596
0 0 0 1 4 1 0 1 0 0 7 11 0 0 0 1 7 7 0 11 0 12 0 11 0 0 1 0 0 0 0 1 0 4 0 0 5 0.8411318920999782
4 2 0 4 1 0 0 0 4 0 0 1 1 4 2 0 1 2 0 0 7 1 2 12 1 2 4 0 1 4 0 4 1 1 0 12 0 0.7269520297110204
2 2 4 1 0 0 7 7 0 2 4 1 12 2 2 0 0 4 4 2 4 0 2 1 0 1 1 1 1 0 0 0 4 4 0 0 5 0.17729445203073624
---
1 15.817648074598514 7.0 36 
0 0 0 7 11 7 0 0 1 0 0 0 1 4 0 0 3 0 0 7 0 0 0 0 1 4 0 0 0 4 0 0 0 0 2 7 0 0.70426125723009
0 0 0 1 0 1 0 1 0 0 1 11 0 0 0 11 7 7 0 0 0 12 0 11 0 0 4 1 0 0 0 11 0 4 0 0 5 0.7188254551898727
8 8 1 4 0 2 0 4 0 0 0 1 8 1 1 4 5 13 0 7 2 8 2 4 4 2 0 4 2 8 0 1 0 0 4 2 2 0.6680724620595602
0 0 0 0 7 0 7 0 1 0 0 0 0 0 0 0 0 11 0 0 0 1 4 0 0 0 0 0 0 0 4 1 0 0 0 0 4 0.4206874597777257
0 0 12 11 8 0 0 0 12 0 4 0 12 0 0 0 0 0 0 11 0 12 7 11 0 8 12 0 12 12 4 0 8 0 12 0 3 0.2753901043531488
0 0 0 0 0 0 0 0 0 0 0 0 0 0 0 0 0 6 8 0 0 0 0 0 0 0 0 0 0 0 0 0 0 0 0 2 1 0.9965445222411036
4 0 0 4 11 4 0 0 1 2 2 0 1 4 2 0 7 0 0 0 7 0 0 0 1 2 2 0 1 4 0 12 1 0 2 12 0 0.9025903445927188
---
2 13.831807977896737 8.0 36 
0 0 0 7 11 0 0 7 3 0 0 0 1 4 0 0 3 0 0 7 0 0 0 0 1 4 0 0 0 4 0 1 0 0 4 7 0 0.8616548956091882
0 0 0 0 0 4 4 7 2 0 2 0 0 2 4 11 12 12 4 0 4 2 0 7 4 1 0 2 2 4 1 0 0 1 2 7 5 0.17075684194679464
0 0 12 11 8 0 0 0 12 0 0 0 12 0 0 1 0 0 0 11 0 12 7 11 0 8 12 0 12 12 4 0 8 0 12 0 3 0.2548991665629763
0 0 0 0 0 0 0 0 0 1 0 0 0 0 0 0 0 6 8 0 0 0 0 0 0 0 0 0 0 0 0 0 0 0 0 2 1 0.9977735835533954
0 0 0 0 7 0 7 0 1 0 0 0 0 0 0 0 0 11 0 0 0 1 4 0 0 0 0 0 7 0 4 1 0 0 0 0 4 0.4659995143890068
4 2 0 12 1 2 2 0 1 2 0 2 1 0 0 12 0 2 0 4 7 2 2 12 7 2 1 4 1 0 0 7 1 0 0 1 0 0.9867844506412956
0 0 0 0 4 1 0 0 0 0 0 11 0 7 1 11 0 1 0 1 4 7 0 0 0 0 0 0 1 4 0 0 0 4 0 11 5 0.694253635385357
2 2 1 4 0 2 0 4 0 0 0 2 1 1 1 4 5 13 8 7 2 8 2 1 4 2 0 4 0 1 0 1 0 0 4 4 2 0.5952360629292928
---
3 14.643412191331375 10.0 36 
0 2 4 1 8 0 1 2 2 1 0 1 8 8 8 12 0 2 4 12 2 2 8 8 0 0 5 12 2 8 4 4 2 0 1 0 2 0.7776702314944186
0 0 0 1 4 1 0 1 0 0 7 11 0 0 0 1 0 7 7 11 0 4 0 11 0 0 7 0 0 0 0 1 0 4 1 0 5 0.6362033995734606
4 2 0 12 1 2 2 0 7 2 0 2 1 0 0 12 0 2 0 4 7 0 2 12 1 2 2 4 1 0 0 7 1 0 0 1 0 0.9885265517218484
0 0 0 0 7 0 7 0 1 0 0 0 0 0 0 0 0 11 0 0 0 1 4 0 0 0 0 0 7 0 4 1 0 0 0 0 4 0.4659995143890068
0 0 0 0 0 0 0 0 0 0 0 1 0 0 0 0 0 6 8 0 0 1 0 0 0 0 0 0 0 0 0 0 0 0 0 2 1 0.9959292940842637
0 0 12 11 8 0 0 0 12 0 0 0 12 0 0 1 0 0 0 11 0 12 7 11 0 8 12 0 12 12 4 0 8 0 12 0 3 0.2548991665629763
0 0 0 7 11 0 0 0 3 0 0 0 1 4 0 0 3 0 0 7 0 0 0 0 1 4 0 0 0 4 0 7 0 0 2 7 0 0.856764397059633
4 2 0 4 1 0 1 0 4 0 0 1 1 4 2 0 0 2 0 0 7 0 2 12 1 2 0 0 1 2 0 4 1 1 0 12 0 0.9480394459183097
0 4 0 1 0 4 0 1 4 0 1 3 0 1 0 11 7 7 0 11 0 4 0 0 0 0 0 11 0 0 0 1 0 4 0 7 5 0.7911001717704982
0 0 12 0 4 1 0 0 12 10 0 0 12 0 1 1 0 1 0 1 4 12 0 0 0 8 0 0 1 4 0 7 0 4 12 11 3 0.9762964104411922
---
4 13.469176308064238 8.0 36 
0 2 4 2 0 0 0 2 2 1 0 1 1 8 8 12 0 13 8 4 2 1 2 7 0 0 1 12 8 8 0 4 2 0 1 4 2 0.48010622578940276
0 0 0 7 11 0 0 7 3 0 0 0 1 4 0 0 3 0 0 7 0 0 0 0 1 4 0 0 0 4 0 1 0 0 4 7 0 0.8616548956091882
0 0 0 0 4 1 0 0 0 0 0 11 0 7 1 11 0 1 0 1 4 7 0 0 0 0 0 0 1 4 0 0 0 4 0 11 5 0.694253635385357
0 0 0 0 7 0 7 0 1 0 0 0 0 0 0 0 0 11 0 0 0 1 4 0 0 0 0 0 7 0 4 1 0 0 0 0 4 0.4659995143890068
4 2 1 12 1 0 2 0 1 2 0 1 2 2 0 0 4 0 0 4 7 0 2 12 1 2 4 4 1 1 0 4 1 0 0 12 0 0.961233804596002
0 4 0 11 0 4 0 11 4 0 1 3 0 1 0 11 7 7 0 11 0 4 0 0 0 0 0 11 0 0 0 1 0 4 0 7 5 0.7760787474654274
0 0 12 11 8 0 0 0 12 0 0 0 12 0 0 1 0 0 0 11 0 12 7 11 0 8 12 0 12 12 4 0 8 0 12 0 3 0.2548991665629763
0 0 0 0 0 0 0 0 0 1 0 0 0 0 0 0 0 6 8 0 0 0 0 0 0 0 0 0 0 0 0 0 0 0 0 2 1 0.9977735835533954
---
5 13.607321706095664 9.0 36 
4 2 0 4 1 0 1 0 4 0 0 1 1 4 2 0 0 2 0 0 7 0 2 12 1 2 0 0 1 2 0 4 1 1 0 12 0 0.9480394459183097
0 0 12 11 8 0 0 0 12 0 0 0 12 0 0 1 0 0 0 11 0 12 7 11 0 8 12 0 12 12 4 0 8 0 12 0 3 0.24175220911178985
0 2 2 2 0 0 0 2 2 1 0 1 8 8 8 0 13 13 8 4 2 2 2 7 0 0 1 12 8 8 0 4 0 0 1 0 2 0.6309067456228756
0 0 0 7 11 0 0 7 3 0 0 0 1 4 0 0 3 0 0 7 0 0 0 0 1 4 0 0 0 4 0 1 0 0 4 7 0 0.8616548956091882
0 0 0 0 0 0 0 0 0 0 0 0 0 0 0 0 0 6 8 0 0 1 0 0 0 0 0 0 0 0 0 0 0 0 0 2 1 0.998193968469103
0 0 0 0 0 0 0 0 0 0 0 0 0 0 0 0 0 6 8 0 0 1 0 0 0 0 0 0 0 0 0 0 0 0 0 2 1 0.9982268489390989
0 4 0 1 0 4 0 1 4 0 1 3 0 7 0 11 7 7 0 11 0 4 0 0 0 0 0 11 0 0 0 1 0 4 0 7 5 0.8984465522416545
0 0 0 0 7 0 7 0 1 0 0 0 0 0 0 0 0 11 0 0 0 1 4 0 0 0 0 0 7 0 4 1 0 0 0 0 4 0.4659995143890068
4 0 1 2 4 0 4 0 0 1 2 4 2 12 0 11 0 4 0 11 4 1 0 2 12 4 1 1 2 0 4 0 4 1 1 1 5 0.4659032579817881
---
6 13.659126230357451 9.0 36 
4 2 0 4 1 0 1 0 4 0 0 1 1 4 2 0 0 2 0 0 7 0 2 12 1 2 0 0 1 2 0 4 1 1 0 12 0 0.9480394459183097
0 0 0 0 0 0 0 0 0 0 0 0 0 0 0 0 0 6 8 0 0 1 0 0 0 0 0 0 0 0 0 0 0 0 0 2 1 0.9982268489390989
0 0 0 7 11 0 0 7 3 0 0 0 1 4 0 0 3 0 0 7 0 0 0 0 1 4 0 0 0 4 0 1 0 0 4 7 0 0.8616548956091882
0 0 12 11 8 0 0 0 12 0 0 0 12 0 0 1 0 0 0 11 0 12 7 11 0 8 12 0 12 12 4 0 8 0 12 0 3 0.24175220911178985
0 2 4 2 0 0 0 2 2 1 0 1 8 8 8 12 13 13 8 4 2 2 2 7 0 0 1 12 8 8 0 4 2 0 1 0 2 0.5427956565291217
0 0 0 0 7 0 7 0 1 0 0 0 0 0 0 0 0 11 0 0 0 1 4 0 0 0 0 0 7 0 4 1 0 0 0 0 4 0.4659995143890068
0 4 0 1 0 4 0 1 4 0 1 3 0 7 0 11 7 7 0 11 0 4 0 0 0 0 0 11 0 0 0 1 0 4 0 7 5 0.8984465522416545
0 2 4 2 0 0 0 2 2 1 0 1 8 8 8 12 13 13 8 4 2 2 2 7 0 0 1 12 8 8 0 4 2 0 1 0 2 0.5427956565291217
4 0 0 1 2 0 1 4 2 0 1 7 2 12 4 0 4 4 4 2 2 1 0 1 1 0 1 4 2 4 1 0 0 4 0 11 5 0.18028252518353893
---
7 13.348299084786738 9.0 36 
0 2 4 4 0 2 0 0 0 0 0 2 8 1 8 4 5 13 0 7 2 0 2 2 0 0 0 2 8 1 0 1 0 4 4 2 2 0.6745948043286438
0 0 0 0 7 0 7 0 1 0 0 0 0 0 0 0 0 11 0 0 0 1 4 0 0 0 0 0 7 0 4 1 0 0 0 0 4 0.4659995143890068
0 0 0 7 11 0 0 7 3 0 0 0 1 4 0 0 3 0 0 7 0 0 0 0 1 4 0 0 0 4 0 1 0 0 4 7 0 0.8616548956091882
0 0 0 0 0 0 5 8 0 6 0 0 0 0 0 1 0 0 0 0 0 0 0 0 0 0 0 0 0 0 0 0 0 0 0 0 1 0.9596637319895015
4 2 0 4 1 0 1 0 1 0 0 0 1 4 2 0 0 2 0 0 7 0 2 12 1 2 2 0 1 2 0 4 1 1 0 2 0 0.8603388797730243
0 0 12 11 8 0 0 0 12 0 0 0 12 0 0 1 0 0 0 11 0 12 7 11 0 8 12 0 12 12 4 0 8 0 12 0 3 0.24175220911178985
0 4 0 1 0 4 0 1 4 0 1 3 0 7 0 11 7 7 0 11 0 4 0 0 0 0 0 11 0 0 0 1 0 4 0 7 5 0.8984465522416545
0 0 0 0 0 0 0 0 0 0 0 0 0 0 0 0 0 6 8 0 0 1 0 0 0 0 0 0 0 0 0 0 0 0 0 2 1 0.9982268489390989
0 4 0 1 0 4 0 1 4 0 1 3 0 0 0 11 7 7 0 11 0 4 0 0 0 0 0 11 0 0 0 1 0 4 0 7 5 0.8038547214328533
---
8 20.221032636850286 12.0 36 
0 0 0 0 7 0 7 0 1 0 0 0 0 0 0 0 0 11 0 0 0 1 4 0 0 0 0 0 0 0 4 1 0 0 0 0 4 0.4206874597777257
4 0 0 4 1 1 2 0 0 2 0 1 0 4 2 0 0 2 0 12 7 0 1 12 1 2 2 4 1 0 0 4 1 1 0 12 0 0.7362267341648023
0 13 12 11 4 0 0 0 12 0 0 0 12 0 0 1 0 0 0 11 0 12 7 0 0 0 12 0 12 12 0 0 8 0 12 0 3 0.4990105595790203
4 2 0 4 1 0 0 0 4 0 0 4 1 4 2 0 1 2 0 0 7 1 2 12 1 2 4 8 1 2 0 4 1 1 0 12 0 0.7943250999952447
0 2 4 4 0 0 2 2 2 1 0 1 8 8 8 12 0 13 2 4 4 4 2 7 0 0 1 0 8 8 0 4 2 8 1 4 2 0.2717624209456252
0 0 0 0 0 0 0 0 0 0 0 0 0 0 0 0 0 6 8 0 0 0 0 0 0 0 0 0 0 0 0 0 0 0 0 2 1 0.9970515010733512
0 0 12 11 4 0 0 0 12 0 0 0 12 0 0 1 0 0 0 11 0 12 7 0 0 0 12 0 12 12 0 0 8 0 12 0 3 0.18755818415647862
4 2 0 4 1 1 2 0 0 2 0 1 1 4 2 0 0 2 0 12 7 0 1 12 1 2 2 4 1 0 0 4 1 1 0 12 0 0.9356423121447806
0 0 0 0 0 0 0 0 0 0 0 12 0 0 0 0 9 8 0 4 5 0 0 0 0 0 0 0 0 0 0 0 2 0 0 0 2 0.9465757544413853
0 0 0 7 0 1 0 0 0 0 1 11 0 4 0 11 0 7 0 11 7 12 0 11 0 0 7 0 0 0 0 1 0 4 0 0 5 0.883867467348328
0 0 0 0 0 0 0 0 0 0 0 0 0 0 0 0 0 6 8 0 0 0 0 0 0 0 0 0 0 0 0 0 0 0 0 2 1 0.9970515010733512
0 0 12 11 0 0 0 0 12 0 0 0 12 0 0 1 0 0 0 11 0 12 7 0 0 0 12 0 12 12 0 0 8 0 12 0 3 0.17183137374798774
