---
0 0 29.44078947368421 1.0 5
4 1 1 4 4 0 0.436859657918951 
---
0 1 19.263980263157894 8.0 5
1 2 1 1 2 0 0.5787398714963763 
4 1 4 4 2 0 0.27602293677021894 
1 1 1 0 2 0 0.3130079009766309 
1 8 2 4 4 0 0.5030249174626995 
4 7 5 1 2 1 0.05966477702275985 
12 7 8 4 8 1 0.4538241910091536 
7 7 8 8 4 1 0.2305575952388914 
1 0 8 4 8 1 0.31702506050465007 
---
0 2 21.463815789473685 2.0 5
7 7 2 8 4 1 0.1964357385080906 
1 1 2 4 4 0 0.17744175061647283 
---
0 3 21.463815789473685 2.0 5
7 7 2 8 4 1 0.1964357385080906 
1 1 2 4 4 0 0.17744175061647283 
---
0 4 20.579769736842106 3.0 5
7 7 2 8 4 1 0.1964357385080906 
1 1 4 0 2 0 0.21145440529009107 
7 7 8 4 8 1 0.3704506370363404 
---
0 5 19.24342105263158 5.0 5
7 7 2 8 4 1 0.1964357385080906 
7 7 8 4 8 1 0.3704506370363404 
1 1 2 4 4 0 0.17744175061647283 
1 1 12 0 2 0 0.19845200274898267 
1 1 4 0 12 0 0.13609996368097388 
---
0 6 19.387335526315788 7.0 5
1 0 8 4 8 1 0.31702506050465007 
12 7 8 4 8 1 0.4538241910091536 
1 8 2 4 4 0 0.5030249174626995 
4 7 5 1 2 1 0.05966477702275985 
1 1 1 0 2 0 0.3130079009766309 
7 7 8 8 4 1 0.2305575952388914 
4 1 4 4 2 0 0.27602293677021894 
---
0 7 20.579769736842106 3.0 5
7 7 2 8 4 1 0.1964357385080906 
1 1 4 0 2 0 0.21145440529009107 
7 7 8 4 8 1 0.3704506370363404 
---
0 8 19.284539473684212 4.0 5
1 1 4 0 2 0 0.21145440529009107 
7 7 8 4 8 1 0.3704506370363404 
7 7 2 8 4 1 0.1964357385080906 
1 1 2 4 4 0 0.17744175061647283 
---
0 9 19.24342105263158 5.0 5
7 7 2 8 4 1 0.1964357385080906 
7 7 8 4 8 1 0.3704506370363404 
1 1 2 4 4 0 0.17744175061647283 
1 1 12 0 2 0 0.19845200274898267 
1 1 4 0 12 0 0.13609996368097388 
---
0 10 19.284539473684212 4.0 5
1 1 2 4 4 0 0.17744175061647283 
1 1 4 0 2 0 0.21145440529009107 
7 7 2 8 4 1 0.1964357385080906 
7 7 8 4 8 1 0.3704506370363404 
---
0 11 19.387335526315788 7.0 5
1 0 8 4 8 1 0.31702506050465007 
12 7 8 4 8 1 0.4538241910091536 
1 8 2 4 4 0 0.5030249174626995 
4 7 5 1 2 1 0.05966477702275985 
1 1 1 0 2 0 0.3130079009766309 
7 7 8 8 4 1 0.2305575952388914 
4 1 4 4 2 0 0.27602293677021894 
---
0 12 29.44078947368421 1.0 5
4 1 2 4 4 0 0.22212248045453054 
---
0 13 19.263980263157894 8.0 5
1 2 1 1 2 0 0.5787398714963763 
4 1 4 4 2 0 0.27602293677021894 
1 1 1 0 2 0 0.3130079009766309 
1 8 2 4 4 0 0.5030249174626995 
4 7 5 1 2 1 0.05966477702275985 
12 7 8 4 8 1 0.4538241910091536 
7 7 8 8 4 1 0.2305575952388914 
1 0 8 4 8 1 0.31702506050465007 
---
0 14 21.463815789473685 2.0 5
7 7 2 8 4 1 0.1964357385080906 
1 1 2 4 4 0 0.17744175061647283 
---
0 15 20.579769736842106 3.0 5
7 7 2 8 4 1 0.1964357385080906 
1 1 4 0 2 0 0.21145440529009107 
7 7 8 4 8 1 0.3704506370363404 
---
0 16 19.24342105263158 5.0 5
7 7 2 8 4 1 0.1964357385080906 
7 7 8 4 8 1 0.3704506370363404 
1 1 2 4 4 0 0.17744175061647283 
1 1 12 0 2 0 0.19845200274898267 
1 1 4 0 12 0 0.13609996368097388 
---
0 17 19.284539473684212 4.0 5
7 7 2 8 4 1 0.1964357385080906 
7 7 8 4 8 1 0.3704506370363404 
1 1 2 4 4 0 0.17744175061647283 
1 1 4 0 2 0 0.21145440529009107 
---
0 18 19.387335526315788 7.0 5
1 0 8 4 8 1 0.31702506050465007 
12 7 8 4 8 1 0.4538241910091536 
1 8 2 4 4 0 0.5030249174626995 
4 7 5 1 2 1 0.05966477702275985 
1 1 1 0 2 0 0.3130079009766309 
7 7 8 8 4 1 0.2305575952388914 
4 1 4 4 2 0 0.27602293677021894 
---
0 19 29.420230263157894 1.0 5
1 1 1 4 4 0 0.3357666479107002 
---
0 20 19.263980263157894 8.0 5
1 2 1 1 2 0 0.5787398714963763 
4 1 4 4 2 0 0.27602293677021894 
1 1 1 0 2 0 0.3130079009766309 
1 8 2 4 4 0 0.5030249174626995 
4 7 5 1 2 1 0.05966477702275985 
12 7 8 4 8 1 0.4538241910091536 
7 7 8 8 4 1 0.2305575952388914 
1 0 8 4 8 1 0.31702506050465007 
---
0 21 21.463815789473685 2.0 5
7 7 2 8 4 1 0.1964357385080906 
1 1 2 4 4 0 0.17744175061647283 
---
0 22 20.579769736842106 3.0 5
7 7 2 8 4 1 0.1964357385080906 
1 1 4 0 2 0 0.21145440529009107 
7 7 8 4 8 1 0.3704506370363404 
---
0 23 19.24342105263158 5.0 5
7 7 2 8 4 1 0.1964357385080906 
7 7 8 4 8 1 0.3704506370363404 
1 1 2 4 4 0 0.17744175061647283 
1 1 12 0 2 0 0.19845200274898267 
1 1 4 0 12 0 0.13609996368097388 
---
0 24 19.284539473684212 4.0 5
1 1 2 4 4 0 0.17744175061647283 
7 7 8 4 8 1 0.3704506370363404 
7 7 2 8 4 1 0.1964357385080906 
1 1 4 0 2 0 0.21145440529009107 
---
0 25 19.387335526315788 7.0 5
1 0 8 4 8 1 0.31702506050465007 
12 7 8 4 8 1 0.4538241910091536 
1 8 2 4 4 0 0.5030249174626995 
4 7 5 1 2 1 0.05966477702275985 
1 1 1 0 2 0 0.3130079009766309 
7 7 8 8 4 1 0.2305575952388914 
4 1 4 4 2 0 0.27602293677021894 
---
0 26 29.44078947368421 1.0 5
4 1 1 4 4 0 0.436859657918951 
---
0 27 19.263980263157894 8.0 5
1 2 1 1 2 0 0.5787398714963763 
4 1 4 4 2 0 0.27602293677021894 
1 1 1 0 2 0 0.3130079009766309 
1 8 2 4 4 0 0.5030249174626995 
4 7 5 1 2 1 0.05966477702275985 
12 7 8 4 8 1 0.4538241910091536 
7 7 8 8 4 1 0.2305575952388914 
1 0 8 4 8 1 0.31702506050465007 
---
0 28 21.463815789473685 2.0 5
7 7 2 8 4 1 0.1964357385080906 
1 1 2 4 4 0 0.17744175061647283 
---
0 29 20.579769736842106 3.0 5
7 7 2 8 4 1 0.1964357385080906 
1 1 4 0 2 0 0.21145440529009107 
7 7 8 4 8 1 0.3704506370363404 
---
0 30 19.24342105263158 5.0 5
7 7 2 8 4 1 0.1964357385080906 
7 7 8 4 8 1 0.3704506370363404 
1 1 2 4 4 0 0.17744175061647283 
1 1 12 0 2 0 0.19845200274898267 
1 1 4 0 12 0 0.13609996368097388 
---
0 31 19.284539473684212 4.0 5
1 1 4 0 2 0 0.21145440529009107 
7 7 2 8 4 1 0.1964357385080906 
7 7 8 4 8 1 0.3704506370363404 
1 1 2 4 4 0 0.17744175061647283 
---
0 32 19.387335526315788 7.0 5
1 0 8 4 8 1 0.31702506050465007 
12 7 8 4 8 1 0.4538241910091536 
1 8 2 4 4 0 0.5030249174626995 
4 7 5 1 2 1 0.05966477702275985 
1 1 1 0 2 0 0.3130079009766309 
7 7 8 8 4 1 0.2305575952388914 
4 1 4 4 2 0 0.27602293677021894 
---
0 33 29.44078947368421 1.0 5
4 1 1 4 4 0 0.436859657918951 
---
1 0 29.399671052631575 1.0 5
1 1 0 2 0 0 0.13345681760161332 
---
1 1 17.393092105263158 11.0 5
12 0 13 4 1 1 0.11447272556350563 
12 7 13 4 1 1 0.22232980227220756 
4 0 8 4 8 1 0.36012074218473433 
4 1 13 10 11 0 0.5987654824079549 
4 1 11 10 11 1 0.6060370568602347 
7 4 4 1 10 1 0.2114162896053402 
7 1 8 8 4 1 0.29236015469911836 
11 11 8 9 7 0 0.28663560661069076 
0 1 7 7 8 0 0.5811012340170425 
0 2 7 1 2 0 0.7748552045940327 
11 2 2 4 7 0 0.3719639595776676 
---
1 2 21.628289473684212 2.0 5
0 2 0 1 2 0 0.5456859882614442 
7 7 8 8 2 1 0.34764855531074634 
---
1 3 20.106907894736842 3.0 5
1 1 7 2 4 0 0.42018066616175176 
7 7 8 8 4 1 0.3418052013413102 
11 2 2 4 7 0 0.3719639595776676 
---
1 4 17.989309210526315 4.0 5
11 2 2 4 7 0 0.3719639595776676 
1 1 7 2 4 0 0.42018066616175176 
7 7 8 8 4 1 0.3418052013413102 
12 0 13 4 1 1 0.11447272556350563 
---
1 5 17.29029605263158 9.0 5
11 2 2 4 7 0 0.3719639595776676 
7 1 8 8 4 1 0.29236015469911836 
11 11 8 9 7 0 0.28663560661069076 
7 4 4 1 10 1 0.2114162896053402 
0 1 7 7 8 0 0.5811012340170425 
12 0 13 4 1 1 0.11447272556350563 
0 2 7 1 2 0 0.7748552045940327 
4 1 11 10 11 1 0.6060370568602347 
4 0 8 4 8 1 0.36012074218473433 
---
1 6 21.628289473684212 2.0 5
7 7 8 8 2 1 0.34764855531074634 
0 2 0 1 2 0 0.5456859882614442 
---
1 7 20.106907894736842 3.0 5
1 1 7 2 4 0 0.42018066616175176 
7 7 8 8 4 1 0.3418052013413102 
11 2 2 4 7 0 0.3719639595776676 
---
1 8 17.557565789473685 6.0 5
2 2 7 2 2 0 0.6831517695387235 
12 0 13 4 1 1 0.11447272556350563 
7 4 4 1 10 1 0.2114162896053402 
7 1 8 8 4 1 0.29236015469911836 
11 11 8 9 7 0 0.28663560661069076 
11 2 2 4 7 0 0.3719639595776676 
---
1 9 17.331414473684212 7.0 5
7 4 4 1 10 1 0.2114162896053402 
12 0 13 4 1 1 0.11447272556350563 
2 2 7 2 2 0 0.6831517695387235 
11 11 8 9 7 0 0.28663560661069076 
11 2 2 4 7 0 0.3719639595776676 
7 11 7 12 8 0 0.20235980581679536 
7 1 8 8 4 1 0.29236015469911836 
---
1 10 17.927631578947366 5.0 5
7 7 8 8 4 1 0.3418052013413102 
11 2 2 4 7 0 0.3719639595776676 
1 1 7 2 4 0 0.42018066616175176 
12 0 13 4 1 1 0.11447272556350563 
11 11 8 9 7 0 0.28663560661069076 
---
1 11 17.557565789473685 6.0 5
2 2 7 2 2 0 0.6831517695387235 
12 0 13 4 1 1 0.11447272556350563 
7 4 4 1 10 1 0.2114162896053402 
7 1 8 8 4 1 0.29236015469911836 
11 11 8 9 7 0 0.28663560661069076 
11 2 2 4 7 0 0.3719639595776676 
---
1 12 17.989309210526315 4.0 5
11 2 2 4 7 0 0.3719639595776676 
1 1 7 2 4 0 0.42018066616175176 
7 7 8 8 4 1 0.3418052013413102 
12 0 13 4 1 1 0.11447272556350563 
---
1 13 17.927631578947366 5.0 5
7 7 8 8 4 1 0.3418052013413102 
11 2 2 4 7 0 0.3719639595776676 
1 1 7 2 4 0 0.42018066616175176 
12 0 13 4 1 1 0.11447272556350563 
11 11 8 9 7 0 0.28663560661069076 
---
1 14 17.29029605263158 9.0 5
11 2 2 4 7 0 0.3719639595776676 
7 1 8 8 4 1 0.29236015469911836 
11 11 8 9 7 0 0.28663560661069076 
7 4 4 1 10 1 0.2114162896053402 
0 1 7 7 8 0 0.5811012340170425 
12 0 13 4 1 1 0.11447272556350563 
0 2 7 1 2 0 0.7748552045940327 
4 1 11 10 11 1 0.6060370568602347 
4 0 8 4 8 1 0.36012074218473433 
---
1 15 17.331414473684212 7.0 5
7 4 4 1 10 1 0.2114162896053402 
12 0 13 4 1 1 0.11447272556350563 
2 2 7 2 2 0 0.6831517695387235 
11 11 8 9 7 0 0.28663560661069076 
11 2 2 4 7 0 0.3719639595776676 
7 11 7 12 8 0 0.20235980581679536 
7 1 8 8 4 1 0.29236015469911836 
---
1 16 17.269736842105264 8.0 5
7 1 8 8 4 1 0.29236015469911836 
7 11 7 12 8 0 0.20235980581679536 
7 4 4 1 10 1 0.2114162896053402 
11 11 8 9 7 0 0.28663560661069076 
12 0 13 4 1 1 0.11447272556350563 
11 2 2 4 7 0 0.3719639595776676 
2 2 7 2 2 0 0.6831517695387235 
4 1 11 10 11 1 0.6060370568602347 
---
1 17 17.269736842105264 8.0 5
7 1 8 8 4 1 0.29236015469911836 
7 11 7 12 8 0 0.20235980581679536 
7 4 4 1 10 1 0.2114162896053402 
11 11 8 9 7 0 0.28663560661069076 
12 0 13 4 1 1 0.11447272556350563 
11 2 2 4 7 0 0.3719639595776676 
2 2 7 2 2 0 0.6831517695387235 
4 1 11 10 11 1 0.6060370568602347 
---
1 18 29.399671052631575 1.0 5
1 1 0 2 0 0 0.13345681760161332 
---
1 19 17.393092105263158 11.0 5
12 0 13 4 1 1 0.11447272556350563 
12 7 13 4 1 1 0.22232980227220756 
4 0 8 4 8 1 0.36012074218473433 
4 1 13 10 11 0 0.5987654824079549 
4 1 11 10 11 1 0.6060370568602347 
7 4 4 1 10 1 0.2114162896053402 
7 1 8 8 4 1 0.29236015469911836 
11 11 8 9 7 0 0.28663560661069076 
0 1 7 7 8 0 0.5811012340170425 
0 2 7 1 2 0 0.7748552045940327 
11 2 2 4 7 0 0.3719639595776676 
---
1 20 21.628289473684212 2.0 5
7 7 8 8 2 1 0.34764855531074634 
0 2 0 1 2 0 0.5456859882614442 
---
1 21 20.106907894736842 3.0 5
1 1 7 2 4 0 0.42018066616175176 
7 7 8 8 4 1 0.3418052013413102 
11 2 2 4 7 0 0.3719639595776676 
---
1 22 17.557565789473685 6.0 5
2 2 7 2 2 0 0.6831517695387235 
12 0 13 4 1 1 0.11447272556350563 
7 4 4 1 10 1 0.2114162896053402 
7 1 8 8 4 1 0.29236015469911836 
11 11 8 9 7 0 0.28663560661069076 
11 2 2 4 7 0 0.3719639595776676 
---
1 23 17.989309210526315 4.0 5
11 2 2 4 7 0 0.3719639595776676 
7 7 8 8 4 1 0.3418052013413102 
1 1 7 2 4 0 0.42018066616175176 
12 0 13 4 1 1 0.11447272556350563 
---
1 24 17.927631578947366 5.0 5
7 7 8 8 4 1 0.3418052013413102 
11 2 2 4 7 0 0.3719639595776676 
1 1 7 2 4 0 0.42018066616175176 
12 0 13 4 1 1 0.11447272556350563 
11 11 8 9 7 0 0.28663560661069076 
---
1 25 17.29029605263158 9.0 5
11 2 2 4 7 0 0.3719639595776676 
7 1 8 8 4 1 0.29236015469911836 
11 11 8 9 7 0 0.28663560661069076 
7 4 4 1 10 1 0.2114162896053402 
0 1 7 7 8 0 0.5811012340170425 
12 0 13 4 1 1 0.11447272556350563 
0 2 7 1 2 0 0.7748552045940327 
4 1 11 10 11 1 0.6060370568602347 
4 0 8 4 8 1 0.36012074218473433 
---
1 26 17.331414473684212 7.0 5
7 4 4 1 10 1 0.2114162896053402 
12 0 13 4 1 1 0.11447272556350563 
2 2 7 2 2 0 0.6831517695387235 
11 11 8 9 7 0 0.28663560661069076 
11 2 2 4 7 0 0.3719639595776676 
7 11 7 12 8 0 0.20235980581679536 
7 1 8 8 4 1 0.29236015469911836 
---
1 27 17.269736842105264 8.0 5
7 1 8 8 4 1 0.29236015469911836 
7 11 7 12 8 0 0.20235980581679536 
7 4 4 1 10 1 0.2114162896053402 
11 11 8 9 7 0 0.28663560661069076 
12 0 13 4 1 1 0.11447272556350563 
11 2 2 4 7 0 0.3719639595776676 
2 2 7 2 2 0 0.6831517695387235 
4 1 11 10 11 1 0.6060370568602347 
---
1 28 29.399671052631575 1.0 5
1 1 0 2 0 0 0.13345681760161332 
---
1 29 17.393092105263158 11.0 5
12 0 13 4 1 1 0.11447272556350563 
12 7 13 4 1 1 0.22232980227220756 
4 0 8 4 8 1 0.36012074218473433 
4 1 13 10 11 0 0.5987654824079549 
4 1 11 10 11 1 0.6060370568602347 
7 4 4 1 10 1 0.2114162896053402 
7 1 8 8 4 1 0.29236015469911836 
11 11 8 9 7 0 0.28663560661069076 
0 1 7 7 8 0 0.5811012340170425 
0 2 7 1 2 0 0.7748552045940327 
11 2 2 4 7 0 0.3719639595776676 
---
1 30 21.628289473684212 2.0 5
7 7 8 8 2 1 0.34764855531074634 
0 2 0 1 2 0 0.5456859882614442 
---
1 31 20.106907894736842 3.0 5
1 1 7 2 4 0 0.42018066616175176 
7 7 8 8 4 1 0.3418052013413102 
11 2 2 4 7 0 0.3719639595776676 
---
1 32 17.557565789473685 6.0 5
2 2 7 2 2 0 0.6831517695387235 
12 0 13 4 1 1 0.11447272556350563 
7 4 4 1 10 1 0.2114162896053402 
7 1 8 8 4 1 0.29236015469911836 
11 11 8 9 7 0 0.28663560661069076 
11 2 2 4 7 0 0.3719639595776676 
---
1 33 17.989309210526315 4.0 5
7 7 8 8 4 1 0.3418052013413102 
12 0 13 4 1 1 0.11447272556350563 
1 1 7 2 4 0 0.42018066616175176 
11 2 2 4 7 0 0.3719639595776676 
---
2 0 29.379111842105267 1.0 5
1 0 0 2 1 0 0.2653050624490232 
---
2 1 17.578125 21.0 5
1 1 8 12 7 0 0.20188110221929212 
12 1 8 8 0 1 0.2442123322728862 
12 1 8 10 0 0 0.368951788552663 
1 7 5 4 3 0 0.22939468438471877 
1 1 4 2 1 0 0.1637322754734526 
7 1 7 12 2 0 0.3279627416648021 
8 11 9 1 1 1 0.5499462964240046 
7 1 4 8 0 1 0.1482954332377875 
7 7 8 8 10 1 0.3083654313289502 
0 12 8 9 1 1 0.197507376920788 
12 1 7 2 1 0 0.6172118731905516 
7 1 12 13 4 1 0.2992235375733412 
12 4 2 12 6 0 0.271633404736943 
12 7 12 11 5 0 0.4004021349659197 
13 1 4 8 0 0 0.9859460320557867 
7 7 4 2 5 1 0.42633130318861 
11 2 8 1 11 0 0.4944221194621554 
4 1 3 10 7 1 0.44101236219435336 
7 11 8 1 2 1 0.21363182255265545 
12 4 13 2 4 1 0.24539909150353245 
11 7 13 8 7 0 0.11220461325623399 
---
2 2 21.463815789473685 2.0 5
7 1 8 8 0 1 0.19769914252908527 
1 2 2 1 0 0 0.42971037245504573 
---
2 3 17.516447368421055 20.0 5
12 1 7 2 1 0 0.6172118731905516 
11 2 8 1 11 0 0.4944221194621554 
12 4 2 12 6 0 0.271633404736943 
4 1 12 6 1 0 0.47319634574794045 
11 7 13 8 7 0 0.11220461325623399 
7 11 8 1 2 1 0.21363182255265545 
12 1 8 8 0 1 0.2442123322728862 
7 7 4 2 5 1 0.42633130318861 
0 12 8 9 1 1 0.197507376920788 
4 1 3 10 7 1 0.44101236219435336 
12 4 13 2 4 1 0.24539909150353245 
12 7 12 11 5 0 0.4004021349659197 
1 1 4 2 1 0 0.1637322754734526 
13 1 4 8 0 0 0.9859460320557867 
1 1 8 12 7 0 0.20188110221929212 
8 11 9 1 1 1 0.5499462964240046 
7 7 8 8 10 1 0.3083654313289502 
7 1 4 8 0 1 0.1482954332377875 
1 7 5 4 3 0 0.22939468438471877 
7 1 7 12 2 0 0.3279627416648021 
---
2 4 21.463815789473685 2.0 5
7 1 8 8 0 1 0.19769914252908527 
1 2 2 1 0 0 0.42971037245504573 
---
2 5 19.839638157894736 3.0 5
11 2 2 1 7 0 0.5510222710183903 
2 1 7 2 1 0 0.6971008546011417 
7 1 4 8 0 1 0.1482954332377875 
---
2 6 19.839638157894736 3.0 5
11 2 2 1 7 0 0.5510222710183903 
2 1 7 2 1 0 0.6971008546011417 
7 1 4 8 0 1 0.1482954332377875 
---
2 7 18.379934210526315 4.0 5
12 4 13 2 4 1 0.24539909150353245 
11 2 2 1 7 0 0.5510222710183903 
2 1 7 2 1 0 0.6971008546011417 
7 1 4 8 0 1 0.1482954332377875 
---
2 8 17.907072368421055 16.0 5
12 1 7 2 1 0 0.6172118731905516 
12 7 12 11 5 0 0.4004021349659197 
12 4 2 12 6 0 0.271633404736943 
13 1 4 8 0 0 0.9859460320557867 
11 2 8 1 11 0 0.4944221194621554 
7 1 7 12 2 0 0.3279627416648021 
4 1 3 10 7 1 0.44101236219435336 
4 1 12 6 1 0 0.47319634574794045 
12 1 8 8 0 1 0.2442123322728862 
11 7 13 8 7 0 0.11220461325623399 
7 11 8 1 2 1 0.21363182255265545 
7 7 8 8 10 1 0.3083654313289502 
1 1 8 12 7 0 0.20188110221929212 
7 7 4 2 5 1 0.42633130318861 
12 4 13 2 4 1 0.24539909150353245 
7 1 4 8 0 1 0.1482954332377875 
---
2 9 18.112664473684212 11.0 5
11 2 2 1 7 0 0.5510222710183903 
12 1 7 2 1 0 0.6172118731905516 
12 7 12 11 5 0 0.4004021349659197 
4 1 3 10 7 1 0.44101236219435336 
1 3 4 12 11 0 0.27609949345039786 
7 7 4 2 5 1 0.42633130318861 
7 1 4 8 0 1 0.1482954332377875 
13 1 4 8 0 0 0.9859460320557867 
8 11 9 1 1 1 0.5499462964240046 
12 4 13 2 4 1 0.24539909150353245 
11 4 7 12 2 0 0.31472209647082816 
---
2 10 17.845394736842106 17.0 5
7 1 7 12 2 0 0.3279627416648021 
11 2 8 1 11 0 0.4944221194621554 
0 12 8 9 1 1 0.197507376920788 
13 1 4 8 0 0 0.9859460320557867 
1 1 8 12 7 0 0.20188110221929212 
12 4 13 2 4 1 0.24539909150353245 
7 1 4 8 0 1 0.1482954332377875 
11 7 13 8 7 0 0.11220461325623399 
12 4 2 12 6 0 0.271633404736943 
4 1 3 10 7 1 0.44101236219435336 
7 7 4 2 5 1 0.42633130318861 
12 1 8 8 0 1 0.2442123322728862 
12 1 7 2 1 0 0.6172118731905516 
12 7 12 11 5 0 0.4004021349659197 
7 7 8 8 10 1 0.3083654313289502 
7 11 8 1 2 1 0.21363182255265545 
4 1 12 6 1 0 0.47319634574794045 
---
2 11 17.68092105263158 18.0 5
1 1 8 12 7 0 0.20188110221929212 
4 1 12 6 1 0 0.47319634574794045 
1 1 4 2 1 0 0.1637322754734526 
12 4 13 2 4 1 0.24539909150353245 
7 1 4 8 0 1 0.1482954332377875 
11 2 8 1 11 0 0.4944221194621554 
12 7 12 11 5 0 0.4004021349659197 
7 7 8 8 10 1 0.3083654313289502 
7 1 7 12 2 0 0.3279627416648021 
7 11 8 1 2 1 0.21363182255265545 
4 1 3 10 7 1 0.44101236219435336 
13 1 4 8 0 0 0.9859460320557867 
7 7 4 2 5 1 0.42633130318861 
12 4 2 12 6 0 0.271633404736943 
0 12 8 9 1 1 0.197507376920788 
11 7 13 8 7 0 0.11220461325623399 
12 1 8 8 0 1 0.2442123322728862 
12 1 7 2 1 0 0.6172118731905516 
---
2 12 19.078947368421055 4.0 5
2 4 7 2 1 0 0.725936456657079 
11 2 2 1 7 0 0.5510222710183903 
7 1 4 8 0 1 0.1482954332377875 
12 4 13 2 4 1 0.24539909150353245 
---
2 13 18.379934210526315 5.0 5
12 4 13 2 4 1 0.24539909150353245 
12 1 7 2 1 0 0.6172118731905516 
7 1 4 8 0 1 0.1482954332377875 
11 2 2 1 7 0 0.5510222710183903 
1 3 4 12 11 0 0.27609949345039786 
---
2 14 18.092105263157894 6.0 5
12 4 13 2 4 1 0.24539909150353245 
11 2 2 1 7 0 0.5510222710183903 
11 1 4 2 12 1 0.17606397171455002 
7 1 4 8 0 1 0.1482954332377875 
1 3 4 12 11 0 0.27609949345039786 
12 1 7 2 1 0 0.6172118731905516 
---
2 15 18.174342105263158 7.0 5
7 1 4 8 0 1 0.1482954332377875 
1 3 4 12 11 0 0.27609949345039786 
11 2 2 1 7 0 0.5510222710183903 
12 4 13 2 4 1 0.24539909150353245 
12 1 7 2 1 0 0.6172118731905516 
11 4 7 12 2 0 0.31472209647082816 
1 7 2 12 5 1 0.5621256102656518 
---
2 16 18.379934210526315 5.0 5
12 4 13 2 4 1 0.24539909150353245 
12 1 7 2 1 0 0.6172118731905516 
7 1 4 8 0 1 0.1482954332377875 
11 2 2 1 7 0 0.5510222710183903 
1 3 4 12 11 0 0.27609949345039786 
---
2 17 18.092105263157894 6.0 5
11 2 2 1 7 0 0.5510222710183903 
1 3 4 12 11 0 0.27609949345039786 
11 1 4 2 12 1 0.17606397171455002 
12 4 13 2 4 1 0.24539909150353245 
7 1 4 8 0 1 0.1482954332377875 
12 1 7 2 1 0 0.6172118731905516 
---
2 18 17.96875 13.0 5
12 4 13 2 4 1 0.24539909150353245 
4 1 3 10 7 1 0.44101236219435336 
12 7 12 11 5 0 0.4004021349659197 
7 7 4 2 5 1 0.42633130318861 
11 2 8 1 11 0 0.4944221194621554 
1 1 8 12 7 0 0.20188110221929212 
11 7 13 8 7 0 0.11220461325623399 
7 11 8 1 2 1 0.21363182255265545 
13 1 4 8 0 0 0.9859460320557867 
12 1 7 2 1 0 0.6172118731905516 
12 1 8 8 0 1 0.2442123322728862 
7 1 7 12 2 0 0.3279627416648021 
7 1 4 8 0 1 0.1482954332377875 
---
2 19 18.030427631578945 14.0 5
12 4 2 12 6 0 0.271633404736943 
12 1 7 2 1 0 0.6172118731905516 
7 11 8 1 2 1 0.21363182255265545 
4 1 3 10 7 1 0.44101236219435336 
7 1 4 8 0 1 0.1482954332377875 
13 1 4 8 0 0 0.9859460320557867 
1 1 8 12 7 0 0.20188110221929212 
7 7 4 2 5 1 0.42633130318861 
12 7 12 11 5 0 0.4004021349659197 
12 4 13 2 4 1 0.24539909150353245 
12 1 8 8 0 1 0.2442123322728862 
11 2 8 1 11 0 0.4944221194621554 
11 7 13 8 7 0 0.11220461325623399 
7 1 7 12 2 0 0.3279627416648021 
---
2 20 18.174342105263158 7.0 5
7 1 4 8 0 1 0.1482954332377875 
1 3 4 12 11 0 0.27609949345039786 
11 2 2 1 7 0 0.5510222710183903 
12 4 13 2 4 1 0.24539909150353245 
12 1 7 2 1 0 0.6172118731905516 
11 4 7 12 2 0 0.31472209647082816 
1 7 2 12 5 1 0.5621256102656518 
---
2 21 18.215460526315788 12.0 5
7 7 4 2 5 1 0.42633130318861 
11 7 13 8 7 0 0.11220461325623399 
7 1 7 12 2 0 0.3279627416648021 
12 4 13 2 4 1 0.24539909150353245 
1 1 8 12 7 0 0.20188110221929212 
12 1 8 8 0 1 0.2442123322728862 
11 2 8 1 11 0 0.4944221194621554 
7 1 4 8 0 1 0.1482954332377875 
7 11 8 1 2 1 0.21363182255265545 
12 7 12 11 5 0 0.4004021349659197 
13 1 4 8 0 0 0.9859460320557867 
12 1 7 2 1 0 0.6172118731905516 
---
2 22 18.277138157894736 8.0 5
7 7 4 2 5 1 0.42633130318861 
12 4 13 2 4 1 0.24539909150353245 
11 2 2 1 7 0 0.5510222710183903 
11 4 7 12 2 0 0.31472209647082816 
12 7 12 11 5 0 0.4004021349659197 
1 3 4 12 11 0 0.27609949345039786 
12 1 7 2 1 0 0.6172118731905516 
7 1 4 8 0 1 0.1482954332377875 
---
2 23 18.277138157894736 8.0 5
7 7 4 2 5 1 0.42633130318861 
12 4 13 2 4 1 0.24539909150353245 
11 2 2 1 7 0 0.5510222710183903 
11 4 7 12 2 0 0.31472209647082816 
12 7 12 11 5 0 0.4004021349659197 
1 3 4 12 11 0 0.27609949345039786 
12 1 7 2 1 0 0.6172118731905516 
7 1 4 8 0 1 0.1482954332377875 
---
2 24 17.96875 13.0 5
12 4 13 2 4 1 0.24539909150353245 
4 1 3 10 7 1 0.44101236219435336 
12 7 12 11 5 0 0.4004021349659197 
7 7 4 2 5 1 0.42633130318861 
11 2 8 1 11 0 0.4944221194621554 
1 1 8 12 7 0 0.20188110221929212 
11 7 13 8 7 0 0.11220461325623399 
7 11 8 1 2 1 0.21363182255265545 
13 1 4 8 0 0 0.9859460320557867 
12 1 7 2 1 0 0.6172118731905516 
12 1 8 8 0 1 0.2442123322728862 
7 1 7 12 2 0 0.3279627416648021 
7 1 4 8 0 1 0.1482954332377875 
---
2 25 18.092105263157894 9.0 5
12 4 13 2 4 1 0.24539909150353245 
7 1 4 8 0 1 0.1482954332377875 
1 3 4 12 11 0 0.27609949345039786 
12 1 7 2 1 0 0.6172118731905516 
11 2 2 1 7 0 0.5510222710183903 
12 7 12 11 5 0 0.4004021349659197 
7 7 4 2 5 1 0.42633130318861 
11 4 7 12 2 0 0.31472209647082816 
4 1 3 10 7 1 0.44101236219435336 
---
2 26 18.092105263157894 9.0 5
12 4 13 2 4 1 0.24539909150353245 
7 1 4 8 0 1 0.1482954332377875 
1 3 4 12 11 0 0.27609949345039786 
12 1 7 2 1 0 0.6172118731905516 
11 2 2 1 7 0 0.5510222710183903 
12 7 12 11 5 0 0.4004021349659197 
7 7 4 2 5 1 0.42633130318861 
11 4 7 12 2 0 0.31472209647082816 
4 1 3 10 7 1 0.44101236219435336 
---
2 27 18.07154605263158 10.0 5
1 7 2 12 5 1 0.5621256102656518 
11 2 2 1 7 0 0.5510222710183903 
7 7 4 2 5 1 0.42633130318861 
4 1 3 10 7 1 0.44101236219435336 
11 4 7 12 2 0 0.31472209647082816 
12 7 12 11 5 0 0.4004021349659197 
1 3 4 12 11 0 0.27609949345039786 
12 4 13 2 4 1 0.24539909150353245 
7 1 4 8 0 1 0.1482954332377875 
12 1 7 2 1 0 0.6172118731905516 
---
2 28 17.68092105263158 18.0 5
1 1 8 12 7 0 0.20188110221929212 
4 1 12 6 1 0 0.47319634574794045 
1 1 4 2 1 0 0.1637322754734526 
12 4 13 2 4 1 0.24539909150353245 
7 1 4 8 0 1 0.1482954332377875 
11 2 8 1 11 0 0.4944221194621554 
12 7 12 11 5 0 0.4004021349659197 
7 7 8 8 10 1 0.3083654313289502 
7 1 7 12 2 0 0.3279627416648021 
7 11 8 1 2 1 0.21363182255265545 
4 1 3 10 7 1 0.44101236219435336 
13 1 4 8 0 0 0.9859460320557867 
7 7 4 2 5 1 0.42633130318861 
12 4 2 12 6 0 0.271633404736943 
0 12 8 9 1 1 0.197507376920788 
11 7 13 8 7 0 0.11220461325623399 
12 1 8 8 0 1 0.2442123322728862 
12 1 7 2 1 0 0.6172118731905516 
---
2 29 18.030427631578945 14.0 5
12 4 2 12 6 0 0.271633404736943 
12 1 7 2 1 0 0.6172118731905516 
7 11 8 1 2 1 0.21363182255265545 
4 1 3 10 7 1 0.44101236219435336 
7 1 4 8 0 1 0.1482954332377875 
13 1 4 8 0 0 0.9859460320557867 
1 1 8 12 7 0 0.20188110221929212 
7 7 4 2 5 1 0.42633130318861 
12 7 12 11 5 0 0.4004021349659197 
12 4 13 2 4 1 0.24539909150353245 
12 1 8 8 0 1 0.2442123322728862 
11 2 8 1 11 0 0.4944221194621554 
11 7 13 8 7 0 0.11220461325623399 
7 1 7 12 2 0 0.3279627416648021 
---
2 30 18.07154605263158 10.0 5
1 7 2 12 5 1 0.5621256102656518 
11 2 2 1 7 0 0.5510222710183903 
7 7 4 2 5 1 0.42633130318861 
4 1 3 10 7 1 0.44101236219435336 
11 4 7 12 2 0 0.31472209647082816 
12 7 12 11 5 0 0.4004021349659197 
1 3 4 12 11 0 0.27609949345039786 
12 4 13 2 4 1 0.24539909150353245 
7 1 4 8 0 1 0.1482954332377875 
12 1 7 2 1 0 0.6172118731905516 
---
2 31 17.96875 15.0 5
11 7 13 8 7 0 0.11220461325623399 
12 4 13 2 4 1 0.24539909150353245 
12 7 12 11 5 0 0.4004021349659197 
1 1 8 12 7 0 0.20188110221929212 
12 1 7 2 1 0 0.6172118731905516 
13 1 4 8 0 0 0.9859460320557867 
7 7 4 2 5 1 0.42633130318861 
4 1 3 10 7 1 0.44101236219435336 
7 1 7 12 2 0 0.3279627416648021 
7 11 8 1 2 1 0.21363182255265545 
11 2 8 1 11 0 0.4944221194621554 
12 4 2 12 6 0 0.271633404736943 
12 1 8 8 0 1 0.2442123322728862 
0 12 8 9 1 1 0.197507376920788 
7 1 4 8 0 1 0.1482954332377875 
---
2 32 17.96875 15.0 5
11 7 13 8 7 0 0.11220461325623399 
12 4 13 2 4 1 0.24539909150353245 
12 7 12 11 5 0 0.4004021349659197 
1 1 8 12 7 0 0.20188110221929212 
12 1 7 2 1 0 0.6172118731905516 
13 1 4 8 0 0 0.9859460320557867 
7 7 4 2 5 1 0.42633130318861 
4 1 3 10 7 1 0.44101236219435336 
7 1 7 12 2 0 0.3279627416648021 
7 11 8 1 2 1 0.21363182255265545 
11 2 8 1 11 0 0.4944221194621554 
12 4 2 12 6 0 0.271633404736943 
12 1 8 8 0 1 0.2442123322728862 
0 12 8 9 1 1 0.197507376920788 
7 1 4 8 0 1 0.1482954332377875 
---
2 33 18.215460526315788 12.0 5
7 7 4 2 5 1 0.42633130318861 
11 7 13 8 7 0 0.11220461325623399 
7 1 7 12 2 0 0.3279627416648021 
12 4 13 2 4 1 0.24539909150353245 
1 1 8 12 7 0 0.20188110221929212 
12 1 8 8 0 1 0.2442123322728862 
11 2 8 1 11 0 0.4944221194621554 
7 1 4 8 0 1 0.1482954332377875 
7 11 8 1 2 1 0.21363182255265545 
12 7 12 11 5 0 0.4004021349659197 
13 1 4 8 0 0 0.9859460320557867 
12 1 7 2 1 0 0.6172118731905516 
---
3 0 29.420230263157894 1.0 5
1 0 4 2 1 0 0.2275931040589253 
---
3 1 15.974506578947366 20.0 5
8 2 7 0 0 0 0.9393879123637459 
1 7 8 4 8 1 0.6081506974771325 
3 8 8 7 0 0 0.68282279117805 
11 12 5 4 7 0 0.4652432239300033 
12 4 8 8 0 1 0.2119938405632371 
1 2 1 2 3 0 0.46393811291473375 
1 2 9 7 7 0 0.5438137472722384 
12 7 8 4 0 1 0.14988895033605898 
5 11 2 7 3 0 0.9996986069581493 
11 4 4 8 10 1 0.3060084198896721 
11 11 13 12 4 1 0.4448684653176549 
11 6 7 4 1 0 0.6032231466624534 
1 7 1 1 2 0 0.2668883047665511 
4 7 13 2 6 1 0.20267668960386087 
7 7 13 2 11 0 0.10853831093514898 
11 7 2 12 1 1 0.08691284016950995 
7 2 13 2 11 0 0.2634006972743719 
1 2 12 7 6 0 0.6068527412581213 
12 4 8 14 1 1 0.3273254501883631 
7 11 4 12 11 1 0.03979947813139706 
---
3 2 20.80592105263158 2.0 5
12 7 8 8 0 1 0.35941798546715686 
2 0 2 2 0 0 0.25061402131788535 
---
3 3 20.80592105263158 2.0 5
12 7 8 8 0 1 0.35941798546715686 
2 0 2 2 0 0 0.25061402131788535 
---
3 4 19.42845394736842 3.0 5
12 7 8 2 0 1 0.23088928150446097 
2 0 2 2 0 0 0.25061402131788535 
12 7 8 8 0 1 0.35941798546715686 
---
3 5 16.077302631578945 14.0 5
12 7 8 4 0 1 0.14988895033605898 
3 8 8 7 0 0 0.68282279117805 
1 7 8 4 8 1 0.6081506974771325 
11 11 13 12 4 1 0.4448684653176549 
11 12 5 4 7 0 0.4652432239300033 
7 2 13 2 11 0 0.2634006972743719 
5 11 2 7 3 0 0.9996986069581493 
12 4 8 14 1 1 0.3273254501883631 
11 6 7 4 1 0 0.6032231466624534 
1 7 1 1 2 0 0.2668883047665511 
1 2 1 2 3 0 0.46393811291473375 
11 4 4 8 10 1 0.3060084198896721 
12 4 8 8 0 1 0.2119938405632371 
8 2 7 4 0 0 0.9364921986584 
---
3 6 16.097861842105264 15.0 5
1 2 1 2 3 0 0.46393811291473375 
7 7 13 2 11 0 0.10853831093514898 
11 6 7 4 1 0 0.6032231466624534 
7 2 13 2 11 0 0.2634006972743719 
1 7 8 4 8 1 0.6081506974771325 
4 7 13 2 6 1 0.20267668960386087 
3 8 8 7 0 0 0.68282279117805 
11 11 13 12 4 1 0.4448684653176549 
12 4 8 8 0 1 0.2119938405632371 
8 2 7 4 0 0 0.9364921986584 
11 12 5 4 7 0 0.4652432239300033 
11 4 4 8 10 1 0.3060084198896721 
12 7 8 4 0 1 0.14988895033605898 
1 7 1 1 2 0 0.2668883047665511 
5 11 2 7 3 0 0.9996986069581493 
---
3 7 15.686677631578947 18.0 5
7 2 13 2 11 0 0.2634006972743719 
8 2 7 4 0 0 0.9364921986584 
7 7 13 2 11 0 0.10853831093514898 
1 2 1 2 3 0 0.46393811291473375 
7 11 4 12 11 1 0.03979947813139706 
12 7 8 4 0 1 0.14988895033605898 
12 4 8 8 0 1 0.2119938405632371 
12 4 8 14 1 1 0.3273254501883631 
5 11 2 7 3 0 0.9996986069581493 
1 7 8 4 8 1 0.6081506974771325 
11 7 2 12 1 1 0.08691284016950995 
4 7 13 2 6 1 0.20267668960386087 
1 7 1 1 2 0 0.2668883047665511 
11 11 13 12 4 1 0.4448684653176549 
11 6 7 4 1 0 0.6032231466624534 
11 4 4 8 10 1 0.3060084198896721 
3 8 8 7 0 0 0.68282279117805 
11 12 5 4 7 0 0.4652432239300033 
---
3 8 16.426809210526315 16.0 5
1 2 9 7 7 0 0.5438137472722384 
5 11 2 7 3 0 0.9996986069581493 
4 7 13 2 6 1 0.20267668960386087 
1 2 1 2 3 0 0.46393811291473375 
11 11 13 12 4 1 0.4448684653176549 
12 7 8 4 0 1 0.14988895033605898 
8 2 7 4 0 0 0.9364921986584 
1 7 1 1 2 0 0.2668883047665511 
12 4 8 8 0 1 0.2119938405632371 
1 7 8 4 8 1 0.6081506974771325 
7 2 13 2 11 0 0.2634006972743719 
7 7 13 2 11 0 0.10853831093514898 
11 6 7 4 1 0 0.6032231466624534 
3 8 8 7 0 0 0.68282279117805 
11 4 4 8 10 1 0.3060084198896721 
11 12 5 4 7 0 0.4652432239300033 
---
3 9 15.748355263157896 17.0 5
8 2 7 0 0 0 0.9393879123637459 
1 7 8 4 8 1 0.6081506974771325 
3 8 8 7 0 0 0.68282279117805 
11 12 5 4 7 0 0.4652432239300033 
12 4 8 8 0 1 0.2119938405632371 
1 2 1 2 3 0 0.46393811291473375 
12 7 8 4 0 1 0.14988895033605898 
5 11 2 7 3 0 0.9996986069581493 
11 4 4 8 10 1 0.3060084198896721 
11 6 7 4 1 0 0.6032231466624534 
1 7 1 1 2 0 0.2668883047665511 
11 11 13 12 4 1 0.4448684653176549 
7 7 13 2 11 0 0.10853831093514898 
4 7 13 2 6 1 0.20267668960386087 
11 7 2 12 1 1 0.08691284016950995 
7 2 13 2 11 0 0.2634006972743719 
7 11 4 12 11 1 0.03979947813139706 
---
3 10 18.46217105263158 5.0 5
11 6 7 4 1 0 0.6032231466624534 
12 7 8 2 0 1 0.23088928150446097 
3 8 2 7 1 0 0.7754202982721137 
7 2 13 2 11 0 0.2634006972743719 
8 2 7 0 1 0 0.9414391716655597 
---
3 11 16.69407894736842 6.0 5
0 6 2 2 1 0 0.4877208167363287 
3 8 2 7 1 0 0.7754202982721137 
12 4 13 2 0 1 0.21054063303927695 
12 4 8 8 0 1 0.2119938405632371 
8 2 7 0 1 0 0.9414391716655597 
7 2 13 2 11 0 0.2634006972743719 
---
3 12 18.626644736842106 4.0 5
12 7 8 8 0 1 0.35941798546715686 
2 0 2 2 0 0 0.25061402131788535 
11 12 5 4 7 0 0.4652432239300033 
12 7 8 2 0 1 0.23088928150446097 
---
3 13 18.46217105263158 5.0 5
11 6 7 4 1 0 0.6032231466624534 
12 7 8 2 0 1 0.23088928150446097 
3 8 2 7 1 0 0.7754202982721137 
7 2 13 2 11 0 0.2634006972743719 
8 2 7 0 1 0 0.9414391716655597 
---
3 14 19.42845394736842 3.0 5
12 7 8 8 0 1 0.35941798546715686 
12 7 8 2 0 1 0.23088928150446097 
2 0 2 2 0 0 0.25061402131788535 
---
3 15 16.961348684210524 7.0 5
7 2 13 2 11 0 0.2634006972743719 
12 4 13 2 0 1 0.21054063303927695 
8 2 7 0 1 0 0.9414391716655597 
0 6 2 2 1 0 0.4877208167363287 
1 2 9 7 7 0 0.5438137472722384 
12 4 8 8 0 1 0.2119938405632371 
3 8 2 7 1 0 0.7754202982721137 
---
3 16 18.626644736842106 4.0 5
12 7 8 8 0 1 0.35941798546715686 
2 0 2 2 0 0 0.25061402131788535 
11 12 5 4 7 0 0.4652432239300033 
12 7 8 2 0 1 0.23088928150446097 
---
3 17 17.064144736842106 8.0 5
7 2 13 2 11 0 0.2634006972743719 
12 7 8 4 4 1 0.18802589544396398 
12 4 13 2 0 1 0.21054063303927695 
3 8 2 7 1 0 0.7754202982721137 
1 2 9 7 7 0 0.5438137472722384 
12 4 8 8 0 1 0.2119938405632371 
8 2 7 0 1 0 0.9414391716655597 
11 6 7 4 1 0 0.6032231466624534 
---
3 18 16.69407894736842 6.0 5
0 6 2 2 1 0 0.4877208167363287 
3 8 2 7 1 0 0.7754202982721137 
12 4 13 2 0 1 0.21054063303927695 
12 4 8 8 0 1 0.2119938405632371 
8 2 7 0 1 0 0.9414391716655597 
7 2 13 2 11 0 0.2634006972743719 
---
3 19 16.961348684210524 7.0 5
7 2 13 2 11 0 0.2634006972743719 
12 4 13 2 0 1 0.21054063303927695 
8 2 7 0 1 0 0.9414391716655597 
0 6 2 2 1 0 0.4877208167363287 
1 2 9 7 7 0 0.5438137472722384 
12 4 8 8 0 1 0.2119938405632371 
3 8 2 7 1 0 0.7754202982721137 
---
3 20 16.015625 12.0 5
11 12 5 4 7 0 0.4652432239300033 
11 4 4 8 10 1 0.3060084198896721 
1 7 8 4 8 1 0.6081506974771325 
1 7 1 1 2 0 0.2668883047665511 
1 2 1 2 3 0 0.46393811291473375 
8 2 7 4 0 0 0.9364921986584 
12 4 8 14 1 1 0.3273254501883631 
7 2 13 2 11 0 0.2634006972743719 
11 6 7 4 1 0 0.6032231466624534 
12 4 8 8 0 1 0.2119938405632371 
3 8 8 7 0 0 0.68282279117805 
12 7 8 4 0 1 0.14988895033605898 
---
3 21 15.830592105263158 13.0 5
5 11 2 7 3 0 0.9996986069581493 
1 7 8 4 8 1 0.6081506974771325 
11 4 4 8 10 1 0.3060084198896721 
11 12 5 4 7 0 0.4652432239300033 
12 4 8 8 0 1 0.2119938405632371 
12 7 8 4 0 1 0.14988895033605898 
1 7 1 1 2 0 0.2668883047665511 
3 8 8 7 0 0 0.68282279117805 
12 4 8 14 1 1 0.3273254501883631 
1 2 1 2 3 0 0.46393811291473375 
11 6 7 4 1 0 0.6032231466624534 
8 2 7 4 0 0 0.9364921986584 
7 2 13 2 11 0 0.2634006972743719 
---
3 22 17.064144736842106 8.0 5
7 2 13 2 11 0 0.2634006972743719 
12 7 8 4 4 1 0.18802589544396398 
12 4 13 2 0 1 0.21054063303927695 
3 8 2 7 1 0 0.7754202982721137 
1 2 9 7 7 0 0.5438137472722384 
12 4 8 8 0 1 0.2119938405632371 
8 2 7 0 1 0 0.9414391716655597 
11 6 7 4 1 0 0.6032231466624534 
---
3 23 15.830592105263158 13.0 5
5 11 2 7 3 0 0.9996986069581493 
1 7 8 4 8 1 0.6081506974771325 
11 4 4 8 10 1 0.3060084198896721 
11 12 5 4 7 0 0.4652432239300033 
12 4 8 8 0 1 0.2119938405632371 
12 7 8 4 0 1 0.14988895033605898 
1 7 1 1 2 0 0.2668883047665511 
3 8 8 7 0 0 0.68282279117805 
12 4 8 14 1 1 0.3273254501883631 
1 2 1 2 3 0 0.46393811291473375 
11 6 7 4 1 0 0.6032231466624534 
8 2 7 4 0 0 0.9364921986584 
7 2 13 2 11 0 0.2634006972743719 
---
3 24 17.166940789473685 10.0 5
7 2 13 2 11 0 0.2634006972743719 
3 8 2 7 1 0 0.7754202982721137 
7 3 7 2 7 0 0.13823837349362011 
12 4 8 8 0 1 0.2119938405632371 
12 4 13 2 0 1 0.21054063303927695 
12 4 8 10 9 0 1.0 
12 7 8 4 4 1 0.18802589544396398 
3 11 2 7 1 0 0.1923961513448128 
8 2 12 2 0 0 0.7405576325656882 
5 11 2 7 3 0 0.9996986069581493 
---
3 25 16.40625 11.0 5
11 4 4 8 10 1 0.3060084198896721 
11 12 5 4 7 0 0.4652432239300033 
7 2 13 2 11 0 0.2634006972743719 
1 2 1 2 3 0 0.46393811291473375 
1 7 8 4 8 1 0.6081506974771325 
3 8 8 7 0 0 0.68282279117805 
8 2 7 4 0 0 0.9364921986584 
12 7 8 4 0 1 0.14988895033605898 
12 4 8 8 0 1 0.2119938405632371 
12 4 8 14 1 1 0.3273254501883631 
11 6 7 4 1 0 0.6032231466624534 
---
3 26 16.015625 12.0 5
11 12 5 4 7 0 0.4652432239300033 
11 4 4 8 10 1 0.3060084198896721 
1 7 8 4 8 1 0.6081506974771325 
1 7 1 1 2 0 0.2668883047665511 
1 2 1 2 3 0 0.46393811291473375 
8 2 7 4 0 0 0.9364921986584 
12 4 8 14 1 1 0.3273254501883631 
7 2 13 2 11 0 0.2634006972743719 
11 6 7 4 1 0 0.6032231466624534 
12 4 8 8 0 1 0.2119938405632371 
3 8 8 7 0 0 0.68282279117805 
12 7 8 4 0 1 0.14988895033605898 
---
3 27 16.40625 11.0 5
11 4 4 8 10 1 0.3060084198896721 
11 12 5 4 7 0 0.4652432239300033 
7 2 13 2 11 0 0.2634006972743719 
1 2 1 2 3 0 0.46393811291473375 
1 7 8 4 8 1 0.6081506974771325 
3 8 8 7 0 0 0.68282279117805 
8 2 7 4 0 0 0.9364921986584 
12 7 8 4 0 1 0.14988895033605898 
12 4 8 8 0 1 0.2119938405632371 
12 4 8 14 1 1 0.3273254501883631 
11 6 7 4 1 0 0.6032231466624534 
---
3 28 16.735197368421055 9.0 5
12 4 8 8 0 1 0.2119938405632371 
12 4 13 2 0 1 0.21054063303927695 
5 11 2 7 3 0 0.9996986069581493 
1 11 7 5 11 0 0.15253742327640496 
7 2 13 2 11 0 0.2634006972743719 
8 2 7 0 1 0 0.9414391716655597 
3 11 2 7 1 0 0.1923961513448128 
12 7 8 4 4 1 0.18802589544396398 
3 8 2 7 1 0 0.7754202982721137 
---
3 29 16.735197368421055 9.0 5
12 4 8 8 0 1 0.2119938405632371 
12 4 13 2 0 1 0.21054063303927695 
5 11 2 7 3 0 0.9996986069581493 
1 11 7 5 11 0 0.15253742327640496 
7 2 13 2 11 0 0.2634006972743719 
8 2 7 0 1 0 0.9414391716655597 
3 11 2 7 1 0 0.1923961513448128 
12 7 8 4 4 1 0.18802589544396398 
3 8 2 7 1 0 0.7754202982721137 
---
3 30 17.166940789473685 10.0 5
7 2 13 2 11 0 0.2634006972743719 
3 8 2 7 1 0 0.7754202982721137 
7 3 7 2 7 0 0.13823837349362011 
12 4 8 8 0 1 0.2119938405632371 
12 4 13 2 0 1 0.21054063303927695 
12 4 8 10 9 0 1.0 
12 7 8 4 4 1 0.18802589544396398 
3 11 2 7 1 0 0.1923961513448128 
8 2 12 2 0 0 0.7405576325656882 
5 11 2 7 3 0 0.9996986069581493 
---
3 31 16.056743421052634 19.0 5
8 2 7 4 0 0 0.9364921986584 
1 7 8 4 8 1 0.6081506974771325 
3 8 8 7 0 0 0.68282279117805 
11 12 5 4 7 0 0.4652432239300033 
12 4 8 8 0 1 0.2119938405632371 
1 2 1 2 3 0 0.46393811291473375 
1 2 9 7 7 0 0.5438137472722384 
12 7 8 4 0 1 0.14988895033605898 
11 4 4 8 10 1 0.3060084198896721 
5 11 2 7 3 0 0.9996986069581493 
11 11 13 12 4 1 0.4448684653176549 
11 6 7 4 1 0 0.6032231466624534 
1 7 1 1 2 0 0.2668883047665511 
4 7 13 2 6 1 0.20267668960386087 
7 7 13 2 11 0 0.10853831093514898 
11 7 2 12 1 1 0.08691284016950995 
7 2 13 2 11 0 0.2634006972743719 
1 2 12 7 6 0 0.6068527412581213 
12 4 8 14 1 1 0.3273254501883631 
---
3 32 16.056743421052634 19.0 5
8 2 7 4 0 0 0.9364921986584 
1 7 8 4 8 1 0.6081506974771325 
3 8 8 7 0 0 0.68282279117805 
11 12 5 4 7 0 0.4652432239300033 
12 4 8 8 0 1 0.2119938405632371 
1 2 1 2 3 0 0.46393811291473375 
1 2 9 7 7 0 0.5438137472722384 
12 7 8 4 0 1 0.14988895033605898 
11 4 4 8 10 1 0.3060084198896721 
5 11 2 7 3 0 0.9996986069581493 
11 11 13 12 4 1 0.4448684653176549 
11 6 7 4 1 0 0.6032231466624534 
1 7 1 1 2 0 0.2668883047665511 
4 7 13 2 6 1 0.20267668960386087 
7 7 13 2 11 0 0.10853831093514898 
11 7 2 12 1 1 0.08691284016950995 
7 2 13 2 11 0 0.2634006972743719 
1 2 12 7 6 0 0.6068527412581213 
12 4 8 14 1 1 0.3273254501883631 
---
4 0 29.420230263157894 1.0 5
0 4 4 1 1 0 0.5434668622427834 
---
4 1 18.976151315789476 9.0 5
7 7 4 4 8 1 0.4027051506789563 
12 4 13 2 1 1 0.1983476734006877 
7 4 8 12 4 0 0.13291536851053953 
7 7 12 8 7 1 0.1843558283623581 
7 12 4 4 2 0 0.3133105280749351 
1 3 11 6 10 1 0.9487116481495285 
1 11 1 0 7 0 0.3214458288434723 
7 2 0 13 0 1 0.3161425334235515 
2 0 1 2 1 0 0.52780117269781 
---
4 2 23.170230263157894 2.0 5
2 0 1 2 1 0 0.52780117269781 
7 2 0 13 0 1 0.3161425334235515 
---
4 3 21.319901315789476 4.0 5
7 7 4 4 8 1 0.4027051506789563 
7 12 4 4 2 0 0.3133105280749351 
7 2 0 13 0 1 0.3161425334235515 
2 0 1 2 1 0 0.52780117269781 
---
4 4 18.64720394736842 5.0 5
0 8 4 4 2 0 0.6161324973609348 
7 7 4 4 8 1 0.4027051506789563 
1 11 1 0 7 0 0.3214458288434723 
12 4 13 2 1 1 0.1983476734006877 
7 7 12 8 7 1 0.1843558283623581 
---
4 5 23.170230263157894 2.0 5
2 0 1 2 1 0 0.52780117269781 
7 2 0 13 0 1 0.3161425334235515 
---
4 6 22.203947368421055 3.0 5
1 7 1 4 8 1 0.32653303824762103 
7 2 0 13 0 1 0.3161425334235515 
2 0 1 2 1 0 0.52780117269781 
---
4 7 22.203947368421055 3.0 5
7 2 0 13 0 1 0.3161425334235515 
1 7 1 4 8 1 0.32653303824762103 
2 0 1 2 1 0 0.52780117269781 
---
4 8 21.319901315789476 4.0 5
2 0 1 2 1 0 0.52780117269781 
7 2 0 13 0 1 0.3161425334235515 
7 12 4 4 2 0 0.3133105280749351 
7 7 4 4 8 1 0.4027051506789563 
---
4 9 18.64720394736842 5.0 5
0 8 4 4 2 0 0.6161324973609348 
7 7 4 4 8 1 0.4027051506789563 
1 11 1 0 7 0 0.3214458288434723 
12 4 13 2 1 1 0.1983476734006877 
7 7 12 8 7 1 0.1843558283623581 
---
4 10 18.25657894736842 6.0 5
7 7 4 4 8 1 0.4027051506789563 
7 4 8 12 4 0 0.13291536851053953 
7 7 12 8 7 1 0.1843558283623581 
1 11 1 0 7 0 0.3214458288434723 
12 4 13 2 1 1 0.1983476734006877 
0 8 4 4 2 0 0.6161324973609348 
---
4 11 18.236019736842106 7.0 5
1 11 1 0 7 0 0.3214458288434723 
12 4 13 2 1 1 0.1983476734006877 
1 3 11 6 10 1 0.9487116481495285 
7 4 8 12 4 0 0.13291536851053953 
0 8 4 4 2 0 0.6161324973609348 
7 7 12 8 7 1 0.1843558283623581 
7 7 4 4 8 1 0.4027051506789563 
---
4 12 19.017269736842106 8.0 5
12 4 13 2 1 1 0.1983476734006877 
7 7 4 4 8 1 0.4027051506789563 
7 7 12 8 7 1 0.1843558283623581 
7 4 8 12 4 0 0.13291536851053953 
1 11 1 0 7 0 0.3214458288434723 
7 12 4 4 2 0 0.3133105280749351 
2 0 1 2 1 0 0.52780117269781 
7 2 0 13 0 1 0.3161425334235515 
---
4 13 18.25657894736842 6.0 5
1 11 1 0 7 0 0.3214458288434723 
12 4 13 2 1 1 0.1983476734006877 
0 8 4 4 2 0 0.6161324973609348 
7 7 4 4 8 1 0.4027051506789563 
7 4 8 12 4 0 0.13291536851053953 
7 7 12 8 7 1 0.1843558283623581 
---
4 14 19.017269736842106 8.0 5
12 4 13 2 1 1 0.1983476734006877 
7 7 4 4 8 1 0.4027051506789563 
7 7 12 8 7 1 0.1843558283623581 
7 4 8 12 4 0 0.13291536851053953 
1 11 1 0 7 0 0.3214458288434723 
7 12 4 4 2 0 0.3133105280749351 
2 0 1 2 1 0 0.52780117269781 
7 2 0 13 0 1 0.3161425334235515 
---
4 15 18.236019736842106 7.0 5
1 11 1 0 7 0 0.3214458288434723 
12 4 13 2 1 1 0.1983476734006877 
1 3 11 6 10 1 0.9487116481495285 
7 4 8 12 4 0 0.13291536851053953 
0 8 4 4 2 0 0.6161324973609348 
7 7 12 8 7 1 0.1843558283623581 
7 7 4 4 8 1 0.4027051506789563 
---
4 16 29.420230263157894 1.0 5
0 4 4 1 0 0 0.5277858551202965 
---
4 17 18.976151315789476 9.0 5
7 7 4 4 8 1 0.4027051506789563 
12 4 13 2 1 1 0.1983476734006877 
7 4 8 12 4 0 0.13291536851053953 
7 7 12 8 7 1 0.1843558283623581 
7 12 4 4 2 0 0.3133105280749351 
1 3 11 6 10 1 0.9487116481495285 
1 11 1 0 7 0 0.3214458288434723 
7 2 0 13 0 1 0.3161425334235515 
2 0 1 2 1 0 0.52780117269781 
---
4 18 23.170230263157894 2.0 5
7 2 0 13 0 1 0.3161425334235515 
2 0 1 2 1 0 0.52780117269781 
---
4 19 22.203947368421055 3.0 5
1 7 1 4 8 1 0.32653303824762103 
7 2 0 13 0 1 0.3161425334235515 
2 0 1 2 1 0 0.52780117269781 
---
4 20 21.319901315789476 4.0 5
7 7 4 4 8 1 0.4027051506789563 
7 2 0 13 0 1 0.3161425334235515 
2 0 1 2 1 0 0.52780117269781 
7 12 4 4 2 0 0.3133105280749351 
---
4 21 18.64720394736842 5.0 5
12 4 13 2 1 1 0.1983476734006877 
7 7 12 8 7 1 0.1843558283623581 
0 8 4 4 2 0 0.6161324973609348 
1 11 1 0 7 0 0.3214458288434723 
7 7 4 4 8 1 0.4027051506789563 
---
4 22 18.25657894736842 6.0 5
1 11 1 0 7 0 0.3214458288434723 
12 4 13 2 1 1 0.1983476734006877 
0 8 4 4 2 0 0.6161324973609348 
7 7 4 4 8 1 0.4027051506789563 
7 4 8 12 4 0 0.13291536851053953 
7 7 12 8 7 1 0.1843558283623581 
---
4 23 19.017269736842106 8.0 5
12 4 13 2 1 1 0.1983476734006877 
7 7 4 4 8 1 0.4027051506789563 
7 7 12 8 7 1 0.1843558283623581 
7 4 8 12 4 0 0.13291536851053953 
1 11 1 0 7 0 0.3214458288434723 
7 12 4 4 2 0 0.3133105280749351 
2 0 1 2 1 0 0.52780117269781 
7 2 0 13 0 1 0.3161425334235515 
---
4 24 18.236019736842106 7.0 5
1 11 1 0 7 0 0.3214458288434723 
12 4 13 2 1 1 0.1983476734006877 
1 3 11 6 10 1 0.9487116481495285 
7 4 8 12 4 0 0.13291536851053953 
0 8 4 4 2 0 0.6161324973609348 
7 7 12 8 7 1 0.1843558283623581 
7 7 4 4 8 1 0.4027051506789563 
---
4 25 29.420230263157894 1.0 5
0 4 4 0 1 0 0.4272428509516184 
---
4 26 18.976151315789476 9.0 5
7 7 4 4 8 1 0.4027051506789563 
12 4 13 2 1 1 0.1983476734006877 
7 4 8 12 4 0 0.13291536851053953 
7 7 12 8 7 1 0.1843558283623581 
7 12 4 4 2 0 0.3133105280749351 
1 3 11 6 10 1 0.9487116481495285 
1 11 1 0 7 0 0.3214458288434723 
7 2 0 13 0 1 0.3161425334235515 
2 0 1 2 1 0 0.52780117269781 
---
4 27 23.170230263157894 2.0 5
2 0 1 2 1 0 0.52780117269781 
7 2 0 13 0 1 0.3161425334235515 
---
4 28 22.203947368421055 3.0 5
1 7 1 4 8 1 0.32653303824762103 
7 2 0 13 0 1 0.3161425334235515 
2 0 1 2 1 0 0.52780117269781 
---
4 29 21.319901315789476 4.0 5
2 0 1 2 1 0 0.52780117269781 
7 2 0 13 0 1 0.3161425334235515 
7 12 4 4 2 0 0.3133105280749351 
7 7 4 4 8 1 0.4027051506789563 
---
4 30 18.64720394736842 5.0 5
0 8 4 4 2 0 0.6161324973609348 
7 7 4 4 8 1 0.4027051506789563 
1 11 1 0 7 0 0.3214458288434723 
12 4 13 2 1 1 0.1983476734006877 
7 7 12 8 7 1 0.1843558283623581 
---
4 31 18.25657894736842 6.0 5
1 11 1 0 7 0 0.3214458288434723 
12 4 13 2 1 1 0.1983476734006877 
0 8 4 4 2 0 0.6161324973609348 
7 7 4 4 8 1 0.4027051506789563 
7 4 8 12 4 0 0.13291536851053953 
7 7 12 8 7 1 0.1843558283623581 
---
4 32 19.017269736842106 8.0 5
12 4 13 2 1 1 0.1983476734006877 
7 7 4 4 8 1 0.4027051506789563 
7 7 12 8 7 1 0.1843558283623581 
7 4 8 12 4 0 0.13291536851053953 
1 11 1 0 7 0 0.3214458288434723 
7 12 4 4 2 0 0.3133105280749351 
2 0 1 2 1 0 0.52780117269781 
7 2 0 13 0 1 0.3161425334235515 
---
5 0 29.35855263157895 1.0 5
0 0 0 1 1 0 0.546967629146329 
---
5 1 18.194901315789476 8.0 5
13 7 7 1 2 0 0.9951317201678365 
11 7 4 4 10 1 0.1818971186961944 
11 1 2 2 1 0 0.12213976477379584 
12 7 8 4 6 1 0.09961997729471572 
12 11 8 4 8 1 0.5683883049047307 
12 4 12 13 4 1 0.226421925064894 
4 8 8 13 6 1 0.33382589683290553 
4 8 7 1 11 0 0.9086855850687126 
---
5 2 23.499177631578945 2.0 5
2 1 0 1 2 0 0.4906674715516949 
0 11 8 0 8 1 0.5118717083261256 
---
5 3 23.499177631578945 2.0 5
2 1 0 1 2 0 0.4906674715516949 
0 11 8 0 8 1 0.5118717083261256 
---
5 4 22.121710526315788 3.0 5
0 8 8 13 6 1 0.33789637823295604 
0 11 8 0 8 1 0.5118717083261256 
2 4 0 1 2 0 0.5170823838949987 
---
5 5 22.121710526315788 3.0 5
0 8 8 13 6 1 0.33789637823295604 
0 11 8 0 8 1 0.5118717083261256 
2 4 0 1 2 0 0.5170823838949987 
---
5 6 21.175986842105264 4.0 5
12 7 8 12 2 1 0.23431729874389373 
12 8 0 13 6 1 0.29480759439257587 
2 1 0 1 2 0 0.4906674715516949 
0 11 8 0 8 1 0.5118717083261256 
---
5 7 20.641447368421055 5.0 5
12 7 8 12 2 1 0.23431729874389373 
2 1 0 1 2 0 0.4906674715516949 
0 2 1 1 2 0 0.6448010156131989 
0 11 8 0 8 1 0.5118717083261256 
0 8 8 13 6 1 0.33789637823295604 
---
5 8 20.250822368421055 6.0 5
11 7 4 4 10 1 0.1818971186961944 
4 8 0 13 6 1 0.3066759974896711 
0 11 8 4 8 1 0.48479817265450786 
11 1 2 2 1 0 0.12213976477379584 
12 7 8 12 2 1 0.23431729874389373 
0 2 1 1 2 0 0.6448010156131989 
---
5 9 20.127467105263158 7.0 5
0 11 8 0 8 1 0.5118717083261256 
4 8 0 13 6 1 0.3066759974896711 
12 7 8 12 2 1 0.23431729874389373 
2 1 0 1 2 0 0.4906674715516949 
11 1 2 2 1 0 0.12213976477379584 
11 7 4 4 10 1 0.1818971186961944 
0 2 1 1 2 0 0.6448010156131989 
---
5 10 21.175986842105264 4.0 5
12 7 8 12 2 1 0.23431729874389373 
12 8 0 13 6 1 0.29480759439257587 
2 1 0 1 2 0 0.4906674715516949 
0 11 8 0 8 1 0.5118717083261256 
---
5 11 20.641447368421055 5.0 5
12 7 8 12 2 1 0.23431729874389373 
2 1 0 1 2 0 0.4906674715516949 
0 2 1 1 2 0 0.6448010156131989 
0 11 8 0 8 1 0.5118717083261256 
0 8 8 13 6 1 0.33789637823295604 
---
5 12 20.250822368421055 6.0 5
11 7 4 4 10 1 0.1818971186961944 
4 8 0 13 6 1 0.3066759974896711 
0 11 8 4 8 1 0.48479817265450786 
11 1 2 2 1 0 0.12213976477379584 
12 7 8 12 2 1 0.23431729874389373 
0 2 1 1 2 0 0.6448010156131989 
---
5 13 20.127467105263158 7.0 5
0 11 8 0 8 1 0.5118717083261256 
4 8 0 13 6 1 0.3066759974896711 
12 7 8 12 2 1 0.23431729874389373 
2 1 0 1 2 0 0.4906674715516949 
11 1 2 2 1 0 0.12213976477379584 
11 7 4 4 10 1 0.1818971186961944 
0 2 1 1 2 0 0.6448010156131989 
---
5 14 29.379111842105267 1.0 5
4 0 0 1 1 0 0.5239517359508453 
---
5 15 18.194901315789476 8.0 5
13 7 7 1 2 0 0.9951317201678365 
11 7 4 4 10 1 0.1818971186961944 
11 1 2 2 1 0 0.12213976477379584 
12 7 8 4 6 1 0.09961997729471572 
12 11 8 4 8 1 0.5683883049047307 
12 4 12 13 4 1 0.226421925064894 
4 8 8 13 6 1 0.33382589683290553 
4 8 7 1 11 0 0.9086855850687126 
---
5 16 23.499177631578945 2.0 5
2 1 0 1 2 0 0.4906674715516949 
0 11 8 0 8 1 0.5118717083261256 
---
5 17 22.121710526315788 3.0 5
0 11 8 0 8 1 0.5118717083261256 
0 8 8 13 6 1 0.33789637823295604 
2 4 0 1 2 0 0.5170823838949987 
---
5 18 21.175986842105264 4.0 5
12 8 0 13 6 1 0.29480759439257587 
12 7 8 12 2 1 0.23431729874389373 
0 11 8 0 8 1 0.5118717083261256 
2 1 0 1 2 0 0.4906674715516949 
---
5 19 20.641447368421055 5.0 5
0 2 1 1 2 0 0.6448010156131989 
0 11 8 0 8 1 0.5118717083261256 
0 8 8 13 6 1 0.33789637823295604 
12 7 8 12 2 1 0.23431729874389373 
2 1 0 1 2 0 0.4906674715516949 
---
5 20 20.250822368421055 6.0 5
11 7 4 4 10 1 0.1818971186961944 
4 8 0 13 6 1 0.3066759974896711 
0 11 8 4 8 1 0.48479817265450786 
11 1 2 2 1 0 0.12213976477379584 
12 7 8 12 2 1 0.23431729874389373 
0 2 1 1 2 0 0.6448010156131989 
---
5 21 20.127467105263158 7.0 5
0 11 8 0 8 1 0.5118717083261256 
4 8 0 13 6 1 0.3066759974896711 
12 7 8 12 2 1 0.23431729874389373 
2 1 0 1 2 0 0.4906674715516949 
11 1 2 2 1 0 0.12213976477379584 
11 7 4 4 10 1 0.1818971186961944 
0 2 1 1 2 0 0.6448010156131989 
---
5 22 29.35855263157895 1.0 5
0 0 0 1 1 0 0.546967629146329 
---
5 23 18.194901315789476 8.0 5
13 7 7 1 2 0 0.9951317201678365 
11 7 4 4 10 1 0.1818971186961944 
11 1 2 2 1 0 0.12213976477379584 
12 7 8 4 6 1 0.09961997729471572 
12 11 8 4 8 1 0.5683883049047307 
12 4 12 13 4 1 0.226421925064894 
4 8 8 13 6 1 0.33382589683290553 
4 8 7 1 11 0 0.9086855850687126 
---
5 24 23.499177631578945 2.0 5
2 1 0 1 2 0 0.4906674715516949 
0 11 8 0 8 1 0.5118717083261256 
---
5 25 22.121710526315788 3.0 5
0 8 8 13 6 1 0.33789637823295604 
0 11 8 0 8 1 0.5118717083261256 
2 4 0 1 2 0 0.5170823838949987 
---
5 26 21.175986842105264 4.0 5
12 7 8 12 2 1 0.23431729874389373 
12 8 0 13 6 1 0.29480759439257587 
2 1 0 1 2 0 0.4906674715516949 
0 11 8 0 8 1 0.5118717083261256 
---
5 27 20.641447368421055 5.0 5
0 11 8 0 8 1 0.5118717083261256 
2 1 0 1 2 0 0.4906674715516949 
0 8 8 13 6 1 0.33789637823295604 
0 2 1 1 2 0 0.6448010156131989 
12 7 8 12 2 1 0.23431729874389373 
---
5 28 20.250822368421055 6.0 5
11 7 4 4 10 1 0.1818971186961944 
4 8 0 13 6 1 0.3066759974896711 
0 11 8 4 8 1 0.48479817265450786 
11 1 2 2 1 0 0.12213976477379584 
12 7 8 12 2 1 0.23431729874389373 
0 2 1 1 2 0 0.6448010156131989 
---
5 29 20.127467105263158 7.0 5
0 11 8 0 8 1 0.5118717083261256 
4 8 0 13 6 1 0.3066759974896711 
12 7 8 12 2 1 0.23431729874389373 
2 1 0 1 2 0 0.4906674715516949 
11 1 2 2 1 0 0.12213976477379584 
11 7 4 4 10 1 0.1818971186961944 
0 2 1 1 2 0 0.6448010156131989 
---
5 30 29.35855263157895 1.0 5
0 0 0 1 1 0 0.546967629146329 
---
5 31 18.194901315789476 8.0 5
13 7 7 1 2 0 0.9951317201678365 
11 7 4 4 10 1 0.1818971186961944 
11 1 2 2 1 0 0.12213976477379584 
12 7 8 4 6 1 0.09961997729471572 
12 11 8 4 8 1 0.5683883049047307 
12 4 12 13 4 1 0.226421925064894 
4 8 8 13 6 1 0.33382589683290553 
4 8 7 1 11 0 0.9086855850687126 
---
5 32 23.499177631578945 2.0 5
0 11 8 0 8 1 0.5118717083261256 
2 1 0 1 2 0 0.4906674715516949 
---
6 0 29.420230263157894 1.0 5
2 1 2 1 4 0 0.499638980207584 
---
6 1 19.387335526315788 21.0 5
4 7 7 3 13 0 0.6501500218804643 
8 8 5 0 4 0 0.1141796810669149 
4 11 3 6 7 1 0.6670955436360759 
4 7 7 2 3 0 0.25429080630374923 
7 11 8 12 1 1 0.17686416090485713 
8 7 4 2 3 0 0.6795408772489362 
3 1 7 0 11 0 0.3711858602344136 
8 1 9 1 11 1 0.3086040820082516 
7 7 4 8 3 1 0.19456014865331084 
3 12 1 11 7 0 0.7977415333430262 
4 7 13 12 3 0 0.18693056408855702 
7 7 4 1 8 1 0.1981999125200411 
4 7 13 2 7 0 0.23090759004454364 
8 1 9 1 11 1 0.3086040820082516 
4 11 4 5 2 1 0.31173459698068395 
12 8 11 7 8 0 0.9358842133425884 
4 11 8 5 8 1 0.6140052882113962 
11 1 11 12 1 0 0.6799513734747638 
4 1 7 1 13 0 0.45604812812724504 
12 4 8 13 1 1 0.27224522714984845 
12 8 8 2 11 0 0.3598673009377855 
---
6 2 21.813322368421055 2.0 5
4 7 0 8 2 1 0.2014274522080124 
2 0 2 2 4 0 0.2955454811388274 
---
6 3 19.407894736842106 18.0 5
7 11 8 12 1 1 0.17686416090485713 
12 8 8 2 11 0 0.3598673009377855 
4 7 7 2 3 0 0.25429080630374923 
4 7 13 2 7 0 0.23090759004454364 
4 11 3 6 7 1 0.6670955436360759 
4 7 13 12 3 0 0.18693056408855702 
3 12 1 11 0 0 0.717922076566772 
3 1 7 0 11 0 0.3711858602344136 
8 7 4 2 3 0 0.6795408772489362 
11 1 11 12 1 0 0.6799513734747638 
4 11 4 5 2 1 0.31173459698068395 
12 8 11 7 8 0 0.9358842133425884 
12 4 8 13 1 1 0.27224522714984845 
7 7 4 1 8 1 0.1981999125200411 
4 11 8 5 8 1 0.6140052882113962 
7 7 4 8 3 1 0.19456014865331084 
8 1 9 1 11 1 0.3086040820082516 
4 1 7 1 13 0 0.45604812812724504 
---
6 4 20.888157894736842 3.0 5
11 0 2 2 4 0 0.137728450880519 
4 7 0 8 2 1 0.2014274522080124 
8 2 2 4 4 0 0.6327846299244582 
---
6 5 21.957236842105264 4.0 5
7 11 8 12 1 1 0.17686416090485713 
4 7 13 2 7 0 0.23090759004454364 
12 7 0 13 1 1 0.26536644346823834 
2 1 1 1 1 0 0.6536293489791472 
---
6 6 20.189144736842106 14.0 5
4 1 7 1 13 0 0.45604812812724504 
12 8 8 2 11 0 0.3598673009377855 
12 4 8 13 1 1 0.27224522714984845 
7 7 4 1 8 1 0.1981999125200411 
7 11 8 12 1 1 0.17686416090485713 
8 1 9 1 11 1 0.3086040820082516 
7 7 4 8 3 1 0.19456014865331084 
4 7 13 12 3 0 0.18693056408855702 
8 7 4 2 3 0 0.6795408772489362 
4 11 4 5 2 1 0.31173459698068395 
4 7 13 2 7 0 0.23090759004454364 
3 1 7 0 11 0 0.3711858602344136 
3 12 1 11 7 0 0.7977415333430262 
4 11 3 6 7 1 0.6670955436360759 
---
6 7 21.813322368421055 2.0 5
4 7 0 8 2 1 0.2014274522080124 
2 0 2 2 4 0 0.2955454811388274 
---
6 8 20.888157894736842 3.0 5
11 0 2 2 4 0 0.137728450880519 
4 7 0 8 2 1 0.2014274522080124 
8 2 2 4 4 0 0.6327846299244582 
---
6 9 19.572368421052634 17.0 5
4 7 13 2 7 0 0.23090759004454364 
4 11 3 6 7 1 0.6670955436360759 
11 1 11 12 1 0 0.6799513734747638 
7 7 4 1 8 1 0.1981999125200411 
4 1 7 1 13 0 0.45604812812724504 
12 8 11 7 8 0 0.9358842133425884 
7 7 4 8 3 1 0.19456014865331084 
3 12 1 11 7 0 0.7977415333430262 
8 7 4 2 3 0 0.6795408772489362 
3 1 7 0 11 0 0.3711858602344136 
8 1 9 1 11 1 0.3086040820082516 
4 7 13 12 3 0 0.18693056408855702 
12 4 8 13 1 1 0.27224522714984845 
4 11 4 5 2 1 0.31173459698068395 
4 7 7 2 3 0 0.25429080630374923 
7 11 8 12 1 1 0.17686416090485713 
12 8 8 2 11 0 0.3598673009377855 
---
6 10 20.106907894736842 15.0 5
12 4 8 13 1 1 0.27224522714984845 
4 7 13 12 3 0 0.18693056408855702 
7 7 4 1 8 1 0.1981999125200411 
8 1 9 1 11 1 0.3086040820082516 
8 7 4 2 3 0 0.6795408772489362 
7 7 4 8 3 1 0.19456014865331084 
4 11 3 6 7 1 0.6670955436360759 
3 12 1 11 7 0 0.7977415333430262 
4 11 4 5 2 1 0.31173459698068395 
4 7 13 2 7 0 0.23090759004454364 
11 1 11 12 1 0 0.6799513734747638 
12 8 8 2 11 0 0.3598673009377855 
4 1 7 1 13 0 0.45604812812724504 
7 11 8 12 1 1 0.17686416090485713 
3 1 7 0 11 0 0.3711858602344136 
---
6 11 20.559210526315788 10.0 5
4 7 13 2 7 0 0.23090759004454364 
3 12 1 11 7 0 0.7977415333430262 
3 1 7 0 11 0 0.3711858602344136 
12 8 8 2 11 0 0.3598673009377855 
7 7 4 1 8 1 0.1981999125200411 
8 7 4 2 3 0 0.6795408772489362 
4 1 7 1 13 0 0.45604812812724504 
4 11 3 6 7 1 0.6670955436360759 
7 7 4 8 3 1 0.19456014865331084 
12 4 8 13 1 1 0.27224522714984845 
---
6 12 20.559210526315788 11.0 5
4 1 7 1 13 0 0.45604812812724504 
7 7 4 1 8 1 0.1981999125200411 
4 7 13 2 7 0 0.23090759004454364 
12 8 8 2 11 0 0.3598673009377855 
7 7 4 8 3 1 0.19456014865331084 
3 1 7 0 11 0 0.3711858602344136 
4 11 3 6 7 1 0.6670955436360759 
8 7 4 2 3 0 0.6795408772489362 
12 4 8 13 1 1 0.27224522714984845 
4 11 4 5 2 1 0.31173459698068395 
3 12 1 11 7 0 0.7977415333430262 
---
6 13 19.880756578947366 8.0 5
1 2 1 7 1 0 0.7901419225986224 
4 7 7 3 13 0 0.6501500218804643 
4 7 13 2 7 0 0.23090759004454364 
12 4 8 13 1 1 0.27224522714984845 
7 7 4 1 8 1 0.1981999125200411 
8 7 4 2 3 0 0.6795408772489362 
3 1 7 0 11 0 0.3711858602344136 
7 7 4 8 3 1 0.19456014865331084 
---
6 14 20.662006578947366 9.0 5
3 12 4 11 7 0 0.8171395546756905 
8 7 4 2 3 0 0.6795408772489362 
12 8 8 2 11 0 0.3598673009377855 
7 7 4 1 8 1 0.1981999125200411 
7 7 4 8 3 1 0.19456014865331084 
3 1 7 0 11 0 0.3711858602344136 
4 7 13 2 7 0 0.23090759004454364 
4 1 7 1 13 0 0.45604812812724504 
12 4 8 13 1 1 0.27224522714984845 
---
6 15 20.559210526315788 10.0 5
4 7 13 2 7 0 0.23090759004454364 
3 12 1 11 7 0 0.7977415333430262 
3 1 7 0 11 0 0.3711858602344136 
12 8 8 2 11 0 0.3598673009377855 
7 7 4 1 8 1 0.1981999125200411 
8 7 4 2 3 0 0.6795408772489362 
4 1 7 1 13 0 0.45604812812724504 
4 11 3 6 7 1 0.6670955436360759 
7 7 4 8 3 1 0.19456014865331084 
12 4 8 13 1 1 0.27224522714984845 
---
6 16 20.662006578947366 9.0 5
4 7 13 2 7 0 0.23090759004454364 
7 7 4 1 8 1 0.1981999125200411 
4 1 7 1 13 0 0.45604812812724504 
12 4 8 13 1 1 0.27224522714984845 
7 7 4 8 3 1 0.19456014865331084 
12 8 8 2 11 0 0.3598673009377855 
3 12 1 11 7 0 0.7977415333430262 
8 7 4 2 3 0 0.6795408772489362 
3 1 7 0 11 0 0.3711858602344136 
---
6 17 21.258223684210524 5.0 5
7 11 8 12 1 1 0.17686416090485713 
4 7 13 2 7 0 0.23090759004454364 
12 7 0 13 1 1 0.26536644346823834 
2 4 1 1 1 0 0.6929654348554761 
7 7 4 1 8 1 0.1981999125200411 
---
6 18 20.847039473684212 6.0 5
12 7 0 13 1 1 0.26536644346823834 
7 7 4 1 8 1 0.1981999125200411 
2 4 1 1 1 0 0.6929654348554761 
7 11 8 12 1 1 0.17686416090485713 
4 7 13 2 7 0 0.23090759004454364 
4 1 7 1 13 0 0.45604812812724504 
---
6 19 20.559210526315788 11.0 5
4 1 7 1 13 0 0.45604812812724504 
7 7 4 1 8 1 0.1981999125200411 
4 7 13 2 7 0 0.23090759004454364 
12 8 8 2 11 0 0.3598673009377855 
7 7 4 8 3 1 0.19456014865331084 
3 1 7 0 11 0 0.3711858602344136 
4 11 3 6 7 1 0.6670955436360759 
8 7 4 2 3 0 0.6795408772489362 
12 4 8 13 1 1 0.27224522714984845 
4 11 4 5 2 1 0.31173459698068395 
3 12 1 11 7 0 0.7977415333430262 
---
6 20 20.538651315789476 12.0 5
4 11 4 5 2 1 0.31173459698068395 
4 7 13 2 7 0 0.23090759004454364 
3 1 7 0 11 0 0.3711858602344136 
4 1 7 1 13 0 0.45604812812724504 
7 7 4 1 8 1 0.1981999125200411 
3 12 1 11 7 0 0.7977415333430262 
12 8 8 2 11 0 0.3598673009377855 
7 7 4 8 3 1 0.19456014865331084 
4 11 3 6 7 1 0.6670955436360759 
8 7 4 2 3 0 0.6795408772489362 
12 4 8 13 1 1 0.27224522714984845 
8 1 9 1 11 1 0.3086040820082516 
---
6 21 21.957236842105264 4.0 5
7 11 8 12 1 1 0.17686416090485713 
4 7 13 2 7 0 0.23090759004454364 
12 7 0 13 1 1 0.26536644346823834 
2 1 1 1 1 0 0.6536293489791472 
---
6 22 21.258223684210524 5.0 5
7 11 8 12 1 1 0.17686416090485713 
4 7 13 2 7 0 0.23090759004454364 
12 7 0 13 1 1 0.26536644346823834 
2 4 1 1 1 0 0.6929654348554761 
7 7 4 1 8 1 0.1981999125200411 
---
6 23 20.004111842105264 13.0 5
3 12 1 11 0 0 0.717922076566772 
8 7 4 2 3 0 0.6795408772489362 
12 8 8 2 11 0 0.3598673009377855 
3 1 7 0 11 0 0.3711858602344136 
7 7 4 8 3 1 0.19456014865331084 
7 7 4 1 8 1 0.1981999125200411 
4 7 13 2 7 0 0.23090759004454364 
12 4 8 13 1 1 0.27224522714984845 
4 1 7 1 13 0 0.45604812812724504 
4 11 4 5 2 1 0.31173459698068395 
7 11 8 12 1 1 0.17686416090485713 
4 11 3 6 7 1 0.6670955436360759 
8 1 9 1 11 1 0.3086040820082516 
---
6 24 20.106907894736842 15.0 5
12 4 8 13 1 1 0.27224522714984845 
4 7 13 12 3 0 0.18693056408855702 
7 7 4 1 8 1 0.1981999125200411 
8 1 9 1 11 1 0.3086040820082516 
8 7 4 2 3 0 0.6795408772489362 
7 7 4 8 3 1 0.19456014865331084 
4 11 3 6 7 1 0.6670955436360759 
3 12 1 11 7 0 0.7977415333430262 
4 11 4 5 2 1 0.31173459698068395 
4 7 13 2 7 0 0.23090759004454364 
11 1 11 12 1 0 0.6799513734747638 
12 8 8 2 11 0 0.3598673009377855 
4 1 7 1 13 0 0.45604812812724504 
7 11 8 12 1 1 0.17686416090485713 
3 1 7 0 11 0 0.3711858602344136 
---
6 25 20.847039473684212 6.0 5
12 7 0 13 1 1 0.26536644346823834 
7 7 4 1 8 1 0.1981999125200411 
2 4 1 1 1 0 0.6929654348554761 
7 11 8 12 1 1 0.17686416090485713 
4 7 13 2 7 0 0.23090759004454364 
4 1 7 1 13 0 0.45604812812724504 
---
6 26 20.764802631578945 7.0 5
12 4 8 13 1 1 0.27224522714984845 
4 7 7 3 13 0 0.6501500218804643 
7 11 8 12 1 1 0.17686416090485713 
12 7 0 13 1 1 0.26536644346823834 
2 4 1 1 1 0 0.6929654348554761 
7 7 4 1 8 1 0.1981999125200411 
4 7 13 2 7 0 0.23090759004454364 
---
6 27 20.764802631578945 7.0 5
12 4 8 13 1 1 0.27224522714984845 
4 7 7 3 13 0 0.6501500218804643 
7 11 8 12 1 1 0.17686416090485713 
12 7 0 13 1 1 0.26536644346823834 
2 4 1 1 1 0 0.6929654348554761 
7 7 4 1 8 1 0.1981999125200411 
4 7 13 2 7 0 0.23090759004454364 
---
6 28 19.880756578947366 8.0 5
1 2 1 7 1 0 0.7901419225986224 
4 7 7 3 13 0 0.6501500218804643 
4 7 13 2 7 0 0.23090759004454364 
12 4 8 13 1 1 0.27224522714984845 
7 7 4 1 8 1 0.1981999125200411 
8 7 4 2 3 0 0.6795408772489362 
3 1 7 0 11 0 0.3711858602344136 
7 7 4 8 3 1 0.19456014865331084 
---
6 29 19.572368421052634 17.0 5
4 7 13 2 7 0 0.23090759004454364 
4 11 3 6 7 1 0.6670955436360759 
11 1 11 12 1 0 0.6799513734747638 
7 7 4 1 8 1 0.1981999125200411 
4 1 7 1 13 0 0.45604812812724504 
12 8 11 7 8 0 0.9358842133425884 
7 7 4 8 3 1 0.19456014865331084 
3 12 1 11 7 0 0.7977415333430262 
8 7 4 2 3 0 0.6795408772489362 
3 1 7 0 11 0 0.3711858602344136 
8 1 9 1 11 1 0.3086040820082516 
4 7 13 12 3 0 0.18693056408855702 
12 4 8 13 1 1 0.27224522714984845 
4 11 4 5 2 1 0.31173459698068395 
4 7 7 2 3 0 0.25429080630374923 
7 11 8 12 1 1 0.17686416090485713 
12 8 8 2 11 0 0.3598673009377855 
---
6 30 20.538651315789476 12.0 5
4 11 4 5 2 1 0.31173459698068395 
4 7 13 2 7 0 0.23090759004454364 
3 1 7 0 11 0 0.3711858602344136 
4 1 7 1 13 0 0.45604812812724504 
7 7 4 1 8 1 0.1981999125200411 
3 12 1 11 7 0 0.7977415333430262 
12 8 8 2 11 0 0.3598673009377855 
7 7 4 8 3 1 0.19456014865331084 
4 11 3 6 7 1 0.6670955436360759 
8 7 4 2 3 0 0.6795408772489362 
12 4 8 13 1 1 0.27224522714984845 
8 1 9 1 11 1 0.3086040820082516 
---
6 31 20.004111842105264 13.0 5
3 12 1 11 0 0 0.717922076566772 
8 7 4 2 3 0 0.6795408772489362 
12 8 8 2 11 0 0.3598673009377855 
3 1 7 0 11 0 0.3711858602344136 
7 7 4 8 3 1 0.19456014865331084 
7 7 4 1 8 1 0.1981999125200411 
4 7 13 2 7 0 0.23090759004454364 
12 4 8 13 1 1 0.27224522714984845 
4 1 7 1 13 0 0.45604812812724504 
4 11 4 5 2 1 0.31173459698068395 
7 11 8 12 1 1 0.17686416090485713 
4 11 3 6 7 1 0.6670955436360759 
8 1 9 1 11 1 0.3086040820082516 
---
6 32 19.407894736842106 18.0 5
7 11 8 12 1 1 0.17686416090485713 
12 8 8 2 11 0 0.3598673009377855 
4 7 7 2 3 0 0.25429080630374923 
4 7 13 2 7 0 0.23090759004454364 
4 11 3 6 7 1 0.6670955436360759 
4 7 13 12 3 0 0.18693056408855702 
3 12 1 11 0 0 0.717922076566772 
3 1 7 0 11 0 0.3711858602344136 
8 7 4 2 3 0 0.6795408772489362 
11 1 11 12 1 0 0.6799513734747638 
4 11 4 5 2 1 0.31173459698068395 
12 8 11 7 8 0 0.9358842133425884 
12 4 8 13 1 1 0.27224522714984845 
7 7 4 1 8 1 0.1981999125200411 
4 11 8 5 8 1 0.6140052882113962 
7 7 4 8 3 1 0.19456014865331084 
8 1 9 1 11 1 0.3086040820082516 
4 1 7 1 13 0 0.45604812812724504 
---
7 0 29.44078947368421 1.0 5
2 1 2 4 0 0 0.33482069524155 
---
7 1 18.75 10.0 5
7 6 7 2 11 0 0.5288272360555867 
12 5 8 8 11 0 0.40831727745149826 
1 2 11 1 10 1 0.4852653177420305 
12 7 13 4 7 1 0.14604629599025198 
7 4 11 13 7 1 0.3310178820872933 
12 12 5 8 11 1 0.2029536297697273 
12 7 13 4 2 1 0.3982330643183637 
2 1 3 2 2 0 0.8394245195609669 
5 1 5 0 1 0 0.8662432171356174 
3 12 5 4 7 0 0.45286876678048427 
---
7 2 23.643092105263158 2.0 5
2 2 2 1 1 0 0.5365593283994021 
12 7 13 4 0 1 0.2975653171848498 
---
7 3 22.923519736842106 3.0 5
2 2 2 1 2 0 0.45279844296001714 
12 7 13 0 2 1 0.35213715644652854 
3 12 5 4 11 0 0.48416996100876175 
---
7 4 19.983552631578945 4.0 5
0 4 11 4 2 0 0.8899926979247974 
12 7 13 4 2 1 0.3982330643183637 
5 1 5 0 1 0 0.8662432171356174 
3 12 5 4 7 0 0.45286876678048427 
---
7 5 23.643092105263158 2.0 5
2 2 2 1 1 0 0.5365593283994021 
12 7 13 4 0 1 0.2975653171848498 
---
7 6 22.923519736842106 3.0 5
2 2 2 1 2 0 0.45279844296001714 
12 7 13 0 2 1 0.35213715644652854 
3 12 5 4 11 0 0.48416996100876175 
---
7 7 19.983552631578945 4.0 5
0 4 11 4 2 0 0.8899926979247974 
12 7 13 4 2 1 0.3982330643183637 
5 1 5 0 1 0 0.8662432171356174 
3 12 5 4 7 0 0.45286876678048427 
---
7 8 19.777960526315788 5.0 5
2 1 11 2 2 0 0.8601183175011806 
12 7 13 4 2 1 0.3982330643183637 
3 12 5 4 7 0 0.45286876678048427 
5 1 5 0 1 0 0.8662432171356174 
12 4 11 13 7 1 0.4010056974259486 
---
7 9 19.777960526315788 5.0 5
2 1 11 2 2 0 0.8601183175011806 
12 7 13 4 2 1 0.3982330643183637 
3 12 5 4 7 0 0.45286876678048427 
5 1 5 0 1 0 0.8662432171356174 
12 4 11 13 7 1 0.4010056974259486 
---
7 10 19.53125 6.0 5
5 1 5 0 1 0 0.8662432171356174 
7 4 11 13 7 1 0.3310178820872933 
2 1 3 0 2 0 0.864131126764131 
7 6 7 2 11 0 0.5288272360555867 
12 7 13 4 2 1 0.3982330643183637 
3 12 5 4 7 0 0.45286876678048427 
---
7 11 19.53125 6.0 5
5 1 5 0 1 0 0.8662432171356174 
7 4 11 13 7 1 0.3310178820872933 
2 1 3 0 2 0 0.864131126764131 
7 6 7 2 11 0 0.5288272360555867 
12 7 13 4 2 1 0.3982330643183637 
3 12 5 4 7 0 0.45286876678048427 
---
7 12 19.120065789473685 7.0 5
7 6 7 2 11 0 0.5288272360555867 
3 12 5 4 7 0 0.45286876678048427 
2 1 3 0 2 0 0.864131126764131 
5 1 5 0 1 0 0.8662432171356174 
12 7 13 4 2 1 0.3982330643183637 
7 4 11 13 7 1 0.3310178820872933 
12 5 8 8 11 0 0.40831727745149826 
---
7 13 19.120065789473685 7.0 5
7 6 7 2 11 0 0.5288272360555867 
3 12 5 4 7 0 0.45286876678048427 
2 1 3 0 2 0 0.864131126764131 
5 1 5 0 1 0 0.8662432171356174 
12 7 13 4 2 1 0.3982330643183637 
7 4 11 13 7 1 0.3310178820872933 
12 5 8 8 11 0 0.40831727745149826 
---
7 14 18.544407894736842 8.0 5
12 7 13 4 2 1 0.3982330643183637 
5 1 5 0 1 0 0.8662432171356174 
12 5 8 8 11 0 0.40831727745149826 
7 4 11 13 7 1 0.3310178820872933 
2 1 3 2 2 0 0.8394245195609669 
12 12 5 8 11 1 0.2029536297697273 
3 12 5 4 7 0 0.45286876678048427 
7 6 7 2 11 0 0.5288272360555867 
---
7 15 18.379934210526315 9.0 5
12 7 13 4 2 1 0.3982330643183637 
3 12 5 4 7 0 0.45286876678048427 
5 1 5 0 1 0 0.8662432171356174 
12 7 13 4 7 1 0.14604629599025198 
7 6 7 2 11 0 0.5288272360555867 
7 4 11 13 7 1 0.3310178820872933 
12 5 8 8 11 0 0.40831727745149826 
2 1 3 2 2 0 0.8394245195609669 
12 12 5 8 11 1 0.2029536297697273 
---
7 16 18.544407894736842 8.0 5
12 7 13 4 2 1 0.3982330643183637 
5 1 5 0 1 0 0.8662432171356174 
12 5 8 8 11 0 0.40831727745149826 
7 4 11 13 7 1 0.3310178820872933 
2 1 3 2 2 0 0.8394245195609669 
12 12 5 8 11 1 0.2029536297697273 
3 12 5 4 7 0 0.45286876678048427 
7 6 7 2 11 0 0.5288272360555867 
---
7 17 18.379934210526315 9.0 5
12 7 13 4 2 1 0.3982330643183637 
3 12 5 4 7 0 0.45286876678048427 
5 1 5 0 1 0 0.8662432171356174 
12 7 13 4 7 1 0.14604629599025198 
7 6 7 2 11 0 0.5288272360555867 
7 4 11 13 7 1 0.3310178820872933 
12 5 8 8 11 0 0.40831727745149826 
2 1 3 2 2 0 0.8394245195609669 
12 12 5 8 11 1 0.2029536297697273 
---
7 18 29.44078947368421 1.0 5
2 1 2 4 0 0 0.33482069524155 
---
7 19 18.75 10.0 5
7 6 7 2 11 0 0.5288272360555867 
12 5 8 8 11 0 0.40831727745149826 
1 2 11 1 10 1 0.4852653177420305 
12 7 13 4 7 1 0.14604629599025198 
7 4 11 13 7 1 0.3310178820872933 
12 12 5 8 11 1 0.2029536297697273 
12 7 13 4 2 1 0.3982330643183637 
2 1 3 2 2 0 0.8394245195609669 
5 1 5 0 1 0 0.8662432171356174 
3 12 5 4 7 0 0.45286876678048427 
---
7 20 23.643092105263158 2.0 5
2 2 2 1 1 0 0.5365593283994021 
12 7 13 4 0 1 0.2975653171848498 
---
7 21 22.923519736842106 3.0 5
12 7 13 0 2 1 0.35213715644652854 
3 12 5 4 11 0 0.48416996100876175 
2 2 2 1 2 0 0.45279844296001714 
---
7 22 19.983552631578945 4.0 5
0 4 11 4 2 0 0.8899926979247974 
12 7 13 4 2 1 0.3982330643183637 
5 1 5 0 1 0 0.8662432171356174 
3 12 5 4 7 0 0.45286876678048427 
---
7 23 19.777960526315788 5.0 5
2 1 11 2 2 0 0.8601183175011806 
12 7 13 4 2 1 0.3982330643183637 
3 12 5 4 7 0 0.45286876678048427 
5 1 5 0 1 0 0.8662432171356174 
12 4 11 13 7 1 0.4010056974259486 
---
7 24 19.53125 6.0 5
5 1 5 0 1 0 0.8662432171356174 
7 4 11 13 7 1 0.3310178820872933 
2 1 3 0 2 0 0.864131126764131 
7 6 7 2 11 0 0.5288272360555867 
12 7 13 4 2 1 0.3982330643183637 
3 12 5 4 7 0 0.45286876678048427 
---
7 25 19.120065789473685 7.0 5
7 6 7 2 11 0 0.5288272360555867 
3 12 5 4 7 0 0.45286876678048427 
2 1 3 0 2 0 0.864131126764131 
5 1 5 0 1 0 0.8662432171356174 
12 7 13 4 2 1 0.3982330643183637 
7 4 11 13 7 1 0.3310178820872933 
12 5 8 8 11 0 0.40831727745149826 
---
7 26 18.544407894736842 8.0 5
12 7 13 4 2 1 0.3982330643183637 
5 1 5 0 1 0 0.8662432171356174 
12 5 8 8 11 0 0.40831727745149826 
7 4 11 13 7 1 0.3310178820872933 
2 1 3 2 2 0 0.8394245195609669 
12 12 5 8 11 1 0.2029536297697273 
3 12 5 4 7 0 0.45286876678048427 
7 6 7 2 11 0 0.5288272360555867 
---
7 27 18.379934210526315 9.0 5
12 7 13 4 2 1 0.3982330643183637 
3 12 5 4 7 0 0.45286876678048427 
5 1 5 0 1 0 0.8662432171356174 
12 7 13 4 7 1 0.14604629599025198 
7 6 7 2 11 0 0.5288272360555867 
7 4 11 13 7 1 0.3310178820872933 
12 5 8 8 11 0 0.40831727745149826 
2 1 3 2 2 0 0.8394245195609669 
12 12 5 8 11 1 0.2029536297697273 
---
7 28 29.44078947368421 1.0 5
2 1 2 4 0 0 0.33482069524155 
---
7 29 18.75 10.0 5
7 6 7 2 11 0 0.5288272360555867 
12 5 8 8 11 0 0.40831727745149826 
1 2 11 1 10 1 0.4852653177420305 
12 7 13 4 7 1 0.14604629599025198 
7 4 11 13 7 1 0.3310178820872933 
12 12 5 8 11 1 0.2029536297697273 
12 7 13 4 2 1 0.3982330643183637 
2 1 3 2 2 0 0.8394245195609669 
5 1 5 0 1 0 0.8662432171356174 
3 12 5 4 7 0 0.45286876678048427 
---
7 30 23.643092105263158 2.0 5
2 2 2 1 1 0 0.5365593283994021 
12 7 13 4 0 1 0.2975653171848498 
---
7 31 22.923519736842106 3.0 5
2 2 2 1 2 0 0.45279844296001714 
12 7 13 0 2 1 0.35213715644652854 
3 12 5 4 11 0 0.48416996100876175 
---
7 32 19.983552631578945 4.0 5
0 4 11 4 2 0 0.8899926979247974 
12 7 13 4 2 1 0.3982330643183637 
5 1 5 0 1 0 0.8662432171356174 
3 12 5 4 7 0 0.45286876678048427 
---
8 0 29.44078947368421 1.0 5
2 2 4 2 1 0 0.43307007760659033 
---
8 1 17.269736842105264 28.0 5
11 12 5 4 4 0 0.2796436547527019 
12 11 7 8 7 0 0.146623083546512 
11 2 4 8 12 1 0.12834684242500072 
13 3 2 11 11 0 0.9864469163077683 
11 8 2 6 1 0 0.6632744605096839 
11 2 6 1 12 0 0.8910652403771036 
8 0 13 4 1 1 0.3031483022420125 
3 12 2 12 4 0 0.2745641435057762 
4 7 2 8 1 1 0.17068347588667332 
8 7 1 11 3 0 0.9145905059224972 
11 1 4 5 10 1 0.254533706272418 
8 8 11 8 11 0 0.9752546005808116 
3 12 12 2 8 1 0.3739320568178657 
7 3 11 1 12 1 0.253748430381176 
4 3 4 4 2 0 0.13930341480128883 
11 12 9 4 11 0 0.5490430522999725 
11 2 5 7 1 0 0.532392358174923 
11 12 9 4 11 0 0.5490430522999725 
7 11 8 14 1 0 0.22577360407598723 
13 12 4 0 4 0 0.9190005432893926 
12 7 8 8 11 1 0.2069352304714862 
12 7 8 8 11 1 0.2069352304714862 
11 12 5 12 7 0 0.43886657713625565 
12 12 5 4 8 1 0.588664416276119 
1 12 14 11 2 0 0.40906344892772517 
1 11 4 12 4 0 0.059044646464379236 
12 7 5 4 8 1 0.6105331899140626 
4 7 2 8 1 1 0.17068347588667332 
---
8 2 21.895559210526315 2.0 5
2 1 1 1 1 0 0.6814299957041081 
4 7 2 8 1 1 0.17068347588667332 
---
8 3 21.895559210526315 2.0 5
2 1 1 1 1 0 0.6814299957041081 
4 7 2 8 1 1 0.17068347588667332 
---
8 4 20.086348684210524 3.0 5
4 7 2 8 1 1 0.17068347588667332 
2 1 1 2 1 0 0.4733835194710907 
11 12 5 12 7 0 0.43886657713625565 
---
8 5 18.174342105263158 13.0 5
8 7 12 11 3 0 0.9175463922654146 
4 7 2 8 1 1 0.17068347588667332 
4 2 6 2 2 0 0.922361184828931 
11 2 5 7 1 0 0.532392358174923 
12 7 5 4 8 1 0.6105331899140626 
11 12 5 12 7 0 0.43886657713625565 
13 12 4 8 0 0 0.9418104689115827 
4 3 4 4 2 0 0.13930341480128883 
3 12 2 12 4 0 0.2745641435057762 
8 0 13 4 1 1 0.3031483022420125 
7 11 8 14 1 0 0.22577360407598723 
3 12 12 2 8 1 0.3739320568178657 
7 3 11 1 12 1 0.253748430381176 
---
8 6 17.701480263157894 22.0 5
13 3 2 11 11 0 0.9864469163077683 
12 12 5 4 8 1 0.588664416276119 
3 12 2 12 4 0 0.2745641435057762 
1 11 4 12 4 0 0.059044646464379236 
11 1 4 5 10 1 0.254533706272418 
7 3 11 1 12 1 0.253748430381176 
11 2 4 8 12 1 0.12834684242500072 
8 7 1 11 3 0 0.9145905059224972 
1 12 14 11 2 0 0.40906344892772517 
4 3 4 4 2 0 0.13930341480128883 
4 2 6 2 2 0 0.922361184828931 
3 12 12 2 8 1 0.3739320568178657 
4 7 2 8 1 1 0.17068347588667332 
13 12 4 8 0 0 0.9418104689115827 
12 7 8 8 11 1 0.2069352304714862 
7 11 8 14 1 0 0.22577360407598723 
11 12 5 12 7 0 0.43886657713625565 
11 2 5 7 1 0 0.532392358174923 
11 12 5 4 4 0 0.2796436547527019 
12 7 5 4 8 1 0.6105331899140626 
11 12 9 4 11 0 0.5490430522999725 
8 0 13 4 1 1 0.3031483022420125 
---
8 7 18.976151315789476 8.0 5
11 2 4 8 12 1 0.12834684242500072 
2 1 1 2 1 0 0.4733835194710907 
7 3 11 1 12 1 0.253748430381176 
11 2 5 7 1 0 0.532392358174923 
13 7 4 0 4 0 0.970795364325747 
4 7 2 8 1 1 0.17068347588667332 
11 12 5 12 7 0 0.43886657713625565 
8 0 13 4 1 1 0.3031483022420125 
---
8 8 17.413651315789476 11.0 5
3 12 12 2 8 1 0.3739320568178657 
7 3 11 1 12 1 0.253748430381176 
13 7 4 0 4 0 0.970795364325747 
8 0 13 4 1 1 0.3031483022420125 
11 2 5 7 1 0 0.532392358174923 
11 12 5 12 7 0 0.43886657713625565 
1 1 1 2 1 0 0.21652758513800885 
12 7 5 4 8 1 0.6105331899140626 
4 3 4 4 2 0 0.13930341480128883 
4 7 2 8 1 1 0.17068347588667332 
11 12 9 4 11 0 0.5490430522999725 
---
8 9 18.564967105263158 7.0 5
7 3 11 1 12 1 0.253748430381176 
11 2 5 7 1 0 0.532392358174923 
8 0 13 4 1 1 0.3031483022420125 
4 7 2 8 1 1 0.17068347588667332 
13 7 4 0 4 0 0.970795364325747 
2 1 1 2 1 0 0.4733835194710907 
11 12 5 12 7 0 0.43886657713625565 
---
8 10 17.537006578947366 25.0 5
11 2 4 8 12 1 0.12834684242500072 
11 12 5 12 7 0 0.43886657713625565 
13 12 4 0 4 0 0.9190005432893926 
3 12 12 2 8 1 0.3739320568178657 
11 12 5 4 4 0 0.2796436547527019 
12 7 8 8 11 1 0.2069352304714862 
7 11 8 14 1 0 0.22577360407598723 
12 7 5 4 8 1 0.6105331899140626 
11 1 4 5 10 1 0.254533706272418 
4 3 4 4 2 0 0.13930341480128883 
11 2 6 1 12 0 0.8910652403771036 
12 12 5 4 8 1 0.588664416276119 
7 3 11 1 12 1 0.253748430381176 
12 11 7 8 7 0 0.146623083546512 
8 0 13 4 1 1 0.3031483022420125 
11 12 9 4 11 0 0.5490430522999725 
3 12 2 12 4 0 0.2745641435057762 
11 2 5 7 1 0 0.532392358174923 
4 7 2 8 1 1 0.17068347588667332 
13 3 2 11 11 0 0.9864469163077683 
1 11 4 12 4 0 0.059044646464379236 
8 7 1 11 3 0 0.9145905059224972 
1 12 14 11 2 0 0.40906344892772517 
8 8 11 8 11 0 0.9752546005808116 
4 3 4 4 2 0 0.13930341480128883 
---
8 11 17.537006578947366 25.0 5
11 2 4 8 12 1 0.12834684242500072 
11 12 5 12 7 0 0.43886657713625565 
13 12 4 0 4 0 0.9190005432893926 
3 12 12 2 8 1 0.3739320568178657 
11 12 5 4 4 0 0.2796436547527019 
12 7 8 8 11 1 0.2069352304714862 
7 11 8 14 1 0 0.22577360407598723 
12 7 5 4 8 1 0.6105331899140626 
11 1 4 5 10 1 0.254533706272418 
4 3 4 4 2 0 0.13930341480128883 
11 2 6 1 12 0 0.8910652403771036 
12 12 5 4 8 1 0.588664416276119 
7 3 11 1 12 1 0.253748430381176 
12 11 7 8 7 0 0.146623083546512 
8 0 13 4 1 1 0.3031483022420125 
11 12 9 4 11 0 0.5490430522999725 
3 12 2 12 4 0 0.2745641435057762 
11 2 5 7 1 0 0.532392358174923 
4 7 2 8 1 1 0.17068347588667332 
13 3 2 11 11 0 0.9864469163077683 
1 11 4 12 4 0 0.059044646464379236 
8 7 1 11 3 0 0.9145905059224972 
1 12 14 11 2 0 0.40906344892772517 
8 8 11 8 11 0 0.9752546005808116 
4 3 4 4 2 0 0.13930341480128883 
---
8 12 17.47532894736842 10.0 5
3 12 12 2 8 1 0.3739320568178657 
11 12 5 12 7 0 0.43886657713625565 
7 3 11 1 12 1 0.253748430381176 
1 1 1 2 1 0 0.21652758513800885 
4 7 2 8 1 1 0.17068347588667332 
4 3 4 4 2 0 0.13930341480128883 
13 7 4 0 4 0 0.970795364325747 
8 0 13 4 1 1 0.3031483022420125 
11 2 5 7 1 0 0.532392358174923 
12 7 5 4 8 1 0.6105331899140626 
---
8 13 18.174342105263158 14.0 5
4 3 4 4 2 0 0.13930341480128883 
7 11 8 14 1 0 0.22577360407598723 
3 12 12 2 8 1 0.3739320568178657 
11 2 4 8 12 1 0.12834684242500072 
8 0 13 4 1 1 0.3031483022420125 
13 12 4 8 0 0 0.9418104689115827 
4 2 6 2 2 0 0.922361184828931 
12 7 5 4 8 1 0.6105331899140626 
11 2 5 7 1 0 0.532392358174923 
11 12 5 12 7 0 0.43886657713625565 
7 3 11 1 12 1 0.253748430381176 
3 12 2 12 4 0 0.2745641435057762 
8 7 1 11 3 0 0.9145905059224972 
4 7 2 8 1 1 0.17068347588667332 
---
8 14 18.07154605263158 18.0 5
11 12 5 4 4 0 0.2796436547527019 
3 12 2 12 4 0 0.2745641435057762 
11 2 5 7 1 0 0.532392358174923 
7 11 8 14 1 0 0.22577360407598723 
4 7 2 8 1 1 0.17068347588667332 
11 12 5 12 7 0 0.43886657713625565 
4 3 4 4 2 0 0.13930341480128883 
8 0 13 4 1 1 0.3031483022420125 
8 7 1 11 3 0 0.9145905059224972 
13 12 4 8 0 0 0.9418104689115827 
7 3 11 1 12 1 0.253748430381176 
4 2 6 2 2 0 0.922361184828931 
4 7 2 8 1 1 0.17068347588667332 
12 7 8 8 11 1 0.2069352304714862 
3 12 12 2 8 1 0.3739320568178657 
12 7 5 4 8 1 0.6105331899140626 
11 2 4 8 12 1 0.12834684242500072 
1 12 14 11 2 0 0.40906344892772517 
---
8 15 18.215460526315788 20.0 5
11 2 5 7 1 0 0.532392358174923 
8 0 13 4 1 1 0.3031483022420125 
4 3 4 4 2 0 0.13930341480128883 
8 7 1 11 3 0 0.9145905059224972 
3 12 2 12 4 0 0.2745641435057762 
13 12 4 8 0 0 0.9418104689115827 
12 7 8 8 11 1 0.2069352304714862 
11 12 5 4 4 0 0.2796436547527019 
4 2 6 2 2 0 0.922361184828931 
11 12 5 12 7 0 0.43886657713625565 
7 3 11 1 12 1 0.253748430381176 
13 3 2 11 11 0 0.9864469163077683 
1 11 4 12 4 0 0.059044646464379236 
11 12 9 4 11 0 0.5490430522999725 
12 12 5 4 8 1 0.588664416276119 
7 11 8 14 1 0 0.22577360407598723 
1 12 14 11 2 0 0.40906344892772517 
11 2 4 8 12 1 0.12834684242500072 
3 12 12 2 8 1 0.3739320568178657 
4 7 2 8 1 1 0.17068347588667332 
---
8 16 18.030427631578945 16.0 5
3 12 2 12 4 0 0.2745641435057762 
11 2 5 7 1 0 0.532392358174923 
11 12 5 12 7 0 0.43886657713625565 
13 12 4 8 0 0 0.9418104689115827 
4 3 4 4 2 0 0.13930341480128883 
8 0 13 4 1 1 0.3031483022420125 
8 7 1 11 3 0 0.9145905059224972 
7 11 8 14 1 0 0.22577360407598723 
12 7 5 4 8 1 0.6105331899140626 
7 3 11 1 12 1 0.253748430381176 
11 12 9 4 11 0 0.5490430522999725 
4 2 6 2 2 0 0.922361184828931 
3 12 12 2 8 1 0.3739320568178657 
11 2 4 8 12 1 0.12834684242500072 
12 7 8 8 11 1 0.2069352304714862 
4 7 2 8 1 1 0.17068347588667332 
---
8 17 18.215460526315788 20.0 5
11 2 5 7 1 0 0.532392358174923 
8 0 13 4 1 1 0.3031483022420125 
4 3 4 4 2 0 0.13930341480128883 
8 7 1 11 3 0 0.9145905059224972 
3 12 2 12 4 0 0.2745641435057762 
13 12 4 8 0 0 0.9418104689115827 
12 7 8 8 11 1 0.2069352304714862 
11 12 5 4 4 0 0.2796436547527019 
4 2 6 2 2 0 0.922361184828931 
11 12 5 12 7 0 0.43886657713625565 
7 3 11 1 12 1 0.253748430381176 
13 3 2 11 11 0 0.9864469163077683 
1 11 4 12 4 0 0.059044646464379236 
11 12 9 4 11 0 0.5490430522999725 
12 12 5 4 8 1 0.588664416276119 
7 11 8 14 1 0 0.22577360407598723 
1 12 14 11 2 0 0.40906344892772517 
11 2 4 8 12 1 0.12834684242500072 
3 12 12 2 8 1 0.3739320568178657 
4 7 2 8 1 1 0.17068347588667332 
---
8 18 18.030427631578945 16.0 5
3 12 2 12 4 0 0.2745641435057762 
11 2 5 7 1 0 0.532392358174923 
11 12 5 12 7 0 0.43886657713625565 
13 12 4 8 0 0 0.9418104689115827 
4 3 4 4 2 0 0.13930341480128883 
8 0 13 4 1 1 0.3031483022420125 
8 7 1 11 3 0 0.9145905059224972 
7 11 8 14 1 0 0.22577360407598723 
12 7 5 4 8 1 0.6105331899140626 
7 3 11 1 12 1 0.253748430381176 
11 12 9 4 11 0 0.5490430522999725 
4 2 6 2 2 0 0.922361184828931 
3 12 12 2 8 1 0.3739320568178657 
11 2 4 8 12 1 0.12834684242500072 
12 7 8 8 11 1 0.2069352304714862 
4 7 2 8 1 1 0.17068347588667332 
---
8 19 18.07154605263158 18.0 5
11 12 5 4 4 0 0.2796436547527019 
3 12 2 12 4 0 0.2745641435057762 
11 2 5 7 1 0 0.532392358174923 
7 11 8 14 1 0 0.22577360407598723 
4 7 2 8 1 1 0.17068347588667332 
11 12 5 12 7 0 0.43886657713625565 
4 3 4 4 2 0 0.13930341480128883 
8 0 13 4 1 1 0.3031483022420125 
8 7 1 11 3 0 0.9145905059224972 
13 12 4 8 0 0 0.9418104689115827 
7 3 11 1 12 1 0.253748430381176 
4 2 6 2 2 0 0.922361184828931 
4 7 2 8 1 1 0.17068347588667332 
12 7 8 8 11 1 0.2069352304714862 
3 12 12 2 8 1 0.3739320568178657 
12 7 5 4 8 1 0.6105331899140626 
11 2 4 8 12 1 0.12834684242500072 
1 12 14 11 2 0 0.40906344892772517 
---
8 20 17.701480263157894 22.0 5
13 3 2 11 11 0 0.9864469163077683 
12 12 5 4 8 1 0.588664416276119 
3 12 2 12 4 0 0.2745641435057762 
1 11 4 12 4 0 0.059044646464379236 
11 1 4 5 10 1 0.254533706272418 
7 3 11 1 12 1 0.253748430381176 
11 2 4 8 12 1 0.12834684242500072 
8 7 1 11 3 0 0.9145905059224972 
1 12 14 11 2 0 0.40906344892772517 
4 3 4 4 2 0 0.13930341480128883 
4 2 6 2 2 0 0.922361184828931 
3 12 12 2 8 1 0.3739320568178657 
4 7 2 8 1 1 0.17068347588667332 
13 12 4 8 0 0 0.9418104689115827 
12 7 8 8 11 1 0.2069352304714862 
7 11 8 14 1 0 0.22577360407598723 
11 12 5 12 7 0 0.43886657713625565 
11 2 5 7 1 0 0.532392358174923 
11 12 5 4 4 0 0.2796436547527019 
12 7 5 4 8 1 0.6105331899140626 
11 12 9 4 11 0 0.5490430522999725 
8 0 13 4 1 1 0.3031483022420125 
---
8 21 20.086348684210524 3.0 5
4 7 2 8 1 1 0.17068347588667332 
2 1 1 2 1 0 0.4733835194710907 
11 12 5 12 7 0 0.43886657713625565 
---
8 22 19.880756578947366 5.0 5
2 1 1 2 1 0 0.4733835194710907 
4 7 2 8 1 1 0.17068347588667332 
11 12 5 12 7 0 0.43886657713625565 
8 0 13 4 1 1 0.3031483022420125 
11 2 5 7 1 0 0.532392358174923 
---
8 23 19.757401315789476 4.0 5
7 3 11 1 12 1 0.253748430381176 
11 12 5 12 7 0 0.43886657713625565 
2 1 1 2 1 0 0.4733835194710907 
4 7 2 8 1 1 0.17068347588667332 
---
8 24 19.551809210526315 6.0 5
2 1 1 2 1 0 0.4733835194710907 
11 12 5 12 7 0 0.43886657713625565 
4 7 2 8 1 1 0.17068347588667332 
11 2 5 7 1 0 0.532392358174923 
7 3 11 1 12 1 0.253748430381176 
8 0 13 4 1 1 0.3031483022420125 
---
8 25 18.606085526315788 12.0 5
4 7 2 8 1 1 0.17068347588667332 
12 7 5 4 8 1 0.6105331899140626 
7 11 8 14 1 0 0.22577360407598723 
4 3 4 4 2 0 0.13930341480128883 
11 12 5 12 7 0 0.43886657713625565 
4 2 6 2 2 0 0.922361184828931 
7 3 11 1 12 1 0.253748430381176 
8 7 1 11 3 0 0.9145905059224972 
11 2 5 7 1 0 0.532392358174923 
13 12 4 8 0 0 0.9418104689115827 
8 0 13 4 1 1 0.3031483022420125 
3 12 2 12 4 0 0.2745641435057762 
---
8 26 19.757401315789476 4.0 5
2 1 1 2 1 0 0.4733835194710907 
11 12 5 12 7 0 0.43886657713625565 
4 7 2 8 1 1 0.17068347588667332 
7 3 11 1 12 1 0.253748430381176 
---
8 27 19.880756578947366 5.0 5
2 1 1 2 1 0 0.4733835194710907 
4 7 2 8 1 1 0.17068347588667332 
11 12 5 12 7 0 0.43886657713625565 
8 0 13 4 1 1 0.3031483022420125 
11 2 5 7 1 0 0.532392358174923 
---
8 28 17.96875 9.0 5
8 0 13 4 1 1 0.3031483022420125 
12 7 5 4 8 1 0.6105331899140626 
13 7 4 0 4 0 0.970795364325747 
4 7 2 8 1 1 0.17068347588667332 
4 3 4 4 2 0 0.13930341480128883 
11 2 5 7 1 0 0.532392358174923 
7 3 11 1 12 1 0.253748430381176 
1 1 1 2 1 0 0.21652758513800885 
11 12 5 12 7 0 0.43886657713625565 
---
8 29 17.96875 9.0 5
8 0 13 4 1 1 0.3031483022420125 
12 7 5 4 8 1 0.6105331899140626 
13 7 4 0 4 0 0.970795364325747 
4 7 2 8 1 1 0.17068347588667332 
4 3 4 4 2 0 0.13930341480128883 
11 2 5 7 1 0 0.532392358174923 
7 3 11 1 12 1 0.253748430381176 
1 1 1 2 1 0 0.21652758513800885 
11 12 5 12 7 0 0.43886657713625565 
---
8 30 19.551809210526315 6.0 5
2 1 1 2 1 0 0.4733835194710907 
11 12 5 12 7 0 0.43886657713625565 
4 7 2 8 1 1 0.17068347588667332 
11 2 5 7 1 0 0.532392358174923 
7 3 11 1 12 1 0.253748430381176 
8 0 13 4 1 1 0.3031483022420125 
---
8 31 18.174342105263158 14.0 5
4 3 4 4 2 0 0.13930341480128883 
7 11 8 14 1 0 0.22577360407598723 
3 12 12 2 8 1 0.3739320568178657 
11 2 4 8 12 1 0.12834684242500072 
8 0 13 4 1 1 0.3031483022420125 
13 12 4 8 0 0 0.9418104689115827 
4 2 6 2 2 0 0.922361184828931 
12 7 5 4 8 1 0.6105331899140626 
11 2 5 7 1 0 0.532392358174923 
11 12 5 12 7 0 0.43886657713625565 
7 3 11 1 12 1 0.253748430381176 
3 12 2 12 4 0 0.2745641435057762 
8 7 1 11 3 0 0.9145905059224972 
4 7 2 8 1 1 0.17068347588667332 
---
8 32 18.606085526315788 12.0 5
4 7 2 8 1 1 0.17068347588667332 
12 7 5 4 8 1 0.6105331899140626 
7 11 8 14 1 0 0.22577360407598723 
4 3 4 4 2 0 0.13930341480128883 
11 12 5 12 7 0 0.43886657713625565 
4 2 6 2 2 0 0.922361184828931 
7 3 11 1 12 1 0.253748430381176 
8 7 1 11 3 0 0.9145905059224972 
11 2 5 7 1 0 0.532392358174923 
13 12 4 8 0 0 0.9418104689115827 
8 0 13 4 1 1 0.3031483022420125 
3 12 2 12 4 0 0.2745641435057762 
