---
0 0 29.36458975940777 1.0 5
1 2 0 1 2 0 0.4846614407028249 
---
0 1 18.95949002673247 6.0 5
4 11 8 4 8 1 0.4173834094193949 
2 2 7 1 2 0 0.8115233249915179 
11 1 9 4 7 0 0.5128101621192809 
1 2 11 1 2 0 0.8287508669279233 
7 7 0 13 4 1 0.2014028185594976 
8 0 9 4 4 1 0.5258520657967035 
---
0 2 21.714990746452806 2.0 5
2 1 1 4 1 0 0.6206333826046373 
12 7 4 8 0 1 0.1956889213976294 
---
0 3 20.54287476866132 3.0 5
4 7 8 4 8 1 0.4280420970237486 
4 2 4 1 2 0 0.5038596188288242 
7 7 0 13 4 1 0.2014028185594976 
---
0 4 19.925971622455275 4.0 5
2 2 7 1 2 0 0.8115233249915179 
11 1 9 4 7 0 0.5128101621192809 
7 7 0 13 4 1 0.2014028185594976 
8 0 9 4 4 1 0.5258520657967035 
---
0 5 19.925971622455275 4.0 5
7 7 0 13 4 1 0.2014028185594976 
8 0 9 4 4 1 0.5258520657967035 
11 1 9 4 7 0 0.5128101621192809 
2 2 7 1 2 0 0.8115233249915179 
---
0 6 19.000616903146206 5.0 5
2 2 7 1 2 0 0.8115233249915179 
7 7 0 13 4 1 0.2014028185594976 
4 11 8 4 8 1 0.4173834094193949 
8 0 9 4 4 1 0.5258520657967035 
11 1 9 4 7 0 0.5128101621192809 
---
0 7 21.714990746452806 2.0 5
2 1 1 4 1 0 0.6206333826046373 
12 7 4 8 0 1 0.1956889213976294 
---
0 8 20.54287476866132 3.0 5
4 2 4 1 2 0 0.5038596188288242 
7 7 0 13 4 1 0.2014028185594976 
4 7 8 4 8 1 0.4280420970237486 
---
0 9 19.000616903146206 5.0 5
2 2 7 1 2 0 0.8115233249915179 
7 7 0 13 4 1 0.2014028185594976 
4 11 8 4 8 1 0.4173834094193949 
8 0 9 4 4 1 0.5258520657967035 
11 1 9 4 7 0 0.5128101621192809 
---
0 10 29.38515319761464 1.0 5
1 4 0 1 2 0 0.4030602685499052 
---
0 11 18.95949002673247 6.0 5
11 1 9 4 7 0 0.5128101621192809 
2 2 7 1 2 0 0.8115233249915179 
7 7 0 13 4 1 0.2014028185594976 
1 2 11 1 2 0 0.8287508669279233 
8 0 9 4 4 1 0.5258520657967035 
4 11 8 4 8 1 0.4173834094193949 
---
0 12 19.925971622455275 4.0 5
7 7 0 13 4 1 0.2014028185594976 
8 0 9 4 4 1 0.5258520657967035 
11 1 9 4 7 0 0.5128101621192809 
2 2 7 1 2 0 0.8115233249915179 
---
0 13 21.714990746452806 2.0 5
12 7 4 8 0 1 0.1956889213976294 
2 1 1 4 1 0 0.6206333826046373 
---
0 14 20.54287476866132 3.0 5
4 2 4 1 2 0 0.5038596188288242 
7 7 0 13 4 1 0.2014028185594976 
4 7 8 4 8 1 0.4280420970237486 
---
0 15 19.000616903146206 5.0 5
2 2 7 1 2 0 0.8115233249915179 
7 7 0 13 4 1 0.2014028185594976 
4 11 8 4 8 1 0.4173834094193949 
8 0 9 4 4 1 0.5258520657967035 
11 1 9 4 7 0 0.5128101621192809 
---
0 16 29.36458975940777 1.0 5
1 2 0 1 2 0 0.4846614407028249 
---
0 17 18.95949002673247 6.0 5
11 1 9 4 7 0 0.5128101621192809 
2 2 7 1 2 0 0.8115233249915179 
7 7 0 13 4 1 0.2014028185594976 
1 2 11 1 2 0 0.8287508669279233 
8 0 9 4 4 1 0.5258520657967035 
4 11 8 4 8 1 0.4173834094193949 
---
0 18 19.925971622455275 4.0 5
7 7 0 13 4 1 0.2014028185594976 
8 0 9 4 4 1 0.5258520657967035 
11 1 9 4 7 0 0.5128101621192809 
2 2 7 1 2 0 0.8115233249915179 
---
0 19 21.714990746452806 2.0 5
12 7 4 8 0 1 0.1956889213976294 
2 1 1 4 1 0 0.6206333826046373 
---
0 20 20.54287476866132 3.0 5
4 7 8 4 8 1 0.4280420970237486 
4 2 4 1 2 0 0.5038596188288242 
7 7 0 13 4 1 0.2014028185594976 
---
0 21 19.000616903146206 5.0 5
2 2 7 1 2 0 0.8115233249915179 
7 7 0 13 4 1 0.2014028185594976 
4 11 8 4 8 1 0.4173834094193949 
8 0 9 4 4 1 0.5258520657967035 
11 1 9 4 7 0 0.5128101621192809 
---
0 22 29.344026321200907 1.0 5
0 2 0 1 2 0 0.5312334639065723 
---
0 23 18.95949002673247 6.0 5
4 11 8 4 8 1 0.4173834094193949 
2 2 7 1 2 0 0.8115233249915179 
11 1 9 4 7 0 0.5128101621192809 
1 2 11 1 2 0 0.8287508669279233 
7 7 0 13 4 1 0.2014028185594976 
8 0 9 4 4 1 0.5258520657967035 
---
0 24 19.925971622455275 4.0 5
7 7 0 13 4 1 0.2014028185594976 
8 0 9 4 4 1 0.5258520657967035 
11 1 9 4 7 0 0.5128101621192809 
2 2 7 1 2 0 0.8115233249915179 
---
0 25 21.714990746452806 2.0 5
12 7 4 8 0 1 0.1956889213976294 
2 1 1 4 1 0 0.6206333826046373 
---
0 26 20.54287476866132 3.0 5
4 7 8 4 8 1 0.4280420970237486 
4 2 4 1 2 0 0.5038596188288242 
7 7 0 13 4 1 0.2014028185594976 
---
0 27 19.000616903146206 5.0 5
2 2 7 1 2 0 0.8115233249915179 
7 7 0 13 4 1 0.2014028185594976 
4 11 8 4 8 1 0.4173834094193949 
8 0 9 4 4 1 0.5258520657967035 
11 1 9 4 7 0 0.5128101621192809 
---
0 28 29.36458975940777 1.0 5
1 2 0 1 2 0 0.4846614407028249 
---
0 29 18.95949002673247 6.0 5
4 11 8 4 8 1 0.4173834094193949 
2 2 7 1 2 0 0.8115233249915179 
11 1 9 4 7 0 0.5128101621192809 
1 2 11 1 2 0 0.8287508669279233 
7 7 0 13 4 1 0.2014028185594976 
8 0 9 4 4 1 0.5258520657967035 
---
0 30 19.925971622455275 4.0 5
2 2 7 1 2 0 0.8115233249915179 
11 1 9 4 7 0 0.5128101621192809 
7 7 0 13 4 1 0.2014028185594976 
8 0 9 4 4 1 0.5258520657967035 
---
0 31 21.714990746452806 2.0 5
2 1 1 4 1 0 0.6206333826046373 
12 7 4 8 0 1 0.1956889213976294 
---
0 32 20.54287476866132 3.0 5
4 7 8 4 8 1 0.4280420970237486 
4 2 4 1 2 0 0.5038596188288242 
7 7 0 13 4 1 0.2014028185594976 
---
0 33 19.000616903146206 5.0 5
2 2 7 1 2 0 0.8115233249915179 
7 7 0 13 4 1 0.2014028185594976 
4 11 8 4 8 1 0.4173834094193949 
8 0 9 4 4 1 0.5258520657967035 
11 1 9 4 7 0 0.5128101621192809 
---
1 0 29.38515319761464 1.0 5
0 4 0 2 2 0 0.24022715879557466 
---
1 1 17.60230310507917 22.0 5
1 2 2 2 1 0 0.2371427311360479 
3 12 1 7 11 0 0.7733377436403611 
3 12 8 7 1 0 0.5429442299350855 
7 12 4 8 6 1 0.29865041460836506 
12 7 13 4 8 1 0.6718717644609895 
4 7 14 2 11 0 0.7568290104555466 
1 11 1 1 1 0 0.200289898155962 
1 1 4 13 8 1 0.6432163625481501 
12 1 13 4 1 1 0.14371224846239672 
7 2 4 13 2 1 0.3294965340664242 
1 4 4 3 5 0 0.21346955017192837 
8 2 12 13 11 0 0.4982822637225399 
3 11 13 13 7 0 0.260728385515011 
11 11 12 12 7 1 0.047559084544530394 
11 11 12 3 12 1 0.28639605632981513 
4 9 13 0 1 1 0.46874032601484306 
7 4 11 10 3 1 1.0 
7 4 4 8 4 1 0.031763322527257776 
7 13 11 13 2 1 0.1664675358941594 
2 4 13 8 2 1 0.29935387960839455 
1 4 8 5 7 1 0.08828443293035693 
13 7 12 0 7 0 0.9963973771644079 
---
1 2 23.421756117622866 2.0 5
1 2 0 2 1 0 0.3261569982299477 
7 1 4 13 0 1 0.2759277013277639 
---
1 3 17.725683734320377 17.0 5
7 2 11 13 2 1 0.21008829273254637 
13 7 12 0 7 0 0.9963973771644079 
7 4 4 8 4 1 0.031763322527257776 
1 11 1 1 1 0 0.200289898155962 
1 2 12 13 1 1 0.23127102052473725 
1 2 2 2 1 0 0.2371427311360479 
8 2 12 13 11 0 0.4982822637225399 
11 11 12 3 12 1 0.28639605632981513 
12 11 5 4 2 1 0.4391556993389134 
7 12 4 8 6 1 0.29865041460836506 
4 9 13 0 1 1 0.46874032601484306 
7 4 11 10 3 1 1.0 
11 11 12 12 7 1 0.047559084544530394 
12 1 13 4 1 1 0.14371224846239672 
3 12 1 7 11 0 0.7733377436403611 
4 4 2 4 10 1 0.24521123420598046 
7 4 11 10 3 1 1.0 
---
1 4 23.421756117622866 2.0 5
1 2 0 2 1 0 0.3261569982299477 
7 1 4 13 0 1 0.2759277013277639 
---
1 5 21.488792926177258 3.0 5
7 1 4 13 0 1 0.2759277013277639 
1 2 0 2 1 0 0.3261569982299477 
12 11 5 4 2 1 0.4391556993389134 
---
1 6 20.21385975735143 4.0 5
7 1 4 13 1 1 0.23646820144018843 
12 1 13 4 1 1 0.14371224846239672 
1 2 2 2 1 0 0.2371427311360479 
3 12 1 7 11 0 0.7733377436403611 
---
1 7 19.494139420111043 5.0 5
12 1 13 4 1 1 0.14371224846239672 
7 12 4 8 6 1 0.29865041460836506 
3 12 1 7 11 0 0.7733377436403611 
1 2 2 2 1 0 0.2371427311360479 
7 2 4 13 2 1 0.3294965340664242 
---
1 8 19.494139420111043 5.0 5
12 1 13 4 1 1 0.14371224846239672 
7 12 4 8 6 1 0.29865041460836506 
3 12 1 7 11 0 0.7733377436403611 
1 2 2 2 1 0 0.2371427311360479 
7 2 4 13 2 1 0.3294965340664242 
---
1 9 19.123997532387417 6.0 5
12 1 13 4 1 1 0.14371224846239672 
3 12 1 7 11 0 0.7733377436403611 
3 11 12 7 12 1 0.1675567704998524 
1 2 2 2 1 0 0.2371427311360479 
7 2 4 13 2 1 0.3294965340664242 
7 12 4 8 6 1 0.29865041460836506 
---
1 10 21.488792926177258 3.0 5
7 1 4 13 0 1 0.2759277013277639 
1 2 0 2 1 0 0.3261569982299477 
12 11 5 4 2 1 0.4391556993389134 
---
1 11 20.21385975735143 4.0 5
7 1 4 13 1 1 0.23646820144018843 
12 1 13 4 1 1 0.14371224846239672 
1 2 2 2 1 0 0.2371427311360479 
3 12 1 7 11 0 0.7733377436403611 
---
1 12 18.71272876825005 7.0 5
7 2 4 13 2 1 0.3294965340664242 
3 11 12 7 12 1 0.1675567704998524 
3 12 1 7 11 0 0.7733377436403611 
1 2 2 2 1 0 0.2371427311360479 
8 2 12 13 11 0 0.4982822637225399 
12 1 13 4 1 1 0.14371224846239672 
7 12 4 8 6 1 0.29865041460836506 
---
1 13 19.000616903146206 8.0 5
7 12 4 8 6 1 0.29865041460836506 
1 11 1 1 1 0 0.200289898155962 
7 4 4 8 4 1 0.031763322527257776 
11 11 12 3 12 1 0.28639605632981513 
7 2 2 2 1 0 0.19897479141749663 
13 7 12 0 7 0 0.9963973771644079 
12 11 5 4 2 1 0.4391556993389134 
12 1 13 4 1 1 0.14371224846239672 
---
1 14 18.774419082870654 9.0 5
11 11 12 3 12 1 0.28639605632981513 
7 2 2 2 1 0 0.19897479141749663 
13 7 12 0 7 0 0.9963973771644079 
7 4 4 8 4 1 0.031763322527257776 
12 11 5 4 2 1 0.4391556993389134 
8 2 12 13 11 0 0.4982822637225399 
7 12 4 8 6 1 0.29865041460836506 
1 11 1 1 1 0 0.200289898155962 
12 1 13 4 1 1 0.14371224846239672 
---
1 15 18.178079374871476 11.0 5
4 4 2 4 10 1 0.24521123420598046 
3 12 1 7 11 0 0.7733377436403611 
7 4 4 8 4 1 0.031763322527257776 
13 7 12 0 7 0 0.9963973771644079 
8 2 12 13 11 0 0.4982822637225399 
1 11 1 1 1 0 0.200289898155962 
11 11 12 3 12 1 0.28639605632981513 
12 1 13 4 1 1 0.14371224846239672 
12 11 5 4 2 1 0.4391556993389134 
7 12 4 8 6 1 0.29865041460836506 
7 2 2 2 1 0 0.19897479141749663 
---
1 16 18.4248406333539 10.0 5
3 12 1 7 11 0 0.7733377436403611 
8 2 12 13 11 0 0.4982822637225399 
12 11 5 4 2 1 0.4391556993389134 
1 11 1 1 1 0 0.200289898155962 
7 2 2 2 1 0 0.19897479141749663 
12 1 13 4 1 1 0.14371224846239672 
11 11 12 3 12 1 0.28639605632981513 
13 7 12 0 7 0 0.9963973771644079 
7 4 4 8 4 1 0.031763322527257776 
7 12 4 8 6 1 0.29865041460836506 
---
1 17 18.157515936664613 12.0 5
7 4 11 10 3 1 1.0 
4 4 2 4 10 1 0.24521123420598046 
7 4 4 8 4 1 0.031763322527257776 
1 11 1 1 1 0 0.200289898155962 
12 11 5 4 2 1 0.4391556993389134 
11 11 12 3 12 1 0.28639605632981513 
7 12 4 8 6 1 0.29865041460836506 
3 12 1 7 11 0 0.7733377436403611 
8 2 12 13 11 0 0.4982822637225399 
12 1 13 4 1 1 0.14371224846239672 
13 7 12 0 7 0 0.9963973771644079 
7 2 2 2 1 0 0.19897479141749663 
---
1 18 19.123997532387417 6.0 5
12 1 13 4 1 1 0.14371224846239672 
3 12 1 7 11 0 0.7733377436403611 
3 11 12 7 12 1 0.1675567704998524 
1 2 2 2 1 0 0.2371427311360479 
7 2 4 13 2 1 0.3294965340664242 
7 12 4 8 6 1 0.29865041460836506 
---
1 19 19.000616903146206 8.0 5
7 12 4 8 6 1 0.29865041460836506 
1 11 1 1 1 0 0.200289898155962 
7 4 4 8 4 1 0.031763322527257776 
11 11 12 3 12 1 0.28639605632981513 
7 2 2 2 1 0 0.19897479141749663 
13 7 12 0 7 0 0.9963973771644079 
12 11 5 4 2 1 0.4391556993389134 
12 1 13 4 1 1 0.14371224846239672 
---
1 20 18.4248406333539 10.0 5
3 12 1 7 11 0 0.7733377436403611 
8 2 12 13 11 0 0.4982822637225399 
12 11 5 4 2 1 0.4391556993389134 
1 11 1 1 1 0 0.200289898155962 
7 2 2 2 1 0 0.19897479141749663 
12 1 13 4 1 1 0.14371224846239672 
11 11 12 3 12 1 0.28639605632981513 
13 7 12 0 7 0 0.9963973771644079 
7 4 4 8 4 1 0.031763322527257776 
7 12 4 8 6 1 0.29865041460836506 
---
1 21 18.71272876825005 7.0 5
7 2 4 13 2 1 0.3294965340664242 
3 11 12 7 12 1 0.1675567704998524 
3 12 1 7 11 0 0.7733377436403611 
1 2 2 2 1 0 0.2371427311360479 
8 2 12 13 11 0 0.4982822637225399 
12 1 13 4 1 1 0.14371224846239672 
7 12 4 8 6 1 0.29865041460836506 
---
1 22 18.774419082870654 9.0 5
11 11 12 3 12 1 0.28639605632981513 
7 2 2 2 1 0 0.19897479141749663 
13 7 12 0 7 0 0.9963973771644079 
7 4 4 8 4 1 0.031763322527257776 
12 11 5 4 2 1 0.4391556993389134 
8 2 12 13 11 0 0.4982822637225399 
7 12 4 8 6 1 0.29865041460836506 
1 11 1 1 1 0 0.200289898155962 
12 1 13 4 1 1 0.14371224846239672 
---
1 23 18.178079374871476 11.0 5
4 4 2 4 10 1 0.24521123420598046 
3 12 1 7 11 0 0.7733377436403611 
7 4 4 8 4 1 0.031763322527257776 
13 7 12 0 7 0 0.9963973771644079 
8 2 12 13 11 0 0.4982822637225399 
1 11 1 1 1 0 0.200289898155962 
11 11 12 3 12 1 0.28639605632981513 
12 1 13 4 1 1 0.14371224846239672 
12 11 5 4 2 1 0.4391556993389134 
7 12 4 8 6 1 0.29865041460836506 
7 2 2 2 1 0 0.19897479141749663 
---
1 24 18.157515936664613 12.0 5
7 4 11 10 3 1 1.0 
4 4 2 4 10 1 0.24521123420598046 
7 4 4 8 4 1 0.031763322527257776 
1 11 1 1 1 0 0.200289898155962 
12 11 5 4 2 1 0.4391556993389134 
11 11 12 3 12 1 0.28639605632981513 
7 12 4 8 6 1 0.29865041460836506 
3 12 1 7 11 0 0.7733377436403611 
8 2 12 13 11 0 0.4982822637225399 
12 1 13 4 1 1 0.14371224846239672 
13 7 12 0 7 0 0.9963973771644079 
7 2 2 2 1 0 0.19897479141749663 
---
1 25 17.95188155459593 14.0 5
12 11 5 4 2 1 0.4391556993389134 
8 2 12 13 11 0 0.4982822637225399 
7 4 11 10 3 1 1.0 
7 12 4 8 6 1 0.29865041460836506 
7 2 2 2 1 0 0.19897479141749663 
1 11 1 1 1 0 0.200289898155962 
3 12 1 7 11 0 0.7733377436403611 
11 11 12 12 7 1 0.047559084544530394 
7 4 4 8 4 1 0.031763322527257776 
4 4 2 4 10 1 0.24521123420598046 
13 7 12 0 7 0 0.9963973771644079 
11 11 12 3 12 1 0.28639605632981513 
12 1 13 4 1 1 0.14371224846239672 
1 2 2 2 1 0 0.2371427311360479 
---
1 26 18.260333127698953 13.0 5
12 11 5 4 2 1 0.4391556993389134 
7 4 4 8 4 1 0.031763322527257776 
7 12 4 8 6 1 0.29865041460836506 
4 4 2 4 10 1 0.24521123420598046 
8 2 12 13 11 0 0.4982822637225399 
1 11 1 1 1 0 0.200289898155962 
12 1 13 4 1 1 0.14371224846239672 
11 11 12 3 12 1 0.28639605632981513 
7 2 2 2 1 0 0.19897479141749663 
4 9 13 0 1 1 0.46874032601484306 
3 12 1 7 11 0 0.7733377436403611 
7 4 11 10 3 1 1.0 
13 7 12 0 7 0 0.9963973771644079 
---
1 27 17.869627801768456 15.0 5
12 1 13 4 1 1 0.14371224846239672 
11 11 12 12 7 1 0.047559084544530394 
1 11 1 1 1 0 0.200289898155962 
7 4 4 8 4 1 0.031763322527257776 
7 12 4 8 6 1 0.29865041460836506 
11 11 12 3 12 1 0.28639605632981513 
13 7 12 0 7 0 0.9963973771644079 
7 2 11 13 2 1 0.21008829273254637 
12 11 5 4 2 1 0.4391556993389134 
7 4 11 10 3 1 1.0 
4 9 13 0 1 1 0.46874032601484306 
1 2 12 13 1 1 0.23127102052473725 
8 2 12 13 11 0 0.4982822637225399 
3 12 1 7 11 0 0.7733377436403611 
1 2 2 2 1 0 0.2371427311360479 
---
1 28 18.260333127698953 13.0 5
12 11 5 4 2 1 0.4391556993389134 
7 4 4 8 4 1 0.031763322527257776 
7 12 4 8 6 1 0.29865041460836506 
4 4 2 4 10 1 0.24521123420598046 
8 2 12 13 11 0 0.4982822637225399 
1 11 1 1 1 0 0.200289898155962 
12 1 13 4 1 1 0.14371224846239672 
11 11 12 3 12 1 0.28639605632981513 
7 2 2 2 1 0 0.19897479141749663 
4 9 13 0 1 1 0.46874032601484306 
3 12 1 7 11 0 0.7733377436403611 
7 4 11 10 3 1 1.0 
13 7 12 0 7 0 0.9963973771644079 
---
1 29 17.95188155459593 14.0 5
12 11 5 4 2 1 0.4391556993389134 
8 2 12 13 11 0 0.4982822637225399 
7 4 11 10 3 1 1.0 
7 12 4 8 6 1 0.29865041460836506 
7 2 2 2 1 0 0.19897479141749663 
1 11 1 1 1 0 0.200289898155962 
3 12 1 7 11 0 0.7733377436403611 
11 11 12 12 7 1 0.047559084544530394 
7 4 4 8 4 1 0.031763322527257776 
4 4 2 4 10 1 0.24521123420598046 
13 7 12 0 7 0 0.9963973771644079 
11 11 12 3 12 1 0.28639605632981513 
12 1 13 4 1 1 0.14371224846239672 
1 2 2 2 1 0 0.2371427311360479 
---
1 30 17.93131811638906 16.0 5
12 1 13 4 1 1 0.14371224846239672 
11 11 12 12 7 1 0.047559084544530394 
3 12 1 1 11 0 0.6080585709228916 
1 2 12 13 1 1 0.23127102052473725 
8 2 12 13 11 0 0.4982822637225399 
4 9 13 0 1 1 0.46874032601484306 
13 7 12 0 7 0 0.9963973771644079 
1 11 1 1 1 0 0.200289898155962 
12 11 5 4 2 1 0.4391556993389134 
7 4 4 8 4 1 0.031763322527257776 
11 11 12 3 12 1 0.28639605632981513 
1 2 2 2 1 0 0.2371427311360479 
7 2 11 13 2 1 0.21008829273254637 
7 4 11 10 3 1 1.0 
7 12 4 8 6 1 0.29865041460836506 
4 4 2 4 10 1 0.24521123420598046 
---
1 31 17.82850092535472 17.0 5
12 1 13 4 1 1 0.14371224846239672 
4 9 13 0 1 1 0.46874032601484306 
3 12 1 1 11 0 0.6080585709228916 
4 4 2 4 10 1 0.24521123420598046 
13 7 12 0 7 0 0.9963973771644079 
7 12 4 8 6 1 0.29865041460836506 
12 11 5 4 2 1 0.4391556993389134 
1 2 12 13 1 1 0.23127102052473725 
8 2 12 13 11 0 0.4982822637225399 
1 2 2 2 1 0 0.2371427311360479 
11 11 12 3 12 1 0.28639605632981513 
11 11 12 12 7 1 0.047559084544530394 
1 11 1 1 1 0 0.200289898155962 
7 4 11 10 3 1 1.0 
7 4 4 8 4 1 0.031763322527257776 
7 2 11 13 2 1 0.21008829273254637 
3 12 1 7 11 0 0.7733377436403611 
---
1 32 17.869627801768456 15.0 5
12 1 13 4 1 1 0.14371224846239672 
11 11 12 12 7 1 0.047559084544530394 
1 11 1 1 1 0 0.200289898155962 
7 4 4 8 4 1 0.031763322527257776 
7 12 4 8 6 1 0.29865041460836506 
11 11 12 3 12 1 0.28639605632981513 
13 7 12 0 7 0 0.9963973771644079 
7 2 11 13 2 1 0.21008829273254637 
12 11 5 4 2 1 0.4391556993389134 
7 4 11 10 3 1 1.0 
4 9 13 0 1 1 0.46874032601484306 
1 2 12 13 1 1 0.23127102052473725 
8 2 12 13 11 0 0.4982822637225399 
3 12 1 7 11 0 0.7733377436403611 
1 2 2 2 1 0 0.2371427311360479 
---
1 33 17.93131811638906 16.0 5
12 1 13 4 1 1 0.14371224846239672 
11 11 12 12 7 1 0.047559084544530394 
3 12 1 1 11 0 0.6080585709228916 
1 2 12 13 1 1 0.23127102052473725 
8 2 12 13 11 0 0.4982822637225399 
4 9 13 0 1 1 0.46874032601484306 
13 7 12 0 7 0 0.9963973771644079 
1 11 1 1 1 0 0.200289898155962 
12 11 5 4 2 1 0.4391556993389134 
7 4 4 8 4 1 0.031763322527257776 
11 11 12 3 12 1 0.28639605632981513 
1 2 2 2 1 0 0.2371427311360479 
7 2 11 13 2 1 0.21008829273254637 
7 4 11 10 3 1 1.0 
7 12 4 8 6 1 0.29865041460836506 
4 4 2 4 10 1 0.24521123420598046 
---
2 0 29.426280074028377 1.0 5
4 0 2 1 1 0 0.42742827651111104 
---
2 1 18.465967509767633 8.0 5
13 2 4 2 2 0 0.9278339683615542 
1 1 2 2 0 0 0.15205939810003533 
7 7 5 4 4 0 0.1278159488325865 
3 7 12 8 1 1 0.19011803355792445 
12 7 8 8 4 1 0.2581123996299475 
1 11 13 4 8 1 0.6040806193445152 
12 12 8 13 1 1 0.2410973292513252 
11 11 11 2 6 1 0.4367558407715195 
---
2 2 21.735554184659676 2.0 5
12 7 8 8 4 1 0.2581123996299475 
4 2 2 2 4 0 0.25000845698990926 
---
2 3 21.735554184659676 2.0 5
4 2 2 2 4 0 0.25000845698990926 
12 7 8 8 4 1 0.2581123996299475 
---
2 4 21.900061690314622 3.0 5
1 1 2 2 0 0 0.15205939810003533 
3 7 12 8 1 1 0.19011803355792445 
12 7 8 8 4 1 0.2581123996299475 
---
2 5 21.900061690314622 3.0 5
1 1 2 2 0 0 0.15205939810003533 
3 7 12 8 1 1 0.19011803355792445 
12 7 8 8 4 1 0.2581123996299475 
---
2 6 20.481184454040715 4.0 5
1 11 13 4 8 1 0.6040806193445152 
1 1 2 2 0 0 0.15205939810003533 
12 7 8 8 4 1 0.2581123996299475 
3 7 12 8 1 1 0.19011803355792445 
---
2 7 20.481184454040715 4.0 5
12 7 8 8 4 1 0.2581123996299475 
3 7 12 8 1 1 0.19011803355792445 
1 11 13 4 8 1 0.6040806193445152 
1 1 2 2 0 0 0.15205939810003533 
---
2 8 19.72033724038659 5.0 5
3 7 12 8 1 1 0.19011803355792445 
12 12 8 13 1 1 0.2410973292513252 
1 1 2 2 0 0 0.15205939810003533 
1 11 13 4 8 1 0.6040806193445152 
12 7 8 8 4 1 0.2581123996299475 
---
2 9 19.72033724038659 5.0 5
1 11 13 4 8 1 0.6040806193445152 
1 1 2 2 0 0 0.15205939810003533 
12 7 8 8 4 1 0.2581123996299475 
3 7 12 8 1 1 0.19011803355792445 
12 12 8 13 1 1 0.2410973292513252 
---
2 10 19.350195352662965 6.0 5
1 1 2 2 0 0 0.15205939810003533 
1 11 13 4 8 1 0.6040806193445152 
12 7 8 8 4 1 0.2581123996299475 
7 7 5 4 4 0 0.1278159488325865 
3 7 12 8 1 1 0.19011803355792445 
12 12 8 13 1 1 0.2410973292513252 
---
2 11 19.350195352662965 6.0 5
1 1 2 2 0 0 0.15205939810003533 
1 11 13 4 8 1 0.6040806193445152 
12 7 8 8 4 1 0.2581123996299475 
7 7 5 4 4 0 0.1278159488325865 
3 7 12 8 1 1 0.19011803355792445 
12 12 8 13 1 1 0.2410973292513252 
---
2 12 19.267941599835492 7.0 5
11 11 11 2 6 1 0.4367558407715195 
12 7 8 8 4 1 0.2581123996299475 
3 7 12 8 1 1 0.19011803355792445 
12 12 8 13 1 1 0.2410973292513252 
1 11 13 4 8 1 0.6040806193445152 
1 1 2 2 0 0 0.15205939810003533 
7 7 5 4 4 0 0.1278159488325865 
---
2 13 19.267941599835492 7.0 5
11 11 11 2 6 1 0.4367558407715195 
12 7 8 8 4 1 0.2581123996299475 
3 7 12 8 1 1 0.19011803355792445 
12 12 8 13 1 1 0.2410973292513252 
1 11 13 4 8 1 0.6040806193445152 
1 1 2 2 0 0 0.15205939810003533 
7 7 5 4 4 0 0.1278159488325865 
---
2 14 29.426280074028377 1.0 5
4 0 2 1 1 0 0.42742827651111104 
---
2 15 18.465967509767633 8.0 5
13 2 4 2 2 0 0.9278339683615542 
1 1 2 2 0 0 0.15205939810003533 
7 7 5 4 4 0 0.1278159488325865 
3 7 12 8 1 1 0.19011803355792445 
12 7 8 8 4 1 0.2581123996299475 
1 11 13 4 8 1 0.6040806193445152 
12 12 8 13 1 1 0.2410973292513252 
11 11 11 2 6 1 0.4367558407715195 
---
2 16 21.735554184659676 2.0 5
12 7 8 8 4 1 0.2581123996299475 
4 2 2 2 4 0 0.25000845698990926 
---
2 17 21.900061690314622 3.0 5
1 1 2 2 0 0 0.15205939810003533 
12 7 8 8 4 1 0.2581123996299475 
3 7 12 8 1 1 0.19011803355792445 
---
2 18 20.481184454040715 4.0 5
1 11 13 4 8 1 0.6040806193445152 
1 1 2 2 0 0 0.15205939810003533 
12 7 8 8 4 1 0.2581123996299475 
3 7 12 8 1 1 0.19011803355792445 
---
2 19 19.72033724038659 5.0 5
3 7 12 8 1 1 0.19011803355792445 
12 12 8 13 1 1 0.2410973292513252 
1 1 2 2 0 0 0.15205939810003533 
1 11 13 4 8 1 0.6040806193445152 
12 7 8 8 4 1 0.2581123996299475 
---
2 20 19.350195352662965 6.0 5
1 1 2 2 0 0 0.15205939810003533 
1 11 13 4 8 1 0.6040806193445152 
12 7 8 8 4 1 0.2581123996299475 
7 7 5 4 4 0 0.1278159488325865 
3 7 12 8 1 1 0.19011803355792445 
12 12 8 13 1 1 0.2410973292513252 
---
2 21 19.267941599835492 7.0 5
11 11 11 2 6 1 0.4367558407715195 
12 7 8 8 4 1 0.2581123996299475 
3 7 12 8 1 1 0.19011803355792445 
12 12 8 13 1 1 0.2410973292513252 
1 11 13 4 8 1 0.6040806193445152 
1 1 2 2 0 0 0.15205939810003533 
7 7 5 4 4 0 0.1278159488325865 
---
2 22 29.426280074028377 1.0 5
4 0 2 1 1 0 0.42742827651111104 
---
2 23 18.465967509767633 8.0 5
13 2 4 2 2 0 0.9278339683615542 
1 1 2 2 0 0 0.15205939810003533 
7 7 5 4 4 0 0.1278159488325865 
3 7 12 8 1 1 0.19011803355792445 
12 7 8 8 4 1 0.2581123996299475 
1 11 13 4 8 1 0.6040806193445152 
12 12 8 13 1 1 0.2410973292513252 
11 11 11 2 6 1 0.4367558407715195 
---
2 24 21.735554184659676 2.0 5
4 2 2 2 4 0 0.25000845698990926 
12 7 8 8 4 1 0.2581123996299475 
---
2 25 21.900061690314622 3.0 5
12 7 8 8 4 1 0.2581123996299475 
1 1 2 2 0 0 0.15205939810003533 
3 7 12 8 1 1 0.19011803355792445 
---
2 26 20.481184454040715 4.0 5
1 1 2 2 0 0 0.15205939810003533 
3 7 12 8 1 1 0.19011803355792445 
12 7 8 8 4 1 0.2581123996299475 
1 11 13 4 8 1 0.6040806193445152 
---
2 27 19.72033724038659 5.0 5
1 11 13 4 8 1 0.6040806193445152 
12 12 8 13 1 1 0.2410973292513252 
3 7 12 8 1 1 0.19011803355792445 
12 7 8 8 4 1 0.2581123996299475 
1 1 2 2 0 0 0.15205939810003533 
---
2 28 19.350195352662965 6.0 5
1 1 2 2 0 0 0.15205939810003533 
1 11 13 4 8 1 0.6040806193445152 
12 7 8 8 4 1 0.2581123996299475 
7 7 5 4 4 0 0.1278159488325865 
3 7 12 8 1 1 0.19011803355792445 
12 12 8 13 1 1 0.2410973292513252 
---
2 29 19.267941599835492 7.0 5
11 11 11 2 6 1 0.4367558407715195 
12 7 8 8 4 1 0.2581123996299475 
3 7 12 8 1 1 0.19011803355792445 
12 12 8 13 1 1 0.2410973292513252 
1 11 13 4 8 1 0.6040806193445152 
1 1 2 2 0 0 0.15205939810003533 
7 7 5 4 4 0 0.1278159488325865 
---
2 30 29.426280074028377 1.0 5
4 0 2 1 1 0 0.42742827651111104 
---
2 31 18.465967509767633 8.0 5
13 2 4 2 2 0 0.9278339683615542 
1 1 2 2 0 0 0.15205939810003533 
7 7 5 4 4 0 0.1278159488325865 
3 7 12 8 1 1 0.19011803355792445 
12 7 8 8 4 1 0.2581123996299475 
1 11 13 4 8 1 0.6040806193445152 
12 12 8 13 1 1 0.2410973292513252 
11 11 11 2 6 1 0.4367558407715195 
---
2 32 21.735554184659676 2.0 5
12 7 8 8 4 1 0.2581123996299475 
4 2 2 2 4 0 0.25000845698990926 
---
2 33 21.900061690314622 3.0 5
12 7 8 8 4 1 0.2581123996299475 
1 1 2 2 0 0 0.15205939810003533 
3 7 12 8 1 1 0.19011803355792445 
---
3 0 29.38515319761464 1.0 5
1 2 2 1 2 0 0.3785668685049215 
---
3 1 19.41188566728357 16.0 5
7 7 12 8 1 1 0.3213711228288263 
1 7 5 3 8 1 0.6881042632858814 
4 7 12 2 7 0 0.18212567818576308 
7 11 11 12 0 0 0.3500013234920567 
7 7 5 8 13 1 0.8605890052107747 
8 7 13 13 1 1 0.46856742447920596 
1 1 8 2 7 0 0.1438879007534941 
12 7 8 1 1 0 0.0948314782222317 
7 7 7 10 7 1 0.443727361040273 
7 7 12 8 1 1 0.3213711228288263 
3 4 2 0 4 0 0.23749597140685963 
1 2 12 12 11 0 0.45582341265300674 
4 11 4 13 1 1 0.19065699516189594 
13 0 12 8 1 0 0.9903109440051041 
7 7 12 1 6 1 0.21876640973766337 
8 8 13 8 1 1 0.37079086817151885 
---
3 2 21.838371375694017 2.0 5
7 7 4 8 2 1 0.3127094775314365 
1 2 2 1 4 0 0.44813662601598825 
---
3 3 21.838371375694017 2.0 5
7 7 4 8 2 1 0.3127094775314365 
1 2 2 1 4 0 0.44813662601598825 
---
3 4 21.900061690314622 3.0 5
1 7 5 1 8 1 0.5977508212460476 
7 7 12 8 1 1 0.3213711228288263 
4 2 1 1 1 0 0.7040885087237161 
---
3 5 21.900061690314622 3.0 5
1 7 5 1 8 1 0.5977508212460476 
7 7 12 8 1 1 0.3213711228288263 
4 2 1 1 1 0 0.7040885087237161 
---
3 6 21.1392144766605 4.0 5
1 2 1 1 1 0 0.6599318452356209 
1 7 5 1 8 1 0.5977508212460476 
7 7 12 8 1 1 0.3213711228288263 
8 8 13 8 1 1 0.37079086817151885 
---
3 7 21.159777914867366 5.0 5
1 2 1 1 1 0 0.6599318452356209 
1 7 5 3 8 1 0.6881042632858814 
7 7 5 8 13 1 0.8605890052107747 
7 7 12 8 1 1 0.3213711228288263 
8 8 13 8 1 1 0.37079086817151885 
---
3 8 20.913016656384947 6.0 5
8 8 13 8 1 1 0.37079086817151885 
1 7 5 3 8 1 0.6881042632858814 
7 7 5 8 13 1 0.8605890052107747 
7 7 12 8 1 1 0.3213711228288263 
4 7 12 2 7 0 0.18212567818576308 
1 2 1 1 1 0 0.6599318452356209 
---
3 9 21.1392144766605 4.0 5
1 2 1 1 1 0 0.6599318452356209 
1 7 5 1 8 1 0.5977508212460476 
7 7 12 8 1 1 0.3213711228288263 
8 8 13 8 1 1 0.37079086817151885 
---
3 10 21.159777914867366 5.0 5
1 2 1 1 1 0 0.6599318452356209 
1 7 5 3 8 1 0.6881042632858814 
7 7 5 8 13 1 0.8605890052107747 
7 7 12 8 1 1 0.3213711228288263 
8 8 13 8 1 1 0.37079086817151885 
---
3 11 20.913016656384947 6.0 5
8 8 13 8 1 1 0.37079086817151885 
1 7 5 3 8 1 0.6881042632858814 
7 7 5 8 13 1 0.8605890052107747 
7 7 12 8 1 1 0.3213711228288263 
4 7 12 2 7 0 0.18212567818576308 
1 2 1 1 1 0 0.6599318452356209 
---
3 12 20.563438206868188 10.0 5
7 7 7 10 7 1 0.443727361040273 
7 7 12 1 6 1 0.21876640973766337 
7 7 7 5 6 1 0.4503870933874776 
8 8 13 8 1 1 0.37079086817151885 
7 7 12 8 1 1 0.3213711228288263 
1 2 1 1 1 0 0.6599318452356209 
1 7 5 3 8 1 0.6881042632858814 
7 11 11 12 0 0 0.3500013234920567 
7 7 5 8 13 1 0.8605890052107747 
4 7 12 2 7 0 0.18212567818576308 
---
3 13 20.563438206868188 7.0 5
1 2 1 1 1 0 0.6599318452356209 
1 7 5 3 8 1 0.6881042632858814 
7 7 12 8 1 1 0.3213711228288263 
8 8 13 8 1 1 0.37079086817151885 
7 7 5 8 13 1 0.8605890052107747 
7 11 11 12 0 0 0.3500013234920567 
4 7 12 2 7 0 0.18212567818576308 
---
3 14 19.473575981904172 11.0 5
1 7 5 3 8 1 0.6881042632858814 
8 7 13 13 1 1 0.46856742447920596 
8 8 13 8 1 1 0.37079086817151885 
3 4 2 0 4 0 0.23749597140685963 
7 7 7 10 7 1 0.443727361040273 
4 7 12 2 7 0 0.18212567818576308 
7 7 5 8 13 1 0.8605890052107747 
1 1 8 2 7 0 0.1438879007534941 
1 2 12 12 11 0 0.45582341265300674 
7 11 11 12 0 0 0.3500013234920567 
7 7 12 8 1 1 0.3213711228288263 
---
3 15 19.473575981904172 11.0 5
1 7 5 3 8 1 0.6881042632858814 
8 7 13 13 1 1 0.46856742447920596 
8 8 13 8 1 1 0.37079086817151885 
3 4 2 0 4 0 0.23749597140685963 
7 7 7 10 7 1 0.443727361040273 
4 7 12 2 7 0 0.18212567818576308 
7 7 5 8 13 1 0.8605890052107747 
1 1 8 2 7 0 0.1438879007534941 
1 2 12 12 11 0 0.45582341265300674 
7 11 11 12 0 0 0.3500013234920567 
7 7 12 8 1 1 0.3213711228288263 
---
3 16 19.391322229076703 12.0 5
1 1 8 2 7 0 0.1438879007534941 
3 4 2 0 4 0 0.23749597140685963 
1 7 5 3 8 1 0.6881042632858814 
7 7 7 10 7 1 0.443727361040273 
7 7 12 8 1 1 0.3213711228288263 
4 7 12 2 7 0 0.18212567818576308 
7 7 7 5 6 1 0.4503870933874776 
8 8 13 8 1 1 0.37079086817151885 
1 2 12 12 11 0 0.45582341265300674 
8 7 13 13 1 1 0.46856742447920596 
7 7 5 8 13 1 0.8605890052107747 
7 11 11 12 0 0 0.3500013234920567 
---
3 17 20.563438206868188 7.0 5
1 2 1 1 1 0 0.6599318452356209 
1 7 5 3 8 1 0.6881042632858814 
7 7 12 8 1 1 0.3213711228288263 
8 8 13 8 1 1 0.37079086817151885 
7 7 5 8 13 1 0.8605890052107747 
7 11 11 12 0 0 0.3500013234920567 
4 7 12 2 7 0 0.18212567818576308 
---
3 18 20.52231133045445 8.0 5
7 7 12 8 1 1 0.3213711228288263 
4 7 12 2 7 0 0.18212567818576308 
7 11 11 12 0 0 0.3500013234920567 
1 2 1 1 1 0 0.6599318452356209 
8 8 13 8 1 1 0.37079086817151885 
1 7 5 3 8 1 0.6881042632858814 
7 7 7 5 6 1 0.4503870933874776 
7 7 5 8 13 1 0.8605890052107747 
---
3 19 19.391322229076703 12.0 5
1 1 8 2 7 0 0.1438879007534941 
3 4 2 0 4 0 0.23749597140685963 
1 7 5 3 8 1 0.6881042632858814 
7 7 7 10 7 1 0.443727361040273 
7 7 12 8 1 1 0.3213711228288263 
4 7 12 2 7 0 0.18212567818576308 
7 7 7 5 6 1 0.4503870933874776 
8 8 13 8 1 1 0.37079086817151885 
1 2 12 12 11 0 0.45582341265300674 
8 7 13 13 1 1 0.46856742447920596 
7 7 5 8 13 1 0.8605890052107747 
7 11 11 12 0 0 0.3500013234920567 
---
3 20 20.52231133045445 8.0 5
7 7 12 8 1 1 0.3213711228288263 
4 7 12 2 7 0 0.18212567818576308 
7 11 11 12 0 0 0.3500013234920567 
1 2 1 1 1 0 0.6599318452356209 
8 8 13 8 1 1 0.37079086817151885 
1 7 5 3 8 1 0.6881042632858814 
7 7 7 5 6 1 0.4503870933874776 
7 7 5 8 13 1 0.8605890052107747 
---
3 21 19.267941599835492 13.0 5
1 2 12 12 11 0 0.45582341265300674 
7 7 7 10 7 1 0.443727361040273 
4 11 4 13 1 1 0.19065699516189594 
13 0 12 8 1 0 0.9903109440051041 
8 8 13 8 1 1 0.37079086817151885 
3 4 2 0 4 0 0.23749597140685963 
1 1 8 2 7 0 0.1438879007534941 
1 7 5 3 8 1 0.6881042632858814 
7 7 12 8 1 1 0.3213711228288263 
7 11 11 12 0 0 0.3500013234920567 
7 7 5 8 13 1 0.8605890052107747 
8 7 13 13 1 1 0.46856742447920596 
4 7 12 2 7 0 0.18212567818576308 
---
3 22 19.535266296524778 15.0 5
7 7 12 8 1 1 0.3213711228288263 
8 7 13 13 1 1 0.46856742447920596 
1 2 12 12 11 0 0.45582341265300674 
3 4 2 0 4 0 0.23749597140685963 
7 11 11 12 0 0 0.3500013234920567 
7 7 7 10 7 1 0.443727361040273 
1 2 2 1 2 0 0.3785668685049215 
4 11 4 13 1 1 0.19065699516189594 
13 0 12 8 1 0 0.9903109440051041 
1 7 5 3 8 1 0.6881042632858814 
7 7 12 1 6 1 0.21876640973766337 
12 7 8 1 1 0 0.0948314782222317 
1 1 8 2 7 0 0.1438879007534941 
7 7 5 8 13 1 0.8605890052107747 
8 8 13 8 1 1 0.37079086817151885 
---
3 23 20.625128521488794 9.0 5
1 2 1 1 1 0 0.6599318452356209 
7 7 7 5 6 1 0.4503870933874776 
7 11 11 12 0 0 0.3500013234920567 
7 7 12 8 1 1 0.3213711228288263 
4 7 12 2 7 0 0.18212567818576308 
7 7 5 8 13 1 0.8605890052107747 
1 7 5 3 8 1 0.6881042632858814 
8 8 13 8 1 1 0.37079086817151885 
7 7 12 1 6 1 0.21876640973766337 
---
3 24 19.432449105490438 14.0 5
7 7 12 8 1 1 0.3213711228288263 
3 4 2 0 4 0 0.23749597140685963 
4 11 4 13 1 1 0.19065699516189594 
7 7 12 1 6 1 0.21876640973766337 
8 7 13 13 1 1 0.46856742447920596 
1 2 12 12 11 0 0.45582341265300674 
1 2 2 1 2 0 0.3785668685049215 
7 7 5 8 13 1 0.8605890052107747 
8 8 13 8 1 1 0.37079086817151885 
1 1 8 2 7 0 0.1438879007534941 
7 11 11 12 0 0 0.3500013234920567 
7 7 7 10 7 1 0.443727361040273 
1 7 5 3 8 1 0.6881042632858814 
13 0 12 8 1 0 0.9903109440051041 
---
3 25 19.535266296524778 15.0 5
7 7 12 8 1 1 0.3213711228288263 
8 7 13 13 1 1 0.46856742447920596 
1 2 12 12 11 0 0.45582341265300674 
3 4 2 0 4 0 0.23749597140685963 
7 11 11 12 0 0 0.3500013234920567 
7 7 7 10 7 1 0.443727361040273 
1 2 2 1 2 0 0.3785668685049215 
4 11 4 13 1 1 0.19065699516189594 
13 0 12 8 1 0 0.9903109440051041 
1 7 5 3 8 1 0.6881042632858814 
7 7 12 1 6 1 0.21876640973766337 
12 7 8 1 1 0 0.0948314782222317 
1 1 8 2 7 0 0.1438879007534941 
7 7 5 8 13 1 0.8605890052107747 
8 8 13 8 1 1 0.37079086817151885 
---
3 26 19.267941599835492 13.0 5
1 2 12 12 11 0 0.45582341265300674 
7 7 7 10 7 1 0.443727361040273 
4 11 4 13 1 1 0.19065699516189594 
13 0 12 8 1 0 0.9903109440051041 
8 8 13 8 1 1 0.37079086817151885 
3 4 2 0 4 0 0.23749597140685963 
1 1 8 2 7 0 0.1438879007534941 
1 7 5 3 8 1 0.6881042632858814 
7 7 12 8 1 1 0.3213711228288263 
7 11 11 12 0 0 0.3500013234920567 
7 7 5 8 13 1 0.8605890052107747 
8 7 13 13 1 1 0.46856742447920596 
4 7 12 2 7 0 0.18212567818576308 
---
3 27 19.432449105490438 14.0 5
7 7 12 8 1 1 0.3213711228288263 
3 4 2 0 4 0 0.23749597140685963 
4 11 4 13 1 1 0.19065699516189594 
7 7 12 1 6 1 0.21876640973766337 
8 7 13 13 1 1 0.46856742447920596 
1 2 12 12 11 0 0.45582341265300674 
1 2 2 1 2 0 0.3785668685049215 
7 7 5 8 13 1 0.8605890052107747 
8 8 13 8 1 1 0.37079086817151885 
1 1 8 2 7 0 0.1438879007534941 
7 11 11 12 0 0 0.3500013234920567 
7 7 7 10 7 1 0.443727361040273 
1 7 5 3 8 1 0.6881042632858814 
13 0 12 8 1 0 0.9903109440051041 
---
3 28 20.563438206868188 10.0 5
7 7 7 10 7 1 0.443727361040273 
7 7 12 1 6 1 0.21876640973766337 
7 7 7 5 6 1 0.4503870933874776 
8 8 13 8 1 1 0.37079086817151885 
7 7 12 8 1 1 0.3213711228288263 
1 2 1 1 1 0 0.6599318452356209 
1 7 5 3 8 1 0.6881042632858814 
7 11 11 12 0 0 0.3500013234920567 
7 7 5 8 13 1 0.8605890052107747 
4 7 12 2 7 0 0.18212567818576308 
---
3 29 20.625128521488794 9.0 5
1 2 1 1 1 0 0.6599318452356209 
7 7 7 5 6 1 0.4503870933874776 
7 11 11 12 0 0 0.3500013234920567 
7 7 12 8 1 1 0.3213711228288263 
4 7 12 2 7 0 0.18212567818576308 
7 7 5 8 13 1 0.8605890052107747 
1 7 5 3 8 1 0.6881042632858814 
8 8 13 8 1 1 0.37079086817151885 
7 7 12 1 6 1 0.21876640973766337 
---
3 30 29.38515319761464 1.0 5
1 2 2 1 2 0 0.3785668685049215 
---
3 31 19.41188566728357 16.0 5
7 7 12 8 1 1 0.3213711228288263 
1 7 5 3 8 1 0.6881042632858814 
4 7 12 2 7 0 0.18212567818576308 
7 11 11 12 0 0 0.3500013234920567 
7 7 5 8 13 1 0.8605890052107747 
8 7 13 13 1 1 0.46856742447920596 
1 1 8 2 7 0 0.1438879007534941 
12 7 8 1 1 0 0.0948314782222317 
7 7 7 10 7 1 0.443727361040273 
7 7 12 8 1 1 0.3213711228288263 
3 4 2 0 4 0 0.23749597140685963 
1 2 12 12 11 0 0.45582341265300674 
4 11 4 13 1 1 0.19065699516189594 
13 0 12 8 1 0 0.9903109440051041 
7 7 12 1 6 1 0.21876640973766337 
8 8 13 8 1 1 0.37079086817151885 
---
3 32 21.838371375694017 2.0 5
7 7 4 8 2 1 0.3127094775314365 
1 2 2 1 4 0 0.44813662601598825 
---
4 0 29.38515319761464 1.0 5
1 1 0 0 2 0 0.2218643141422696 
---
4 1 18.465967509767633 18.0 5
8 1 7 2 0 0 0.9258215348170982 
2 1 1 2 0 0 0.47838956262362387 
11 7 13 2 7 0 0.2675513636464899 
2 1 7 2 1 0 0.6575581085407516 
12 7 8 8 4 1 0.3257712184193391 
4 4 4 13 4 1 0.3140270354850725 
11 2 13 2 7 0 0.3405246549838248 
7 7 12 2 2 1 0.18838681888031195 
4 11 4 11 8 1 0.3349891879744875 
4 4 4 13 6 1 0.25967758416444964 
1 1 4 13 6 1 0.2689439960569975 
4 11 8 2 6 1 0.20599187746585468 
12 1 8 8 4 1 0.28296656882714233 
1 11 13 3 10 1 0.43010017488635977 
3 13 4 13 11 1 0.3787933946124906 
7 10 7 3 7 1 0.2663417465439941 
12 7 8 2 4 1 0.15470451995571954 
4 7 7 4 8 0 0.1136819195087404 
---
4 2 22.22907670162451 2.0 5
12 4 8 8 4 1 0.25013116409476854 
2 4 2 1 4 0 0.4932875455872783 
---
4 3 20.21385975735143 3.0 5
2 1 1 1 2 0 0.6463989805649093 
12 7 8 8 4 1 0.3257712184193391 
11 2 13 2 7 0 0.3405246549838248 
---
4 4 19.905408184248408 4.0 5
11 2 13 2 7 0 0.3405246549838248 
2 1 2 1 4 0 0.4722528609943586 
12 7 8 8 4 1 0.3257712184193391 
12 1 8 8 4 1 0.28296656882714233 
---
4 5 22.22907670162451 2.0 5
12 4 8 8 4 1 0.25013116409476854 
2 4 2 1 4 0 0.4932875455872783 
---
4 6 20.21385975735143 3.0 5
11 2 13 2 7 0 0.3405246549838248 
2 1 1 1 2 0 0.6463989805649093 
12 7 8 8 4 1 0.3257712184193391 
---
4 7 18.445404071560763 16.0 5
7 10 7 3 7 1 0.2663417465439941 
12 7 8 2 4 1 0.15470451995571954 
3 13 4 13 11 1 0.3787933946124906 
2 1 1 2 0 0 0.47838956262362387 
12 7 8 8 4 1 0.3257712184193391 
4 11 4 11 8 1 0.3349891879744875 
8 7 7 2 0 0 0.9298962556812784 
7 7 12 2 2 1 0.18838681888031195 
4 11 8 2 6 1 0.20599187746585468 
4 7 7 4 8 0 0.1136819195087404 
1 11 13 3 10 1 0.43010017488635977 
4 4 4 13 4 1 0.3140270354850725 
1 1 4 13 6 1 0.2689439960569975 
11 7 13 2 7 0 0.2675513636464899 
12 1 8 8 4 1 0.28296656882714233 
11 2 13 2 7 0 0.3405246549838248 
---
4 8 19.905408184248408 4.0 5
11 2 13 2 7 0 0.3405246549838248 
2 1 2 1 4 0 0.4722528609943586 
12 7 8 8 4 1 0.3257712184193391 
12 1 8 8 4 1 0.28296656882714233 
---
4 9 19.63808348755912 5.0 5
12 1 8 8 4 1 0.28296656882714233 
4 11 4 11 8 1 0.3349891879744875 
11 2 13 2 7 0 0.3405246549838248 
12 7 8 8 4 1 0.3257712184193391 
2 1 2 1 4 0 0.4722528609943586 
---
4 10 19.14456097059428 6.0 5
1 1 4 13 6 1 0.2689439960569975 
2 1 1 2 0 0 0.47838956262362387 
12 7 8 8 4 1 0.3257712184193391 
11 7 13 2 7 0 0.2675513636464899 
4 4 4 13 4 1 0.3140270354850725 
4 11 4 11 8 1 0.3349891879744875 
---
4 11 18.877236273904995 7.0 5
8 1 7 2 0 0 0.9258215348170982 
4 11 4 11 8 1 0.3349891879744875 
4 4 4 13 4 1 0.3140270354850725 
2 1 1 2 0 0 0.47838956262362387 
12 7 8 8 4 1 0.3257712184193391 
1 1 4 13 6 1 0.2689439960569975 
11 7 13 2 7 0 0.2675513636464899 
---
4 12 19.63808348755912 5.0 5
12 1 8 8 4 1 0.28296656882714233 
4 11 4 11 8 1 0.3349891879744875 
11 2 13 2 7 0 0.3405246549838248 
12 7 8 8 4 1 0.3257712184193391 
2 1 2 1 4 0 0.4722528609943586 
---
4 13 19.14456097059428 6.0 5
1 1 4 13 6 1 0.2689439960569975 
2 1 1 2 0 0 0.47838956262362387 
12 7 8 8 4 1 0.3257712184193391 
11 7 13 2 7 0 0.2675513636464899 
4 4 4 13 4 1 0.3140270354850725 
4 11 4 11 8 1 0.3349891879744875 
---
4 14 18.877236273904995 7.0 5
8 1 7 2 0 0 0.9258215348170982 
4 11 4 11 8 1 0.3349891879744875 
4 4 4 13 4 1 0.3140270354850725 
2 1 1 2 0 0 0.47838956262362387 
12 7 8 8 4 1 0.3257712184193391 
1 1 4 13 6 1 0.2689439960569975 
11 7 13 2 7 0 0.2675513636464899 
---
4 15 18.918363150318733 8.0 5
1 11 13 3 10 1 0.43010017488635977 
4 4 4 13 4 1 0.3140270354850725 
8 1 7 2 0 0 0.9258215348170982 
4 11 4 11 8 1 0.3349891879744875 
1 1 4 13 6 1 0.2689439960569975 
12 7 8 8 4 1 0.3257712184193391 
2 1 1 2 0 0 0.47838956262362387 
11 7 13 2 7 0 0.2675513636464899 
---
4 16 18.774419082870654 9.0 5
2 1 1 2 0 0 0.47838956262362387 
8 1 7 2 0 0 0.9258215348170982 
4 11 4 11 8 1 0.3349891879744875 
7 10 7 3 7 1 0.2663417465439941 
11 7 13 2 7 0 0.2675513636464899 
1 1 4 13 6 1 0.2689439960569975 
12 7 8 8 4 1 0.3257712184193391 
4 11 8 2 6 1 0.20599187746585468 
4 4 4 13 4 1 0.3140270354850725 
---
4 17 18.507094386181368 10.0 5
4 11 4 11 8 1 0.3349891879744875 
8 1 7 2 0 0 0.9258215348170982 
12 7 8 8 4 1 0.3257712184193391 
2 1 1 2 0 0 0.47838956262362387 
11 7 13 2 7 0 0.2675513636464899 
4 4 4 13 4 1 0.3140270354850725 
4 11 8 2 6 1 0.20599187746585468 
7 10 7 3 7 1 0.2663417465439941 
1 1 4 13 6 1 0.2689439960569975 
12 7 8 2 4 1 0.15470451995571954 
---
4 18 18.507094386181368 10.0 5
4 11 4 11 8 1 0.3349891879744875 
8 1 7 2 0 0 0.9258215348170982 
12 7 8 8 4 1 0.3257712184193391 
2 1 1 2 0 0 0.47838956262362387 
11 7 13 2 7 0 0.2675513636464899 
4 4 4 13 4 1 0.3140270354850725 
4 11 8 2 6 1 0.20599187746585468 
7 10 7 3 7 1 0.2663417465439941 
1 1 4 13 6 1 0.2689439960569975 
12 7 8 2 4 1 0.15470451995571954 
---
4 19 18.568784700801974 11.0 5
2 1 1 2 0 0 0.47838956262362387 
4 11 8 2 6 1 0.20599187746585468 
8 7 7 2 0 0 0.9298962556812784 
7 7 12 2 2 1 0.18838681888031195 
12 7 8 8 4 1 0.3257712184193391 
12 7 8 2 4 1 0.15470451995571954 
1 11 13 3 10 1 0.43010017488635977 
11 7 13 2 7 0 0.2675513636464899 
4 11 4 11 8 1 0.3349891879744875 
1 1 4 13 6 1 0.2689439960569975 
4 4 4 13 4 1 0.3140270354850725 
---
4 20 18.589348139008845 12.0 5
4 11 4 11 8 1 0.3349891879744875 
12 7 8 2 4 1 0.15470451995571954 
2 1 1 2 0 0 0.47838956262362387 
7 7 12 2 2 1 0.18838681888031195 
8 1 7 2 0 0 0.9258215348170982 
4 11 8 2 6 1 0.20599187746585468 
1 11 13 3 10 1 0.43010017488635977 
1 1 4 13 6 1 0.2689439960569975 
11 7 13 2 7 0 0.2675513636464899 
3 13 4 13 11 1 0.3787933946124906 
4 4 4 13 4 1 0.3140270354850725 
12 7 8 8 4 1 0.3257712184193391 
---
4 21 18.568784700801974 11.0 5
2 1 1 2 0 0 0.47838956262362387 
4 11 8 2 6 1 0.20599187746585468 
8 7 7 2 0 0 0.9298962556812784 
7 7 12 2 2 1 0.18838681888031195 
12 7 8 8 4 1 0.3257712184193391 
12 7 8 2 4 1 0.15470451995571954 
1 11 13 3 10 1 0.43010017488635977 
11 7 13 2 7 0 0.2675513636464899 
4 11 4 11 8 1 0.3349891879744875 
1 1 4 13 6 1 0.2689439960569975 
4 4 4 13 4 1 0.3140270354850725 
---
4 22 18.589348139008845 12.0 5
4 11 4 11 8 1 0.3349891879744875 
12 7 8 2 4 1 0.15470451995571954 
2 1 1 2 0 0 0.47838956262362387 
7 7 12 2 2 1 0.18838681888031195 
8 1 7 2 0 0 0.9258215348170982 
4 11 8 2 6 1 0.20599187746585468 
1 11 13 3 10 1 0.43010017488635977 
1 1 4 13 6 1 0.2689439960569975 
11 7 13 2 7 0 0.2675513636464899 
3 13 4 13 11 1 0.3787933946124906 
4 4 4 13 4 1 0.3140270354850725 
12 7 8 8 4 1 0.3257712184193391 
---
4 23 18.651038453629447 13.0 5
12 7 8 8 4 1 0.3257712184193391 
7 7 12 2 2 1 0.18838681888031195 
11 7 13 2 7 0 0.2675513636464899 
2 1 1 2 0 0 0.47838956262362387 
3 13 4 13 11 1 0.3787933946124906 
4 11 8 2 6 1 0.20599187746585468 
12 7 8 2 4 1 0.15470451995571954 
1 11 13 3 10 1 0.43010017488635977 
4 11 4 11 8 1 0.3349891879744875 
1 1 4 13 6 1 0.2689439960569975 
4 4 4 13 4 1 0.3140270354850725 
8 7 7 2 0 0 0.9298962556812784 
7 10 7 3 7 1 0.2663417465439941 
---
4 24 18.918363150318733 8.0 5
1 11 13 3 10 1 0.43010017488635977 
4 4 4 13 4 1 0.3140270354850725 
8 1 7 2 0 0 0.9258215348170982 
4 11 4 11 8 1 0.3349891879744875 
1 1 4 13 6 1 0.2689439960569975 
12 7 8 8 4 1 0.3257712184193391 
2 1 1 2 0 0 0.47838956262362387 
11 7 13 2 7 0 0.2675513636464899 
---
4 25 18.774419082870654 9.0 5
2 1 1 2 0 0 0.47838956262362387 
8 1 7 2 0 0 0.9258215348170982 
4 11 4 11 8 1 0.3349891879744875 
7 10 7 3 7 1 0.2663417465439941 
11 7 13 2 7 0 0.2675513636464899 
1 1 4 13 6 1 0.2689439960569975 
12 7 8 8 4 1 0.3257712184193391 
4 11 8 2 6 1 0.20599187746585468 
4 4 4 13 4 1 0.3140270354850725 
---
4 26 18.445404071560763 16.0 5
7 10 7 3 7 1 0.2663417465439941 
12 7 8 2 4 1 0.15470451995571954 
3 13 4 13 11 1 0.3787933946124906 
2 1 1 2 0 0 0.47838956262362387 
12 7 8 8 4 1 0.3257712184193391 
4 11 4 11 8 1 0.3349891879744875 
8 7 7 2 0 0 0.9298962556812784 
7 7 12 2 2 1 0.18838681888031195 
4 11 8 2 6 1 0.20599187746585468 
4 7 7 4 8 0 0.1136819195087404 
1 11 13 3 10 1 0.43010017488635977 
4 4 4 13 4 1 0.3140270354850725 
1 1 4 13 6 1 0.2689439960569975 
11 7 13 2 7 0 0.2675513636464899 
12 1 8 8 4 1 0.28296656882714233 
11 2 13 2 7 0 0.3405246549838248 
---
4 27 18.651038453629447 13.0 5
12 7 8 8 4 1 0.3257712184193391 
7 7 12 2 2 1 0.18838681888031195 
11 7 13 2 7 0 0.2675513636464899 
2 1 1 2 0 0 0.47838956262362387 
3 13 4 13 11 1 0.3787933946124906 
4 11 8 2 6 1 0.20599187746585468 
12 7 8 2 4 1 0.15470451995571954 
1 11 13 3 10 1 0.43010017488635977 
4 11 4 11 8 1 0.3349891879744875 
1 1 4 13 6 1 0.2689439960569975 
4 4 4 13 4 1 0.3140270354850725 
8 7 7 2 0 0 0.9298962556812784 
7 10 7 3 7 1 0.2663417465439941 
---
4 28 18.404277195147028 15.0 5
11 2 13 2 7 0 0.3405246549838248 
7 7 12 2 2 1 0.18838681888031195 
1 1 4 13 6 1 0.2689439960569975 
12 7 8 8 4 1 0.3257712184193391 
3 13 4 13 11 1 0.3787933946124906 
12 7 8 2 4 1 0.15470451995571954 
11 7 13 2 7 0 0.2675513636464899 
4 11 8 2 6 1 0.20599187746585468 
7 10 7 3 7 1 0.2663417465439941 
4 11 4 11 8 1 0.3349891879744875 
1 11 13 3 10 1 0.43010017488635977 
4 4 4 13 4 1 0.3140270354850725 
8 7 7 2 0 0 0.9298962556812784 
12 1 8 8 4 1 0.28296656882714233 
2 1 1 2 0 0 0.47838956262362387 
---
4 29 18.692165330043185 14.0 5
3 13 4 13 11 1 0.3787933946124906 
7 7 12 2 2 1 0.18838681888031195 
4 11 4 11 8 1 0.3349891879744875 
12 7 8 8 4 1 0.3257712184193391 
11 7 13 2 7 0 0.2675513636464899 
7 10 7 3 7 1 0.2663417465439941 
4 11 8 2 6 1 0.20599187746585468 
1 1 4 13 6 1 0.2689439960569975 
4 4 4 13 4 1 0.3140270354850725 
2 1 1 2 0 0 0.47838956262362387 
12 7 8 2 4 1 0.15470451995571954 
8 7 7 2 0 0 0.9298962556812784 
1 11 13 3 10 1 0.43010017488635977 
4 7 7 4 8 0 0.1136819195087404 
---
4 30 18.692165330043185 14.0 5
3 13 4 13 11 1 0.3787933946124906 
7 7 12 2 2 1 0.18838681888031195 
4 11 4 11 8 1 0.3349891879744875 
12 7 8 8 4 1 0.3257712184193391 
11 7 13 2 7 0 0.2675513636464899 
7 10 7 3 7 1 0.2663417465439941 
4 11 8 2 6 1 0.20599187746585468 
1 1 4 13 6 1 0.2689439960569975 
4 4 4 13 4 1 0.3140270354850725 
2 1 1 2 0 0 0.47838956262362387 
12 7 8 2 4 1 0.15470451995571954 
8 7 7 2 0 0 0.9298962556812784 
1 11 13 3 10 1 0.43010017488635977 
4 7 7 4 8 0 0.1136819195087404 
---
4 31 18.404277195147028 15.0 5
11 2 13 2 7 0 0.3405246549838248 
7 7 12 2 2 1 0.18838681888031195 
1 1 4 13 6 1 0.2689439960569975 
12 7 8 8 4 1 0.3257712184193391 
3 13 4 13 11 1 0.3787933946124906 
12 7 8 2 4 1 0.15470451995571954 
11 7 13 2 7 0 0.2675513636464899 
4 11 8 2 6 1 0.20599187746585468 
7 10 7 3 7 1 0.2663417465439941 
4 11 4 11 8 1 0.3349891879744875 
1 11 13 3 10 1 0.43010017488635977 
4 4 4 13 4 1 0.3140270354850725 
8 7 7 2 0 0 0.9298962556812784 
12 1 8 8 4 1 0.28296656882714233 
2 1 1 2 0 0 0.47838956262362387 
---
4 32 29.426280074028377 1.0 5
1 1 0 4 4 0 0.3087088048810964 
---
5 0 29.467406950442115 1.0 5
2 1 4 4 4 0 0.5106374233086743 
---
5 1 19.65864692576599 13.0 5
7 7 13 4 8 1 0.7377395458621046 
1 7 8 1 11 0 0.26659911130812586 
11 4 2 7 1 0 0.504846593394356 
7 7 8 12 1 1 0.13077079515440004 
12 2 13 2 1 1 0.2248206735092404 
4 1 3 12 2 0 0.8123968853621997 
4 7 2 8 10 1 0.16212128168371365 
12 7 13 1 8 1 0.7469769527772474 
8 7 13 8 1 1 0.7443300262318824 
4 11 7 5 6 0 0.1769136009623833 
1 7 13 8 4 1 0.5267641632077541 
7 0 5 4 12 1 0.18439910880048294 
4 1 8 1 4 0 0.13161435084662365 
---
5 2 23.421756117622866 2.0 5
2 2 2 1 1 0 0.5250288013079508 
4 7 13 8 2 1 0.6575814653161012 
---
5 3 23.421756117622866 2.0 5
2 2 2 1 1 0 0.5250288013079508 
4 7 13 8 2 1 0.6575814653161012 
---
5 4 22.105696072383303 3.0 5
2 2 2 1 1 0 0.5250288013079508 
4 7 13 8 2 1 0.6575814653161012 
4 7 13 2 8 1 0.7612285414060627 
---
5 5 20.563438206868188 5.0 5
2 2 2 1 1 0 0.5250288013079508 
4 7 13 8 2 1 0.6575814653161012 
4 7 13 2 8 1 0.7612285414060627 
4 7 2 8 10 1 0.16212128168371365 
4 11 7 5 6 0 0.1769136009623833 
---
5 6 20.584001645075055 6.0 5
1 1 2 1 2 0 0.18346620611729225 
11 4 2 7 1 0 0.504846593394356 
1 7 8 1 11 0 0.26659911130812586 
7 7 8 12 1 1 0.13077079515440004 
1 7 13 8 4 1 0.5267641632077541 
7 7 13 4 8 1 0.7377395458621046 
---
5 7 20.584001645075055 6.0 5
1 1 2 1 2 0 0.18346620611729225 
11 4 2 7 1 0 0.504846593394356 
1 7 8 1 11 0 0.26659911130812586 
7 7 8 12 1 1 0.13077079515440004 
1 7 13 8 4 1 0.5267641632077541 
7 7 13 4 8 1 0.7377395458621046 
---
5 8 20.11104256631709 7.0 5
12 2 13 2 1 1 0.2248206735092404 
1 7 13 8 4 1 0.5267641632077541 
7 7 13 4 8 1 0.7377395458621046 
7 7 8 12 1 1 0.13077079515440004 
11 4 2 7 1 0 0.504846593394356 
1 7 8 1 11 0 0.26659911130812586 
1 1 2 1 2 0 0.18346620611729225 
---
5 9 21.427102611556652 4.0 5
12 12 1 13 12 1 0.41862688960686056 
2 2 2 1 1 0 0.5250288013079508 
4 7 13 2 8 1 0.7612285414060627 
4 7 13 8 2 1 0.6575814653161012 
---
5 10 20.563438206868188 5.0 5
4 11 7 5 6 0 0.1769136009623833 
2 2 2 1 1 0 0.5250288013079508 
4 7 2 8 10 1 0.16212128168371365 
4 7 13 2 8 1 0.7612285414060627 
4 7 13 8 2 1 0.6575814653161012 
---
5 11 20.33724038659264 8.0 5
7 7 13 4 8 1 0.7377395458621046 
12 2 13 2 1 1 0.2248206735092404 
1 7 8 1 11 0 0.26659911130812586 
11 4 2 7 1 0 0.504846593394356 
4 1 8 1 4 0 0.13161435084662365 
7 7 8 12 1 1 0.13077079515440004 
4 1 3 1 2 0 0.7711038598717705 
1 7 13 8 4 1 0.5267641632077541 
---
5 12 19.288505038042363 9.0 5
7 7 8 12 1 1 0.13077079515440004 
1 7 8 1 11 0 0.26659911130812586 
7 7 13 4 8 1 0.7377395458621046 
1 7 13 8 4 1 0.5267641632077541 
1 1 2 1 2 0 0.18346620611729225 
12 2 13 2 1 1 0.2248206735092404 
4 7 2 8 10 1 0.16212128168371365 
11 4 2 7 1 0 0.504846593394356 
4 11 7 5 6 0 0.1769136009623833 
---
5 13 19.288505038042363 9.0 5
7 7 8 12 1 1 0.13077079515440004 
1 7 8 1 11 0 0.26659911130812586 
7 7 13 4 8 1 0.7377395458621046 
1 7 13 8 4 1 0.5267641632077541 
1 1 2 1 2 0 0.18346620611729225 
12 2 13 2 1 1 0.2248206735092404 
4 7 2 8 10 1 0.16212128168371365 
11 4 2 7 1 0 0.504846593394356 
4 11 7 5 6 0 0.1769136009623833 
---
5 14 19.61752004935225 10.0 5
4 11 7 5 6 0 0.1769136009623833 
12 2 13 2 1 1 0.2248206735092404 
7 7 8 12 1 1 0.13077079515440004 
1 7 13 8 4 1 0.5267641632077541 
4 1 8 1 4 0 0.13161435084662365 
7 7 13 4 8 1 0.7377395458621046 
4 1 3 12 2 0 0.8123968853621997 
11 4 2 7 1 0 0.504846593394356 
4 7 2 8 10 1 0.16212128168371365 
1 7 8 1 11 0 0.26659911130812586 
---
5 15 20.11104256631709 7.0 5
12 2 13 2 1 1 0.2248206735092404 
1 7 13 8 4 1 0.5267641632077541 
7 7 13 4 8 1 0.7377395458621046 
7 7 8 12 1 1 0.13077079515440004 
11 4 2 7 1 0 0.504846593394356 
1 7 8 1 11 0 0.26659911130812586 
1 1 2 1 2 0 0.18346620611729225 
---
5 16 19.61752004935225 10.0 5
4 11 7 5 6 0 0.1769136009623833 
12 2 13 2 1 1 0.2248206735092404 
7 7 8 12 1 1 0.13077079515440004 
1 7 13 8 4 1 0.5267641632077541 
4 1 8 1 4 0 0.13161435084662365 
7 7 13 4 8 1 0.7377395458621046 
4 1 3 12 2 0 0.8123968853621997 
11 4 2 7 1 0 0.504846593394356 
4 7 2 8 10 1 0.16212128168371365 
1 7 8 1 11 0 0.26659911130812586 
---
5 17 19.55582973473165 11.0 5
7 7 13 4 8 1 0.7377395458621046 
12 7 13 1 8 1 0.7469769527772474 
11 4 2 7 1 0 0.504846593394356 
1 7 8 1 11 0 0.26659911130812586 
4 1 8 1 4 0 0.13161435084662365 
4 11 7 5 6 0 0.1769136009623833 
7 7 8 12 1 1 0.13077079515440004 
12 2 13 2 1 1 0.2248206735092404 
4 1 3 12 2 0 0.8123968853621997 
1 7 13 8 4 1 0.5267641632077541 
4 7 2 8 10 1 0.16212128168371365 
---
5 18 19.494139420111043 12.0 5
1 7 8 1 11 0 0.26659911130812586 
12 7 13 1 8 1 0.7469769527772474 
4 7 2 8 10 1 0.16212128168371365 
12 2 13 2 1 1 0.2248206735092404 
1 7 13 8 4 1 0.5267641632077541 
7 7 8 12 1 1 0.13077079515440004 
7 7 13 4 8 1 0.7377395458621046 
4 11 7 5 6 0 0.1769136009623833 
4 1 8 1 4 0 0.13161435084662365 
4 1 3 12 2 0 0.8123968853621997 
11 4 2 7 1 0 0.504846593394356 
4 7 13 8 2 1 0.6575814653161012 
---
5 19 19.55582973473165 11.0 5
7 7 13 4 8 1 0.7377395458621046 
12 7 13 1 8 1 0.7469769527772474 
11 4 2 7 1 0 0.504846593394356 
1 7 8 1 11 0 0.26659911130812586 
4 1 8 1 4 0 0.13161435084662365 
4 11 7 5 6 0 0.1769136009623833 
7 7 8 12 1 1 0.13077079515440004 
12 2 13 2 1 1 0.2248206735092404 
4 1 3 12 2 0 0.8123968853621997 
1 7 13 8 4 1 0.5267641632077541 
4 7 2 8 10 1 0.16212128168371365 
---
5 20 20.33724038659264 8.0 5
7 7 13 4 8 1 0.7377395458621046 
12 2 13 2 1 1 0.2248206735092404 
1 7 8 1 11 0 0.26659911130812586 
11 4 2 7 1 0 0.504846593394356 
4 1 8 1 4 0 0.13161435084662365 
7 7 8 12 1 1 0.13077079515440004 
4 1 3 1 2 0 0.7711038598717705 
1 7 13 8 4 1 0.5267641632077541 
---
5 21 19.494139420111043 12.0 5
1 7 8 1 11 0 0.26659911130812586 
12 7 13 1 8 1 0.7469769527772474 
4 7 2 8 10 1 0.16212128168371365 
12 2 13 2 1 1 0.2248206735092404 
1 7 13 8 4 1 0.5267641632077541 
7 7 8 12 1 1 0.13077079515440004 
7 7 13 4 8 1 0.7377395458621046 
4 11 7 5 6 0 0.1769136009623833 
4 1 8 1 4 0 0.13161435084662365 
4 1 3 12 2 0 0.8123968853621997 
11 4 2 7 1 0 0.504846593394356 
4 7 13 8 2 1 0.6575814653161012 
---
5 22 22.105696072383303 3.0 5
2 2 2 1 1 0 0.5250288013079508 
4 7 13 8 2 1 0.6575814653161012 
4 7 13 2 8 1 0.7612285414060627 
---
5 23 21.427102611556652 4.0 5
2 2 2 1 1 0 0.5250288013079508 
4 7 13 8 2 1 0.6575814653161012 
4 7 13 2 8 1 0.7612285414060627 
12 12 1 13 12 1 0.41862688960686056 
---
5 24 29.426280074028377 1.0 5
4 2 1 1 4 0 0.6808565944066732 
---
5 25 19.65864692576599 13.0 5
7 7 13 4 8 1 0.7377395458621046 
1 7 8 1 11 0 0.26659911130812586 
11 4 2 7 1 0 0.504846593394356 
7 7 8 12 1 1 0.13077079515440004 
12 2 13 2 1 1 0.2248206735092404 
4 1 3 12 2 0 0.8123968853621997 
4 7 2 8 10 1 0.16212128168371365 
12 7 13 1 8 1 0.7469769527772474 
8 7 13 8 1 1 0.7443300262318824 
4 11 7 5 6 0 0.1769136009623833 
1 7 13 8 4 1 0.5267641632077541 
7 0 5 4 12 1 0.18439910880048294 
4 1 8 1 4 0 0.13161435084662365 
---
5 26 23.421756117622866 2.0 5
2 2 2 1 1 0 0.5250288013079508 
4 7 13 8 2 1 0.6575814653161012 
---
5 27 20.584001645075055 6.0 5
1 1 2 1 2 0 0.18346620611729225 
11 4 2 7 1 0 0.504846593394356 
1 7 8 1 11 0 0.26659911130812586 
7 7 8 12 1 1 0.13077079515440004 
1 7 13 8 4 1 0.5267641632077541 
7 7 13 4 8 1 0.7377395458621046 
---
5 28 20.563438206868188 5.0 5
2 2 2 1 1 0 0.5250288013079508 
4 7 13 8 2 1 0.6575814653161012 
4 7 13 2 8 1 0.7612285414060627 
4 7 2 8 10 1 0.16212128168371365 
4 11 7 5 6 0 0.1769136009623833 
---
5 29 19.288505038042363 9.0 5
7 7 8 12 1 1 0.13077079515440004 
1 7 8 1 11 0 0.26659911130812586 
7 7 13 4 8 1 0.7377395458621046 
1 7 13 8 4 1 0.5267641632077541 
1 1 2 1 2 0 0.18346620611729225 
12 2 13 2 1 1 0.2248206735092404 
4 7 2 8 10 1 0.16212128168371365 
11 4 2 7 1 0 0.504846593394356 
4 11 7 5 6 0 0.1769136009623833 
---
5 30 20.11104256631709 7.0 5
12 2 13 2 1 1 0.2248206735092404 
1 7 13 8 4 1 0.5267641632077541 
7 7 13 4 8 1 0.7377395458621046 
7 7 8 12 1 1 0.13077079515440004 
11 4 2 7 1 0 0.504846593394356 
1 7 8 1 11 0 0.26659911130812586 
1 1 2 1 2 0 0.18346620611729225 
---
5 31 19.61752004935225 10.0 5
4 11 7 5 6 0 0.1769136009623833 
12 2 13 2 1 1 0.2248206735092404 
7 7 8 12 1 1 0.13077079515440004 
1 7 13 8 4 1 0.5267641632077541 
4 1 8 1 4 0 0.13161435084662365 
7 7 13 4 8 1 0.7377395458621046 
4 1 3 12 2 0 0.8123968853621997 
11 4 2 7 1 0 0.504846593394356 
4 7 2 8 10 1 0.16212128168371365 
1 7 8 1 11 0 0.26659911130812586 
---
5 32 19.494139420111043 12.0 5
1 7 8 1 11 0 0.26659911130812586 
12 7 13 1 8 1 0.7469769527772474 
4 7 2 8 10 1 0.16212128168371365 
12 2 13 2 1 1 0.2248206735092404 
1 7 13 8 4 1 0.5267641632077541 
7 7 8 12 1 1 0.13077079515440004 
7 7 13 4 8 1 0.7377395458621046 
4 11 7 5 6 0 0.1769136009623833 
4 1 8 1 4 0 0.13161435084662365 
4 1 3 12 2 0 0.8123968853621997 
11 4 2 7 1 0 0.504846593394356 
4 7 13 8 2 1 0.6575814653161012 
---
6 0 29.426280074028377 1.0 5
2 2 4 4 0 0 0.5501199529657208 
---
6 1 17.14990746452807 18.0 5
12 7 13 4 4 1 0.2775372759486763 
2 4 7 12 3 0 0.8446750476857079 
11 10 1 1 4 1 0.6169635552613415 
11 1 8 2 11 0 0.22238759782749584 
2 4 7 8 3 0 0.48162750797210574 
1 7 1 1 4 0 0.3406379085697322 
1 2 6 1 7 0 0.8905210739912368 
3 1 8 0 7 0 0.30072421586637543 
11 11 3 10 7 1 0.8160140310547905 
4 7 11 0 8 0 0.5081836825877146 
12 7 8 2 1 1 0.1661676231662257 
1 12 13 4 4 0 0.09639549396482194 
7 7 1 8 1 1 0.16458067314423186 
7 7 12 8 1 1 0.20736427209228547 
1 1 7 2 3 0 0.3977321575003854 
12 1 8 2 2 1 0.2703507923272517 
7 2 5 8 6 1 0.10435005797642627 
12 2 13 4 4 1 0.11955608417869401 
---
6 2 21.44766604976352 2.0 5
12 7 1 8 2 1 0.2547117795523659 
2 2 1 1 2 0 0.7097427025879002 
---
6 3 19.000616903146206 3.0 5
1 1 1 4 4 0 0.39522004955939005 
7 7 12 8 1 1 0.20736427209228547 
12 7 8 4 2 1 0.28620272294395566 
---
6 4 18.63047501542258 4.0 5
3 1 8 0 7 0 0.30072421586637543 
4 2 7 1 1 0 0.8379507280503447 
7 7 1 8 0 1 0.20881331366554057 
12 7 13 4 4 1 0.2775372759486763 
---
6 5 21.44766604976352 2.0 5
12 7 1 8 2 1 0.2547117795523659 
2 2 1 1 2 0 0.7097427025879002 
---
6 6 19.000616903146206 3.0 5
1 1 1 4 4 0 0.39522004955939005 
7 7 12 8 1 1 0.20736427209228547 
12 7 8 4 2 1 0.28620272294395566 
---
6 7 17.70512029611351 13.0 5
11 10 1 1 4 1 0.6169635552613415 
11 1 8 2 11 0 0.22238759782749584 
2 4 7 12 3 0 0.8446750476857079 
11 11 3 10 7 1 0.8160140310547905 
3 1 8 0 7 0 0.30072421586637543 
1 1 7 2 3 0 0.3977321575003854 
12 7 8 2 1 1 0.1661676231662257 
1 2 6 1 7 0 0.8905210739912368 
12 7 13 4 4 1 0.2775372759486763 
1 7 1 1 4 0 0.3406379085697322 
4 7 11 0 8 0 0.5081836825877146 
7 7 12 8 1 1 0.20736427209228547 
12 1 8 2 2 1 0.2703507923272517 
---
6 8 18.63047501542258 4.0 5
3 1 8 0 7 0 0.30072421586637543 
4 2 7 1 1 0 0.8379507280503447 
7 7 1 8 0 1 0.20881331366554057 
12 7 13 4 4 1 0.2775372759486763 
---
6 9 18.157515936664613 5.0 5
12 7 13 4 4 1 0.2775372759486763 
12 2 13 4 4 1 0.11955608417869401 
1 1 7 1 1 0 0.6178790663442155 
7 7 1 8 0 1 0.20881331366554057 
3 1 8 0 7 0 0.30072421586637543 
---
6 10 17.314414970183016 9.0 5
1 1 7 2 3 0 0.3977321575003854 
1 2 7 1 7 0 0.8314189881996219 
4 7 11 0 8 0 0.5081836825877146 
7 7 12 8 1 1 0.20736427209228547 
11 11 3 10 7 1 0.8160140310547905 
11 1 8 2 11 0 0.22238759782749584 
3 1 8 0 7 0 0.30072421586637543 
12 7 8 2 1 1 0.1661676231662257 
12 7 13 4 4 1 0.2775372759486763 
---
6 11 17.170470902734937 10.0 5
7 7 12 8 1 1 0.20736427209228547 
11 1 8 2 11 0 0.22238759782749584 
2 4 7 12 3 0 0.8446750476857079 
12 2 13 4 4 1 0.11955608417869401 
3 1 8 0 7 0 0.30072421586637543 
12 7 13 4 4 1 0.2775372759486763 
4 7 11 0 8 0 0.5081836825877146 
1 2 6 1 7 0 0.8905210739912368 
1 1 7 2 3 0 0.3977321575003854 
12 7 8 2 1 1 0.1661676231662257 
---
6 12 17.170470902734937 10.0 5
7 7 12 8 1 1 0.20736427209228547 
11 1 8 2 11 0 0.22238759782749584 
2 4 7 12 3 0 0.8446750476857079 
12 2 13 4 4 1 0.11955608417869401 
3 1 8 0 7 0 0.30072421586637543 
12 7 13 4 4 1 0.2775372759486763 
4 7 11 0 8 0 0.5081836825877146 
1 2 6 1 7 0 0.8905210739912368 
1 1 7 2 3 0 0.3977321575003854 
12 7 8 2 1 1 0.1661676231662257 
---
6 13 17.849064363561588 7.0 5
12 7 13 4 4 1 0.2775372759486763 
11 1 8 2 11 0 0.22238759782749584 
7 7 12 8 1 1 0.20736427209228547 
12 7 8 2 1 1 0.1661676231662257 
3 1 8 0 7 0 0.30072421586637543 
1 2 7 1 7 0 0.8314189881996219 
4 7 11 0 8 0 0.5081836825877146 
---
6 14 17.725683734320377 8.0 5
4 7 11 0 8 0 0.5081836825877146 
11 11 3 10 7 1 0.8160140310547905 
12 7 13 4 4 1 0.2775372759486763 
7 7 12 8 1 1 0.20736427209228547 
12 7 8 2 1 1 0.1661676231662257 
1 2 7 1 7 0 0.8314189881996219 
11 1 8 2 11 0 0.22238759782749584 
3 1 8 0 7 0 0.30072421586637543 
---
6 15 17.04709027349373 11.0 5
12 7 8 2 1 1 0.1661676231662257 
3 1 8 0 7 0 0.30072421586637543 
11 1 8 2 11 0 0.22238759782749584 
1 1 7 2 3 0 0.3977321575003854 
11 11 3 10 7 1 0.8160140310547905 
2 4 7 12 3 0 0.8446750476857079 
12 2 13 4 4 1 0.11955608417869401 
4 7 11 0 8 0 0.5081836825877146 
12 7 13 4 4 1 0.2775372759486763 
1 2 6 1 7 0 0.8905210739912368 
7 7 12 8 1 1 0.20736427209228547 
---
6 16 17.725683734320377 8.0 5
4 7 11 0 8 0 0.5081836825877146 
11 11 3 10 7 1 0.8160140310547905 
12 7 13 4 4 1 0.2775372759486763 
7 7 12 8 1 1 0.20736427209228547 
12 7 8 2 1 1 0.1661676231662257 
1 2 7 1 7 0 0.8314189881996219 
11 1 8 2 11 0 0.22238759782749584 
3 1 8 0 7 0 0.30072421586637543 
---
6 17 17.314414970183016 9.0 5
1 1 7 2 3 0 0.3977321575003854 
1 2 7 1 7 0 0.8314189881996219 
4 7 11 0 8 0 0.5081836825877146 
7 7 12 8 1 1 0.20736427209228547 
11 11 3 10 7 1 0.8160140310547905 
11 1 8 2 11 0 0.22238759782749584 
3 1 8 0 7 0 0.30072421586637543 
12 7 8 2 1 1 0.1661676231662257 
12 7 13 4 4 1 0.2775372759486763 
---
6 18 18.13695249845774 6.0 5
12 2 13 4 4 1 0.11955608417869401 
12 7 13 4 4 1 0.2775372759486763 
7 7 1 8 0 1 0.20881331366554057 
1 1 7 1 1 0 0.6178790663442155 
3 1 8 0 7 0 0.30072421586637543 
11 11 3 10 7 1 0.8160140310547905 
---
6 19 17.849064363561588 7.0 5
12 7 13 4 4 1 0.2775372759486763 
11 1 8 2 11 0 0.22238759782749584 
7 7 12 8 1 1 0.20736427209228547 
12 7 8 2 1 1 0.1661676231662257 
3 1 8 0 7 0 0.30072421586637543 
1 2 7 1 7 0 0.8314189881996219 
4 7 11 0 8 0 0.5081836825877146 
---
6 20 18.157515936664613 5.0 5
12 7 13 4 4 1 0.2775372759486763 
12 2 13 4 4 1 0.11955608417869401 
1 1 7 1 1 0 0.6178790663442155 
7 7 1 8 0 1 0.20881331366554057 
3 1 8 0 7 0 0.30072421586637543 
---
6 21 18.13695249845774 6.0 5
12 2 13 4 4 1 0.11955608417869401 
12 7 13 4 4 1 0.2775372759486763 
7 7 1 8 0 1 0.20881331366554057 
1 1 7 1 1 0 0.6178790663442155 
3 1 8 0 7 0 0.30072421586637543 
11 11 3 10 7 1 0.8160140310547905 
---
6 22 17.04709027349373 11.0 5
12 7 8 2 1 1 0.1661676231662257 
3 1 8 0 7 0 0.30072421586637543 
11 1 8 2 11 0 0.22238759782749584 
1 1 7 2 3 0 0.3977321575003854 
11 11 3 10 7 1 0.8160140310547905 
2 4 7 12 3 0 0.8446750476857079 
12 2 13 4 4 1 0.11955608417869401 
4 7 11 0 8 0 0.5081836825877146 
12 7 13 4 4 1 0.2775372759486763 
1 2 6 1 7 0 0.8905210739912368 
7 7 12 8 1 1 0.20736427209228547 
---
6 23 17.437795599424224 15.0 5
7 7 1 8 1 1 0.16458067314423186 
12 7 8 2 1 1 0.1661676231662257 
12 7 13 4 4 1 0.2775372759486763 
12 2 13 4 4 1 0.11955608417869401 
11 1 8 2 11 0 0.22238759782749584 
2 4 7 12 3 0 0.8446750476857079 
4 7 11 0 8 0 0.5081836825877146 
11 10 1 1 4 1 0.6169635552613415 
11 11 3 10 7 1 0.8160140310547905 
1 7 1 1 4 0 0.3406379085697322 
4 2 5 8 4 1 0.18456240126894174 
7 7 12 8 1 1 0.20736427209228547 
1 1 7 2 3 0 0.3977321575003854 
3 1 8 0 7 0 0.30072421586637543 
1 2 6 1 7 0 0.8905210739912368 
---
6 24 17.25272465556241 16.0 5
2 4 7 8 3 0 0.48162750797210574 
1 7 1 1 4 0 0.3406379085697322 
4 7 11 0 8 0 0.5081836825877146 
11 10 1 1 4 1 0.6169635552613415 
11 1 8 2 11 0 0.22238759782749584 
1 2 6 1 7 0 0.8905210739912368 
2 4 7 12 3 0 0.8446750476857079 
1 12 13 4 4 0 0.09639549396482194 
1 1 7 2 3 0 0.3977321575003854 
12 1 8 2 2 1 0.2703507923272517 
12 2 13 4 4 1 0.11955608417869401 
12 7 13 4 4 1 0.2775372759486763 
7 2 5 8 6 1 0.10435005797642627 
3 1 8 0 7 0 0.30072421586637543 
12 7 8 2 1 1 0.1661676231662257 
7 7 12 8 1 1 0.20736427209228547 
---
6 25 17.293851531976145 17.0 5
3 1 8 0 7 0 0.30072421586637543 
12 7 13 4 4 1 0.2775372759486763 
1 7 1 1 4 0 0.3406379085697322 
7 2 5 8 6 1 0.10435005797642627 
2 4 7 8 3 0 0.48162750797210574 
11 11 3 10 7 1 0.8160140310547905 
12 7 8 2 1 1 0.1661676231662257 
4 7 11 0 8 0 0.5081836825877146 
7 7 1 8 1 1 0.16458067314423186 
11 1 8 2 11 0 0.22238759782749584 
7 7 12 8 1 1 0.20736427209228547 
12 1 8 2 2 1 0.2703507923272517 
11 10 1 1 4 1 0.6169635552613415 
1 1 7 2 3 0 0.3977321575003854 
1 2 6 1 7 0 0.8905210739912368 
2 4 7 12 3 0 0.8446750476857079 
1 12 13 4 4 0 0.09639549396482194 
---
6 26 17.35554184659675 12.0 5
2 4 7 12 3 0 0.8446750476857079 
3 1 8 0 7 0 0.30072421586637543 
11 11 3 10 7 1 0.8160140310547905 
12 7 8 2 1 1 0.1661676231662257 
4 7 11 0 8 0 0.5081836825877146 
1 2 6 1 7 0 0.8905210739912368 
1 1 7 2 3 0 0.3977321575003854 
12 7 13 4 4 1 0.2775372759486763 
1 7 1 1 4 0 0.3406379085697322 
7 7 12 8 1 1 0.20736427209228547 
11 1 8 2 11 0 0.22238759782749584 
12 2 13 4 4 1 0.11955608417869401 
---
6 27 17.47892247583796 14.0 5
12 7 8 2 1 1 0.1661676231662257 
4 7 11 0 8 0 0.5081836825877146 
2 4 7 12 3 0 0.8446750476857079 
1 1 7 2 3 0 0.3977321575003854 
1 2 6 1 7 0 0.8905210739912368 
11 1 8 2 11 0 0.22238759782749584 
12 7 13 4 4 1 0.2775372759486763 
12 2 13 4 4 1 0.11955608417869401 
3 1 8 0 7 0 0.30072421586637543 
1 7 1 1 4 0 0.3406379085697322 
11 10 1 1 4 1 0.6169635552613415 
4 2 5 8 4 1 0.18456240126894174 
7 7 12 8 1 1 0.20736427209228547 
11 11 3 10 7 1 0.8160140310547905 
---
6 28 17.47892247583796 14.0 5
12 7 8 2 1 1 0.1661676231662257 
4 7 11 0 8 0 0.5081836825877146 
2 4 7 12 3 0 0.8446750476857079 
1 1 7 2 3 0 0.3977321575003854 
1 2 6 1 7 0 0.8905210739912368 
11 1 8 2 11 0 0.22238759782749584 
12 7 13 4 4 1 0.2775372759486763 
12 2 13 4 4 1 0.11955608417869401 
3 1 8 0 7 0 0.30072421586637543 
1 7 1 1 4 0 0.3406379085697322 
11 10 1 1 4 1 0.6169635552613415 
4 2 5 8 4 1 0.18456240126894174 
7 7 12 8 1 1 0.20736427209228547 
11 11 3 10 7 1 0.8160140310547905 
---
6 29 17.437795599424224 15.0 5
7 7 1 8 1 1 0.16458067314423186 
12 7 8 2 1 1 0.1661676231662257 
12 7 13 4 4 1 0.2775372759486763 
12 2 13 4 4 1 0.11955608417869401 
11 1 8 2 11 0 0.22238759782749584 
2 4 7 12 3 0 0.8446750476857079 
4 7 11 0 8 0 0.5081836825877146 
11 10 1 1 4 1 0.6169635552613415 
11 11 3 10 7 1 0.8160140310547905 
1 7 1 1 4 0 0.3406379085697322 
4 2 5 8 4 1 0.18456240126894174 
7 7 12 8 1 1 0.20736427209228547 
1 1 7 2 3 0 0.3977321575003854 
3 1 8 0 7 0 0.30072421586637543 
1 2 6 1 7 0 0.8905210739912368 
---
6 30 17.35554184659675 12.0 5
2 4 7 12 3 0 0.8446750476857079 
3 1 8 0 7 0 0.30072421586637543 
11 11 3 10 7 1 0.8160140310547905 
12 7 8 2 1 1 0.1661676231662257 
4 7 11 0 8 0 0.5081836825877146 
1 2 6 1 7 0 0.8905210739912368 
1 1 7 2 3 0 0.3977321575003854 
12 7 13 4 4 1 0.2775372759486763 
1 7 1 1 4 0 0.3406379085697322 
7 7 12 8 1 1 0.20736427209228547 
11 1 8 2 11 0 0.22238759782749584 
12 2 13 4 4 1 0.11955608417869401 
---
6 31 17.293851531976145 17.0 5
3 1 8 0 7 0 0.30072421586637543 
12 7 13 4 4 1 0.2775372759486763 
1 7 1 1 4 0 0.3406379085697322 
7 2 5 8 6 1 0.10435005797642627 
2 4 7 8 3 0 0.48162750797210574 
11 11 3 10 7 1 0.8160140310547905 
12 7 8 2 1 1 0.1661676231662257 
4 7 11 0 8 0 0.5081836825877146 
7 7 1 8 1 1 0.16458067314423186 
11 1 8 2 11 0 0.22238759782749584 
7 7 12 8 1 1 0.20736427209228547 
12 1 8 2 2 1 0.2703507923272517 
11 10 1 1 4 1 0.6169635552613415 
1 1 7 2 3 0 0.3977321575003854 
1 2 6 1 7 0 0.8905210739912368 
2 4 7 12 3 0 0.8446750476857079 
1 12 13 4 4 0 0.09639549396482194 
---
6 32 17.25272465556241 16.0 5
2 4 7 8 3 0 0.48162750797210574 
1 7 1 1 4 0 0.3406379085697322 
4 7 11 0 8 0 0.5081836825877146 
11 10 1 1 4 1 0.6169635552613415 
11 1 8 2 11 0 0.22238759782749584 
1 2 6 1 7 0 0.8905210739912368 
2 4 7 12 3 0 0.8446750476857079 
1 12 13 4 4 0 0.09639549396482194 
1 1 7 2 3 0 0.3977321575003854 
12 1 8 2 2 1 0.2703507923272517 
12 2 13 4 4 1 0.11955608417869401 
12 7 13 4 4 1 0.2775372759486763 
7 2 5 8 6 1 0.10435005797642627 
3 1 8 0 7 0 0.30072421586637543 
12 7 8 2 1 1 0.1661676231662257 
7 7 12 8 1 1 0.20736427209228547 
---
7 0 29.40571663582151 1.0 5
2 0 2 1 1 0 0.5082038392457701 
---
7 1 17.993008431009667 20.0 5
12 2 13 8 1 1 0.3287821538634932 
8 4 13 4 7 1 0.14404922796709885 
5 2 0 0 1 0 0.975144811810027 
3 4 9 4 7 0 0.5986713748746151 
11 4 12 8 10 1 0.36368923325985314 
7 4 13 1 13 1 0.7882824877456418 
3 1 4 2 7 0 0.20410972963745788 
1 11 13 4 4 1 0.17561930809411574 
1 1 1 2 1 0 0.24529300878132143 
8 8 12 11 7 0 0.7460336269018335 
1 4 8 5 3 1 0.19872253213678315 
3 7 3 13 11 1 0.6562588877890996 
8 12 9 1 11 1 0.17512776365558702 
4 1 8 8 1 1 0.1670524239717095 
12 2 8 8 1 1 0.21411664859475787 
4 1 0 0 14 0 0.6221218014716259 
4 7 8 8 1 1 0.1900716753179308 
11 4 2 13 4 1 0.2736104092232261 
4 2 8 8 13 1 0.7175377916575347 
3 4 13 4 7 0 0.4039308965562356 
---
7 2 22.537528274727535 2.0 5
2 0 2 4 1 0 0.4176436847313163 
12 0 8 8 0 1 0.257897344398031 
---
7 3 17.23216121735554 13.0 5
4 1 8 8 1 1 0.1670524239717095 
2 1 1 2 11 0 0.5774139447414305 
12 4 13 2 1 1 0.1552831244811972 
2 1 1 2 9 0 0.21725825381450625 
2 3 4 2 12 0 0.28102203999610165 
4 7 8 8 1 1 0.1900716753179308 
3 4 13 4 7 0 0.4039308965562356 
1 11 13 4 4 1 0.17561930809411574 
7 4 13 1 13 1 0.7882824877456418 
8 1 1 2 11 0 0.7825897458959152 
3 7 3 13 11 1 0.6562588877890996 
12 2 13 8 1 1 0.3287821538634932 
12 1 1 2 1 0 0.317924801499073 
---
7 4 22.537528274727535 2.0 5
2 0 2 4 1 0 0.4176436847313163 
12 0 8 8 0 1 0.257897344398031 
---
7 5 22.105696072383303 3.0 5
3 4 13 4 7 0 0.4039308965562356 
2 1 1 2 0 0 0.44855272640171173 
7 7 8 8 1 1 0.1708755770124093 
---
7 6 22.105696072383303 3.0 5
3 4 13 4 7 0 0.4039308965562356 
2 1 1 2 0 0 0.44855272640171173 
7 7 8 8 1 1 0.1708755770124093 
---
7 7 21.406539173349785 4.0 5
3 4 13 4 7 0 0.4039308965562356 
2 1 1 2 0 0 0.44855272640171173 
12 2 13 8 1 1 0.3287821538634932 
7 7 8 8 1 1 0.1708755770124093 
---
7 8 19.679210363972857 5.0 5
12 2 13 8 1 1 0.3287821538634932 
3 4 13 4 7 0 0.4039308965562356 
2 1 1 2 11 0 0.5774139447414305 
12 1 1 2 1 0 0.317924801499073 
4 7 8 8 1 1 0.1900716753179308 
---
7 9 18.363150318733293 6.0 5
12 2 13 8 1 1 0.3287821538634932 
4 7 8 8 1 1 0.1900716753179308 
12 1 1 2 1 0 0.317924801499073 
12 4 13 2 1 1 0.1552831244811972 
3 4 13 4 7 0 0.4039308965562356 
2 1 1 2 11 0 0.5774139447414305 
---
7 10 21.406539173349785 4.0 5
3 4 13 4 7 0 0.4039308965562356 
2 1 1 2 0 0 0.44855272640171173 
12 2 13 8 1 1 0.3287821538634932 
7 7 8 8 1 1 0.1708755770124093 
---
7 11 19.679210363972857 5.0 5
12 2 13 8 1 1 0.3287821538634932 
3 4 13 4 7 0 0.4039308965562356 
2 1 1 2 11 0 0.5774139447414305 
12 1 1 2 1 0 0.317924801499073 
4 7 8 8 1 1 0.1900716753179308 
---
7 12 18.363150318733293 6.0 5
12 2 13 8 1 1 0.3287821538634932 
4 7 8 8 1 1 0.1900716753179308 
12 1 1 2 1 0 0.317924801499073 
12 4 13 2 1 1 0.1552831244811972 
3 4 13 4 7 0 0.4039308965562356 
2 1 1 2 11 0 0.5774139447414305 
---
7 13 18.116389060250874 7.0 5
7 4 13 1 13 1 0.7882824877456418 
4 7 8 8 1 1 0.1900716753179308 
2 1 1 2 11 0 0.5774139447414305 
3 4 13 4 7 0 0.4039308965562356 
12 4 13 2 1 1 0.1552831244811972 
12 2 13 8 1 1 0.3287821538634932 
12 1 1 2 1 0 0.317924801499073 
---
7 14 18.116389060250874 7.0 5
7 4 13 1 13 1 0.7882824877456418 
4 7 8 8 1 1 0.1900716753179308 
2 1 1 2 11 0 0.5774139447414305 
3 4 13 4 7 0 0.4039308965562356 
12 4 13 2 1 1 0.1552831244811972 
12 2 13 8 1 1 0.3287821538634932 
12 1 1 2 1 0 0.317924801499073 
---
7 15 17.93131811638906 8.0 5
4 7 8 8 1 1 0.1900716753179308 
3 4 13 4 7 0 0.4039308965562356 
2 3 4 2 12 0 0.28102203999610165 
12 4 13 2 1 1 0.1552831244811972 
12 2 13 8 1 1 0.3287821538634932 
2 1 1 2 11 0 0.5774139447414305 
7 4 13 1 13 1 0.7882824877456418 
12 1 1 2 1 0 0.317924801499073 
---
7 16 17.93131811638906 8.0 5
4 7 8 8 1 1 0.1900716753179308 
3 4 13 4 7 0 0.4039308965562356 
2 3 4 2 12 0 0.28102203999610165 
12 4 13 2 1 1 0.1552831244811972 
12 2 13 8 1 1 0.3287821538634932 
2 1 1 2 11 0 0.5774139447414305 
7 4 13 1 13 1 0.7882824877456418 
12 1 1 2 1 0 0.317924801499073 
---
7 17 17.622866543286037 10.0 5
4 1 8 8 1 1 0.1670524239717095 
2 1 1 2 11 0 0.5774139447414305 
2 3 4 2 12 0 0.28102203999610165 
12 2 13 8 1 1 0.3287821538634932 
12 1 1 2 1 0 0.317924801499073 
12 4 13 2 1 1 0.1552831244811972 
3 4 13 4 7 0 0.4039308965562356 
4 7 8 8 1 1 0.1900716753179308 
7 4 13 1 13 1 0.7882824877456418 
2 1 1 2 9 0 0.21725825381450625 
---
7 18 17.56117622866543 11.0 5
3 4 13 4 7 0 0.4039308965562356 
4 1 8 8 1 1 0.1670524239717095 
12 1 1 2 1 0 0.317924801499073 
8 1 1 2 11 0 0.7825897458959152 
12 4 13 2 1 1 0.1552831244811972 
1 11 13 4 4 1 0.17561930809411574 
2 3 4 2 12 0 0.28102203999610165 
7 4 13 1 13 1 0.7882824877456418 
4 7 8 8 1 1 0.1900716753179308 
12 2 13 8 1 1 0.3287821538634932 
2 1 1 2 11 0 0.5774139447414305 
---
7 19 17.869627801768456 9.0 5
4 7 8 8 1 1 0.1900716753179308 
12 2 13 8 1 1 0.3287821538634932 
2 1 1 2 11 0 0.5774139447414305 
12 4 13 2 1 1 0.1552831244811972 
7 4 13 1 13 1 0.7882824877456418 
12 1 1 2 1 0 0.317924801499073 
3 4 13 4 7 0 0.4039308965562356 
2 3 4 2 12 0 0.28102203999610165 
4 1 8 8 1 1 0.1670524239717095 
---
7 20 17.47892247583796 12.0 5
4 1 8 8 1 1 0.1670524239717095 
8 1 1 2 11 0 0.7825897458959152 
12 2 13 8 1 1 0.3287821538634932 
2 1 1 2 11 0 0.5774139447414305 
2 3 4 2 12 0 0.28102203999610165 
1 11 13 4 4 1 0.17561930809411574 
4 7 8 8 1 1 0.1900716753179308 
12 4 13 2 1 1 0.1552831244811972 
3 4 13 4 7 0 0.4039308965562356 
7 4 13 1 13 1 0.7882824877456418 
3 7 3 13 11 1 0.6562588877890996 
12 1 1 2 1 0 0.317924801499073 
---
7 21 17.23216121735554 13.0 5
4 1 8 8 1 1 0.1670524239717095 
2 1 1 2 11 0 0.5774139447414305 
12 4 13 2 1 1 0.1552831244811972 
2 1 1 2 9 0 0.21725825381450625 
2 3 4 2 12 0 0.28102203999610165 
4 7 8 8 1 1 0.1900716753179308 
3 4 13 4 7 0 0.4039308965562356 
1 11 13 4 4 1 0.17561930809411574 
7 4 13 1 13 1 0.7882824877456418 
8 1 1 2 11 0 0.7825897458959152 
3 7 3 13 11 1 0.6562588877890996 
12 2 13 8 1 1 0.3287821538634932 
12 1 1 2 1 0 0.317924801499073 
---
7 22 17.869627801768456 9.0 5
4 7 8 8 1 1 0.1900716753179308 
12 2 13 8 1 1 0.3287821538634932 
2 1 1 2 11 0 0.5774139447414305 
12 4 13 2 1 1 0.1552831244811972 
7 4 13 1 13 1 0.7882824877456418 
12 1 1 2 1 0 0.317924801499073 
3 4 13 4 7 0 0.4039308965562356 
2 3 4 2 12 0 0.28102203999610165 
4 1 8 8 1 1 0.1670524239717095 
---
7 23 17.622866543286037 10.0 5
4 1 8 8 1 1 0.1670524239717095 
2 1 1 2 11 0 0.5774139447414305 
2 3 4 2 12 0 0.28102203999610165 
12 2 13 8 1 1 0.3287821538634932 
12 1 1 2 1 0 0.317924801499073 
12 4 13 2 1 1 0.1552831244811972 
3 4 13 4 7 0 0.4039308965562356 
4 7 8 8 1 1 0.1900716753179308 
7 4 13 1 13 1 0.7882824877456418 
2 1 1 2 9 0 0.21725825381450625 
---
7 24 17.56117622866543 11.0 5
3 4 13 4 7 0 0.4039308965562356 
4 1 8 8 1 1 0.1670524239717095 
12 1 1 2 1 0 0.317924801499073 
8 1 1 2 11 0 0.7825897458959152 
12 4 13 2 1 1 0.1552831244811972 
1 11 13 4 4 1 0.17561930809411574 
2 3 4 2 12 0 0.28102203999610165 
7 4 13 1 13 1 0.7882824877456418 
4 7 8 8 1 1 0.1900716753179308 
12 2 13 8 1 1 0.3287821538634932 
2 1 1 2 11 0 0.5774139447414305 
---
7 25 17.47892247583796 12.0 5
4 1 8 8 1 1 0.1670524239717095 
8 1 1 2 11 0 0.7825897458959152 
12 2 13 8 1 1 0.3287821538634932 
2 1 1 2 11 0 0.5774139447414305 
2 3 4 2 12 0 0.28102203999610165 
1 11 13 4 4 1 0.17561930809411574 
4 7 8 8 1 1 0.1900716753179308 
12 4 13 2 1 1 0.1552831244811972 
3 4 13 4 7 0 0.4039308965562356 
7 4 13 1 13 1 0.7882824877456418 
3 7 3 13 11 1 0.6562588877890996 
12 1 1 2 1 0 0.317924801499073 
---
7 26 29.40571663582151 1.0 5
2 0 2 1 1 0 0.5082038392457701 
---
7 27 17.993008431009667 20.0 5
12 2 13 8 1 1 0.3287821538634932 
8 4 13 4 7 1 0.14404922796709885 
5 2 0 0 1 0 0.975144811810027 
3 4 9 4 7 0 0.5986713748746151 
11 4 12 8 10 1 0.36368923325985314 
7 4 13 1 13 1 0.7882824877456418 
3 1 4 2 7 0 0.20410972963745788 
1 11 13 4 4 1 0.17561930809411574 
1 1 1 2 1 0 0.24529300878132143 
8 8 12 11 7 0 0.7460336269018335 
1 4 8 5 3 1 0.19872253213678315 
3 7 3 13 11 1 0.6562588877890996 
8 12 9 1 11 1 0.17512776365558702 
4 1 8 8 1 1 0.1670524239717095 
12 2 8 8 1 1 0.21411664859475787 
4 1 0 0 14 0 0.6221218014716259 
4 7 8 8 1 1 0.1900716753179308 
11 4 2 13 4 1 0.2736104092232261 
4 2 8 8 13 1 0.7175377916575347 
3 4 13 4 7 0 0.4039308965562356 
---
7 28 22.537528274727535 2.0 5
2 0 2 4 1 0 0.4176436847313163 
12 0 8 8 0 1 0.257897344398031 
---
7 29 22.105696072383303 3.0 5
3 4 13 4 7 0 0.4039308965562356 
2 1 1 2 0 0 0.44855272640171173 
7 7 8 8 1 1 0.1708755770124093 
---
7 30 21.406539173349785 4.0 5
3 4 13 4 7 0 0.4039308965562356 
7 7 8 8 1 1 0.1708755770124093 
2 1 1 2 0 0 0.44855272640171173 
12 2 13 8 1 1 0.3287821538634932 
---
7 31 19.679210363972857 5.0 5
12 2 13 8 1 1 0.3287821538634932 
3 4 13 4 7 0 0.4039308965562356 
2 1 1 2 11 0 0.5774139447414305 
12 1 1 2 1 0 0.317924801499073 
4 7 8 8 1 1 0.1900716753179308 
---
7 32 18.363150318733293 6.0 5
12 2 13 8 1 1 0.3287821538634932 
4 7 8 8 1 1 0.1900716753179308 
12 1 1 2 1 0 0.317924801499073 
12 4 13 2 1 1 0.1552831244811972 
3 4 13 4 7 0 0.4039308965562356 
2 1 1 2 11 0 0.5774139447414305 
---
8 0 29.426280074028377 1.0 5
4 2 2 2 2 0 0.19166625350170408 
---
8 1 18.445404071560763 9.0 5
2 0 3 7 0 0 0.9649916196644418 
12 7 8 2 0 1 0.2075945915241444 
1 2 2 2 7 0 0.37554039437403763 
8 7 2 2 7 0 0.6465731575418523 
12 5 2 2 0 0 0.7839209259816393 
1 7 12 8 7 1 0.09762480429723364 
7 1 5 8 11 0 0.22554529650479105 
7 3 2 13 4 1 0.20704882933429136 
11 7 4 2 12 1 0.1701662868148075 
---
8 2 20.789636027143736 2.0 5
1 2 2 4 1 0 0.39086760081921246 
7 7 8 2 0 1 0.16883361073532677 
---
8 3 20.789636027143736 2.0 5
1 2 2 4 1 0 0.39086760081921246 
7 7 8 2 0 1 0.16883361073532677 
---
8 4 19.905408184248408 3.0 5
12 7 8 2 0 1 0.2075945915241444 
1 2 2 2 7 0 0.37554039437403763 
4 0 3 7 0 0 0.953981620461854 
---
8 5 19.905408184248408 3.0 5
12 7 8 2 0 1 0.2075945915241444 
1 2 2 2 7 0 0.37554039437403763 
4 0 3 7 0 0 0.953981620461854 
---
8 6 18.980053464939335 4.0 5
1 7 12 8 7 1 0.09762480429723364 
4 0 3 7 0 0 0.953981620461854 
1 2 2 2 7 0 0.37554039437403763 
12 7 8 2 0 1 0.2075945915241444 
---
8 7 18.465967509767633 5.0 5
12 7 8 2 0 1 0.2075945915241444 
1 7 12 8 7 1 0.09762480429723364 
4 0 3 7 0 0 0.953981620461854 
8 7 2 2 7 0 0.6465731575418523 
1 2 2 2 7 0 0.37554039437403763 
---
8 8 18.32202344231956 6.0 5
1 2 2 2 7 0 0.37554039437403763 
12 7 8 2 0 1 0.2075945915241444 
8 7 2 2 7 0 0.6465731575418523 
4 0 3 7 0 0 0.953981620461854 
1 7 12 8 7 1 0.09762480429723364 
7 1 5 8 11 0 0.22554529650479105 
---
8 9 18.980053464939335 4.0 5
12 7 8 2 0 1 0.2075945915241444 
1 2 2 2 7 0 0.37554039437403763 
1 7 12 8 7 1 0.09762480429723364 
4 0 3 7 0 0 0.953981620461854 
---
8 10 18.465967509767633 5.0 5
1 7 12 8 7 1 0.09762480429723364 
4 0 3 7 0 0 0.953981620461854 
1 2 2 2 7 0 0.37554039437403763 
8 7 2 2 7 0 0.6465731575418523 
12 7 8 2 0 1 0.2075945915241444 
---
8 11 18.219206251285215 8.0 5
7 3 2 13 4 1 0.20704882933429136 
3 7 8 4 4 1 0.09215944353284766 
1 7 12 8 7 1 0.09762480429723364 
8 7 2 2 7 0 0.6465731575418523 
7 1 5 8 11 0 0.22554529650479105 
1 2 2 2 7 0 0.37554039437403763 
4 0 3 7 0 0 0.953981620461854 
12 7 8 2 0 1 0.2075945915241444 
---
8 12 18.32202344231956 6.0 5
1 2 2 2 7 0 0.37554039437403763 
12 7 8 2 0 1 0.2075945915241444 
8 7 2 2 7 0 0.6465731575418523 
4 0 3 7 0 0 0.953981620461854 
1 7 12 8 7 1 0.09762480429723364 
7 1 5 8 11 0 0.22554529650479105 
---
8 13 18.239769689492082 7.0 5
4 0 3 7 0 0 0.953981620461854 
8 7 2 2 7 0 0.6465731575418523 
12 7 8 2 0 1 0.2075945915241444 
1 2 2 2 7 0 0.37554039437403763 
7 1 5 8 11 0 0.22554529650479105 
1 7 12 8 7 1 0.09762480429723364 
3 7 8 4 4 1 0.09215944353284766 
---
8 14 18.239769689492082 7.0 5
4 0 3 7 0 0 0.953981620461854 
8 7 2 2 7 0 0.6465731575418523 
12 7 8 2 0 1 0.2075945915241444 
1 2 2 2 7 0 0.37554039437403763 
7 1 5 8 11 0 0.22554529650479105 
1 7 12 8 7 1 0.09762480429723364 
3 7 8 4 4 1 0.09215944353284766 
---
8 15 18.219206251285215 8.0 5
7 3 2 13 4 1 0.20704882933429136 
3 7 8 4 4 1 0.09215944353284766 
1 7 12 8 7 1 0.09762480429723364 
8 7 2 2 7 0 0.6465731575418523 
7 1 5 8 11 0 0.22554529650479105 
1 2 2 2 7 0 0.37554039437403763 
4 0 3 7 0 0 0.953981620461854 
12 7 8 2 0 1 0.2075945915241444 
---
8 16 29.426280074028377 1.0 5
4 2 2 2 2 0 0.19166625350170408 
---
8 17 18.445404071560763 9.0 5
2 0 3 7 0 0 0.9649916196644418 
12 7 8 2 0 1 0.2075945915241444 
1 2 2 2 7 0 0.37554039437403763 
8 7 2 2 7 0 0.6465731575418523 
12 5 2 2 0 0 0.7839209259816393 
1 7 12 8 7 1 0.09762480429723364 
7 1 5 8 11 0 0.22554529650479105 
7 3 2 13 4 1 0.20704882933429136 
11 7 4 2 12 1 0.1701662868148075 
---
8 18 20.789636027143736 2.0 5
1 2 2 4 1 0 0.39086760081921246 
7 7 8 2 0 1 0.16883361073532677 
---
8 19 19.905408184248408 3.0 5
12 7 8 2 0 1 0.2075945915241444 
1 2 2 2 7 0 0.37554039437403763 
4 0 3 7 0 0 0.953981620461854 
---
8 20 18.980053464939335 4.0 5
12 7 8 2 0 1 0.2075945915241444 
1 2 2 2 7 0 0.37554039437403763 
1 7 12 8 7 1 0.09762480429723364 
4 0 3 7 0 0 0.953981620461854 
---
8 21 18.465967509767633 5.0 5
1 7 12 8 7 1 0.09762480429723364 
4 0 3 7 0 0 0.953981620461854 
1 2 2 2 7 0 0.37554039437403763 
8 7 2 2 7 0 0.6465731575418523 
12 7 8 2 0 1 0.2075945915241444 
---
8 22 18.32202344231956 6.0 5
1 2 2 2 7 0 0.37554039437403763 
12 7 8 2 0 1 0.2075945915241444 
8 7 2 2 7 0 0.6465731575418523 
4 0 3 7 0 0 0.953981620461854 
1 7 12 8 7 1 0.09762480429723364 
7 1 5 8 11 0 0.22554529650479105 
---
8 23 18.239769689492082 7.0 5
4 0 3 7 0 0 0.953981620461854 
8 7 2 2 7 0 0.6465731575418523 
12 7 8 2 0 1 0.2075945915241444 
1 2 2 2 7 0 0.37554039437403763 
7 1 5 8 11 0 0.22554529650479105 
1 7 12 8 7 1 0.09762480429723364 
3 7 8 4 4 1 0.09215944353284766 
---
8 24 18.219206251285215 8.0 5
7 3 2 13 4 1 0.20704882933429136 
3 7 8 4 4 1 0.09215944353284766 
1 7 12 8 7 1 0.09762480429723364 
8 7 2 2 7 0 0.6465731575418523 
7 1 5 8 11 0 0.22554529650479105 
1 2 2 2 7 0 0.37554039437403763 
4 0 3 7 0 0 0.953981620461854 
12 7 8 2 0 1 0.2075945915241444 
---
8 25 29.426280074028377 1.0 5
4 2 2 2 2 0 0.19166625350170408 
---
8 26 18.445404071560763 9.0 5
2 0 3 7 0 0 0.9649916196644418 
12 7 8 2 0 1 0.2075945915241444 
1 2 2 2 7 0 0.37554039437403763 
8 7 2 2 7 0 0.6465731575418523 
12 5 2 2 0 0 0.7839209259816393 
1 7 12 8 7 1 0.09762480429723364 
7 1 5 8 11 0 0.22554529650479105 
7 3 2 13 4 1 0.20704882933429136 
11 7 4 2 12 1 0.1701662868148075 
---
8 27 20.789636027143736 2.0 5
1 2 2 4 1 0 0.39086760081921246 
7 7 8 2 0 1 0.16883361073532677 
---
8 28 19.905408184248408 3.0 5
12 7 8 2 0 1 0.2075945915241444 
1 2 2 2 7 0 0.37554039437403763 
4 0 3 7 0 0 0.953981620461854 
---
8 29 18.980053464939335 4.0 5
12 7 8 2 0 1 0.2075945915241444 
1 2 2 2 7 0 0.37554039437403763 
1 7 12 8 7 1 0.09762480429723364 
4 0 3 7 0 0 0.953981620461854 
---
8 30 18.465967509767633 5.0 5
8 7 2 2 7 0 0.6465731575418523 
1 7 12 8 7 1 0.09762480429723364 
4 0 3 7 0 0 0.953981620461854 
12 7 8 2 0 1 0.2075945915241444 
1 2 2 2 7 0 0.37554039437403763 
---
8 31 18.32202344231956 6.0 5
1 2 2 2 7 0 0.37554039437403763 
12 7 8 2 0 1 0.2075945915241444 
8 7 2 2 7 0 0.6465731575418523 
4 0 3 7 0 0 0.953981620461854 
1 7 12 8 7 1 0.09762480429723364 
7 1 5 8 11 0 0.22554529650479105 
---
8 32 18.239769689492082 7.0 5
4 0 3 7 0 0 0.953981620461854 
8 7 2 2 7 0 0.6465731575418523 
12 7 8 2 0 1 0.2075945915241444 
1 2 2 2 7 0 0.37554039437403763 
7 1 5 8 11 0 0.22554529650479105 
1 7 12 8 7 1 0.09762480429723364 
3 7 8 4 4 1 0.09215944353284766 
