---
0 20.079419889502763 16.0 36 
4 0 0 0 1 0 2 2 0 0 0 12 0 0 0 12 0 8 8 0 0 0 0 0 0 0 0 4 1 0 0 12 0 0 0 12 0 0.8339761819896356
0 0 0 11 4 0 0 0 0 0 0 0 0 0 0 1 0 0 0 0 0 4 11 0 0 12 0 11 0 0 0 0 0 1 11 0 5 0.7735219662968343
0 0 0 0 4 0 0 0 0 0 0 0 0 0 0 1 0 0 0 0 0 4 11 0 0 4 0 11 4 0 1 0 0 7 11 0 5 0.7115315097024371
0 0 0 0 0 0 0 0 0 0 0 0 0 0 0 0 11 0 0 0 0 11 0 1 0 4 0 0 0 3 0 0 0 0 0 0 4 0.7222326423348548
0 0 0 0 1 4 0 0 0 0 0 0 0 0 0 0 0 0 0 0 0 0 0 8 0 0 0 0 0 6 0 0 0 0 0 0 1 0.92421442862308
0 12 0 0 4 0 4 0 0 0 0 0 2 8 12 1 0 2 0 0 8 0 0 0 0 8 0 0 0 0 12 0 0 0 0 0 3 0.19034028844839113
0 0 0 0 1 0 4 2 0 0 0 4 0 0 0 2 0 8 0 0 0 0 0 0 0 0 0 12 1 0 0 12 0 0 0 4 0 0.6150995234124569
0 0 0 0 0 0 0 0 0 0 0 2 0 0 0 0 0 0 8 0 0 3 0 0 0 0 0 8 0 7 0 0 0 1 0 0 1 0.9942092249290433
0 0 0 0 0 0 0 0 0 0 3 0 0 0 0 0 0 0 0 0 0 0 0 3 0 0 0 0 0 0 0 0 0 0 0 0 5 0.08847490674805014
0 0 0 1 13 8 4 0 0 0 0 0 0 0 1 0 0 0 0 0 0 0 0 0 0 0 3 0 0 0 12 0 0 4 0 0 5 0.6073403692145645
0 0 0 0 0 0 0 11 2 0 0 0 0 8 0 0 0 0 5 0 8 0 0 0 0 0 0 11 0 0 0 0 0 0 0 0 2 0.5438593621233776
0 0 0 0 0 0 0 0 0 0 7 0 0 0 0 3 0 11 0 0 0 0 0 0 0 0 0 0 0 0 12 0 0 0 0 0 4 0.49635080364036344
0 0 0 0 0 0 0 0 0 0 0 0 0 0 7 0 0 4 0 0 0 12 0 0 0 0 0 0 0 0 7 0 3 0 8 0 3 0.15818690858929263
0 0 7 0 0 0 0 0 0 11 8 0 12 0 0 0 0 0 4 0 0 7 0 0 12 0 0 0 0 0 7 0 0 12 0 0 3 0.3468999424712276
0 1 0 0 0 0 0 0 0 0 0 0 7 0 0 0 0 0 0 0 0 1 0 0 0 0 0 0 0 0 10 0 0 0 3 1 4 0.5618245198058636
0 2 0 0 0 0 0 7 5 0 0 0 0 0 4 12 0 0 0 0 0 0 0 2 0 0 13 0 0 2 0 0 8 0 0 0 2 0.824820317558325
---
1 18.66367403314917 22.0 36 
0 8 13 0 1 0 4 0 0 2 5 0 0 0 0 0 0 0 4 4 0 2 0 7 4 8 0 0 5 0 4 0 0 0 8 11 2 0.39234612024283066
0 2 0 4 0 0 0 0 0 0 0 0 12 0 0 0 0 0 8 0 9 0 0 0 0 4 0 0 0 0 0 11 8 0 0 12 2 0.5972516715572116
12 0 11 1 4 0 0 1 0 4 0 11 0 0 0 11 1 8 0 11 0 12 0 11 4 0 0 0 0 0 0 7 0 0 1 0 5 0.9089596479402484
1 0 0 6 0 0 0 0 12 0 0 0 0 0 12 0 0 0 12 0 8 0 0 0 0 13 0 0 0 0 0 0 0 0 0 0 5 0.43576703728766963
0 0 13 0 0 5 0 0 0 0 0 0 0 0 0 0 0 0 4 0 0 2 4 0 4 12 0 0 0 0 4 0 0 12 0 11 2 0.024699745113999638
0 0 0 0 1 0 4 0 0 2 4 4 0 0 0 7 2 0 0 4 2 0 0 7 9 8 8 0 5 0 0 0 0 0 8 7 2 0.8422330525145431
0 6 13 0 0 0 0 0 0 0 0 0 0 0 0 4 0 0 12 0 0 0 7 0 0 0 3 0 0 0 0 0 0 0 0 0 1 0.7396437369282269
0 8 5 12 1 0 0 4 0 0 0 0 1 0 0 12 7 0 0 4 4 0 0 12 0 0 0 0 0 0 0 0 0 4 8 12 0 0.9987924708978501
0 0 0 0 0 0 2 0 0 0 0 0 0 0 0 4 1 0 0 4 0 6 0 0 0 0 0 0 0 0 0 0 2 0 2 4 1 0.7556603405373653
0 6 0 0 0 0 0 0 12 0 0 0 0 7 0 7 0 0 0 0 8 0 0 0 0 0 0 0 0 0 0 0 0 0 12 0 3 0.8761804549787815
7 0 0 0 0 0 0 0 12 0 0 0 0 0 12 7 0 0 12 0 8 0 7 0 0 13 0 12 12 0 0 0 0 0 0 0 3 0.4157404566984302
8 0 13 0 0 0 0 0 12 0 0 0 0 0 0 7 0 0 0 0 8 0 7 0 0 0 0 0 0 0 0 0 0 5 12 0 3 0.169921704494171
0 7 0 0 0 1 0 7 0 0 0 0 0 0 0 0 0 0 0 0 0 0 0 7 0 0 0 0 2 11 0 7 0 1 0 0 4 0.5313856777858103
1 0 0 6 0 0 0 0 12 0 0 0 0 0 3 0 0 1 0 0 0 0 0 0 0 0 0 0 12 7 0 0 0 0 0 0 5 0.9101774332471873
8 0 13 0 0 0 0 0 0 0 0 0 0 0 0 7 0 0 0 0 0 0 0 0 0 0 3 0 0 0 0 0 0 0 12 0 3 0.5203103582924902
2 0 4 0 0 4 0 0 0 0 0 7 2 0 0 1 12 4 0 11 0 0 0 1 4 1 0 0 0 4 0 0 0 0 0 1 5 0.575779672237746
4 0 0 0 0 0 0 0 0 0 0 0 0 2 3 0 0 1 0 0 0 0 0 0 0 0 0 0 12 7 0 1 0 0 11 3 5 0.8569777706501062
3 0 0 0 0 0 2 0 0 0 0 0 6 0 0 0 6 0 0 0 0 0 0 0 0 3 0 13 0 0 0 0 0 0 2 0 1 0.9995825490756288
7 0 0 0 0 1 0 13 0 0 0 0 0 0 5 0 0 0 0 0 0 0 0 0 0 3 0 0 0 0 0 0 0 0 0 0 1 0.999057642068846
3 0 0 7 0 0 0 4 0 0 0 0 1 0 0 7 0 0 0 0 1 0 0 0 3 2 0 0 0 0 0 0 0 0 0 7 0 0.6538245363606083
0 0 0 0 0 11 0 7 0 0 0 0 0 0 0 0 0 0 0 0 0 0 0 7 0 0 0 0 2 11 0 1 0 1 0 0 4 0.6973154274298188
0 0 0 0 0 11 0 0 0 0 7 0 0 0 0 0 0 0 0 0 0 11 0 7 12 0 0 0 2 0 12 0 0 1 0 0 4 0.7788075873969038
---
2 14.623618784530388 24.0 36 
0 0 0 7 3 0 0 7 0 12 0 0 0 12 0 0 0 0 0 0 0 4 4 0 7 0 0 12 1 4 0 4 0 0 0 0 0 0.8840768723897798
0 0 0 0 0 0 4 4 4 0 0 0 0 0 0 0 13 13 0 0 0 0 7 0 0 0 13 0 0 8 0 0 2 13 0 12 2 0.8024889531206556
1 0 0 12 0 0 0 12 7 0 0 0 0 0 0 0 0 0 0 0 0 4 0 0 1 2 2 0 0 13 8 0 0 0 0 12 0 0.7587087432182247
0 0 0 0 0 0 1 4 0 0 0 0 8 0 0 0 0 0 0 4 0 0 1 0 0 5 0 8 0 0 0 0 0 0 0 0 2 0.23353958617950132
0 8 0 11 0 0 0 0 0 12 7 0 8 0 0 0 0 0 0 0 0 0 0 0 0 0 12 11 0 0 0 0 0 0 0 0 3 0.18056818741032488
0 0 0 11 0 4 0 0 0 0 0 11 0 0 4 0 7 4 0 3 0 0 0 1 2 0 0 0 0 0 0 0 0 0 0 11 5 0.576089756809872
0 0 0 0 3 0 0 0 0 0 0 5 0 0 0 0 0 1 0 0 1 0 0 0 0 0 0 0 0 0 0 0 0 0 0 0 1 0.9476905335851257
0 0 0 11 0 4 0 0 0 0 0 0 12 0 1 0 12 0 0 3 0 0 0 0 2 0 0 0 0 0 0 0 2 0 0 0 5 0.43337235158100196
0 0 0 1 0 4 0 0 0 0 0 0 7 0 4 0 0 4 0 3 4 0 0 11 2 0 0 0 0 0 0 0 4 0 0 0 5 0.540431964370303
0 0 0 11 0 4 0 11 0 0 0 11 7 0 4 0 0 12 0 3 0 0 0 1 2 0 0 0 0 0 0 0 0 0 0 0 5 0.6793725202736349
0 0 0 0 0 0 1 4 0 0 0 0 8 0 0 0 0 0 0 0 0 0 1 0 0 5 0 8 0 0 0 0 0 0 0 0 2 0.20922334083363658
0 0 0 0 7 8 0 0 0 0 1 0 4 0 0 0 0 0 0 0 7 12 0 8 0 0 0 0 0 0 0 0 0 0 0 0 0 0.5495833384448312
0 0 0 0 7 6 0 0 0 0 0 3 0 0 0 0 0 7 0 0 1 0 0 0 0 0 0 0 0 0 0 0 0 0 0 0 4 0.7733677824767569
0 0 0 0 3 0 0 0 0 0 0 0 0 0 0 2 0 1 0 5 0 0 0 0 0 0 0 0 0 0 0 0 0 0 0 0 1 0.9917269734186164
0 0 0 0 0 1 0 0 0 0 0 0 0 5 0 0 3 0 0 12 0 0 0 0 0 0 0 0 0 0 0 0 0 0 0 0 0 0.8018853923914393
1 0 0 12 0 0 0 0 7 0 0 0 0 0 0 12 0 0 0 0 0 7 0 0 1 11 0 0 0 0 0 12 0 0 0 0 4 0.6427995096652172
0 0 0 11 0 4 0 0 0 12 7 0 8 0 0 0 0 0 0 0 0 0 7 0 0 0 6 0 0 0 0 0 0 0 0 0 5 0.8900848761821152
0 0 0 4 3 0 0 0 0 0 0 0 0 0 0 0 0 1 0 12 1 0 0 0 10 0 0 0 0 10 0 0 0 0 0 0 1 0.99399175690461
0 0 0 0 11 0 0 0 0 1 0 0 0 0 0 7 0 11 0 0 0 0 0 0 0 0 0 12 0 0 0 0 12 0 0 0 4 0.36196681882500914
0 0 1 2 9 0 0 0 0 0 0 0 0 0 0 3 0 0 0 0 0 0 13 8 0 0 0 0 0 0 0 0 0 8 0 0 2 0.9543174481875565
0 0 1 11 0 4 0 0 0 0 7 0 12 0 1 0 0 0 0 3 0 0 0 0 2 0 0 0 0 0 0 0 2 0 0 0 5 0.5380597073255668
0 0 0 0 0 0 0 0 7 0 0 4 0 0 0 0 0 7 0 0 0 7 0 0 0 0 0 0 0 0 0 12 0 0 0 0 4 0.032184446297357394
0 0 0 0 0 1 0 0 0 0 7 0 0 6 0 13 0 0 0 0 0 0 0 3 0 0 12 0 0 0 0 0 0 0 0 11 1 0.9982920334139619
0 0 0 11 0 4 0 0 0 12 0 0 8 0 0 0 1 0 0 0 4 0 7 11 2 0 0 0 0 0 0 0 0 0 0 0 5 0.19856794554979595
---
3 17.058011049723756 17.0 36 
0 4 0 0 0 0 0 0 0 0 0 0 0 0 0 11 12 0 0 0 0 0 0 11 0 0 0 11 0 4 1 0 0 0 1 0 5 0.7719110758798724
0 0 0 7 0 0 0 0 0 13 8 0 0 0 8 0 0 13 4 0 0 0 0 0 0 0 8 0 0 0 8 4 13 0 0 0 2 0.7588598612830475
0 0 2 0 0 0 0 0 0 0 8 0 0 0 0 12 0 0 5 0 0 0 0 4 12 0 0 0 0 0 0 0 0 0 0 0 0 0.7630527860918801
0 0 0 0 11 0 0 0 0 0 8 0 0 0 0 0 0 13 0 0 0 4 0 0 0 0 0 0 0 0 0 0 0 0 0 12 0 0.984246217189731
0 0 0 0 0 6 0 0 0 0 8 0 0 0 0 0 0 0 0 0 0 0 0 0 0 0 0 0 0 0 0 0 0 0 0 2 1 0.9880242361742475
0 0 8 0 2 0 0 0 0 0 0 0 9 0 2 0 0 0 0 0 0 0 0 0 0 0 0 0 0 0 0 0 8 0 0 0 2 0.8628985985312797
0 0 0 0 0 11 0 0 0 11 0 0 0 1 0 4 0 0 0 0 0 0 0 0 0 0 0 0 0 0 0 0 0 0 0 0 4 0.36893225338485025
0 1 0 7 7 0 0 0 0 1 0 0 0 0 0 0 0 0 0 0 0 0 0 0 0 0 0 0 0 0 0 0 0 11 0 0 4 0.3921318831806928
0 12 0 7 0 0 0 0 3 0 0 0 1 0 0 12 0 7 0 0 0 0 0 0 0 0 0 0 0 0 0 0 0 0 0 0 0 0.4524180941743221
0 4 0 0 0 0 0 0 0 0 0 0 0 0 0 11 8 0 0 0 0 0 0 11 0 0 0 11 0 4 1 0 0 0 1 0 5 0.6806918490554084
0 0 0 0 0 0 0 0 0 0 0 4 0 0 0 0 0 0 0 0 0 0 13 0 0 1 0 0 0 3 4 0 0 0 0 0 1 0.9552772743623237
0 0 0 4 0 0 0 0 0 0 0 0 0 0 0 11 12 0 0 0 0 0 11 0 0 0 0 0 4 4 1 0 0 4 1 0 5 0.7906630611248178
0 0 11 0 0 0 0 0 0 0 12 0 0 13 0 0 0 0 0 0 0 0 0 0 0 0 0 0 0 0 0 0 13 0 4 0 3 0.41541414018211853
0 0 0 0 0 0 4 0 0 4 0 11 0 0 0 0 0 12 0 0 0 0 0 7 0 0 0 0 0 0 0 0 0 0 0 13 3 0.5278543367743302
0 0 0 0 0 0 0 0 0 11 0 0 0 0 0 0 0 13 0 0 0 0 0 0 0 0 0 0 0 0 0 0 0 0 0 12 3 0.23435396848736878
0 0 0 12 0 0 1 0 0 0 0 0 0 0 0 0 0 0 0 0 0 0 0 0 0 0 0 0 1 0 2 0 0 4 0 0 0 0.08113509958161569
0 0 0 11 0 0 0 0 0 0 0 0 0 6 0 11 4 0 0 0 0 0 0 0 0 0 0 0 0 0 0 0 0 4 0 0 4 0.8317541819365017
---
4 13.915745856353592 39.0 36 
0 0 0 12 4 8 2 4 0 8 4 1 1 0 0 0 0 0 0 0 4 0 0 12 1 0 0 0 1 8 0 0 1 0 0 4 0 0.6808387220359049
0 0 0 0 0 0 0 0 0 0 0 1 8 0 0 0 0 0 0 7 0 8 13 0 9 0 0 0 0 13 0 4 0 0 0 12 2 0.8411087535186763
0 0 0 0 0 0 0 4 0 0 0 2 0 3 0 2 0 0 0 0 0 0 4 0 0 6 0 0 0 0 0 0 0 0 8 0 1 0.9780294300379081
13 12 7 7 0 0 0 0 0 0 0 7 0 0 0 0 0 0 0 0 0 0 7 0 0 0 0 0 0 0 0 1 0 4 0 0 3 0.2418242226154501
0 0 0 0 11 4 1 0 0 0 0 0 0 0 0 7 0 12 0 0 1 0 0 0 0 2 0 0 0 0 12 12 1 0 0 0 0 0.5449395484646647
0 0 0 0 1 0 0 0 0 0 0 0 13 0 0 2 13 0 5 0 13 0 0 0 8 0 0 0 0 0 0 0 0 0 0 0 2 0.8407793174209917
0 0 0 0 12 0 0 0 0 2 0 3 0 0 3 0 4 7 0 0 0 0 0 0 0 0 0 0 0 0 11 0 0 0 0 0 5 0.7653274405802346
0 0 0 0 8 8 0 0 0 0 0 13 0 0 0 0 4 0 0 0 0 0 0 0 0 4 0 0 0 0 0 0 0 0 0 2 0 0.3319361867836237
0 0 0 0 0 11 0 0 7 0 0 0 0 0 0 0 0 2 0 0 0 4 0 0 4 0 11 0 0 0 1 0 0 0 0 0 5 0.44442146408830685
3 7 0 0 0 0 0 0 0 0 0 0 0 0 0 0 0 0 0 1 0 0 0 0 0 0 0 0 3 4 0 0 0 0 0 7 0 0.23565123293031198
0 0 0 0 12 0 0 0 0 2 0 3 0 0 0 0 12 7 0 0 0 0 1 0 0 0 0 0 0 0 11 0 7 0 0 0 5 0.7278389876716524
0 7 4 0 0 11 0 0 0 11 0 0 11 0 0 0 7 7 0 0 0 0 0 0 0 0 0 0 0 0 0 0 11 0 0 0 4 0.6264557184574382
0 0 0 0 0 0 0 0 0 0 0 0 13 0 0 2 0 0 5 12 13 0 0 0 8 0 0 0 0 0 0 0 0 0 7 0 2 0.779346132170742
0 0 0 0 2 0 0 6 0 0 0 0 0 0 12 0 0 0 0 0 0 0 0 7 0 0 0 0 0 4 0 0 0 0 0 0 5 0.25837545973925335
0 0 0 0 12 0 0 0 0 2 0 3 0 0 0 0 12 7 0 0 0 4 0 0 0 0 0 0 0 0 11 0 1 0 0 0 5 0.694096084090053
0 0 12 0 0 0 4 0 0 0 0 0 13 0 0 2 0 0 5 0 13 0 0 0 8 0 0 0 4 0 0 0 0 13 0 0 2 0.7881445230292554
0 0 0 0 13 0 2 1 0 0 0 0 0 0 0 0 0 0 0 12 0 0 0 4 0 0 0 0 0 0 4 1 9 0 1 0 2 0.9376827857608756
0 0 0 0 2 0 0 0 0 2 0 0 0 0 0 1 12 7 0 0 12 4 0 0 4 0 0 0 0 0 7 0 1 0 0 0 5 0.49594306238841424
0 0 0 0 12 0 0 0 8 2 0 0 2 0 3 0 4 0 0 0 0 0 0 0 0 0 0 0 0 0 0 0 0 0 1 0 5 0.43954041792727505
13 12 7 7 0 0 0 0 0 0 0 7 0 0 0 0 0 0 0 0 0 0 7 0 0 0 0 0 0 0 7 1 0 4 0 0 3 0.29540003599249254
0 0 0 0 0 0 0 0 0 2 0 3 0 0 3 0 0 7 0 0 0 0 0 0 8 0 0 0 0 0 0 0 0 0 0 0 5 0.5842858350013966
0 12 0 0 4 8 0 0 4 0 0 0 0 0 0 0 0 4 0 0 0 0 0 0 0 0 0 5 0 0 0 0 0 12 0 4 4 0.6515502824279231
0 11 0 0 0 11 0 0 0 11 0 0 11 0 0 0 0 7 0 0 0 7 0 0 0 0 0 0 0 0 0 0 0 0 12 12 4 0.7828309872155682
0 0 0 0 7 10 4 0 0 0 0 2 0 0 0 0 0 0 4 0 0 0 0 0 0 0 0 0 12 0 0 0 0 0 0 0 1 0.8972407513431474
0 0 0 0 11 7 1 0 0 0 0 0 0 0 0 0 1 0 0 0 0 4 0 7 3 0 0 0 0 0 0 0 0 0 0 0 0 0.18311932564341782
0 11 0 0 4 0 12 0 0 0 0 0 11 0 0 0 0 11 0 0 7 0 0 0 0 0 0 0 0 0 0 0 0 0 12 0 4 0.5801470409876341
0 0 12 0 0 0 0 0 0 0 0 0 0 0 0 0 0 0 0 0 0 10 0 0 0 0 0 0 12 0 0 0 0 2 0 0 1 0.9496932468751894
0 0 0 0 0 0 0 4 0 0 0 0 0 0 0 0 0 0 0 0 7 0 11 0 12 0 0 0 0 0 0 0 0 6 0 0 4 0.9358654001151181
0 0 0 0 0 0 0 4 0 0 0 2 0 3 0 2 0 0 0 0 0 0 4 0 0 6 0 0 0 0 0 0 0 0 8 8 1 0.990396599279791
7 0 0 0 4 0 12 0 0 0 0 0 0 0 0 0 0 11 0 0 0 0 0 0 0 0 0 0 0 0 0 0 0 0 0 0 4 0.07498868602600695
0 0 11 0 8 0 4 0 0 0 0 2 0 0 0 0 0 0 0 0 0 0 0 0 0 4 0 0 0 0 0 1 0 0 0 2 5 0.31774918409094177
0 0 0 0 12 0 0 0 0 2 0 3 0 0 3 0 11 7 0 0 0 0 0 0 0 0 0 0 0 0 0 0 0 12 0 0 5 0.8100886372951801
0 0 0 0 0 0 2 0 0 0 0 1 0 0 0 0 0 0 0 4 4 6 4 0 0 0 0 0 0 0 0 0 1 0 0 4 1 0.6744783980647528
0 0 0 0 0 11 0 0 4 11 0 0 11 0 0 2 0 7 0 0 0 0 0 0 0 0 0 0 0 0 0 0 0 0 0 12 4 0.6379438775000796
0 0 0 0 0 0 0 0 0 0 0 0 0 0 0 0 0 0 0 0 4 0 3 0 0 11 0 1 0 0 0 0 6 0 0 0 4 0.5132895254886105
0 0 0 0 0 0 0 0 0 0 0 0 0 0 0 0 0 11 0 0 4 0 3 0 0 0 0 1 0 0 0 0 6 0 0 0 4 0.5860041913041869
0 0 0 4 0 8 0 0 0 0 0 10 0 0 0 0 0 0 0 0 0 0 0 6 0 8 0 0 0 0 0 0 0 0 0 0 2 0.20844561856037602
0 0 0 0 0 0 0 0 0 11 0 11 0 0 0 0 0 2 0 0 4 0 0 0 8 0 0 0 0 8 0 0 0 0 0 0 5 0.039966138580556976
0 0 0 0 0 0 11 0 0 0 0 0 0 0 0 0 8 0 0 7 0 0 10 0 0 0 0 0 0 0 0 12 0 0 0 0 2 0.465387147509426
