---
0 13.952685201174237 26.0 36 
1 0 0 2 0 0 0 0 0 0 0 7 0 0 0 0 0 0 0 0 3 0 0 0 0 0 0 0 0 0 0 4 0 8 0 4 0 0.8144109536785293
0 0 0 0 0 0 13 8 0 4 0 0 7 8 0 0 4 0 8 0 0 0 13 0 0 0 0 0 0 0 0 0 0 0 0 0 0 0.8960463709945312
0 0 0 0 0 0 0 0 4 0 11 11 7 4 0 1 0 0 1 0 0 0 11 1 0 0 0 0 0 0 0 0 4 0 0 0 5 0.7901766333613722
0 0 0 1 0 0 0 0 0 0 0 0 0 0 0 0 0 0 0 8 0 3 0 0 0 0 0 0 0 3 0 0 0 0 0 0 1 0.8784605914565895
0 0 0 0 7 0 0 0 0 4 0 4 7 0 0 11 0 0 1 11 0 0 0 11 0 0 0 11 0 0 0 0 4 0 0 0 5 0.6665525790619409
0 0 0 0 0 0 0 0 0 0 11 11 7 4 0 11 0 0 1 0 7 0 11 1 0 0 0 0 0 0 0 0 4 0 0 0 5 0.7694808934123318
6 0 0 0 0 0 0 1 0 0 0 0 0 0 7 0 0 0 0 0 0 0 0 0 0 0 0 0 0 0 0 0 1 0 0 0 0 0.2619119372530325
0 0 0 0 0 11 0 0 0 0 0 0 7 0 7 0 0 11 0 0 0 0 0 0 7 0 0 0 0 0 0 0 0 0 0 0 4 0.3878962804117849
0 1 0 0 0 0 0 0 0 0 0 0 0 2 0 0 5 8 2 0 0 0 0 0 2 0 0 0 0 5 0 1 0 0 0 0 2 0.6801932148706233
0 0 1 0 0 0 0 1 2 2 0 0 0 0 0 0 0 0 0 0 0 1 0 0 0 0 0 0 0 0 0 0 0 0 7 0 5 0.12937881103825255
0 0 0 0 7 0 0 4 0 0 0 0 0 0 0 0 0 11 0 7 0 11 4 0 0 0 0 0 0 0 0 0 0 0 0 0 4 0.5377303647472536
0 0 0 7 0 0 0 0 12 0 0 0 12 13 0 0 12 0 12 0 0 0 0 0 0 0 0 7 0 8 0 0 0 0 0 3 3 0.31051998651051116
0 0 0 0 0 0 0 0 0 0 0 13 0 0 0 0 0 0 0 0 0 0 0 0 0 0 0 0 4 0 0 0 0 7 0 7 1 0.7185594411843639
0 0 0 7 0 0 0 0 0 0 0 0 12 13 0 7 12 0 12 0 0 0 0 0 0 0 0 0 0 8 0 0 0 0 0 3 3 0.2118488798488658
0 0 0 0 0 0 0 0 0 0 12 0 9 0 8 0 0 0 0 0 0 0 0 0 1 0 0 0 12 0 0 0 0 0 0 4 2 0.4465737342117009
4 0 0 0 7 0 0 0 0 0 0 0 0 0 0 0 0 11 0 7 0 11 4 0 0 0 0 0 0 0 7 0 0 0 0 0 4 0.5787321155646127
0 0 0 7 12 0 0 1 0 0 0 0 0 0 0 1 13 0 0 0 0 0 0 0 0 0 7 0 8 0 4 0 0 0 4 0 3 0.086358422964397
0 0 0 0 0 0 0 0 5 4 0 4 0 0 0 0 0 0 2 0 0 0 0 11 0 0 7 11 0 0 7 0 0 0 0 0 5 0.2661454670732408
4 0 0 0 7 0 0 4 0 0 0 0 0 0 0 0 0 0 0 7 0 11 4 0 0 0 0 0 0 0 0 0 0 0 0 0 4 0.1787806648031438
0 6 0 0 0 0 0 0 0 1 12 0 0 0 12 0 0 0 0 0 0 0 0 0 0 0 0 0 0 0 0 0 0 0 4 4 1 0.5605883927652877
4 0 0 0 7 0 0 0 7 2 0 4 0 0 0 8 4 0 0 0 1 0 0 1 0 4 0 0 0 0 0 12 0 0 0 0 0 0.7313899407751738
0 0 0 0 0 0 0 1 0 0 0 0 0 0 0 0 0 0 0 0 12 12 0 0 0 0 12 0 0 0 0 0 0 0 0 0 5 0.012225778586599123
4 0 0 0 0 0 0 0 0 0 12 0 0 6 0 8 0 0 0 8 0 0 0 0 0 0 0 0 0 3 0 0 0 0 0 0 1 0.9660383133266364
0 0 1 0 0 0 0 0 2 2 0 0 0 0 3 0 0 0 0 0 0 0 0 0 0 0 0 0 0 0 0 0 0 13 0 0 5 0.14548812770840924
0 0 0 0 0 0 0 0 0 0 0 0 2 0 0 7 0 0 0 0 0 12 0 0 0 0 0 0 0 0 0 0 0 0 0 13 3 0.18839585635000522
0 0 0 7 0 8 0 4 5 0 0 0 8 0 0 0 0 0 0 0 0 0 0 12 0 0 13 0 8 0 4 12 0 13 0 0 2 0.8702233100328007
---
1 15.455016404766017 25.0 36 
13 8 0 0 8 2 8 0 8 0 0 0 0 0 0 12 0 13 5 0 0 8 0 0 0 0 0 0 4 0 0 0 0 8 0 0 2 0.6739106410031028
0 7 4 0 0 0 0 1 0 0 0 0 0 0 0 2 0 0 8 8 0 1 0 0 0 0 0 0 1 0 0 0 0 3 0 0 1 0.9478303835604343
0 0 0 4 0 0 0 0 0 0 0 0 0 0 1 0 0 0 13 7 0 0 5 0 0 0 0 0 7 0 0 0 0 0 0 12 0 0.7753008233520919
4 0 1 11 0 7 0 0 0 0 0 0 7 4 11 0 0 4 0 0 0 7 7 0 0 0 0 11 0 0 0 4 0 12 0 0 5 0.7698108122312705
4 0 1 0 0 7 0 0 0 0 0 0 7 11 11 0 0 4 0 0 0 0 11 0 0 0 0 1 12 0 0 0 0 0 0 0 5 0.7684971497135697
0 0 0 0 0 1 0 0 0 0 4 7 2 0 0 0 13 0 5 0 0 0 0 0 0 0 1 12 0 0 0 0 0 0 0 12 2 0.7685919566909638
0 0 0 0 1 8 0 0 0 0 0 0 0 0 0 12 0 0 0 12 3 0 0 0 0 4 4 4 0 0 0 0 7 0 4 4 0 0.9473728604533962
0 4 0 0 0 8 0 0 0 0 0 0 0 0 0 12 0 0 4 12 3 0 0 0 0 12 4 0 0 0 0 0 7 0 4 4 0 0.9435527907329252
4 0 1 0 0 0 0 0 0 0 0 0 0 4 12 7 5 0 0 0 0 12 0 0 0 0 0 11 0 0 0 0 0 0 0 0 3 0.18147293123785313
0 0 0 0 0 0 0 0 0 0 0 0 0 0 1 0 7 0 0 3 0 6 0 0 0 0 0 0 0 0 0 0 7 0 0 0 4 0.942433629655959
0 4 0 0 0 0 0 0 0 0 0 11 0 0 0 0 0 0 0 0 0 0 0 0 6 0 0 3 0 0 0 0 0 0 0 12 0 0.7405304670132301
0 0 0 0 0 0 0 0 0 0 0 0 0 0 0 0 0 0 0 2 0 0 0 0 0 0 7 1 0 0 0 0 0 8 7 0 5 0.03467756107723208
4 0 0 4 13 0 0 12 0 0 7 0 0 0 0 0 0 7 0 0 0 0 0 0 0 0 0 0 0 4 0 0 0 0 0 7 5 0.2768408729634253
0 0 0 0 0 0 0 7 0 0 0 0 0 0 0 0 7 0 0 0 0 0 0 0 4 0 0 0 0 6 0 7 7 0 0 0 4 0.9353049611636699
0 0 0 0 0 0 0 0 1 0 0 0 0 0 0 0 0 0 0 0 0 0 8 0 0 9 8 0 0 0 0 0 0 5 0 1 2 0.1062797412948232
0 0 0 0 0 0 0 12 7 0 0 0 0 11 0 0 0 0 0 1 0 11 0 0 4 0 0 0 0 0 0 0 0 0 0 0 4 0.5810785093924524
0 0 11 0 0 0 0 0 0 0 0 0 8 2 0 0 12 0 0 0 0 0 0 0 1 0 0 0 8 0 8 0 0 0 0 0 5 0.2238723663645379
0 0 7 0 5 0 0 0 0 0 0 0 0 0 0 0 0 0 0 0 0 0 0 0 0 0 0 0 0 0 0 0 0 2 2 0 2 0.03780805120351505
7 0 11 0 0 0 0 0 0 0 0 0 8 2 0 0 12 0 0 0 0 0 0 0 1 0 0 0 8 0 8 0 0 0 0 0 5 0.3567603996569908
0 7 0 0 0 7 0 0 0 0 0 0 0 11 0 8 0 0 0 0 0 0 0 1 4 0 0 0 0 0 0 0 7 0 0 0 4 0.5514366081338646
0 0 0 0 0 0 0 0 0 1 0 10 0 0 0 0 0 0 0 0 7 0 0 0 0 8 0 0 0 2 0 0 0 0 0 0 2 0.2165216796786158
0 10 0 0 0 0 0 0 0 0 0 0 0 11 0 0 4 0 0 0 4 0 0 0 0 0 0 0 0 12 0 0 0 0 1 0 1 0.6661515902250085
0 0 0 0 0 0 0 0 0 0 0 0 0 0 0 0 0 0 0 0 12 8 0 2 0 0 0 0 0 7 0 0 0 6 0 0 3 0.8312888583765534
7 0 0 0 0 7 0 0 0 0 0 0 0 11 0 0 0 1 0 0 0 0 0 1 4 0 0 0 3 0 0 11 0 0 0 0 4 0.25698382344016457
7 0 11 4 13 0 0 0 0 0 0 0 0 0 0 0 12 0 0 0 0 0 0 0 1 0 0 0 8 4 8 0 0 0 0 0 5 0.48674542995255243
---
2 16.076670695907442 17.0 36 
0 8 12 0 0 0 0 7 0 0 0 0 0 0 12 0 0 0 0 0 8 0 12 0 0 0 0 0 0 0 12 7 0 0 0 0 3 0.1345537049707306
11 0 0 0 0 4 0 0 11 0 0 0 0 0 1 1 0 11 0 0 0 0 0 0 0 0 0 0 0 0 0 0 0 0 0 0 4 0.5600525000487995
1 0 0 0 0 4 0 0 11 0 0 0 0 0 1 1 0 11 0 0 0 0 0 0 0 0 0 0 0 0 0 0 0 0 0 0 4 0.42086586771953693
0 0 0 0 0 0 0 0 1 0 0 7 0 1 0 0 0 0 0 0 0 0 0 0 0 0 1 11 0 0 11 0 0 0 0 0 5 0.05038195684018998
8 0 0 12 0 0 0 0 4 0 0 0 14 0 2 0 0 0 0 4 0 0 8 0 14 0 0 0 0 0 0 0 0 0 0 0 2 0.9999459964044954
0 3 0 0 0 0 0 0 0 0 0 0 0 0 0 13 0 0 0 0 0 1 0 0 0 0 0 0 0 0 0 0 0 0 0 0 1 0.9974874684236423
8 0 0 0 0 0 1 0 2 8 0 0 0 0 0 12 0 0 0 7 13 0 8 0 0 0 0 0 0 0 0 0 0 0 0 4 2 0.6136147908826303
0 0 0 0 0 0 12 0 4 0 0 6 0 0 0 0 0 0 0 0 0 0 0 0 0 0 0 0 0 0 0 0 4 0 0 0 5 0.4909910195731382
0 0 4 0 0 0 0 7 0 0 0 0 0 0 0 0 0 0 0 0 0 12 0 0 0 0 0 0 0 0 0 0 6 0 0 7 0 0.8655317258313149
4 0 0 0 0 0 0 0 4 0 1 0 0 2 0 0 12 0 0 0 0 0 0 11 12 4 0 4 0 0 0 0 4 0 0 0 5 0.46382341197961763
0 0 0 0 0 0 3 0 0 0 0 6 0 0 0 0 0 0 0 0 0 12 0 0 0 0 0 0 0 0 0 0 0 0 0 0 5 0.7273813030145317
0 0 0 0 0 0 0 0 0 0 0 0 0 0 0 0 0 0 11 0 0 7 0 0 0 0 0 0 0 0 0 10 0 0 6 0 4 0.36318423230837826
0 0 0 0 0 0 0 0 0 0 0 0 0 0 0 0 0 0 0 0 0 0 7 0 0 0 0 0 0 0 13 0 10 0 0 0 1 0.5944568559566599
0 0 4 0 0 0 0 4 0 0 0 13 0 0 0 0 0 0 0 0 0 0 0 0 0 0 0 0 0 0 0 6 0 0 0 0 1 0.3529810341586853
0 0 0 12 4 0 0 0 4 0 2 0 7 0 2 0 0 0 0 4 0 0 0 0 0 0 0 4 0 0 0 12 0 4 0 0 0 0.8132687174674487
0 0 0 0 0 6 0 0 0 0 0 0 0 0 0 0 0 0 0 8 0 1 0 0 0 0 0 0 0 0 0 0 0 0 0 0 1 0.9904470001267752
8 0 0 0 0 0 1 4 8 8 0 0 0 0 0 12 0 0 0 7 13 0 8 0 0 0 8 0 0 0 0 0 0 0 0 4 2 0.6883177960932583
---
3 17.337247452944222 15.0 36 
0 0 0 0 0 0 4 0 0 4 0 0 0 4 0 11 12 2 0 11 0 0 4 0 0 0 0 0 0 0 4 0 0 4 0 0 5 0.274555845880896
0 0 0 0 0 0 7 0 0 0 8 0 0 1 0 0 0 0 0 0 0 10 0 0 0 0 0 0 0 0 0 0 0 0 8 0 1 0.9998985402122764
0 0 0 0 0 0 0 0 1 0 0 0 0 0 0 1 0 0 0 0 0 0 0 0 1 2 0 0 0 0 0 0 7 0 2 0 0 0.17864224658957406
0 0 0 0 0 0 0 0 0 0 0 0 0 4 0 0 12 12 0 0 0 0 3 11 0 0 0 0 0 0 4 3 0 4 0 0 5 0.6958446607954321
0 0 0 0 3 6 0 0 0 0 13 0 0 0 0 0 0 0 0 4 0 0 0 0 0 0 0 0 0 0 0 0 0 0 0 0 1 0.9857521693228921
0 8 0 2 0 8 0 0 0 0 0 0 0 4 0 0 8 13 1 0 2 2 4 0 0 0 0 0 0 0 0 4 8 4 0 0 2 0.4465577266938048
0 0 0 0 0 0 0 0 0 0 0 0 0 0 0 0 0 0 11 0 0 0 0 0 0 0 0 0 11 6 0 0 0 0 0 0 4 0.8188633056488
0 0 0 0 0 0 0 0 1 0 5 0 0 0 0 1 0 0 0 0 0 0 0 0 1 2 0 0 0 0 0 0 7 0 2 0 0 0.7989780872194541
0 0 0 0 0 0 0 0 0 13 0 0 5 0 0 0 0 0 0 0 11 0 4 0 4 0 0 0 0 0 0 0 0 11 0 0 1 0.6889672332333149
0 0 0 0 0 0 0 0 0 0 0 0 0 0 0 0 0 0 0 0 0 0 0 0 0 0 8 0 0 6 0 0 4 0 0 0 1 0.9043386964570227
0 0 0 0 0 0 2 2 1 2 0 0 0 0 2 0 0 0 0 0 0 2 0 0 2 0 0 0 0 4 0 0 0 0 2 0 0 0.04659640345527427
0 0 0 0 0 3 4 0 0 0 0 4 0 0 0 0 0 0 0 12 0 0 0 0 0 0 0 7 4 0 0 0 0 0 0 4 4 0.16187673015822512
0 0 0 0 0 11 0 0 0 0 0 0 0 0 0 0 0 0 0 0 0 0 0 0 8 0 0 12 0 0 0 0 0 0 0 0 4 0.22623807547008867
0 9 0 12 0 0 0 0 0 0 0 0 0 0 0 0 0 0 0 0 0 2 0 0 0 2 0 0 0 0 0 1 0 0 0 8 2 0.011615575317733162
0 6 0 0 0 11 0 0 0 0 7 0 0 0 0 0 0 0 0 0 0 0 0 0 0 0 0 12 0 0 0 0 0 0 0 0 4 0.7573808402415345
---
4 14.988775686409946 22.0 36 
0 2 0 0 0 0 0 0 1 0 0 4 0 2 8 0 4 2 0 0 0 2 0 0 0 0 0 0 4 0 0 0 1 8 0 4 0 0.7334897106773278
0 0 0 0 0 0 1 0 0 0 8 4 0 0 0 12 13 0 0 0 0 0 0 0 0 0 0 4 0 1 0 0 0 0 0 12 2 0.6867561563166049
0 1 0 0 0 0 0 11 0 0 1 0 0 0 11 11 7 12 0 0 0 0 0 11 0 7 0 0 0 0 0 3 0 0 0 0 5 0.8711777248083992
0 0 0 0 0 0 0 0 1 0 0 12 1 2 0 0 0 0 0 0 0 0 0 0 0 0 0 4 1 0 0 7 1 0 0 4 0 0.5408978893523895
0 1 0 1 0 0 0 0 0 0 1 0 0 0 1 11 0 12 0 0 0 0 0 11 0 7 0 0 0 0 0 3 0 0 0 0 5 0.8205346211181856
0 3 1 0 0 0 0 0 0 0 0 0 0 11 0 0 0 0 0 0 0 7 0 0 0 0 0 0 0 0 0 0 0 0 0 0 4 0.29960745722227977
0 3 1 0 0 0 0 0 0 0 0 0 0 0 0 0 0 0 0 0 0 0 0 0 0 0 0 5 0 0 0 0 0 0 0 0 1 0.995384931394619
0 0 12 0 0 0 7 0 0 0 0 11 0 0 0 0 0 0 0 0 8 0 0 0 0 0 0 0 0 13 0 0 12 0 0 0 3 0.25253980172984836
0 0 0 0 0 0 1 0 2 0 0 4 0 0 0 12 13 0 0 0 0 0 0 0 0 0 0 4 0 1 0 0 0 0 0 12 2 0.6686790638413547
0 0 0 0 0 0 1 0 0 0 8 4 0 0 0 12 13 0 0 0 0 0 0 0 0 0 0 4 0 1 0 0 0 0 0 7 2 0.6140846274620448
13 0 1 0 0 0 0 0 0 0 0 0 0 0 0 12 0 8 13 0 0 0 0 0 0 0 0 0 8 0 0 0 0 0 1 0 2 0.6448681090176546
0 3 1 0 0 0 0 0 0 3 0 8 0 0 0 0 0 0 0 0 0 0 0 0 0 0 7 0 0 0 0 0 0 0 0 0 1 0.8212691432041217
0 0 0 0 0 0 0 0 0 0 0 0 0 0 12 0 2 8 0 0 0 0 0 0 0 0 0 0 0 0 0 0 0 0 0 6 5 0.3679730512005899
0 0 0 6 0 0 0 0 12 0 0 1 0 1 0 0 0 0 0 0 0 0 7 0 8 0 0 0 0 8 0 0 0 0 0 0 5 0.7593271055462363
0 0 1 0 0 0 0 0 0 3 0 8 0 0 0 0 0 0 0 0 0 0 4 0 0 0 7 0 0 0 0 0 0 0 0 0 1 0.6691408726289082
0 0 0 0 0 0 0 0 0 0 1 0 0 0 0 0 0 0 0 0 0 0 4 4 0 0 0 0 0 11 1 0 0 0 0 0 4 0.14096272827715683
0 12 1 7 0 2 0 0 0 0 0 0 0 0 0 0 0 0 0 0 12 0 0 0 0 7 0 0 0 0 3 0 0 0 1 7 5 0.6778027566092419
0 0 0 0 12 0 12 0 7 0 0 0 0 0 0 0 0 0 0 0 0 0 0 0 2 0 0 0 0 0 0 0 4 0 0 11 5 0.08874069744686053
0 0 0 0 0 0 0 11 12 0 0 0 13 0 0 0 0 12 0 0 0 0 7 0 8 0 0 0 0 0 0 0 0 0 0 0 5 0.13128391254985083
13 0 0 0 0 0 13 0 0 0 0 0 0 0 0 3 0 8 0 0 0 0 0 0 0 0 0 0 0 0 0 0 0 0 1 0 2 0.31339033100782965
0 0 0 0 0 12 0 0 0 0 4 0 0 0 0 0 0 0 0 0 0 11 0 4 0 13 0 0 0 0 0 0 0 0 0 0 4 0.24157344065215147
0 0 0 0 12 0 0 8 0 0 0 0 4 0 0 0 0 0 0 0 0 4 4 0 0 11 0 0 0 0 4 0 0 0 0 0 4 0.5959600307188889
