---
0 16.404766016232085 10.0 36 
0 0 0 0 1 0 1 8 0 1 0 0 0 0 0 0 0 3 0 2 0 0 0 0 0 0 0 0 0 0 0 0 0 0 0 0 1 0.9547468244617985
0 1 0 1 0 0 11 0 0 0 0 0 0 0 0 0 0 0 0 0 0 0 0 0 13 0 0 0 13 0 0 0 0 0 0 0 5 0.18948232418855881
0 0 12 0 0 0 4 0 0 7 0 0 0 0 0 0 8 8 0 0 0 0 0 0 0 0 0 0 0 0 12 0 8 0 0 0 3 0.3006713587998089
0 0 0 0 0 0 0 0 4 10 0 4 0 0 0 0 0 0 0 0 4 0 0 0 0 0 0 0 0 0 0 0 0 0 0 0 1 0.6713022901183217
0 8 0 0 1 2 0 0 7 1 0 4 1 8 0 0 1 0 0 12 0 2 0 0 0 0 0 0 0 8 0 2 0 0 0 0 0 0.9061926158593053
13 4 4 4 0 0 0 0 0 0 0 0 8 0 8 0 13 0 0 0 8 0 0 0 2 0 0 8 0 4 0 0 8 1 0 4 2 0.6387645138296731
0 0 0 0 0 11 1 0 0 1 0 0 0 0 0 0 0 0 0 0 0 0 0 7 0 0 0 0 0 0 0 0 0 0 0 0 4 0.15438897010328256
0 0 0 0 0 0 0 0 0 0 0 11 0 7 0 11 12 0 1 0 0 7 1 11 0 0 0 0 0 0 0 0 0 0 0 0 5 0.7845890089861105
0 0 0 11 0 8 0 0 0 0 0 0 0 0 0 0 0 0 0 0 0 0 0 0 8 0 7 2 0 0 0 0 0 0 0 0 5 0.004478442174245201
0 0 0 0 0 0 0 0 11 0 0 0 0 0 7 0 0 12 0 0 0 0 0 0 0 0 0 0 6 4 1 0 0 0 0 0 0 0.6248590490843411
---
1 14.608875841823519 12.0 36 
0 0 0 0 0 12 1 0 0 2 0 4 0 0 1 0 0 12 0 4 4 0 7 7 0 0 0 0 0 4 0 0 4 0 7 0 5 0.38760894850241645
7 0 0 0 0 0 0 0 0 0 2 0 0 0 0 0 0 0 0 12 0 0 2 12 7 0 13 0 0 13 0 0 0 0 0 12 0 0.9636301535502168
0 0 13 0 0 0 0 1 0 0 0 3 0 0 0 0 0 0 0 0 0 0 4 0 0 0 0 12 4 13 4 0 0 0 0 0 2 0.16059708721666066
0 0 0 0 2 0 1 1 0 4 0 11 0 0 0 0 0 7 7 3 12 0 0 0 0 0 0 0 2 0 0 0 0 0 0 7 5 0.6162987748753246
0 0 0 0 0 0 0 0 4 0 0 0 0 0 0 0 0 0 0 0 0 1 2 0 0 0 8 0 0 6 8 0 0 0 0 0 1 0.947816392665294
0 0 0 0 0 11 0 0 0 4 0 0 7 11 0 0 0 0 0 12 0 0 0 0 0 0 0 0 0 0 0 0 0 0 0 12 4 0.6203933028134302
0 0 0 2 0 0 0 0 0 10 0 0 0 0 1 0 0 0 0 0 0 1 2 0 0 0 0 0 0 0 0 0 0 0 0 0 1 0.9298680129984542
0 0 0 0 2 2 0 0 0 0 0 0 0 4 0 0 0 0 8 4 0 5 0 0 0 0 2 0 5 5 0 0 4 0 0 0 2 0.7873632518346607
0 0 0 0 0 4 0 0 0 0 0 0 1 0 0 2 1 0 0 0 0 8 0 0 1 0 0 12 0 2 0 0 7 0 0 0 0 0.7574290296557374
0 0 0 0 8 12 0 0 0 0 0 0 0 0 0 0 0 0 0 0 4 4 0 0 0 0 7 7 0 13 0 7 12 8 0 0 3 0.13610837209351923
0 0 0 0 0 11 0 0 0 0 0 0 7 0 0 0 0 0 0 0 0 6 0 0 7 0 1 0 0 0 0 0 0 0 0 0 4 0.619504062546773
11 0 7 0 6 0 0 0 0 0 8 0 0 0 0 0 0 0 0 0 0 0 0 0 0 0 0 0 0 0 0 0 0 4 0 0 0 0.6681449663445624
---
2 15.575893628043517 13.0 36 
0 0 0 0 0 0 0 0 0 12 0 0 0 0 11 0 0 7 3 11 0 0 11 0 0 0 0 0 0 0 0 11 0 0 0 0 5 0.7490954276160091
0 0 0 0 3 0 2 5 3 0 0 0 0 0 0 0 0 0 0 0 0 0 0 2 0 0 0 0 0 0 0 0 0 0 0 0 1 0.9893945978604051
0 0 0 0 0 2 0 0 0 4 0 0 0 7 0 0 2 0 7 0 0 0 0 0 12 0 0 0 0 0 0 0 12 0 0 12 5 0.2647393333439989
0 0 0 0 0 0 0 0 0 0 0 0 0 0 0 0 0 0 0 0 0 0 0 0 0 0 0 0 0 0 0 0 0 10 0 8 1 0.9604707187299606
0 0 0 0 0 0 0 7 0 0 0 0 0 0 0 0 1 11 0 0 0 0 0 0 0 0 4 1 0 0 0 0 0 0 0 0 4 0.17678904190294353
2 12 0 0 0 0 0 0 0 0 0 0 0 13 12 0 0 0 0 11 0 0 4 0 0 12 0 0 0 0 0 0 8 0 0 0 3 0.1847237792488643
0 0 0 0 0 0 0 0 9 0 2 0 0 0 0 0 0 0 13 0 0 0 8 0 1 13 0 4 0 0 0 0 0 4 0 0 2 0.8497200705943122
11 0 0 0 0 0 0 7 0 0 0 0 0 0 0 0 1 0 0 0 1 0 0 0 11 0 0 0 0 0 0 0 0 0 0 0 0 0.16513469063584807
0 0 0 0 0 0 0 7 0 0 0 0 0 0 0 0 11 11 0 0 0 0 0 0 0 0 0 1 0 11 0 0 0 11 0 0 4 0.8710158929097551
0 0 0 4 0 0 0 0 8 0 0 0 0 0 0 0 0 0 0 0 0 0 0 11 12 0 0 0 0 0 0 0 0 3 2 0 3 0.06912510953922935
0 4 0 0 1 0 2 0 0 0 0 0 1 2 2 0 1 0 0 2 4 0 0 0 4 0 0 4 0 0 0 0 1 0 0 0 0 0.5563821449738482
0 0 0 7 0 0 1 2 0 0 2 1 0 13 4 4 0 0 0 0 0 0 0 0 0 0 0 0 0 0 0 0 0 0 0 0 2 0.077132849599447
2 12 0 0 0 0 0 0 0 0 0 0 0 13 12 0 12 0 0 11 0 0 4 0 0 12 0 0 0 0 0 0 8 0 0 0 3 0.25022670475857134
---
3 16.163011569677085 22.0 36 
0 0 0 0 0 0 0 0 0 0 0 0 0 0 0 0 0 0 6 0 0 0 0 0 0 0 0 0 0 0 0 10 0 0 0 6 4 0.26030582206715946
0 0 0 3 0 0 4 0 0 0 0 0 0 0 12 0 13 0 0 4 0 0 4 0 0 0 0 0 0 13 0 0 8 0 0 0 2 0.3008662923779035
0 12 0 8 0 0 13 0 0 0 0 0 0 0 0 0 0 0 0 0 4 0 0 0 0 0 0 0 0 11 0 0 0 0 0 0 4 0.24982647999383478
0 0 0 0 12 0 0 0 0 0 0 0 0 11 0 12 4 0 0 0 0 7 0 0 0 0 0 12 0 0 0 0 0 0 0 4 4 0.6043123160658166
0 0 0 0 8 0 0 0 0 0 7 0 0 0 7 1 0 0 0 0 0 0 4 0 4 12 0 0 8 4 0 0 0 0 0 0 5 0.39270681576278266
0 0 0 0 0 0 0 0 0 6 0 1 0 0 0 0 0 0 0 0 0 0 0 0 0 0 0 2 0 0 4 0 0 0 0 1 1 0.4164072401243759
0 0 0 0 0 0 0 0 0 0 7 0 0 11 0 0 7 6 0 0 0 7 0 0 0 4 0 0 0 0 0 0 0 0 0 0 4 0.8734054448608624
0 0 0 0 0 11 0 0 0 0 0 0 0 11 0 7 4 0 0 0 0 0 0 0 0 0 0 12 0 0 0 0 0 0 0 4 4 0.5148119059081678
1 0 0 4 0 0 0 0 7 2 0 0 0 0 2 0 0 0 0 0 0 0 0 4 0 0 0 0 4 0 4 12 1 4 0 4 0 0.6659194348531102
4 8 0 8 0 0 0 0 0 0 0 0 0 0 0 0 7 0 0 0 0 0 5 4 0 0 8 0 0 0 13 0 1 0 0 0 0 0.8957688232335246
1 0 0 4 0 0 0 0 7 0 0 4 0 0 2 0 0 0 0 0 0 0 0 4 0 0 0 0 4 0 4 12 1 1 0 4 0 0.4793671079126618
0 0 0 0 7 12 0 0 0 0 0 1 0 0 0 0 0 0 0 0 0 0 0 0 0 0 0 13 0 10 0 0 0 0 0 1 1 0.9702176536902447
13 0 0 2 5 0 0 0 0 4 0 4 0 0 0 0 0 0 4 0 0 0 12 0 0 2 0 0 0 0 0 0 8 0 0 7 2 0.44861125403982927
0 7 0 0 0 11 0 0 11 11 7 0 0 0 0 0 0 0 0 0 0 0 0 0 0 4 8 7 0 0 0 0 0 4 0 0 4 0.3868772770783071
0 0 0 12 0 0 0 0 0 0 0 0 0 10 0 0 0 0 0 0 0 0 0 0 0 4 1 0 0 0 0 0 12 0 0 0 1 0.648303936804006
0 0 0 0 0 0 0 0 0 0 0 0 3 12 0 0 7 0 0 0 6 0 0 0 0 0 0 0 0 0 0 0 0 0 0 0 0 0.8226996030774052
4 0 0 11 4 7 0 0 0 0 1 0 0 0 0 3 0 4 0 0 0 0 0 0 0 0 0 7 4 2 0 0 4 0 0 0 5 0.6430093554889512
0 0 0 0 0 0 0 0 0 0 0 3 0 0 0 0 1 0 0 0 12 0 0 1 0 0 0 0 0 0 3 4 0 7 0 0 5 0.7156934409378755
0 11 0 0 1 0 0 0 0 6 0 0 0 0 0 0 4 0 2 2 3 0 0 0 0 0 0 0 0 1 0 0 0 1 0 0 1 0.823474936784142
9 0 0 0 0 0 0 0 0 0 0 8 5 8 0 0 0 8 0 4 0 8 0 2 0 0 0 0 8 0 0 0 0 8 0 0 2 0.8002701659457951
0 0 0 0 10 0 0 0 0 0 0 1 0 3 0 0 0 0 0 0 0 0 0 1 0 0 0 2 0 0 0 0 0 0 0 0 1 0.6749600803606963
1 0 0 4 0 0 0 0 2 0 0 0 0 0 2 0 0 0 0 0 0 1 0 4 0 0 0 0 4 0 4 12 1 4 0 0 0 0.042376186582006814
---
4 14.14263512346745 14.0 36 
2 0 0 0 0 0 0 0 4 0 0 0 4 0 0 0 0 0 7 0 12 4 0 11 0 0 0 0 0 0 0 4 0 2 2 0 5 0.22851219945343892
0 0 0 0 0 4 0 0 7 0 7 0 0 0 0 0 0 11 0 0 0 0 0 0 0 0 0 0 0 0 0 0 0 0 0 0 4 0.055953495482030435
0 0 0 0 0 0 0 0 0 0 0 0 2 0 0 12 13 13 0 4 0 0 8 0 0 0 0 0 0 0 4 4 0 4 1 0 2 0.7024321509527625
0 0 0 0 0 0 0 0 0 0 0 0 0 0 0 13 0 0 0 0 0 1 0 0 7 0 0 0 0 0 0 0 0 7 0 0 1 0.8704305161414281
0 0 0 4 0 2 0 4 1 0 0 0 0 0 0 12 0 2 0 0 0 0 0 4 7 0 2 0 0 0 0 12 7 0 0 4 0 0.9180710552586951
0 0 0 0 4 0 0 0 0 0 0 0 0 0 2 0 7 0 0 8 0 10 0 0 0 0 0 0 0 0 0 0 0 0 0 0 1 0.9926311044438787
2 0 0 4 0 0 0 0 4 0 0 0 4 0 0 0 0 0 7 0 12 0 0 11 0 0 0 0 0 0 0 4 0 2 1 0 5 0.26520032796109705
0 0 0 0 0 4 0 0 0 4 0 0 0 0 1 0 7 7 1 0 12 0 0 11 0 0 0 0 0 12 0 0 0 0 1 0 5 0.7927260444022651
0 0 0 4 0 13 0 4 1 0 0 0 0 0 0 12 0 2 0 0 0 0 0 4 7 0 2 0 0 0 0 0 11 0 0 0 0 0.9782359441733355
0 0 0 0 0 0 0 0 4 0 0 0 0 2 0 0 0 0 0 0 0 4 0 0 0 0 0 0 0 0 4 6 0 7 4 7 5 0.7012089838784101
0 0 0 0 0 4 0 0 0 0 7 0 0 0 0 0 0 11 0 12 0 0 0 0 4 0 0 0 0 0 0 0 0 0 0 0 4 0.5644241488722278
0 4 0 0 0 0 12 0 0 0 0 1 8 0 0 0 0 0 0 0 0 0 12 7 0 0 12 0 0 0 0 0 0 0 0 0 3 0.0759521454245724
0 0 0 0 0 4 0 4 6 0 0 1 1 0 0 4 0 2 0 0 0 0 0 7 0 0 0 0 0 0 0 0 0 0 0 0 0 0.6748466324054985
0 4 0 0 0 1 0 0 4 0 0 7 4 0 0 0 0 4 7 0 12 0 0 11 0 0 0 0 0 2 0 2 0 2 0 0 5 0.38892942167688505
