---
0 11.947513812154696 10.0 36 
0 0 4 2 2 2 4 4 0 4 0 0 0 2 8 4 2 0 8 0 0 0 8 7 0 0 0 4 0 2 4 0 0 2 0 0 2 0.5479293999358383
0 0 2 0 0 0 0 4 0 0 0 4 1 2 0 4 1 2 0 0 7 0 0 12 1 2 2 0 1 0 0 4 0 0 0 4 0 0.8683452352420555
0 0 0 0 0 0 0 4 4 0 0 1 4 1 0 1 2 12 0 0 4 0 0 7 4 4 1 0 2 0 0 0 0 0 0 7 5 0.34971707622448567
4 0 12 0 0 0 0 11 0 0 0 0 0 0 0 0 0 0 0 0 12 0 0 0 12 8 12 0 8 0 12 0 0 0 7 0 3 0.23054208305487434
0 0 0 1 0 0 0 0 4 0 0 1 4 0 0 1 12 12 0 3 0 4 0 0 0 4 1 4 0 4 0 0 0 0 0 11 5 0.7800016246834909
0 0 0 0 0 0 0 0 0 0 0 0 0 0 0 0 0 0 0 0 0 6 8 0 0 0 0 0 0 0 0 0 0 0 0 0 1 0.9459383131946828
0 0 0 0 0 0 0 0 0 0 1 0 0 0 0 0 0 11 0 12 0 0 0 0 0 0 0 4 4 0 0 0 0 0 0 0 4 0.5367022776484698
0 0 0 0 1 0 0 0 0 0 0 0 0 6 0 8 0 0 0 0 0 0 4 0 0 0 0 0 0 0 0 0 0 0 0 0 1 0.9332036726185412
0 0 0 0 0 4 4 7 6 0 0 0 3 0 0 4 0 0 0 0 0 0 0 0 0 0 0 0 7 0 0 0 0 0 0 0 0 0.6847506407929044
0 0 0 0 0 0 0 0 0 0 0 0 0 0 0 0 0 0 0 7 0 6 7 0 0 0 0 0 0 0 0 0 0 0 0 0 4 0.9034810815482283
---
1 11.912983425414364 12.0 36 
0 0 0 0 0 0 0 4 4 0 0 1 4 1 0 1 2 12 0 0 4 0 0 7 4 4 1 0 2 0 0 0 0 0 0 7 5 0.34971707622448567
0 0 2 0 0 0 0 4 0 0 0 4 1 2 0 4 1 2 0 0 7 0 0 12 1 2 2 0 1 0 0 4 0 0 0 4 0 0.9894494501254696
0 0 0 1 0 0 0 0 4 0 0 7 4 0 0 1 12 12 0 3 0 4 0 0 0 2 1 7 0 0 0 0 0 0 0 1 5 0.5641376046307471
0 0 0 0 0 0 0 0 0 0 0 0 0 0 0 0 0 0 0 7 0 6 7 0 0 0 0 0 0 0 0 0 0 0 0 0 4 0.9034810815482283
4 0 12 0 0 0 0 11 0 0 0 0 0 0 0 0 0 0 0 0 12 0 0 0 12 8 12 0 8 0 12 0 0 0 7 0 3 0.23054208305487434
0 0 0 0 0 0 0 0 0 0 1 0 0 0 0 0 0 11 0 12 0 0 0 0 0 0 0 4 4 0 0 0 0 0 0 0 4 0.5367022776484698
0 0 0 0 1 0 0 0 0 0 0 0 0 6 0 8 0 0 0 0 0 0 4 0 0 0 0 0 0 0 0 0 0 0 0 0 1 0.9332036726185412
0 0 4 2 2 2 4 4 0 4 0 0 0 2 8 4 2 0 8 0 0 0 8 7 0 0 0 4 0 2 4 0 0 2 0 0 2 0.5479293999358383
0 0 0 1 0 0 0 0 4 0 0 1 4 0 0 1 12 12 0 3 0 4 0 0 0 4 1 4 0 4 0 0 0 0 0 11 5 0.7800016246834909
0 0 0 0 0 4 4 7 6 0 0 0 3 0 0 4 0 0 0 0 0 0 0 0 0 0 0 0 7 0 0 0 0 0 0 0 0 0.6847506407929044
0 0 0 0 0 0 0 0 0 0 0 0 0 0 0 0 0 0 0 0 0 6 8 0 0 0 0 0 0 0 0 0 0 0 0 0 1 0.9459383131946828
0 0 2 0 0 0 0 4 0 0 0 4 1 2 0 4 1 2 0 0 7 0 0 0 1 2 2 0 1 0 0 4 0 0 0 4 0 0.8554460029456872
---
2 12.275552486187845 13.0 36 
0 0 4 4 2 2 4 4 0 4 0 0 0 2 8 4 2 0 8 0 0 0 8 7 0 0 0 4 0 2 4 0 0 2 0 0 2 0.5435710325506391
0 0 0 1 0 0 0 0 4 0 0 1 4 0 0 11 12 12 0 3 0 4 0 0 0 4 1 4 0 4 0 0 0 0 0 11 5 0.7442426573587663
0 0 2 0 0 0 0 0 0 0 0 4 1 2 0 4 1 2 0 0 7 0 0 12 1 2 2 0 1 0 0 4 0 0 0 0 0 0.8606084331802333
4 0 12 0 0 0 0 11 0 0 0 0 0 0 0 0 0 0 0 0 12 0 0 0 12 8 12 0 8 0 12 0 0 0 7 0 3 0.23054208305487434
0 0 0 0 0 0 0 0 0 0 0 0 0 0 0 0 0 0 0 0 0 6 8 0 0 0 0 0 0 0 0 0 0 0 0 0 1 0.9459383131946828
0 0 0 0 0 4 4 7 6 0 0 0 3 0 0 4 0 0 0 0 0 0 0 0 0 0 0 0 7 0 0 0 0 0 0 0 0 0.6847506407929044
0 0 0 0 0 0 0 0 0 0 1 0 0 0 0 0 0 11 0 12 0 0 0 0 0 0 0 4 4 0 0 0 0 0 0 0 4 0.5367022776484698
0 0 0 0 0 0 0 0 0 0 0 0 0 0 0 0 0 0 0 7 0 6 7 0 0 0 0 0 0 0 0 0 0 0 0 0 4 0.9034810815482283
0 0 0 1 0 0 0 0 4 0 0 1 4 0 0 1 12 12 0 3 0 4 0 0 0 4 1 4 0 4 0 0 0 0 0 11 5 0.7800016246834909
0 0 0 0 1 0 0 0 0 0 0 0 0 6 0 8 0 0 0 0 0 0 4 0 0 0 0 0 0 0 0 0 0 0 0 0 1 0.9332036726185412
0 0 0 1 0 0 0 0 4 0 0 1 4 0 0 1 12 12 0 3 0 4 10 0 0 4 1 4 0 4 0 0 0 0 0 11 5 0.908392855797743
0 0 0 0 0 0 0 0 0 0 0 0 0 0 0 0 0 0 0 7 0 6 7 0 0 0 0 0 0 0 0 0 0 0 0 0 4 0.6223624631223288
1 0 0 0 12 0 1 0 4 0 0 0 0 0 0 0 0 0 0 0 0 0 0 7 0 6 0 0 0 0 0 0 0 0 0 0 4 0.1099511810660565
