---
0 11.878453038674033 9.0 36 
2 0 0 4 2 0 0 7 0 2 0 0 0 0 4 12 0 0 0 0 2 0 0 1 0 0 2 0 2 0 0 0 0 0 0 0 2 0.6068652392100422
0 0 0 0 0 4 0 0 0 0 0 1 0 0 1 3 4 7 0 0 0 0 1 11 0 0 0 0 0 0 0 0 0 0 0 0 5 0.6209261828047526
0 0 0 12 0 0 0 0 1 0 0 4 1 2 0 0 0 0 0 0 0 0 0 0 1 0 0 0 0 2 0 4 1 0 0 0 0 0.7682696639842863
0 0 0 0 0 0 0 0 0 0 0 0 0 0 0 0 0 11 0 0 0 1 0 7 0 0 0 0 0 0 0 0 0 1 0 0 4 0.3921563432220345
0 0 12 0 0 8 0 0 0 0 0 0 0 0 12 4 12 0 0 0 0 0 4 11 0 0 12 0 0 0 4 0 0 0 0 0 3 0.21466176518760838
0 0 0 0 0 0 0 0 0 0 0 0 0 0 0 0 0 1 0 0 0 1 0 13 0 1 0 0 0 0 0 0 0 1 0 0 1 0.9886725729040755
0 0 0 0 0 0 0 0 11 0 0 0 0 0 0 0 0 0 0 7 0 0 0 0 6 0 0 0 0 4 0 0 0 0 0 0 0 0.5990681192270632
0 0 8 0 0 1 0 0 0 0 0 0 0 6 0 0 0 1 0 0 0 0 0 0 0 0 0 0 0 0 0 0 0 1 0 0 1 0.9954883764952678
0 4 0 0 0 0 0 0 0 0 0 0 4 0 0 0 2 4 0 0 0 4 0 7 4 1 0 0 2 0 1 0 0 0 0 0 5 0.30955784832404465
---
1 11.878453038674033 9.0 36 
2 0 0 4 2 0 0 7 0 2 0 0 0 0 4 12 0 0 0 0 2 0 0 1 0 0 2 0 2 0 0 0 0 0 0 0 2 0.6068652392100422
0 0 0 0 0 4 0 0 0 0 0 1 0 0 1 3 4 7 0 0 0 0 1 11 0 0 0 0 0 0 0 0 0 0 0 0 5 0.6209261828047526
0 0 0 12 0 0 0 0 1 0 0 4 1 2 0 0 0 0 0 0 0 0 0 0 1 0 0 0 0 2 0 4 1 0 0 0 0 0.7682696639842863
0 0 0 0 0 0 0 0 0 0 0 0 0 0 0 0 0 11 0 0 0 1 0 7 0 0 0 0 0 0 0 0 0 1 0 0 4 0.3921563432220345
0 0 12 0 0 8 0 0 0 0 0 0 0 0 12 4 12 0 0 0 0 0 4 11 0 0 12 0 0 0 4 0 0 0 0 0 3 0.21466176518760838
0 0 0 0 0 0 0 0 0 0 0 0 0 0 0 0 0 1 0 0 0 1 0 13 0 1 0 0 0 0 0 0 0 1 0 0 1 0.9886725729040755
0 0 0 0 0 0 0 0 11 0 0 0 0 0 0 0 0 0 0 7 0 0 0 0 6 0 0 0 0 4 0 0 0 0 0 0 0 0.5990681192270632
0 0 8 0 0 1 0 0 0 0 0 0 0 6 0 0 0 1 0 0 0 0 0 0 0 0 0 0 0 0 0 0 0 1 0 0 1 0.9954883764952678
0 4 0 0 0 0 0 0 0 0 0 0 4 0 0 0 2 4 0 0 0 4 0 7 4 1 0 0 2 0 1 0 0 0 0 0 5 0.30955784832404465
---
2 12.258287292817679 13.0 36 
0 0 0 0 0 0 0 0 11 0 0 0 0 0 0 0 0 0 0 7 0 0 0 0 6 0 0 0 0 4 0 0 0 0 0 0 0 0.5990681192270632
2 0 0 4 2 0 0 7 0 2 0 0 0 0 4 12 0 0 0 0 13 0 0 1 0 0 2 0 2 0 0 4 0 0 0 0 2 0.7766597362253322
0 4 0 0 0 0 0 0 0 0 0 0 4 0 0 0 2 4 0 0 0 4 0 7 4 1 0 0 2 0 1 0 0 0 0 0 5 0.30955784832404465
0 0 0 0 0 0 0 0 0 0 0 0 0 0 0 0 0 11 0 0 0 1 0 7 0 0 0 0 0 0 0 0 0 1 0 0 4 0.3921563432220345
0 0 12 0 0 8 0 0 0 0 0 0 0 0 12 4 12 0 0 0 0 0 4 11 0 0 12 0 0 0 4 0 0 0 0 0 3 0.21466176518760838
0 0 0 0 0 0 0 0 0 0 0 7 4 0 0 0 2 0 0 1 0 4 0 0 4 1 0 0 2 4 0 0 0 0 0 7 5 0.24252095038839805
0 0 0 0 0 0 0 0 0 0 0 0 0 0 0 0 0 1 0 0 0 1 0 13 0 1 0 0 0 0 0 0 0 1 0 0 1 0.9890204652281632
0 0 0 0 0 4 0 0 0 0 0 1 0 0 1 3 4 7 0 0 0 0 1 11 0 0 0 0 0 0 0 0 0 0 0 0 5 0.6209261828047526
0 0 0 12 0 0 0 0 1 0 0 4 1 2 0 0 0 0 0 0 0 0 0 0 1 0 0 4 0 2 0 4 1 0 0 0 0 0.7917515613654045
0 0 0 4 0 0 0 0 1 0 7 0 0 0 0 0 0 7 0 0 0 0 2 0 0 0 3 0 0 0 0 0 0 0 1 0 5 0.07846738313099999
0 0 8 0 0 1 0 0 0 0 0 0 0 6 0 0 0 1 0 0 0 0 0 0 0 0 0 0 0 0 0 0 0 1 0 0 1 0.9954883764952678
0 0 0 12 0 0 0 0 1 0 0 4 1 2 0 0 0 2 0 0 0 0 0 0 1 0 0 0 0 2 0 4 1 0 0 0 0 0.8273879658761014
2 0 0 0 2 0 0 7 0 2 0 0 0 0 4 12 0 0 8 0 2 0 0 1 0 0 2 0 2 0 0 0 2 0 0 0 2 0.7084770824627338
