---
0 11.68853591160221 17.0 36 
2 0 4 1 0 0 0 0 0 0 0 0 0 2 4 2 8 13 8 7 0 8 0 0 9 2 0 2 0 2 4 2 2 8 0 0 2 0.760620963515289
1 2 0 2 0 0 2 0 0 0 0 0 1 2 0 4 0 4 0 12 7 0 4 12 1 0 0 0 0 2 0 0 1 0 0 2 0 0.9715996606859643
3 0 0 7 0 0 0 0 0 0 0 0 6 0 0 0 0 4 0 0 3 0 0 0 0 0 0 0 0 0 0 0 0 0 0 7 0 0.6855132028628819
1 0 0 0 0 0 0 0 0 0 0 11 0 0 0 0 0 0 3 11 0 12 0 0 0 0 0 0 4 0 11 0 0 1 0 0 5 0.7560239488956724
0 0 0 0 0 0 0 0 0 0 0 0 0 0 0 1 0 0 0 0 11 0 0 0 0 0 0 0 0 0 0 0 0 6 7 0 4 0.9032978216852786
2 0 4 0 2 0 0 7 0 0 0 0 0 2 4 2 0 13 8 7 0 8 0 0 2 2 0 2 0 2 4 2 2 2 0 0 2 0.711109483740174
0 11 0 0 0 0 0 0 0 0 0 0 0 0 0 4 0 11 0 0 0 0 0 0 7 0 0 0 0 0 0 0 0 0 0 0 4 0.29011909349547393
2 0 4 1 4 0 0 0 4 4 0 0 0 0 4 11 4 4 0 0 4 4 0 1 2 4 1 0 0 0 0 4 2 4 0 7 5 0.5006049050755328
2 0 4 1 0 0 0 0 0 0 4 0 0 2 4 2 8 13 8 7 0 8 0 0 8 2 4 1 0 0 4 2 2 8 0 0 2 0.4295376193237399
0 1 0 0 0 1 0 0 0 10 0 0 0 0 0 0 0 0 0 0 7 0 0 0 0 0 0 0 0 12 0 0 0 0 0 0 1 0.7853988804640795
0 0 0 0 0 1 0 0 0 0 0 0 0 0 0 0 0 6 0 0 0 0 0 0 0 0 0 0 0 0 8 0 0 0 0 0 1 0.9886661378309086
1 0 1 0 4 12 0 0 0 4 0 0 0 0 0 0 1 4 3 0 4 12 0 0 2 0 0 1 0 0 0 4 0 4 0 7 5 0.6593949401756802
0 0 12 0 0 4 7 0 0 0 0 0 0 8 7 0 0 0 0 11 0 0 12 1 0 0 7 7 8 0 0 0 0 4 0 0 3 0.16934155560039776
1 2 0 2 0 0 2 0 0 0 0 0 1 4 0 4 0 4 0 0 3 0 4 12 0 0 0 0 0 0 0 0 0 0 0 7 0 0.7862554482269628
2 0 4 0 0 0 4 0 0 0 0 0 8 2 4 1 0 13 8 7 0 2 0 7 2 2 0 2 0 2 4 2 2 2 0 0 2 0.5412048590681419
0 0 0 0 0 0 0 0 13 0 4 0 0 7 0 0 0 0 0 4 4 0 12 0 4 0 3 0 4 0 0 0 0 0 0 0 5 0.5272889858892011
1 0 0 2 1 0 2 4 1 4 4 0 1 2 0 4 0 1 4 12 1 0 0 12 1 2 0 0 0 4 0 0 1 0 4 0 0 0.6746090082932839
---
1 11.36049723756906 17.0 36 
1 0 0 0 0 0 0 0 0 0 0 11 0 0 0 0 0 0 3 11 0 12 0 0 0 0 0 0 4 0 11 0 0 7 0 0 5 0.7739092282358094
3 0 0 7 0 0 0 0 0 0 0 0 6 0 0 0 0 4 0 0 3 0 0 0 0 0 0 0 0 0 0 0 0 0 0 7 0 0.6855132028628819
0 0 12 0 0 4 7 0 0 0 0 0 0 8 7 0 0 0 0 11 0 0 12 1 0 0 7 7 8 0 0 0 0 4 0 0 3 0.16934155560039776
1 0 3 0 4 12 0 0 0 0 0 0 0 0 0 0 1 4 3 11 0 12 0 7 0 0 0 0 4 0 0 0 0 0 0 0 5 0.8430136457933681
1 2 0 2 0 0 2 0 0 0 0 0 1 2 0 4 0 4 0 12 7 0 4 12 1 0 0 0 0 2 0 0 1 0 0 2 0 0.9715996606859643
0 0 0 0 0 1 0 0 0 0 0 0 0 0 0 0 0 6 0 0 0 0 0 0 0 0 0 0 0 0 8 0 0 0 0 0 1 0.9886661378309086
1 2 0 2 0 0 2 0 0 0 0 0 1 4 0 4 0 4 0 0 3 0 4 12 0 0 0 0 0 0 0 0 0 0 0 7 0 0.7862554482269628
1 0 1 0 4 12 0 0 0 4 0 0 0 0 0 0 1 4 3 0 4 12 0 0 2 0 0 1 0 0 0 4 0 4 0 7 5 0.6593949401756802
3 0 0 7 0 0 0 0 0 0 0 0 6 0 0 0 0 4 0 0 3 0 0 0 0 0 0 0 0 0 0 0 0 0 0 7 0 0.5188442555126582
0 0 0 0 0 0 0 0 0 0 0 0 0 0 0 1 0 0 0 0 11 0 0 0 0 0 0 0 0 0 0 0 0 6 7 0 4 0.9032978216852786
2 0 4 1 0 0 0 0 0 0 4 0 0 2 4 2 8 13 8 7 0 8 0 0 8 2 4 1 0 0 4 2 2 8 0 0 2 0.4295376193237399
0 1 0 0 0 1 0 0 0 10 0 0 0 0 0 0 0 0 0 0 7 0 0 0 0 0 0 0 0 12 0 0 0 0 0 0 1 0.7853988804640795
2 0 4 0 0 0 4 0 0 0 0 0 8 2 4 1 0 13 8 7 0 2 0 7 2 2 0 2 0 2 4 2 0 2 0 0 2 0.5036477768920611
0 0 0 0 0 0 0 0 13 0 4 0 0 7 0 0 0 0 0 4 4 0 12 0 4 0 3 0 4 0 0 0 0 0 0 0 5 0.5272889858892011
2 0 4 1 4 0 0 0 4 4 0 0 0 0 4 11 4 4 0 0 4 4 0 1 2 4 1 0 0 0 0 4 2 4 0 7 5 0.5006049050755328
0 11 0 0 0 0 0 0 0 0 0 0 0 0 0 4 0 11 0 0 0 0 0 0 7 0 0 0 0 0 0 0 0 0 0 0 4 0.29011909349547393
1 2 0 2 0 0 2 0 0 0 0 0 1 2 0 4 0 4 0 12 7 0 4 12 1 0 0 0 0 2 0 0 1 0 0 2 0 0.867270446302
---
2 11.533149171270718 22.0 36 
1 0 3 0 0 4 7 0 0 0 0 0 0 0 7 0 1 0 0 11 0 12 0 1 0 0 0 0 8 0 0 0 0 4 0 0 5 0.8345700718000858
0 0 12 0 0 4 7 0 0 0 0 0 0 8 7 0 0 0 0 11 0 0 12 1 0 0 7 7 8 0 0 0 0 4 0 0 3 0.16934155560039776
0 0 0 0 0 0 0 0 0 0 0 0 0 0 0 1 0 0 0 0 11 0 0 0 0 0 0 0 0 0 0 0 0 6 7 0 4 0.9032978216852786
0 0 0 0 12 0 12 0 2 0 0 0 0 0 0 0 4 0 1 0 12 0 8 0 0 0 0 13 0 0 0 0 0 12 0 0 4 0.21378686142224634
0 11 0 0 0 0 0 0 0 0 0 0 0 0 0 4 0 11 0 0 0 0 0 0 7 0 0 0 0 0 0 0 0 0 0 0 4 0.29011909349547393
3 0 0 12 0 0 0 0 0 0 0 0 4 0 4 7 0 4 0 0 3 0 0 0 0 0 0 0 0 8 0 0 0 0 8 7 0 0.8286201981659468
3 0 0 7 0 0 0 0 0 0 0 0 6 0 0 0 0 4 0 0 3 0 0 0 0 0 0 0 0 0 0 0 0 0 0 7 0 0.6855132028628819
4 2 0 2 0 0 2 0 0 0 0 0 1 2 0 4 0 4 0 12 7 0 4 12 1 0 0 0 0 2 0 0 1 0 0 2 0 0.9654791231494897
2 0 4 1 0 0 0 0 0 0 4 0 0 2 4 2 8 13 4 12 0 8 0 4 8 2 4 1 0 0 4 2 2 8 0 0 2 0.4741057671834956
1 0 0 0 0 0 0 0 0 0 0 11 0 0 0 0 0 0 3 11 0 12 0 0 7 0 0 0 4 0 11 0 0 7 0 0 5 0.7801825718199242
0 0 0 0 0 0 0 0 13 0 4 0 0 7 0 0 0 0 0 4 4 0 12 0 4 0 3 0 4 0 0 0 0 0 0 0 5 0.5272889858892011
0 0 0 0 0 1 0 0 0 0 0 0 0 0 0 0 0 6 0 0 0 0 0 0 0 0 0 0 0 0 8 0 0 0 0 0 1 0.9886661378309086
0 0 0 0 0 1 0 0 0 10 0 0 0 0 0 0 0 0 0 0 0 0 0 0 0 0 0 0 0 12 0 0 0 0 0 0 1 0.7076385708314756
0 0 0 0 0 0 0 0 13 0 4 0 0 7 0 0 0 0 0 4 4 0 12 0 4 0 3 0 4 0 0 0 0 0 0 0 5 0.5272889858892011
0 0 0 0 0 0 0 0 0 0 0 0 0 0 0 1 0 0 0 0 11 0 0 0 0 0 0 0 0 0 0 0 0 6 7 0 4 0.9032978216852786
0 0 0 0 0 1 0 0 0 0 0 0 0 0 0 0 0 6 0 0 0 0 0 0 0 0 0 0 0 0 8 0 0 0 0 0 1 0.9886661378309086
1 2 0 2 0 0 2 0 0 0 0 4 1 2 0 4 0 4 0 12 7 0 4 12 1 0 0 0 0 2 0 0 1 0 0 4 0 0.9778794284423783
0 0 12 0 0 4 7 0 0 0 0 0 0 8 7 0 0 0 0 11 0 0 12 1 0 0 7 7 8 0 0 0 0 4 0 0 3 0.16934155560039776
0 11 0 0 0 0 0 0 0 0 0 0 0 0 0 4 0 11 0 0 0 0 0 0 7 0 0 0 0 0 0 0 0 0 0 0 4 0.29011909349547393
2 0 4 0 0 0 0 4 0 0 4 0 8 2 4 1 8 0 8 1 0 13 4 0 2 2 4 2 0 0 4 2 0 2 0 0 2 0.48570771468914453
1 0 0 0 0 0 0 0 0 0 0 11 0 0 0 0 0 0 3 11 0 12 0 0 0 0 0 0 4 0 11 0 0 7 0 0 5 0.7739092282358094
3 0 0 7 0 0 0 0 0 0 0 0 6 0 0 0 0 4 0 0 3 0 0 0 0 0 0 0 0 0 0 0 0 0 0 7 0 0.6855132028628819
