---
0 13.507401315789474 53.0 5 
7 1 12 8 1 1 0.15914547529046752
4 11 7 2 1 0 0.27051297903045723
3 4 4 7 2 0 0.43773030235899046
2 11 12 2 1 0 0.261820431244415
2 11 10 12 1 1 0.7524799496857923
2 11 1 2 11 0 0.5377177257921248
4 12 9 2 4 0 0.2751158897925138
7 4 7 8 10 1 0.3713863464140219
12 11 13 2 1 1 0.2889752491945009
5 1 2 0 2 0 0.971721572122525
1 7 7 4 2 0 0.3064375173548295
11 1 13 4 4 0 0.14760353419300754
11 11 5 2 11 0 0.3051036456044468
7 1 4 11 13 0 0.2562033237765189
11 3 1 8 13 1 0.3167871985687374
7 11 1 12 6 1 0.30729908907857073
7 11 1 12 6 1 0.30729908907857073
7 7 2 1 8 1 0.3073966747090806
3 12 1 12 1 0 0.41285803524309417
3 12 1 12 1 0 0.41285803524309417
12 12 8 13 10 1 0.5146810163426141
6 4 0 7 2 0 0.46293752806808297
11 11 13 2 11 0 0.20161917111515293
12 7 4 8 2 1 0.25193690799902546
1 7 7 4 2 0 0.3064375173548295
5 11 5 7 4 0 0.9518713640147518
3 8 4 1 6 0 0.5596409647384386
11 7 7 8 7 1 0.1514083558955699
12 1 12 2 1 0 0.148760154598911
2 8 7 8 2 0 0.6909312635524607
11 12 5 7 4 0 0.5822878067712289
11 12 5 6 4 0 0.6853693101297003
12 11 13 1 1 1 0.12451779216118097
12 7 13 1 8 1 0.5623363945294413
1 7 3 10 1 1 0.3372395848643257
7 7 8 1 8 1 0.3920817807519603
2 11 10 12 1 1 0.7524799496857923
12 7 4 5 7 1 0.1514171483988659
5 1 12 11 7 0 0.995561345549167
11 7 7 12 7 0 0.10926888877919971
7 11 1 12 6 1 0.30729908907857073
11 14 5 7 4 1 0.7220348352311909
12 1 13 2 1 1 0.16190940618286787
7 1 12 8 1 1 0.15914547529046752
11 11 14 4 7 0 0.643597450886159
7 12 13 4 2 0 0.11386836495264341
4 2 2 8 8 1 0.2844639481958251
7 1 4 11 13 0 0.2562033237765189
7 1 4 2 6 1 0.06139889270879273
11 4 4 1 2 0 0.2697658448932685
4 11 8 4 6 1 0.17515418788774972
12 1 12 2 1 0 0.148760154598911
11 11 5 2 11 0 0.3051036456044468
---
1 14.638157894736842 37.0 5 
7 11 12 1 4 1 0.1070864287072586
11 11 7 13 3 1 0.2538322914555746
12 4 13 13 4 1 0.4665396523296712
11 4 13 2 7 0 0.26774619102648756
0 11 1 2 1 0 0.23639672245414933
7 7 4 8 10 1 0.3211086536222091
11 4 2 2 11 0 0.26925872348697655
11 4 12 2 11 0 0.15713621753351137
12 4 13 4 6 1 0.13928208602038405
1 11 2 4 2 1 0.09846585687820575
1 1 2 2 4 0 0.08537088157334594
11 4 9 2 11 0 0.4402419843676768
7 7 4 8 1 1 0.18370049095238894
11 3 11 6 2 1 0.2707228874852159
7 4 2 5 1 1 0.1801092244117115
12 4 5 8 1 1 0.30819897126915663
1 12 7 12 6 0 0.6394132893663205
4 7 4 3 8 1 0.15505544932372595
11 4 8 2 7 0 0.19376744670707735
7 4 8 8 1 1 0.12053091234471225
7 12 11 8 12 0 0.5260785396363987
11 11 12 2 0 1 0.14004982753534923
8 7 14 3 1 0 0.3014421100091058
4 4 12 13 12 1 0.42885868839353036
12 11 8 2 8 1 0.5759382956371631
11 5 8 2 1 0 0.5196673374509053
12 3 6 6 1 0 0.7615877612162336
8 1 7 13 3 0 0.649546850426097
2 4 7 11 13 0 0.6094531803312498
7 7 12 4 6 1 0.12699484590048615
11 4 11 5 1 1 0.267066764373167
13 2 12 12 1 0 0.9843547492797746
1 11 8 4 8 1 0.45364530268051406
7 7 4 5 2 1 0.27894638059310317
1 1 7 12 6 0 0.5523044658978489
12 12 12 8 4 0 0.10757620816093749
4 11 7 2 0 0 0.3280780488248327
---
2 14.124177631578947 51.0 5 
2 8 9 8 11 0 0.26825802325881964
3 4 2 2 11 0 0.3268669190964668
7 1 4 8 8 1 0.34786874046292304
12 0 11 3 6 0 0.9367297341259768
2 1 7 2 12 0 0.613732282301299
3 4 2 2 7 0 0.28167158065733
7 12 4 13 1 1 0.24494886663093918
7 0 11 7 8 0 0.8179088605523783
0 3 1 12 1 0 0.4151924644238403
5 1 8 4 1 0 0.9551808402088268
1 11 7 2 11 0 0.3279755911541251
7 12 2 2 4 0 0.1311186096173409
8 7 13 4 0 1 0.2109124248192984
2 11 7 2 3 0 0.5435561079960246
7 11 4 12 1 1 0.12444168883375606
7 7 1 8 1 1 0.14727367865692953
0 0 11 0 13 0 0.6060507117442051
13 7 13 4 0 0 0.8073396331282328
8 7 13 4 8 1 0.6608550228367712
1 7 4 8 1 1 0.10712331556861332
1 11 9 12 0 1 0.28825942412016037
1 11 8 1 12 1 0.15169667869344328
7 7 2 2 0 1 0.062132302739798195
11 1 2 4 4 0 0.11308897814964447
8 12 13 4 4 1 0.18157852937853014
8 2 13 4 4 1 0.14915108356869888
11 11 4 13 1 1 0.11797871529460124
7 5 7 7 8 0 0.8782364840105709
1 11 11 6 1 1 0.1438284035531654
7 11 4 4 1 1 0.06045878691758966
1 1 9 12 12 1 0.32955341974069086
2 2 13 8 8 1 0.6395082444812827
8 12 7 13 1 0 0.597377753322792
1 12 4 1 5 1 0.13848488019211813
1 1 12 4 9 0 0.2057293277487764
8 7 13 11 8 1 0.3969912532039035
11 7 9 2 12 1 0.2072944928894278
4 0 13 7 12 0 0.042130825098536606
7 1 1 13 1 1 0.17419777182702267
6 10 12 11 4 1 0.36272254435876605
12 8 13 13 3 1 0.38541197124606286
4 3 10 1 3 0 0.1930798311445563
4 11 2 6 12 0 0.09839578826565853
7 4 11 14 1 1 0.18224000517895256
7 7 1 8 1 1 0.14727367865692953
2 8 7 8 11 0 0.7379781530136653
3 6 2 2 11 0 0.11664081902613765
3 4 2 2 4 0 0.102309570707105
13 7 13 4 0 0 0.8073396331282328
2 2 13 8 8 1 0.6395082444812827
6 10 12 11 4 1 0.36272254435876605
