0 0 15.217391304347828
0 1 13.043478260869565
0 2 17.857142857142858
0 3 15.372670807453417
0 4 14.596273291925465
0 5 14.463452566096425
0 6 17.107309486780714
0 7 13.530326594090203
0 8 13.996889580093313
0 9 13.530326594090203
1 0 12.267080745341614
1 1 15.527950310559005
1 2 12.577639751552795
1 3 13.509316770186336
1 4 12.267080745341614
1 5 13.996889580093313
1 6 14.463452566096425
1 7 14.463452566096425
1 8 13.685847589424572
1 9 14.618973561430792
2 0 13.819875776397517
2 1 14.285714285714285
2 2 13.975155279503104
2 3 13.043478260869565
2 4 13.354037267080745
2 5 14.152410575427682
2 6 16.640746500777606
2 7 11.66407465007776
2 8 16.174183514774494
2 9 16.174183514774494
