0 0 14.130434782608695 13.975155279503104 13.975155279503104 23.75776397515528 17.546583850931675 18.012422360248447 74.22360248447205 74.68944099378882 74.68944099378882
0 1 16.149068322981368 16.149068322981368 16.149068322981368 25.931677018633543 22.67080745341615 22.67080745341615 71.58385093167702 72.98136645962732 73.13664596273291
0 2 14.751552795031056 14.751552795031056 14.751552795031056 22.82608695652174 17.70186335403727 17.70186335403727 72.51552795031056 73.4472049689441 73.29192546583852
0 3 15.683229813664596 15.683229813664596 15.683229813664596 24.53416149068323 20.18633540372671 20.18633540372671 74.22360248447205 74.68944099378882 74.68944099378882
0 4 18.16770186335404 18.32298136645963 18.16770186335404 22.204968944099377 19.40993788819876 19.40993788819876 74.37888198757764 75.31055900621118 75.0
0 5 13.530326594090203 13.530326594090203 13.530326594090203 20.21772939346812 16.018662519440124 16.174183514774494 75.42768273716952 75.89424572317263 75.89424572317263
0 6 16.640746500777606 16.640746500777606 16.640746500777606 21.15085536547434 18.662519440124417 18.662519440124417 74.33903576982893 75.11664074650078 75.11664074650078
0 7 14.930015552099535 15.241057542768274 15.241057542768274 23.48367029548989 18.35147744945568 18.35147744945568 73.56143079315707 74.33903576982893 74.33903576982893
0 8 13.996889580093313 13.996889580093313 13.996889580093313 22.86158631415241 19.751166407465007 19.751166407465007 74.02799377916018 74.4945567651633 74.33903576982893
0 9 14.307931570762053 14.307931570762053 14.307931570762053 24.10575427682737 22.08398133748056 22.08398133748056 70.45101088646967 75.27216174183515 74.96111975116641
1 0 12.422360248447205 12.422360248447205 12.267080745341614 23.4472049689441 20.496894409937887 20.652173913043477 72.67080745341616 70.96273291925466 70.96273291925466
1 1 14.906832298136646 15.062111801242237 14.906832298136646 16.61490683229814 15.838509316770185 15.838509316770185 74.68944099378882 73.6024844720497 73.4472049689441
1 2 13.198757763975156 13.198757763975156 13.198757763975156 22.82608695652174 17.546583850931675 17.546583850931675 73.4472049689441 71.58385093167702 71.58385093167702
1 3 13.664596273291925 13.664596273291925 13.664596273291925 22.67080745341615 17.236024844720497 17.236024844720497 71.8944099378882 69.09937888198758 69.09937888198758
1 4 13.354037267080745 13.509316770186336 13.354037267080745 23.136645962732917 18.944099378881987 19.099378881987576 76.24223602484473 72.82608695652173 72.67080745341616
1 5 13.21928460342146 13.21928460342146 13.21928460342146 15.863141524105753 14.618973561430792 14.618973561430792 74.02799377916018 76.20528771384136 76.20528771384136
1 6 16.329704510108865 16.329704510108865 16.329704510108865 26.43856920684292 20.21772939346812 20.52877138413686 73.25038880248833 69.82892690513219 69.67340590979782
1 7 15.707620528771384 15.552099533437014 15.707620528771384 22.70606531881804 17.418351477449455 17.418351477449455 75.27216174183515 73.40590979782272 73.25038880248833
1 8 14.307931570762053 14.307931570762053 14.307931570762053 18.35147744945568 14.930015552099535 14.930015552099535 71.69517884914464 71.53965785381027 71.53965785381027
1 9 14.930015552099535 14.930015552099535 14.930015552099535 23.017107309486782 17.262830482115085 17.262830482115085 73.40590979782272 70.60653188180405 70.60653188180405
2 0 12.267080745341614 12.267080745341614 12.267080745341614 16.149068322981368 13.819875776397517 13.819875776397517 71.73913043478261 70.34161490683229 70.4968944099379
2 1 15.683229813664596 15.683229813664596 15.683229813664596 21.8944099378882 17.857142857142858 17.857142857142858 70.96273291925466 70.96273291925466 70.96273291925466
2 2 12.577639751552795 12.577639751552795 12.577639751552795 17.080745341614907 14.751552795031056 14.751552795031056 68.16770186335404 67.70186335403726 67.70186335403726
2 3 15.683229813664596 15.683229813664596 15.838509316770185 17.70186335403727 16.459627329192546 16.459627329192546 73.91304347826086 74.53416149068323 74.53416149068323
2 4 15.527950310559005 15.527950310559005 15.527950310559005 21.27329192546584 16.925465838509314 16.925465838509314 68.32298136645963 65.99378881987577 66.14906832298136
2 5 14.463452566096425 14.463452566096425 14.463452566096425 23.17262830482115 21.461897356143076 21.461897356143076 73.09486780715396 71.3841368584759 71.3841368584759
2 6 13.996889580093313 13.996889580093313 13.996889580093313 21.461897356143076 17.573872472783826 17.573872472783826 74.65007776049767 72.93934681181959 72.93934681181959
2 7 10.419906687402799 10.419906687402799 10.419906687402799 16.174183514774494 13.685847589424572 13.685847589424572 72.78382581648522 72.00622083981337 72.00622083981337
2 8 14.618973561430792 14.618973561430792 14.774494556765164 17.729393468118197 16.640746500777606 16.640746500777606 69.20684292379471 70.91757387247279 70.76205287713842
2 9 16.018662519440124 16.174183514774494 16.018662519440124 21.30637636080871 18.662519440124417 18.662519440124417 76.20528771384136 74.4945567651633 74.65007776049767
