0 0 17.744916820702404 17.744916820702404 17.744916820702404 19.223659889094268 19.223659889094268 19.223659889094268 29.390018484288355 29.390018484288355 29.390018484288355
0 1 18.484288354898336 18.66913123844732 18.484288354898336 19.593345656192238 19.593345656192238 19.593345656192238 29.390018484288355 29.390018484288355 29.390018484288355
0 2 13.123844731977819 13.123844731977819 13.123844731977819 13.123844731977819 13.123844731977819 13.123844731977819 29.390018484288355 29.390018484288355 29.390018484288355
0 3 16.820702402957487 16.820702402957487 16.820702402957487 16.081330868761555 16.45101663585952 16.45101663585952 29.390018484288355 29.390018484288355 29.390018484288355
0 4 16.11111111111111 16.296296296296298 16.296296296296298 17.037037037037038 17.037037037037038 17.037037037037038 29.259259259259256 29.074074074074076 29.259259259259256
0 5 20.185185185185187 20.185185185185187 20.185185185185187 20.925925925925924 20.925925925925924 20.925925925925924 29.074074074074076 29.074074074074076 29.074074074074076
0 6 16.296296296296298 16.296296296296298 16.296296296296298 17.77777777777778 17.40740740740741 17.40740740740741 29.074074074074076 29.259259259259256 29.259259259259256
0 7 18.333333333333332 18.333333333333332 18.333333333333332 18.51851851851852 18.51851851851852 18.51851851851852 29.259259259259256 29.259259259259256 29.259259259259256
0 8 16.85185185185185 16.85185185185185 16.85185185185185 16.85185185185185 16.85185185185185 16.85185185185185 29.814814814814817 29.814814814814817 29.629629629629626
0 9 16.666666666666664 16.666666666666664 16.666666666666664 16.85185185185185 16.85185185185185 16.85185185185185 29.444444444444446 29.444444444444446 29.444444444444446
1 0 18.484288354898336 18.484288354898336 18.484288354898336 19.408502772643253 19.408502772643253 19.408502772643253 29.390018484288355 29.390018484288355 29.390018484288355
1 1 15.711645101663585 15.89648798521257 15.89648798521257 16.45101663585952 16.635859519408502 16.635859519408502 29.390018484288355 29.390018484288355 29.390018484288355
1 2 17.190388170055453 17.005545286506468 17.005545286506468 18.11460258780037 17.929759704251385 17.929759704251385 29.390018484288355 29.390018484288355 29.390018484288355
1 3 19.963031423290204 19.963031423290204 19.963031423290204 22.181146025878004 22.181146025878004 22.181146025878004 29.390018484288355 29.390018484288355 29.390018484288355
1 4 16.48148148148148 16.48148148148148 16.48148148148148 17.59259259259259 17.59259259259259 17.59259259259259 29.259259259259256 29.259259259259256 29.259259259259256
1 5 18.88888888888889 18.703703703703702 18.88888888888889 22.59259259259259 22.407407407407405 22.407407407407405 29.629629629629626 29.444444444444446 29.629629629629626
1 6 15.0 15.0 15.0 17.77777777777778 17.77777777777778 17.77777777777778 29.259259259259256 29.259259259259256 29.259259259259256
1 7 17.962962962962965 17.962962962962965 17.962962962962965 18.333333333333332 18.14814814814815 18.14814814814815 29.259259259259256 29.259259259259256 29.259259259259256
1 8 15.74074074074074 15.74074074074074 15.74074074074074 17.77777777777778 17.77777777777778 17.77777777777778 29.444444444444446 29.444444444444446 29.444444444444446
1 9 18.703703703703702 18.703703703703702 18.703703703703702 18.88888888888889 18.88888888888889 18.88888888888889 29.629629629629626 29.444444444444446 29.629629629629626
2 0 16.45101663585952 16.45101663585952 16.635859519408502 17.005545286506468 17.005545286506468 17.190388170055453 29.75970425138632 29.75970425138632 29.75970425138632
2 1 16.635859519408502 16.635859519408502 16.635859519408502 18.66913123844732 18.66913123844732 18.66913123844732 29.390018484288355 29.390018484288355 29.390018484288355
2 2 15.711645101663585 15.711645101663585 15.711645101663585 15.89648798521257 15.89648798521257 15.89648798521257 29.390018484288355 29.390018484288355 29.390018484288355
2 3 21.626617375231053 21.626617375231053 21.626617375231053 22.181146025878004 22.181146025878004 22.181146025878004 29.57486136783734 29.57486136783734 29.390018484288355
2 4 15.185185185185185 15.185185185185185 15.185185185185185 15.74074074074074 15.74074074074074 15.74074074074074 29.259259259259256 29.259259259259256 29.259259259259256
2 5 17.037037037037038 16.85185185185185 16.85185185185185 17.22222222222222 17.037037037037038 17.037037037037038 29.259259259259256 29.259259259259256 29.259259259259256
2 6 17.037037037037038 17.037037037037038 17.037037037037038 17.40740740740741 17.40740740740741 17.40740740740741 29.259259259259256 29.259259259259256 29.259259259259256
2 7 18.51851851851852 18.51851851851852 18.51851851851852 19.25925925925926 19.25925925925926 19.25925925925926 29.259259259259256 29.444444444444446 29.444444444444446
2 8 15.74074074074074 15.74074074074074 15.74074074074074 18.88888888888889 18.703703703703702 18.703703703703702 29.444444444444446 29.444444444444446 29.444444444444446
2 9 17.22222222222222 17.22222222222222 17.22222222222222 17.77777777777778 17.962962962962965 17.962962962962965 29.444444444444446 29.444444444444446 29.444444444444446
