---
0 0 29.35855263157895 1.0 5
0 4 0 1 1 0 0.57688000665321 
---
0 1 22.16282894736842 2.0 5
7 7 8 8 2 1 0.28322521541427514 
1 1 2 0 4 0 0.1836866634062886 
---
0 2 19.880756578947366 3.0 5
1 1 1 0 2 0 0.2481713633610838 
3 4 13 0 7 0 0.4526329428619278 
7 7 8 8 2 1 0.28322521541427514 
---
0 3 22.16282894736842 2.0 5
1 1 2 0 4 0 0.1836866634062886 
7 7 8 8 2 1 0.28322521541427514 
---
0 4 18.215460526315788 4.0 5
1 1 1 0 2 0 0.2481713633610838 
3 4 13 0 7 0 0.4526329428619278 
7 7 8 8 2 1 0.28322521541427514 
12 0 13 0 0 1 0.13880654033077833 
---
0 5 15.357730263157896 6.0 5
12 0 13 0 0 1 0.13880654033077833 
1 1 1 0 2 0 0.2481713633610838 
11 8 2 7 1 0 0.732956580790991 
13 1 0 0 7 0 0.9901241204366149 
3 4 13 0 7 0 0.4526329428619278 
7 7 8 8 2 1 0.28322521541427514 
---
0 6 18.215460526315788 4.0 5
1 1 1 0 2 0 0.2481713633610838 
7 7 8 8 2 1 0.28322521541427514 
3 4 13 0 7 0 0.4526329428619278 
12 0 13 0 0 1 0.13880654033077833 
---
0 7 17.47532894736842 5.0 5
13 1 0 0 7 0 0.9901241204366149 
1 1 1 0 2 0 0.2481713633610838 
7 7 8 8 2 1 0.28322521541427514 
3 4 13 0 7 0 0.4526329428619278 
12 0 13 0 0 1 0.13880654033077833 
---
0 8 15.357730263157896 6.0 5
7 7 8 8 2 1 0.28322521541427514 
3 4 13 0 7 0 0.4526329428619278 
11 8 2 7 1 0 0.732956580790991 
12 0 13 0 0 1 0.13880654033077833 
13 1 0 0 7 0 0.9901241204366149 
1 1 1 0 2 0 0.2481713633610838 
---
0 9 29.35855263157895 1.0 5
0 4 0 1 1 0 0.57688000665321 
---
0 10 22.16282894736842 2.0 5
7 7 8 8 2 1 0.28322521541427514 
1 1 2 0 4 0 0.1836866634062886 
---
0 11 18.215460526315788 4.0 5
1 1 1 0 2 0 0.2481713633610838 
3 4 13 0 7 0 0.4526329428619278 
7 7 8 8 2 1 0.28322521541427514 
12 0 13 0 0 1 0.13880654033077833 
---
0 12 17.47532894736842 5.0 5
7 7 8 8 2 1 0.28322521541427514 
1 1 1 0 2 0 0.2481713633610838 
3 4 13 0 7 0 0.4526329428619278 
12 0 13 0 0 1 0.13880654033077833 
13 1 0 0 7 0 0.9901241204366149 
---
0 13 15.357730263157896 6.0 5
7 7 8 8 2 1 0.28322521541427514 
3 4 13 0 7 0 0.4526329428619278 
11 8 2 7 1 0 0.732956580790991 
12 0 13 0 0 1 0.13880654033077833 
13 1 0 0 7 0 0.9901241204366149 
1 1 1 0 2 0 0.2481713633610838 
---
0 14 29.35855263157895 1.0 5
0 4 0 1 1 0 0.57688000665321 
---
0 15 22.16282894736842 2.0 5
7 7 8 8 2 1 0.28322521541427514 
1 1 2 0 4 0 0.1836866634062886 
---
0 16 18.215460526315788 4.0 5
1 1 1 0 2 0 0.2481713633610838 
3 4 13 0 7 0 0.4526329428619278 
7 7 8 8 2 1 0.28322521541427514 
12 0 13 0 0 1 0.13880654033077833 
---
0 17 15.357730263157896 6.0 5
7 7 8 8 2 1 0.28322521541427514 
3 4 13 0 7 0 0.4526329428619278 
11 8 2 7 1 0 0.732956580790991 
12 0 13 0 0 1 0.13880654033077833 
13 1 0 0 7 0 0.9901241204366149 
1 1 1 0 2 0 0.2481713633610838 
---
0 18 22.16282894736842 2.0 5
7 7 8 8 2 1 0.28322521541427514 
1 1 2 0 4 0 0.1836866634062886 
---
0 19 15.357730263157896 6.0 5
7 7 8 8 2 1 0.28322521541427514 
3 4 13 0 7 0 0.4526329428619278 
11 8 2 7 1 0 0.732956580790991 
12 0 13 0 0 1 0.13880654033077833 
13 1 0 0 7 0 0.9901241204366149 
1 1 1 0 2 0 0.2481713633610838 
---
0 20 29.35855263157895 1.0 5
0 4 0 1 1 0 0.57688000665321 
---
0 21 22.16282894736842 2.0 5
1 1 2 0 4 0 0.1836866634062886 
7 7 8 8 2 1 0.28322521541427514 
---
1 0 29.35855263157895 1.0 5
0 4 2 0 2 0 0.2779524749840403 
---
1 1 21.751644736842106 2.0 5
0 1 2 0 2 0 0.19655987427583477 
7 7 8 8 2 1 0.28322521541427514 
---
1 2 21.751644736842106 2.0 5
7 7 8 8 2 1 0.28322521541427514 
0 1 2 0 2 0 0.19655987427583477 
---
1 3 19.675164473684212 3.0 5
1 1 1 0 2 0 0.2481713633610838 
7 7 8 8 2 1 0.28322521541427514 
11 8 2 7 1 0 0.732956580790991 
---
1 4 19.675164473684212 3.0 5
1 1 1 0 2 0 0.2481713633610838 
7 7 8 8 2 1 0.28322521541427514 
11 8 2 7 1 0 0.732956580790991 
---
1 5 18.935032894736842 4.0 5
1 1 1 0 2 0 0.2481713633610838 
11 8 2 7 1 0 0.732956580790991 
12 0 13 0 0 1 0.13880654033077833 
7 7 8 8 2 1 0.28322521541427514 
---
1 6 16.097861842105264 5.0 5
11 8 2 7 1 0 0.732956580790991 
7 7 8 8 2 1 0.28322521541427514 
1 1 1 0 2 0 0.2481713633610838 
3 4 13 0 7 0 0.4526329428619278 
12 0 13 0 0 1 0.13880654033077833 
---
1 7 16.097861842105264 5.0 5
11 8 2 7 1 0 0.732956580790991 
7 7 8 8 2 1 0.28322521541427514 
12 0 13 0 0 1 0.13880654033077833 
3 4 13 0 7 0 0.4526329428619278 
1 1 1 0 2 0 0.2481713633610838 
---
1 8 15.357730263157896 6.0 5
7 7 8 8 2 1 0.28322521541427514 
3 4 13 0 7 0 0.4526329428619278 
11 8 2 7 1 0 0.732956580790991 
12 0 13 0 0 1 0.13880654033077833 
13 1 0 0 7 0 0.9901241204366149 
1 1 1 0 2 0 0.2481713633610838 
---
1 9 15.357730263157896 6.0 5
1 1 1 0 2 0 0.2481713633610838 
7 7 8 8 2 1 0.28322521541427514 
12 0 13 0 0 1 0.13880654033077833 
3 4 13 0 7 0 0.4526329428619278 
13 1 0 0 7 0 0.9901241204366149 
11 8 2 7 1 0 0.732956580790991 
---
1 10 29.35855263157895 1.0 5
0 4 2 0 4 0 0.3139781988081298 
---
1 11 21.751644736842106 2.0 5
7 7 8 8 2 1 0.28322521541427514 
0 1 2 0 2 0 0.19655987427583477 
---
1 12 19.675164473684212 3.0 5
1 1 1 0 2 0 0.2481713633610838 
7 7 8 8 2 1 0.28322521541427514 
11 8 2 7 1 0 0.732956580790991 
---
1 13 16.097861842105264 5.0 5
11 8 2 7 1 0 0.732956580790991 
7 7 8 8 2 1 0.28322521541427514 
1 1 1 0 2 0 0.2481713633610838 
3 4 13 0 7 0 0.4526329428619278 
12 0 13 0 0 1 0.13880654033077833 
---
1 14 15.357730263157896 6.0 5
1 1 1 0 2 0 0.2481713633610838 
7 7 8 8 2 1 0.28322521541427514 
12 0 13 0 0 1 0.13880654033077833 
3 4 13 0 7 0 0.4526329428619278 
13 1 0 0 7 0 0.9901241204366149 
11 8 2 7 1 0 0.732956580790991 
---
1 15 29.35855263157895 1.0 5
0 4 2 0 2 0 0.2779524749840403 
---
1 16 21.751644736842106 2.0 5
7 7 8 8 2 1 0.28322521541427514 
0 1 2 0 2 0 0.19655987427583477 
---
1 17 19.675164473684212 3.0 5
1 1 1 0 2 0 0.2481713633610838 
7 7 8 8 2 1 0.28322521541427514 
11 8 2 7 1 0 0.732956580790991 
---
1 18 18.935032894736842 4.0 5
11 8 2 7 1 0 0.732956580790991 
1 1 1 0 2 0 0.2481713633610838 
7 7 8 8 2 1 0.28322521541427514 
12 0 13 0 0 1 0.13880654033077833 
---
1 19 16.097861842105264 5.0 5
11 8 2 7 1 0 0.732956580790991 
7 7 8 8 2 1 0.28322521541427514 
1 1 1 0 2 0 0.2481713633610838 
3 4 13 0 7 0 0.4526329428619278 
12 0 13 0 0 1 0.13880654033077833 
---
1 20 15.357730263157896 6.0 5
7 7 8 8 2 1 0.28322521541427514 
3 4 13 0 7 0 0.4526329428619278 
11 8 2 7 1 0 0.732956580790991 
12 0 13 0 0 1 0.13880654033077833 
13 1 0 0 7 0 0.9901241204366149 
1 1 1 0 2 0 0.2481713633610838 
---
1 21 21.751644736842106 2.0 5
0 1 2 0 2 0 0.19655987427583477 
7 7 8 8 2 1 0.28322521541427514 
---
1 22 19.675164473684212 3.0 5
1 1 1 0 2 0 0.2481713633610838 
7 7 8 8 2 1 0.28322521541427514 
11 8 2 7 1 0 0.732956580790991 
---
1 23 16.097861842105264 5.0 5
7 7 8 8 2 1 0.28322521541427514 
3 4 13 0 7 0 0.4526329428619278 
11 8 2 7 1 0 0.732956580790991 
12 0 13 0 0 1 0.13880654033077833 
1 1 1 0 2 0 0.2481713633610838 
---
1 24 15.357730263157896 6.0 5
7 7 8 8 2 1 0.28322521541427514 
3 4 13 0 7 0 0.4526329428619278 
11 8 2 7 1 0 0.732956580790991 
12 0 13 0 0 1 0.13880654033077833 
13 1 0 0 7 0 0.9901241204366149 
1 1 1 0 2 0 0.2481713633610838 
---
1 25 21.751644736842106 2.0 5
7 7 8 8 2 1 0.28322521541427514 
0 1 2 0 2 0 0.19655987427583477 
---
1 26 19.675164473684212 3.0 5
1 1 1 0 2 0 0.2481713633610838 
7 7 8 8 2 1 0.28322521541427514 
11 8 2 7 1 0 0.732956580790991 
---
1 27 18.935032894736842 4.0 5
11 8 2 7 1 0 0.732956580790991 
1 1 1 0 2 0 0.2481713633610838 
7 7 8 8 2 1 0.28322521541427514 
12 0 13 0 0 1 0.13880654033077833 
---
2 0 29.35855263157895 1.0 5
0 1 0 1 1 0 0.47937635150972224 
---
2 1 15.357730263157896 6.0 5
11 8 2 7 1 0 0.732956580790991 
13 1 0 0 7 0 0.9901241204366149 
12 0 13 0 0 1 0.13880654033077833 
3 4 13 0 7 0 0.4526329428619278 
7 7 8 8 2 1 0.28322521541427514 
1 1 1 0 2 0 0.2481713633610838 
---
2 2 21.895559210526315 2.0 5
7 7 8 8 2 1 0.28322521541427514 
1 1 1 0 2 0 0.2481713633610838 
---
2 3 19.880756578947366 3.0 5
7 7 8 8 2 1 0.28322521541427514 
3 4 13 0 7 0 0.4526329428619278 
1 1 1 0 2 0 0.2481713633610838 
---
2 4 18.215460526315788 4.0 5
7 7 8 8 2 1 0.28322521541427514 
3 4 13 0 7 0 0.4526329428619278 
1 1 1 0 2 0 0.2481713633610838 
12 0 13 0 0 1 0.13880654033077833 
---
2 5 21.895559210526315 2.0 5
7 7 8 8 2 1 0.28322521541427514 
1 1 1 0 2 0 0.2481713633610838 
---
2 6 19.880756578947366 3.0 5
7 7 8 8 2 1 0.28322521541427514 
3 4 13 0 7 0 0.4526329428619278 
1 1 1 0 2 0 0.2481713633610838 
---
2 7 18.215460526315788 4.0 5
7 7 8 8 2 1 0.28322521541427514 
3 4 13 0 7 0 0.4526329428619278 
1 1 1 0 2 0 0.2481713633610838 
12 0 13 0 0 1 0.13880654033077833 
---
2 8 16.097861842105264 5.0 5
3 4 13 0 7 0 0.4526329428619278 
11 8 2 7 1 0 0.732956580790991 
7 7 8 8 2 1 0.28322521541427514 
1 1 1 0 2 0 0.2481713633610838 
12 0 13 0 0 1 0.13880654033077833 
---
2 9 16.097861842105264 5.0 5
3 4 13 0 7 0 0.4526329428619278 
7 7 8 8 2 1 0.28322521541427514 
1 1 1 0 2 0 0.2481713633610838 
12 0 13 0 0 1 0.13880654033077833 
11 8 2 7 1 0 0.732956580790991 
---
2 10 29.35855263157895 1.0 5
0 1 0 1 4 0 0.4731814173972717 
---
2 11 15.357730263157896 6.0 5
11 8 2 7 1 0 0.732956580790991 
13 1 0 0 7 0 0.9901241204366149 
12 0 13 0 0 1 0.13880654033077833 
3 4 13 0 7 0 0.4526329428619278 
7 7 8 8 2 1 0.28322521541427514 
1 1 1 0 2 0 0.2481713633610838 
---
2 12 21.895559210526315 2.0 5
1 1 1 0 2 0 0.2481713633610838 
7 7 8 8 2 1 0.28322521541427514 
---
2 13 19.880756578947366 3.0 5
7 7 8 8 2 1 0.28322521541427514 
3 4 13 0 7 0 0.4526329428619278 
1 1 1 0 2 0 0.2481713633610838 
---
2 14 18.215460526315788 4.0 5
1 1 1 0 2 0 0.2481713633610838 
7 7 8 8 2 1 0.28322521541427514 
12 0 13 0 0 1 0.13880654033077833 
3 4 13 0 7 0 0.4526329428619278 
---
2 15 29.35855263157895 1.0 5
0 1 0 1 1 0 0.47937635150972224 
---
2 16 15.357730263157896 6.0 5
11 8 2 7 1 0 0.732956580790991 
13 1 0 0 7 0 0.9901241204366149 
12 0 13 0 0 1 0.13880654033077833 
3 4 13 0 7 0 0.4526329428619278 
7 7 8 8 2 1 0.28322521541427514 
1 1 1 0 2 0 0.2481713633610838 
---
2 17 21.895559210526315 2.0 5
7 7 8 8 2 1 0.28322521541427514 
1 1 1 0 2 0 0.2481713633610838 
---
2 18 19.880756578947366 3.0 5
1 1 1 0 2 0 0.2481713633610838 
7 7 8 8 2 1 0.28322521541427514 
3 4 13 0 7 0 0.4526329428619278 
---
2 19 18.215460526315788 4.0 5
12 0 13 0 0 1 0.13880654033077833 
3 4 13 0 7 0 0.4526329428619278 
1 1 1 0 2 0 0.2481713633610838 
7 7 8 8 2 1 0.28322521541427514 
---
2 20 15.357730263157896 6.0 5
11 8 2 7 1 0 0.732956580790991 
13 1 0 0 7 0 0.9901241204366149 
12 0 13 0 0 1 0.13880654033077833 
3 4 13 0 7 0 0.4526329428619278 
7 7 8 8 2 1 0.28322521541427514 
1 1 1 0 2 0 0.2481713633610838 
---
2 21 21.895559210526315 2.0 5
7 7 8 8 2 1 0.28322521541427514 
1 1 1 0 2 0 0.2481713633610838 
---
2 22 19.880756578947366 3.0 5
3 4 13 0 7 0 0.4526329428619278 
7 7 8 8 2 1 0.28322521541427514 
1 1 1 0 2 0 0.2481713633610838 
---
2 23 18.215460526315788 4.0 5
12 0 13 0 0 1 0.13880654033077833 
3 4 13 0 7 0 0.4526329428619278 
1 1 1 0 2 0 0.2481713633610838 
7 7 8 8 2 1 0.28322521541427514 
---
2 24 15.357730263157896 6.0 5
11 8 2 7 1 0 0.732956580790991 
13 1 0 0 7 0 0.9901241204366149 
12 0 13 0 0 1 0.13880654033077833 
3 4 13 0 7 0 0.4526329428619278 
7 7 8 8 2 1 0.28322521541427514 
1 1 1 0 2 0 0.2481713633610838 
---
2 25 21.895559210526315 2.0 5
1 1 1 0 2 0 0.2481713633610838 
7 7 8 8 2 1 0.28322521541427514 
---
2 26 19.880756578947366 3.0 5
7 7 8 8 2 1 0.28322521541427514 
3 4 13 0 7 0 0.4526329428619278 
1 1 1 0 2 0 0.2481713633610838 
---
2 27 18.215460526315788 4.0 5
7 7 8 8 2 1 0.28322521541427514 
3 4 13 0 7 0 0.4526329428619278 
1 1 1 0 2 0 0.2481713633610838 
12 0 13 0 0 1 0.13880654033077833 
---
2 28 29.35855263157895 1.0 5
0 1 0 1 1 0 0.47937635150972224 
---
2 29 15.357730263157896 6.0 5
11 8 2 7 1 0 0.732956580790991 
13 1 0 0 7 0 0.9901241204366149 
12 0 13 0 0 1 0.13880654033077833 
3 4 13 0 7 0 0.4526329428619278 
7 7 8 8 2 1 0.28322521541427514 
1 1 1 0 2 0 0.2481713633610838 
---
2 30 21.895559210526315 2.0 5
1 1 1 0 2 0 0.2481713633610838 
7 7 8 8 2 1 0.28322521541427514 
---
2 31 19.880756578947366 3.0 5
7 7 8 8 2 1 0.28322521541427514 
3 4 13 0 7 0 0.4526329428619278 
1 1 1 0 2 0 0.2481713633610838 
---
3 0 29.35855263157895 1.0 5
0 0 2 1 0 0 0.4170855336744388 
---
3 1 15.357730263157896 6.0 5
7 7 8 8 2 1 0.28322521541427514 
3 4 13 0 7 0 0.4526329428619278 
11 8 2 7 1 0 0.732956580790991 
12 0 13 0 0 1 0.13880654033077833 
13 1 0 0 7 0 0.9901241204366149 
1 1 1 0 2 0 0.2481713633610838 
---
3 2 21.895559210526315 2.0 5
1 1 1 0 2 0 0.2481713633610838 
7 7 8 8 2 1 0.28322521541427514 
---
3 3 21.895559210526315 2.0 5
1 1 1 0 2 0 0.2481713633610838 
7 7 8 8 2 1 0.28322521541427514 
---
3 4 19.675164473684212 3.0 5
7 7 8 8 2 1 0.28322521541427514 
1 1 1 0 2 0 0.2481713633610838 
11 8 2 7 1 0 0.732956580790991 
---
3 5 18.935032894736842 4.0 5
1 1 1 0 2 0 0.2481713633610838 
7 7 8 8 2 1 0.28322521541427514 
12 0 13 0 0 1 0.13880654033077833 
11 8 2 7 1 0 0.732956580790991 
---
3 6 16.097861842105264 5.0 5
3 4 13 0 7 0 0.4526329428619278 
12 0 13 0 0 1 0.13880654033077833 
7 7 8 8 2 1 0.28322521541427514 
11 8 2 7 1 0 0.732956580790991 
1 1 1 0 2 0 0.2481713633610838 
---
3 7 16.097861842105264 5.0 5
11 8 2 7 1 0 0.732956580790991 
7 7 8 8 2 1 0.28322521541427514 
1 1 1 0 2 0 0.2481713633610838 
3 4 13 0 7 0 0.4526329428619278 
12 0 13 0 0 1 0.13880654033077833 
---
3 8 19.675164473684212 3.0 5
7 7 8 8 2 1 0.28322521541427514 
1 1 1 0 2 0 0.2481713633610838 
11 8 2 7 1 0 0.732956580790991 
---
3 9 18.935032894736842 4.0 5
1 1 1 0 2 0 0.2481713633610838 
7 7 8 8 2 1 0.28322521541427514 
12 0 13 0 0 1 0.13880654033077833 
11 8 2 7 1 0 0.732956580790991 
---
3 10 15.357730263157896 6.0 5
7 7 8 8 2 1 0.28322521541427514 
3 4 13 0 7 0 0.4526329428619278 
11 8 2 7 1 0 0.732956580790991 
12 0 13 0 0 1 0.13880654033077833 
13 1 0 0 7 0 0.9901241204366149 
1 1 1 0 2 0 0.2481713633610838 
---
3 11 21.895559210526315 2.0 5
1 1 1 0 2 0 0.2481713633610838 
7 7 8 8 2 1 0.28322521541427514 
---
3 12 16.097861842105264 5.0 5
3 4 13 0 7 0 0.4526329428619278 
12 0 13 0 0 1 0.13880654033077833 
7 7 8 8 2 1 0.28322521541427514 
11 8 2 7 1 0 0.732956580790991 
1 1 1 0 2 0 0.2481713633610838 
---
3 13 19.675164473684212 3.0 5
7 7 8 8 2 1 0.28322521541427514 
1 1 1 0 2 0 0.2481713633610838 
11 8 2 7 1 0 0.732956580790991 
---
3 14 18.935032894736842 4.0 5
1 1 1 0 2 0 0.2481713633610838 
12 0 13 0 0 1 0.13880654033077833 
7 7 8 8 2 1 0.28322521541427514 
11 8 2 7 1 0 0.732956580790991 
---
3 15 29.35855263157895 1.0 5
0 0 2 1 4 0 0.4246884238074278 
---
3 16 15.357730263157896 6.0 5
7 7 8 8 2 1 0.28322521541427514 
3 4 13 0 7 0 0.4526329428619278 
11 8 2 7 1 0 0.732956580790991 
12 0 13 0 0 1 0.13880654033077833 
13 1 0 0 7 0 0.9901241204366149 
1 1 1 0 2 0 0.2481713633610838 
---
3 17 16.097861842105264 5.0 5
3 4 13 0 7 0 0.4526329428619278 
12 0 13 0 0 1 0.13880654033077833 
7 7 8 8 2 1 0.28322521541427514 
11 8 2 7 1 0 0.732956580790991 
1 1 1 0 2 0 0.2481713633610838 
---
3 18 19.675164473684212 3.0 5
7 7 8 8 2 1 0.28322521541427514 
1 1 1 0 2 0 0.2481713633610838 
11 8 2 7 1 0 0.732956580790991 
---
3 19 18.935032894736842 4.0 5
11 8 2 7 1 0 0.732956580790991 
12 0 13 0 0 1 0.13880654033077833 
7 7 8 8 2 1 0.28322521541427514 
1 1 1 0 2 0 0.2481713633610838 
---
3 20 29.35855263157895 1.0 5
0 0 2 1 0 0 0.4170855336744388 
---
3 21 15.357730263157896 6.0 5
7 7 8 8 2 1 0.28322521541427514 
3 4 13 0 7 0 0.4526329428619278 
11 8 2 7 1 0 0.732956580790991 
12 0 13 0 0 1 0.13880654033077833 
13 1 0 0 7 0 0.9901241204366149 
1 1 1 0 2 0 0.2481713633610838 
---
3 22 19.675164473684212 3.0 5
7 7 8 8 2 1 0.28322521541427514 
11 8 2 7 1 0 0.732956580790991 
1 1 1 0 2 0 0.2481713633610838 
---
3 23 18.935032894736842 4.0 5
11 8 2 7 1 0 0.732956580790991 
12 0 13 0 0 1 0.13880654033077833 
7 7 8 8 2 1 0.28322521541427514 
1 1 1 0 2 0 0.2481713633610838 
---
3 24 29.35855263157895 1.0 5
0 0 2 1 1 0 0.5018585551421209 
---
3 25 15.357730263157896 6.0 5
7 7 8 8 2 1 0.28322521541427514 
3 4 13 0 7 0 0.4526329428619278 
11 8 2 7 1 0 0.732956580790991 
12 0 13 0 0 1 0.13880654033077833 
13 1 0 0 7 0 0.9901241204366149 
1 1 1 0 2 0 0.2481713633610838 
---
3 26 21.895559210526315 2.0 5
1 1 1 0 2 0 0.2481713633610838 
7 7 8 8 2 1 0.28322521541427514 
---
3 27 19.675164473684212 3.0 5
7 7 8 8 2 1 0.28322521541427514 
11 8 2 7 1 0 0.732956580790991 
1 1 1 0 2 0 0.2481713633610838 
---
3 28 18.935032894736842 4.0 5
7 7 8 8 2 1 0.28322521541427514 
12 0 13 0 0 1 0.13880654033077833 
11 8 2 7 1 0 0.732956580790991 
1 1 1 0 2 0 0.2481713633610838 
---
4 0 29.35855263157895 1.0 5
0 4 2 0 0 0 0.32606487649180793 
---
4 1 16.714638157894736 6.0 5
1 1 4 0 2 0 0.19719584437083848 
7 7 8 8 2 1 0.28322521541427514 
3 4 13 0 7 0 0.4526329428619278 
12 0 13 0 0 1 0.13880654033077833 
11 8 2 7 1 0 0.732956580790991 
13 1 0 0 7 0 0.9901241204366149 
---
4 2 22.265625 2.0 5
7 7 8 8 2 1 0.28322521541427514 
1 1 4 0 2 0 0.19719584437083848 
---
4 3 19.880756578947366 3.0 5
3 4 13 0 7 0 0.4526329428619278 
7 7 8 8 2 1 0.28322521541427514 
1 1 1 0 2 0 0.2481713633610838 
---
4 4 19.058388157894736 4.0 5
1 1 4 0 2 0 0.19719584437083848 
3 4 13 0 7 0 0.4526329428619278 
7 7 8 8 2 1 0.28322521541427514 
12 0 13 0 0 1 0.13880654033077833 
---
4 5 19.058388157894736 4.0 5
1 1 4 0 2 0 0.19719584437083848 
3 4 13 0 7 0 0.4526329428619278 
12 0 13 0 0 1 0.13880654033077833 
7 7 8 8 2 1 0.28322521541427514 
---
4 6 17.249177631578945 5.0 5
1 1 4 0 2 0 0.19719584437083848 
11 8 2 7 1 0 0.732956580790991 
3 4 13 0 7 0 0.4526329428619278 
7 7 8 8 2 1 0.28322521541427514 
12 0 13 0 0 1 0.13880654033077833 
---
4 7 22.265625 2.0 5
7 7 8 8 2 1 0.28322521541427514 
1 1 4 0 2 0 0.19719584437083848 
---
4 8 19.880756578947366 3.0 5
3 4 13 0 7 0 0.4526329428619278 
7 7 8 8 2 1 0.28322521541427514 
1 1 1 0 2 0 0.2481713633610838 
---
4 9 17.249177631578945 5.0 5
1 1 4 0 2 0 0.19719584437083848 
11 8 2 7 1 0 0.732956580790991 
3 4 13 0 7 0 0.4526329428619278 
7 7 8 8 2 1 0.28322521541427514 
12 0 13 0 0 1 0.13880654033077833 
---
4 10 16.714638157894736 6.0 5
1 1 4 0 2 0 0.19719584437083848 
7 7 8 8 2 1 0.28322521541427514 
3 4 13 0 7 0 0.4526329428619278 
12 0 13 0 0 1 0.13880654033077833 
11 8 2 7 1 0 0.732956580790991 
13 1 0 0 7 0 0.9901241204366149 
---
4 11 19.058388157894736 4.0 5
1 1 4 0 2 0 0.19719584437083848 
3 4 13 0 7 0 0.4526329428619278 
12 0 13 0 0 1 0.13880654033077833 
7 7 8 8 2 1 0.28322521541427514 
---
4 12 17.249177631578945 5.0 5
1 1 4 0 2 0 0.19719584437083848 
11 8 2 7 1 0 0.732956580790991 
3 4 13 0 7 0 0.4526329428619278 
7 7 8 8 2 1 0.28322521541427514 
12 0 13 0 0 1 0.13880654033077833 
---
4 13 16.714638157894736 6.0 5
11 8 2 7 1 0 0.732956580790991 
13 1 0 0 7 0 0.9901241204366149 
3 4 13 0 7 0 0.4526329428619278 
1 1 4 0 2 0 0.19719584437083848 
12 0 13 0 0 1 0.13880654033077833 
7 7 8 8 2 1 0.28322521541427514 
---
4 14 19.058388157894736 4.0 5
1 1 4 0 2 0 0.19719584437083848 
3 4 13 0 7 0 0.4526329428619278 
12 0 13 0 0 1 0.13880654033077833 
7 7 8 8 2 1 0.28322521541427514 
---
4 15 19.880756578947366 3.0 5
3 4 13 0 7 0 0.4526329428619278 
7 7 8 8 2 1 0.28322521541427514 
1 1 1 0 2 0 0.2481713633610838 
---
4 16 17.249177631578945 5.0 5
1 1 4 0 2 0 0.19719584437083848 
11 8 2 7 1 0 0.732956580790991 
3 4 13 0 7 0 0.4526329428619278 
7 7 8 8 2 1 0.28322521541427514 
12 0 13 0 0 1 0.13880654033077833 
---
4 17 19.058388157894736 4.0 5
12 0 13 0 0 1 0.13880654033077833 
1 1 4 0 2 0 0.19719584437083848 
3 4 13 0 7 0 0.4526329428619278 
7 7 8 8 2 1 0.28322521541427514 
---
4 18 19.880756578947366 3.0 5
3 4 13 0 7 0 0.4526329428619278 
7 7 8 8 2 1 0.28322521541427514 
1 1 1 0 2 0 0.2481713633610838 
---
4 19 17.249177631578945 5.0 5
1 1 4 0 2 0 0.19719584437083848 
11 8 2 7 1 0 0.732956580790991 
3 4 13 0 7 0 0.4526329428619278 
7 7 8 8 2 1 0.28322521541427514 
12 0 13 0 0 1 0.13880654033077833 
---
4 20 19.058388157894736 4.0 5
3 4 13 0 7 0 0.4526329428619278 
12 0 13 0 0 1 0.13880654033077833 
7 7 8 8 2 1 0.28322521541427514 
1 1 4 0 2 0 0.19719584437083848 
---
4 21 19.880756578947366 3.0 5
3 4 13 0 7 0 0.4526329428619278 
7 7 8 8 2 1 0.28322521541427514 
1 1 1 0 2 0 0.2481713633610838 
---
4 22 17.249177631578945 5.0 5
1 1 4 0 2 0 0.19719584437083848 
11 8 2 7 1 0 0.732956580790991 
3 4 13 0 7 0 0.4526329428619278 
7 7 8 8 2 1 0.28322521541427514 
12 0 13 0 0 1 0.13880654033077833 
---
4 23 19.058388157894736 4.0 5
12 0 13 0 0 1 0.13880654033077833 
1 1 4 0 2 0 0.19719584437083848 
3 4 13 0 7 0 0.4526329428619278 
7 7 8 8 2 1 0.28322521541427514 
---
4 24 19.880756578947366 3.0 5
1 1 1 0 2 0 0.2481713633610838 
3 4 13 0 7 0 0.4526329428619278 
7 7 8 8 2 1 0.28322521541427514 
---
4 25 19.058388157894736 4.0 5
12 0 13 0 0 1 0.13880654033077833 
1 1 4 0 2 0 0.19719584437083848 
3 4 13 0 7 0 0.4526329428619278 
7 7 8 8 2 1 0.28322521541427514 
---
5 0 29.35855263157895 1.0 5
0 2 2 0 1 0 0.3902416815502243 
---
5 1 15.707236842105262 8.0 5
7 7 8 8 2 1 0.28322521541427514 
4 4 2 4 2 0 0.22576721072136774 
11 8 2 7 1 0 0.732956580790991 
12 0 13 0 0 1 0.13880654033077833 
7 7 8 8 2 1 0.28322521541427514 
13 1 0 0 7 0 0.9901241204366149 
3 4 13 0 7 0 0.4526329428619278 
1 1 1 0 2 0 0.2481713633610838 
---
5 2 21.875 2.0 5
0 4 2 4 2 0 0.21989978969775525 
7 7 8 8 2 1 0.35196640946280455 
---
5 3 21.19654605263158 3.0 5
7 7 8 8 2 1 0.28322521541427514 
12 0 13 0 0 1 0.13880654033077833 
0 2 2 1 1 0 0.4831994097043648 
---
5 4 19.325657894736842 4.0 5
3 4 13 0 7 0 0.4526329428619278 
12 0 13 0 0 1 0.13880654033077833 
0 4 2 4 2 0 0.21989978969775525 
7 7 8 8 2 1 0.35196640946280455 
---
5 5 16.837993421052634 6.0 5
11 8 2 7 1 0 0.732956580790991 
13 1 0 0 7 0 0.9901241204366149 
3 4 13 0 7 0 0.4526329428619278 
12 0 13 0 0 1 0.13880654033077833 
7 7 8 8 2 1 0.28322521541427514 
4 4 2 4 2 0 0.22576721072136774 
---
5 6 19.325657894736842 4.0 5
3 4 13 0 7 0 0.4526329428619278 
12 0 13 0 0 1 0.13880654033077833 
0 4 2 4 2 0 0.21989978969775525 
7 7 8 8 2 1 0.35196640946280455 
---
5 7 17.249177631578945 5.0 5
7 7 8 8 2 1 0.28322521541427514 
4 4 2 4 2 0 0.22576721072136774 
12 0 13 0 0 1 0.13880654033077833 
11 8 2 7 1 0 0.732956580790991 
3 4 13 0 7 0 0.4526329428619278 
---
5 8 21.875 2.0 5
0 4 2 4 2 0 0.21989978969775525 
7 7 8 8 2 1 0.35196640946280455 
---
5 9 17.249177631578945 5.0 5
11 8 2 7 1 0 0.732956580790991 
12 0 13 0 0 1 0.13880654033077833 
3 4 13 0 7 0 0.4526329428619278 
4 4 2 4 2 0 0.22576721072136774 
7 7 8 8 2 1 0.28322521541427514 
---
5 10 16.837993421052634 6.0 5
11 8 2 7 1 0 0.732956580790991 
13 1 0 0 7 0 0.9901241204366149 
3 4 13 0 7 0 0.4526329428619278 
12 0 13 0 0 1 0.13880654033077833 
7 7 8 8 2 1 0.28322521541427514 
4 4 2 4 2 0 0.22576721072136774 
---
5 11 29.35855263157895 1.0 5
0 2 2 0 1 0 0.3902416815502243 
---
5 12 15.707236842105262 8.0 5
7 7 8 8 2 1 0.28322521541427514 
4 4 2 4 2 0 0.22576721072136774 
11 8 2 7 1 0 0.732956580790991 
12 0 13 0 0 1 0.13880654033077833 
7 7 8 8 2 1 0.28322521541427514 
13 1 0 0 7 0 0.9901241204366149 
3 4 13 0 7 0 0.4526329428619278 
1 1 1 0 2 0 0.2481713633610838 
---
5 13 21.875 2.0 5
0 4 2 4 2 0 0.21989978969775525 
7 7 8 8 2 1 0.35196640946280455 
---
5 14 17.249177631578945 5.0 5
12 0 13 0 0 1 0.13880654033077833 
3 4 13 0 7 0 0.4526329428619278 
11 8 2 7 1 0 0.732956580790991 
4 4 2 4 2 0 0.22576721072136774 
7 7 8 8 2 1 0.28322521541427514 
---
5 15 16.837993421052634 6.0 5
11 8 2 7 1 0 0.732956580790991 
13 1 0 0 7 0 0.9901241204366149 
3 4 13 0 7 0 0.4526329428619278 
12 0 13 0 0 1 0.13880654033077833 
7 7 8 8 2 1 0.28322521541427514 
4 4 2 4 2 0 0.22576721072136774 
---
5 16 15.707236842105262 8.0 5
7 7 8 8 2 1 0.28322521541427514 
4 4 2 4 2 0 0.22576721072136774 
13 1 0 0 7 0 0.9901241204366149 
1 1 1 0 2 0 0.2481713633610838 
11 8 2 7 1 0 0.732956580790991 
12 0 13 0 0 1 0.13880654033077833 
11 8 2 7 1 0 0.732956580790991 
3 4 13 0 7 0 0.4526329428619278 
---
5 17 21.875 2.0 5
0 4 2 4 2 0 0.21989978969775525 
7 7 8 8 2 1 0.35196640946280455 
---
5 18 17.249177631578945 5.0 5
12 0 13 0 0 1 0.13880654033077833 
3 4 13 0 7 0 0.4526329428619278 
11 8 2 7 1 0 0.732956580790991 
4 4 2 4 2 0 0.22576721072136774 
7 7 8 8 2 1 0.28322521541427514 
---
5 19 16.837993421052634 6.0 5
11 8 2 7 1 0 0.732956580790991 
13 1 0 0 7 0 0.9901241204366149 
3 4 13 0 7 0 0.4526329428619278 
12 0 13 0 0 1 0.13880654033077833 
7 7 8 8 2 1 0.28322521541427514 
4 4 2 4 2 0 0.22576721072136774 
---
5 20 29.35855263157895 1.0 5
0 2 2 0 1 0 0.3902416815502243 
---
5 21 15.707236842105262 8.0 5
1 1 1 0 2 0 0.2481713633610838 
11 8 2 7 1 0 0.732956580790991 
12 0 13 0 0 1 0.13880654033077833 
13 1 0 0 7 0 0.9901241204366149 
3 4 13 0 7 0 0.4526329428619278 
4 4 2 4 2 0 0.22576721072136774 
7 7 8 8 2 1 0.28322521541427514 
4 4 2 4 2 0 0.22576721072136774 
---
5 22 17.249177631578945 5.0 5
12 0 13 0 0 1 0.13880654033077833 
3 4 13 0 7 0 0.4526329428619278 
11 8 2 7 1 0 0.732956580790991 
4 4 2 4 2 0 0.22576721072136774 
7 7 8 8 2 1 0.28322521541427514 
---
5 23 29.35855263157895 1.0 5
0 2 2 0 1 0 0.3902416815502243 
---
5 24 15.707236842105262 8.0 5
7 7 8 8 2 1 0.28322521541427514 
4 4 2 4 2 0 0.22576721072136774 
11 8 2 7 1 0 0.732956580790991 
12 0 13 0 0 1 0.13880654033077833 
7 7 8 8 2 1 0.28322521541427514 
13 1 0 0 7 0 0.9901241204366149 
3 4 13 0 7 0 0.4526329428619278 
1 1 1 0 2 0 0.2481713633610838 
---
5 25 17.249177631578945 5.0 5
12 0 13 0 0 1 0.13880654033077833 
3 4 13 0 7 0 0.4526329428619278 
11 8 2 7 1 0 0.732956580790991 
4 4 2 4 2 0 0.22576721072136774 
7 7 8 8 2 1 0.28322521541427514 
---
5 26 29.35855263157895 1.0 5
0 0 2 0 1 0 0.36392183773622055 
---
5 27 15.707236842105262 8.0 5
7 7 8 8 2 1 0.28322521541427514 
1 1 1 0 2 0 0.2481713633610838 
11 8 2 7 1 0 0.732956580790991 
12 0 13 0 0 1 0.13880654033077833 
13 1 0 0 7 0 0.9901241204366149 
3 4 13 0 7 0 0.4526329428619278 
4 4 2 4 2 0 0.22576721072136774 
11 8 2 7 1 0 0.732956580790991 
---
5 28 17.249177631578945 5.0 5
12 0 13 0 0 1 0.13880654033077833 
3 4 13 0 7 0 0.4526329428619278 
11 8 2 7 1 0 0.732956580790991 
4 4 2 4 2 0 0.22576721072136774 
7 7 8 8 2 1 0.28322521541427514 
---
5 29 29.35855263157895 1.0 5
0 2 2 1 1 0 0.4831994097043648 
---
5 30 15.707236842105262 8.0 5
7 7 8 8 2 1 0.28322521541427514 
4 4 2 4 2 0 0.22576721072136774 
13 1 0 0 7 0 0.9901241204366149 
1 1 1 0 2 0 0.2481713633610838 
11 8 2 7 1 0 0.732956580790991 
12 0 13 0 0 1 0.13880654033077833 
11 8 2 7 1 0 0.732956580790991 
3 4 13 0 7 0 0.4526329428619278 
---
5 31 17.249177631578945 5.0 5
12 0 13 0 0 1 0.13880654033077833 
3 4 13 0 7 0 0.4526329428619278 
11 8 2 7 1 0 0.732956580790991 
4 4 2 4 2 0 0.22576721072136774 
7 7 8 8 2 1 0.28322521541427514 
---
6 0 29.35855263157895 1.0 5
0 4 2 0 2 0 0.2779524749840403 
---
6 1 15.357730263157896 6.0 5
7 7 8 8 2 1 0.28322521541427514 
3 4 13 0 7 0 0.4526329428619278 
11 8 2 7 1 0 0.732956580790991 
12 0 13 0 0 1 0.13880654033077833 
13 1 0 0 7 0 0.9901241204366149 
1 1 1 0 2 0 0.2481713633610838 
---
6 2 21.895559210526315 2.0 5
7 7 8 8 2 1 0.28322521541427514 
1 1 1 0 2 0 0.2481713633610838 
---
6 3 19.675164473684212 3.0 5
11 8 2 7 1 0 0.732956580790991 
1 1 1 0 2 0 0.2481713633610838 
7 7 8 8 2 1 0.28322521541427514 
---
6 4 18.215460526315788 4.0 5
7 7 8 8 2 1 0.28322521541427514 
3 4 13 0 7 0 0.4526329428619278 
12 0 13 0 0 1 0.13880654033077833 
1 1 1 0 2 0 0.2481713633610838 
---
6 5 21.895559210526315 2.0 5
7 7 8 8 2 1 0.28322521541427514 
1 1 1 0 2 0 0.2481713633610838 
---
6 6 19.675164473684212 3.0 5
11 8 2 7 1 0 0.732956580790991 
7 7 8 8 2 1 0.28322521541427514 
1 1 1 0 2 0 0.2481713633610838 
---
6 7 18.215460526315788 4.0 5
7 7 8 8 2 1 0.28322521541427514 
3 4 13 0 7 0 0.4526329428619278 
1 1 1 0 2 0 0.2481713633610838 
12 0 13 0 0 1 0.13880654033077833 
---
6 8 16.097861842105264 5.0 5
7 7 8 8 2 1 0.28322521541427514 
12 0 13 0 0 1 0.13880654033077833 
3 4 13 0 7 0 0.4526329428619278 
1 1 1 0 2 0 0.2481713633610838 
11 8 2 7 1 0 0.732956580790991 
---
6 9 16.097861842105264 5.0 5
7 7 8 8 2 1 0.28322521541427514 
12 0 13 0 0 1 0.13880654033077833 
3 4 13 0 7 0 0.4526329428619278 
1 1 1 0 2 0 0.2481713633610838 
11 8 2 7 1 0 0.732956580790991 
---
6 10 29.35855263157895 1.0 5
0 4 2 0 2 0 0.2779524749840403 
---
6 11 15.357730263157896 6.0 5
11 8 2 7 1 0 0.732956580790991 
7 7 8 8 2 1 0.28322521541427514 
13 1 0 0 7 0 0.9901241204366149 
1 1 1 0 2 0 0.2481713633610838 
3 4 13 0 7 0 0.4526329428619278 
12 0 13 0 0 1 0.13880654033077833 
---
6 12 21.895559210526315 2.0 5
7 7 8 8 2 1 0.28322521541427514 
1 1 1 0 2 0 0.2481713633610838 
---
6 13 19.675164473684212 3.0 5
7 7 8 8 2 1 0.28322521541427514 
11 8 2 7 1 0 0.732956580790991 
1 1 1 0 2 0 0.2481713633610838 
---
6 14 18.215460526315788 4.0 5
7 7 8 8 2 1 0.28322521541427514 
3 4 13 0 7 0 0.4526329428619278 
12 0 13 0 0 1 0.13880654033077833 
1 1 1 0 2 0 0.2481713633610838 
---
6 15 16.097861842105264 5.0 5
7 7 8 8 2 1 0.28322521541427514 
12 0 13 0 0 1 0.13880654033077833 
3 4 13 0 7 0 0.4526329428619278 
1 1 1 0 2 0 0.2481713633610838 
11 8 2 7 1 0 0.732956580790991 
---
6 16 29.35855263157895 1.0 5
0 4 2 0 2 0 0.2779524749840403 
---
6 17 15.357730263157896 6.0 5
7 7 8 8 2 1 0.28322521541427514 
3 4 13 0 7 0 0.4526329428619278 
11 8 2 7 1 0 0.732956580790991 
12 0 13 0 0 1 0.13880654033077833 
13 1 0 0 7 0 0.9901241204366149 
1 1 1 0 2 0 0.2481713633610838 
---
6 18 21.895559210526315 2.0 5
7 7 8 8 2 1 0.28322521541427514 
1 1 1 0 2 0 0.2481713633610838 
---
6 19 19.675164473684212 3.0 5
11 8 2 7 1 0 0.732956580790991 
1 1 1 0 2 0 0.2481713633610838 
7 7 8 8 2 1 0.28322521541427514 
---
6 20 18.215460526315788 4.0 5
7 7 8 8 2 1 0.28322521541427514 
3 4 13 0 7 0 0.4526329428619278 
12 0 13 0 0 1 0.13880654033077833 
1 1 1 0 2 0 0.2481713633610838 
---
6 21 16.097861842105264 5.0 5
7 7 8 8 2 1 0.28322521541427514 
12 0 13 0 0 1 0.13880654033077833 
1 1 1 0 2 0 0.2481713633610838 
3 4 13 0 7 0 0.4526329428619278 
11 8 2 7 1 0 0.732956580790991 
---
6 22 15.357730263157896 6.0 5
7 7 8 8 2 1 0.28322521541427514 
3 4 13 0 7 0 0.4526329428619278 
11 8 2 7 1 0 0.732956580790991 
12 0 13 0 0 1 0.13880654033077833 
13 1 0 0 7 0 0.9901241204366149 
1 1 1 0 2 0 0.2481713633610838 
---
6 23 21.895559210526315 2.0 5
7 7 8 8 2 1 0.28322521541427514 
1 1 1 0 2 0 0.2481713633610838 
---
6 24 19.675164473684212 3.0 5
11 8 2 7 1 0 0.732956580790991 
1 1 1 0 2 0 0.2481713633610838 
7 7 8 8 2 1 0.28322521541427514 
---
6 25 18.215460526315788 4.0 5
7 7 8 8 2 1 0.28322521541427514 
3 4 13 0 7 0 0.4526329428619278 
12 0 13 0 0 1 0.13880654033077833 
1 1 1 0 2 0 0.2481713633610838 
---
6 26 16.097861842105264 5.0 5
7 7 8 8 2 1 0.28322521541427514 
12 0 13 0 0 1 0.13880654033077833 
3 4 13 0 7 0 0.4526329428619278 
1 1 1 0 2 0 0.2481713633610838 
11 8 2 7 1 0 0.732956580790991 
---
6 27 29.35855263157895 1.0 5
0 4 2 0 2 0 0.2779524749840403 
---
6 28 15.357730263157896 6.0 5
7 7 8 8 2 1 0.28322521541427514 
3 4 13 0 7 0 0.4526329428619278 
11 8 2 7 1 0 0.732956580790991 
12 0 13 0 0 1 0.13880654033077833 
13 1 0 0 7 0 0.9901241204366149 
1 1 1 0 2 0 0.2481713633610838 
---
6 29 21.895559210526315 2.0 5
7 7 8 8 2 1 0.28322521541427514 
1 1 1 0 2 0 0.2481713633610838 
---
6 30 19.675164473684212 3.0 5
11 8 2 7 1 0 0.732956580790991 
1 1 1 0 2 0 0.2481713633610838 
7 7 8 8 2 1 0.28322521541427514 
---
6 31 18.215460526315788 4.0 5
12 0 13 0 0 1 0.13880654033077833 
3 4 13 0 7 0 0.4526329428619278 
7 7 8 8 2 1 0.28322521541427514 
1 1 1 0 2 0 0.2481713633610838 
---
7 0 29.35855263157895 1.0 5
0 1 0 1 2 0 0.4280778205707829 
---
7 1 15.357730263157896 6.0 5
7 7 8 8 2 1 0.28322521541427514 
3 4 13 0 7 0 0.4526329428619278 
11 8 2 7 1 0 0.732956580790991 
12 0 13 0 0 1 0.13880654033077833 
13 1 0 0 7 0 0.9901241204366149 
1 1 1 0 2 0 0.2481713633610838 
---
7 2 23.190789473684212 2.0 5
7 7 8 8 2 1 0.28322521541427514 
1 1 2 0 2 0 0.15599338255487183 
---
7 3 18.935032894736842 4.0 5
12 0 13 0 0 1 0.13880654033077833 
1 1 1 0 2 0 0.2481713633610838 
11 8 2 7 1 0 0.732956580790991 
7 7 8 8 2 1 0.28322521541427514 
---
7 4 16.097861842105264 5.0 5
1 1 1 0 2 0 0.2481713633610838 
12 0 13 0 0 1 0.13880654033077833 
3 4 13 0 7 0 0.4526329428619278 
11 8 2 7 1 0 0.732956580790991 
7 7 8 8 2 1 0.28322521541427514 
---
7 5 23.190789473684212 2.0 5
7 7 8 8 2 1 0.28322521541427514 
1 1 2 0 2 0 0.15599338255487183 
---
7 6 20.744243421052634 3.0 5
1 1 2 0 2 0 0.15599338255487183 
11 8 2 7 1 0 0.732956580790991 
7 7 8 8 2 1 0.28322521541427514 
---
7 7 20.744243421052634 3.0 5
1 1 2 0 2 0 0.15599338255487183 
11 8 2 7 1 0 0.732956580790991 
7 7 8 8 2 1 0.28322521541427514 
---
7 8 18.935032894736842 4.0 5
12 0 13 0 0 1 0.13880654033077833 
1 1 1 0 2 0 0.2481713633610838 
11 8 2 7 1 0 0.732956580790991 
7 7 8 8 2 1 0.28322521541427514 
---
7 9 16.097861842105264 5.0 5
1 1 1 0 2 0 0.2481713633610838 
12 0 13 0 0 1 0.13880654033077833 
3 4 13 0 7 0 0.4526329428619278 
11 8 2 7 1 0 0.732956580790991 
7 7 8 8 2 1 0.28322521541427514 
---
7 10 29.35855263157895 1.0 5
0 1 0 0 2 0 0.327841433044336 
---
7 11 15.357730263157896 6.0 5
1 1 1 0 2 0 0.2481713633610838 
11 8 2 7 1 0 0.732956580790991 
3 4 13 0 7 0 0.4526329428619278 
7 7 8 8 2 1 0.28322521541427514 
13 1 0 0 7 0 0.9901241204366149 
12 0 13 0 0 1 0.13880654033077833 
---
7 12 23.190789473684212 2.0 5
1 1 2 0 2 0 0.15599338255487183 
7 7 8 8 2 1 0.28322521541427514 
---
7 13 18.935032894736842 4.0 5
11 8 2 7 1 0 0.732956580790991 
7 7 8 8 2 1 0.28322521541427514 
12 0 13 0 0 1 0.13880654033077833 
1 1 1 0 2 0 0.2481713633610838 
---
7 14 16.097861842105264 5.0 5
12 0 13 0 0 1 0.13880654033077833 
3 4 13 0 7 0 0.4526329428619278 
1 1 1 0 2 0 0.2481713633610838 
11 8 2 7 1 0 0.732956580790991 
7 7 8 8 2 1 0.28322521541427514 
---
7 15 29.35855263157895 1.0 5
0 1 0 1 2 0 0.4280778205707829 
---
7 16 15.357730263157896 6.0 5
1 1 1 0 2 0 0.2481713633610838 
11 8 2 7 1 0 0.732956580790991 
12 0 13 0 0 1 0.13880654033077833 
7 7 8 8 2 1 0.28322521541427514 
3 4 13 0 7 0 0.4526329428619278 
13 1 0 0 7 0 0.9901241204366149 
---
7 17 18.935032894736842 4.0 5
12 0 13 0 0 1 0.13880654033077833 
1 1 1 0 2 0 0.2481713633610838 
11 8 2 7 1 0 0.732956580790991 
7 7 8 8 2 1 0.28322521541427514 
---
7 18 16.097861842105264 5.0 5
12 0 13 0 0 1 0.13880654033077833 
1 1 1 0 2 0 0.2481713633610838 
11 8 2 7 1 0 0.732956580790991 
3 4 13 0 7 0 0.4526329428619278 
7 7 8 8 2 1 0.28322521541427514 
---
7 19 29.35855263157895 1.0 5
0 1 0 1 2 0 0.4280778205707829 
---
7 20 15.357730263157896 6.0 5
1 1 1 0 2 0 0.2481713633610838 
11 8 2 7 1 0 0.732956580790991 
12 0 13 0 0 1 0.13880654033077833 
7 7 8 8 2 1 0.28322521541427514 
3 4 13 0 7 0 0.4526329428619278 
13 1 0 0 7 0 0.9901241204366149 
---
7 21 18.935032894736842 4.0 5
7 7 8 8 2 1 0.28322521541427514 
11 8 2 7 1 0 0.732956580790991 
1 1 1 0 2 0 0.2481713633610838 
12 0 13 0 0 1 0.13880654033077833 
---
7 22 16.097861842105264 5.0 5
12 0 13 0 0 1 0.13880654033077833 
3 4 13 0 7 0 0.4526329428619278 
1 1 1 0 2 0 0.2481713633610838 
11 8 2 7 1 0 0.732956580790991 
7 7 8 8 2 1 0.28322521541427514 
---
7 23 29.35855263157895 1.0 5
0 1 0 1 1 0 0.5155124491442316 
---
7 24 15.357730263157896 6.0 5
7 7 8 8 2 1 0.28322521541427514 
3 4 13 0 7 0 0.4526329428619278 
11 8 2 7 1 0 0.732956580790991 
12 0 13 0 0 1 0.13880654033077833 
13 1 0 0 7 0 0.9901241204366149 
1 1 1 0 2 0 0.2481713633610838 
---
7 25 18.935032894736842 4.0 5
1 1 1 0 2 0 0.2481713633610838 
12 0 13 0 0 1 0.13880654033077833 
7 7 8 8 2 1 0.28322521541427514 
11 8 2 7 1 0 0.732956580790991 
---
7 26 16.097861842105264 5.0 5
12 0 13 0 0 1 0.13880654033077833 
1 1 1 0 2 0 0.2481713633610838 
11 8 2 7 1 0 0.732956580790991 
3 4 13 0 7 0 0.4526329428619278 
7 7 8 8 2 1 0.28322521541427514 
---
7 27 29.35855263157895 1.0 5
0 1 0 1 2 0 0.4280778205707829 
---
7 28 15.357730263157896 6.0 5
1 1 1 0 2 0 0.2481713633610838 
11 8 2 7 1 0 0.732956580790991 
12 0 13 0 0 1 0.13880654033077833 
7 7 8 8 2 1 0.28322521541427514 
3 4 13 0 7 0 0.4526329428619278 
13 1 0 0 7 0 0.9901241204366149 
---
7 29 18.935032894736842 4.0 5
12 0 13 0 0 1 0.13880654033077833 
1 1 1 0 2 0 0.2481713633610838 
11 8 2 7 1 0 0.732956580790991 
7 7 8 8 2 1 0.28322521541427514 
---
7 30 16.097861842105264 5.0 5
12 0 13 0 0 1 0.13880654033077833 
1 1 1 0 2 0 0.2481713633610838 
11 8 2 7 1 0 0.732956580790991 
3 4 13 0 7 0 0.4526329428619278 
7 7 8 8 2 1 0.28322521541427514 
---
7 31 29.35855263157895 1.0 5
0 1 0 1 4 0 0.4942255053793463 
---
7 32 15.357730263157896 6.0 5
7 7 8 8 2 1 0.28322521541427514 
3 4 13 0 7 0 0.4526329428619278 
11 8 2 7 1 0 0.732956580790991 
12 0 13 0 0 1 0.13880654033077833 
13 1 0 0 7 0 0.9901241204366149 
1 1 1 0 2 0 0.2481713633610838 
---
8 0 29.35855263157895 1.0 5
0 1 0 0 2 0 0.29594909671713343 
---
8 1 15.460526315789474 6.0 5
13 1 0 0 7 0 0.9901241204366149 
11 8 2 1 7 0 0.7350722274141896 
12 0 13 0 0 1 0.13880654033077833 
7 7 8 8 2 1 0.28322521541427514 
3 4 13 0 7 0 0.4526329428619278 
1 1 1 0 2 0 0.2481713633610838 
---
8 2 21.916118421052634 2.0 5
7 7 8 8 2 1 0.28322521541427514 
0 1 2 4 2 0 0.208330518656761 
---
8 3 19.81907894736842 3.0 5
1 1 1 0 2 0 0.2481713633610838 
11 8 2 1 7 0 0.7350722274141896 
7 7 8 8 2 1 0.28322521541427514 
---
8 4 16.200657894736842 5.0 5
11 8 2 1 7 0 0.7350722274141896 
3 4 13 0 7 0 0.4526329428619278 
7 7 8 8 2 1 0.28322521541427514 
1 1 1 0 2 0 0.2481713633610838 
12 0 13 0 0 1 0.13880654033077833 
---
8 5 21.916118421052634 2.0 5
7 7 8 8 2 1 0.28322521541427514 
0 1 2 4 2 0 0.208330518656761 
---
8 6 19.81907894736842 3.0 5
11 8 2 1 7 0 0.7350722274141896 
7 7 8 8 2 1 0.28322521541427514 
1 1 1 0 2 0 0.2481713633610838 
---
8 7 16.200657894736842 5.0 5
11 8 2 1 7 0 0.7350722274141896 
3 4 13 0 7 0 0.4526329428619278 
7 7 8 8 2 1 0.28322521541427514 
1 1 1 0 2 0 0.2481713633610838 
12 0 13 0 0 1 0.13880654033077833 
---
8 8 29.35855263157895 1.0 5
0 1 0 0 2 0 0.29594909671713343 
---
8 9 15.460526315789474 6.0 5
13 1 0 0 7 0 0.9901241204366149 
11 8 2 1 7 0 0.7350722274141896 
12 0 13 0 0 1 0.13880654033077833 
7 7 8 8 2 1 0.28322521541427514 
3 4 13 0 7 0 0.4526329428619278 
1 1 1 0 2 0 0.2481713633610838 
---
8 10 21.916118421052634 2.0 5
7 7 8 8 2 1 0.28322521541427514 
0 1 2 4 2 0 0.208330518656761 
---
8 11 19.81907894736842 3.0 5
1 1 1 0 2 0 0.2481713633610838 
11 8 2 1 7 0 0.7350722274141896 
7 7 8 8 2 1 0.28322521541427514 
---
8 12 16.200657894736842 5.0 5
11 8 2 1 7 0 0.7350722274141896 
3 4 13 0 7 0 0.4526329428619278 
7 7 8 8 2 1 0.28322521541427514 
1 1 1 0 2 0 0.2481713633610838 
12 0 13 0 0 1 0.13880654033077833 
---
8 13 15.460526315789474 6.0 5
13 1 0 0 7 0 0.9901241204366149 
11 8 2 1 7 0 0.7350722274141896 
12 0 13 0 0 1 0.13880654033077833 
7 7 8 8 2 1 0.28322521541427514 
3 4 13 0 7 0 0.4526329428619278 
1 1 1 0 2 0 0.2481713633610838 
---
8 14 21.916118421052634 2.0 5
0 1 2 4 2 0 0.208330518656761 
7 7 8 8 2 1 0.28322521541427514 
---
8 15 16.200657894736842 5.0 5
3 4 13 0 7 0 0.4526329428619278 
7 7 8 8 2 1 0.28322521541427514 
11 8 2 1 7 0 0.7350722274141896 
12 0 13 0 0 1 0.13880654033077833 
1 1 1 0 2 0 0.2481713633610838 
---
8 16 15.460526315789474 6.0 5
13 1 0 0 7 0 0.9901241204366149 
11 8 2 1 7 0 0.7350722274141896 
12 0 13 0 0 1 0.13880654033077833 
7 7 8 8 2 1 0.28322521541427514 
3 4 13 0 7 0 0.4526329428619278 
1 1 1 0 2 0 0.2481713633610838 
---
8 17 21.916118421052634 2.0 5
7 7 8 8 2 1 0.28322521541427514 
0 1 2 4 2 0 0.208330518656761 
---
8 18 16.200657894736842 5.0 5
1 1 1 0 2 0 0.2481713633610838 
11 8 2 1 7 0 0.7350722274141896 
7 7 8 8 2 1 0.28322521541427514 
12 0 13 0 0 1 0.13880654033077833 
3 4 13 0 7 0 0.4526329428619278 
---
8 19 29.35855263157895 1.0 5
0 1 0 0 2 0 0.29594909671713343 
---
8 20 15.460526315789474 6.0 5
13 1 0 0 7 0 0.9901241204366149 
11 8 2 1 7 0 0.7350722274141896 
12 0 13 0 0 1 0.13880654033077833 
7 7 8 8 2 1 0.28322521541427514 
3 4 13 0 7 0 0.4526329428619278 
1 1 1 0 2 0 0.2481713633610838 
---
8 21 21.916118421052634 2.0 5
7 7 8 8 2 1 0.28322521541427514 
0 1 2 4 2 0 0.208330518656761 
---
8 22 16.200657894736842 5.0 5
1 1 1 0 2 0 0.2481713633610838 
11 8 2 1 7 0 0.7350722274141896 
7 7 8 8 2 1 0.28322521541427514 
12 0 13 0 0 1 0.13880654033077833 
3 4 13 0 7 0 0.4526329428619278 
---
8 23 15.460526315789474 6.0 5
13 1 0 0 7 0 0.9901241204366149 
11 8 2 1 7 0 0.7350722274141896 
12 0 13 0 0 1 0.13880654033077833 
7 7 8 8 2 1 0.28322521541427514 
3 4 13 0 7 0 0.4526329428619278 
1 1 1 0 2 0 0.2481713633610838 
---
8 24 21.916118421052634 2.0 5
7 7 8 8 2 1 0.28322521541427514 
0 1 2 4 2 0 0.208330518656761 
---
8 25 16.200657894736842 5.0 5
11 8 2 1 7 0 0.7350722274141896 
3 4 13 0 7 0 0.4526329428619278 
7 7 8 8 2 1 0.28322521541427514 
1 1 1 0 2 0 0.2481713633610838 
12 0 13 0 0 1 0.13880654033077833 
---
8 26 15.460526315789474 6.0 5
13 1 0 0 7 0 0.9901241204366149 
11 8 2 1 7 0 0.7350722274141896 
12 0 13 0 0 1 0.13880654033077833 
7 7 8 8 2 1 0.28322521541427514 
3 4 13 0 7 0 0.4526329428619278 
1 1 1 0 2 0 0.2481713633610838 
---
8 27 21.916118421052634 2.0 5
7 7 8 8 2 1 0.28322521541427514 
0 1 2 4 2 0 0.208330518656761 
---
8 28 16.200657894736842 5.0 5
3 4 13 0 7 0 0.4526329428619278 
7 7 8 8 2 1 0.28322521541427514 
11 8 2 1 7 0 0.7350722274141896 
12 0 13 0 0 1 0.13880654033077833 
1 1 1 0 2 0 0.2481713633610838 
