---
0 0 29.344026321200907 1.0 5
0 2 0 4 0 0 0.5005727354432408 
---
0 1 17.93131811638906 6.0 5
12 1 1 1 0 0 0.5280939066762216 
1 1 8 7 11 0 0.4592421848103445 
0 3 0 2 7 0 0.32804152708128065 
12 7 8 0 0 1 0.12702346937527342 
7 7 12 8 7 1 0.20890206357444074 
1 1 8 9 0 1 0.03289864269012255 
---
0 2 22.537528274727535 2.0 5
1 1 1 7 0 0 0.649303110933008 
12 7 8 0 0 1 0.12702346937527342 
---
0 3 18.4248406333539 4.0 5
1 1 1 1 0 0 0.43123758697569037 
7 7 12 8 7 1 0.20890206357444074 
12 7 8 0 0 1 0.12702346937527342 
0 3 0 2 7 0 0.32804152708128065 
---
0 4 22.537528274727535 2.0 5
1 1 1 7 0 0 0.649303110933008 
12 7 8 0 0 1 0.12702346937527342 
---
0 5 18.4248406333539 4.0 5
12 7 8 0 0 1 0.12702346937527342 
7 7 12 8 7 1 0.20890206357444074 
0 3 0 2 7 0 0.32804152708128065 
1 1 1 1 0 0 0.43123758697569037 
---
0 6 29.344026321200907 1.0 5
0 2 0 4 0 0 0.5005727354432408 
---
0 7 22.537528274727535 2.0 5
12 7 8 0 0 1 0.12702346937527342 
1 1 1 7 0 0 0.649303110933008 
---
0 8 18.4248406333539 4.0 5
12 7 8 0 0 1 0.12702346937527342 
1 1 1 1 0 0 0.43123758697569037 
0 3 0 2 7 0 0.32804152708128065 
7 7 12 8 7 1 0.20890206357444074 
---
0 9 22.537528274727535 2.0 5
12 7 8 0 0 1 0.12702346937527342 
1 1 1 7 0 0 0.649303110933008 
---
0 10 29.344026321200907 1.0 5
0 2 0 4 0 0 0.5005727354432408 
---
0 11 22.537528274727535 2.0 5
12 7 8 0 0 1 0.12702346937527342 
1 1 1 7 0 0 0.649303110933008 
---
0 12 22.537528274727535 2.0 5
12 7 8 0 0 1 0.12702346937527342 
1 1 1 7 0 0 0.649303110933008 
---
0 13 29.344026321200907 1.0 5
0 2 0 4 0 0 0.5005727354432408 
---
0 14 22.537528274727535 2.0 5
12 7 8 0 0 1 0.12702346937527342 
1 1 1 7 0 0 0.649303110933008 
---
0 15 22.537528274727535 2.0 5
1 1 1 7 0 0 0.649303110933008 
12 7 8 0 0 1 0.12702346937527342 
---
0 16 20.830762903557478 3.0 5
1 1 1 7 0 0 0.649303110933008 
7 7 12 8 7 1 0.20890206357444074 
12 7 8 0 0 1 0.12702346937527342 
---
0 17 20.830762903557478 3.0 5
1 1 1 7 0 0 0.649303110933008 
12 7 8 0 0 1 0.12702346937527342 
7 7 12 8 7 1 0.20890206357444074 
---
1 0 29.344026321200907 1.0 5
0 0 2 0 0 0 0.3099588437223406 
---
1 1 17.417232161217356 5.0 5
1 2 1 1 0 0 0.6394382957166607 
1 1 1 7 0 0 0.6307213751931409 
7 7 12 8 7 1 0.20890206357444074 
0 3 0 2 7 0 0.32804152708128065 
12 7 8 0 0 1 0.12702346937527342 
---
1 2 22.537528274727535 2.0 5
1 2 1 1 0 0 0.6394382957166607 
12 7 8 0 0 1 0.12702346937527342 
---
1 3 22.537528274727535 2.0 5
1 2 1 1 0 0 0.6394382957166607 
12 7 8 0 0 1 0.12702346937527342 
---
1 4 20.830762903557478 3.0 5
1 1 1 7 0 0 0.6307213751931409 
7 7 12 8 7 1 0.20890206357444074 
12 7 8 0 0 1 0.12702346937527342 
---
1 5 20.830762903557478 3.0 5
1 1 1 7 0 0 0.6307213751931409 
7 7 12 8 7 1 0.20890206357444074 
12 7 8 0 0 1 0.12702346937527342 
---
1 6 17.437795599424224 4.0 5
12 7 8 0 0 1 0.12702346937527342 
0 3 0 2 7 0 0.32804152708128065 
7 7 12 8 7 1 0.20890206357444074 
1 2 1 1 0 0 0.6394382957166607 
---
1 7 29.344026321200907 1.0 5
0 0 2 0 0 0 0.3099588437223406 
---
1 8 17.417232161217356 5.0 5
7 7 12 8 7 1 0.20890206357444074 
0 3 0 2 7 0 0.32804152708128065 
12 7 8 0 0 1 0.12702346937527342 
1 1 1 7 0 0 0.6307213751931409 
1 2 1 1 0 0 0.6394382957166607 
---
1 9 22.537528274727535 2.0 5
1 2 1 1 0 0 0.6394382957166607 
12 7 8 0 0 1 0.12702346937527342 
---
1 10 20.830762903557478 3.0 5
1 1 1 7 0 0 0.6307213751931409 
7 7 12 8 7 1 0.20890206357444074 
12 7 8 0 0 1 0.12702346937527342 
---
1 11 17.417232161217356 5.0 5
1 2 1 1 0 0 0.6394382957166607 
1 1 1 7 0 0 0.6307213751931409 
7 7 12 8 7 1 0.20890206357444074 
0 3 0 2 7 0 0.32804152708128065 
12 7 8 0 0 1 0.12702346937527342 
---
1 12 22.537528274727535 2.0 5
12 7 8 0 0 1 0.12702346937527342 
1 2 1 1 0 0 0.6394382957166607 
---
1 13 20.830762903557478 3.0 5
1 1 1 7 0 0 0.6307213751931409 
7 7 12 8 7 1 0.20890206357444074 
12 7 8 0 0 1 0.12702346937527342 
---
1 14 17.417232161217356 5.0 5
1 2 1 1 0 0 0.6394382957166607 
1 1 1 7 0 0 0.6307213751931409 
7 7 12 8 7 1 0.20890206357444074 
0 3 0 2 7 0 0.32804152708128065 
12 7 8 0 0 1 0.12702346937527342 
---
1 15 22.537528274727535 2.0 5
1 2 1 1 0 0 0.6394382957166607 
12 7 8 0 0 1 0.12702346937527342 
---
1 16 20.830762903557478 3.0 5
1 1 1 7 0 0 0.6307213751931409 
7 7 12 8 7 1 0.20890206357444074 
12 7 8 0 0 1 0.12702346937527342 
---
1 17 17.417232161217356 5.0 5
1 1 1 7 0 0 0.6307213751931409 
0 3 0 2 7 0 0.32804152708128065 
7 7 12 8 7 1 0.20890206357444074 
1 2 1 1 0 0 0.6394382957166607 
12 7 8 0 0 1 0.12702346937527342 
---
1 18 22.537528274727535 2.0 5
12 7 8 0 0 1 0.12702346937527342 
1 2 1 1 0 0 0.6394382957166607 
---
1 19 17.437795599424224 4.0 5
12 7 8 0 0 1 0.12702346937527342 
1 2 1 1 0 0 0.6394382957166607 
7 7 12 8 7 1 0.20890206357444074 
0 3 0 2 7 0 0.32804152708128065 
---
1 20 17.417232161217356 5.0 5
7 7 12 8 7 1 0.20890206357444074 
0 3 0 2 7 0 0.32804152708128065 
12 7 8 0 0 1 0.12702346937527342 
1 1 1 7 0 0 0.6307213751931409 
1 2 1 1 0 0 0.6394382957166607 
---
1 21 22.537528274727535 2.0 5
1 2 1 1 0 0 0.6394382957166607 
12 7 8 0 0 1 0.12702346937527342 
---
1 22 17.417232161217356 5.0 5
1 1 1 7 0 0 0.6307213751931409 
1 2 1 1 0 0 0.6394382957166607 
0 3 0 2 7 0 0.32804152708128065 
7 7 12 8 7 1 0.20890206357444074 
12 7 8 0 0 1 0.12702346937527342 
---
1 23 22.537528274727535 2.0 5
1 2 1 1 0 0 0.6394382957166607 
12 7 8 0 0 1 0.12702346937527342 
---
2 0 29.344026321200907 1.0 5
0 2 2 0 2 0 0.2888661623619926 
---
2 1 18.0341353074234 4.0 5
12 7 8 0 0 1 0.12702346937527342 
1 2 1 1 0 0 0.6286338633547168 
0 3 0 2 7 0 0.32804152708128065 
7 7 12 8 4 1 0.30349361114078754 
---
2 2 23.997532387415177 2.0 5
1 2 1 7 1 0 0.792057816523877 
11 1 8 8 4 1 0.1808132008410912 
---
2 3 23.997532387415177 2.0 5
11 1 8 8 4 1 0.1808132008410912 
1 2 1 7 1 0 0.792057816523877 
---
2 4 20.501747892247586 3.0 5
12 7 8 0 0 1 0.12702346937527342 
1 2 1 1 0 0 0.6286338633547168 
7 7 12 8 4 1 0.30349361114078754 
---
2 5 20.501747892247586 3.0 5
1 2 1 1 0 0 0.6286338633547168 
7 7 12 8 4 1 0.30349361114078754 
12 7 8 0 0 1 0.12702346937527342 
---
2 6 29.344026321200907 1.0 5
0 2 2 0 2 0 0.2888661623619926 
---
2 7 18.0341353074234 4.0 5
12 7 8 0 0 1 0.12702346937527342 
1 2 1 1 0 0 0.6286338633547168 
0 3 0 2 7 0 0.32804152708128065 
7 7 12 8 4 1 0.30349361114078754 
---
2 8 23.997532387415177 2.0 5
1 2 1 7 1 0 0.792057816523877 
11 1 8 8 4 1 0.1808132008410912 
---
2 9 20.501747892247586 3.0 5
7 7 12 8 4 1 0.30349361114078754 
12 7 8 0 0 1 0.12702346937527342 
1 2 1 1 0 0 0.6286338633547168 
---
2 10 18.0341353074234 4.0 5
12 7 8 0 0 1 0.12702346937527342 
7 7 12 8 4 1 0.30349361114078754 
1 2 1 1 0 0 0.6286338633547168 
0 3 0 2 7 0 0.32804152708128065 
---
2 11 23.997532387415177 2.0 5
1 2 1 7 1 0 0.792057816523877 
11 1 8 8 4 1 0.1808132008410912 
---
2 12 20.501747892247586 3.0 5
1 2 1 1 0 0 0.6286338633547168 
7 7 12 8 4 1 0.30349361114078754 
12 7 8 0 0 1 0.12702346937527342 
---
2 13 18.0341353074234 4.0 5
12 7 8 0 0 1 0.12702346937527342 
1 2 1 1 0 0 0.6286338633547168 
0 3 0 2 7 0 0.32804152708128065 
7 7 12 8 4 1 0.30349361114078754 
---
2 14 23.997532387415177 2.0 5
1 2 1 7 1 0 0.792057816523877 
11 1 8 8 4 1 0.1808132008410912 
---
2 15 20.501747892247586 3.0 5
7 7 12 8 4 1 0.30349361114078754 
12 7 8 0 0 1 0.12702346937527342 
1 2 1 1 0 0 0.6286338633547168 
---
2 16 18.0341353074234 4.0 5
12 7 8 0 0 1 0.12702346937527342 
7 7 12 8 4 1 0.30349361114078754 
1 2 1 1 0 0 0.6286338633547168 
0 3 0 2 7 0 0.32804152708128065 
---
2 17 23.997532387415177 2.0 5
1 2 1 7 1 0 0.792057816523877 
11 1 8 8 4 1 0.1808132008410912 
---
2 18 20.501747892247586 3.0 5
7 7 12 8 4 1 0.30349361114078754 
12 7 8 0 0 1 0.12702346937527342 
1 2 1 1 0 0 0.6286338633547168 
---
2 19 29.344026321200907 1.0 5
0 2 2 0 2 0 0.2888661623619926 
---
2 20 18.0341353074234 4.0 5
12 7 8 0 0 1 0.12702346937527342 
7 7 12 8 4 1 0.30349361114078754 
1 2 1 1 0 0 0.6286338633547168 
0 3 0 2 7 0 0.32804152708128065 
---
2 21 23.997532387415177 2.0 5
11 1 8 8 4 1 0.1808132008410912 
1 2 1 7 1 0 0.792057816523877 
---
2 22 20.501747892247586 3.0 5
7 7 12 8 4 1 0.30349361114078754 
12 7 8 0 0 1 0.12702346937527342 
1 2 1 1 0 0 0.6286338633547168 
---
2 23 29.344026321200907 1.0 5
0 2 2 1 2 0 0.38013799560956385 
---
2 24 18.0341353074234 4.0 5
12 7 8 0 0 1 0.12702346937527342 
1 2 1 1 0 0 0.6286338633547168 
0 3 0 2 7 0 0.32804152708128065 
7 7 12 8 4 1 0.30349361114078754 
---
2 25 23.997532387415177 2.0 5
1 2 1 7 1 0 0.792057816523877 
11 1 8 8 4 1 0.1808132008410912 
---
2 26 20.501747892247586 3.0 5
7 7 12 8 4 1 0.30349361114078754 
12 7 8 0 0 1 0.12702346937527342 
1 2 1 1 0 0 0.6286338633547168 
---
2 27 18.0341353074234 4.0 5
12 7 8 0 0 1 0.12702346937527342 
1 2 1 1 0 0 0.6286338633547168 
0 3 0 2 7 0 0.32804152708128065 
7 7 12 8 4 1 0.30349361114078754 
---
2 28 23.997532387415177 2.0 5
1 2 1 7 1 0 0.792057816523877 
11 1 8 8 4 1 0.1808132008410912 
---
2 29 20.501747892247586 3.0 5
7 7 12 8 4 1 0.30349361114078754 
12 7 8 0 0 1 0.12702346937527342 
1 2 1 1 0 0 0.6286338633547168 
---
3 0 29.344026321200907 1.0 5
0 0 2 2 0 0 0.232652521984686 
---
3 1 17.437795599424224 4.0 5
7 7 12 8 7 1 0.20890206357444074 
12 7 8 0 0 1 0.12702346937527342 
1 2 1 1 0 0 0.6394382957166607 
0 3 0 2 7 0 0.32804152708128065 
---
3 2 22.12625951059017 2.0 5
12 7 8 8 0 1 0.3258654004326682 
1 2 1 1 0 0 0.6394382957166607 
---
3 3 20.21385975735143 3.0 5
1 2 1 1 0 0 0.6394382957166607 
7 7 12 8 7 1 0.20890206357444074 
12 7 8 0 0 1 0.12319233554649833 
---
3 4 20.21385975735143 3.0 5
7 7 12 8 7 1 0.20890206357444074 
1 2 1 1 0 0 0.6394382957166607 
12 7 8 0 0 1 0.12319233554649833 
---
3 5 17.437795599424224 4.0 5
0 3 0 2 7 0 0.32804152708128065 
12 7 8 0 0 1 0.12702346937527342 
7 7 12 8 7 1 0.20890206357444074 
1 2 1 1 0 0 0.6394382957166607 
---
3 6 20.21385975735143 3.0 5
7 7 12 8 7 1 0.20890206357444074 
1 2 1 1 0 0 0.6394382957166607 
12 7 8 0 0 1 0.12319233554649833 
---
3 7 17.437795599424224 4.0 5
0 3 0 2 7 0 0.32804152708128065 
12 7 8 0 0 1 0.12702346937527342 
7 7 12 8 7 1 0.20890206357444074 
1 2 1 1 0 0 0.6394382957166607 
---
3 8 20.21385975735143 3.0 5
12 7 8 0 0 1 0.12319233554649833 
1 2 1 1 0 0 0.6394382957166607 
7 7 12 8 7 1 0.20890206357444074 
---
3 9 17.437795599424224 4.0 5
0 3 0 2 7 0 0.32804152708128065 
12 7 8 0 0 1 0.12702346937527342 
7 7 12 8 7 1 0.20890206357444074 
1 2 1 1 0 0 0.6394382957166607 
---
3 10 20.21385975735143 3.0 5
7 7 12 8 7 1 0.20890206357444074 
1 2 1 1 0 0 0.6394382957166607 
12 7 8 0 0 1 0.12319233554649833 
---
3 11 17.437795599424224 4.0 5
12 7 8 0 0 1 0.12702346937527342 
0 3 0 2 7 0 0.32804152708128065 
1 2 1 1 0 0 0.6394382957166607 
7 7 12 8 7 1 0.20890206357444074 
---
3 12 20.21385975735143 3.0 5
7 7 12 8 7 1 0.20890206357444074 
1 2 1 1 0 0 0.6394382957166607 
12 7 8 0 0 1 0.12319233554649833 
---
3 13 17.437795599424224 4.0 5
1 2 1 1 0 0 0.6394382957166607 
0 3 0 2 7 0 0.32804152708128065 
12 7 8 0 0 1 0.12702346937527342 
7 7 12 8 7 1 0.20890206357444074 
---
3 14 20.21385975735143 3.0 5
7 7 12 8 7 1 0.20890206357444074 
1 2 1 1 0 0 0.6394382957166607 
12 7 8 0 0 1 0.12319233554649833 
---
3 15 17.437795599424224 4.0 5
7 7 12 8 7 1 0.20890206357444074 
0 3 0 2 7 0 0.32804152708128065 
1 2 1 1 0 0 0.6394382957166607 
12 7 8 0 0 1 0.12702346937527342 
---
3 16 20.21385975735143 3.0 5
12 7 8 0 0 1 0.12319233554649833 
1 2 1 1 0 0 0.6394382957166607 
7 7 12 8 7 1 0.20890206357444074 
---
3 17 29.344026321200907 1.0 5
0 0 0 2 2 0 0.22212498797149993 
---
3 18 17.437795599424224 4.0 5
7 7 12 8 7 1 0.20890206357444074 
12 7 8 0 0 1 0.12702346937527342 
1 2 1 1 0 0 0.6394382957166607 
0 3 0 2 7 0 0.32804152708128065 
---
3 19 20.21385975735143 3.0 5
12 7 8 0 0 1 0.12319233554649833 
1 2 1 1 0 0 0.6394382957166607 
7 7 12 8 7 1 0.20890206357444074 
---
3 20 20.21385975735143 3.0 5
1 2 1 1 0 0 0.6394382957166607 
7 7 12 8 7 1 0.20890206357444074 
12 7 8 0 0 1 0.12319233554649833 
---
3 21 17.437795599424224 4.0 5
12 7 8 0 0 1 0.12702346937527342 
0 3 0 2 7 0 0.32804152708128065 
1 2 1 1 0 0 0.6394382957166607 
7 7 12 8 7 1 0.20890206357444074 
---
3 22 20.21385975735143 3.0 5
7 7 12 8 7 1 0.20890206357444074 
1 2 1 1 0 0 0.6394382957166607 
12 7 8 0 0 1 0.12319233554649833 
---
4 0 29.344026321200907 1.0 5
0 0 2 4 0 0 0.31800869509166296 
---
4 1 26.177256837343204 2.0 5
1 2 1 7 0 0 0.7770052565609871 
4 1 1 13 1 1 0.2589732310694579 
---
4 2 26.177256837343204 2.0 5
1 2 1 7 0 0 0.7770052565609871 
4 1 1 13 1 1 0.2589732310694579 
---
4 3 20.19329631914456 3.0 5
7 7 12 8 7 1 0.20890206357444074 
12 7 8 0 0 1 0.12702346937527342 
1 2 1 1 0 0 0.6394382957166607 
---
4 4 20.19329631914456 3.0 5
7 7 12 8 7 1 0.20890206357444074 
12 7 8 0 0 1 0.12702346937527342 
1 2 1 1 0 0 0.6394382957166607 
---
4 5 17.437795599424224 4.0 5
1 2 1 1 0 0 0.6394382957166607 
0 3 0 2 7 0 0.32804152708128065 
12 7 8 0 0 1 0.12702346937527342 
7 7 12 8 7 1 0.20890206357444074 
---
4 6 17.437795599424224 4.0 5
12 7 8 0 0 1 0.12702346937527342 
0 3 0 2 7 0 0.32804152708128065 
1 2 1 1 0 0 0.6394382957166607 
7 7 12 8 7 1 0.20890206357444074 
---
4 7 17.334978408389883 5.0 5
1 2 1 7 0 0 0.7770052565609871 
7 7 12 8 7 1 0.20890206357444074 
0 3 0 2 7 0 0.32804152708128065 
12 7 8 0 0 1 0.12702346937527342 
1 2 1 1 0 0 0.6394382957166607 
---
4 8 26.177256837343204 2.0 5
1 2 1 7 0 0 0.7770052565609871 
4 1 1 13 1 1 0.2589732310694579 
---
4 9 20.19329631914456 3.0 5
7 7 12 8 7 1 0.20890206357444074 
12 7 8 0 0 1 0.12702346937527342 
1 2 1 1 0 0 0.6394382957166607 
---
4 10 17.437795599424224 4.0 5
1 2 1 1 0 0 0.6394382957166607 
0 3 0 2 7 0 0.32804152708128065 
7 7 12 8 7 1 0.20890206357444074 
12 7 8 0 0 1 0.12702346937527342 
---
4 11 26.177256837343204 2.0 5
1 2 1 7 0 0 0.7770052565609871 
4 1 1 13 1 1 0.2589732310694579 
---
4 12 20.19329631914456 3.0 5
1 2 1 1 0 0 0.6394382957166607 
12 7 8 0 0 1 0.12702346937527342 
7 7 12 8 7 1 0.20890206357444074 
---
4 13 17.437795599424224 4.0 5
7 7 12 8 7 1 0.20890206357444074 
12 7 8 0 0 1 0.12702346937527342 
1 2 1 1 0 0 0.6394382957166607 
0 3 0 2 7 0 0.32804152708128065 
---
4 14 26.177256837343204 2.0 5
1 2 1 7 0 0 0.7770052565609871 
4 1 1 13 1 1 0.2589732310694579 
---
4 15 20.19329631914456 3.0 5
1 2 1 1 0 0 0.6394382957166607 
12 7 8 0 0 1 0.12702346937527342 
7 7 12 8 7 1 0.20890206357444074 
---
4 16 17.437795599424224 4.0 5
0 3 0 2 7 0 0.32804152708128065 
1 2 1 1 0 0 0.6394382957166607 
7 7 12 8 7 1 0.20890206357444074 
12 7 8 0 0 1 0.12702346937527342 
---
4 17 20.19329631914456 3.0 5
1 2 1 1 0 0 0.6394382957166607 
12 7 8 0 0 1 0.12702346937527342 
7 7 12 8 7 1 0.20890206357444074 
---
4 18 17.437795599424224 4.0 5
12 7 8 0 0 1 0.12702346937527342 
0 3 0 2 7 0 0.32804152708128065 
1 2 1 1 0 0 0.6394382957166607 
7 7 12 8 7 1 0.20890206357444074 
---
4 19 20.19329631914456 3.0 5
7 7 12 8 7 1 0.20890206357444074 
12 7 8 0 0 1 0.12702346937527342 
1 2 1 1 0 0 0.6394382957166607 
---
4 20 17.437795599424224 4.0 5
12 7 8 0 0 1 0.12702346937527342 
0 3 0 2 7 0 0.32804152708128065 
1 2 1 1 0 0 0.6394382957166607 
7 7 12 8 7 1 0.20890206357444074 
---
4 21 17.437795599424224 4.0 5
1 2 1 1 0 0 0.6394382957166607 
0 3 0 2 7 0 0.32804152708128065 
12 7 8 0 0 1 0.12702346937527342 
7 7 12 8 7 1 0.20890206357444074 
---
5 0 29.344026321200907 1.0 5
0 2 0 0 0 0 0.4764463916131021 
---
5 1 17.437795599424224 4.0 5
7 7 12 8 7 1 0.20890206357444074 
0 3 0 2 7 0 0.32804152708128065 
1 2 1 1 0 0 0.6394382957166607 
12 7 8 0 0 1 0.12702346937527342 
---
5 2 22.537528274727535 2.0 5
12 7 8 0 0 1 0.12702346937527342 
1 2 1 1 0 0 0.6394382957166607 
---
5 3 22.537528274727535 2.0 5
12 7 8 0 0 1 0.12702346937527342 
1 2 1 1 0 0 0.6394382957166607 
---
5 4 21.077524162039893 3.0 5
12 7 8 0 0 1 0.12702346937527342 
0 3 0 2 7 0 0.32804152708128065 
1 2 1 1 0 0 0.6394382957166607 
---
5 5 21.077524162039893 3.0 5
1 2 1 1 0 0 0.6394382957166607 
12 7 8 0 0 1 0.12702346937527342 
0 3 0 2 7 0 0.32804152708128065 
---
5 6 17.437795599424224 4.0 5
7 7 12 8 7 1 0.20890206357444074 
0 3 0 2 7 0 0.32804152708128065 
1 2 1 1 0 0 0.6394382957166607 
12 7 8 0 0 1 0.12702346937527342 
---
5 7 22.537528274727535 2.0 5
12 7 8 0 0 1 0.12702346937527342 
1 2 1 1 0 0 0.6394382957166607 
---
5 8 21.077524162039893 3.0 5
12 7 8 0 0 1 0.12702346937527342 
0 3 0 2 7 0 0.32804152708128065 
1 2 1 1 0 0 0.6394382957166607 
---
5 9 29.344026321200907 1.0 5
0 2 0 0 0 0 0.4764463916131021 
---
5 10 17.437795599424224 4.0 5
12 7 8 0 0 1 0.12702346937527342 
7 7 12 8 7 1 0.20890206357444074 
1 2 1 1 0 0 0.6394382957166607 
0 3 0 2 7 0 0.32804152708128065 
---
5 11 22.537528274727535 2.0 5
12 7 8 0 0 1 0.12702346937527342 
1 2 1 1 0 0 0.6394382957166607 
---
5 12 21.077524162039893 3.0 5
0 3 0 2 7 0 0.32804152708128065 
1 2 1 1 0 0 0.6394382957166607 
12 7 8 0 0 1 0.12702346937527342 
---
5 13 17.437795599424224 4.0 5
12 7 8 0 0 1 0.12702346937527342 
1 2 1 1 0 0 0.6394382957166607 
0 3 0 2 7 0 0.32804152708128065 
7 7 12 8 7 1 0.20890206357444074 
---
5 14 22.537528274727535 2.0 5
1 2 1 1 0 0 0.6394382957166607 
12 7 8 0 0 1 0.12702346937527342 
---
5 15 21.077524162039893 3.0 5
0 3 0 2 7 0 0.32804152708128065 
1 2 1 1 0 0 0.6394382957166607 
12 7 8 0 0 1 0.12702346937527342 
---
5 16 29.344026321200907 1.0 5
0 2 0 0 0 0 0.4764463916131021 
---
5 17 17.437795599424224 4.0 5
12 7 8 0 0 1 0.12702346937527342 
1 2 1 1 0 0 0.6394382957166607 
0 3 0 2 7 0 0.32804152708128065 
7 7 12 8 7 1 0.20890206357444074 
---
5 18 22.537528274727535 2.0 5
12 7 8 0 0 1 0.12702346937527342 
1 2 1 1 0 0 0.6394382957166607 
---
5 19 21.077524162039893 3.0 5
0 3 0 2 7 0 0.32804152708128065 
1 2 1 1 0 0 0.6394382957166607 
12 7 8 0 0 1 0.12702346937527342 
---
5 20 17.437795599424224 4.0 5
7 7 12 8 7 1 0.20890206357444074 
1 2 1 1 0 0 0.6394382957166607 
0 3 0 2 7 0 0.32804152708128065 
12 7 8 0 0 1 0.12702346937527342 
---
5 21 22.537528274727535 2.0 5
1 2 1 1 0 0 0.6394382957166607 
12 7 8 0 0 1 0.12702346937527342 
---
5 22 21.077524162039893 3.0 5
1 2 1 1 0 0 0.6394382957166607 
0 3 0 2 7 0 0.32804152708128065 
12 7 8 0 0 1 0.12702346937527342 
---
5 23 17.437795599424224 4.0 5
7 7 12 8 7 1 0.20890206357444074 
1 2 1 1 0 0 0.6394382957166607 
0 3 0 2 7 0 0.32804152708128065 
12 7 8 0 0 1 0.12702346937527342 
---
5 24 22.537528274727535 2.0 5
12 7 8 0 0 1 0.12702346937527342 
1 2 1 1 0 0 0.6394382957166607 
---
5 25 21.077524162039893 3.0 5
1 2 1 1 0 0 0.6394382957166607 
0 3 0 2 7 0 0.32804152708128065 
12 7 8 0 0 1 0.12702346937527342 
---
5 26 17.437795599424224 4.0 5
12 7 8 0 0 1 0.12702346937527342 
7 7 12 8 7 1 0.20890206357444074 
0 3 0 2 7 0 0.32804152708128065 
1 2 1 1 0 0 0.6394382957166607 
---
5 27 22.537528274727535 2.0 5
1 2 1 1 0 0 0.6394382957166607 
12 7 8 0 0 1 0.12702346937527342 
---
6 0 29.344026321200907 1.0 5
0 0 2 2 2 0 0.11497484022540394 
---
6 1 23.072177668106107 2.0 5
2 2 1 1 0 0 0.7218736585381469 
12 11 8 0 0 1 0.17461610703491148 
---
6 2 20.19329631914456 3.0 5
7 7 12 8 7 1 0.20890206357444074 
12 7 8 0 0 1 0.12702346937527342 
1 2 1 1 0 0 0.6394382957166607 
---
6 3 17.437795599424224 4.0 5
0 3 0 2 7 0 0.32804152708128065 
12 7 8 0 0 1 0.12702346937527342 
1 2 1 1 0 0 0.6394382957166607 
7 7 12 8 7 1 0.20890206357444074 
---
6 4 23.072177668106107 2.0 5
2 2 1 1 0 0 0.7218736585381469 
12 11 8 0 0 1 0.17461610703491148 
---
6 5 20.19329631914456 3.0 5
12 7 8 0 0 1 0.12702346937527342 
1 2 1 1 0 0 0.6394382957166607 
7 7 12 8 7 1 0.20890206357444074 
---
6 6 17.437795599424224 4.0 5
1 2 1 1 0 0 0.6394382957166607 
7 7 12 8 7 1 0.20890206357444074 
12 7 8 0 0 1 0.12702346937527342 
0 3 0 2 7 0 0.32804152708128065 
---
6 7 29.344026321200907 1.0 5
0 0 2 2 2 0 0.11497484022540394 
---
6 8 23.072177668106107 2.0 5
2 2 1 1 0 0 0.7218736585381469 
12 11 8 0 0 1 0.17461610703491148 
---
6 9 20.19329631914456 3.0 5
1 2 1 1 0 0 0.6394382957166607 
12 7 8 0 0 1 0.12702346937527342 
7 7 12 8 7 1 0.20890206357444074 
---
6 10 17.437795599424224 4.0 5
0 3 0 2 7 0 0.32804152708128065 
12 7 8 0 0 1 0.12702346937527342 
1 2 1 1 0 0 0.6394382957166607 
7 7 12 8 7 1 0.20890206357444074 
---
6 11 29.344026321200907 1.0 5
0 2 2 0 2 0 0.3438149993738817 
---
6 12 23.072177668106107 2.0 5
2 2 1 1 0 0 0.7218736585381469 
12 11 8 0 0 1 0.17461610703491148 
---
6 13 20.19329631914456 3.0 5
7 7 12 8 7 1 0.20890206357444074 
1 2 1 1 0 0 0.6394382957166607 
12 7 8 0 0 1 0.12702346937527342 
---
6 14 17.437795599424224 4.0 5
0 3 0 2 7 0 0.32804152708128065 
12 7 8 0 0 1 0.12702346937527342 
1 2 1 1 0 0 0.6394382957166607 
7 7 12 8 7 1 0.20890206357444074 
---
6 15 29.344026321200907 1.0 5
0 0 0 2 2 0 0.22151535897897467 
---
6 16 23.072177668106107 2.0 5
2 2 1 1 0 0 0.7218736585381469 
12 11 8 0 0 1 0.17461610703491148 
---
6 17 20.19329631914456 3.0 5
7 7 12 8 7 1 0.20890206357444074 
1 2 1 1 0 0 0.6394382957166607 
12 7 8 0 0 1 0.12702346937527342 
---
6 18 17.437795599424224 4.0 5
12 7 8 0 0 1 0.12702346937527342 
0 3 0 2 7 0 0.32804152708128065 
7 7 12 8 7 1 0.20890206357444074 
1 2 1 1 0 0 0.6394382957166607 
---
6 19 29.344026321200907 1.0 5
0 0 2 2 2 0 0.11497484022540394 
---
6 20 23.072177668106107 2.0 5
12 11 8 0 0 1 0.17461610703491148 
2 2 1 1 0 0 0.7218736585381469 
---
6 21 20.19329631914456 3.0 5
1 2 1 1 0 0 0.6394382957166607 
12 7 8 0 0 1 0.12702346937527342 
7 7 12 8 7 1 0.20890206357444074 
---
6 22 17.437795599424224 4.0 5
1 2 1 1 0 0 0.6394382957166607 
7 7 12 8 7 1 0.20890206357444074 
12 7 8 0 0 1 0.12702346937527342 
0 3 0 2 7 0 0.32804152708128065 
---
6 23 29.344026321200907 1.0 5
0 0 2 2 2 0 0.11497484022540394 
---
6 24 23.072177668106107 2.0 5
2 2 1 1 0 0 0.7218736585381469 
12 11 8 0 0 1 0.17461610703491148 
---
6 25 20.19329631914456 3.0 5
7 7 12 8 7 1 0.20890206357444074 
1 2 1 1 0 0 0.6394382957166607 
12 7 8 0 0 1 0.12702346937527342 
---
6 26 17.437795599424224 4.0 5
0 3 0 2 7 0 0.32804152708128065 
12 7 8 0 0 1 0.12702346937527342 
1 2 1 1 0 0 0.6394382957166607 
7 7 12 8 7 1 0.20890206357444074 
---
7 0 29.344026321200907 1.0 5
0 2 2 1 2 0 0.3889799410622532 
---
7 1 22.537528274727535 2.0 5
1 2 1 1 0 0 0.6394382957166607 
12 7 8 0 0 1 0.12702346937527342 
---
7 2 21.077524162039893 3.0 5
1 2 1 1 0 0 0.6394382957166607 
12 7 8 0 0 1 0.12702346937527342 
0 3 0 2 7 0 0.32804152708128065 
---
7 3 17.437795599424224 4.0 5
0 3 0 2 7 0 0.32804152708128065 
7 7 12 8 7 1 0.20890206357444074 
1 2 1 1 0 0 0.6394382957166607 
12 7 8 0 0 1 0.12702346937527342 
---
7 4 22.537528274727535 2.0 5
1 2 1 1 0 0 0.6394382957166607 
12 7 8 0 0 1 0.12702346937527342 
---
7 5 21.077524162039893 3.0 5
12 7 8 0 0 1 0.12702346937527342 
1 2 1 1 0 0 0.6394382957166607 
0 3 0 2 7 0 0.32804152708128065 
---
7 6 17.437795599424224 4.0 5
12 7 8 0 0 1 0.12702346937527342 
7 7 12 8 7 1 0.20890206357444074 
1 2 1 1 0 0 0.6394382957166607 
0 3 0 2 7 0 0.32804152708128065 
---
7 7 22.537528274727535 2.0 5
12 7 8 0 0 1 0.12702346937527342 
1 2 1 1 0 0 0.6394382957166607 
---
7 8 21.077524162039893 3.0 5
0 3 0 2 7 0 0.32804152708128065 
12 7 8 0 0 1 0.12702346937527342 
1 2 1 1 0 0 0.6394382957166607 
---
7 9 17.437795599424224 4.0 5
1 2 1 1 0 0 0.6394382957166607 
7 7 12 8 7 1 0.20890206357444074 
0 3 0 2 7 0 0.32804152708128065 
12 7 8 0 0 1 0.12702346937527342 
---
7 10 22.537528274727535 2.0 5
1 2 1 1 0 0 0.6394382957166607 
12 7 8 0 0 1 0.12702346937527342 
---
7 11 21.077524162039893 3.0 5
12 7 8 0 0 1 0.12702346937527342 
1 2 1 1 0 0 0.6394382957166607 
0 3 0 2 7 0 0.32804152708128065 
---
7 12 17.437795599424224 4.0 5
1 2 1 1 0 0 0.6394382957166607 
12 7 8 0 0 1 0.12702346937527342 
0 3 0 2 7 0 0.32804152708128065 
7 7 12 8 7 1 0.20890206357444074 
---
7 13 29.344026321200907 1.0 5
0 2 2 1 2 0 0.3889799410622532 
---
7 14 22.537528274727535 2.0 5
1 2 1 1 0 0 0.6394382957166607 
12 7 8 0 0 1 0.12702346937527342 
---
7 15 21.077524162039893 3.0 5
12 7 8 0 0 1 0.12702346937527342 
1 2 1 1 0 0 0.6394382957166607 
0 3 0 2 7 0 0.32804152708128065 
---
7 16 17.437795599424224 4.0 5
7 7 12 8 7 1 0.20890206357444074 
0 3 0 2 7 0 0.32804152708128065 
12 7 8 0 0 1 0.12702346937527342 
1 2 1 1 0 0 0.6394382957166607 
---
7 17 22.537528274727535 2.0 5
1 2 1 1 0 0 0.6394382957166607 
12 7 8 0 0 1 0.12702346937527342 
---
7 18 21.077524162039893 3.0 5
12 7 8 0 0 1 0.12702346937527342 
1 2 1 1 0 0 0.6394382957166607 
0 3 0 2 7 0 0.32804152708128065 
---
7 19 17.437795599424224 4.0 5
12 7 8 0 0 1 0.12702346937527342 
7 7 12 8 7 1 0.20890206357444074 
1 2 1 1 0 0 0.6394382957166607 
0 3 0 2 7 0 0.32804152708128065 
---
7 20 22.537528274727535 2.0 5
12 7 8 0 0 1 0.12702346937527342 
1 2 1 1 0 0 0.6394382957166607 
---
7 21 21.077524162039893 3.0 5
12 7 8 0 0 1 0.12702346937527342 
1 2 1 1 0 0 0.6394382957166607 
0 3 0 2 7 0 0.32804152708128065 
---
7 22 17.437795599424224 4.0 5
12 7 8 0 0 1 0.12702346937527342 
7 7 12 8 7 1 0.20890206357444074 
1 2 1 1 0 0 0.6394382957166607 
0 3 0 2 7 0 0.32804152708128065 
---
7 23 29.344026321200907 1.0 5
0 2 2 1 2 0 0.3889799410622532 
---
7 24 22.537528274727535 2.0 5
1 2 1 1 0 0 0.6394382957166607 
12 7 8 0 0 1 0.12702346937527342 
---
8 0 29.344026321200907 1.0 5
0 2 0 0 0 0 0.4900049992706448 
---
8 1 22.537528274727535 2.0 5
12 7 8 0 0 1 0.12702346937527342 
1 2 1 1 0 0 0.6394382957166607 
---
8 2 22.537528274727535 2.0 5
12 7 8 0 0 1 0.12702346937527342 
1 2 1 1 0 0 0.6394382957166607 
---
8 3 20.19329631914456 3.0 5
12 7 8 0 0 1 0.12702346937527342 
1 2 1 1 0 0 0.6394382957166607 
7 7 12 8 7 1 0.20890206357444074 
---
8 4 20.19329631914456 3.0 5
1 2 1 1 0 0 0.6394382957166607 
7 7 12 8 7 1 0.20890206357444074 
12 7 8 0 0 1 0.12702346937527342 
---
8 5 17.437795599424224 4.0 5
7 7 12 8 7 1 0.20890206357444074 
12 7 8 0 0 1 0.12702346937527342 
0 3 0 2 7 0 0.32804152708128065 
1 2 1 1 0 0 0.6394382957166607 
---
8 6 17.437795599424224 4.0 5
7 7 12 8 7 1 0.20890206357444074 
0 3 0 2 7 0 0.32804152708128065 
1 2 1 1 0 0 0.6394382957166607 
12 7 8 0 0 1 0.12702346937527342 
---
8 7 29.344026321200907 1.0 5
0 2 0 0 0 0 0.4900049992706448 
---
8 8 22.537528274727535 2.0 5
12 7 8 0 0 1 0.12702346937527342 
1 2 1 1 0 0 0.6394382957166607 
---
8 9 20.19329631914456 3.0 5
12 7 8 0 0 1 0.12702346937527342 
1 2 1 1 0 0 0.6394382957166607 
7 7 12 8 7 1 0.20890206357444074 
---
8 10 17.437795599424224 4.0 5
12 7 8 0 0 1 0.12702346937527342 
0 3 0 2 7 0 0.32804152708128065 
1 2 1 1 0 0 0.6394382957166607 
7 7 12 8 7 1 0.20890206357444074 
---
8 11 22.537528274727535 2.0 5
12 7 8 0 0 1 0.12702346937527342 
1 2 1 1 0 0 0.6394382957166607 
---
8 12 20.19329631914456 3.0 5
1 2 1 1 0 0 0.6394382957166607 
7 7 12 8 7 1 0.20890206357444074 
12 7 8 0 0 1 0.12702346937527342 
---
8 13 17.437795599424224 4.0 5
0 3 0 2 7 0 0.32804152708128065 
12 7 8 0 0 1 0.12702346937527342 
7 7 12 8 7 1 0.20890206357444074 
1 2 1 1 0 0 0.6394382957166607 
---
8 14 29.344026321200907 1.0 5
0 2 2 0 0 0 0.3638938097439868 
---
8 15 22.537528274727535 2.0 5
1 2 1 1 0 0 0.6394382957166607 
12 7 8 0 0 1 0.12702346937527342 
---
8 16 20.19329631914456 3.0 5
12 7 8 0 0 1 0.12702346937527342 
1 2 1 1 0 0 0.6394382957166607 
7 7 12 8 7 1 0.20890206357444074 
---
8 17 17.437795599424224 4.0 5
7 7 12 8 7 1 0.20890206357444074 
1 2 1 1 0 0 0.6394382957166607 
0 3 0 2 7 0 0.32804152708128065 
12 7 8 0 0 1 0.12702346937527342 
---
8 18 22.537528274727535 2.0 5
12 7 8 0 0 1 0.12702346937527342 
1 2 1 1 0 0 0.6394382957166607 
---
8 19 20.19329631914456 3.0 5
1 2 1 1 0 0 0.6394382957166607 
7 7 12 8 7 1 0.20890206357444074 
12 7 8 0 0 1 0.12702346937527342 
---
8 20 17.437795599424224 4.0 5
7 7 12 8 7 1 0.20890206357444074 
1 2 1 1 0 0 0.6394382957166607 
0 3 0 2 7 0 0.32804152708128065 
12 7 8 0 0 1 0.12702346937527342 
---
8 21 22.537528274727535 2.0 5
12 7 8 0 0 1 0.12702346937527342 
1 2 1 1 0 0 0.6394382957166607 
---
8 22 20.19329631914456 3.0 5
12 7 8 0 0 1 0.12702346937527342 
1 2 1 1 0 0 0.6394382957166607 
7 7 12 8 7 1 0.20890206357444074 
---
8 23 17.437795599424224 4.0 5
7 7 12 8 7 1 0.20890206357444074 
12 7 8 0 0 1 0.12702346937527342 
0 3 0 2 7 0 0.32804152708128065 
1 2 1 1 0 0 0.6394382957166607 
---
8 24 22.537528274727535 2.0 5
12 7 8 0 0 1 0.12702346937527342 
1 2 1 1 0 0 0.6394382957166607 
---
8 25 20.19329631914456 3.0 5
12 7 8 0 0 1 0.12702346937527342 
1 2 1 1 0 0 0.6394382957166607 
7 7 12 8 7 1 0.20890206357444074 
