---
0 0 29.344026321200907 1.0 5
0 0 1 0 2 0 0.46303339351911554 
---
0 1 16.800329015011307 5.0 5
5 1 4 4 11 0 0.9963384487415381 
7 7 12 8 4 1 0.29143670674250877 
1 1 7 0 4 0 0.5123851802538355 
12 7 8 4 0 1 0.14714381434162527 
3 0 8 4 7 0 0.335076454123868 
---
0 2 23.174994859140448 2.0 5
7 7 4 8 1 1 0.22491714844155664 
2 2 1 0 1 0 0.682337056473652 
---
0 3 21.488792926177258 3.0 5
3 0 8 4 7 0 0.335076454123868 
12 7 8 4 0 1 0.14714381434162527 
1 1 7 0 4 0 0.5123851802538355 
---
0 4 17.170470902734937 4.0 5
7 7 12 8 4 1 0.29143670674250877 
12 7 8 4 0 1 0.14714381434162527 
1 1 7 0 4 0 0.5123851802538355 
3 0 8 4 7 0 0.335076454123868 
---
0 5 23.174994859140448 2.0 5
7 7 4 8 1 1 0.22491714844155664 
2 2 1 0 1 0 0.682337056473652 
---
0 6 21.488792926177258 3.0 5
3 0 8 4 7 0 0.335076454123868 
12 7 8 4 0 1 0.14714381434162527 
1 1 7 0 4 0 0.5123851802538355 
---
0 7 17.170470902734937 4.0 5
3 0 8 4 7 0 0.335076454123868 
7 7 12 8 4 1 0.29143670674250877 
1 1 7 0 4 0 0.5123851802538355 
12 7 8 4 0 1 0.14714381434162527 
---
0 8 16.800329015011307 5.0 5
5 1 4 4 11 0 0.9963384487415381 
7 7 12 8 4 1 0.29143670674250877 
1 1 7 0 4 0 0.5123851802538355 
12 7 8 4 0 1 0.14714381434162527 
3 0 8 4 7 0 0.335076454123868 
---
0 9 23.174994859140448 2.0 5
7 7 4 8 1 1 0.22491714844155664 
2 2 1 0 1 0 0.682337056473652 
---
0 10 21.488792926177258 3.0 5
3 0 8 4 7 0 0.335076454123868 
12 7 8 4 0 1 0.14714381434162527 
1 1 7 0 4 0 0.5123851802538355 
---
0 11 17.170470902734937 4.0 5
7 7 12 8 4 1 0.29143670674250877 
12 7 8 4 0 1 0.14714381434162527 
3 0 8 4 7 0 0.335076454123868 
1 1 7 0 4 0 0.5123851802538355 
---
0 12 29.344026321200907 1.0 5
0 0 1 0 2 0 0.46303339351911554 
---
0 13 16.800329015011307 5.0 5
5 1 4 4 11 0 0.9963384487415381 
7 7 12 8 4 1 0.29143670674250877 
1 1 7 0 4 0 0.5123851802538355 
12 7 8 4 0 1 0.14714381434162527 
3 0 8 4 7 0 0.335076454123868 
---
0 14 23.174994859140448 2.0 5
7 7 4 8 1 1 0.22491714844155664 
2 2 1 0 1 0 0.682337056473652 
---
0 15 21.488792926177258 3.0 5
3 0 8 4 7 0 0.335076454123868 
12 7 8 4 0 1 0.14714381434162527 
1 1 7 0 4 0 0.5123851802538355 
---
0 16 17.170470902734937 4.0 5
3 0 8 4 7 0 0.335076454123868 
7 7 12 8 4 1 0.29143670674250877 
12 7 8 4 0 1 0.14714381434162527 
1 1 7 0 4 0 0.5123851802538355 
---
0 17 16.800329015011307 5.0 5
5 1 4 4 11 0 0.9963384487415381 
7 7 12 8 4 1 0.29143670674250877 
1 1 7 0 4 0 0.5123851802538355 
12 7 8 4 0 1 0.14714381434162527 
3 0 8 4 7 0 0.335076454123868 
---
0 18 23.174994859140448 2.0 5
7 7 4 8 1 1 0.22491714844155664 
2 2 1 0 1 0 0.682337056473652 
---
0 19 21.488792926177258 3.0 5
3 0 8 4 7 0 0.335076454123868 
12 7 8 4 0 1 0.14714381434162527 
1 1 7 0 4 0 0.5123851802538355 
---
0 20 17.170470902734937 4.0 5
7 7 12 8 4 1 0.29143670674250877 
12 7 8 4 0 1 0.14714381434162527 
1 1 7 0 4 0 0.5123851802538355 
3 0 8 4 7 0 0.335076454123868 
---
0 21 16.800329015011307 5.0 5
12 7 8 4 0 1 0.14714381434162527 
5 1 4 4 11 0 0.9963384487415381 
7 7 12 8 4 1 0.29143670674250877 
3 0 8 4 7 0 0.335076454123868 
1 1 7 0 4 0 0.5123851802538355 
---
0 22 23.174994859140448 2.0 5
7 7 4 8 1 1 0.22491714844155664 
2 2 1 0 1 0 0.682337056473652 
---
0 23 21.488792926177258 3.0 5
3 0 8 4 7 0 0.335076454123868 
12 7 8 4 0 1 0.14714381434162527 
1 1 7 0 4 0 0.5123851802538355 
---
0 24 17.170470902734937 4.0 5
1 1 7 0 4 0 0.5123851802538355 
3 0 8 4 7 0 0.335076454123868 
7 7 12 8 4 1 0.29143670674250877 
12 7 8 4 0 1 0.14714381434162527 
---
0 25 29.344026321200907 1.0 5
0 0 1 0 2 0 0.46303339351911554 
---
0 26 16.800329015011307 5.0 5
5 1 4 4 11 0 0.9963384487415381 
7 7 12 8 4 1 0.29143670674250877 
1 1 7 0 4 0 0.5123851802538355 
12 7 8 4 0 1 0.14714381434162527 
3 0 8 4 7 0 0.335076454123868 
---
0 27 23.174994859140448 2.0 5
7 7 4 8 1 1 0.22491714844155664 
2 2 1 0 1 0 0.682337056473652 
---
0 28 21.488792926177258 3.0 5
12 7 8 4 0 1 0.14714381434162527 
3 0 8 4 7 0 0.335076454123868 
1 1 7 0 4 0 0.5123851802538355 
---
0 29 17.170470902734937 4.0 5
12 7 8 4 0 1 0.14714381434162527 
7 7 12 8 4 1 0.29143670674250877 
1 1 7 0 4 0 0.5123851802538355 
3 0 8 4 7 0 0.335076454123868 
---
0 30 29.344026321200907 1.0 5
0 0 1 1 2 0 0.5801318893749201 
---
1 0 29.344026321200907 1.0 5
0 2 1 0 0 0 0.6027780691400813 
---
1 1 16.82089245321818 5.0 5
3 0 8 4 7 0 0.335076454123868 
12 7 8 4 0 1 0.16051881177892868 
5 1 4 4 11 0 0.9963384487415381 
1 1 7 0 4 0 0.5123851802538355 
7 7 12 8 4 1 0.29143670674250877 
---
1 2 23.195558297347315 2.0 5
12 7 8 4 0 1 0.12402361221793123 
1 2 4 7 2 0 0.6077533191061488 
---
1 3 21.385975735142914 3.0 5
3 0 8 4 7 0 0.335076454123868 
12 7 8 4 0 1 0.16051881177892868 
1 1 7 0 4 0 0.5123851802538355 
---
1 4 17.191034340941805 4.0 5
12 7 8 4 0 1 0.16051881177892868 
3 0 8 4 7 0 0.335076454123868 
1 1 7 0 4 0 0.5123851802538355 
7 7 12 8 4 1 0.29143670674250877 
---
1 5 23.195558297347315 2.0 5
12 7 8 4 0 1 0.12402361221793123 
1 2 4 7 2 0 0.6077533191061488 
---
1 6 21.385975735142914 3.0 5
3 0 8 4 7 0 0.335076454123868 
12 7 8 4 0 1 0.16051881177892868 
1 1 7 0 4 0 0.5123851802538355 
---
1 7 17.191034340941805 4.0 5
1 1 7 0 4 0 0.5123851802538355 
12 7 8 4 0 1 0.16051881177892868 
3 0 8 4 7 0 0.335076454123868 
7 7 12 8 4 1 0.29143670674250877 
---
1 8 16.82089245321818 5.0 5
3 0 8 4 7 0 0.335076454123868 
12 7 8 4 0 1 0.16051881177892868 
5 1 4 4 11 0 0.9963384487415381 
1 1 7 0 4 0 0.5123851802538355 
7 7 12 8 4 1 0.29143670674250877 
---
1 9 23.195558297347315 2.0 5
1 2 4 7 2 0 0.6077533191061488 
12 7 8 4 0 1 0.12402361221793123 
---
1 10 21.385975735142914 3.0 5
3 0 8 4 7 0 0.335076454123868 
12 7 8 4 0 1 0.16051881177892868 
1 1 7 0 4 0 0.5123851802538355 
---
1 11 17.191034340941805 4.0 5
12 7 8 4 0 1 0.16051881177892868 
3 0 8 4 7 0 0.335076454123868 
1 1 7 0 4 0 0.5123851802538355 
7 7 12 8 4 1 0.29143670674250877 
---
1 12 16.82089245321818 5.0 5
3 0 8 4 7 0 0.335076454123868 
12 7 8 4 0 1 0.16051881177892868 
5 1 4 4 11 0 0.9963384487415381 
1 1 7 0 4 0 0.5123851802538355 
7 7 12 8 4 1 0.29143670674250877 
---
1 13 23.195558297347315 2.0 5
1 2 4 7 2 0 0.6077533191061488 
12 7 8 4 0 1 0.12402361221793123 
---
1 14 21.385975735142914 3.0 5
3 0 8 4 7 0 0.335076454123868 
12 7 8 4 0 1 0.16051881177892868 
1 1 7 0 4 0 0.5123851802538355 
---
1 15 17.191034340941805 4.0 5
7 7 12 8 4 1 0.29143670674250877 
3 0 8 4 7 0 0.335076454123868 
1 1 7 0 4 0 0.5123851802538355 
12 7 8 4 0 1 0.16051881177892868 
---
1 16 16.82089245321818 5.0 5
5 1 4 4 11 0 0.9963384487415381 
7 7 12 8 4 1 0.29143670674250877 
3 0 8 4 7 0 0.335076454123868 
1 1 7 0 4 0 0.5123851802538355 
12 7 8 4 0 1 0.16051881177892868 
---
1 17 23.195558297347315 2.0 5
1 2 4 7 2 0 0.6077533191061488 
12 7 8 4 0 1 0.12402361221793123 
---
1 18 17.191034340941805 4.0 5
12 7 8 4 0 1 0.16051881177892868 
3 0 8 4 7 0 0.335076454123868 
1 1 7 0 4 0 0.5123851802538355 
7 7 12 8 4 1 0.29143670674250877 
---
1 19 16.82089245321818 5.0 5
3 0 8 4 7 0 0.335076454123868 
12 7 8 4 0 1 0.16051881177892868 
5 1 4 4 11 0 0.9963384487415381 
1 1 7 0 4 0 0.5123851802538355 
7 7 12 8 4 1 0.29143670674250877 
---
1 20 23.195558297347315 2.0 5
12 7 8 4 0 1 0.12402361221793123 
1 2 4 7 2 0 0.6077533191061488 
---
1 21 17.191034340941805 4.0 5
12 7 8 4 0 1 0.16051881177892868 
3 0 8 4 7 0 0.335076454123868 
1 1 7 0 4 0 0.5123851802538355 
7 7 12 8 4 1 0.29143670674250877 
---
1 22 16.82089245321818 5.0 5
5 1 4 4 11 0 0.9963384487415381 
7 7 12 8 4 1 0.29143670674250877 
3 0 8 4 7 0 0.335076454123868 
1 1 7 0 4 0 0.5123851802538355 
12 7 8 4 0 1 0.16051881177892868 
---
1 23 23.195558297347315 2.0 5
1 2 4 7 2 0 0.6077533191061488 
12 7 8 4 0 1 0.12402361221793123 
---
1 24 17.191034340941805 4.0 5
12 7 8 4 0 1 0.16051881177892868 
3 0 8 4 7 0 0.335076454123868 
1 1 7 0 4 0 0.5123851802538355 
7 7 12 8 4 1 0.29143670674250877 
---
1 25 16.82089245321818 5.0 5
3 0 8 4 7 0 0.335076454123868 
12 7 8 4 0 1 0.16051881177892868 
5 1 4 4 11 0 0.9963384487415381 
1 1 7 0 4 0 0.5123851802538355 
7 7 12 8 4 1 0.29143670674250877 
---
1 26 23.195558297347315 2.0 5
1 2 4 7 2 0 0.6077533191061488 
12 7 8 4 0 1 0.12402361221793123 
---
1 27 17.191034340941805 4.0 5
12 7 8 4 0 1 0.16051881177892868 
3 0 8 4 7 0 0.335076454123868 
1 1 7 0 4 0 0.5123851802538355 
7 7 12 8 4 1 0.29143670674250877 
---
2 0 29.344026321200907 1.0 5
0 0 1 0 2 0 0.46303339351911554 
---
2 1 16.82089245321818 5.0 5
12 7 8 4 0 1 0.14828602147130088 
1 1 7 0 4 0 0.5123851802538355 
3 0 8 4 7 0 0.335076454123868 
7 7 12 8 4 1 0.29143670674250877 
5 1 4 4 11 0 0.9963384487415381 
---
2 2 24.491054904380015 2.0 5
0 0 1 1 2 0 0.5636572171246524 
7 7 12 8 4 1 0.29143670674250877 
---
2 3 21.24203166769484 3.0 5
3 0 8 4 7 0 0.335076454123868 
12 7 8 4 0 1 0.16051881177892868 
2 0 1 1 2 0 0.6475348006074473 
---
2 4 21.24203166769484 3.0 5
3 0 8 4 7 0 0.335076454123868 
12 7 8 4 0 1 0.16051881177892868 
2 0 1 1 2 0 0.6475348006074473 
---
2 5 17.191034340941805 4.0 5
12 7 8 4 0 1 0.16051881177892868 
7 7 12 8 4 1 0.29143670674250877 
3 0 8 4 7 0 0.335076454123868 
1 1 7 0 4 0 0.5123851802538355 
---
2 6 17.191034340941805 4.0 5
12 7 8 4 0 1 0.16051881177892868 
3 0 8 4 7 0 0.335076454123868 
7 7 12 8 4 1 0.29143670674250877 
1 1 7 0 4 0 0.5123851802538355 
---
2 7 29.344026321200907 1.0 5
0 0 1 0 2 0 0.46303339351911554 
---
2 8 16.82089245321818 5.0 5
12 7 8 4 0 1 0.14828602147130088 
1 1 7 0 4 0 0.5123851802538355 
3 0 8 4 7 0 0.335076454123868 
7 7 12 8 4 1 0.29143670674250877 
5 1 4 4 11 0 0.9963384487415381 
---
2 9 24.491054904380015 2.0 5
0 0 1 1 2 0 0.5636572171246524 
7 7 12 8 4 1 0.29143670674250877 
---
2 10 21.24203166769484 3.0 5
2 0 1 1 2 0 0.6475348006074473 
12 7 8 4 0 1 0.16051881177892868 
3 0 8 4 7 0 0.335076454123868 
---
2 11 17.191034340941805 4.0 5
12 7 8 4 0 1 0.16051881177892868 
7 7 12 8 4 1 0.29143670674250877 
3 0 8 4 7 0 0.335076454123868 
1 1 7 0 4 0 0.5123851802538355 
---
2 12 16.82089245321818 5.0 5
12 7 8 4 0 1 0.14828602147130088 
1 1 7 0 4 0 0.5123851802538355 
3 0 8 4 7 0 0.335076454123868 
7 7 12 8 4 1 0.29143670674250877 
5 1 4 4 11 0 0.9963384487415381 
---
2 13 24.491054904380015 2.0 5
0 0 1 1 2 0 0.5636572171246524 
7 7 12 8 4 1 0.29143670674250877 
---
2 14 21.24203166769484 3.0 5
2 0 1 1 2 0 0.6475348006074473 
12 7 8 4 0 1 0.16051881177892868 
3 0 8 4 7 0 0.335076454123868 
---
2 15 17.191034340941805 4.0 5
12 7 8 4 0 1 0.16051881177892868 
7 7 12 8 4 1 0.29143670674250877 
3 0 8 4 7 0 0.335076454123868 
1 1 7 0 4 0 0.5123851802538355 
---
2 16 29.344026321200907 1.0 5
0 0 1 0 2 0 0.46303339351911554 
---
2 17 16.82089245321818 5.0 5
12 7 8 4 0 1 0.14828602147130088 
1 1 7 0 4 0 0.5123851802538355 
3 0 8 4 7 0 0.335076454123868 
7 7 12 8 4 1 0.29143670674250877 
5 1 4 4 11 0 0.9963384487415381 
---
2 18 21.24203166769484 3.0 5
2 0 1 1 2 0 0.6475348006074473 
3 0 8 4 7 0 0.335076454123868 
12 7 8 4 0 1 0.16051881177892868 
---
2 19 17.191034340941805 4.0 5
12 7 8 4 0 1 0.16051881177892868 
7 7 12 8 4 1 0.29143670674250877 
3 0 8 4 7 0 0.335076454123868 
1 1 7 0 4 0 0.5123851802538355 
---
2 20 29.344026321200907 1.0 5
0 0 1 0 2 0 0.46303339351911554 
---
2 21 16.82089245321818 5.0 5
12 7 8 4 0 1 0.14828602147130088 
1 1 7 0 4 0 0.5123851802538355 
3 0 8 4 7 0 0.335076454123868 
7 7 12 8 4 1 0.29143670674250877 
5 1 4 4 11 0 0.9963384487415381 
---
2 22 21.24203166769484 3.0 5
2 0 1 1 2 0 0.6475348006074473 
3 0 8 4 7 0 0.335076454123868 
12 7 8 4 0 1 0.16051881177892868 
---
2 23 17.191034340941805 4.0 5
7 7 12 8 4 1 0.29143670674250877 
3 0 8 4 7 0 0.335076454123868 
12 7 8 4 0 1 0.16051881177892868 
1 1 7 0 4 0 0.5123851802538355 
---
2 24 29.344026321200907 1.0 5
0 0 1 1 2 0 0.5636572171246524 
---
2 25 16.82089245321818 5.0 5
12 7 8 4 0 1 0.14828602147130088 
1 1 7 0 4 0 0.5123851802538355 
3 0 8 4 7 0 0.335076454123868 
7 7 12 8 4 1 0.29143670674250877 
5 1 4 4 11 0 0.9963384487415381 
---
2 26 21.24203166769484 3.0 5
2 0 1 1 2 0 0.6475348006074473 
3 0 8 4 7 0 0.335076454123868 
12 7 8 4 0 1 0.16051881177892868 
---
2 27 17.191034340941805 4.0 5
12 7 8 4 0 1 0.16051881177892868 
3 0 8 4 7 0 0.335076454123868 
7 7 12 8 4 1 0.29143670674250877 
1 1 7 0 4 0 0.5123851802538355 
---
2 28 29.344026321200907 1.0 5
0 0 1 0 2 0 0.46303339351911554 
---
3 0 29.344026321200907 1.0 5
0 0 1 1 2 0 0.5636572171246524 
---
3 1 16.82089245321818 5.0 5
5 1 4 4 11 0 0.9963384487415381 
1 1 7 0 4 0 0.5123851802538355 
7 7 12 8 4 1 0.29143670674250877 
3 0 8 4 7 0 0.335076454123868 
12 7 8 4 0 1 0.14828602147130088 
---
3 2 22.044005757762697 2.0 5
2 2 1 1 7 0 0.8178640866460785 
12 7 8 4 0 1 0.10524650714925521 
---
3 3 22.002878881348963 3.0 5
5 1 4 4 11 0 0.9963384487415381 
12 7 8 4 0 1 0.10524650714925521 
2 2 1 1 7 0 0.8178640866460785 
---
3 4 17.191034340941805 4.0 5
12 7 8 4 0 1 0.16051881177892868 
1 1 7 0 4 0 0.5123851802538355 
3 0 8 4 7 0 0.335076454123868 
7 7 12 8 4 1 0.29143670674250877 
---
3 5 22.044005757762697 2.0 5
12 7 8 4 0 1 0.10524650714925521 
2 2 1 1 7 0 0.8178640866460785 
---
3 6 22.002878881348963 3.0 5
5 1 4 4 11 0 0.9963384487415381 
12 7 8 4 0 1 0.10524650714925521 
2 2 1 1 7 0 0.8178640866460785 
---
3 7 17.191034340941805 4.0 5
12 7 8 4 0 1 0.14828602147130088 
1 1 7 0 4 0 0.5123851802538355 
3 0 8 4 7 0 0.335076454123868 
7 7 12 8 4 1 0.29143670674250877 
---
3 8 16.82089245321818 5.0 5
5 1 4 4 11 0 0.9963384487415381 
1 1 7 0 4 0 0.5123851802538355 
7 7 12 8 4 1 0.29143670674250877 
3 0 8 4 7 0 0.335076454123868 
12 7 8 4 0 1 0.14828602147130088 
---
3 9 22.044005757762697 2.0 5
12 7 8 4 0 1 0.10524650714925521 
2 2 1 1 7 0 0.8178640866460785 
---
3 10 22.002878881348963 3.0 5
12 7 8 4 0 1 0.10524650714925521 
2 2 1 1 7 0 0.8178640866460785 
5 1 4 4 11 0 0.9963384487415381 
---
3 11 17.191034340941805 4.0 5
12 7 8 4 0 1 0.14828602147130088 
7 7 12 8 4 1 0.29143670674250877 
1 1 7 0 4 0 0.5123851802538355 
3 0 8 4 7 0 0.335076454123868 
---
3 12 16.82089245321818 5.0 5
3 0 8 4 7 0 0.335076454123868 
5 1 4 4 11 0 0.9963384487415381 
1 1 7 0 4 0 0.5123851802538355 
7 7 12 8 4 1 0.29143670674250877 
12 7 8 4 0 1 0.16051881177892868 
---
3 13 22.044005757762697 2.0 5
2 2 1 1 7 0 0.8178640866460785 
12 7 8 4 0 1 0.10524650714925521 
---
3 14 22.002878881348963 3.0 5
2 2 1 1 7 0 0.8178640866460785 
12 7 8 4 0 1 0.10524650714925521 
5 1 4 4 11 0 0.9963384487415381 
---
3 15 17.191034340941805 4.0 5
1 1 7 0 4 0 0.5123851802538355 
12 7 8 4 0 1 0.16051881177892868 
3 0 8 4 7 0 0.335076454123868 
7 7 12 8 4 1 0.29143670674250877 
---
3 16 29.344026321200907 1.0 5
0 0 1 1 2 0 0.5636572171246524 
---
3 17 16.82089245321818 5.0 5
3 0 8 4 7 0 0.335076454123868 
1 1 7 0 4 0 0.5123851802538355 
12 7 8 4 0 1 0.14828602147130088 
7 7 12 8 4 1 0.29143670674250877 
5 1 4 4 11 0 0.9963384487415381 
---
3 18 22.044005757762697 2.0 5
2 2 1 1 7 0 0.8178640866460785 
12 7 8 4 0 1 0.10524650714925521 
---
3 19 22.002878881348963 3.0 5
5 1 4 4 11 0 0.9963384487415381 
12 7 8 4 0 1 0.10524650714925521 
2 2 1 1 7 0 0.8178640866460785 
---
3 20 17.191034340941805 4.0 5
12 7 8 4 0 1 0.14828602147130088 
1 1 7 0 4 0 0.5123851802538355 
3 0 8 4 7 0 0.335076454123868 
7 7 12 8 4 1 0.29143670674250877 
---
3 21 29.344026321200907 1.0 5
0 0 1 1 2 0 0.5636572171246524 
---
3 22 16.82089245321818 5.0 5
5 1 4 4 11 0 0.9963384487415381 
1 1 7 0 4 0 0.5123851802538355 
7 7 12 8 4 1 0.29143670674250877 
3 0 8 4 7 0 0.335076454123868 
12 7 8 4 0 1 0.14828602147130088 
---
3 23 22.044005757762697 2.0 5
12 7 8 4 0 1 0.10524650714925521 
2 2 1 1 7 0 0.8178640866460785 
---
3 24 22.002878881348963 3.0 5
12 7 8 4 0 1 0.10524650714925521 
5 1 4 4 11 0 0.9963384487415381 
2 2 1 1 7 0 0.8178640866460785 
---
3 25 17.191034340941805 4.0 5
1 1 7 0 4 0 0.5123851802538355 
12 7 8 4 0 1 0.16051881177892868 
3 0 8 4 7 0 0.335076454123868 
7 7 12 8 4 1 0.29143670674250877 
---
3 26 29.344026321200907 1.0 5
0 0 1 1 2 0 0.5636572171246524 
---
3 27 16.82089245321818 5.0 5
5 1 4 4 11 0 0.9963384487415381 
1 1 7 0 4 0 0.5123851802538355 
7 7 12 8 4 1 0.29143670674250877 
3 0 8 4 7 0 0.335076454123868 
12 7 8 4 0 1 0.14828602147130088 
---
3 28 22.044005757762697 2.0 5
2 2 1 1 7 0 0.8178640866460785 
12 7 8 4 0 1 0.10524650714925521 
---
3 29 22.002878881348963 3.0 5
2 2 1 1 7 0 0.8178640866460785 
12 7 8 4 0 1 0.10524650714925521 
5 1 4 4 11 0 0.9963384487415381 
---
3 30 17.191034340941805 4.0 5
12 7 8 4 0 1 0.14828602147130088 
1 1 7 0 4 0 0.5123851802538355 
3 0 8 4 7 0 0.335076454123868 
7 7 12 8 4 1 0.29143670674250877 
---
4 0 29.344026321200907 1.0 5
0 2 1 1 2 0 0.6416229893780243 
---
4 1 22.537528274727535 2.0 5
4 2 1 1 4 0 0.7026569438802807 
12 7 8 4 0 1 0.16051881177892868 
---
4 2 22.22907670162451 3.0 5
12 7 8 4 0 1 0.16051881177892868 
4 2 1 1 4 0 0.7026569438802807 
1 1 2 2 4 0 0.10291577265899443 
---
4 3 17.191034340941805 4.0 5
3 0 8 4 7 0 0.335076454123868 
12 7 8 4 0 1 0.16051881177892868 
1 1 7 0 4 0 0.5123851802538355 
7 7 12 8 4 1 0.29143670674250877 
---
4 4 17.191034340941805 4.0 5
3 0 8 4 7 0 0.335076454123868 
12 7 8 4 0 1 0.16051881177892868 
1 1 7 0 4 0 0.5123851802538355 
7 7 12 8 4 1 0.29143670674250877 
---
4 5 16.82089245321818 5.0 5
3 0 8 4 7 0 0.335076454123868 
7 7 12 8 4 1 0.29143670674250877 
5 1 4 4 11 0 0.9963384487415381 
1 1 7 0 4 0 0.5123851802538355 
12 7 8 4 0 1 0.16051881177892868 
---
4 6 22.537528274727535 2.0 5
4 2 1 1 4 0 0.7026569438802807 
12 7 8 4 0 1 0.16051881177892868 
---
4 7 22.22907670162451 3.0 5
4 2 1 1 4 0 0.7026569438802807 
12 7 8 4 0 1 0.16051881177892868 
1 1 2 2 4 0 0.10291577265899443 
---
4 8 16.82089245321818 5.0 5
1 1 7 0 4 0 0.5123851802538355 
12 7 8 4 0 1 0.16051881177892868 
3 0 8 4 7 0 0.335076454123868 
7 7 12 8 4 1 0.29143670674250877 
5 1 4 4 11 0 0.9963384487415381 
---
4 9 17.191034340941805 4.0 5
3 0 8 4 7 0 0.335076454123868 
12 7 8 4 0 1 0.16051881177892868 
1 1 7 0 4 0 0.5123851802538355 
7 7 12 8 4 1 0.29143670674250877 
---
4 10 22.537528274727535 2.0 5
4 2 1 1 4 0 0.7026569438802807 
12 7 8 4 0 1 0.16051881177892868 
---
4 11 22.22907670162451 3.0 5
1 1 2 2 4 0 0.10291577265899443 
4 2 1 1 4 0 0.7026569438802807 
12 7 8 4 0 1 0.16051881177892868 
---
4 12 16.82089245321818 5.0 5
3 0 8 4 7 0 0.335076454123868 
7 7 12 8 4 1 0.29143670674250877 
5 1 4 4 11 0 0.9963384487415381 
1 1 7 0 4 0 0.5123851802538355 
12 7 8 4 0 1 0.16051881177892868 
---
4 13 17.191034340941805 4.0 5
3 0 8 4 7 0 0.335076454123868 
12 7 8 4 0 1 0.16051881177892868 
1 1 7 0 4 0 0.5123851802538355 
7 7 12 8 4 1 0.29143670674250877 
---
4 14 22.537528274727535 2.0 5
4 2 1 1 4 0 0.7026569438802807 
12 7 8 4 0 1 0.16051881177892868 
---
4 15 22.22907670162451 3.0 5
12 7 8 4 0 1 0.16051881177892868 
4 2 1 1 4 0 0.7026569438802807 
1 1 2 2 4 0 0.10291577265899443 
---
4 16 16.82089245321818 5.0 5
1 1 7 0 4 0 0.5123851802538355 
7 7 12 8 4 1 0.29143670674250877 
3 0 8 4 7 0 0.335076454123868 
5 1 4 4 11 0 0.9963384487415381 
12 7 8 4 0 1 0.16051881177892868 
---
4 17 17.191034340941805 4.0 5
3 0 8 4 7 0 0.335076454123868 
12 7 8 4 0 1 0.16051881177892868 
1 1 7 0 4 0 0.5123851802538355 
7 7 12 8 4 1 0.29143670674250877 
---
4 18 22.537528274727535 2.0 5
4 2 1 1 4 0 0.7026569438802807 
12 7 8 4 0 1 0.16051881177892868 
---
4 19 22.22907670162451 3.0 5
1 1 2 2 4 0 0.10291577265899443 
4 2 1 1 4 0 0.7026569438802807 
12 7 8 4 0 1 0.16051881177892868 
---
4 20 16.82089245321818 5.0 5
3 0 8 4 7 0 0.335076454123868 
7 7 12 8 4 1 0.29143670674250877 
5 1 4 4 11 0 0.9963384487415381 
12 7 8 4 0 1 0.16051881177892868 
1 1 7 0 4 0 0.5123851802538355 
---
4 21 29.344026321200907 1.0 5
0 2 1 1 2 0 0.6745137814349078 
---
4 22 17.191034340941805 4.0 5
12 7 8 4 0 1 0.16051881177892868 
7 7 12 8 4 1 0.29143670674250877 
1 1 7 0 4 0 0.5123851802538355 
3 0 8 4 7 0 0.335076454123868 
---
4 23 22.537528274727535 2.0 5
4 2 1 1 4 0 0.7026569438802807 
12 7 8 4 0 1 0.16051881177892868 
---
4 24 22.22907670162451 3.0 5
12 7 8 4 0 1 0.16051881177892868 
1 1 2 2 4 0 0.10291577265899443 
4 2 1 1 4 0 0.7026569438802807 
---
5 0 29.344026321200907 1.0 5
0 0 1 0 0 0 0.5102596527362355 
---
5 1 16.82089245321818 5.0 5
12 7 8 4 0 1 0.16051881177892868 
5 1 4 4 11 0 0.9963384487415381 
7 7 12 8 4 1 0.29143670674250877 
3 0 8 4 7 0 0.335076454123868 
1 1 7 0 4 0 0.5123851802538355 
---
5 2 21.81780793748715 2.0 5
2 2 1 7 0 0 0.8147700567471647 
12 7 8 4 0 1 0.16051881177892868 
---
5 3 21.81780793748715 2.0 5
2 2 1 7 0 0 0.8147700567471647 
12 7 8 4 0 1 0.16051881177892868 
---
5 4 21.385975735142914 3.0 5
3 0 8 4 7 0 0.335076454123868 
1 1 7 0 4 0 0.5123851802538355 
12 7 8 4 0 1 0.16051881177892868 
---
5 5 21.385975735142914 3.0 5
3 0 8 4 7 0 0.335076454123868 
12 7 8 4 0 1 0.16051881177892868 
1 1 7 0 4 0 0.5123851802538355 
---
5 6 17.191034340941805 4.0 5
7 7 12 8 4 1 0.29143670674250877 
1 1 7 0 4 0 0.5123851802538355 
12 7 8 4 0 1 0.16051881177892868 
3 0 8 4 7 0 0.335076454123868 
---
5 7 17.191034340941805 4.0 5
12 7 8 4 0 1 0.16051881177892868 
7 7 12 8 4 1 0.29143670674250877 
3 0 8 4 7 0 0.335076454123868 
1 1 7 0 4 0 0.5123851802538355 
---
5 8 29.344026321200907 1.0 5
0 0 1 0 0 0 0.5102596527362355 
---
5 9 16.82089245321818 5.0 5
12 7 8 4 0 1 0.16051881177892868 
7 7 12 8 4 1 0.29143670674250877 
3 0 8 4 7 0 0.335076454123868 
1 1 7 0 4 0 0.5123851802538355 
5 1 4 4 11 0 0.9963384487415381 
---
5 10 21.81780793748715 2.0 5
2 2 1 7 0 0 0.8147700567471647 
12 7 8 4 0 1 0.16051881177892868 
---
5 11 21.385975735142914 3.0 5
3 0 8 4 7 0 0.335076454123868 
12 7 8 4 0 1 0.16051881177892868 
1 1 7 0 4 0 0.5123851802538355 
---
5 12 17.191034340941805 4.0 5
7 7 12 8 4 1 0.29143670674250877 
1 1 7 0 4 0 0.5123851802538355 
12 7 8 4 0 1 0.16051881177892868 
3 0 8 4 7 0 0.335076454123868 
---
5 13 29.344026321200907 1.0 5
0 0 1 0 0 0 0.5102596527362355 
---
5 14 16.82089245321818 5.0 5
3 0 8 4 7 0 0.335076454123868 
7 7 12 8 4 1 0.29143670674250877 
12 7 8 4 0 1 0.16051881177892868 
1 1 7 0 4 0 0.5123851802538355 
5 1 4 4 11 0 0.9963384487415381 
---
5 15 21.81780793748715 2.0 5
2 2 1 7 0 0 0.8147700567471647 
12 7 8 4 0 1 0.16051881177892868 
---
5 16 21.385975735142914 3.0 5
3 0 8 4 7 0 0.335076454123868 
12 7 8 4 0 1 0.16051881177892868 
1 1 7 0 4 0 0.5123851802538355 
---
5 17 17.191034340941805 4.0 5
7 7 12 8 4 1 0.29143670674250877 
1 1 7 0 4 0 0.5123851802538355 
12 7 8 4 0 1 0.16051881177892868 
3 0 8 4 7 0 0.335076454123868 
---
5 18 29.344026321200907 1.0 5
0 0 1 0 0 0 0.5102596527362355 
---
5 19 16.82089245321818 5.0 5
12 7 8 4 0 1 0.16051881177892868 
5 1 4 4 11 0 0.9963384487415381 
7 7 12 8 4 1 0.29143670674250877 
3 0 8 4 7 0 0.335076454123868 
1 1 7 0 4 0 0.5123851802538355 
---
5 20 21.81780793748715 2.0 5
12 7 8 4 0 1 0.16051881177892868 
2 2 1 7 0 0 0.8147700567471647 
---
5 21 21.385975735142914 3.0 5
1 1 7 0 4 0 0.5123851802538355 
3 0 8 4 7 0 0.335076454123868 
12 7 8 4 0 1 0.16051881177892868 
---
5 22 17.191034340941805 4.0 5
3 0 8 4 7 0 0.335076454123868 
1 1 7 0 4 0 0.5123851802538355 
7 7 12 8 4 1 0.29143670674250877 
12 7 8 4 0 1 0.16051881177892868 
---
5 23 29.344026321200907 1.0 5
0 0 1 0 0 0 0.5102596527362355 
---
5 24 16.82089245321818 5.0 5
12 7 8 4 0 1 0.16051881177892868 
5 1 4 4 11 0 0.9963384487415381 
7 7 12 8 4 1 0.29143670674250877 
3 0 8 4 7 0 0.335076454123868 
1 1 7 0 4 0 0.5123851802538355 
---
5 25 21.81780793748715 2.0 5
12 7 8 4 0 1 0.16051881177892868 
2 2 1 7 0 0 0.8147700567471647 
---
5 26 21.385975735142914 3.0 5
12 7 8 4 0 1 0.16051881177892868 
1 1 7 0 4 0 0.5123851802538355 
3 0 8 4 7 0 0.335076454123868 
---
5 27 17.191034340941805 4.0 5
1 1 7 0 4 0 0.5123851802538355 
12 7 8 4 0 1 0.16051881177892868 
3 0 8 4 7 0 0.335076454123868 
7 7 12 8 4 1 0.29143670674250877 
---
5 28 29.344026321200907 1.0 5
0 0 1 0 0 0 0.5102596527362355 
---
5 29 16.82089245321818 5.0 5
12 7 8 4 0 1 0.16051881177892868 
5 1 4 4 11 0 0.9963384487415381 
7 7 12 8 4 1 0.29143670674250877 
3 0 8 4 7 0 0.335076454123868 
1 1 7 0 4 0 0.5123851802538355 
---
5 30 21.81780793748715 2.0 5
2 2 1 7 0 0 0.8147700567471647 
12 7 8 4 0 1 0.16051881177892868 
---
5 31 21.385975735142914 3.0 5
1 1 7 0 4 0 0.5123851802538355 
3 0 8 4 7 0 0.335076454123868 
12 7 8 4 0 1 0.16051881177892868 
---
5 32 17.191034340941805 4.0 5
7 7 12 8 4 1 0.29143670674250877 
1 1 7 0 4 0 0.5123851802538355 
12 7 8 4 0 1 0.16051881177892868 
3 0 8 4 7 0 0.335076454123868 
---
6 0 29.344026321200907 1.0 5
0 0 1 0 2 0 0.47365323301364026 
---
6 1 16.82089245321818 5.0 5
5 1 4 4 11 0 0.9963384487415381 
7 7 12 8 4 1 0.29143670674250877 
3 0 8 4 7 0 0.335076454123868 
12 7 8 4 0 1 0.16051881177892868 
1 1 7 0 4 0 0.5123851802538355 
---
6 2 23.976968949208306 2.0 5
12 7 8 8 0 1 0.3269902906298523 
1 0 1 0 2 0 0.4068066203647993 
---
6 3 21.1392144766605 3.0 5
12 7 8 4 0 1 0.16051881177892868 
1 1 7 1 4 0 0.5873518772486157 
3 0 8 4 7 0 0.335076454123868 
---
6 4 17.191034340941805 4.0 5
7 7 12 8 4 1 0.29143670674250877 
3 0 8 4 7 0 0.335076454123868 
12 7 8 4 0 1 0.16051881177892868 
1 1 7 0 4 0 0.5123851802538355 
---
6 5 23.976968949208306 2.0 5
1 0 1 0 2 0 0.4068066203647993 
12 7 8 8 0 1 0.3269902906298523 
---
6 6 21.1392144766605 3.0 5
12 7 8 4 0 1 0.16051881177892868 
1 1 7 1 4 0 0.5873518772486157 
3 0 8 4 7 0 0.335076454123868 
---
6 7 17.191034340941805 4.0 5
7 7 12 8 4 1 0.29143670674250877 
3 0 8 4 7 0 0.335076454123868 
12 7 8 4 0 1 0.16051881177892868 
1 1 7 0 4 0 0.5123851802538355 
---
6 8 16.82089245321818 5.0 5
5 1 4 4 11 0 0.9963384487415381 
7 7 12 8 4 1 0.29143670674250877 
3 0 8 4 7 0 0.335076454123868 
12 7 8 4 0 1 0.16051881177892868 
1 1 7 0 4 0 0.5123851802538355 
---
6 9 23.976968949208306 2.0 5
12 7 8 8 0 1 0.3269902906298523 
1 0 1 0 2 0 0.4068066203647993 
---
6 10 21.1392144766605 3.0 5
12 7 8 4 0 1 0.16051881177892868 
1 1 7 1 4 0 0.5873518772486157 
3 0 8 4 7 0 0.335076454123868 
---
6 11 17.191034340941805 4.0 5
7 7 12 8 4 1 0.29143670674250877 
1 1 7 0 4 0 0.5123851802538355 
12 7 8 4 0 1 0.16051881177892868 
3 0 8 4 7 0 0.335076454123868 
---
6 12 16.82089245321818 5.0 5
12 7 8 4 0 1 0.16051881177892868 
3 0 8 4 7 0 0.335076454123868 
5 1 4 4 11 0 0.9963384487415381 
1 1 7 0 4 0 0.5123851802538355 
7 7 12 8 4 1 0.29143670674250877 
---
6 13 23.976968949208306 2.0 5
12 7 8 8 0 1 0.3269902906298523 
1 0 1 0 2 0 0.4068066203647993 
---
6 14 21.1392144766605 3.0 5
12 7 8 4 0 1 0.16051881177892868 
3 0 8 4 7 0 0.335076454123868 
1 1 7 1 4 0 0.5873518772486157 
---
6 15 17.191034340941805 4.0 5
7 7 12 8 4 1 0.29143670674250877 
3 0 8 4 7 0 0.335076454123868 
12 7 8 4 0 1 0.16051881177892868 
1 1 7 0 4 0 0.5123851802538355 
---
6 16 16.82089245321818 5.0 5
5 1 4 4 11 0 0.9963384487415381 
7 7 12 8 4 1 0.29143670674250877 
3 0 8 4 7 0 0.335076454123868 
12 7 8 4 0 1 0.16051881177892868 
1 1 7 0 4 0 0.5123851802538355 
---
6 17 21.1392144766605 3.0 5
3 0 8 4 7 0 0.335076454123868 
12 7 8 4 0 1 0.16051881177892868 
1 1 7 1 4 0 0.5873518772486157 
---
6 18 17.191034340941805 4.0 5
7 7 12 8 4 1 0.29143670674250877 
3 0 8 4 7 0 0.335076454123868 
12 7 8 4 0 1 0.16051881177892868 
1 1 7 0 4 0 0.5123851802538355 
---
6 19 16.82089245321818 5.0 5
5 1 4 4 11 0 0.9963384487415381 
7 7 12 8 4 1 0.29143670674250877 
3 0 8 4 7 0 0.335076454123868 
12 7 8 4 0 1 0.16051881177892868 
1 1 7 0 4 0 0.5123851802538355 
---
6 20 21.1392144766605 3.0 5
12 7 8 4 0 1 0.16051881177892868 
1 1 7 1 4 0 0.5873518772486157 
3 0 8 4 7 0 0.335076454123868 
---
6 21 17.191034340941805 4.0 5
7 7 12 8 4 1 0.29143670674250877 
3 0 8 4 7 0 0.335076454123868 
12 7 8 4 0 1 0.16051881177892868 
1 1 7 0 4 0 0.5123851802538355 
---
6 22 16.82089245321818 5.0 5
7 7 12 8 4 1 0.29143670674250877 
3 0 8 4 7 0 0.335076454123868 
12 7 8 4 0 1 0.16051881177892868 
5 1 4 4 11 0 0.9963384487415381 
1 1 7 0 4 0 0.5123851802538355 
---
6 23 21.1392144766605 3.0 5
12 7 8 4 0 1 0.16051881177892868 
1 1 7 1 4 0 0.5873518772486157 
3 0 8 4 7 0 0.335076454123868 
---
6 24 17.191034340941805 4.0 5
7 7 12 8 4 1 0.29143670674250877 
3 0 8 4 7 0 0.335076454123868 
12 7 8 4 0 1 0.16051881177892868 
1 1 7 0 4 0 0.5123851802538355 
---
6 25 29.344026321200907 1.0 5
0 0 1 0 2 0 0.47365323301364026 
---
6 26 16.82089245321818 5.0 5
7 7 12 8 4 1 0.29143670674250877 
3 0 8 4 7 0 0.335076454123868 
12 7 8 4 0 1 0.16051881177892868 
5 1 4 4 11 0 0.9963384487415381 
1 1 7 0 4 0 0.5123851802538355 
---
6 27 21.1392144766605 3.0 5
12 7 8 4 0 1 0.16051881177892868 
1 1 7 1 4 0 0.5873518772486157 
3 0 8 4 7 0 0.335076454123868 
---
7 0 29.344026321200907 1.0 5
0 2 0 0 0 0 0.47229119477019244 
---
7 1 17.108780588114332 6.0 5
12 7 8 4 0 1 0.14714381434162527 
7 7 12 8 4 1 0.29143670674250877 
3 0 8 4 7 0 0.335076454123868 
1 1 7 0 4 0 0.4903928097497211 
12 7 8 4 0 1 0.14714381434162527 
1 1 7 4 2 0 0.4475043332986248 
---
7 2 21.838371375694017 2.0 5
2 2 1 1 0 0 0.7352837270176742 
12 7 8 4 0 1 0.14714381434162527 
---
7 3 21.838371375694017 2.0 5
2 2 1 1 0 0 0.7352837270176742 
12 7 8 4 0 1 0.14714381434162527 
---
7 4 21.200904791281104 3.0 5
3 0 8 4 7 0 0.335076454123868 
2 2 1 1 0 0 0.7352837270176742 
12 7 8 4 0 1 0.14714381434162527 
---
7 5 21.200904791281104 3.0 5
3 0 8 4 7 0 0.335076454123868 
2 2 1 1 0 0 0.7352837270176742 
12 7 8 4 0 1 0.14714381434162527 
---
7 6 17.170470902734937 4.0 5
3 0 8 4 7 0 0.335076454123868 
12 7 8 4 0 1 0.14714381434162527 
7 7 12 8 4 1 0.29143670674250877 
1 1 7 0 4 0 0.5123851802538355 
---
7 7 17.170470902734937 4.0 5
3 0 8 4 7 0 0.335076454123868 
12 7 8 4 0 1 0.14714381434162527 
7 7 12 8 4 1 0.29143670674250877 
1 1 7 0 4 0 0.5123851802538355 
---
7 8 17.108780588114332 6.0 5
1 1 7 4 2 0 0.4475043332986248 
12 7 8 4 0 1 0.14714381434162527 
1 1 7 0 4 0 0.4903928097497211 
7 7 12 8 4 1 0.29143670674250877 
3 0 8 4 7 0 0.335076454123868 
12 7 8 4 0 1 0.14714381434162527 
---
7 9 21.838371375694017 2.0 5
2 2 1 1 0 0 0.7352837270176742 
12 7 8 4 0 1 0.14714381434162527 
---
7 10 21.200904791281104 3.0 5
3 0 8 4 7 0 0.335076454123868 
2 2 1 1 0 0 0.7352837270176742 
12 7 8 4 0 1 0.14714381434162527 
---
7 11 17.170470902734937 4.0 5
3 0 8 4 7 0 0.335076454123868 
12 7 8 4 0 1 0.14714381434162527 
7 7 12 8 4 1 0.29143670674250877 
1 1 7 0 4 0 0.5123851802538355 
---
7 12 29.344026321200907 1.0 5
0 2 0 0 0 0 0.47229119477019244 
---
7 13 21.838371375694017 2.0 5
12 7 8 4 0 1 0.14714381434162527 
2 2 1 1 0 0 0.7352837270176742 
---
7 14 21.200904791281104 3.0 5
3 0 8 4 7 0 0.335076454123868 
2 2 1 1 0 0 0.7352837270176742 
12 7 8 4 0 1 0.14714381434162527 
---
7 15 17.170470902734937 4.0 5
3 0 8 4 7 0 0.335076454123868 
7 7 12 8 4 1 0.29143670674250877 
12 7 8 4 0 1 0.14714381434162527 
1 1 7 0 4 0 0.5123851802538355 
---
7 16 29.344026321200907 1.0 5
0 2 0 0 0 0 0.47229119477019244 
---
7 17 21.838371375694017 2.0 5
2 2 1 1 0 0 0.7352837270176742 
12 7 8 4 0 1 0.14714381434162527 
---
7 18 21.200904791281104 3.0 5
2 2 1 1 0 0 0.7352837270176742 
12 7 8 4 0 1 0.14714381434162527 
3 0 8 4 7 0 0.335076454123868 
---
7 19 17.170470902734937 4.0 5
3 0 8 4 7 0 0.335076454123868 
12 7 8 4 0 1 0.14714381434162527 
7 7 12 8 4 1 0.29143670674250877 
1 1 7 0 4 0 0.5123851802538355 
---
7 20 29.344026321200907 1.0 5
0 2 0 0 0 0 0.47229119477019244 
---
7 21 21.838371375694017 2.0 5
2 2 1 1 0 0 0.7352837270176742 
12 7 8 4 0 1 0.14714381434162527 
---
7 22 21.200904791281104 3.0 5
3 0 8 4 7 0 0.335076454123868 
2 2 1 1 0 0 0.7352837270176742 
12 7 8 4 0 1 0.14714381434162527 
---
7 23 17.170470902734937 4.0 5
3 0 8 4 7 0 0.335076454123868 
12 7 8 4 0 1 0.14714381434162527 
7 7 12 8 4 1 0.29143670674250877 
1 1 7 0 4 0 0.5123851802538355 
---
7 24 21.838371375694017 2.0 5
2 2 1 1 0 0 0.7352837270176742 
12 7 8 4 0 1 0.14714381434162527 
---
8 0 29.344026321200907 1.0 5
0 0 0 1 0 0 0.5179547439117733 
---
8 1 17.170470902734937 4.0 5
7 7 12 8 4 1 0.29143670674250877 
12 7 8 4 0 1 0.14714381434162527 
1 1 7 0 4 0 0.5123851802538355 
3 0 8 4 7 0 0.335076454123868 
---
8 2 22.455274521900062 2.0 5
2 4 1 7 4 0 0.8139246412038661 
12 7 8 4 0 1 0.14714381434162527 
---
8 3 21.488792926177258 3.0 5
12 7 8 4 0 1 0.14714381434162527 
1 1 7 0 4 0 0.5123851802538355 
3 0 8 4 7 0 0.335076454123868 
---
8 4 22.455274521900062 2.0 5
12 7 8 4 0 1 0.14714381434162527 
2 4 1 7 4 0 0.8139246412038661 
---
8 5 21.488792926177258 3.0 5
1 1 7 0 4 0 0.5123851802538355 
12 7 8 4 0 1 0.14714381434162527 
3 0 8 4 7 0 0.335076454123868 
---
8 6 17.170470902734937 4.0 5
7 7 12 8 4 1 0.29143670674250877 
12 7 8 4 0 1 0.14714381434162527 
1 1 7 0 4 0 0.5123851802538355 
3 0 8 4 7 0 0.335076454123868 
---
8 7 22.455274521900062 2.0 5
2 4 1 7 4 0 0.8139246412038661 
12 7 8 4 0 1 0.14714381434162527 
---
8 8 21.488792926177258 3.0 5
3 0 8 4 7 0 0.335076454123868 
1 1 7 0 4 0 0.5123851802538355 
12 7 8 4 0 1 0.14714381434162527 
---
8 9 17.170470902734937 4.0 5
7 7 12 8 4 1 0.29143670674250877 
12 7 8 4 0 1 0.14714381434162527 
1 1 7 0 4 0 0.5123851802538355 
3 0 8 4 7 0 0.335076454123868 
---
8 10 22.455274521900062 2.0 5
2 4 1 7 4 0 0.8139246412038661 
12 7 8 4 0 1 0.14714381434162527 
---
8 11 21.488792926177258 3.0 5
1 1 7 0 4 0 0.5123851802538355 
12 7 8 4 0 1 0.14714381434162527 
3 0 8 4 7 0 0.335076454123868 
---
8 12 17.170470902734937 4.0 5
7 7 12 8 4 1 0.29143670674250877 
3 0 8 4 7 0 0.335076454123868 
12 7 8 4 0 1 0.14714381434162527 
1 1 7 0 4 0 0.5123851802538355 
---
8 13 22.455274521900062 2.0 5
2 4 1 7 4 0 0.8139246412038661 
12 7 8 4 0 1 0.14714381434162527 
---
8 14 21.488792926177258 3.0 5
12 7 8 4 0 1 0.14714381434162527 
1 1 7 0 4 0 0.5123851802538355 
3 0 8 4 7 0 0.335076454123868 
---
8 15 29.344026321200907 1.0 5
0 0 0 1 0 0 0.5179547439117733 
---
8 16 17.170470902734937 4.0 5
7 7 12 8 4 1 0.29143670674250877 
12 7 8 4 0 1 0.14714381434162527 
1 1 7 0 4 0 0.5123851802538355 
3 0 8 4 7 0 0.335076454123868 
---
8 17 22.455274521900062 2.0 5
2 4 1 7 4 0 0.8139246412038661 
12 7 8 4 0 1 0.14714381434162527 
---
8 18 21.488792926177258 3.0 5
1 1 7 0 4 0 0.5123851802538355 
12 7 8 4 0 1 0.14714381434162527 
3 0 8 4 7 0 0.335076454123868 
---
8 19 17.170470902734937 4.0 5
3 0 8 4 7 0 0.335076454123868 
7 7 12 8 4 1 0.29143670674250877 
1 1 7 0 4 0 0.5123851802538355 
12 7 8 4 0 1 0.14714381434162527 
---
8 20 22.455274521900062 2.0 5
2 4 1 7 4 0 0.8139246412038661 
12 7 8 4 0 1 0.14714381434162527 
---
8 21 21.488792926177258 3.0 5
12 7 8 4 0 1 0.14714381434162527 
1 1 7 0 4 0 0.5123851802538355 
3 0 8 4 7 0 0.335076454123868 
---
8 22 17.170470902734937 4.0 5
7 7 12 8 4 1 0.29143670674250877 
12 7 8 4 0 1 0.14714381434162527 
1 1 7 0 4 0 0.5123851802538355 
3 0 8 4 7 0 0.335076454123868 
---
8 23 22.455274521900062 2.0 5
2 4 1 7 4 0 0.8139246412038661 
12 7 8 4 0 1 0.14714381434162527 
---
8 24 21.488792926177258 3.0 5
1 1 7 0 4 0 0.5123851802538355 
12 7 8 4 0 1 0.14714381434162527 
3 0 8 4 7 0 0.335076454123868 
---
8 25 29.344026321200907 1.0 5
0 0 0 1 0 0 0.5179547439117733 
---
8 26 17.170470902734937 4.0 5
7 7 12 8 4 1 0.29143670674250877 
12 7 8 4 0 1 0.14714381434162527 
1 1 7 0 4 0 0.5123851802538355 
3 0 8 4 7 0 0.335076454123868 
---
8 27 22.455274521900062 2.0 5
2 4 1 7 4 0 0.8139246412038661 
12 7 8 4 0 1 0.14714381434162527 
