0 0 76.30806423761008 76.5527950310559 1 3
1 0 18.356069763426007 20.031055900621116 13 81
2 0 53.61768261094802 53.57142857142857 2 18
3 0 53.30685546537731 53.57142857142857 2 20
4 0 34.12191331376274 35.09316770186335 3 22
5 0 34.12191331376274 35.09316770186335 3 22
6 0 24.1063719564842 25.62111801242236 4 28
7 0 24.1063719564842 25.62111801242236 4 28
8 0 21.153514073562423 21.428571428571427 5 25
9 0 21.153514073562423 21.428571428571427 5 25
10 0 20.134691763080642 21.583850931677016 6 35
11 0 20.134691763080642 21.583850931677016 6 35
12 0 19.737523743740287 21.11801242236025 7 41
13 0 19.737523743740287 21.11801242236025 7 41
14 0 18.856846831289932 20.18633540372671 8 45
15 0 18.856846831289932 20.18633540372671 8 45
16 0 18.735969608012436 20.18633540372671 9 53
17 0 18.476946986703506 19.875776397515526 10 59
18 0 18.735969608012436 20.18633540372671 9 53
19 0 18.494215161457433 20.031055900621116 11 67
20 0 18.54601968571922 20.18633540372671 12 75
21 0 18.476946986703506 19.875776397515526 10 59
22 0 18.54601968571922 20.18633540372671 12 75
23 0 18.494215161457433 20.031055900621116 11 67
24 0 76.30806423761008 76.5527950310559 1 3
25 0 18.356069763426007 20.031055900621116 13 81
26 0 53.61768261094802 53.57142857142857 2 18
27 0 34.12191331376274 35.09316770186335 3 22
28 0 24.1063719564842 25.62111801242236 4 28
29 0 21.153514073562423 21.428571428571427 5 25
30 0 20.134691763080642 21.583850931677016 6 35
31 0 19.737523743740287 21.11801242236025 7 41
32 0 18.856846831289932 20.18633540372671 8 45
33 0 18.735969608012436 20.18633540372671 9 53
34 0 18.476946986703506 19.875776397515526 10 59
35 0 18.54601968571922 20.18633540372671 12 75
36 0 18.494215161457433 20.031055900621116 11 67
37 0 76.30806423761008 76.5527950310559 1 3
38 0 18.356069763426007 20.031055900621116 13 81
39 0 53.42773268865481 53.72670807453416 2 19
40 0 34.12191331376274 35.09316770186335 3 22
41 0 24.1063719564842 25.62111801242236 4 28
42 0 21.153514073562423 21.428571428571427 5 25
43 0 20.134691763080642 21.583850931677016 6 35
44 0 19.737523743740287 21.11801242236025 7 41
45 0 18.856846831289932 20.18633540372671 8 45
46 0 18.735969608012436 20.18633540372671 9 53
47 0 18.476946986703506 19.875776397515526 10 59
48 0 18.54601968571922 20.18633540372671 12 75
49 0 18.494215161457433 20.031055900621116 11 67
50 0 76.39440511137973 76.5527950310559 1 8
51 0 18.356069763426007 20.031055900621116 13 81
52 0 53.42773268865481 53.72670807453416 2 19
53 0 34.12191331376274 35.09316770186335 3 22
54 0 24.1063719564842 25.62111801242236 4 28
55 0 21.153514073562423 21.428571428571427 5 25
56 0 20.134691763080642 21.583850931677016 6 35
57 0 19.737523743740287 21.11801242236025 7 41
58 0 18.856846831289932 20.18633540372671 8 45
59 0 18.735969608012436 20.18633540372671 9 53
60 0 76.18718701433258 76.24223602484473 1 8
61 0 16.577447763771367 16.77018633540373 20 135
62 0 53.13417371783803 53.881987577639755 2 24
63 0 53.13417371783803 53.881987577639755 2 24
64 0 34.1046451390088 35.24844720496895 3 37
65 0 34.1046451390088 35.24844720496895 3 37
66 0 24.607149024348125 25.0 4 35
67 0 24.555344500086342 25.310559006211182 4 34
68 0 18.20065619064065 18.32298136645963 5 41
69 0 17.475392850975652 17.391304347826086 7 42
70 0 16.94007943360387 17.391304347826086 8 48
71 0 17.768951821792438 18.788819875776397 6 43
72 0 17.475392850975652 17.391304347826086 7 42
73 0 16.90554308409601 16.77018633540373 15 99
74 0 16.45657054049387 16.304347826086957 16 109
75 0 18.20065619064065 18.32298136645963 5 41
76 0 16.94007943360387 17.391304347826086 8 48
77 0 17.181833880158866 17.70186335403727 12 75
78 0 17.078224831635296 16.925465838509314 13 84
79 0 17.078224831635296 16.925465838509314 13 84
80 0 16.767397686064584 17.080745341614907 9 52
81 0 16.784665860818514 17.080745341614907 14 90
82 0 17.768951821792438 18.788819875776397 6 43
83 0 16.767397686064584 17.080745341614907 9 52
84 0 16.715593161802797 17.080745341614907 10 61
85 0 16.784665860818514 17.080745341614907 14 90
86 0 16.90554308409601 16.77018633540373 15 99
87 0 16.45657054049387 16.304347826086957 16 109
88 0 16.404766016232085 16.925465838509314 18 124
89 0 16.836470385080297 17.236024844720497 11 67
90 0 16.473838715247798 16.77018633540373 17 112
91 0 16.611984113279227 16.77018633540373 19 132
92 0 17.181833880158866 17.70186335403727 12 75
93 0 16.611984113279227 16.77018633540373 19 132
94 0 16.473838715247798 16.77018633540373 17 112
95 0 16.404766016232085 16.925465838509314 18 124
96 0 16.715593161802797 17.080745341614907 10 61
97 0 16.836470385080297 17.236024844720497 11 67
98 0 76.18718701433258 76.24223602484473 1 13
99 0 16.577447763771367 16.77018633540373 20 135
100 0 53.13417371783803 53.881987577639755 2 24
101 0 34.1046451390088 35.24844720496895 3 37
102 0 24.607149024348125 25.0 4 35
103 0 17.475392850975652 17.391304347826086 7 42
104 0 18.20065619064065 18.32298136645963 5 41
105 0 16.94007943360387 17.391304347826086 8 48
106 0 17.768951821792438 18.788819875776397 6 43
107 0 17.078224831635296 16.925465838509314 13 84
108 0 16.767397686064584 17.080745341614907 9 52
109 0 16.784665860818514 17.080745341614907 14 90
110 0 16.90554308409601 16.77018633540373 15 99
111 0 16.45657054049387 16.304347826086957 16 109
112 0 17.181833880158866 17.70186335403727 12 75
113 0 16.473838715247798 16.77018633540373 17 112
114 0 16.611984113279227 16.77018633540373 19 132
115 0 16.404766016232085 16.925465838509314 18 124
116 0 16.715593161802797 17.080745341614907 10 61
117 0 16.836470385080297 17.236024844720497 11 67
118 0 76.18718701433258 76.24223602484473 1 13
119 0 16.577447763771367 16.77018633540373 20 135
120 0 76.16991883957866 76.24223602484473 1 5
121 0 14.557071317561734 15.372670807453417 22 153
122 0 53.099637368330164 53.2608695652174 2 34
123 0 53.099637368330164 53.2608695652174 2 34
124 0 35.227076498014156 36.024844720496894 3 29
125 0 35.227076498014156 36.024844720496894 3 29
126 0 25.297876014505267 26.70807453416149 4 36
127 0 25.297876014505267 26.70807453416149 4 36
128 0 19.94474184078743 20.18633540372671 5 40
129 0 19.94474184078743 20.18633540372671 5 40
130 0 17.83802452080815 17.546583850931675 6 54
131 0 16.3529614919703 16.304347826086957 8 74
132 0 15.97306164738387 15.993788819875776 9 81
133 0 17.993438093593507 16.925465838509314 7 60
134 0 16.3529614919703 16.304347826086957 8 74
135 0 17.83802452080815 17.546583850931675 6 54
136 0 17.993438093593507 16.925465838509314 7 60
137 0 15.97306164738387 15.993788819875776 9 81
138 0 16.042134346399585 15.838509316770185 10 89
139 0 16.042134346399585 15.838509316770185 10 89
140 0 15.886720773614229 15.838509316770185 11 91
141 0 14.72975306510102 15.838509316770185 20 143
142 0 14.764289414608875 15.838509316770185 16 118
143 0 15.852184424106373 15.838509316770185 12 95
144 0 14.72975306510102 16.149068322981368 17 122
145 0 15.593161802797445 15.838509316770185 13 104
146 0 14.539803142807806 15.838509316770185 21 148
147 0 14.72975306510102 16.149068322981368 17 122
148 0 14.867898463132448 16.149068322981368 18 130
149 0 15.886720773614229 15.838509316770185 11 91
150 0 15.593161802797445 15.838509316770185 13 104
151 0 15.17872560870316 15.372670807453417 14 109
152 0 15.852184424106373 15.838509316770185 12 95
153 0 14.539803142807806 15.838509316770185 21 148
154 0 14.867898463132448 16.149068322981368 18 130
155 0 14.747021239854947 15.838509316770185 19 136
156 0 14.747021239854947 15.838509316770185 19 136
157 0 14.72975306510102 15.838509316770185 20 143
158 0 14.885166637886377 14.596273291925465 15 110
159 0 14.764289414608875 15.838509316770185 16 118
160 0 15.17872560870316 15.372670807453417 14 109
161 0 14.885166637886377 14.596273291925465 15 110
162 0 76.35986876187188 76.3975155279503 1 16
163 0 14.557071317561734 15.372670807453417 22 153
164 0 53.099637368330164 53.2608695652174 2 34
165 0 35.227076498014156 36.024844720496894 3 29
166 0 25.297876014505267 26.70807453416149 4 36
167 0 19.94474184078743 20.18633540372671 5 40
168 0 16.3529614919703 16.304347826086957 8 74
169 0 17.83802452080815 17.546583850931675 6 54
170 0 17.993438093593507 16.925465838509314 7 60
171 0 15.97306164738387 15.993788819875776 9 81
172 0 16.042134346399585 15.838509316770185 10 89
173 0 14.72975306510102 16.149068322981368 17 122
174 0 15.886720773614229 15.838509316770185 11 91
175 0 15.593161802797445 15.838509316770185 13 104
176 0 15.852184424106373 15.838509316770185 12 95
177 0 14.539803142807806 15.838509316770185 21 148
178 0 14.867898463132448 16.149068322981368 18 130
179 0 14.747021239854947 15.838509316770185 19 136
180 0 76.16991883957866 76.24223602484473 1 7
181 0 17.855292695562078 18.32298136645963 11 58
182 0 52.9960283198066 53.105590062111794 2 55
183 0 53.06510101882231 53.41614906832298 2 56
184 0 34.726299430150235 35.09316770186335 3 23
185 0 34.484544983595235 34.78260869565217 3 23
186 0 24.866171645657055 25.15527950310559 4 29
187 0 24.866171645657055 25.15527950310559 4 29
188 0 18.68416508375065 19.72049689440994 5 30
189 0 18.701433258504576 18.478260869565215 6 30
190 0 18.615092384734933 18.32298136645963 7 42
191 0 18.44241063719565 18.478260869565215 8 43
192 0 18.16611984113279 17.857142857142858 9 50
193 0 17.95890174408565 18.16770186335404 10 53
194 0 18.16611984113279 17.857142857142858 9 50
195 0 18.68416508375065 19.72049689440994 5 30
196 0 18.615092384734933 18.32298136645963 7 42
197 0 18.701433258504576 18.478260869565215 6 30
198 0 18.321533413918146 17.857142857142858 8 43
199 0 17.95890174408565 18.16770186335404 10 53
200 0 76.16991883957866 76.24223602484473 1 29
201 0 17.855292695562078 18.32298136645963 11 58
202 0 52.9960283198066 53.105590062111794 2 55
203 0 34.726299430150235 35.09316770186335 3 23
204 0 24.866171645657055 25.15527950310559 4 29
205 0 18.16611984113279 17.857142857142858 9 50
206 0 18.68416508375065 19.72049689440994 5 30
207 0 18.615092384734933 18.32298136645963 7 42
208 0 18.701433258504576 18.478260869565215 6 30
209 0 18.30426523916422 17.70186335403727 8 46
210 0 17.95890174408565 18.16770186335404 10 53
211 0 76.16991883957866 76.24223602484473 1 28
212 0 17.855292695562078 18.32298136645963 11 58
213 0 53.03056466931445 53.2608695652174 2 55
214 0 34.726299430150235 35.09316770186335 3 23
215 0 24.866171645657055 25.15527950310559 4 29
216 0 18.16611984113279 17.857142857142858 9 50
217 0 18.68416508375065 19.72049689440994 5 30
218 0 18.615092384734933 18.32298136645963 7 42
219 0 18.321533413918146 17.857142857142858 8 43
220 0 18.701433258504576 18.478260869565215 6 30
221 0 17.95890174408565 18.16770186335404 10 53
222 0 76.16991883957866 76.24223602484473 1 28
223 0 17.855292695562078 18.32298136645963 11 58
224 0 52.978760145052675 53.105590062111794 2 55
225 0 34.726299430150235 35.09316770186335 3 23
226 0 24.866171645657055 25.15527950310559 4 29
227 0 18.16611984113279 17.857142857142858 9 50
228 0 18.68416508375065 19.72049689440994 5 30
229 0 18.615092384734933 18.32298136645963 7 42
230 0 18.30426523916422 17.70186335403727 8 46
231 0 18.701433258504576 18.478260869565215 6 30
232 0 17.95890174408565 18.16770186335404 10 53
233 0 76.16991883957866 76.24223602484473 1 29
234 0 17.855292695562078 18.32298136645963 11 58
235 0 52.9960283198066 53.105590062111794 2 55
236 0 34.726299430150235 35.09316770186335 3 23
237 0 24.866171645657055 25.15527950310559 4 29
238 0 18.16611984113279 17.857142857142858 9 50
239 0 18.68416508375065 19.72049689440994 5 30
240 0 76.16991883957866 76.24223602484473 1 8
241 0 14.125366948713522 14.751552795031056 27 223
242 0 53.51407356242445 53.57142857142857 2 54
243 0 53.51407356242445 53.57142857142857 2 55
244 0 34.242790537040236 34.62732919254658 3 35
245 0 34.242790537040236 34.62732919254658 3 35
246 0 25.176998791227767 25.310559006211182 4 42
247 0 25.176998791227767 25.310559006211182 4 42
248 0 18.943187705059575 18.32298136645963 5 44
249 0 14.26351234674495 14.596273291925465 21 158
250 0 14.056294249697807 13.509316770186336 18 144
251 0 18.943187705059575 18.32298136645963 5 44
252 0 16.80193403557244 16.149068322981368 6 52
253 0 14.021757900189948 14.596273291925465 25 204
254 0 16.80193403557244 16.149068322981368 6 52
255 0 16.508375064755658 16.77018633540373 7 57
256 0 16.508375064755658 16.77018633540373 7 57
257 0 16.09393887066137 15.838509316770185 8 67
258 0 16.09393887066137 15.838509316770185 8 67
259 0 15.455016404766017 15.372670807453417 9 74
260 0 15.455016404766017 15.372670807453417 9 74
261 0 14.850630288378518 14.751552795031056 10 82
262 0 14.850630288378518 14.751552795031056 10 82
263 0 14.211707822483163 14.751552795031056 11 90
264 0 14.26351234674495 13.975155279503104 13 102
265 0 14.090830599205665 13.819875776397517 14 112
266 0 14.332585045760663 13.975155279503104 12 101
267 0 14.125366948713522 13.664596273291925 15 113
268 0 14.26351234674495 13.975155279503104 13 102
269 0 14.039026074943878 13.664596273291925 16 124
270 0 14.211707822483163 14.751552795031056 11 90
271 0 14.039026074943878 13.664596273291925 16 124
272 0 14.332585045760663 13.975155279503104 12 101
273 0 14.021757900189948 13.354037267080745 17 131
274 0 14.228975997237093 14.751552795031056 22 171
275 0 14.056294249697807 13.509316770186336 18 144
276 0 14.26351234674495 14.596273291925465 21 158
277 0 14.021757900189948 14.596273291925465 25 204
278 0 14.090830599205665 13.819875776397517 14 112
279 0 14.021757900189948 13.354037267080745 17 131
280 0 14.125366948713522 13.664596273291925 15 113
281 0 14.228975997237093 14.751552795031056 22 171
282 0 14.056294249697807 14.596273291925465 24 195
283 0 14.073562424451735 14.285714285714285 23 184
284 0 14.073562424451735 14.285714285714285 23 184
285 0 14.056294249697807 14.596273291925465 24 195
286 0 76.325332412364 76.24223602484473 1 13
287 0 14.125366948713522 14.751552795031056 27 223
288 0 53.51407356242445 53.57142857142857 2 54
289 0 34.242790537040236 34.62732919254658 3 35
290 0 25.176998791227767 25.310559006211182 4 42
291 0 18.943187705059575 18.32298136645963 5 44
292 0 16.80193403557244 16.149068322981368 6 52
293 0 16.508375064755658 16.77018633540373 7 57
294 0 16.09393887066137 15.838509316770185 8 67
295 0 15.455016404766017 15.372670807453417 9 74
296 0 14.850630288378518 14.751552795031056 10 82
297 0 14.26351234674495 13.975155279503104 13 102
298 0 14.211707822483163 14.751552795031056 11 90
299 0 14.039026074943878 13.664596273291925 16 124
