0 0 76.325332412364 76.3975155279503 1 5
1 0 16.02486617164566 15.683229813664596 22 132
2 0 16.076670695907442 15.993788819875776 14 78
3 0 53.49680538767052 53.72670807453416 2 55
4 0 53.4795372129166 53.72670807453416 2 54
5 0 34.43274045933345 34.161490683229815 3 19
6 0 34.43274045933345 34.161490683229815 3 19
7 0 24.624417199102055 24.22360248447205 4 25
8 0 24.624417199102055 24.22360248447205 4 25
9 0 20.27283716111207 19.875776397515526 5 24
10 0 16.56017958901744 16.925465838509314 9 52
11 0 16.00759799689173 15.993788819875776 13 78
12 0 16.180279744431015 16.149068322981368 11 62
13 0 21.015368675530997 20.652173913043477 6 36
14 0 20.42825073389743 20.80745341614907 7 42
15 0 20.27283716111207 19.875776397515526 5 24
16 0 21.015368675530997 20.652173913043477 6 36
17 0 17.250906579174583 17.857142857142858 8 46
18 0 20.42825073389743 20.80745341614907 7 42
19 0 17.250906579174583 17.857142857142858 8 46
20 0 16.56017958901744 16.925465838509314 9 52
21 0 16.283888792954585 16.149068322981368 12 67
22 0 16.180279744431015 16.149068322981368 11 62
23 0 16.283888792954585 16.149068322981368 12 67
24 0 76.325332412364 76.3975155279503 1 5
25 0 16.042134346399585 15.683229813664596 22 128
26 0 53.49680538767052 53.72670807453416 2 55
27 0 34.43274045933345 34.161490683229815 3 19
28 0 24.624417199102055 24.22360248447205 4 25
29 0 20.27283716111207 19.875776397515526 5 24
30 0 21.015368675530997 20.652173913043477 6 36
31 0 20.42825073389743 20.80745341614907 7 42
32 0 17.250906579174583 17.857142857142858 8 46
33 0 16.56017958901744 16.925465838509314 9 52
34 0 16.180279744431015 16.149068322981368 11 62
35 0 16.283888792954585 16.149068322981368 12 67
36 0 76.325332412364 76.3975155279503 1 5
37 0 16.02486617164566 15.683229813664596 22 132
38 0 53.49680538767052 53.72670807453416 2 55
39 0 34.43274045933345 34.161490683229815 3 19
40 0 24.624417199102055 24.22360248447205 4 25
41 0 20.27283716111207 19.875776397515526 5 24
42 0 21.015368675530997 20.652173913043477 6 36
43 0 20.42825073389743 20.80745341614907 7 42
44 0 17.250906579174583 17.857142857142858 8 46
45 0 16.56017958901744 16.925465838509314 9 52
46 0 16.180279744431015 16.149068322981368 11 62
47 0 16.283888792954585 16.149068322981368 12 67
48 0 76.67069590744259 76.70807453416148 1 27
49 0 53.51407356242445 53.57142857142857 2 55
50 0 34.43274045933345 34.161490683229815 3 19
51 0 24.624417199102055 24.22360248447205 4 25
52 0 21.015368675530997 20.652173913043477 6 36
53 0 16.56017958901744 16.925465838509314 9 52
54 0 16.283888792954585 16.149068322981368 12 67
55 0 76.325332412364 76.3975155279503 1 5
56 0 53.49680538767052 53.72670807453416 2 55
57 0 24.624417199102055 24.22360248447205 4 25
58 0 16.283888792954585 16.149068322981368 12 67
59 0 76.325332412364 76.3975155279503 1 5
60 0 76.16991883957866 76.24223602484473 1 7
61 0 16.1112070454153 15.217391304347828 25 182
62 0 53.168710067345884 52.95031055900621 2 20
63 0 53.168710067345884 52.95031055900621 2 20
64 0 34.79537212916595 34.47204968944099 3 27
65 0 34.79537212916595 34.47204968944099 3 27
66 0 25.26333966499741 24.37888198757764 4 35
67 0 25.26333966499741 24.37888198757764 4 35
68 0 19.9274736660335 19.72049689440994 5 42
69 0 18.75323778276636 18.788819875776397 7 52
70 0 17.64807459851494 17.236024844720497 8 57
71 0 17.64807459851494 17.236024844720497 8 57
72 0 16.888274909342083 17.080745341614907 9 66
73 0 19.9274736660335 19.72049689440994 5 42
74 0 19.737523743740287 18.633540372670808 6 41
75 0 19.737523743740287 18.633540372670808 6 41
76 0 18.75323778276636 18.788819875776397 7 52
77 0 16.888274909342083 17.080745341614907 9 66
78 0 16.663788637541014 16.304347826086957 10 69
79 0 16.663788637541014 16.304347826086957 10 69
80 0 16.24935244344673 16.304347826086957 17 128
81 0 16.491106890001728 16.304347826086957 12 86
82 0 16.45657054049387 16.304347826086957 13 92
83 0 16.577447763771367 16.304347826086957 11 81
84 0 16.31842514246244 15.993788819875776 18 117
85 0 16.577447763771367 16.304347826086957 11 81
86 0 16.491106890001728 16.304347826086957 12 86
87 0 16.3529614919703 16.304347826086957 14 106
88 0 16.180279744431015 16.304347826086957 15 112
89 0 16.45657054049387 16.304347826086957 13 92
90 0 16.232084268692798 16.304347826086957 16 118
91 0 16.163011569677085 15.217391304347828 24 170
92 0 16.232084268692798 15.527950310559005 19 126
93 0 16.163011569677085 15.217391304347828 22 152
94 0 16.283888792954585 15.217391304347828 21 138
95 0 16.24935244344673 16.304347826086957 17 128
96 0 16.163011569677085 15.217391304347828 22 152
97 0 16.3529614919703 16.304347826086957 14 106
98 0 16.508375064755658 15.683229813664596 20 127
99 0 16.180279744431015 15.217391304347828 23 164
100 0 16.31842514246244 15.993788819875776 18 117
101 0 16.180279744431015 15.217391304347828 23 164
102 0 16.508375064755658 15.683229813664596 20 127
103 0 16.163011569677085 15.217391304347828 24 170
104 0 16.232084268692798 15.527950310559005 19 126
105 0 16.283888792954585 15.217391304347828 21 138
106 0 16.180279744431015 16.304347826086957 15 112
107 0 16.232084268692798 16.304347826086957 16 118
108 0 76.16991883957866 76.24223602484473 1 8
109 0 16.1112070454153 15.217391304347828 25 182
110 0 53.168710067345884 52.95031055900621 2 20
111 0 34.79537212916595 34.47204968944099 3 27
112 0 25.26333966499741 24.37888198757764 4 35
113 0 17.64807459851494 17.236024844720497 8 57
114 0 19.9274736660335 19.72049689440994 5 42
115 0 19.737523743740287 18.633540372670808 6 41
116 0 18.75323778276636 18.788819875776397 7 52
117 0 16.888274909342083 17.080745341614907 9 66
118 0 16.663788637541014 16.304347826086957 10 69
119 0 16.577447763771367 16.304347826086957 11 81
120 0 76.16991883957866 76.24223602484473 1 5
121 0 14.591607667069592 14.906832298136646 16 137
122 0 53.32412364013124 53.2608695652174 2 32
123 0 53.27231911586945 53.41614906832298 2 32
124 0 35.15800379899844 35.24844720496895 3 32
125 0 35.15800379899844 35.24844720496895 3 32
126 0 25.418753237782767 25.0 4 40
127 0 25.418753237782767 25.0 4 40
128 0 20.42825073389743 22.36024844720497 5 47
129 0 20.42825073389743 22.36024844720497 5 47
130 0 18.68416508375065 21.11801242236025 6 51
131 0 18.68416508375065 21.11801242236025 6 51
132 0 16.957347608357797 18.788819875776397 7 64
133 0 16.957347608357797 18.788819875776397 7 64
134 0 15.575893628043517 16.61490683229814 8 70
135 0 15.575893628043517 16.61490683229814 8 70
136 0 15.075116560179588 15.683229813664596 9 81
137 0 14.988775686409946 15.838509316770185 10 85
138 0 14.72975306510102 15.993788819875776 11 98
139 0 15.075116560179588 15.683229813664596 9 81
140 0 14.72975306510102 15.993788819875776 11 98
141 0 14.988775686409946 15.838509316770185 10 85
142 0 14.557071317561734 15.217391304347828 12 109
143 0 14.557071317561734 15.217391304347828 12 109
144 0 14.574339492315664 14.751552795031056 13 120
145 0 14.436194094284236 14.751552795031056 14 125
146 0 14.574339492315664 14.751552795031056 13 120
147 0 14.436194094284236 14.751552795031056 14 125
148 0 14.798825764116733 15.372670807453417 15 132
149 0 14.798825764116733 15.372670807453417 15 132
150 0 76.325332412364 76.5527950310559 1 9
151 0 14.591607667069592 14.906832298136646 16 137
152 0 53.32412364013124 53.2608695652174 2 32
153 0 35.15800379899844 35.24844720496895 3 32
154 0 25.418753237782767 25.0 4 40
155 0 20.42825073389743 22.36024844720497 5 47
156 0 18.68416508375065 21.11801242236025 6 51
157 0 16.957347608357797 18.788819875776397 7 64
158 0 15.575893628043517 16.61490683229814 8 70
159 0 15.075116560179588 15.683229813664596 9 81
160 0 14.72975306510102 15.993788819875776 11 98
161 0 14.988775686409946 15.838509316770185 10 85
162 0 14.557071317561734 15.217391304347828 12 109
163 0 14.574339492315664 14.751552795031056 13 120
164 0 14.436194094284236 14.751552795031056 14 125
165 0 14.798825764116733 15.372670807453417 15 132
166 0 76.16991883957866 76.24223602484473 1 5
167 0 14.591607667069592 14.906832298136646 16 137
168 0 53.25505094111552 53.2608695652174 2 33
169 0 35.15800379899844 35.24844720496895 3 32
170 0 25.418753237782767 25.0 4 40
171 0 20.42825073389743 22.36024844720497 5 47
172 0 18.68416508375065 21.11801242236025 6 51
173 0 16.957347608357797 18.788819875776397 7 64
174 0 15.575893628043517 16.61490683229814 8 70
175 0 15.075116560179588 15.683229813664596 9 81
176 0 14.72975306510102 15.993788819875776 11 98
177 0 14.988775686409946 15.838509316770185 10 85
178 0 14.557071317561734 15.217391304347828 12 109
179 0 14.574339492315664 14.751552795031056 13 120
180 0 76.16991883957866 76.24223602484473 1 10
181 0 16.750129511310654 17.546583850931675 18 110
182 0 53.358659989639094 53.57142857142857 2 21
183 0 53.358659989639094 53.57142857142857 2 21
184 0 34.225522362286306 34.62732919254658 3 32
185 0 34.225522362286306 34.62732919254658 3 32
186 0 24.935244344672768 25.15527950310559 4 37
187 0 24.935244344672768 25.15527950310559 4 37
188 0 19.59937834570886 19.565217391304348 5 32
189 0 16.819202210326367 18.012422360248447 15 96
190 0 16.784665860818514 17.546583850931675 17 105
191 0 19.59937834570886 19.565217391304348 5 32
192 0 17.95890174408565 18.16770186335404 6 38
193 0 17.95890174408565 18.16770186335404 6 38
194 0 16.94007943360387 17.080745341614907 7 43
195 0 16.94007943360387 17.080745341614907 7 43
196 0 16.836470385080297 17.236024844720497 8 51
197 0 16.836470385080297 17.236024844720497 8 51
198 0 16.611984113279227 16.925465838509314 9 56
199 0 17.285442928682436 17.546583850931675 10 60
200 0 17.078224831635296 18.16770186335404 11 75
201 0 17.06095665688137 18.633540372670808 12 72
202 0 17.078224831635296 18.16770186335404 11 75
203 0 16.819202210326367 18.012422360248447 15 96
204 0 17.06095665688137 18.633540372670808 12 72
205 0 16.92281125884994 18.633540372670808 14 91
206 0 16.784665860818514 17.546583850931675 17 105
207 0 16.974615783111723 18.788819875776397 13 84
208 0 16.974615783111723 18.788819875776397 13 84
209 0 16.92281125884994 18.633540372670808 14 91
210 0 16.611984113279227 16.925465838509314 9 56
211 0 17.285442928682436 17.546583850931675 10 60
212 0 76.16991883957866 76.24223602484473 1 11
213 0 16.750129511310654 17.546583850931675 18 110
214 0 53.358659989639094 53.57142857142857 2 21
215 0 34.225522362286306 34.62732919254658 3 32
216 0 24.935244344672768 25.15527950310559 4 37
217 0 19.59937834570886 19.565217391304348 5 32
218 0 17.95890174408565 18.16770186335404 6 38
219 0 16.94007943360387 17.080745341614907 7 43
220 0 16.836470385080297 17.236024844720497 8 51
221 0 17.078224831635296 18.16770186335404 11 75
222 0 16.819202210326367 18.012422360248447 15 96
223 0 17.06095665688137 18.633540372670808 12 72
224 0 16.784665860818514 17.546583850931675 17 105
225 0 16.974615783111723 18.788819875776397 13 84
226 0 16.92281125884994 18.633540372670808 14 91
227 0 16.611984113279227 16.925465838509314 9 56
228 0 17.285442928682436 17.546583850931675 10 60
229 0 76.16991883957866 76.24223602484473 1 11
230 0 16.750129511310654 17.546583850931675 18 110
231 0 53.358659989639094 53.57142857142857 2 21
232 0 34.225522362286306 34.62732919254658 3 32
233 0 24.935244344672768 25.15527950310559 4 37
234 0 19.59937834570886 19.565217391304348 5 32
235 0 17.95890174408565 18.16770186335404 6 38
236 0 16.94007943360387 17.080745341614907 7 43
237 0 16.68105681229494 16.925465838509314 8 51
238 0 17.078224831635296 18.16770186335404 11 75
239 0 16.819202210326367 18.012422360248447 15 96
240 0 76.22172336384044 76.24223602484473 1 6
241 0 13.762735278881022 14.751552795031056 27 209
242 0 53.32412364013124 53.41614906832298 2 53
243 0 53.32412364013124 53.41614906832298 2 53
244 0 34.277326886548096 33.54037267080746 3 24
245 0 34.277326886548096 33.54037267080746 3 24
246 0 24.866171645657055 24.22360248447205 4 30
247 0 24.866171645657055 24.22360248447205 4 30
248 0 18.97772405456743 18.788819875776397 5 32
249 0 18.97772405456743 18.788819875776397 5 32
250 0 16.80193403557244 18.478260869565215 6 51
251 0 13.710930754619236 14.440993788819876 25 185
252 0 16.12847522016923 18.012422360248447 8 60
253 0 15.610429977551373 16.61490683229814 9 70
254 0 15.783111725090656 17.391304347826086 10 74
255 0 15.195993783457087 15.838509316770185 11 84
256 0 16.80193403557244 18.478260869565215 6 51
257 0 16.663788637541014 18.32298136645963 7 56
258 0 16.663788637541014 18.32298136645963 7 56
259 0 16.12847522016923 18.012422360248447 8 60
260 0 15.610429977551373 16.61490683229814 9 70
261 0 15.195993783457087 15.838509316770185 11 84
262 0 15.783111725090656 17.391304347826086 10 74
263 0 14.902434812640303 15.683229813664596 12 90
264 0 14.902434812640303 15.683229813664596 12 90
265 0 14.971507511656018 15.838509316770185 13 96
266 0 14.971507511656018 15.838509316770185 13 96
267 0 14.401657744776378 15.062111801242237 14 100
268 0 14.522534968053877 15.527950310559005 15 108
269 0 14.487998618546019 15.683229813664596 16 120
270 0 14.177171472975306 15.062111801242237 19 140
271 0 13.88361250215852 14.596273291925465 20 152
272 0 14.764289414608875 15.838509316770185 17 124
273 0 14.246244171991021 15.062111801242237 18 128
274 0 13.866344327404592 14.440993788819876 21 156
275 0 13.849076152650666 14.440993788819876 22 162
276 0 13.831807977896737 14.596273291925465 23 174
277 0 13.831807977896737 14.596273291925465 23 174
278 0 14.246244171991021 15.062111801242237 18 128
279 0 13.866344327404592 14.440993788819876 21 156
280 0 14.177171472975306 15.062111801242237 19 140
281 0 13.849076152650666 14.440993788819876 22 162
282 0 13.88361250215852 14.596273291925465 20 152
283 0 13.710930754619236 14.440993788819876 24 179
284 0 14.401657744776378 15.062111801242237 14 100
285 0 14.522534968053877 15.527950310559005 15 108
286 0 13.710930754619236 14.440993788819876 25 185
287 0 14.487998618546019 15.683229813664596 16 120
288 0 13.710930754619236 14.440993788819876 24 179
289 0 14.764289414608875 15.838509316770185 17 124
290 0 76.42894146088759 76.24223602484473 1 10
291 0 13.762735278881022 14.751552795031056 27 209
292 0 53.32412364013124 53.41614906832298 2 53
293 0 34.277326886548096 33.54037267080746 3 24
294 0 24.866171645657055 24.22360248447205 4 30
295 0 18.97772405456743 18.788819875776397 5 32
296 0 16.80193403557244 18.478260869565215 6 51
297 0 16.663788637541014 18.32298136645963 7 56
298 0 16.12847522016923 18.012422360248447 8 60
299 0 15.610429977551373 16.61490683229814 9 70
