0 0 76.46754143646409 76.51632970451011 1 4
1 0 22.030386740331494 20.21772939346812 20 146
2 0 58.02831491712708 56.45412130637636 2 58
3 0 58.02831491712708 56.45412130637636 2 58
4 0 36.32596685082873 35.45878693623639 3 25
5 0 36.32596685082873 35.45878693623639 3 25
6 0 30.62845303867403 29.54898911353033 4 30
7 0 30.62845303867403 29.54898911353033 4 30
8 0 25.120856353591158 22.55054432348367 5 35
9 0 25.120856353591158 22.55054432348367 5 35
10 0 22.168508287292816 21.77293934681182 6 45
11 0 22.272099447513813 19.906687402799378 18 128
12 0 23.204419889502763 21.30637636080871 10 69
13 0 22.876381215469614 20.37325038880249 11 74
14 0 22.168508287292816 21.77293934681182 6 45
15 0 21.702348066298345 21.30637636080871 7 54
16 0 22.876381215469614 20.37325038880249 11 74
17 0 22.220303867403317 20.37325038880249 12 80
18 0 21.702348066298345 21.30637636080871 7 54
19 0 22.220303867403317 20.37325038880249 12 80
20 0 21.616022099447513 20.99533437013997 8 58
21 0 21.616022099447513 20.99533437013997 8 58
22 0 22.89364640883978 20.37325038880249 13 89
23 0 21.374309392265193 20.99533437013997 9 66
24 0 22.89364640883978 20.37325038880249 13 89
25 0 22.254834254143645 20.37325038880249 14 95
26 0 22.254834254143645 20.37325038880249 14 95
27 0 22.582872928176794 20.684292379471227 15 98
28 0 21.374309392265193 20.99533437013997 9 66
29 0 23.204419889502763 21.30637636080871 10 69
30 0 22.272099447513813 19.906687402799378 18 128
31 0 22.582872928176794 20.684292379471227 15 98
32 0 22.4792817679558 20.52877138413686 16 109
33 0 22.4792817679558 20.52877138413686 16 109
34 0 22.444751381215468 20.52877138413686 17 116
35 0 22.254834254143645 19.906687402799378 17 118
36 0 76.46754143646409 76.51632970451011 1 4
37 0 22.030386740331494 20.21772939346812 20 146
38 0 58.02831491712708 56.45412130637636 2 58
39 0 36.32596685082873 35.45878693623639 3 25
40 0 30.62845303867403 29.54898911353033 4 30
41 0 25.120856353591158 22.55054432348367 5 35
42 0 22.168508287292816 21.77293934681182 6 45
43 0 22.876381215469614 20.37325038880249 11 74
44 0 21.702348066298345 21.30637636080871 7 54
45 0 22.220303867403317 20.37325038880249 12 80
46 0 21.616022099447513 20.99533437013997 8 58
47 0 22.89364640883978 20.37325038880249 13 89
48 0 22.582872928176794 20.684292379471227 14 94
49 0 21.374309392265193 20.99533437013997 9 66
50 0 23.204419889502763 21.30637636080871 10 69
51 0 22.272099447513813 19.906687402799378 18 128
52 0 22.582872928176794 20.684292379471227 15 98
53 0 22.4792817679558 20.52877138413686 16 109
54 0 22.444751381215468 20.52877138413686 17 116
55 0 76.46754143646409 76.51632970451011 1 4
56 0 22.030386740331494 20.21772939346812 20 146
57 0 58.02831491712708 56.45412130637636 2 58
58 0 36.32596685082873 35.45878693623639 3 25
59 0 30.62845303867403 29.54898911353033 4 30
60 0 76.17403314917127 76.20528771384136 1 6
61 0 17.78314917127072 19.12908242612753 11 88
62 0 53.43577348066299 53.34370139968896 2 34
63 0 53.45303867403315 53.34370139968896 2 34
64 0 33.995165745856355 33.43701399688958 3 46
65 0 34.081491712707184 33.903576982892695 3 45
66 0 24.896408839779006 24.10575427682737 4 50
67 0 24.896408839779006 24.10575427682737 4 50
68 0 22.099447513812155 20.99533437013997 5 38
69 0 22.099447513812155 20.99533437013997 5 38
70 0 22.185773480662984 21.61741835147745 6 49
71 0 22.185773480662984 21.61741835147745 6 49
72 0 19.11256906077348 18.973561430793158 7 63
73 0 19.11256906077348 18.973561430793158 7 63
74 0 17.645027624309392 18.195956454121305 8 66
75 0 17.645027624309392 18.195956454121305 8 66
76 0 17.834944751381215 19.12908242612753 9 70
77 0 17.800414364640886 19.12908242612753 10 74
78 0 17.834944751381215 19.12908242612753 9 70
79 0 17.800414364640886 19.12908242612753 10 74
80 0 76.34668508287292 76.36080870917574 1 14
81 0 17.78314917127072 19.12908242612753 11 88
82 0 53.29765193370166 53.18818040435459 2 33
83 0 34.15055248618785 33.903576982892695 3 44
84 0 24.896408839779006 24.10575427682737 4 50
85 0 22.099447513812155 20.99533437013997 5 38
86 0 22.185773480662984 21.61741835147745 6 49
87 0 19.11256906077348 18.973561430793158 7 63
88 0 17.645027624309392 18.195956454121305 8 66
89 0 17.834944751381215 19.12908242612753 9 70
90 0 17.800414364640886 19.12908242612753 10 74
91 0 76.34668508287292 76.36080870917574 1 14
92 0 17.78314917127072 19.12908242612753 11 88
93 0 53.66022099447514 53.18818040435459 2 33
94 0 34.15055248618785 33.903576982892695 3 44
95 0 24.896408839779006 24.10575427682737 4 50
96 0 22.099447513812155 20.99533437013997 5 38
97 0 22.185773480662984 21.61741835147745 6 49
98 0 19.11256906077348 18.973561430793158 7 63
99 0 17.645027624309392 18.195956454121305 8 66
100 0 17.834944751381215 19.12908242612753 9 70
101 0 17.800414364640886 19.12908242612753 10 74
102 0 76.34668508287292 76.36080870917574 1 11
103 0 17.78314917127072 19.12908242612753 11 88
104 0 53.41850828729282 53.34370139968896 2 31
105 0 34.28867403314917 34.05909797822706 3 46
106 0 24.896408839779006 24.10575427682737 4 50
107 0 22.099447513812155 20.99533437013997 5 38
108 0 22.185773480662984 21.61741835147745 6 49
109 0 19.11256906077348 18.973561430793158 7 63
110 0 17.645027624309392 18.195956454121305 8 66
111 0 17.834944751381215 19.12908242612753 9 70
112 0 17.800414364640886 19.12908242612753 10 74
113 0 76.17403314917127 76.20528771384136 1 7
114 0 17.78314917127072 19.12908242612753 11 88
115 0 53.43577348066299 53.34370139968896 2 34
116 0 33.995165745856355 33.43701399688958 3 46
117 0 24.861878453038674 23.950233281493002 4 50
118 0 22.099447513812155 20.99533437013997 5 38
119 0 22.185773480662984 21.61741835147745 6 49
120 0 76.17403314917127 76.20528771384136 1 10
121 0 14.917127071823206 13.841368584758943 30 261
122 0 53.29765193370166 53.34370139968896 2 20
123 0 53.29765193370166 53.34370139968896 2 20
124 0 33.97790055248619 33.903576982892695 3 23
125 0 33.97790055248619 33.903576982892695 3 23
126 0 24.499309392265193 24.261275272161743 4 27
127 0 24.499309392265193 24.261275272161743 4 27
128 0 18.456491712707184 18.040435458786934 5 36
129 0 15.003453038674033 13.841368584758943 26 220
130 0 15.05524861878453 13.841368584758943 23 190
131 0 18.456491712707184 18.040435458786934 5 36
132 0 17.265193370165747 17.573872472783826 6 46
133 0 15.607734806629834 13.841368584758943 20 165
134 0 15.607734806629834 13.841368584758943 20 165
135 0 14.865331491712707 13.841368584758943 28 237
136 0 14.865331491712707 13.841368584758943 28 237
137 0 15.037983425414364 13.996889580093313 22 173
138 0 15.918508287292818 13.996889580093313 18 149
139 0 15.003453038674033 13.841368584758943 26 220
140 0 17.265193370165747 17.573872472783826 6 46
141 0 16.67817679558011 16.485225505443236 7 49
142 0 16.660911602209943 16.018662519440124 8 55
143 0 16.729972375690608 15.552099533437014 9 66
144 0 16.660911602209943 15.396578538102643 10 72
145 0 16.419198895027623 14.930015552099535 11 89
146 0 16.212016574585636 14.618973561430792 12 99
147 0 16.419198895027623 14.930015552099535 11 89
148 0 16.729972375690608 15.552099533437014 9 66
149 0 16.660911602209943 15.396578538102643 10 72
150 0 16.212016574585636 14.618973561430792 14 119
151 0 16.039364640883978 14.307931570762053 15 120
152 0 16.67817679558011 16.485225505443236 7 49
153 0 16.212016574585636 14.618973561430792 12 99
154 0 16.660911602209943 16.018662519440124 8 55
155 0 16.14295580110497 14.463452566096425 13 105
156 0 15.918508287292818 13.996889580093313 18 149
157 0 15.711325966850827 14.152410575427682 16 136
158 0 15.849447513812153 13.685847589424572 17 139
159 0 16.14295580110497 14.463452566096425 13 105
160 0 16.212016574585636 14.618973561430792 14 119
161 0 16.039364640883978 14.307931570762053 15 120
162 0 15.711325966850827 14.152410575427682 16 136
163 0 15.037983425414364 13.996889580093313 22 173
164 0 15.05524861878453 13.841368584758943 23 190
165 0 15.849447513812153 13.685847589424572 17 139
166 0 76.17403314917127 76.20528771384136 1 10
167 0 14.917127071823206 13.841368584758943 30 261
168 0 53.29765193370166 53.34370139968896 2 20
169 0 33.97790055248619 33.903576982892695 3 23
170 0 24.499309392265193 24.261275272161743 4 27
171 0 18.456491712707184 18.040435458786934 5 36
172 0 15.607734806629834 13.841368584758943 20 165
173 0 14.865331491712707 13.841368584758943 28 237
174 0 15.003453038674033 13.841368584758943 26 220
175 0 17.265193370165747 17.573872472783826 6 46
176 0 16.419198895027623 14.930015552099535 11 89
177 0 16.729972375690608 15.552099533437014 9 66
178 0 16.660911602209943 15.396578538102643 10 72
179 0 16.67817679558011 16.485225505443236 7 49
180 0 76.29488950276243 76.20528771384136 1 11
181 0 15.41781767955801 15.863141524105753 15 109
182 0 53.53936464088398 53.654743390357694 2 18
183 0 53.38397790055248 53.34370139968896 2 22
184 0 34.20234806629834 34.83670295489891 3 32
185 0 34.20234806629834 34.83670295489891 3 32
186 0 25.41436464088398 25.816485225505442 4 29
187 0 25.41436464088398 25.816485225505442 4 29
188 0 20.545580110497237 19.284603421461895 5 34
189 0 20.545580110497237 19.284603421461895 5 34
190 0 18.83632596685083 18.040435458786934 6 44
191 0 18.266574585635357 16.796267496111973 7 48
192 0 17.16160220994475 17.107309486780714 8 54
193 0 18.83632596685083 18.040435458786934 6 44
194 0 18.266574585635357 16.796267496111973 7 48
195 0 17.16160220994475 17.107309486780714 8 54
196 0 16.660911602209943 15.863141524105753 9 58
197 0 16.660911602209943 15.863141524105753 9 58
198 0 16.38466850828729 15.707620528771384 10 64
199 0 16.38466850828729 15.707620528771384 10 64
200 0 15.625 15.707620528771384 11 68
201 0 15.625 15.707620528771384 11 68
202 0 15.625 15.863141524105753 12 77
203 0 15.625 15.863141524105753 12 77
204 0 15.452348066298343 16.018662519440124 13 86
205 0 15.452348066298343 16.018662519440124 13 86
206 0 15.435082872928177 15.863141524105753 14 97
207 0 15.435082872928177 15.863141524105753 14 97
208 0 76.29488950276243 76.20528771384136 1 11
209 0 15.41781767955801 15.863141524105753 15 109
210 0 53.53936464088398 53.654743390357694 2 18
211 0 34.20234806629834 34.83670295489891 3 32
212 0 25.41436464088398 25.816485225505442 4 29
213 0 20.545580110497237 19.284603421461895 5 34
214 0 18.83632596685083 18.040435458786934 6 44
215 0 18.266574585635357 16.796267496111973 7 48
216 0 17.16160220994475 17.107309486780714 8 54
217 0 16.660911602209943 15.863141524105753 9 58
218 0 16.38466850828729 15.707620528771384 10 64
219 0 15.625 15.707620528771384 11 68
220 0 15.625 15.863141524105753 12 77
221 0 15.452348066298343 16.018662519440124 13 86
222 0 15.435082872928177 15.863141524105753 14 97
223 0 76.29488950276243 76.20528771384136 1 12
224 0 15.41781767955801 15.863141524105753 15 109
225 0 53.53936464088398 53.654743390357694 2 18
226 0 34.20234806629834 34.83670295489891 3 32
227 0 25.41436464088398 25.816485225505442 4 29
228 0 20.545580110497237 19.284603421461895 5 34
229 0 18.83632596685083 18.040435458786934 6 44
230 0 18.266574585635357 16.796267496111973 7 48
231 0 17.16160220994475 17.107309486780714 8 54
232 0 16.660911602209943 15.863141524105753 9 58
233 0 16.38466850828729 15.707620528771384 10 64
234 0 15.625 15.707620528771384 11 68
235 0 15.625 15.863141524105753 12 77
236 0 15.452348066298343 16.018662519440124 13 86
237 0 15.435082872928177 15.863141524105753 14 97
238 0 76.34668508287292 76.20528771384136 1 12
239 0 15.41781767955801 15.863141524105753 15 109
240 0 76.19129834254143 76.20528771384136 1 17
241 0 13.7603591160221 16.485225505443236 27 181
242 0 53.055939226519335 53.34370139968896 2 43
243 0 53.055939226519335 53.34370139968896 2 43
244 0 34.49585635359116 34.52566096423017 3 33
245 0 34.49585635359116 34.52566096423017 3 33
246 0 24.827348066298345 25.038880248833596 4 38
247 0 24.827348066298345 25.038880248833596 4 38
248 0 19.73411602209945 20.684292379471227 5 33
249 0 19.73411602209945 20.684292379471227 5 33
250 0 18.007596685082873 20.839813374805598 6 43
251 0 18.007596685082873 20.839813374805598 6 43
252 0 15.83218232044199 18.506998444790046 7 57
253 0 13.933011049723756 15.396578538102643 20 136
254 0 13.967541436464087 16.174183514774494 24 164
255 0 14.278314917127071 17.107309486780714 22 147
256 0 14.312845303867402 17.262830482115085 18 137
257 0 15.17610497237569 18.040435458786934 8 62
258 0 14.986187845303867 16.796267496111973 9 68
259 0 15.83218232044199 18.506998444790046 7 57
260 0 15.17610497237569 18.040435458786934 8 62
261 0 13.587707182320441 15.552099533437014 21 142
262 0 14.623618784530388 17.729393468118197 14 92
263 0 14.830801104972377 17.107309486780714 10 72
264 0 14.502762430939226 17.573872472783826 16 106
265 0 14.675414364640885 17.107309486780714 11 74
266 0 14.33011049723757 17.418351477449455 17 114
267 0 14.347375690607736 17.729393468118197 15 98
268 0 14.347375690607736 17.729393468118197 15 98
269 0 14.502762430939226 17.573872472783826 16 106
270 0 14.986187845303867 16.796267496111973 9 68
271 0 14.830801104972377 17.107309486780714 10 72
272 0 14.312845303867402 17.262830482115085 18 137
273 0 14.675414364640885 17.107309486780714 11 74
274 0 13.933011049723756 15.396578538102643 20 136
275 0 14.416436464088397 16.951788491446347 12 80
276 0 14.416436464088397 16.951788491446347 12 80
277 0 13.7603591160221 16.485225505443236 26 179
278 0 14.39917127071823 16.796267496111973 13 103
279 0 13.898480662983426 16.329704510108865 25 165
280 0 14.278314917127071 17.107309486780714 22 147
281 0 13.587707182320441 15.552099533437014 21 142
282 0 14.33011049723757 17.418351477449455 17 114
283 0 14.39917127071823 16.796267496111973 13 103
284 0 13.898480662983426 16.329704510108865 25 165
285 0 13.7603591160221 16.485225505443236 26 179
286 0 14.623618784530388 17.729393468118197 14 92
287 0 13.967541436464087 16.174183514774494 24 164
288 0 76.29488950276243 76.51632970451011 1 23
289 0 13.7603591160221 16.485225505443236 27 186
290 0 53.055939226519335 53.34370139968896 2 43
291 0 34.49585635359116 34.52566096423017 3 33
292 0 24.827348066298345 25.038880248833596 4 38
293 0 19.73411602209945 20.684292379471227 5 33
294 0 18.007596685082873 20.839813374805598 6 43
295 0 15.83218232044199 18.506998444790046 7 57
296 0 15.17610497237569 18.040435458786934 8 62
297 0 14.347375690607736 17.729393468118197 15 98
298 0 14.502762430939226 17.573872472783826 16 106
299 0 14.986187845303867 16.796267496111973 9 68
