0 0 76.65342773268866 77.79503105590062 1 4
1 0 22.914867898463132 25.0 11 70
2 0 60.07597996891728 61.64596273291926 2 58
3 0 59.747884648592645 61.18012422360248 2 57
4 0 39.33690208944915 42.391304347826086 3 22
5 0 39.33690208944915 42.391304347826086 3 22
6 0 29.977551372819892 32.45341614906832 4 30
7 0 29.977551372819892 32.45341614906832 4 30
8 0 25.72958038335348 28.416149068322984 5 31
9 0 25.72958038335348 28.416149068322984 5 31
10 0 23.916422034190987 25.931677018633543 6 44
11 0 23.916422034190987 25.931677018633543 6 44
12 0 23.536522189604558 26.08695652173913 7 49
13 0 23.536522189604558 26.08695652173913 7 49
14 0 21.930581937489208 24.37888198757764 8 52
15 0 21.930581937489208 24.37888198757764 8 52
16 0 21.82697288896564 24.37888198757764 9 60
17 0 21.82697288896564 24.37888198757764 9 60
18 0 22.742186150923846 24.84472049689441 10 66
19 0 22.742186150923846 24.84472049689441 10 66
20 0 76.65342773268866 77.79503105590062 1 4
21 0 22.914867898463132 25.0 11 70
22 0 59.782420998100505 61.18012422360248 2 58
23 0 39.33690208944915 42.391304347826086 3 22
24 0 29.977551372819892 32.45341614906832 4 30
25 0 25.72958038335348 28.416149068322984 5 31
26 0 23.916422034190987 25.931677018633543 6 44
27 0 23.536522189604558 26.08695652173913 7 49
28 0 21.930581937489208 24.37888198757764 8 52
29 0 21.82697288896564 24.37888198757764 9 60
30 0 22.742186150923846 24.84472049689441 10 66
31 0 76.65342773268866 77.79503105590062 1 4
32 0 22.914867898463132 25.0 11 70
33 0 59.782420998100505 61.18012422360248 2 58
34 0 39.33690208944915 42.391304347826086 3 22
35 0 29.977551372819892 32.45341614906832 4 30
36 0 25.72958038335348 28.416149068322984 5 31
37 0 23.916422034190987 25.931677018633543 6 44
38 0 23.536522189604558 26.08695652173913 7 49
39 0 21.930581937489208 24.37888198757764 8 52
40 0 21.82697288896564 24.37888198757764 9 60
41 0 22.742186150923846 24.84472049689441 10 66
42 0 81.81661198411328 83.07453416149069 1 29
43 0 22.914867898463132 25.0 11 70
44 0 60.07597996891728 61.64596273291926 2 58
45 0 39.33690208944915 42.391304347826086 3 22
46 0 29.977551372819892 32.45341614906832 4 30
47 0 25.72958038335348 28.416149068322984 5 31
48 0 23.916422034190987 25.931677018633543 6 44
49 0 23.536522189604558 26.08695652173913 7 49
50 0 21.930581937489208 24.37888198757764 8 52
51 0 21.82697288896564 24.37888198757764 9 60
52 0 22.742186150923846 24.84472049689441 10 66
53 0 81.81661198411328 83.07453416149069 1 30
54 0 22.914867898463132 25.0 11 70
55 0 60.07597996891728 61.64596273291926 2 58
56 0 39.45777931272664 41.92546583850932 3 21
57 0 29.977551372819892 32.45341614906832 4 30
58 0 25.72958038335348 28.416149068322984 5 31
59 0 23.916422034190987 25.931677018633543 6 44
60 0 76.34260058711794 76.70807453416148 1 7
61 0 17.06095665688137 19.099378881987576 13 98
62 0 54.0839233293041 54.503105590062106 2 32
63 0 54.0839233293041 54.503105590062106 2 32
64 0 35.34795372129166 35.714285714285715 3 42
65 0 35.00259022621309 35.40372670807454 3 42
66 0 25.902262130892765 26.552795031055897 4 53
67 0 25.902262130892765 26.552795031055897 4 53
68 0 20.20376446209636 20.96273291925466 5 58
69 0 19.9274736660335 20.652173913043477 5 58
70 0 18.75323778276636 19.875776397515526 6 70
71 0 18.18338801588672 19.875776397515526 7 78
72 0 18.874115006043862 19.40993788819876 8 79
73 0 18.874115006043862 19.40993788819876 8 79
74 0 18.42514246244172 20.031055900621116 9 81
75 0 18.42514246244172 20.031055900621116 9 81
76 0 18.269728889656363 20.341614906832298 10 90
77 0 18.269728889656363 20.341614906832298 10 90
78 0 17.38905197720601 19.40993788819876 11 86
79 0 17.06095665688137 19.099378881987576 12 91
80 0 17.38905197720601 19.40993788819876 11 86
81 0 18.75323778276636 19.875776397515526 6 70
82 0 18.18338801588672 19.875776397515526 7 78
83 0 17.06095665688137 19.099378881987576 12 91
84 0 76.34260058711794 76.70807453416148 1 8
85 0 17.06095665688137 19.099378881987576 13 98
86 0 54.239336902089455 54.6583850931677 2 30
87 0 35.00259022621309 35.40372670807454 3 42
88 0 25.93679848040062 26.552795031055897 4 52
89 0 19.9274736660335 20.652173913043477 5 58
90 0 18.874115006043862 19.40993788819876 8 79
91 0 18.42514246244172 20.031055900621116 9 81
92 0 18.269728889656363 20.341614906832298 10 90
93 0 17.38905197720601 19.40993788819876 11 86
94 0 18.75323778276636 19.875776397515526 6 70
95 0 18.18338801588672 19.875776397515526 7 78
96 0 17.06095665688137 19.099378881987576 12 91
97 0 76.34260058711794 76.70807453416148 1 7
98 0 17.06095665688137 19.099378881987576 13 98
99 0 54.30840960110517 54.81366459627329 2 32
100 0 35.26161284752202 35.869565217391305 3 42
101 0 25.93679848040062 26.552795031055897 4 52
102 0 20.20376446209636 20.96273291925466 5 58
103 0 18.874115006043862 19.40993788819876 8 79
104 0 18.42514246244172 20.031055900621116 9 81
105 0 18.269728889656363 20.341614906832298 10 90
106 0 17.38905197720601 19.40993788819876 11 86
107 0 18.75323778276636 19.875776397515526 6 70
108 0 18.18338801588672 19.875776397515526 7 78
109 0 17.06095665688137 19.099378881987576 12 91
110 0 76.34260058711794 76.70807453416148 1 7
111 0 17.06095665688137 19.099378881987576 13 98
112 0 54.222068727335525 54.6583850931677 2 32
113 0 35.33068554653773 35.714285714285715 3 41
114 0 25.85045760663098 26.70807453416149 4 54
115 0 20.20376446209636 20.96273291925466 5 58
116 0 18.874115006043862 19.40993788819876 8 79
117 0 18.42514246244172 20.031055900621116 9 81
118 0 18.269728889656363 20.341614906832298 10 90
119 0 17.38905197720601 19.40993788819876 11 86
120 0 76.16991883957866 76.24223602484473 1 9
121 0 15.90398894836816 17.391304347826086 12 101
122 0 53.13417371783803 53.105590062111794 2 52
123 0 53.18597824209981 52.95031055900621 2 52
124 0 34.62269038162666 34.47204968944099 3 30
125 0 34.62269038162666 34.47204968944099 3 30
126 0 24.866171645657055 24.689440993788818 4 36
127 0 24.866171645657055 24.689440993788818 4 36
128 0 18.114315316871007 19.25465838509317 5 47
129 0 18.874115006043862 20.652173913043477 6 55
130 0 17.38905197720601 19.565217391304348 7 66
131 0 18.114315316871007 19.25465838509317 5 47
132 0 18.874115006043862 20.652173913043477 6 55
133 0 17.38905197720601 19.565217391304348 7 66
134 0 16.80193403557244 18.633540372670808 8 70
135 0 16.80193403557244 18.633540372670808 8 70
136 0 16.301156967708515 17.546583850931675 9 75
137 0 16.301156967708515 17.546583850931675 9 75
138 0 16.02486617164566 17.546583850931675 10 81
139 0 16.02486617164566 17.546583850931675 10 81
140 0 15.9903298221378 17.546583850931675 11 90
141 0 15.9903298221378 17.546583850931675 11 90
142 0 76.16991883957866 76.24223602484473 1 9
143 0 15.90398894836816 17.391304347826086 12 101
144 0 53.18597824209981 52.95031055900621 2 52
145 0 34.62269038162666 34.47204968944099 3 30
146 0 24.866171645657055 24.689440993788818 4 36
147 0 18.114315316871007 19.25465838509317 5 47
148 0 18.874115006043862 20.652173913043477 6 55
149 0 17.38905197720601 19.565217391304348 7 66
150 0 16.80193403557244 18.633540372670808 8 70
151 0 16.301156967708515 17.546583850931675 9 75
152 0 16.02486617164566 17.546583850931675 10 81
153 0 15.9903298221378 17.546583850931675 11 90
154 0 76.325332412364 76.24223602484473 1 27
155 0 15.90398894836816 17.391304347826086 12 101
156 0 53.13417371783803 53.105590062111794 2 52
157 0 34.62269038162666 34.47204968944099 3 30
158 0 24.866171645657055 24.689440993788818 4 36
159 0 18.114315316871007 19.25465838509317 5 47
160 0 18.874115006043862 20.652173913043477 6 55
161 0 17.38905197720601 19.565217391304348 7 66
162 0 16.80193403557244 18.633540372670808 8 70
163 0 16.301156967708515 17.546583850931675 9 75
164 0 16.02486617164566 17.546583850931675 10 81
165 0 15.9903298221378 17.546583850931675 11 90
166 0 76.16991883957866 76.24223602484473 1 9
167 0 15.90398894836816 17.391304347826086 12 101
168 0 53.18597824209981 52.95031055900621 2 52
169 0 34.62269038162666 34.47204968944099 3 30
170 0 24.866171645657055 24.689440993788818 4 36
171 0 18.114315316871007 19.25465838509317 5 47
172 0 18.874115006043862 20.652173913043477 6 55
173 0 17.38905197720601 19.565217391304348 7 66
174 0 16.80193403557244 18.633540372670808 8 70
175 0 16.301156967708515 17.546583850931675 9 75
176 0 16.02486617164566 17.546583850931675 10 81
177 0 15.9903298221378 17.546583850931675 11 90
178 0 76.16991883957866 76.24223602484473 1 10
179 0 15.90398894836816 17.391304347826086 12 101
180 0 76.16991883957866 76.24223602484473 1 10
181 0 16.232084268692798 18.16770186335404 15 84
182 0 53.49680538767052 53.57142857142857 2 21
183 0 53.49680538767052 53.57142857142857 2 21
184 0 34.65722673113452 34.93788819875777 3 37
185 0 34.65722673113452 34.93788819875777 3 37
186 0 25.48782593679848 25.62111801242236 4 40
187 0 25.48782593679848 25.62111801242236 4 40
188 0 21.79243653945778 23.136645962732917 5 40
189 0 21.79243653945778 23.136645962732917 5 40
190 0 19.133137627352788 20.496894409937887 6 40
191 0 19.133137627352788 20.496894409937887 6 40
192 0 18.114315316871007 19.875776397515526 7 42
193 0 17.112761181143153 18.944099378881987 9 55
194 0 17.06095665688137 18.788819875776397 10 59
195 0 18.114315316871007 19.875776397515526 7 42
196 0 17.924365394577794 19.72049689440994 8 48
197 0 17.112761181143153 18.944099378881987 9 55
198 0 17.924365394577794 19.72049689440994 8 48
199 0 16.715593161802797 18.478260869565215 12 67
200 0 16.663788637541014 18.478260869565215 13 71
201 0 17.06095665688137 18.788819875776397 10 59
202 0 16.92281125884994 18.633540372670808 11 65
203 0 16.991883957865653 18.788819875776397 11 63
204 0 16.715593161802797 18.478260869565215 12 67
205 0 16.663788637541014 18.478260869565215 13 71
206 0 16.45657054049387 18.32298136645963 14 74
207 0 16.45657054049387 18.32298136645963 14 74
208 0 76.16991883957866 76.24223602484473 1 10
209 0 16.232084268692798 18.16770186335404 15 84
210 0 53.49680538767052 53.57142857142857 2 21
211 0 34.65722673113452 34.93788819875777 3 37
212 0 25.48782593679848 25.62111801242236 4 40
213 0 21.79243653945778 23.136645962732917 5 40
214 0 19.133137627352788 20.496894409937887 6 40
215 0 18.114315316871007 19.875776397515526 7 42
216 0 17.112761181143153 18.944099378881987 9 55
217 0 17.924365394577794 19.72049689440994 8 48
218 0 17.06095665688137 18.788819875776397 10 59
219 0 16.991883957865653 18.788819875776397 11 63
220 0 16.715593161802797 18.478260869565215 12 67
221 0 16.663788637541014 18.478260869565215 13 71
222 0 16.45657054049387 18.32298136645963 14 74
223 0 76.16991883957866 76.24223602484473 1 11
224 0 16.232084268692798 18.16770186335404 15 84
225 0 53.49680538767052 53.57142857142857 2 21
226 0 34.65722673113452 34.93788819875777 3 37
227 0 25.48782593679848 25.62111801242236 4 40
228 0 21.79243653945778 23.136645962732917 5 40
229 0 19.133137627352788 20.496894409937887 6 40
230 0 18.114315316871007 19.875776397515526 7 42
231 0 17.924365394577794 19.72049689440994 8 48
232 0 17.112761181143153 18.944099378881987 9 55
233 0 17.06095665688137 18.788819875776397 10 59
234 0 16.991883957865653 18.788819875776397 11 63
235 0 16.715593161802797 18.478260869565215 12 67
236 0 16.663788637541014 18.478260869565215 13 71
237 0 16.45657054049387 18.32298136645963 14 74
238 0 76.16991883957866 76.24223602484473 1 11
239 0 16.232084268692798 18.16770186335404 15 84
240 0 76.16991883957866 76.24223602484473 1 5
241 0 12.899326541184596 13.354037267080745 28 222
242 0 52.9960283198066 53.105590062111794 2 12
243 0 52.9960283198066 53.105590062111794 2 12
244 0 34.34639958556381 35.40372670807454 3 40
245 0 34.34639958556381 35.40372670807454 3 40
246 0 24.88343982041098 26.70807453416149 4 44
247 0 24.88343982041098 26.70807453416149 4 44
248 0 23.27749956829563 23.136645962732917 5 42
249 0 23.27749956829563 23.136645962732917 5 42
250 0 18.235192540148507 18.012422360248447 6 49
251 0 16.819202210326367 16.925465838509314 7 52
252 0 15.593161802797445 15.838509316770185 8 61
253 0 18.235192540148507 18.012422360248447 6 49
254 0 16.819202210326367 16.925465838509314 7 52
255 0 15.593161802797445 15.838509316770185 8 61
256 0 14.522534968053877 14.440993788819876 9 66
257 0 14.522534968053877 14.440993788819876 9 66
258 0 14.349853220514591 14.440993788819876 11 77
259 0 14.021757900189948 13.819875776397517 12 82
260 0 14.36712139526852 14.440993788819876 10 72
261 0 14.021757900189948 13.819875776397517 12 82
262 0 13.417371783802452 13.819875776397517 14 97
263 0 13.469176308064238 13.664596273291925 13 92
264 0 13.296494560524952 13.198757763975156 15 106
265 0 14.36712139526852 14.440993788819876 10 72
266 0 14.349853220514591 14.440993788819876 11 77
267 0 13.469176308064238 13.664596273291925 13 92
268 0 13.417371783802452 13.819875776397517 14 97
269 0 12.76118114315317 13.043478260869565 19 141
270 0 12.899326541184596 13.043478260869565 20 151
271 0 13.054740113969954 13.198757763975156 21 165
272 0 13.054740113969954 12.888198757763975 17 131
273 0 12.96839924020031 13.043478260869565 22 175
274 0 13.020203764462096 12.888198757763975 18 135
275 0 13.296494560524952 13.198757763975156 15 106
276 0 13.31376273527888 13.043478260869565 16 117
277 0 12.96839924020031 13.043478260869565 22 175
278 0 13.31376273527888 13.043478260869565 16 117
279 0 12.847522016922811 13.354037267080745 27 215
280 0 13.002935589708168 13.354037267080745 25 198
281 0 13.054740113969954 12.888198757763975 17 131
282 0 13.037471939216024 13.198757763975156 23 184
283 0 12.951131065446383 13.198757763975156 26 211
284 0 12.899326541184596 13.043478260869565 20 151
285 0 13.020203764462096 12.888198757763975 18 135
286 0 13.037471939216024 13.198757763975156 23 184
287 0 12.899326541184596 13.043478260869565 26 212
288 0 12.951131065446383 13.198757763975156 24 191
289 0 12.847522016922811 13.354037267080745 27 215
290 0 12.951131065446383 13.198757763975156 24 191
291 0 13.002935589708168 13.354037267080745 25 198
292 0 13.054740113969954 13.198757763975156 21 165
293 0 12.76118114315317 13.043478260869565 19 141
294 0 76.16991883957866 76.24223602484473 1 9
295 0 12.899326541184596 13.354037267080745 28 222
296 0 52.9960283198066 53.105590062111794 2 12
297 0 34.34639958556381 35.40372670807454 3 40
298 0 24.88343982041098 26.70807453416149 4 44
299 0 23.27749956829563 23.136645962732917 5 42
