0 0 76.18718701433258 76.08695652173914 1 7
1 0 16.836470385080297 15.838509316770185 26 172
2 0 53.51407356242445 53.105590062111794 2 47
3 0 53.51407356242445 53.105590062111794 2 47
4 0 34.950785701951304 33.85093167701863 3 31
5 0 16.991883957865653 15.838509316770185 20 123
6 0 34.950785701951304 33.85093167701863 3 31
7 0 25.556898635814196 24.37888198757764 4 37
8 0 25.556898635814196 24.37888198757764 4 37
9 0 21.015368675530997 20.18633540372671 5 44
10 0 16.784665860818514 15.993788819875776 18 113
11 0 16.991883957865653 15.838509316770185 20 123
12 0 16.784665860818514 15.993788819875776 18 113
13 0 16.94007943360387 15.993788819875776 16 106
14 0 21.015368675530997 20.18633540372671 5 44
15 0 19.58211017095493 19.25465838509317 6 45
16 0 19.58211017095493 19.25465838509317 6 45
17 0 19.547573821447074 18.012422360248447 7 46
18 0 19.547573821447074 18.012422360248447 7 46
19 0 19.150405802106718 18.012422360248447 8 49
20 0 19.150405802106718 18.012422360248447 8 49
21 0 18.89138318079779 18.16770186335404 9 54
22 0 18.89138318079779 18.16770186335404 9 54
23 0 17.354515627698152 15.838509316770185 11 69
24 0 17.803488171300295 16.77018633540373 10 61
25 0 17.250906579174583 15.993788819875776 12 75
26 0 17.803488171300295 16.77018633540373 10 61
27 0 17.354515627698152 15.838509316770185 11 69
28 0 17.16456570540494 15.993788819875776 13 84
29 0 17.13002935589708 15.993788819875776 14 90
30 0 17.13002935589708 15.993788819875776 14 90
31 0 17.112761181143153 15.993788819875776 15 98
32 0 16.94007943360387 15.993788819875776 16 106
33 0 17.250906579174583 15.993788819875776 12 75
34 0 17.112761181143153 15.993788819875776 15 98
35 0 17.16456570540494 15.993788819875776 13 84
36 0 76.18718701433258 76.08695652173914 1 7
37 0 16.836470385080297 15.838509316770185 26 172
38 0 53.51407356242445 53.105590062111794 2 47
39 0 34.950785701951304 33.85093167701863 3 31
40 0 25.556898635814196 24.37888198757764 4 37
41 0 16.991883957865653 15.838509316770185 20 123
42 0 16.784665860818514 15.993788819875776 18 113
43 0 21.015368675530997 20.18633540372671 5 44
44 0 19.58211017095493 19.25465838509317 6 45
45 0 19.547573821447074 18.012422360248447 7 46
46 0 19.150405802106718 18.012422360248447 8 49
47 0 18.89138318079779 18.16770186335404 9 54
48 0 17.803488171300295 16.77018633540373 10 61
49 0 17.354515627698152 15.838509316770185 11 69
50 0 17.13002935589708 15.993788819875776 14 90
51 0 16.94007943360387 15.993788819875776 16 106
52 0 17.250906579174583 15.993788819875776 12 75
53 0 17.112761181143153 15.993788819875776 15 98
54 0 17.16456570540494 15.993788819875776 13 84
55 0 76.18718701433258 76.08695652173914 1 7
56 0 16.836470385080297 15.838509316770185 26 172
57 0 53.51407356242445 53.105590062111794 2 47
58 0 34.950785701951304 33.85093167701863 3 31
59 0 25.556898635814196 24.37888198757764 4 37
60 0 76.23899153859438 76.08695652173914 1 8
61 0 15.455016404766017 13.664596273291925 17 120
62 0 53.047832844068374 52.79503105590062 2 50
63 0 53.047832844068374 52.79503105590062 2 50
64 0 34.32913141080988 33.38509316770186 3 27
65 0 34.32913141080988 33.38509316770186 3 27
66 0 24.5898808495942 23.29192546583851 4 31
67 0 24.5898808495942 23.29192546583851 4 31
68 0 18.494215161457433 15.993788819875776 5 35
69 0 17.83802452080815 15.838509316770185 7 46
70 0 16.784665860818514 15.062111801242237 8 50
71 0 17.820756346054225 15.683229813664596 6 39
72 0 17.83802452080815 15.838509316770185 7 46
73 0 18.494215161457433 15.993788819875776 5 35
74 0 17.820756346054225 15.683229813664596 6 39
75 0 16.784665860818514 15.062111801242237 8 50
76 0 16.387497841478154 14.440993788819876 9 63
77 0 15.64496632705923 13.509316770186336 12 71
78 0 15.265066482472802 13.043478260869565 13 84
79 0 16.09393887066137 13.975155279503104 10 69
80 0 15.731307200828873 13.819875776397517 11 78
81 0 15.731307200828873 13.819875776397517 11 78
82 0 15.29960283198066 13.198757763975156 14 95
83 0 15.506820929027802 13.664596273291925 15 102
84 0 15.64496632705923 13.509316770186336 12 71
85 0 16.387497841478154 14.440993788819876 9 63
86 0 16.09393887066137 13.975155279503104 10 69
87 0 15.265066482472802 13.043478260869565 13 84
88 0 15.506820929027802 13.664596273291925 15 102
89 0 15.558625453289586 13.509316770186336 14 96
90 0 15.455016404766017 13.664596273291925 16 111
91 0 15.455016404766017 13.664596273291925 16 111
92 0 76.23899153859438 76.08695652173914 1 8
93 0 15.455016404766017 13.664596273291925 17 120
94 0 52.96149197029874 52.63975155279503 2 49
95 0 34.32913141080988 33.38509316770186 3 27
96 0 24.5898808495942 23.29192546583851 4 31
97 0 17.83802452080815 15.838509316770185 7 46
98 0 18.494215161457433 15.993788819875776 5 35
99 0 17.820756346054225 15.683229813664596 6 39
100 0 16.784665860818514 15.062111801242237 8 50
101 0 15.731307200828873 13.819875776397517 11 78
102 0 15.64496632705923 13.509316770186336 12 71
103 0 16.387497841478154 14.440993788819876 9 63
104 0 16.09393887066137 13.975155279503104 10 69
105 0 15.265066482472802 13.043478260869565 13 84
106 0 15.506820929027802 13.664596273291925 15 102
107 0 15.558625453289586 13.509316770186336 14 96
108 0 15.455016404766017 13.664596273291925 16 111
109 0 76.23899153859438 76.08695652173914 1 9
110 0 15.455016404766017 13.664596273291925 17 120
111 0 52.96149197029874 52.63975155279503 2 49
112 0 34.32913141080988 33.38509316770186 3 27
113 0 24.5898808495942 23.29192546583851 4 31
114 0 17.83802452080815 15.838509316770185 7 46
115 0 18.494215161457433 15.993788819875776 5 35
116 0 17.820756346054225 15.683229813664596 6 39
117 0 16.784665860818514 15.062111801242237 8 50
118 0 15.731307200828873 13.819875776397517 11 78
119 0 15.64496632705923 13.509316770186336 12 71
120 0 76.18718701433258 76.08695652173914 1 6
121 0 14.45346226903816 15.217391304347828 26 197
122 0 53.6004144361941 53.881987577639755 2 47
123 0 14.522534968053877 15.217391304347828 25 189
124 0 14.643412191331375 16.61490683229814 16 124
125 0 53.6004144361941 53.881987577639755 2 47
126 0 34.674494905888444 34.161490683229815 3 35
127 0 34.674494905888444 34.161490683229815 3 35
128 0 25.056121567950267 24.689440993788818 4 39
129 0 25.14246244171991 24.689440993788818 4 38
130 0 19.409428423415644 18.633540372670808 5 42
131 0 19.409428423415644 18.633540372670808 5 42
132 0 19.046796753583145 19.099378881987576 6 53
133 0 19.046796753583145 19.099378881987576 6 53
134 0 18.269728889656363 18.633540372670808 7 61
135 0 18.269728889656363 18.633540372670808 7 61
136 0 17.665342773268865 18.478260869565215 8 67
137 0 17.009152132619583 18.32298136645963 9 73
138 0 16.059402521153515 17.70186335403727 10 84
139 0 16.059402521153515 17.70186335403727 10 84
140 0 15.472284579519947 17.391304347826086 11 90
141 0 17.665342773268865 18.478260869565215 8 67
142 0 15.558625453289586 17.546583850931675 12 95
143 0 17.009152132619583 18.32298136645963 9 73
144 0 14.747021239854947 17.080745341614907 13 101
145 0 15.472284579519947 17.391304347826086 11 90
146 0 15.558625453289586 17.546583850931675 12 95
147 0 14.747021239854947 17.080745341614907 13 101
148 0 14.781557589362803 17.080745341614907 14 110
149 0 14.781557589362803 17.080745341614907 14 110
150 0 14.660680366085305 16.77018633540373 15 117
151 0 14.643412191331375 16.61490683229814 16 124
152 0 14.660680366085305 16.77018633540373 15 117
153 0 14.522534968053877 15.217391304347828 25 189
154 0 76.18718701433258 76.08695652173914 1 6
155 0 14.45346226903816 15.217391304347828 26 197
156 0 53.6004144361941 53.881987577639755 2 47
157 0 34.709031255396305 34.47204968944099 3 34
158 0 25.10792609221205 24.37888198757764 4 39
159 0 19.409428423415644 18.633540372670808 5 42
160 0 19.046796753583145 19.099378881987576 6 53
161 0 18.269728889656363 18.633540372670808 7 61
162 0 16.059402521153515 17.70186335403727 10 84
163 0 17.665342773268865 18.478260869565215 8 67
164 0 17.009152132619583 18.32298136645963 9 73
165 0 15.472284579519947 17.391304347826086 11 90
166 0 15.558625453289586 17.546583850931675 12 95
167 0 14.747021239854947 17.080745341614907 13 101
168 0 14.781557589362803 17.080745341614907 14 110
169 0 14.643412191331375 16.61490683229814 16 124
170 0 14.660680366085305 16.77018633540373 15 117
171 0 14.522534968053877 15.217391304347828 25 189
172 0 76.18718701433258 76.08695652173914 1 6
173 0 14.45346226903816 15.217391304347828 26 197
174 0 53.6004144361941 53.881987577639755 2 47
175 0 34.674494905888444 34.161490683229815 3 35
176 0 25.10792609221205 24.37888198757764 4 39
177 0 19.409428423415644 18.633540372670808 5 42
178 0 19.046796753583145 19.099378881987576 6 53
179 0 18.269728889656363 18.633540372670808 7 61
180 0 76.22172336384044 76.24223602484473 1 8
181 0 15.213261958211016 14.906832298136646 13 103
182 0 53.03056466931445 52.95031055900621 2 55
183 0 53.047832844068374 52.79503105590062 2 56
184 0 34.63995855638059 34.161490683229815 3 34
185 0 34.63995855638059 34.161490683229815 3 34
186 0 25.090657917458124 24.84472049689441 4 39
187 0 25.090657917458124 24.84472049689441 4 39
188 0 19.374892073907787 18.788819875776397 5 46
189 0 18.235192540148507 17.70186335403727 6 53
190 0 16.991883957865653 15.993788819875776 7 60
191 0 19.374892073907787 18.788819875776397 5 46
192 0 18.235192540148507 17.70186335403727 6 53
193 0 16.991883957865653 15.993788819875776 7 60
194 0 15.593161802797445 14.906832298136646 8 63
195 0 15.593161802797445 14.906832298136646 8 63
196 0 15.42048005525816 15.062111801242237 9 70
197 0 15.42048005525816 15.062111801242237 9 70
198 0 15.42048005525816 15.217391304347828 10 81
199 0 15.42048005525816 15.217391304347828 10 81
200 0 15.230530132964946 14.751552795031056 11 87
201 0 15.230530132964946 14.751552795031056 11 87
202 0 15.144189259195304 15.062111801242237 12 99
203 0 15.144189259195304 15.062111801242237 12 99
204 0 76.18718701433258 76.08695652173914 1 27
205 0 15.213261958211016 14.906832298136646 13 103
206 0 53.03056466931445 52.95031055900621 2 55
207 0 34.63995855638059 34.161490683229815 3 34
208 0 25.090657917458124 24.84472049689441 4 39
209 0 19.374892073907787 18.788819875776397 5 46
210 0 18.235192540148507 17.70186335403727 6 53
211 0 16.991883957865653 15.993788819875776 7 60
212 0 15.593161802797445 14.906832298136646 8 63
213 0 15.42048005525816 15.062111801242237 9 70
214 0 15.42048005525816 15.217391304347828 10 81
215 0 15.230530132964946 14.751552795031056 11 87
216 0 15.144189259195304 15.062111801242237 12 99
217 0 76.22172336384044 76.24223602484473 1 9
218 0 15.213261958211016 14.906832298136646 13 103
219 0 53.03056466931445 52.95031055900621 2 55
220 0 34.63995855638059 34.161490683229815 3 34
221 0 25.090657917458124 24.84472049689441 4 39
222 0 19.374892073907787 18.788819875776397 5 46
223 0 18.235192540148507 17.70186335403727 6 53
224 0 16.991883957865653 15.993788819875776 7 60
225 0 15.593161802797445 14.906832298136646 8 63
226 0 15.42048005525816 15.062111801242237 9 70
227 0 15.42048005525816 15.217391304347828 10 81
228 0 15.230530132964946 14.751552795031056 11 87
229 0 15.144189259195304 15.062111801242237 12 99
230 0 76.18718701433258 76.08695652173914 1 28
231 0 15.213261958211016 14.906832298136646 13 103
232 0 53.03056466931445 52.95031055900621 2 55
233 0 34.63995855638059 34.161490683229815 3 34
234 0 25.090657917458124 24.84472049689441 4 39
235 0 19.374892073907787 18.788819875776397 5 46
236 0 18.235192540148507 17.70186335403727 6 53
237 0 16.991883957865653 15.993788819875776 7 60
238 0 15.593161802797445 14.906832298136646 8 63
239 0 15.42048005525816 15.062111801242237 9 70
240 0 76.29079606285616 76.08695652173914 1 9
241 0 15.195993783457087 13.664596273291925 18 147
242 0 53.51407356242445 53.2608695652174 2 30
243 0 53.53134173717839 52.95031055900621 2 30
244 0 34.13918148851666 32.608695652173914 3 43
245 0 34.13918148851666 32.608695652173914 3 43
246 0 24.607149024348125 22.67080745341615 4 47
247 0 24.607149024348125 22.67080745341615 4 47
248 0 19.495769297185287 17.236024844720497 5 54
249 0 19.495769297185287 17.236024844720497 5 54
250 0 17.97616991883958 16.925465838509314 6 59
251 0 17.38905197720601 16.149068322981368 7 62
252 0 16.042134346399585 14.130434782608695 8 67
253 0 16.042134346399585 14.130434782608695 8 67
254 0 15.316871006734589 13.509316770186336 9 70
255 0 17.97616991883958 16.925465838509314 6 59
256 0 17.38905197720601 16.149068322981368 7 62
257 0 15.316871006734589 13.509316770186336 9 70
258 0 15.195993783457087 13.819875776397517 10 76
259 0 15.195993783457087 13.819875776397517 10 76
260 0 15.092384734933518 13.354037267080745 11 80
261 0 15.316871006734589 13.509316770186336 12 86
262 0 15.316871006734589 13.509316770186336 12 86
263 0 15.092384734933518 13.354037267080745 11 80
264 0 14.850630288378518 13.509316770186336 13 95
265 0 14.850630288378518 13.509316770186336 13 95
266 0 14.885166637886377 13.509316770186336 15 113
267 0 15.144189259195304 13.664596273291925 17 140
268 0 14.747021239854947 13.509316770186336 14 99
269 0 14.747021239854947 13.509316770186336 16 118
270 0 14.747021239854947 13.509316770186336 16 118
271 0 14.747021239854947 13.509316770186336 14 99
272 0 15.144189259195304 13.664596273291925 17 140
273 0 14.885166637886377 13.509316770186336 15 113
274 0 76.29079606285616 76.08695652173914 1 9
275 0 15.195993783457087 13.664596273291925 18 147
276 0 53.53134173717839 52.95031055900621 2 30
277 0 34.13918148851666 32.608695652173914 3 43
278 0 24.607149024348125 22.67080745341615 4 47
279 0 19.495769297185287 17.236024844720497 5 54
280 0 16.042134346399585 14.130434782608695 8 67
281 0 17.97616991883958 16.925465838509314 6 59
282 0 17.38905197720601 16.149068322981368 7 62
283 0 15.316871006734589 13.509316770186336 9 70
284 0 15.195993783457087 13.819875776397517 10 76
285 0 15.092384734933518 13.354037267080745 11 80
286 0 15.316871006734589 13.509316770186336 12 86
287 0 14.850630288378518 13.509316770186336 13 95
288 0 14.747021239854947 13.509316770186336 14 99
289 0 14.747021239854947 13.509316770186336 16 118
290 0 14.885166637886377 13.509316770186336 15 113
291 0 15.144189259195304 13.664596273291925 17 140
292 0 76.29079606285616 76.08695652173914 1 10
293 0 15.195993783457087 13.664596273291925 18 147
294 0 53.51407356242445 53.2608695652174 2 30
295 0 34.13918148851666 32.608695652173914 3 43
296 0 24.607149024348125 22.67080745341615 4 47
297 0 19.495769297185287 17.236024844720497 5 54
298 0 16.042134346399585 14.130434782608695 8 67
299 0 17.97616991883958 16.925465838509314 6 59
