0 0 76.17403314917127 76.20528771384136 1 2
1 0 23.7396408839779 25.505443234836704 11 97
2 0 59.806629834254146 60.342146189735615 2 36
3 0 59.806629834254146 60.342146189735615 2 36
4 0 41.41919889502763 42.92379471228615 3 49
5 0 41.41919889502763 42.92379471228615 3 49
6 0 32.4585635359116 33.592534992223946 4 56
7 0 32.4585635359116 33.592534992223946 4 56
8 0 26.588397790055247 29.082426127527217 5 46
9 0 26.588397790055247 29.082426127527217 5 46
10 0 23.92955801104972 25.505443234836704 6 55
11 0 23.92955801104972 25.505443234836704 6 55
12 0 23.7914364640884 25.505443234836704 7 60
13 0 23.7914364640884 25.505443234836704 7 60
14 0 23.92955801104972 25.660964230171075 8 64
15 0 23.92955801104972 25.660964230171075 8 64
16 0 23.601519337016576 25.038880248833596 9 70
17 0 23.601519337016576 25.038880248833596 9 70
18 0 23.877762430939224 25.660964230171075 10 85
19 0 23.877762430939224 25.660964230171075 10 85
20 0 76.17403314917127 76.20528771384136 1 2
21 0 23.7396408839779 25.505443234836704 11 97
22 0 60.25552486187845 60.80870917573873 2 35
23 0 41.41919889502763 42.92379471228615 3 49
24 0 32.4585635359116 33.592534992223946 4 56
25 0 26.588397790055247 29.082426127527217 5 46
26 0 23.92955801104972 25.505443234836704 6 55
27 0 23.7914364640884 25.505443234836704 7 60
28 0 23.92955801104972 25.660964230171075 8 64
29 0 23.601519337016576 25.038880248833596 9 70
30 0 23.877762430939224 25.660964230171075 10 85
31 0 81.11187845303867 81.64852255054433 1 18
32 0 23.7396408839779 25.505443234836704 11 97
33 0 59.979281767955804 60.65318818040435 2 36
34 0 41.41919889502763 42.92379471228615 3 49
35 0 32.4585635359116 33.592534992223946 4 56
36 0 26.588397790055247 29.082426127527217 5 46
37 0 23.94682320441989 25.972006220839816 6 56
38 0 23.7914364640884 25.505443234836704 7 60
39 0 23.92955801104972 25.660964230171075 8 64
40 0 23.601519337016576 25.038880248833596 9 70
41 0 23.877762430939224 25.660964230171075 10 85
42 0 80.99102209944752 81.49300155520996 1 16
43 0 23.7396408839779 25.505443234836704 11 97
44 0 59.806629834254146 60.342146189735615 2 36
45 0 41.41919889502763 42.92379471228615 3 49
46 0 32.4585635359116 33.592534992223946 4 56
47 0 26.588397790055247 29.082426127527217 5 46
48 0 23.92955801104972 25.505443234836704 6 55
49 0 23.7914364640884 25.505443234836704 7 60
50 0 23.92955801104972 25.660964230171075 8 64
51 0 23.601519337016576 25.038880248833596 9 70
52 0 23.877762430939224 25.660964230171075 10 85
53 0 80.99102209944752 81.49300155520996 1 16
54 0 23.7396408839779 25.505443234836704 11 97
55 0 59.806629834254146 60.342146189735615 2 36
56 0 41.41919889502763 42.92379471228615 3 49
57 0 32.4585635359116 33.592534992223946 4 56
58 0 26.588397790055247 29.082426127527217 5 46
59 0 23.92955801104972 25.505443234836704 6 55
60 0 76.17403314917127 76.20528771384136 1 7
61 0 17.66229281767956 18.973561430793158 8 43
62 0 53.815607734806626 54.43234836702955 2 37
63 0 53.815607734806626 54.43234836702955 2 37
64 0 35.13466850828729 37.32503888024883 3 49
65 0 35.13466850828729 37.32503888024883 3 49
66 0 24.948204419889503 26.905132192846033 4 36
67 0 24.948204419889503 26.905132192846033 4 36
68 0 18.870856353591158 21.61741835147745 5 44
69 0 18.870856353591158 21.61741835147745 5 44
70 0 18.439226519337016 20.21772939346812 6 36
71 0 18.439226519337016 20.21772939346812 6 36
72 0 18.162983425414364 19.751166407465007 7 41
73 0 18.162983425414364 19.751166407465007 7 41
74 0 76.17403314917127 76.20528771384136 1 9
75 0 17.66229281767956 18.973561430793158 8 43
76 0 53.91919889502762 54.74339035769829 2 37
77 0 35.01381215469613 36.85847589424572 3 49
78 0 24.948204419889503 26.905132192846033 4 36
79 0 18.870856353591158 21.61741835147745 5 44
80 0 18.439226519337016 20.21772939346812 6 36
81 0 18.162983425414364 19.751166407465007 7 41
82 0 76.17403314917127 76.20528771384136 1 7
83 0 17.66229281767956 18.973561430793158 8 43
84 0 53.91919889502762 54.74339035769829 2 37
85 0 35.01381215469613 36.85847589424572 3 49
86 0 24.948204419889503 26.905132192846033 4 36
87 0 18.870856353591158 21.61741835147745 5 44
88 0 18.439226519337016 20.21772939346812 6 36
89 0 18.162983425414364 19.751166407465007 7 41
90 0 76.17403314917127 76.20528771384136 1 10
91 0 17.66229281767956 18.973561430793158 8 43
92 0 53.91919889502762 54.74339035769829 2 37
93 0 35.01381215469613 36.85847589424572 3 49
94 0 24.948204419889503 26.905132192846033 4 36
95 0 18.870856353591158 21.61741835147745 5 44
96 0 18.439226519337016 20.21772939346812 6 36
97 0 18.162983425414364 19.751166407465007 7 41
98 0 76.3121546961326 76.51632970451011 1 19
99 0 17.66229281767956 18.973561430793158 8 43
100 0 54.19544198895028 55.05443234836703 2 37
101 0 34.85842541436464 36.70295489891136 3 50
102 0 24.948204419889503 26.905132192846033 4 36
103 0 18.870856353591158 21.61741835147745 5 44
104 0 18.439226519337016 20.21772939346812 6 36
105 0 18.162983425414364 19.751166407465007 7 41
106 0 76.17403314917127 76.20528771384136 1 8
107 0 17.66229281767956 18.973561430793158 8 43
108 0 53.815607734806626 54.43234836702955 2 37
109 0 34.85842541436464 36.70295489891136 3 50
110 0 24.948204419889503 26.905132192846033 4 36
111 0 18.870856353591158 21.61741835147745 5 44
112 0 18.439226519337016 20.21772939346812 6 36
113 0 18.162983425414364 19.751166407465007 7 41
114 0 76.17403314917127 76.20528771384136 1 8
115 0 17.66229281767956 18.973561430793158 8 43
116 0 54.19544198895028 55.05443234836703 2 37
117 0 35.13466850828729 37.32503888024883 3 49
118 0 24.948204419889503 26.905132192846033 4 36
119 0 18.870856353591158 21.61741835147745 5 44
120 0 76.19129834254143 76.36080870917574 1 9
121 0 14.520027624309392 15.707620528771384 28 254
122 0 53.74654696132597 54.12130637636081 2 22
123 0 53.69475138121547 54.12130637636081 2 22
124 0 33.822513812154696 34.68118195956454 3 25
125 0 33.822513812154696 34.68118195956454 3 25
126 0 23.877762430939224 24.72783825816485 4 31
127 0 14.64088397790055 16.174183514774494 22 213
128 0 14.3646408839779 15.707620528771384 25 238
129 0 17.178867403314918 17.729393468118197 6 43
130 0 15.763121546961326 18.506998444790046 7 64
131 0 23.877762430939224 24.72783825816485 4 31
132 0 18.680939226519335 20.21772939346812 5 42
133 0 18.680939226519335 20.21772939346812 5 42
134 0 17.178867403314918 17.729393468118197 6 43
135 0 15.763121546961326 18.506998444790046 7 64
136 0 15.296961325966851 17.573872472783826 8 75
137 0 15.296961325966851 17.573872472783826 8 75
138 0 14.692679558011049 16.796267496111973 9 80
139 0 14.692679558011049 16.796267496111973 9 80
140 0 14.848066298342541 17.107309486780714 10 86
141 0 14.848066298342541 17.107309486780714 10 86
142 0 14.658149171270718 16.796267496111973 11 96
143 0 14.934392265193368 17.573872472783826 12 113
144 0 14.658149171270718 16.796267496111973 11 96
145 0 14.848066298342541 16.174183514774494 13 130
146 0 14.934392265193368 17.573872472783826 12 113
147 0 14.796270718232044 17.418351477449455 14 138
148 0 14.865331491712707 16.640746500777606 15 147
149 0 14.865331491712707 16.640746500777606 15 147
150 0 14.830801104972377 16.640746500777606 16 157
151 0 14.77900552486188 16.796267496111973 18 180
152 0 14.64088397790055 16.485225505443236 19 190
153 0 14.848066298342541 16.174183514774494 13 130
154 0 14.830801104972377 16.640746500777606 16 157
155 0 14.60635359116022 16.329704510108865 20 200
156 0 14.623618784530388 16.174183514774494 21 206
157 0 14.623618784530388 16.174183514774494 21 206
158 0 14.709944751381215 16.329704510108865 17 167
159 0 14.796270718232044 17.418351477449455 14 138
160 0 14.709944751381215 16.329704510108865 17 167
161 0 14.77900552486188 16.796267496111973 18 180
162 0 14.554558011049723 15.707620528771384 27 247
163 0 14.381906077348066 15.707620528771384 26 241
164 0 14.64088397790055 16.174183514774494 22 213
165 0 14.64088397790055 16.485225505443236 19 190
166 0 14.381906077348066 15.707620528771384 26 241
167 0 14.60635359116022 16.329704510108865 20 200
168 0 14.554558011049723 15.707620528771384 27 247
169 0 14.3646408839779 15.707620528771384 25 238
170 0 76.19129834254143 76.36080870917574 1 9
171 0 14.520027624309392 15.707620528771384 28 254
172 0 53.69475138121547 54.12130637636081 2 22
173 0 33.822513812154696 34.68118195956454 3 25
174 0 23.877762430939224 24.72783825816485 4 31
175 0 18.680939226519335 20.21772939346812 5 42
176 0 17.178867403314918 17.729393468118197 6 43
177 0 15.763121546961326 18.506998444790046 7 64
178 0 15.296961325966851 17.573872472783826 8 75
179 0 14.692679558011049 16.796267496111973 9 80
180 0 76.17403314917127 76.20528771384136 1 4
181 0 17.645027624309392 19.906687402799378 8 66
182 0 52.883287292817684 53.03265940902022 2 22
183 0 52.86602209944752 52.87713841368584 2 23
184 0 33.908839779005525 35.14774494556765 3 33
185 0 33.908839779005525 35.14774494556765 3 33
186 0 23.77417127071823 24.883359253499222 4 37
187 0 17.714088397790057 20.06220839813375 6 48
188 0 23.77417127071823 24.883359253499222 4 37
189 0 17.99033149171271 20.21772939346812 5 42
190 0 17.99033149171271 20.21772939346812 5 42
191 0 17.714088397790057 20.06220839813375 6 48
192 0 76.19129834254143 76.20528771384136 1 12
193 0 17.645027624309392 19.906687402799378 8 66
194 0 52.883287292817684 53.03265940902022 2 22
195 0 33.908839779005525 35.14774494556765 3 33
196 0 23.77417127071823 24.883359253499222 4 37
197 0 17.99033149171271 20.21772939346812 5 42
198 0 17.714088397790057 20.06220839813375 6 48
199 0 76.17403314917127 76.20528771384136 1 16
200 0 17.645027624309392 19.906687402799378 8 66
201 0 52.883287292817684 53.03265940902022 2 22
202 0 33.908839779005525 35.14774494556765 3 33
203 0 23.77417127071823 24.883359253499222 4 37
204 0 17.99033149171271 20.21772939346812 5 42
205 0 17.714088397790057 20.06220839813375 6 48
206 0 76.17403314917127 76.20528771384136 1 12
207 0 17.645027624309392 19.906687402799378 8 66
208 0 53.055939226519335 53.810264385692065 2 23
209 0 33.908839779005525 35.14774494556765 3 33
210 0 23.77417127071823 24.883359253499222 4 37
211 0 17.99033149171271 20.21772939346812 5 42
212 0 17.714088397790057 20.06220839813375 6 48
213 0 76.17403314917127 76.20528771384136 1 13
214 0 17.645027624309392 19.906687402799378 8 66
215 0 52.883287292817684 53.03265940902022 2 22
216 0 33.908839779005525 35.14774494556765 3 33
217 0 23.77417127071823 24.883359253499222 4 37
218 0 17.99033149171271 20.21772939346812 5 42
219 0 17.714088397790057 20.06220839813375 6 48
220 0 76.17403314917127 76.20528771384136 1 12
221 0 17.645027624309392 19.906687402799378 8 66
222 0 52.883287292817684 53.03265940902022 2 22
223 0 33.908839779005525 35.14774494556765 3 33
224 0 23.77417127071823 24.883359253499222 4 37
225 0 17.99033149171271 20.21772939346812 5 42
226 0 17.714088397790057 20.06220839813375 6 48
227 0 76.17403314917127 76.20528771384136 1 12
228 0 17.645027624309392 19.906687402799378 8 66
229 0 52.883287292817684 53.03265940902022 2 22
230 0 33.908839779005525 35.14774494556765 3 33
231 0 23.77417127071823 24.883359253499222 4 37
232 0 17.99033149171271 20.21772939346812 5 42
233 0 17.714088397790057 20.06220839813375 6 48
234 0 76.17403314917127 76.20528771384136 1 12
235 0 17.645027624309392 19.906687402799378 8 66
236 0 52.883287292817684 53.03265940902022 2 22
237 0 33.908839779005525 35.14774494556765 3 33
238 0 23.77417127071823 24.883359253499222 4 37
239 0 17.99033149171271 20.21772939346812 5 42
240 0 76.17403314917127 76.20528771384136 1 12
241 0 15.814917127071823 17.729393468118197 15 108
242 0 53.28038674033149 53.499222395023324 2 23
243 0 53.28038674033149 53.499222395023324 2 23
244 0 34.77209944751381 35.14774494556765 3 27
245 0 34.77209944751381 35.14774494556765 3 27
246 0 25.794198895027627 26.283048211508554 4 29
247 0 25.794198895027627 26.283048211508554 4 29
248 0 18.801795580110497 19.59564541213064 5 41
249 0 18.801795580110497 19.59564541213064 5 41
250 0 17.90400552486188 19.59564541213064 7 48
251 0 16.60911602209945 18.040435458786934 8 53
252 0 18.525552486187845 19.440124416796266 6 46
253 0 16.60911602209945 18.040435458786934 8 53
254 0 16.367403314917127 18.040435458786934 9 58
255 0 16.367403314917127 18.040435458786934 9 58
256 0 16.332872928176794 18.506998444790046 10 71
257 0 18.525552486187845 19.440124416796266 6 46
258 0 17.90400552486188 19.59564541213064 7 48
259 0 16.332872928176794 18.506998444790046 10 71
260 0 16.177486187845304 18.506998444790046 11 77
261 0 16.177486187845304 18.506998444790046 11 77
262 0 15.953038674033149 17.884914463452567 12 85
263 0 15.953038674033149 17.884914463452567 12 85
264 0 15.953038674033149 18.040435458786934 13 95
265 0 15.953038674033149 18.040435458786934 13 95
266 0 15.883977900552487 17.884914463452567 14 103
267 0 15.883977900552487 17.884914463452567 14 103
268 0 76.22582872928176 76.20528771384136 1 15
269 0 15.814917127071823 17.729393468118197 15 108
270 0 53.28038674033149 53.499222395023324 2 23
271 0 34.77209944751381 35.14774494556765 3 27
272 0 25.794198895027627 26.283048211508554 4 29
273 0 18.801795580110497 19.59564541213064 5 41
274 0 16.60911602209945 18.040435458786934 8 53
275 0 16.367403314917127 18.040435458786934 9 58
276 0 18.525552486187845 19.440124416796266 6 46
277 0 17.90400552486188 19.59564541213064 7 48
278 0 16.332872928176794 18.506998444790046 10 71
279 0 16.177486187845304 18.506998444790046 11 77
280 0 15.953038674033149 17.884914463452567 12 85
281 0 15.953038674033149 18.040435458786934 13 95
282 0 15.883977900552487 17.884914463452567 14 103
283 0 76.17403314917127 76.20528771384136 1 12
284 0 15.814917127071823 17.729393468118197 15 108
285 0 53.28038674033149 53.499222395023324 2 23
286 0 34.77209944751381 35.14774494556765 3 27
287 0 25.794198895027627 26.283048211508554 4 29
288 0 18.801795580110497 19.59564541213064 5 41
289 0 16.60911602209945 18.040435458786934 8 53
290 0 16.367403314917127 18.040435458786934 9 58
291 0 18.525552486187845 19.440124416796266 6 46
292 0 17.90400552486188 19.59564541213064 7 48
293 0 16.332872928176794 18.506998444790046 10 71
294 0 16.177486187845304 18.506998444790046 11 77
295 0 15.953038674033149 17.884914463452567 12 85
296 0 15.953038674033149 18.040435458786934 13 95
297 0 15.883977900552487 17.884914463452567 14 103
298 0 76.22582872928176 76.20528771384136 1 14
299 0 15.814917127071823 17.729393468118197 15 108
