0 0 76.22582872928176 76.20528771384136 1 8
1 0 13.156077348066297 10.88646967340591 34 240
2 0 53.47030386740331 53.34370139968896 2 46
3 0 53.47030386740331 53.34370139968896 2 46
4 0 34.392265193370164 33.748055987558324 3 39
5 0 34.392265193370164 33.748055987558324 3 39
6 0 24.568370165745858 24.10575427682737 4 46
7 0 24.568370165745858 24.10575427682737 4 46
8 0 18.974447513812155 18.35147744945568 5 43
9 0 18.974447513812155 18.35147744945568 5 43
10 0 16.902624309392262 13.996889580093313 6 52
11 0 13.432320441988951 11.66407465007776 26 195
12 0 13.380524861878454 11.66407465007776 28 207
13 0 13.622237569060774 11.66407465007776 24 177
14 0 13.622237569060774 11.66407465007776 24 177
15 0 13.190607734806632 11.35303265940902 32 232
16 0 13.432320441988951 11.66407465007776 26 195
17 0 13.328729281767956 10.88646967340591 22 175
18 0 13.052486187845306 11.508553654743391 30 220
19 0 16.902624309392262 13.996889580093313 6 52
20 0 15.849447513812153 13.21928460342146 7 58
21 0 15.849447513812153 13.21928460342146 7 58
22 0 15.435082872928177 12.752721617418352 8 64
23 0 14.744475138121546 12.597200622083982 10 75
24 0 14.468232044198896 12.130637636080872 11 88
25 0 15.158839779005525 12.752721617418352 9 70
26 0 14.744475138121546 12.597200622083982 10 75
27 0 15.435082872928177 12.752721617418352 8 64
28 0 14.468232044198896 12.130637636080872 11 88
29 0 15.158839779005525 12.752721617418352 9 70
30 0 14.209254143646408 11.508553654743391 12 98
31 0 13.604972375690608 10.88646967340591 16 128
32 0 13.48411602209945 10.88646967340591 17 137
33 0 14.209254143646408 11.508553654743391 12 98
34 0 14.088397790055248 11.19751166407465 13 106
35 0 13.48411602209945 10.88646967340591 17 137
36 0 14.088397790055248 11.19751166407465 13 106
37 0 13.674033149171272 10.88646967340591 18 143
38 0 13.674033149171272 10.88646967340591 18 143
39 0 13.656767955801104 11.04199066874028 19 150
40 0 13.812154696132598 10.88646967340591 14 121
41 0 13.743093922651934 11.04199066874028 15 144
42 0 13.604972375690608 10.88646967340591 16 128
43 0 13.328729281767956 10.88646967340591 22 175
44 0 13.501381215469612 11.35303265940902 20 156
45 0 13.380524861878454 11.66407465007776 28 207
46 0 13.259668508287293 11.66407465007776 29 213
47 0 13.34599447513812 10.88646967340591 21 164
48 0 13.052486187845306 11.508553654743391 30 220
49 0 13.656767955801104 11.04199066874028 19 150
50 0 13.259668508287293 11.66407465007776 29 213
51 0 13.34599447513812 10.88646967340591 21 164
52 0 13.415055248618785 11.19751166407465 20 156
53 0 13.190607734806632 11.35303265940902 32 232
54 0 13.207872928176794 11.35303265940902 33 237
55 0 13.812154696132598 10.88646967340591 14 121
56 0 13.207872928176794 11.35303265940902 33 237
57 0 13.777624309392264 10.88646967340591 15 143
58 0 76.24309392265194 76.20528771384136 1 10
59 0 13.156077348066297 10.88646967340591 34 240
60 0 76.17403314917127 76.20528771384136 1 4
61 0 17.196132596685082 17.107309486780714 12 89
62 0 53.52209944751382 53.96578538102644 2 22
63 0 53.52209944751382 53.96578538102644 2 22
64 0 34.4267955801105 35.45878693623639 3 29
65 0 34.4267955801105 35.45878693623639 3 29
66 0 24.171270718232044 25.038880248833596 4 29
67 0 17.109806629834253 17.573872472783826 9 69
68 0 17.351519337016576 17.107309486780714 11 79
69 0 20.269337016574585 20.21772939346812 5 29
70 0 17.76588397790055 17.573872472783826 6 44
71 0 24.171270718232044 25.038880248833596 4 29
72 0 20.269337016574585 20.21772939346812 5 29
73 0 17.76588397790055 17.573872472783826 6 44
74 0 17.4896408839779 17.418351477449455 7 52
75 0 17.4896408839779 17.418351477449455 7 52
76 0 17.299723756906076 17.573872472783826 8 61
77 0 17.299723756906076 17.573872472783826 8 61
78 0 17.109806629834253 17.573872472783826 9 69
79 0 17.351519337016576 17.107309486780714 11 79
80 0 76.22582872928176 76.20528771384136 1 13
81 0 17.196132596685082 17.107309486780714 12 89
82 0 53.52209944751382 53.96578538102644 2 22
83 0 34.4267955801105 35.45878693623639 3 29
84 0 24.171270718232044 25.038880248833596 4 29
85 0 20.269337016574585 20.21772939346812 5 29
86 0 17.76588397790055 17.573872472783826 6 44
87 0 17.4896408839779 17.418351477449455 7 52
88 0 17.299723756906076 17.573872472783826 8 61
89 0 17.109806629834253 17.573872472783826 9 69
90 0 17.351519337016576 17.107309486780714 11 79
91 0 76.22582872928176 76.20528771384136 1 13
92 0 17.196132596685082 17.107309486780714 12 89
93 0 53.52209944751382 53.96578538102644 2 22
94 0 34.4267955801105 35.45878693623639 3 29
95 0 24.171270718232044 25.038880248833596 4 29
96 0 20.269337016574585 20.21772939346812 5 29
97 0 17.76588397790055 17.573872472783826 6 44
98 0 17.4896408839779 17.418351477449455 7 52
99 0 17.299723756906076 17.573872472783826 8 61
100 0 17.109806629834253 17.573872472783826 9 69
101 0 17.351519337016576 17.107309486780714 11 79
102 0 76.22582872928176 76.20528771384136 1 13
103 0 17.196132596685082 17.107309486780714 12 89
104 0 53.52209944751382 53.96578538102644 2 22
105 0 34.4267955801105 35.45878693623639 3 29
106 0 24.171270718232044 25.038880248833596 4 29
107 0 20.269337016574585 20.21772939346812 5 29
108 0 17.76588397790055 17.573872472783826 6 44
109 0 17.4896408839779 17.418351477449455 7 52
110 0 17.299723756906076 17.573872472783826 8 61
111 0 17.109806629834253 17.573872472783826 9 69
112 0 17.351519337016576 17.107309486780714 11 79
113 0 76.22582872928176 76.20528771384136 1 12
114 0 17.196132596685082 17.107309486780714 12 89
115 0 53.52209944751382 53.96578538102644 2 22
116 0 34.4267955801105 35.45878693623639 3 29
117 0 24.171270718232044 25.038880248833596 4 29
118 0 20.269337016574585 20.21772939346812 5 29
119 0 17.76588397790055 17.573872472783826 6 44
120 0 76.22582872928176 76.20528771384136 1 4
121 0 16.40193370165746 16.796267496111973 10 72
122 0 53.03867403314917 53.499222395023324 2 50
123 0 53.03867403314917 53.499222395023324 2 50
124 0 34.219613259668506 34.83670295489891 3 27
125 0 34.219613259668506 34.83670295489891 3 27
126 0 25.103591160220994 25.505443234836704 4 33
127 0 25.103591160220994 25.505443234836704 4 33
128 0 19.71685082872928 19.751166407465007 5 40
129 0 19.71685082872928 19.751166407465007 5 40
130 0 19.095303867403317 18.973561430793158 6 46
131 0 19.095303867403317 18.973561430793158 6 46
132 0 17.834944751381215 17.729393468118197 7 49
133 0 17.834944751381215 17.729393468118197 7 49
134 0 17.21339779005525 17.729393468118197 8 58
135 0 17.00621546961326 17.107309486780714 9 63
136 0 17.230662983425415 17.729393468118197 8 57
137 0 16.8853591160221 17.418351477449455 9 65
138 0 76.22582872928176 76.20528771384136 1 4
139 0 16.40193370165746 16.796267496111973 10 72
140 0 53.03867403314917 53.499222395023324 2 50
141 0 34.219613259668506 34.83670295489891 3 27
142 0 25.103591160220994 25.505443234836704 4 33
143 0 19.71685082872928 19.751166407465007 5 40
144 0 19.095303867403317 18.973561430793158 6 46
145 0 17.834944751381215 17.729393468118197 7 49
146 0 17.230662983425415 17.729393468118197 8 57
147 0 17.00621546961326 17.107309486780714 9 63
148 0 76.22582872928176 76.20528771384136 1 27
149 0 16.40193370165746 16.796267496111973 10 72
150 0 53.03867403314917 53.499222395023324 2 50
151 0 34.219613259668506 34.83670295489891 3 27
152 0 25.103591160220994 25.505443234836704 4 33
153 0 19.71685082872928 19.751166407465007 5 40
154 0 19.095303867403317 18.973561430793158 6 46
155 0 17.834944751381215 17.729393468118197 7 49
156 0 17.230662983425415 17.729393468118197 8 57
157 0 17.00621546961326 17.107309486780714 9 63
158 0 76.22582872928176 76.20528771384136 1 26
159 0 16.40193370165746 16.796267496111973 10 72
160 0 53.03867403314917 53.499222395023324 2 50
161 0 34.219613259668506 34.83670295489891 3 27
162 0 25.103591160220994 25.505443234836704 4 33
163 0 19.71685082872928 19.751166407465007 5 40
164 0 19.095303867403317 18.973561430793158 6 46
165 0 17.834944751381215 17.729393468118197 7 49
166 0 17.230662983425415 17.729393468118197 8 57
167 0 16.902624309392262 17.418351477449455 9 64
168 0 76.22582872928176 76.20528771384136 1 4
169 0 16.40193370165746 16.796267496111973 10 72
170 0 53.03867403314917 53.499222395023324 2 50
171 0 34.219613259668506 34.83670295489891 3 27
172 0 25.103591160220994 25.505443234836704 4 33
173 0 19.71685082872928 19.751166407465007 5 40
174 0 19.095303867403317 18.973561430793158 6 46
175 0 17.834944751381215 17.729393468118197 7 49
176 0 17.230662983425415 17.729393468118197 8 57
177 0 17.00621546961326 17.107309486780714 9 63
178 0 76.22582872928176 76.20528771384136 1 4
179 0 16.38466850828729 17.107309486780714 10 73
180 0 76.17403314917127 76.20528771384136 1 4
181 0 15.901243093922652 16.640746500777606 18 115
182 0 52.91781767955801 53.499222395023324 2 26
183 0 52.91781767955801 53.499222395023324 2 26
184 0 34.081491712707184 34.83670295489891 3 30
185 0 34.081491712707184 34.83670295489891 3 30
186 0 24.75828729281768 25.194401244167963 4 34
187 0 15.935773480662984 16.796267496111973 17 113
188 0 15.780386740331492 16.329704510108865 14 92
189 0 24.75828729281768 25.194401244167963 4 34
190 0 19.164364640883978 17.418351477449455 5 35
191 0 18.128453038674035 16.485225505443236 6 50
192 0 17.575966850828728 17.107309486780714 7 59
193 0 19.164364640883978 17.418351477449455 5 35
194 0 18.128453038674035 16.485225505443236 6 50
195 0 17.575966850828728 17.107309486780714 7 59
196 0 16.419198895027623 16.485225505443236 8 64
197 0 16.419198895027623 16.485225505443236 8 64
198 0 16.194751381215468 16.485225505443236 9 71
199 0 16.07389502762431 16.951788491446347 11 79
200 0 15.953038674033149 16.951788491446347 12 88
201 0 16.194751381215468 16.485225505443236 9 71
202 0 16.108425414364643 16.640746500777606 10 73
203 0 15.780386740331492 16.329704510108865 14 92
204 0 16.108425414364643 16.640746500777606 10 73
205 0 15.935773480662984 16.796267496111973 17 113
206 0 16.07389502762431 16.951788491446347 11 79
207 0 15.814917127071823 16.485225505443236 13 90
208 0 15.953038674033149 16.951788491446347 12 88
209 0 15.814917127071823 16.485225505443236 13 90
210 0 76.17403314917127 76.20528771384136 1 6
211 0 15.901243093922652 16.640746500777606 18 115
212 0 52.91781767955801 53.499222395023324 2 26
213 0 34.081491712707184 34.83670295489891 3 30
214 0 24.75828729281768 25.194401244167963 4 34
215 0 19.164364640883978 17.418351477449455 5 35
216 0 18.128453038674035 16.485225505443236 6 50
217 0 17.575966850828728 17.107309486780714 7 59
218 0 16.419198895027623 16.485225505443236 8 64
219 0 16.194751381215468 16.485225505443236 9 71
220 0 15.780386740331492 16.329704510108865 14 92
221 0 16.108425414364643 16.640746500777606 10 73
222 0 15.935773480662984 16.796267496111973 17 113
223 0 16.07389502762431 16.951788491446347 11 79
224 0 15.953038674033149 16.951788491446347 12 88
225 0 15.814917127071823 16.485225505443236 13 90
226 0 76.17403314917127 76.20528771384136 1 6
227 0 15.901243093922652 16.640746500777606 18 115
228 0 52.91781767955801 53.499222395023324 2 26
229 0 34.081491712707184 34.83670295489891 3 30
230 0 24.75828729281768 25.194401244167963 4 34
231 0 19.164364640883978 17.418351477449455 5 35
232 0 18.128453038674035 16.485225505443236 6 50
233 0 17.575966850828728 17.107309486780714 7 59
234 0 16.419198895027623 16.485225505443236 8 64
235 0 16.194751381215468 16.485225505443236 9 71
236 0 15.780386740331492 16.329704510108865 14 92
237 0 16.108425414364643 16.640746500777606 10 73
238 0 15.935773480662984 16.796267496111973 17 113
239 0 16.07389502762431 16.951788491446347 11 79
240 0 76.17403314917127 76.20528771384136 1 6
241 0 15.486878453038674 15.863141524105753 15 130
242 0 53.38397790055248 53.18818040435459 2 26
243 0 53.50483425414365 53.03265940902022 2 26
244 0 34.09875690607735 33.903576982892695 3 39
245 0 34.3232044198895 33.748055987558324 3 39
246 0 24.844613259668506 23.950233281493002 4 50
247 0 15.59046961325967 16.018662519440124 14 125
248 0 17.955801104972377 17.418351477449455 11 102
249 0 24.844613259668506 23.950233281493002 4 50
250 0 19.181629834254142 18.662519440124417 5 44
251 0 19.181629834254142 18.662519440124417 5 44
252 0 18.629143646408842 17.107309486780714 6 51
253 0 19.181629834254142 18.195956454121305 7 61
254 0 18.801795580110497 18.040435458786934 8 68
255 0 18.629143646408842 17.107309486780714 6 51
256 0 19.181629834254142 18.195956454121305 7 61
257 0 18.801795580110497 18.040435458786934 8 68
258 0 18.180248618784532 17.262830482115085 9 77
259 0 18.197513812154696 17.729393468118197 10 90
260 0 18.180248618784532 17.262830482115085 9 77
261 0 18.197513812154696 17.729393468118197 10 90
262 0 17.955801104972377 17.418351477449455 11 102
263 0 15.59046961325967 16.018662519440124 14 125
264 0 76.17403314917127 76.20528771384136 1 7
265 0 15.486878453038674 15.863141524105753 15 130
266 0 53.50483425414365 53.03265940902022 2 26
267 0 34.3232044198895 33.748055987558324 3 39
268 0 24.844613259668506 23.950233281493002 4 50
269 0 19.181629834254142 18.662519440124417 5 44
270 0 18.629143646408842 17.107309486780714 6 51
271 0 19.181629834254142 18.195956454121305 7 61
272 0 18.801795580110497 18.040435458786934 8 68
273 0 18.180248618784532 17.262830482115085 9 77
274 0 18.197513812154696 17.729393468118197 10 90
275 0 17.955801104972377 17.418351477449455 11 102
276 0 15.59046961325967 16.018662519440124 14 125
277 0 76.55386740331491 76.36080870917574 1 11
278 0 15.486878453038674 15.863141524105753 15 130
279 0 53.50483425414365 53.03265940902022 2 26
280 0 34.3232044198895 33.748055987558324 3 39
281 0 24.844613259668506 23.950233281493002 4 50
282 0 19.181629834254142 18.662519440124417 5 44
283 0 18.629143646408842 17.107309486780714 6 51
284 0 19.181629834254142 18.195956454121305 7 61
285 0 18.801795580110497 18.040435458786934 8 68
286 0 18.180248618784532 17.262830482115085 9 77
287 0 18.197513812154696 17.729393468118197 10 90
288 0 17.955801104972377 17.418351477449455 11 102
289 0 15.59046961325967 16.018662519440124 14 125
290 0 76.55386740331491 76.36080870917574 1 11
291 0 15.486878453038674 15.863141524105753 15 130
292 0 53.50483425414365 53.03265940902022 2 26
293 0 34.3232044198895 33.748055987558324 3 39
294 0 24.844613259668506 23.950233281493002 4 50
295 0 19.181629834254142 18.662519440124417 5 44
296 0 18.629143646408842 17.107309486780714 6 51
297 0 19.181629834254142 18.195956454121305 7 61
298 0 18.801795580110497 18.040435458786934 8 68
299 0 18.180248618784532 17.262830482115085 9 77
