0 0 80.02417127071824 80.40435458786936 1 11
1 0 21.305248618784532 22.23950233281493 12 94
2 0 58.7189226519337 60.49766718506998 2 65
3 0 58.943370165745854 61.27527216174183 2 66
4 0 41.401933701657455 43.701399688958006 3 34
5 0 41.401933701657455 43.701399688958006 3 34
6 0 31.81975138121547 34.52566096423017 4 39
7 0 31.81975138121547 34.52566096423017 4 39
8 0 25.379834254143645 28.149300155520997 5 42
9 0 25.379834254143645 28.149300155520997 5 42
10 0 23.584254143646408 25.660964230171075 6 53
11 0 23.584254143646408 25.660964230171075 6 53
12 0 23.273480662983424 25.505443234836704 7 61
13 0 23.756906077348066 25.660964230171075 7 62
14 0 22.96270718232044 24.261275272161743 8 67
15 0 20.959944751381215 21.461897356143076 10 78
16 0 21.374309392265193 22.23950233281493 11 85
17 0 22.96270718232044 24.261275272161743 8 67
18 0 20.89088397790055 21.61741835147745 11 87
19 0 22.462016574585636 23.79471228615863 9 72
20 0 22.462016574585636 23.79471228615863 9 72
21 0 20.959944751381215 21.461897356143076 10 78
22 0 81.23273480662984 82.58164852255054 1 33
23 0 21.305248618784532 22.23950233281493 12 94
24 0 58.943370165745854 61.27527216174183 2 66
25 0 41.401933701657455 43.701399688958006 3 34
26 0 31.81975138121547 34.52566096423017 4 39
27 0 25.379834254143645 28.149300155520997 5 42
28 0 23.584254143646408 25.660964230171075 6 53
29 0 23.238950276243095 25.505443234836704 7 62
30 0 22.96270718232044 24.261275272161743 8 67
31 0 21.374309392265193 22.23950233281493 11 85
32 0 22.462016574585636 23.79471228615863 9 72
33 0 20.959944751381215 21.461897356143076 10 78
34 0 80.02417127071824 80.40435458786936 1 12
35 0 21.305248618784532 22.23950233281493 12 94
36 0 58.943370165745854 61.27527216174183 2 66
37 0 41.401933701657455 43.701399688958006 3 34
38 0 31.81975138121547 34.52566096423017 4 39
39 0 25.379834254143645 28.149300155520997 5 42
40 0 23.584254143646408 25.660964230171075 6 53
41 0 23.756906077348066 25.660964230171075 7 62
42 0 22.96270718232044 24.261275272161743 8 67
43 0 21.374309392265193 22.23950233281493 11 85
44 0 22.462016574585636 23.79471228615863 9 72
45 0 20.959944751381215 21.461897356143076 10 78
46 0 80.05870165745857 80.40435458786936 1 12
47 0 21.305248618784532 22.23950233281493 12 94
48 0 58.7189226519337 60.49766718506998 2 65
49 0 41.401933701657455 43.701399688958006 3 34
50 0 31.81975138121547 34.52566096423017 4 39
51 0 25.379834254143645 28.149300155520997 5 42
52 0 23.584254143646408 25.660964230171075 6 53
53 0 23.273480662983424 25.505443234836704 7 61
54 0 22.96270718232044 24.261275272161743 8 67
55 0 20.89088397790055 21.61741835147745 11 87
56 0 22.462016574585636 23.79471228615863 9 72
57 0 20.959944751381215 21.461897356143076 10 78
58 0 81.21546961325967 82.73716951788491 1 33
59 0 21.305248618784532 22.23950233281493 12 94
60 0 76.17403314917127 76.20528771384136 1 8
61 0 17.058011049723756 18.506998444790046 16 151
62 0 53.8328729281768 54.12130637636081 2 23
63 0 53.88466850828729 54.43234836702955 2 30
64 0 34.9792817679558 35.14774494556765 3 42
65 0 34.9792817679558 35.14774494556765 3 42
66 0 25.656077348066297 25.505443234836704 4 43
67 0 17.472375690607738 18.506998444790046 11 98
68 0 16.9371546961326 18.35147744945568 14 126
69 0 25.656077348066297 25.505443234836704 4 43
70 0 20.58011049723757 20.52877138413686 5 52
71 0 19.129834254143645 20.21772939346812 7 69
72 0 18.370165745856355 18.506998444790046 8 72
73 0 20.58011049723757 20.52877138413686 5 52
74 0 20.424723756906076 21.15085536547434 6 59
75 0 20.424723756906076 21.15085536547434 6 59
76 0 19.129834254143645 20.21772939346812 7 69
77 0 18.370165745856355 18.506998444790046 8 72
78 0 17.472375690607738 17.573872472783826 9 81
79 0 17.817679558011047 18.662519440124417 10 86
80 0 17.472375690607738 17.573872472783826 9 81
81 0 17.817679558011047 18.662519440124417 10 86
82 0 16.9371546961326 18.35147744945568 15 140
83 0 17.472375690607738 18.506998444790046 11 98
84 0 16.9371546961326 18.35147744945568 15 140
85 0 16.9371546961326 18.35147744945568 14 126
86 0 76.17403314917127 76.20528771384136 1 10
87 0 17.058011049723756 18.506998444790046 16 151
88 0 53.88466850828729 54.43234836702955 2 30
89 0 34.9792817679558 35.14774494556765 3 42
90 0 25.656077348066297 25.505443234836704 4 43
91 0 20.58011049723757 20.52877138413686 5 52
92 0 20.424723756906076 21.15085536547434 6 59
93 0 19.129834254143645 20.21772939346812 7 69
94 0 18.370165745856355 18.506998444790046 8 72
95 0 17.472375690607738 17.573872472783826 9 81
96 0 17.817679558011047 18.662519440124417 10 86
97 0 17.472375690607738 18.506998444790046 11 98
98 0 16.9371546961326 18.35147744945568 15 140
99 0 16.9371546961326 18.35147744945568 14 126
100 0 76.17403314917127 76.20528771384136 1 8
101 0 17.058011049723756 18.506998444790046 16 151
102 0 53.88466850828729 54.43234836702955 2 30
103 0 34.9792817679558 35.14774494556765 3 42
104 0 25.656077348066297 25.505443234836704 4 43
105 0 20.58011049723757 20.52877138413686 5 52
106 0 20.424723756906076 21.15085536547434 6 59
107 0 19.129834254143645 20.21772939346812 7 69
108 0 18.370165745856355 18.506998444790046 8 72
109 0 17.472375690607738 17.573872472783826 9 81
110 0 17.817679558011047 18.662519440124417 10 86
111 0 17.472375690607738 18.506998444790046 11 98
112 0 16.9371546961326 18.35147744945568 15 140
113 0 16.9371546961326 18.35147744945568 14 126
114 0 76.2085635359116 76.36080870917574 1 15
115 0 17.058011049723756 18.506998444790046 16 151
116 0 53.677486187845304 54.58786936236392 2 31
117 0 34.9792817679558 35.14774494556765 3 42
118 0 25.656077348066297 25.505443234836704 4 43
119 0 20.58011049723757 20.52877138413686 5 52
120 0 76.17403314917127 76.20528771384136 1 7
121 0 15.728591160220995 14.463452566096425 15 155
122 0 53.8328729281768 53.654743390357694 2 55
123 0 53.8328729281768 53.654743390357694 2 55
124 0 34.59944751381215 34.83670295489891 3 40
125 0 34.59944751381215 34.83670295489891 3 40
126 0 24.67196132596685 25.505443234836704 4 42
127 0 24.67196132596685 25.505443234836704 4 42
128 0 19.924033149171272 19.751166407465007 5 49
129 0 19.924033149171272 19.751166407465007 5 49
130 0 18.715469613259668 18.506998444790046 6 62
131 0 18.715469613259668 18.506998444790046 6 62
132 0 17.61049723756906 17.262830482115085 7 74
133 0 17.61049723756906 17.262830482115085 7 74
134 0 17.230662983425415 17.262830482115085 8 85
135 0 17.230662983425415 17.262830482115085 8 85
136 0 16.868093922651934 16.329704510108865 9 99
137 0 16.868093922651934 16.329704510108865 9 99
138 0 16.660911602209943 15.863141524105753 10 109
139 0 16.004834254143645 14.774494556765164 11 111
140 0 15.694060773480665 14.618973561430792 12 120
141 0 16.660911602209943 15.863141524105753 10 109
142 0 16.004834254143645 14.774494556765164 11 111
143 0 15.694060773480665 14.618973561430792 12 120
144 0 15.625 14.618973561430792 13 136
145 0 15.763121546961326 14.618973561430792 14 144
146 0 15.625 14.618973561430792 13 136
147 0 15.763121546961326 14.618973561430792 14 144
148 0 76.17403314917127 76.20528771384136 1 7
149 0 15.728591160220995 14.463452566096425 15 155
150 0 53.8328729281768 53.654743390357694 2 55
151 0 34.49585635359116 34.52566096423017 3 39
152 0 24.67196132596685 25.505443234836704 4 42
153 0 19.924033149171272 19.751166407465007 5 49
154 0 18.715469613259668 18.506998444790046 6 62
155 0 17.61049723756906 17.262830482115085 7 74
156 0 17.230662983425415 17.262830482115085 8 85
157 0 16.868093922651934 16.329704510108865 9 99
158 0 16.660911602209943 15.863141524105753 10 109
159 0 16.004834254143645 14.774494556765164 11 111
160 0 15.694060773480665 14.618973561430792 12 120
161 0 15.625 14.618973561430792 13 136
162 0 15.763121546961326 14.618973561430792 14 144
163 0 76.17403314917127 76.20528771384136 1 7
164 0 15.728591160220995 14.463452566096425 15 155
165 0 53.8328729281768 53.654743390357694 2 55
166 0 34.59944751381215 34.83670295489891 3 40
167 0 24.67196132596685 25.505443234836704 4 42
168 0 19.924033149171272 19.751166407465007 5 49
169 0 18.715469613259668 18.506998444790046 6 62
170 0 17.61049723756906 17.262830482115085 7 74
171 0 17.230662983425415 17.262830482115085 8 85
172 0 16.868093922651934 16.329704510108865 9 99
173 0 16.660911602209943 15.863141524105753 10 109
174 0 16.004834254143645 14.774494556765164 11 111
175 0 15.694060773480665 14.618973561430792 12 120
176 0 15.625 14.618973561430792 13 136
177 0 15.763121546961326 14.618973561430792 14 144
178 0 76.17403314917127 76.20528771384136 1 7
179 0 15.728591160220995 14.463452566096425 15 155
180 0 76.17403314917127 76.20528771384136 1 7
181 0 17.334254143646408 17.573872472783826 10 64
182 0 53.24585635359116 53.499222395023324 2 52
183 0 53.21132596685083 53.34370139968896 2 53
184 0 34.219613259668506 34.68118195956454 3 23
185 0 34.219613259668506 34.68118195956454 3 23
186 0 25.13812154696133 25.34992223950233 4 29
187 0 25.13812154696133 25.34992223950233 4 29
188 0 19.544198895027623 20.06220839813375 5 35
189 0 19.544198895027623 20.06220839813375 5 35
190 0 18.698204419889503 19.12908242612753 6 39
191 0 18.698204419889503 19.12908242612753 6 39
192 0 17.817679558011047 18.35147744945568 7 46
193 0 17.817679558011047 18.35147744945568 7 46
194 0 17.714088397790057 18.195956454121305 8 52
195 0 17.627762430939224 18.506998444790046 9 58
196 0 17.714088397790057 18.195956454121305 8 52
197 0 17.627762430939224 18.506998444790046 9 58
198 0 76.17403314917127 76.20528771384136 1 8
199 0 17.334254143646408 17.573872472783826 10 64
200 0 53.21132596685083 53.34370139968896 2 53
201 0 34.219613259668506 34.68118195956454 3 23
202 0 25.13812154696133 25.34992223950233 4 29
203 0 19.544198895027623 20.06220839813375 5 35
204 0 18.698204419889503 19.12908242612753 6 39
205 0 17.817679558011047 18.35147744945568 7 46
206 0 17.714088397790057 18.195956454121305 8 52
207 0 17.627762430939224 18.506998444790046 9 58
208 0 76.45027624309392 76.51632970451011 1 27
209 0 17.334254143646408 17.573872472783826 10 64
210 0 53.21132596685083 53.34370139968896 2 53
211 0 34.219613259668506 34.68118195956454 3 23
212 0 25.13812154696133 25.34992223950233 4 29
213 0 19.544198895027623 20.06220839813375 5 35
214 0 18.698204419889503 19.12908242612753 6 39
215 0 17.817679558011047 18.35147744945568 7 46
216 0 17.714088397790057 18.195956454121305 8 52
217 0 17.627762430939224 18.506998444790046 9 58
218 0 76.17403314917127 76.20528771384136 1 9
219 0 17.334254143646408 17.573872472783826 10 64
220 0 53.24585635359116 53.499222395023324 2 52
221 0 34.219613259668506 34.68118195956454 3 23
222 0 25.13812154696133 25.34992223950233 4 29
223 0 19.544198895027623 20.06220839813375 5 35
224 0 18.698204419889503 19.12908242612753 6 39
225 0 17.817679558011047 18.35147744945568 7 46
226 0 17.714088397790057 18.195956454121305 8 52
227 0 17.627762430939224 18.506998444790046 9 58
228 0 76.45027624309392 76.51632970451011 1 27
229 0 17.334254143646408 17.573872472783826 10 64
230 0 53.21132596685083 53.34370139968896 2 53
231 0 34.219613259668506 34.68118195956454 3 23
232 0 25.13812154696133 25.34992223950233 4 29
233 0 19.544198895027623 20.06220839813375 5 35
234 0 18.698204419889503 19.12908242612753 6 39
235 0 17.817679558011047 18.35147744945568 7 46
236 0 17.714088397790057 18.195956454121305 8 52
237 0 17.627762430939224 18.506998444790046 9 58
238 0 76.17403314917127 76.20528771384136 1 7
239 0 17.334254143646408 17.573872472783826 10 64
240 0 76.29488950276243 76.20528771384136 1 9
241 0 16.47099447513812 17.729393468118197 12 77
242 0 53.21132596685083 53.03265940902022 2 31
243 0 53.194060773480665 53.03265940902022 2 31
244 0 34.133287292817684 34.3701399688958 3 28
245 0 34.133287292817684 34.3701399688958 3 28
246 0 24.844613259668506 24.883359253499222 4 34
247 0 24.844613259668506 24.883359253499222 4 34
248 0 19.544198895027623 19.906687402799378 5 42
249 0 19.544198895027623 19.906687402799378 5 42
250 0 18.42196132596685 18.506998444790046 6 44
251 0 18.42196132596685 18.506998444790046 6 44
252 0 18.076657458563535 18.040435458786934 7 47
253 0 18.076657458563535 18.040435458786934 7 47
254 0 17.21339779005525 17.729393468118197 8 52
255 0 17.21339779005525 17.729393468118197 8 52
256 0 16.85082872928177 17.729393468118197 9 60
257 0 16.505524861878452 17.573872472783826 11 74
258 0 16.85082872928177 17.729393468118197 9 60
259 0 16.729972375690608 17.884914463452567 10 68
260 0 16.729972375690608 17.884914463452567 10 68
261 0 16.505524861878452 17.573872472783826 11 74
262 0 76.29488950276243 76.20528771384136 1 9
263 0 16.47099447513812 17.729393468118197 12 77
264 0 53.194060773480665 53.03265940902022 2 31
265 0 34.133287292817684 34.3701399688958 3 28
266 0 24.844613259668506 24.883359253499222 4 34
267 0 19.544198895027623 19.906687402799378 5 42
268 0 18.42196132596685 18.506998444790046 6 44
269 0 18.076657458563535 18.040435458786934 7 47
270 0 17.21339779005525 17.729393468118197 8 52
271 0 16.85082872928177 17.729393468118197 9 60
272 0 16.729972375690608 17.884914463452567 10 68
273 0 16.505524861878452 17.573872472783826 11 74
274 0 76.29488950276243 76.20528771384136 1 9
275 0 16.47099447513812 17.729393468118197 12 77
276 0 53.21132596685083 53.03265940902022 2 31
277 0 34.133287292817684 34.3701399688958 3 28
278 0 24.844613259668506 24.883359253499222 4 34
279 0 19.544198895027623 19.906687402799378 5 42
280 0 18.42196132596685 18.506998444790046 6 44
281 0 18.076657458563535 18.040435458786934 7 47
282 0 17.21339779005525 17.729393468118197 8 52
283 0 16.85082872928177 17.729393468118197 9 60
284 0 16.729972375690608 17.884914463452567 10 68
285 0 16.505524861878452 17.573872472783826 11 74
286 0 76.29488950276243 76.20528771384136 1 9
287 0 16.47099447513812 17.729393468118197 12 77
288 0 53.194060773480665 53.03265940902022 2 31
289 0 34.133287292817684 34.3701399688958 3 28
290 0 24.844613259668506 24.883359253499222 4 34
291 0 19.544198895027623 19.906687402799378 5 42
292 0 18.42196132596685 18.506998444790046 6 44
293 0 18.076657458563535 18.040435458786934 7 47
294 0 17.21339779005525 17.729393468118197 8 52
295 0 16.85082872928177 17.729393468118197 9 60
296 0 16.729972375690608 17.884914463452567 10 68
297 0 16.505524861878452 17.573872472783826 11 74
298 0 76.29488950276243 76.20528771384136 1 9
299 0 16.47099447513812 17.729393468118197 12 77
