0 0 76.18718701433258 76.08695652173914 1 6
1 0 16.698324987048867 18.32298136645963 12 88
2 0 53.06510101882231 53.2608695652174 2 18
3 0 53.06510101882231 53.2608695652174 2 18
4 0 34.07010878950095 34.47204968944099 3 28
5 0 34.07010878950095 34.47204968944099 3 28
6 0 24.728026247625625 25.15527950310559 4 33
7 0 24.728026247625625 25.15527950310559 4 33
8 0 18.54601968571922 18.633540372670808 5 39
9 0 18.54601968571922 18.633540372670808 5 39
10 0 17.13002935589708 17.391304347826086 6 44
11 0 17.13002935589708 17.391304347826086 6 44
12 0 17.04368848212744 17.080745341614907 7 51
13 0 18.217924365394577 18.633540372670808 8 58
14 0 16.974615783111723 18.633540372670808 9 66
15 0 16.974615783111723 18.633540372670808 9 66
16 0 16.68105681229494 18.32298136645963 10 72
17 0 17.04368848212744 17.080745341614907 7 51
18 0 16.68105681229494 18.32298136645963 10 72
19 0 18.217924365394577 18.633540372670808 8 58
20 0 16.750129511310654 18.32298136645963 11 80
21 0 16.750129511310654 18.32298136645963 11 80
22 0 76.35986876187188 76.3975155279503 1 8
23 0 16.698324987048867 18.32298136645963 12 88
24 0 53.06510101882231 53.2608695652174 2 18
25 0 34.07010878950095 34.47204968944099 3 28
26 0 24.728026247625625 25.15527950310559 4 33
27 0 18.54601968571922 18.633540372670808 5 39
28 0 17.13002935589708 17.391304347826086 6 44
29 0 16.974615783111723 18.633540372670808 9 66
30 0 17.04368848212744 17.080745341614907 7 51
31 0 16.68105681229494 18.32298136645963 10 72
32 0 18.217924365394577 18.633540372670808 8 58
33 0 16.750129511310654 18.32298136645963 11 80
34 0 76.23899153859438 76.08695652173914 1 7
35 0 16.698324987048867 18.32298136645963 12 88
36 0 53.06510101882231 53.2608695652174 2 18
37 0 34.07010878950095 34.47204968944099 3 28
38 0 24.728026247625625 25.15527950310559 4 33
39 0 17.889829045069934 17.857142857142858 5 40
40 0 17.13002935589708 17.391304347826086 6 44
41 0 16.974615783111723 18.633540372670808 9 66
42 0 17.04368848212744 17.080745341614907 7 51
43 0 16.68105681229494 18.32298136645963 10 72
44 0 18.217924365394577 18.633540372670808 8 58
45 0 16.750129511310654 18.32298136645963 11 80
46 0 76.34260058711794 76.24223602484473 1 8
47 0 16.698324987048867 18.32298136645963 12 88
48 0 53.06510101882231 53.2608695652174 2 18
49 0 34.07010878950095 34.47204968944099 3 28
50 0 24.728026247625625 25.15527950310559 4 33
51 0 17.889829045069934 17.857142857142858 5 40
52 0 17.13002935589708 17.391304347826086 6 44
53 0 16.974615783111723 18.633540372670808 9 66
54 0 17.04368848212744 17.080745341614907 7 51
55 0 16.68105681229494 18.32298136645963 10 72
56 0 18.217924365394577 18.633540372670808 8 58
57 0 16.750129511310654 18.32298136645963 11 80
58 0 76.18718701433258 76.08695652173914 1 6
59 0 16.698324987048867 18.32298136645963 12 88
60 0 76.18718701433258 76.08695652173914 1 5
61 0 16.31842514246244 17.546583850931675 18 107
62 0 53.116905543084094 53.72670807453416 2 30
63 0 53.116905543084094 53.72670807453416 2 30
64 0 34.208254187532376 34.47204968944099 3 31
65 0 34.208254187532376 34.47204968944099 3 31
66 0 24.538076325332412 25.15527950310559 4 38
67 0 24.538076325332412 25.15527950310559 4 38
68 0 18.701433258504576 20.341614906832298 5 45
69 0 16.491106890001728 17.857142857142858 15 96
70 0 16.370229666724228 17.391304347826086 17 104
71 0 17.94163356933172 19.565217391304348 6 51
72 0 17.83802452080815 18.16770186335404 7 54
73 0 18.701433258504576 20.341614906832298 5 45
74 0 17.83802452080815 18.16770186335404 7 54
75 0 17.94163356933172 19.565217391304348 6 51
76 0 17.078224831635296 17.546583850931675 8 60
77 0 17.078224831635296 17.546583850931675 8 60
78 0 16.594715938525297 17.546583850931675 9 65
79 0 16.594715938525297 17.546583850931675 9 65
80 0 16.508375064755658 17.391304347826086 10 68
81 0 16.525643239509584 17.546583850931675 14 87
82 0 16.508375064755658 17.391304347826086 10 68
83 0 16.473838715247798 17.391304347826086 11 77
84 0 16.163011569677085 17.546583850931675 13 86
85 0 16.370229666724228 17.236024844720497 11 73
86 0 16.525643239509584 17.546583850931675 14 87
87 0 16.33569331721637 17.236024844720497 12 82
88 0 16.491106890001728 17.857142857142858 15 96
89 0 16.33569331721637 17.236024844720497 12 82
90 0 16.370229666724228 17.391304347826086 17 104
91 0 16.163011569677085 17.546583850931675 13 86
92 0 76.22172336384044 76.24223602484473 1 12
93 0 16.31842514246244 17.546583850931675 18 107
94 0 53.116905543084094 53.72670807453416 2 30
95 0 34.208254187532376 34.47204968944099 3 31
96 0 24.538076325332412 25.15527950310559 4 38
97 0 18.701433258504576 20.341614906832298 5 45
98 0 17.83802452080815 18.16770186335404 7 54
99 0 17.94163356933172 19.565217391304348 6 51
100 0 17.078224831635296 17.546583850931675 8 60
101 0 16.594715938525297 17.546583850931675 9 65
102 0 16.508375064755658 17.391304347826086 10 68
103 0 16.525643239509584 17.546583850931675 14 87
104 0 16.473838715247798 17.391304347826086 11 77
105 0 16.491106890001728 17.857142857142858 15 96
106 0 16.33569331721637 17.236024844720497 12 82
107 0 16.163011569677085 17.546583850931675 13 86
108 0 16.370229666724228 17.391304347826086 17 104
109 0 76.22172336384044 76.24223602484473 1 12
110 0 16.31842514246244 17.546583850931675 18 107
111 0 53.116905543084094 53.72670807453416 2 30
112 0 34.208254187532376 34.47204968944099 3 31
113 0 24.538076325332412 25.15527950310559 4 38
114 0 18.701433258504576 20.341614906832298 5 45
115 0 17.83802452080815 18.16770186335404 7 54
116 0 17.94163356933172 19.565217391304348 6 51
117 0 17.078224831635296 17.546583850931675 8 60
118 0 16.594715938525297 17.546583850931675 9 65
119 0 16.508375064755658 17.391304347826086 10 68
120 0 76.42894146088759 76.24223602484473 1 9
121 0 15.29960283198066 16.304347826086957 17 109
122 0 53.20324641685373 53.2608695652174 2 38
123 0 53.20324641685373 53.2608695652174 2 38
124 0 34.15644966327059 34.161490683229815 3 29
125 0 34.15644966327059 34.161490683229815 3 29
126 0 24.77983077188741 24.689440993788818 4 33
127 0 24.77983077188741 24.689440993788818 4 33
128 0 19.357623899153857 20.496894409937887 5 38
129 0 19.357623899153857 20.496894409937887 5 38
130 0 17.924365394577794 18.633540372670808 6 43
131 0 17.199102054912796 18.633540372670808 7 47
132 0 16.611984113279227 18.32298136645963 8 54
133 0 16.611984113279227 18.32298136645963 8 54
134 0 16.042134346399585 17.70186335403727 10 64
135 0 16.387497841478154 18.012422360248447 9 60
136 0 16.232084268692798 17.391304347826086 11 75
137 0 16.232084268692798 17.391304347826086 11 75
138 0 15.800379899844586 17.236024844720497 12 80
139 0 17.924365394577794 18.633540372670808 6 43
140 0 17.199102054912796 18.633540372670808 7 47
141 0 15.800379899844586 17.236024844720497 12 80
142 0 15.385943705750302 16.61490683229814 13 88
143 0 16.387497841478154 18.012422360248447 9 60
144 0 15.472284579519947 16.925465838509314 14 91
145 0 16.042134346399585 17.70186335403727 10 64
146 0 15.316871006734589 16.459627329192546 15 98
147 0 15.385943705750302 16.61490683229814 13 88
148 0 15.472284579519947 16.925465838509314 14 91
149 0 15.29960283198066 16.304347826086957 16 104
150 0 15.316871006734589 16.459627329192546 15 98
151 0 15.29960283198066 16.304347826086957 16 104
152 0 76.42894146088759 76.24223602484473 1 12
153 0 15.29960283198066 16.304347826086957 17 109
154 0 53.20324641685373 53.2608695652174 2 38
155 0 34.15644966327059 34.161490683229815 3 29
156 0 24.77983077188741 24.689440993788818 4 33
157 0 19.357623899153857 20.496894409937887 5 38
158 0 16.611984113279227 18.32298136645963 8 54
159 0 16.232084268692798 17.391304347826086 11 75
160 0 17.924365394577794 18.633540372670808 6 43
161 0 17.199102054912796 18.633540372670808 7 47
162 0 15.800379899844586 17.236024844720497 12 80
163 0 16.387497841478154 18.012422360248447 9 60
164 0 16.042134346399585 17.70186335403727 10 64
165 0 15.385943705750302 16.61490683229814 13 88
166 0 15.472284579519947 16.925465838509314 14 91
167 0 15.316871006734589 16.459627329192546 15 98
168 0 15.29960283198066 16.304347826086957 16 104
169 0 76.42894146088759 76.24223602484473 1 10
170 0 15.29960283198066 16.304347826086957 17 109
171 0 53.20324641685373 53.2608695652174 2 38
172 0 34.15644966327059 34.161490683229815 3 29
173 0 24.77983077188741 24.689440993788818 4 33
174 0 19.357623899153857 20.496894409937887 5 38
175 0 16.611984113279227 18.32298136645963 8 54
176 0 16.232084268692798 17.391304347826086 11 75
177 0 17.924365394577794 18.633540372670808 6 43
178 0 17.199102054912796 18.633540372670808 7 47
179 0 15.800379899844586 17.236024844720497 12 80
180 0 76.18718701433258 76.08695652173914 1 3
181 0 14.781557589362803 15.217391304347828 14 97
182 0 52.9960283198066 52.95031055900621 2 59
183 0 52.9960283198066 52.95031055900621 2 59
184 0 33.8628906924538 34.316770186335404 3 34
185 0 33.8628906924538 34.316770186335404 3 34
186 0 24.503539975824555 25.15527950310559 4 38
187 0 24.503539975824555 25.15527950310559 4 38
188 0 17.52719737523744 16.459627329192546 5 48
189 0 17.52719737523744 16.459627329192546 5 48
190 0 16.715593161802797 15.683229813664596 6 54
191 0 16.301156967708515 16.149068322981368 7 65
192 0 16.24935244344673 16.61490683229814 8 54
193 0 16.24935244344673 16.61490683229814 8 54
194 0 15.023312035917805 15.993788819875776 9 58
195 0 15.023312035917805 15.993788819875776 9 58
196 0 15.075116560179588 16.149068322981368 10 63
197 0 16.715593161802797 15.683229813664596 6 54
198 0 16.301156967708515 16.149068322981368 7 65
199 0 15.075116560179588 16.149068322981368 10 63
200 0 14.936971162148161 15.993788819875776 11 75
201 0 14.936971162148161 15.993788819875776 11 75
202 0 14.712484890347092 15.527950310559005 12 81
203 0 14.712484890347092 15.527950310559005 12 81
204 0 14.798825764116733 15.372670807453417 13 86
205 0 14.798825764116733 15.372670807453417 13 86
206 0 76.18718701433258 76.08695652173914 1 4
207 0 14.781557589362803 15.217391304347828 14 97
208 0 52.9960283198066 52.95031055900621 2 59
209 0 33.8628906924538 34.316770186335404 3 34
210 0 24.503539975824555 25.15527950310559 4 38
211 0 17.52719737523744 16.459627329192546 5 48
212 0 16.24935244344673 16.61490683229814 8 54
213 0 15.023312035917805 15.993788819875776 9 58
214 0 16.715593161802797 15.683229813664596 6 54
215 0 16.301156967708515 16.149068322981368 7 65
216 0 15.075116560179588 16.149068322981368 10 63
217 0 14.936971162148161 15.993788819875776 11 75
218 0 14.712484890347092 15.527950310559005 12 81
219 0 14.798825764116733 15.372670807453417 13 86
220 0 76.18718701433258 76.08695652173914 1 3
221 0 14.781557589362803 15.217391304347828 14 97
222 0 52.9960283198066 52.95031055900621 2 59
223 0 33.8628906924538 34.316770186335404 3 34
224 0 24.503539975824555 25.15527950310559 4 38
225 0 17.52719737523744 16.459627329192546 5 48
226 0 16.24935244344673 16.61490683229814 8 54
227 0 15.023312035917805 15.993788819875776 9 58
228 0 16.715593161802797 15.683229813664596 6 54
229 0 16.301156967708515 16.149068322981368 7 65
230 0 15.075116560179588 16.149068322981368 10 63
231 0 14.936971162148161 15.993788819875776 11 75
232 0 14.712484890347092 15.527950310559005 12 81
233 0 14.798825764116733 15.372670807453417 13 86
234 0 76.18718701433258 76.08695652173914 1 4
235 0 14.781557589362803 15.217391304347828 14 97
236 0 52.9960283198066 52.95031055900621 2 59
237 0 33.8628906924538 34.316770186335404 3 34
238 0 24.503539975824555 25.15527950310559 4 38
239 0 17.52719737523744 16.459627329192546 5 48
240 0 76.41167328613365 76.5527950310559 1 3
241 0 13.90088067691245 15.217391304347828 13 98
242 0 53.652218960455876 54.192546583850934 2 59
243 0 53.652218960455876 54.192546583850934 2 59
244 0 34.225522362286306 34.93788819875777 3 38
245 0 34.225522362286306 34.93788819875777 3 38
246 0 24.054567432222417 24.84472049689441 4 50
247 0 24.054567432222417 24.84472049689441 4 50
248 0 19.21947850112243 19.40993788819876 5 36
249 0 19.21947850112243 19.40993788819876 5 36
250 0 17.54446554999137 18.012422360248447 6 47
251 0 17.54446554999137 18.012422360248447 6 47
252 0 16.767397686064584 16.149068322981368 7 54
253 0 15.575893628043517 15.993788819875776 8 63
254 0 14.505266793299947 14.751552795031056 9 68
255 0 16.767397686064584 16.149068322981368 7 54
256 0 15.575893628043517 15.993788819875776 8 63
257 0 14.505266793299947 14.751552795031056 9 68
258 0 14.418925919530306 14.906832298136646 10 76
259 0 14.418925919530306 14.906832298136646 10 76
260 0 14.177171472975306 15.372670807453417 11 85
261 0 14.177171472975306 15.372670807453417 11 85
262 0 13.866344327404592 15.372670807453417 12 89
263 0 13.866344327404592 15.372670807453417 12 89
264 0 76.58435503367295 76.5527950310559 1 13
265 0 13.90088067691245 15.217391304347828 13 98
266 0 53.652218960455876 54.192546583850934 2 59
267 0 34.225522362286306 34.93788819875777 3 38
268 0 24.054567432222417 24.84472049689441 4 50
269 0 19.21947850112243 19.40993788819876 5 36
270 0 17.54446554999137 18.012422360248447 6 47
271 0 16.767397686064584 16.149068322981368 7 54
272 0 15.575893628043517 15.993788819875776 8 63
273 0 14.505266793299947 14.751552795031056 9 68
274 0 14.418925919530306 14.906832298136646 10 76
275 0 14.177171472975306 15.372670807453417 11 85
276 0 13.866344327404592 15.372670807453417 12 89
277 0 76.41167328613365 76.5527950310559 1 3
278 0 13.90088067691245 15.217391304347828 13 98
279 0 53.652218960455876 54.192546583850934 2 59
280 0 34.225522362286306 34.93788819875777 3 38
281 0 24.054567432222417 24.84472049689441 4 50
282 0 19.21947850112243 19.40993788819876 5 36
283 0 17.54446554999137 18.012422360248447 6 47
284 0 16.767397686064584 16.149068322981368 7 54
285 0 15.575893628043517 15.993788819875776 8 63
286 0 14.505266793299947 14.751552795031056 9 68
287 0 14.418925919530306 14.906832298136646 10 76
288 0 14.177171472975306 15.372670807453417 11 85
289 0 13.866344327404592 15.372670807453417 12 89
290 0 76.41167328613365 76.5527950310559 1 3
291 0 13.90088067691245 15.217391304347828 13 98
292 0 53.652218960455876 54.192546583850934 2 59
293 0 34.225522362286306 34.93788819875777 3 38
294 0 24.054567432222417 24.84472049689441 4 50
295 0 19.21947850112243 19.40993788819876 5 36
296 0 17.54446554999137 18.012422360248447 6 47
297 0 16.767397686064584 16.149068322981368 7 54
298 0 15.575893628043517 15.993788819875776 8 63
299 0 14.505266793299947 14.751552795031056 9 68
