0 0 76.22172336384044 76.24223602484473 1 7
1 0 12.571231220859955 15.993788819875776 31 241
2 0 53.30685546537731 53.41614906832298 2 55
3 0 53.30685546537731 53.41614906832298 2 55
4 0 34.691763080642374 34.78260869565217 3 24
5 0 34.691763080642374 34.78260869565217 3 24
6 0 24.520808150578482 24.689440993788818 4 31
7 0 24.520808150578482 24.689440993788818 4 31
8 0 17.97616991883958 19.099378881987576 5 35
9 0 12.588499395613884 16.61490683229814 28 220
10 0 17.97616991883958 19.099378881987576 5 35
11 0 17.907097219823864 20.341614906832298 6 53
12 0 17.907097219823864 20.341614906832298 6 53
13 0 15.731307200828873 17.857142857142858 7 64
14 0 13.08927646347781 16.77018633540373 20 162
15 0 13.158349162493524 17.080745341614907 22 177
16 0 12.64030391987567 16.77018633540373 27 215
17 0 12.726644793645312 16.77018633540373 25 201
18 0 15.731307200828873 17.857142857142858 7 64
19 0 15.696770851321014 18.478260869565215 8 70
20 0 15.696770851321014 18.478260869565215 8 70
21 0 14.971507511656018 17.391304347826086 9 72
22 0 14.228975997237093 16.77018633540373 12 103
23 0 14.298048696252804 16.925465838509314 13 108
24 0 14.228975997237093 16.459627329192546 15 119
25 0 14.039026074943878 16.304347826086957 16 130
26 0 13.797271628388879 16.459627329192546 17 135
27 0 13.21015368675531 16.61490683229814 19 153
28 0 13.745467104127092 16.77018633540373 18 145
29 0 14.298048696252804 16.925465838509314 13 108
30 0 14.522534968053877 16.925465838509314 11 91
31 0 14.228975997237093 16.77018633540373 12 103
32 0 14.246244171991021 16.304347826086957 14 114
33 0 14.971507511656018 17.391304347826086 9 72
34 0 14.936971162148161 17.546583850931675 10 78
35 0 14.039026074943878 16.304347826086957 16 130
36 0 13.797271628388879 16.459627329192546 17 135
37 0 14.246244171991021 16.304347826086957 14 114
38 0 14.936971162148161 17.546583850931675 10 78
39 0 14.228975997237093 16.459627329192546 15 119
40 0 14.522534968053877 16.925465838509314 11 91
41 0 13.08927646347781 16.77018633540373 20 162
42 0 13.158349162493524 17.080745341614907 22 177
43 0 12.795717492661026 16.61490683229814 23 188
44 0 12.588499395613884 16.61490683229814 28 220
45 0 12.726644793645312 16.77018633540373 25 201
46 0 12.795717492661026 16.61490683229814 23 188
47 0 12.64030391987567 16.77018633540373 27 215
48 0 12.76118114315317 16.61490683229814 24 197
49 0 13.745467104127092 16.77018633540373 18 145
50 0 12.76118114315317 16.61490683229814 24 197
51 0 13.21015368675531 16.61490683229814 19 153
52 0 76.22172336384044 76.24223602484473 1 7
53 0 12.571231220859955 15.993788819875776 31 241
54 0 53.30685546537731 53.41614906832298 2 55
55 0 34.691763080642374 34.78260869565217 3 24
56 0 24.520808150578482 24.689440993788818 4 31
57 0 17.97616991883958 19.099378881987576 5 35
58 0 17.907097219823864 20.341614906832298 6 53
59 0 15.731307200828873 17.857142857142858 7 64
60 0 76.16991883957866 76.24223602484473 1 3
61 0 16.629252288033154 18.32298136645963 14 105
62 0 53.49680538767052 53.72670807453416 2 21
63 0 53.49680538767052 53.72670807453416 2 21
64 0 34.501813158349165 34.62732919254658 3 35
65 0 34.501813158349165 34.62732919254658 3 35
66 0 25.660507684337762 25.465838509316768 4 38
67 0 25.660507684337762 25.465838509316768 4 38
68 0 19.616646520462787 19.875776397515526 5 44
69 0 19.616646520462787 19.875776397515526 5 44
70 0 18.805042307028145 18.788819875776397 6 49
71 0 18.805042307028145 18.788819875776397 6 49
72 0 18.373337938179933 18.788819875776397 7 59
73 0 18.373337938179933 18.788819875776397 7 59
74 0 18.217924365394577 18.788819875776397 8 68
75 0 18.217924365394577 18.788819875776397 8 68
76 0 16.957347608357797 17.857142857142858 9 68
77 0 16.957347608357797 17.857142857142858 9 68
78 0 16.819202210326367 17.857142857142858 10 75
79 0 16.819202210326367 17.857142857142858 10 75
80 0 16.888274909342083 18.012422360248447 11 81
81 0 16.888274909342083 18.012422360248447 11 81
82 0 16.80193403557244 18.012422360248447 12 91
83 0 16.80193403557244 18.012422360248447 12 91
84 0 16.732861336556727 18.32298136645963 13 96
85 0 16.732861336556727 18.32298136645963 13 96
86 0 76.56708685891901 76.5527950310559 1 10
87 0 16.629252288033154 18.32298136645963 14 105
88 0 53.49680538767052 53.72670807453416 2 21
89 0 34.501813158349165 34.62732919254658 3 35
90 0 25.660507684337762 25.465838509316768 4 38
91 0 19.616646520462787 19.875776397515526 5 44
92 0 18.805042307028145 18.788819875776397 6 49
93 0 18.373337938179933 18.788819875776397 7 59
94 0 18.217924365394577 18.788819875776397 8 68
95 0 16.957347608357797 17.857142857142858 9 68
96 0 16.819202210326367 17.857142857142858 10 75
97 0 16.888274909342083 18.012422360248447 11 81
98 0 16.80193403557244 18.012422360248447 12 91
99 0 16.732861336556727 18.32298136645963 13 96
100 0 76.56708685891901 76.5527950310559 1 10
101 0 16.629252288033154 18.32298136645963 14 105
102 0 53.49680538767052 53.72670807453416 2 21
103 0 34.501813158349165 34.62732919254658 3 35
104 0 25.660507684337762 25.465838509316768 4 38
105 0 19.616646520462787 19.875776397515526 5 44
106 0 18.805042307028145 18.788819875776397 6 49
107 0 18.373337938179933 18.788819875776397 7 59
108 0 18.217924365394577 18.788819875776397 8 68
109 0 16.957347608357797 17.857142857142858 9 68
110 0 16.819202210326367 17.857142857142858 10 75
111 0 16.888274909342083 18.012422360248447 11 81
112 0 16.80193403557244 18.012422360248447 12 91
113 0 16.732861336556727 18.32298136645963 13 96
114 0 76.56708685891901 76.5527950310559 1 10
115 0 16.629252288033154 18.32298136645963 14 105
116 0 53.49680538767052 53.72670807453416 2 21
117 0 34.501813158349165 34.62732919254658 3 35
118 0 25.660507684337762 25.465838509316768 4 38
119 0 19.616646520462787 19.875776397515526 5 44
120 0 76.16991883957866 76.24223602484473 1 5
121 0 15.213261958211016 18.16770186335404 22 155
122 0 53.25505094111552 53.41614906832298 2 46
123 0 53.25505094111552 53.41614906832298 2 46
124 0 34.81264030391988 35.55900621118012 3 21
125 0 34.81264030391988 35.55900621118012 3 21
126 0 24.848903470903124 25.465838509316768 4 28
127 0 24.848903470903124 25.465838509316768 4 28
128 0 19.858400967017786 21.8944099378882 5 35
129 0 15.265066482472802 18.478260869565215 21 145
130 0 15.247798307718874 17.70186335403727 19 134
131 0 19.858400967017786 21.8944099378882 5 35
132 0 20.048350889311 22.51552795031056 6 50
133 0 20.048350889311 22.51552795031056 6 50
134 0 17.319979278190296 18.944099378881987 7 61
135 0 17.319979278190296 18.944099378881987 7 61
136 0 16.508375064755658 17.546583850931675 8 65
137 0 16.387497841478154 18.633540372670808 10 77
138 0 16.180279744431015 18.788819875776397 11 87
139 0 16.43930236573994 18.16770186335404 9 71
140 0 16.387497841478154 18.633540372670808 10 77
141 0 16.508375064755658 17.546583850931675 8 65
142 0 16.43930236573994 18.16770186335404 9 71
143 0 16.12847522016923 18.478260869565215 11 86
144 0 16.00759799689173 18.633540372670808 12 92
145 0 16.00759799689173 18.633540372670808 12 92
146 0 15.696770851321014 18.478260869565215 13 98
147 0 15.731307200828873 18.633540372670808 14 102
148 0 15.800379899844586 17.70186335403727 15 104
149 0 15.42048005525816 17.857142857142858 16 116
150 0 15.455016404766017 18.012422360248447 17 120
151 0 15.800379899844586 17.70186335403727 15 104
152 0 15.731307200828873 18.633540372670808 14 102
153 0 15.455016404766017 18.012422360248447 17 120
154 0 15.42048005525816 17.857142857142858 16 116
155 0 15.696770851321014 18.478260869565215 13 98
156 0 15.40321188050423 17.857142857142858 18 126
157 0 15.247798307718874 17.70186335403727 19 134
158 0 15.40321188050423 17.857142857142858 18 126
159 0 15.265066482472802 18.478260869565215 21 145
160 0 76.16991883957866 76.24223602484473 1 7
161 0 15.213261958211016 18.16770186335404 22 155
162 0 53.25505094111552 53.41614906832298 2 46
163 0 34.81264030391988 35.55900621118012 3 21
164 0 24.848903470903124 25.465838509316768 4 28
165 0 19.858400967017786 21.8944099378882 5 35
166 0 20.048350889311 22.51552795031056 6 50
167 0 17.319979278190296 18.944099378881987 7 61
168 0 16.387497841478154 18.633540372670808 10 77
169 0 16.508375064755658 17.546583850931675 8 65
170 0 16.43930236573994 18.16770186335404 9 71
171 0 16.180279744431015 18.788819875776397 11 87
172 0 16.00759799689173 18.633540372670808 12 92
173 0 15.455016404766017 18.012422360248447 17 120
174 0 15.42048005525816 17.857142857142858 16 116
175 0 15.800379899844586 17.70186335403727 15 104
176 0 15.696770851321014 18.478260869565215 13 98
177 0 15.731307200828873 18.633540372670808 14 102
178 0 15.247798307718874 17.70186335403727 19 134
179 0 15.40321188050423 17.857142857142858 18 126
180 0 76.16991883957866 76.24223602484473 1 10
181 0 17.078224831635296 19.25465838509317 19 134
182 0 53.4795372129166 53.72670807453416 2 21
183 0 53.4795372129166 53.72670807453416 2 21
184 0 34.62269038162666 36.18012422360248 3 31
185 0 34.62269038162666 36.18012422360248 3 31
186 0 24.77983077188741 26.08695652173913 4 37
187 0 17.40632015195994 19.40993788819876 17 121
188 0 17.71714729753065 19.25465838509317 14 103
189 0 24.77983077188741 26.08695652173913 4 37
190 0 20.27283716111207 21.8944099378882 5 41
191 0 20.27283716111207 21.8944099378882 5 41
192 0 19.513037471939214 21.27329192546584 6 49
193 0 18.56328786047315 20.496894409937887 7 56
194 0 18.217924365394577 19.72049689440994 8 62
195 0 19.513037471939214 21.27329192546584 6 49
196 0 18.56328786047315 20.496894409937887 7 56
197 0 18.217924365394577 19.72049689440994 8 62
198 0 18.407874287687793 19.565217391304348 9 68
199 0 18.476946986703506 19.72049689440994 10 72
200 0 18.06251079260922 19.25465838509317 11 76
201 0 18.407874287687793 19.565217391304348 9 68
202 0 18.476946986703506 19.72049689440994 10 72
203 0 18.06251079260922 19.25465838509317 11 76
204 0 17.95890174408565 19.25465838509317 12 87
205 0 17.302711103436366 19.40993788819876 18 132
206 0 17.71714729753065 19.25465838509317 14 103
207 0 17.95890174408565 19.25465838509317 12 87
208 0 17.40632015195994 19.40993788819876 17 121
209 0 17.734415472284578 19.25465838509317 13 90
210 0 17.302711103436366 19.40993788819876 18 132
211 0 17.734415472284578 19.25465838509317 13 90
212 0 76.16991883957866 76.24223602484473 1 10
213 0 17.078224831635296 19.25465838509317 19 134
214 0 53.4795372129166 53.72670807453416 2 21
215 0 34.62269038162666 36.18012422360248 3 31
216 0 24.77983077188741 26.08695652173913 4 37
217 0 20.27283716111207 21.8944099378882 5 41
218 0 19.513037471939214 21.27329192546584 6 49
219 0 18.56328786047315 20.496894409937887 7 56
220 0 18.217924365394577 19.72049689440994 8 62
221 0 18.407874287687793 19.565217391304348 9 68
222 0 18.476946986703506 19.72049689440994 10 72
223 0 18.06251079260922 19.25465838509317 11 76
224 0 17.71714729753065 19.25465838509317 14 103
225 0 17.95890174408565 19.25465838509317 12 87
226 0 17.40632015195994 19.40993788819876 17 121
227 0 17.302711103436366 19.40993788819876 18 132
228 0 17.734415472284578 19.25465838509317 13 90
229 0 76.16991883957866 76.24223602484473 1 10
230 0 17.078224831635296 19.25465838509317 19 134
231 0 53.4795372129166 53.72670807453416 2 21
232 0 34.62269038162666 36.18012422360248 3 31
233 0 24.77983077188741 26.08695652173913 4 37
234 0 20.27283716111207 21.8944099378882 5 41
235 0 19.513037471939214 21.27329192546584 6 49
236 0 18.56328786047315 20.496894409937887 7 56
237 0 18.217924365394577 19.72049689440994 8 62
238 0 18.407874287687793 19.565217391304348 9 68
239 0 18.476946986703506 19.72049689440994 10 72
240 0 76.46347781039545 76.3975155279503 1 7
241 0 15.627698152305303 17.391304347826086 14 101
242 0 53.652218960455876 53.57142857142857 2 20
243 0 53.6004144361941 53.881987577639755 2 20
244 0 34.51908133310309 34.47204968944099 3 31
245 0 34.51908133310309 34.47204968944099 3 31
246 0 24.952512519426698 25.15527950310559 4 37
247 0 24.952512519426698 25.15527950310559 4 37
248 0 19.910205491279573 20.652173913043477 5 46
249 0 19.910205491279573 20.652173913043477 5 46
250 0 18.511483336211363 18.944099378881987 6 47
251 0 18.511483336211363 18.944099378881987 6 47
252 0 18.356069763426007 18.944099378881987 7 53
253 0 16.059402521153515 17.546583850931675 12 89
254 0 15.817648074598514 17.391304347826086 13 94
255 0 16.767397686064584 17.391304347826086 9 67
256 0 16.45657054049387 18.32298136645963 11 81
257 0 16.059402521153515 17.546583850931675 12 89
258 0 16.163011569677085 17.391304347826086 10 76
259 0 18.356069763426007 18.944099378881987 7 53
260 0 15.817648074598514 17.391304347826086 13 94
261 0 18.252460714902437 18.788819875776397 8 59
262 0 16.767397686064584 17.391304347826086 9 67
263 0 18.252460714902437 18.788819875776397 8 59
264 0 16.163011569677085 17.391304347826086 10 76
265 0 16.45657054049387 18.32298136645963 11 81
266 0 76.46347781039545 76.3975155279503 1 9
267 0 15.627698152305303 17.391304347826086 14 101
268 0 53.56587808668623 53.881987577639755 2 23
269 0 34.51908133310309 34.47204968944099 3 31
270 0 24.952512519426698 25.15527950310559 4 37
271 0 19.910205491279573 20.652173913043477 5 46
272 0 18.511483336211363 18.944099378881987 6 47
273 0 16.059402521153515 17.546583850931675 12 89
274 0 18.356069763426007 18.944099378881987 7 53
275 0 15.817648074598514 17.391304347826086 13 94
276 0 16.767397686064584 17.391304347826086 9 67
277 0 18.252460714902437 18.788819875776397 8 59
278 0 16.163011569677085 17.391304347826086 10 76
279 0 16.45657054049387 18.32298136645963 11 81
280 0 76.46347781039545 76.3975155279503 1 8
281 0 15.627698152305303 17.391304347826086 14 101
282 0 53.56587808668623 53.881987577639755 2 23
283 0 34.51908133310309 34.47204968944099 3 31
284 0 24.952512519426698 25.15527950310559 4 37
285 0 19.910205491279573 20.652173913043477 5 46
286 0 18.511483336211363 18.944099378881987 6 47
287 0 16.059402521153515 17.546583850931675 12 89
288 0 18.356069763426007 18.944099378881987 7 53
289 0 15.817648074598514 17.391304347826086 13 94
290 0 16.767397686064584 17.391304347826086 9 67
291 0 18.252460714902437 18.788819875776397 8 59
292 0 16.163011569677085 17.391304347826086 10 76
293 0 16.45657054049387 18.32298136645963 11 81
294 0 76.46347781039545 76.3975155279503 1 8
295 0 15.627698152305303 17.391304347826086 14 101
296 0 53.56587808668623 53.881987577639755 2 23
297 0 34.501813158349165 34.62732919254658 3 31
298 0 24.952512519426698 25.15527950310559 4 37
299 0 19.910205491279573 20.652173913043477 5 46
