0 0 76.17403314917127 76.20528771384136 1 7
1 0 17.61049723756906 17.884914463452567 10 60
2 0 53.09046961325967 53.03265940902022 2 29
3 0 53.09046961325967 53.03265940902022 2 29
4 0 34.4267955801105 34.83670295489891 3 27
5 0 34.4267955801105 34.83670295489891 3 27
6 0 24.75828729281768 25.34992223950233 4 30
7 0 17.76588397790055 17.884914463452567 9 46
8 0 24.75828729281768 25.34992223950233 4 30
9 0 22.513812154696133 23.017107309486782 5 26
10 0 22.513812154696133 23.017107309486782 5 26
11 0 19.56146408839779 20.06220839813375 6 32
12 0 19.56146408839779 20.06220839813375 6 32
13 0 18.21477900552486 18.973561430793158 7 36
14 0 18.21477900552486 18.973561430793158 7 36
15 0 17.78314917127072 17.884914463452567 8 42
16 0 17.78314917127072 17.884914463452567 8 42
17 0 76.17403314917127 76.20528771384136 1 15
18 0 17.61049723756906 17.884914463452567 10 60
19 0 53.09046961325967 53.03265940902022 2 29
20 0 34.4267955801105 34.83670295489891 3 27
21 0 24.75828729281768 25.34992223950233 4 30
22 0 22.513812154696133 23.017107309486782 5 26
23 0 19.56146408839779 20.06220839813375 6 32
24 0 18.21477900552486 18.973561430793158 7 36
25 0 17.78314917127072 17.884914463452567 8 42
26 0 76.17403314917127 76.20528771384136 1 7
27 0 17.61049723756906 17.884914463452567 10 60
28 0 53.09046961325967 53.03265940902022 2 29
29 0 34.4267955801105 34.83670295489891 3 27
30 0 24.75828729281768 25.34992223950233 4 30
31 0 22.513812154696133 23.017107309486782 5 26
32 0 19.56146408839779 20.06220839813375 6 32
33 0 18.21477900552486 18.973561430793158 7 36
34 0 17.78314917127072 17.884914463452567 8 42
35 0 76.17403314917127 76.20528771384136 1 7
36 0 17.61049723756906 17.884914463452567 10 60
37 0 53.021408839779006 52.87713841368584 2 31
38 0 34.4267955801105 34.83670295489891 3 27
39 0 24.75828729281768 25.34992223950233 4 30
40 0 22.513812154696133 23.017107309486782 5 26
41 0 19.56146408839779 20.06220839813375 6 32
42 0 18.21477900552486 18.973561430793158 7 36
43 0 17.78314917127072 17.884914463452567 8 42
44 0 76.19129834254143 76.20528771384136 1 7
45 0 17.61049723756906 17.884914463452567 10 60
46 0 53.09046961325967 53.03265940902022 2 29
47 0 34.4267955801105 34.83670295489891 3 27
48 0 24.75828729281768 25.34992223950233 4 30
49 0 22.513812154696133 23.017107309486782 5 26
50 0 19.56146408839779 20.06220839813375 6 32
51 0 18.21477900552486 18.973561430793158 7 36
52 0 17.78314917127072 17.884914463452567 8 42
53 0 76.19129834254143 76.20528771384136 1 8
54 0 17.61049723756906 17.884914463452567 10 60
55 0 53.09046961325967 53.03265940902022 2 29
56 0 34.4267955801105 34.83670295489891 3 27
57 0 24.75828729281768 25.34992223950233 4 30
58 0 22.513812154696133 23.017107309486782 5 26
59 0 19.56146408839779 20.06220839813375 6 32
60 0 76.57113259668509 76.36080870917574 1 6
61 0 17.593232044198896 18.35147744945568 9 62
62 0 53.366712707182316 53.18818040435459 2 47
63 0 53.366712707182316 53.18818040435459 2 47
64 0 34.46132596685083 34.83670295489891 3 25
65 0 34.46132596685083 34.83670295489891 3 25
66 0 24.63743093922652 24.72783825816485 4 30
67 0 24.63743093922652 24.72783825816485 4 30
68 0 18.974447513812155 18.662519440124417 5 40
69 0 17.97306629834254 18.195956454121305 7 48
70 0 18.1457182320442 18.506998444790046 8 57
71 0 18.974447513812155 18.662519440124417 5 40
72 0 18.50828729281768 18.506998444790046 6 45
73 0 18.50828729281768 18.506998444790046 6 45
74 0 17.97306629834254 18.195956454121305 7 48
75 0 18.21477900552486 18.506998444790046 8 56
76 0 76.65745856353591 76.36080870917574 1 24
77 0 17.593232044198896 18.35147744945568 9 62
78 0 53.366712707182316 53.18818040435459 2 46
79 0 34.46132596685083 34.83670295489891 3 25
80 0 24.63743093922652 24.72783825816485 4 30
81 0 18.974447513812155 18.662519440124417 5 40
82 0 18.50828729281768 18.506998444790046 6 45
83 0 17.97306629834254 18.195956454121305 7 48
84 0 18.21477900552486 18.506998444790046 8 56
85 0 76.72651933701657 76.36080870917574 1 10
86 0 17.593232044198896 18.35147744945568 9 62
87 0 53.366712707182316 53.18818040435459 2 46
88 0 34.46132596685083 34.83670295489891 3 25
89 0 24.63743093922652 24.72783825816485 4 30
90 0 18.974447513812155 18.662519440124417 5 40
91 0 17.97306629834254 18.195956454121305 7 48
92 0 18.50828729281768 18.506998444790046 6 45
93 0 18.1457182320442 18.506998444790046 8 57
94 0 76.57113259668509 76.36080870917574 1 6
95 0 17.593232044198896 18.35147744945568 9 62
96 0 53.366712707182316 53.18818040435459 2 47
97 0 34.46132596685083 34.83670295489891 3 25
98 0 24.63743093922652 24.72783825816485 4 30
99 0 18.974447513812155 18.662519440124417 5 40
100 0 18.50828729281768 18.506998444790046 6 45
101 0 17.97306629834254 18.195956454121305 7 48
102 0 18.1457182320442 18.506998444790046 8 57
103 0 76.72651933701657 76.36080870917574 1 10
104 0 17.593232044198896 18.35147744945568 9 62
105 0 53.366712707182316 53.18818040435459 2 46
106 0 34.46132596685083 34.83670295489891 3 25
107 0 24.63743093922652 24.72783825816485 4 30
108 0 18.974447513812155 18.662519440124417 5 40
109 0 17.97306629834254 18.195956454121305 7 48
110 0 18.50828729281768 18.506998444790046 6 45
111 0 18.21477900552486 18.506998444790046 8 56
112 0 76.72651933701657 76.36080870917574 1 10
113 0 17.593232044198896 18.35147744945568 9 62
114 0 53.366712707182316 53.18818040435459 2 46
115 0 34.46132596685083 34.83670295489891 3 25
116 0 24.63743093922652 24.72783825816485 4 30
117 0 18.974447513812155 18.662519440124417 5 40
118 0 17.97306629834254 18.195956454121305 7 48
119 0 18.50828729281768 18.506998444790046 6 45
120 0 76.17403314917127 76.20528771384136 1 10
121 0 15.210635359116024 16.796267496111973 23 165
122 0 53.17679558011049 52.72161741835147 2 42
123 0 53.17679558011049 52.72161741835147 2 42
124 0 34.357734806629836 35.14774494556765 3 26
125 0 34.357734806629836 35.14774494556765 3 26
126 0 24.965469613259668 25.505443234836704 4 30
127 0 24.965469613259668 25.505443234836704 4 30
128 0 19.181629834254142 19.440124416796266 5 32
129 0 19.181629834254142 19.440124416796266 5 32
130 0 19.647790055248617 21.928460342146188 6 43
131 0 19.647790055248617 21.928460342146188 6 43
132 0 18.05939226519337 20.21772939346812 7 46
133 0 18.05939226519337 20.21772939346812 7 46
134 0 17.97306629834254 18.973561430793158 8 52
135 0 17.97306629834254 18.973561430793158 8 52
136 0 17.78314917127072 18.662519440124417 9 58
137 0 16.747237569060776 16.796267496111973 12 94
138 0 16.004834254143645 16.640746500777606 13 100
139 0 17.558701657458563 17.729393468118197 10 66
140 0 16.971685082872927 16.951788491446347 11 79
141 0 16.971685082872927 16.951788491446347 11 79
142 0 16.747237569060776 16.796267496111973 12 94
143 0 17.67955801104972 18.662519440124417 9 59
144 0 17.558701657458563 17.729393468118197 10 66
145 0 16.004834254143645 16.640746500777606 13 100
146 0 16.177486187845304 17.262830482115085 14 104
147 0 16.177486187845304 17.262830482115085 14 104
148 0 15.607734806629834 16.640746500777606 15 110
149 0 15.607734806629834 16.640746500777606 15 110
150 0 15.400552486187847 16.640746500777606 16 116
151 0 15.400552486187847 16.640746500777606 16 116
152 0 15.59046961325967 17.107309486780714 19 135
153 0 15.366022099447513 16.640746500777606 17 124
154 0 15.296961325966851 16.796267496111973 20 137
155 0 15.314226519337016 16.796267496111973 21 146
156 0 15.124309392265193 16.640746500777606 22 156
157 0 15.366022099447513 16.640746500777606 17 124
158 0 15.296961325966851 16.796267496111973 20 137
159 0 15.486878453038674 16.640746500777606 18 129
160 0 15.486878453038674 16.640746500777606 18 129
161 0 15.59046961325967 17.107309486780714 19 135
162 0 15.314226519337016 16.796267496111973 21 146
163 0 15.124309392265193 16.640746500777606 22 156
164 0 76.17403314917127 76.20528771384136 1 11
165 0 15.210635359116024 16.796267496111973 23 165
166 0 53.17679558011049 52.72161741835147 2 42
167 0 34.357734806629836 35.14774494556765 3 26
168 0 24.965469613259668 25.505443234836704 4 30
169 0 19.181629834254142 19.440124416796266 5 32
170 0 19.647790055248617 21.928460342146188 6 43
171 0 18.05939226519337 20.21772939346812 7 46
172 0 17.97306629834254 18.973561430793158 8 52
173 0 16.971685082872927 16.951788491446347 11 79
174 0 16.660911602209943 16.640746500777606 12 93
175 0 17.67955801104972 18.662519440124417 9 59
176 0 17.558701657458563 17.729393468118197 10 66
177 0 16.004834254143645 16.640746500777606 13 100
178 0 16.177486187845304 17.262830482115085 14 104
179 0 15.607734806629834 16.640746500777606 15 110
180 0 76.17403314917127 76.20528771384136 1 3
181 0 17.800414364640886 19.284603421461895 12 78
182 0 52.91781767955801 53.03265940902022 2 58
183 0 52.91781767955801 53.03265940902022 2 57
184 0 33.8743093922652 34.3701399688958 3 22
185 0 33.8743093922652 34.3701399688958 3 22
186 0 24.741022099447513 25.038880248833596 4 26
187 0 24.741022099447513 25.038880248833596 4 26
188 0 19.9585635359116 20.99533437013997 5 36
189 0 19.9585635359116 20.99533437013997 5 36
190 0 20.303867403314918 21.77293934681182 6 41
191 0 20.303867403314918 21.77293934681182 6 41
192 0 18.974447513812155 19.751166407465007 7 47
193 0 18.974447513812155 19.751166407465007 7 47
194 0 17.852209944751383 18.973561430793158 8 52
195 0 17.852209944751383 18.973561430793158 8 52
196 0 17.869475138121548 18.973561430793158 9 57
197 0 17.869475138121548 18.973561430793158 9 57
198 0 17.869475138121548 19.284603421461895 10 64
199 0 17.869475138121548 19.284603421461895 10 64
200 0 17.817679558011047 19.284603421461895 11 72
201 0 17.817679558011047 19.284603421461895 11 72
202 0 76.17403314917127 76.20528771384136 1 29
203 0 17.800414364640886 19.284603421461895 12 78
204 0 52.91781767955801 53.03265940902022 2 57
205 0 33.8743093922652 34.3701399688958 3 22
206 0 24.741022099447513 25.038880248833596 4 26
207 0 19.9585635359116 20.99533437013997 5 36
208 0 20.303867403314918 21.77293934681182 6 41
209 0 18.974447513812155 19.751166407465007 7 47
210 0 17.852209944751383 18.973561430793158 8 52
211 0 17.869475138121548 18.973561430793158 9 57
212 0 17.869475138121548 19.284603421461895 10 64
213 0 17.817679558011047 19.284603421461895 11 72
214 0 76.17403314917127 76.20528771384136 1 29
215 0 17.800414364640886 19.284603421461895 12 78
216 0 52.91781767955801 53.03265940902022 2 57
217 0 33.8743093922652 34.3701399688958 3 22
218 0 24.741022099447513 25.038880248833596 4 26
219 0 19.9585635359116 20.99533437013997 5 36
220 0 20.303867403314918 21.77293934681182 6 41
221 0 18.974447513812155 19.751166407465007 7 47
222 0 17.852209944751383 18.973561430793158 8 52
223 0 17.869475138121548 18.973561430793158 9 57
224 0 17.869475138121548 19.284603421461895 10 64
225 0 17.817679558011047 19.284603421461895 11 72
226 0 76.17403314917127 76.20528771384136 1 4
227 0 17.800414364640886 19.284603421461895 12 78
228 0 52.91781767955801 53.03265940902022 2 57
229 0 33.8743093922652 34.3701399688958 3 22
230 0 24.741022099447513 25.038880248833596 4 26
231 0 19.9585635359116 20.99533437013997 5 36
232 0 20.303867403314918 21.77293934681182 6 41
233 0 18.974447513812155 19.751166407465007 7 47
234 0 17.852209944751383 18.973561430793158 8 52
235 0 17.869475138121548 18.973561430793158 9 57
236 0 17.869475138121548 19.284603421461895 10 64
237 0 17.817679558011047 19.284603421461895 11 72
238 0 76.17403314917127 76.20528771384136 1 3
239 0 17.800414364640886 19.284603421461895 12 78
240 0 76.17403314917127 76.20528771384136 1 4
241 0 14.882596685082872 16.485225505443236 12 91
242 0 54.350828729281766 53.96578538102644 2 54
243 0 54.350828729281766 53.96578538102644 2 54
244 0 34.8756906077348 35.769828926905134 3 35
245 0 34.8756906077348 35.769828926905134 3 35
246 0 25.172651933701655 26.127527216174183 4 40
247 0 25.103591160220994 26.127527216174183 4 39
248 0 21.391574585635357 22.3950233281493 5 46
249 0 21.391574585635357 22.3950233281493 5 46
250 0 19.26795580110497 20.99533437013997 6 54
251 0 19.26795580110497 20.99533437013997 6 54
252 0 18.197513812154696 20.06220839813375 7 58
253 0 18.197513812154696 20.06220839813375 7 58
254 0 15.14157458563536 16.640746500777606 8 64
255 0 15.124309392265193 16.951788491446347 10 76
256 0 14.934392265193368 16.640746500777606 11 82
257 0 15.14157458563536 16.640746500777606 8 64
258 0 14.709944751381215 16.329704510108865 9 71
259 0 14.709944751381215 16.329704510108865 9 71
260 0 15.124309392265193 16.951788491446347 10 76
261 0 14.934392265193368 16.640746500777606 11 82
262 0 76.84737569060773 76.82737169517885 1 28
263 0 14.882596685082872 16.485225505443236 12 91
264 0 54.36809392265194 54.12130637636081 2 54
265 0 34.8756906077348 35.769828926905134 3 35
266 0 25.103591160220994 26.127527216174183 4 39
267 0 21.391574585635357 22.3950233281493 5 46
268 0 19.26795580110497 20.99533437013997 6 54
269 0 18.197513812154696 20.06220839813375 7 58
270 0 15.14157458563536 16.640746500777606 8 64
271 0 14.709944751381215 16.329704510108865 9 71
272 0 15.124309392265193 16.951788491446347 10 76
273 0 14.934392265193368 16.640746500777606 11 82
274 0 76.84737569060773 76.82737169517885 1 28
275 0 14.882596685082872 16.485225505443236 12 91
276 0 54.36809392265194 54.12130637636081 2 54
277 0 34.8756906077348 35.769828926905134 3 34
278 0 25.103591160220994 26.127527216174183 4 39
279 0 21.391574585635357 22.3950233281493 5 46
280 0 19.26795580110497 20.99533437013997 6 54
281 0 18.197513812154696 20.06220839813375 7 58
282 0 15.14157458563536 16.640746500777606 8 64
283 0 14.709944751381215 16.329704510108865 9 71
284 0 15.124309392265193 16.951788491446347 10 76
285 0 14.934392265193368 16.640746500777606 11 82
286 0 76.84737569060773 76.82737169517885 1 28
287 0 14.882596685082872 16.485225505443236 12 91
288 0 54.47168508287292 54.12130637636081 2 54
289 0 34.8756906077348 35.769828926905134 3 35
290 0 25.172651933701655 26.127527216174183 4 40
291 0 21.391574585635357 22.3950233281493 5 46
292 0 19.26795580110497 20.99533437013997 6 54
293 0 18.197513812154696 20.06220839813375 7 58
294 0 15.14157458563536 16.640746500777606 8 64
295 0 14.709944751381215 16.329704510108865 9 71
296 0 15.124309392265193 16.951788491446347 10 76
297 0 14.934392265193368 16.640746500777606 11 82
298 0 76.84737569060773 76.82737169517885 1 28
299 0 14.882596685082872 16.485225505443236 12 91
