0 0 76.60566298342542 76.36080870917574 1 6
1 0 19.44060773480663 17.573872472783826 24 149
2 0 58.857044198895025 57.698289269051315 2 17
3 0 58.857044198895025 57.698289269051315 2 17
4 0 41.091160220994475 39.346811819595644 3 27
5 0 41.03936464088398 38.88024883359253 3 26
6 0 32.527624309392266 30.171073094867808 4 31
7 0 32.527624309392266 30.171073094867808 4 31
8 0 25.75966850828729 24.57231726283048 5 33
9 0 25.75966850828729 24.57231726283048 5 33
10 0 22.013121546961326 20.06220839813375 6 41
11 0 18.939917127071823 16.796267496111973 19 119
12 0 19.56146408839779 17.729393468118197 21 128
13 0 22.013121546961326 20.06220839813375 6 41
14 0 21.719613259668506 19.751166407465007 7 49
15 0 21.875 19.440124416796266 10 71
16 0 19.11256906077348 17.262830482115085 11 73
17 0 19.060773480662984 17.729393468118197 12 77
18 0 22.375690607734807 19.59564541213064 8 57
19 0 18.95718232044199 17.573872472783826 13 82
20 0 22.23756906077348 20.21772939346812 9 63
21 0 18.42196132596685 17.418351477449455 14 86
22 0 18.473756906077348 16.640746500777606 15 91
23 0 18.939917127071823 16.796267496111973 19 119
24 0 21.719613259668506 19.751166407465007 7 49
25 0 19.11256906077348 17.262830482115085 11 73
26 0 22.23756906077348 20.21772939346812 9 63
27 0 18.95718232044199 17.573872472783826 13 82
28 0 18.819060773480665 16.640746500777606 17 108
29 0 18.42196132596685 17.418351477449455 14 86
30 0 22.375690607734807 19.59564541213064 8 57
31 0 19.060773480662984 17.729393468118197 12 77
32 0 21.875 19.440124416796266 10 71
33 0 19.56146408839779 17.729393468118197 21 128
34 0 18.801795580110497 16.640746500777606 18 112
35 0 18.473756906077348 16.640746500777606 15 91
36 0 18.801795580110497 16.640746500777606 18 112
37 0 17.93853591160221 16.640746500777606 22 134
38 0 18.611878453038674 16.796267496111973 16 98
39 0 19.613259668508288 17.573872472783826 23 144
40 0 18.611878453038674 16.796267496111973 16 98
41 0 18.819060773480665 16.640746500777606 17 108
42 0 19.613259668508288 17.573872472783826 23 144
43 0 17.93853591160221 16.640746500777606 22 134
44 0 76.60566298342542 76.36080870917574 1 6
45 0 19.44060773480663 17.573872472783826 24 149
46 0 59.02969613259669 57.698289269051315 2 17
47 0 41.091160220994475 39.346811819595644 3 27
48 0 32.527624309392266 30.171073094867808 4 31
49 0 25.75966850828729 24.57231726283048 5 33
50 0 22.013121546961326 20.06220839813375 6 41
51 0 18.939917127071823 16.796267496111973 19 119
52 0 21.719613259668506 19.751166407465007 7 49
53 0 19.11256906077348 17.262830482115085 11 73
54 0 18.95718232044199 17.573872472783826 13 82
55 0 22.23756906077348 20.21772939346812 9 63
56 0 22.375690607734807 19.59564541213064 8 57
57 0 19.56146408839779 17.729393468118197 21 128
58 0 19.060773480662984 17.729393468118197 12 77
59 0 21.875 19.440124416796266 10 71
60 0 76.17403314917127 76.20528771384136 1 9
61 0 17.12707182320442 17.573872472783826 13 112
62 0 53.29765193370166 53.34370139968896 2 33
63 0 53.50483425414365 53.654743390357694 2 35
64 0 34.3232044198895 33.43701399688958 3 45
65 0 34.20234806629834 33.903576982892695 3 44
66 0 24.861878453038674 24.72783825816485 4 56
67 0 24.861878453038674 24.72783825816485 4 56
68 0 20.511049723756905 21.15085536547434 5 34
69 0 20.511049723756905 21.15085536547434 5 34
70 0 17.852209944751383 19.751166407465007 6 46
71 0 17.852209944751383 19.751166407465007 6 46
72 0 19.73411602209945 19.284603421461895 7 62
73 0 19.73411602209945 19.284603421461895 7 62
74 0 19.233425414364643 19.284603421461895 8 69
75 0 19.233425414364643 19.284603421461895 8 69
76 0 18.698204419889503 18.662519440124417 9 73
77 0 18.698204419889503 18.662519440124417 9 73
78 0 17.67955801104972 17.884914463452567 10 78
79 0 17.67955801104972 17.884914463452567 10 78
80 0 17.61049723756906 17.884914463452567 11 84
81 0 17.61049723756906 17.884914463452567 11 84
82 0 17.12707182320442 17.573872472783826 12 96
83 0 17.12707182320442 17.573872472783826 12 96
84 0 76.19129834254143 76.20528771384136 1 17
85 0 17.12707182320442 17.573872472783826 13 112
86 0 53.50483425414365 53.654743390357694 2 35
87 0 34.20234806629834 33.903576982892695 3 44
88 0 24.861878453038674 24.72783825816485 4 56
89 0 20.511049723756905 21.15085536547434 5 34
90 0 17.852209944751383 19.751166407465007 6 46
91 0 19.73411602209945 19.284603421461895 7 62
92 0 19.233425414364643 19.284603421461895 8 69
93 0 18.698204419889503 18.662519440124417 9 73
94 0 17.67955801104972 17.884914463452567 10 78
95 0 17.61049723756906 17.884914463452567 11 84
96 0 17.12707182320442 17.573872472783826 12 96
97 0 76.34668508287292 76.36080870917574 1 17
98 0 17.12707182320442 17.573872472783826 13 112
99 0 53.29765193370166 53.34370139968896 2 33
100 0 34.20234806629834 33.903576982892695 3 44
101 0 24.861878453038674 24.72783825816485 4 56
102 0 20.511049723756905 21.15085536547434 5 34
103 0 17.852209944751383 19.751166407465007 6 46
104 0 19.73411602209945 19.284603421461895 7 62
105 0 19.233425414364643 19.284603421461895 8 69
106 0 18.698204419889503 18.662519440124417 9 73
107 0 17.67955801104972 17.884914463452567 10 78
108 0 17.61049723756906 17.884914463452567 11 84
109 0 17.12707182320442 17.573872472783826 12 96
110 0 76.34668508287292 76.36080870917574 1 17
111 0 17.12707182320442 17.573872472783826 13 112
112 0 53.74654696132597 53.654743390357694 2 30
113 0 34.20234806629834 33.903576982892695 3 44
114 0 24.861878453038674 24.72783825816485 4 56
115 0 20.511049723756905 21.15085536547434 5 34
116 0 17.852209944751383 19.751166407465007 6 46
117 0 19.73411602209945 19.284603421461895 7 62
118 0 19.233425414364643 19.284603421461895 8 69
119 0 18.698204419889503 18.662519440124417 9 73
120 0 76.17403314917127 76.20528771384136 1 6
121 0 16.40193370165746 16.796267496111973 14 77
122 0 53.34944751381215 53.18818040435459 2 54
123 0 53.38397790055248 53.03265940902022 2 56
124 0 35.10013812154696 34.52566096423017 3 26
125 0 35.10013812154696 34.52566096423017 3 26
126 0 25.483425414364643 24.72783825816485 4 29
127 0 25.483425414364643 24.72783825816485 4 29
128 0 20.683701657458563 19.12908242612753 5 33
129 0 19.924033149171272 18.506998444790046 6 37
130 0 17.5414364640884 18.040435458786934 7 38
131 0 17.5414364640884 18.040435458786934 7 38
132 0 18.076657458563535 18.35147744945568 8 49
133 0 20.683701657458563 19.12908242612753 5 33
134 0 19.924033149171272 18.506998444790046 6 37
135 0 18.076657458563535 18.35147744945568 8 49
136 0 18.007596685082873 18.35147744945568 9 54
137 0 16.59185082872928 17.107309486780714 10 54
138 0 16.505524861878452 17.107309486780714 11 59
139 0 18.007596685082873 18.35147744945568 9 54
140 0 16.59185082872928 17.107309486780714 10 54
141 0 16.505524861878452 17.107309486780714 11 59
142 0 16.419198895027623 17.107309486780714 12 66
143 0 16.367403314917127 16.796267496111973 13 70
144 0 16.419198895027623 17.107309486780714 12 66
145 0 16.367403314917127 16.796267496111973 13 70
146 0 76.48480662983425 76.51632970451011 1 30
147 0 16.40193370165746 16.796267496111973 14 77
148 0 53.41850828729282 53.03265940902022 2 55
149 0 35.10013812154696 34.52566096423017 3 26
150 0 25.483425414364643 24.72783825816485 4 29
151 0 17.5414364640884 18.040435458786934 7 38
152 0 20.683701657458563 19.12908242612753 5 33
153 0 19.924033149171272 18.506998444790046 6 37
154 0 18.076657458563535 18.35147744945568 8 49
155 0 18.007596685082873 18.35147744945568 9 54
156 0 16.59185082872928 17.107309486780714 10 54
157 0 16.505524861878452 17.107309486780714 11 59
158 0 16.419198895027623 17.107309486780714 12 66
159 0 16.367403314917127 16.796267496111973 13 70
160 0 76.17403314917127 76.20528771384136 1 8
161 0 16.40193370165746 16.796267496111973 14 77
162 0 53.34944751381215 53.18818040435459 2 54
163 0 35.10013812154696 34.52566096423017 3 26
164 0 25.483425414364643 24.72783825816485 4 29
165 0 17.5414364640884 18.040435458786934 7 38
166 0 20.683701657458563 19.12908242612753 5 33
167 0 19.924033149171272 18.506998444790046 6 37
168 0 18.076657458563535 18.35147744945568 8 49
169 0 18.007596685082873 18.35147744945568 9 54
170 0 16.59185082872928 17.107309486780714 10 54
171 0 16.505524861878452 17.107309486780714 11 59
172 0 16.419198895027623 17.107309486780714 12 66
173 0 16.367403314917127 16.796267496111973 13 70
174 0 76.17403314917127 76.20528771384136 1 6
175 0 16.40193370165746 16.796267496111973 14 77
176 0 53.38397790055248 53.03265940902022 2 56
177 0 35.10013812154696 34.52566096423017 3 26
178 0 25.483425414364643 24.72783825816485 4 29
179 0 17.5414364640884 18.040435458786934 7 38
180 0 76.3639502762431 76.36080870917574 1 4
181 0 17.09254143646409 17.262830482115085 14 118
182 0 53.21132596685083 53.34370139968896 2 57
183 0 53.21132596685083 53.34370139968896 2 57
184 0 35.0310773480663 34.3701399688958 3 28
185 0 35.0310773480663 34.3701399688958 3 28
186 0 25.466160220994478 25.505443234836704 4 34
187 0 25.466160220994478 25.505443234836704 4 34
188 0 19.56146408839779 20.684292379471227 5 41
189 0 19.56146408839779 20.684292379471227 5 41
190 0 18.819060773480665 18.506998444790046 6 47
191 0 18.819060773480665 18.506998444790046 6 47
192 0 18.266574585635357 18.195956454121305 8 60
193 0 18.629143646408842 18.040435458786934 7 54
194 0 18.076657458563535 18.195956454121305 9 69
195 0 18.629143646408842 18.040435458786934 7 54
196 0 18.266574585635357 18.195956454121305 8 60
197 0 18.076657458563535 18.195956454121305 9 69
198 0 17.817679558011047 18.040435458786934 10 77
199 0 17.73135359116022 18.195956454121305 11 83
200 0 17.73135359116022 18.195956454121305 11 83
201 0 17.299723756906076 17.573872472783826 12 90
202 0 17.817679558011047 18.040435458786934 10 77
203 0 17.299723756906076 17.573872472783826 12 90
204 0 16.988950276243095 17.418351477449455 13 117
205 0 16.988950276243095 17.418351477449455 13 117
206 0 76.32941988950276 76.36080870917574 1 28
207 0 17.09254143646409 17.262830482115085 14 118
208 0 53.21132596685083 53.34370139968896 2 57
209 0 35.0310773480663 34.3701399688958 3 28
210 0 25.466160220994478 25.505443234836704 4 34
211 0 19.56146408839779 20.684292379471227 5 41
212 0 18.819060773480665 18.506998444790046 6 47
213 0 18.629143646408842 18.040435458786934 7 54
214 0 18.266574585635357 18.195956454121305 8 60
215 0 18.076657458563535 18.195956454121305 9 69
216 0 17.73135359116022 18.195956454121305 11 83
217 0 17.817679558011047 18.040435458786934 10 77
218 0 17.299723756906076 17.573872472783826 12 90
219 0 16.988950276243095 17.418351477449455 13 117
220 0 76.32941988950276 76.36080870917574 1 28
221 0 17.09254143646409 17.262830482115085 14 118
222 0 53.26312154696132 53.34370139968896 2 58
223 0 35.0310773480663 34.3701399688958 3 28
224 0 25.466160220994478 25.505443234836704 4 34
225 0 19.56146408839779 20.684292379471227 5 41
226 0 18.819060773480665 18.506998444790046 6 47
227 0 18.629143646408842 18.040435458786934 7 54
228 0 18.266574585635357 18.195956454121305 8 60
229 0 18.076657458563535 18.195956454121305 9 69
230 0 17.76588397790055 18.040435458786934 11 82
231 0 17.78314917127072 18.195956454121305 10 78
232 0 17.299723756906076 17.573872472783826 12 90
233 0 16.988950276243095 17.418351477449455 13 117
234 0 76.32941988950276 76.36080870917574 1 28
235 0 17.09254143646409 17.262830482115085 14 118
236 0 53.28038674033149 53.499222395023324 2 57
237 0 35.0310773480663 34.3701399688958 3 28
238 0 25.466160220994478 25.505443234836704 4 34
239 0 19.56146408839779 20.684292379471227 5 41
240 0 76.22582872928176 76.36080870917574 1 9
241 0 14.692679558011049 16.640746500777606 26 192
242 0 53.142265193370164 53.03265940902022 2 33
243 0 53.142265193370164 53.03265940902022 2 33
244 0 34.51312154696133 34.05909797822706 3 35
245 0 34.51312154696133 34.05909797822706 3 35
246 0 25.41436464088398 25.038880248833596 4 40
247 0 25.41436464088398 25.038880248833596 4 40
248 0 18.680939226519335 19.284603421461895 5 40
249 0 18.680939226519335 19.284603421461895 5 40
250 0 18.767265193370168 19.59564541213064 6 51
251 0 18.767265193370168 19.59564541213064 6 51
252 0 17.230662983425415 18.35147744945568 7 66
253 0 17.230662983425415 18.35147744945568 7 66
254 0 16.505524861878452 17.418351477449455 8 79
255 0 16.505524861878452 17.418351477449455 8 79
256 0 15.400552486187847 16.329704510108865 9 82
257 0 15.400552486187847 16.329704510108865 9 82
258 0 15.555939226519335 16.485225505443236 12 86
259 0 15.383287292817679 16.640746500777606 15 103
260 0 15.383287292817679 16.485225505443236 11 97
261 0 15.555939226519335 16.485225505443236 12 86
262 0 15.210635359116024 17.573872472783826 16 106
263 0 15.504143646408842 16.485225505443236 13 92
264 0 15.348756906077348 16.329704510108865 10 89
265 0 15.504143646408842 16.485225505443236 13 92
266 0 15.210635359116024 17.573872472783826 16 106
267 0 15.366022099447513 17.107309486780714 18 129
268 0 15.331491712707182 16.796267496111973 14 95
269 0 15.331491712707182 16.796267496111973 14 95
270 0 15.383287292817679 16.640746500777606 15 103
271 0 15.383287292817679 16.796267496111973 19 137
272 0 15.245165745856355 17.418351477449455 17 113
273 0 15.383287292817679 16.796267496111973 19 137
274 0 15.26243093922652 16.485225505443236 20 148
275 0 15.245165745856355 17.418351477449455 17 113
276 0 14.81353591160221 16.640746500777606 24 181
277 0 15.193370165745856 16.485225505443236 22 160
278 0 15.366022099447513 17.107309486780714 18 129
279 0 14.882596685082872 16.951788491446347 23 172
280 0 14.692679558011049 16.640746500777606 25 186
281 0 15.348756906077348 16.329704510108865 10 89
282 0 15.26243093922652 16.485225505443236 20 148
283 0 14.882596685082872 16.951788491446347 23 172
284 0 14.692679558011049 16.640746500777606 25 186
285 0 15.245165745856355 16.640746500777606 21 154
286 0 15.383287292817679 16.485225505443236 11 97
287 0 15.245165745856355 16.640746500777606 21 154
288 0 14.81353591160221 16.640746500777606 24 181
289 0 15.193370165745856 16.485225505443236 22 160
290 0 76.22582872928176 76.36080870917574 1 10
291 0 14.692679558011049 16.640746500777606 26 192
292 0 53.142265193370164 53.03265940902022 2 33
293 0 34.51312154696133 34.05909797822706 3 35
294 0 25.41436464088398 25.038880248833596 4 40
295 0 18.680939226519335 19.284603421461895 5 40
296 0 18.767265193370168 19.59564541213064 6 51
297 0 17.230662983425415 18.35147744945568 7 66
298 0 16.505524861878452 17.418351477449455 8 79
299 0 15.400552486187847 16.329704510108865 9 82
