0 0 76.42894146088759 76.5527950310559 1 4
1 0 16.871006734588153 18.16770186335404 21 129
2 0 53.72129165947159 53.57142857142857 2 18
3 0 53.72129165947159 53.57142857142857 2 18
4 0 35.15800379899844 35.09316770186335 3 26
5 0 17.14729753065101 18.478260869565215 17 102
6 0 17.16456570540494 19.565217391304348 12 73
7 0 35.15800379899844 35.09316770186335 3 26
8 0 25.505094111552406 25.310559006211182 4 32
9 0 25.505094111552406 25.310559006211182 4 32
10 0 20.18649628734243 21.11801242236025 5 31
11 0 16.80193403557244 18.16770186335404 19 116
12 0 20.18649628734243 21.11801242236025 5 31
13 0 19.443964772923504 20.96273291925466 6 35
14 0 19.443964772923504 20.96273291925466 6 35
15 0 17.768951821792438 19.875776397515526 7 39
16 0 17.768951821792438 19.875776397515526 7 39
17 0 17.50992920048351 19.565217391304348 8 47
18 0 17.50992920048351 19.565217391304348 8 47
19 0 17.302711103436366 19.565217391304348 9 53
20 0 17.302711103436366 19.565217391304348 9 53
21 0 17.250906579174583 19.565217391304348 10 63
22 0 17.250906579174583 19.565217391304348 10 63
23 0 17.14729753065101 19.565217391304348 11 67
24 0 17.16456570540494 19.565217391304348 12 73
25 0 16.80193403557244 18.16770186335404 19 116
26 0 17.14729753065101 18.478260869565215 17 102
27 0 17.14729753065101 19.565217391304348 11 67
28 0 16.836470385080297 18.012422360248447 18 106
29 0 16.836470385080297 18.012422360248447 18 106
30 0 76.3771369366258 76.24223602484473 1 7
31 0 16.871006734588153 18.16770186335404 21 129
32 0 53.72129165947159 53.57142857142857 2 18
33 0 35.15800379899844 35.09316770186335 3 26
34 0 25.505094111552406 25.310559006211182 4 32
35 0 20.18649628734243 21.11801242236025 5 31
36 0 19.443964772923504 20.96273291925466 6 35
37 0 17.768951821792438 19.875776397515526 7 39
38 0 17.50992920048351 19.565217391304348 8 47
39 0 17.302711103436366 19.565217391304348 9 53
40 0 17.250906579174583 19.565217391304348 10 63
41 0 17.16456570540494 19.565217391304348 12 73
42 0 16.80193403557244 18.16770186335404 19 116
43 0 17.14729753065101 18.478260869565215 17 102
44 0 17.14729753065101 19.565217391304348 11 67
45 0 16.836470385080297 18.012422360248447 18 106
46 0 76.42894146088759 76.5527950310559 1 5
47 0 16.871006734588153 18.16770186335404 21 129
48 0 53.72129165947159 53.57142857142857 2 18
49 0 35.15800379899844 35.09316770186335 3 26
50 0 25.505094111552406 25.310559006211182 4 32
51 0 20.18649628734243 21.11801242236025 5 31
52 0 19.443964772923504 20.96273291925466 6 35
53 0 17.768951821792438 19.875776397515526 7 39
54 0 17.50992920048351 19.565217391304348 8 47
55 0 17.302711103436366 19.565217391304348 9 53
56 0 17.250906579174583 19.565217391304348 10 63
57 0 17.16456570540494 19.565217391304348 12 73
58 0 16.80193403557244 18.16770186335404 19 116
59 0 17.14729753065101 18.478260869565215 17 102
60 0 76.18718701433258 76.08695652173914 1 4
61 0 17.440856501467795 17.857142857142858 10 89
62 0 52.978760145052675 53.2608695652174 2 53
63 0 52.978760145052675 53.2608695652174 2 53
64 0 34.36366776031773 35.09316770186335 3 30
65 0 34.36366776031773 35.09316770186335 3 30
66 0 24.00276290796063 24.06832298136646 4 37
67 0 17.59627007425315 18.012422360248447 8 68
68 0 24.00276290796063 24.06832298136646 4 37
69 0 17.993438093593507 18.16770186335404 5 46
70 0 17.993438093593507 18.16770186335404 5 46
71 0 17.475392850975652 17.546583850931675 6 50
72 0 17.475392850975652 17.546583850931675 6 50
73 0 17.13002935589708 16.77018633540373 7 57
74 0 17.440856501467795 17.857142857142858 9 81
75 0 17.440856501467795 17.857142857142858 9 76
76 0 17.13002935589708 16.77018633540373 7 57
77 0 76.18718701433258 76.08695652173914 1 28
78 0 17.440856501467795 17.857142857142858 10 85
79 0 52.978760145052675 53.2608695652174 2 53
80 0 34.36366776031773 35.09316770186335 3 30
81 0 24.00276290796063 24.06832298136646 4 37
82 0 17.993438093593507 18.16770186335404 5 46
83 0 17.475392850975652 17.546583850931675 6 50
84 0 17.440856501467795 17.857142857142858 9 75
85 0 76.18718701433258 76.08695652173914 1 28
86 0 52.978760145052675 53.2608695652174 2 53
87 0 34.36366776031773 35.09316770186335 3 30
88 0 24.00276290796063 24.06832298136646 4 37
89 0 17.993438093593507 18.16770186335404 5 46
90 0 17.54446554999137 17.391304347826086 6 52
91 0 17.440856501467795 17.857142857142858 9 75
92 0 76.18718701433258 76.08695652173914 1 5
93 0 52.978760145052675 53.2608695652174 2 53
94 0 34.36366776031773 35.09316770186335 3 30
95 0 24.00276290796063 24.06832298136646 4 37
96 0 17.993438093593507 18.16770186335404 5 46
97 0 17.475392850975652 17.546583850931675 6 50
98 0 76.18718701433258 76.08695652173914 1 28
99 0 52.978760145052675 53.2608695652174 2 53
100 0 34.36366776031773 35.09316770186335 3 30
101 0 24.00276290796063 24.06832298136646 4 37
102 0 17.993438093593507 18.16770186335404 5 46
103 0 17.475392850975652 17.546583850931675 6 50
104 0 76.18718701433258 76.08695652173914 1 28
105 0 52.978760145052675 53.2608695652174 2 53
106 0 34.36366776031773 35.09316770186335 3 30
107 0 24.00276290796063 24.06832298136646 4 37
108 0 17.993438093593507 18.16770186335404 5 46
109 0 17.475392850975652 17.546583850931675 6 50
110 0 76.18718701433258 76.08695652173914 1 4
111 0 52.978760145052675 53.2608695652174 2 53
112 0 34.36366776031773 35.09316770186335 3 30
113 0 24.00276290796063 24.06832298136646 4 37
114 0 17.993438093593507 18.16770186335404 5 46
115 0 17.475392850975652 17.546583850931675 6 50
116 0 76.18718701433258 76.08695652173914 1 6
117 0 52.978760145052675 53.2608695652174 2 53
118 0 34.36366776031773 35.09316770186335 3 30
119 0 24.00276290796063 24.06832298136646 4 37
120 0 76.39440511137973 76.5527950310559 1 6
121 0 17.04368848212744 20.341614906832298 13 86
122 0 53.393196339146954 53.41614906832298 2 31
123 0 53.393196339146954 53.41614906832298 2 31
124 0 35.01985840096702 35.40372670807454 3 22
125 0 35.01985840096702 35.40372670807454 3 22
126 0 25.40148506302884 26.70807453416149 4 27
127 0 25.85045760663098 26.86335403726708 4 27
128 0 19.357623899153857 20.96273291925466 5 32
129 0 17.216370229666726 20.652173913043477 10 64
130 0 16.92281125884994 20.18633540372671 12 81
131 0 19.357623899153857 20.96273291925466 5 32
132 0 18.356069763426007 21.11801242236025 6 39
133 0 18.131583491624937 21.11801242236025 7 47
134 0 17.699879122776725 21.428571428571427 8 53
135 0 17.475392850975652 21.27329192546584 9 60
136 0 17.699879122776725 21.428571428571427 8 53
137 0 17.475392850975652 21.27329192546584 9 60
138 0 17.216370229666726 20.652173913043477 10 64
139 0 16.92281125884994 20.18633540372671 12 81
140 0 18.356069763426007 21.11801242236025 6 39
141 0 18.131583491624937 21.11801242236025 7 47
142 0 76.39440511137973 76.5527950310559 1 8
143 0 17.04368848212744 20.341614906832298 13 86
144 0 53.393196339146954 53.41614906832298 2 31
145 0 35.01985840096702 35.40372670807454 3 22
146 0 25.660507684337762 26.08695652173913 4 25
147 0 19.357623899153857 20.96273291925466 5 32
148 0 17.699879122776725 21.428571428571427 8 53
149 0 17.56173372474529 21.27329192546584 9 60
150 0 17.216370229666726 20.652173913043477 10 64
151 0 16.92281125884994 20.18633540372671 12 81
152 0 18.356069763426007 21.11801242236025 6 39
153 0 18.131583491624937 21.11801242236025 7 47
154 0 76.39440511137973 76.5527950310559 1 8
155 0 17.04368848212744 20.341614906832298 13 86
156 0 53.393196339146954 53.41614906832298 2 31
157 0 35.01985840096702 35.40372670807454 3 22
158 0 25.660507684337762 26.08695652173913 4 25
159 0 19.357623899153857 20.96273291925466 5 32
160 0 17.699879122776725 21.428571428571427 8 53
161 0 17.475392850975652 21.27329192546584 9 60
162 0 17.216370229666726 20.652173913043477 10 64
163 0 16.92281125884994 20.18633540372671 12 81
164 0 18.356069763426007 21.11801242236025 6 39
165 0 18.131583491624937 21.11801242236025 7 47
166 0 76.46347781039545 76.70807453416148 1 14
167 0 17.04368848212744 20.341614906832298 13 86
168 0 53.393196339146954 53.41614906832298 2 31
169 0 35.01985840096702 35.40372670807454 3 22
170 0 25.85045760663098 26.86335403726708 4 27
171 0 19.357623899153857 20.96273291925466 5 32
172 0 17.699879122776725 21.428571428571427 8 53
173 0 17.56173372474529 21.27329192546584 9 60
174 0 17.216370229666726 20.652173913043477 10 64
175 0 16.92281125884994 20.18633540372671 12 81
176 0 18.356069763426007 21.11801242236025 6 39
177 0 18.131583491624937 21.11801242236025 7 47
178 0 76.39440511137973 76.5527950310559 1 7
179 0 17.04368848212744 20.341614906832298 13 86
180 0 76.18718701433258 76.24223602484473 1 9
181 0 14.194439647729235 14.906832298136646 14 115
182 0 52.94422379554481 52.79503105590062 2 58
183 0 52.857882921775165 52.79503105590062 2 57
184 0 34.15644966327059 34.93788819875777 3 30
185 0 34.15644966327059 34.93788819875777 3 30
186 0 24.261785529269556 25.310559006211182 4 33
187 0 24.261785529269556 25.310559006211182 4 32
188 0 18.131583491624937 20.031055900621116 5 37
189 0 14.108098773959593 14.285714285714285 12 101
190 0 18.131583491624937 20.031055900621116 5 37
191 0 15.90398894836816 18.32298136645963 6 47
192 0 15.472284579519947 14.751552795031056 8 66
193 0 14.72975306510102 14.440993788819876 9 72
194 0 15.90398894836816 18.32298136645963 6 47
195 0 15.282334657226732 18.16770186335404 7 53
196 0 15.282334657226732 18.16770186335404 7 53
197 0 15.472284579519947 14.751552795031056 8 66
198 0 14.72975306510102 14.440993788819876 9 72
199 0 14.505266793299947 14.596273291925465 10 84
200 0 14.505266793299947 14.596273291925465 10 84
201 0 14.246244171991021 14.596273291925465 11 96
202 0 14.108098773959593 14.285714285714285 12 101
203 0 14.246244171991021 14.596273291925465 11 96
204 0 76.18718701433258 76.24223602484473 1 9
205 0 52.857882921775165 52.79503105590062 2 57
206 0 34.15644966327059 34.93788819875777 3 30
207 0 24.261785529269556 25.310559006211182 4 32
208 0 18.131583491624937 20.031055900621116 5 37
209 0 15.90398894836816 18.32298136645963 6 47
210 0 15.282334657226732 18.16770186335404 7 53
211 0 15.472284579519947 14.751552795031056 8 66
212 0 14.72975306510102 14.440993788819876 9 72
213 0 14.505266793299947 14.596273291925465 10 84
214 0 14.108098773959593 14.285714285714285 12 101
215 0 14.246244171991021 14.596273291925465 11 96
216 0 76.18718701433258 76.24223602484473 1 9
217 0 52.94422379554481 52.79503105590062 2 58
218 0 34.15644966327059 34.93788819875777 3 30
219 0 24.261785529269556 25.310559006211182 4 32
220 0 18.131583491624937 20.031055900621116 5 37
221 0 15.90398894836816 18.32298136645963 6 47
222 0 15.282334657226732 18.16770186335404 7 53
223 0 15.472284579519947 14.751552795031056 8 66
224 0 14.72975306510102 14.440993788819876 9 72
225 0 14.505266793299947 14.596273291925465 10 84
226 0 14.108098773959593 14.285714285714285 12 101
227 0 14.246244171991021 14.596273291925465 11 96
228 0 76.18718701433258 76.24223602484473 1 9
229 0 52.94422379554481 52.79503105590062 2 58
230 0 34.15644966327059 34.93788819875777 3 30
231 0 24.261785529269556 25.310559006211182 4 33
232 0 18.131583491624937 20.031055900621116 5 37
233 0 15.90398894836816 18.32298136645963 6 47
234 0 15.282334657226732 18.16770186335404 7 53
235 0 15.472284579519947 14.751552795031056 8 66
236 0 14.72975306510102 14.440993788819876 9 72
237 0 14.108098773959593 14.285714285714285 12 101
238 0 76.18718701433258 76.24223602484473 1 9
239 0 24.261785529269556 25.310559006211182 4 33
240 0 76.46347781039545 76.08695652173914 1 6
241 0 14.418925919530306 16.77018633540373 8 55
242 0 53.87670523225695 53.881987577639755 2 58
243 0 53.87670523225695 53.881987577639755 2 58
244 0 33.81108616819202 34.47204968944099 3 20
245 0 33.88015886720774 34.47204968944099 3 19
246 0 24.641685373855985 26.70807453416149 4 25
247 0 24.641685373855985 26.70807453416149 4 25
248 0 19.979278190295286 22.204968944099377 5 33
249 0 19.979278190295286 22.204968944099377 5 33
250 0 17.423588326713865 20.341614906832298 6 46
251 0 17.423588326713865 20.341614906832298 6 46
252 0 15.29960283198066 18.788819875776397 7 49
253 0 15.29960283198066 18.788819875776397 7 49
254 0 76.46347781039545 76.08695652173914 1 6
255 0 14.418925919530306 16.77018633540373 8 55
256 0 53.87670523225695 53.881987577639755 2 58
257 0 33.88015886720774 34.47204968944099 3 19
258 0 24.641685373855985 26.70807453416149 4 25
259 0 19.979278190295286 22.204968944099377 5 33
260 0 17.423588326713865 20.341614906832298 6 46
261 0 15.29960283198066 18.788819875776397 7 49
262 0 76.46347781039545 76.08695652173914 1 6
263 0 14.418925919530306 16.77018633540373 8 55
264 0 53.87670523225695 53.881987577639755 2 58
265 0 33.88015886720774 34.47204968944099 3 19
266 0 24.641685373855985 26.70807453416149 4 25
267 0 19.979278190295286 22.204968944099377 5 33
268 0 17.423588326713865 20.341614906832298 6 46
269 0 15.29960283198066 18.788819875776397 7 49
270 0 76.46347781039545 76.08695652173914 1 7
271 0 14.418925919530306 16.77018633540373 8 55
272 0 53.87670523225695 53.881987577639755 2 58
273 0 33.81108616819202 34.47204968944099 3 20
274 0 24.641685373855985 26.70807453416149 4 25
275 0 19.979278190295286 22.204968944099377 5 33
276 0 17.423588326713865 20.341614906832298 6 46
277 0 15.29960283198066 18.788819875776397 7 49
278 0 76.6188913831808 76.24223602484473 1 29
279 0 14.418925919530306 16.77018633540373 8 55
280 0 53.87670523225695 53.881987577639755 2 58
281 0 33.88015886720774 34.47204968944099 3 19
282 0 24.641685373855985 26.70807453416149 4 25
283 0 19.979278190295286 22.204968944099377 5 33
284 0 17.423588326713865 20.341614906832298 6 46
285 0 15.29960283198066 18.788819875776397 7 49
286 0 76.6188913831808 76.24223602484473 1 29
287 0 14.418925919530306 16.77018633540373 8 55
288 0 53.87670523225695 53.881987577639755 2 58
289 0 33.88015886720774 34.47204968944099 3 19
290 0 24.641685373855985 26.70807453416149 4 25
291 0 19.979278190295286 22.204968944099377 5 33
292 0 17.423588326713865 20.341614906832298 6 46
293 0 15.29960283198066 18.788819875776397 7 49
294 0 76.46347781039545 76.08695652173914 1 7
295 0 14.418925919530306 16.77018633540373 8 55
296 0 53.87670523225695 53.881987577639755 2 58
297 0 33.88015886720774 34.47204968944099 3 19
298 0 24.641685373855985 26.70807453416149 4 25
299 0 19.979278190295286 22.204968944099377 5 33
