0 0 76.2085635359116 76.36080870917574 1 9
1 0 13.622237569060774 16.951788491446347 21 155
2 0 53.43577348066299 53.499222395023324 2 56
3 0 53.43577348066299 53.499222395023324 2 57
4 0 34.23687845303867 34.99222395023328 3 40
5 0 34.23687845303867 34.99222395023328 3 40
6 0 24.55110497237569 26.283048211508554 4 42
7 0 24.55110497237569 26.283048211508554 4 42
8 0 19.59599447513812 22.08398133748056 5 48
9 0 19.59599447513812 22.08398133748056 5 48
10 0 18.283839779005525 19.751166407465007 6 56
11 0 17.21339779005525 20.37325038880249 7 61
12 0 16.9371546961326 18.662519440124417 8 68
13 0 16.9371546961326 18.662519440124417 8 68
14 0 15.935773480662984 18.040435458786934 9 74
15 0 18.283839779005525 19.751166407465007 6 56
16 0 17.21339779005525 20.37325038880249 7 61
17 0 15.935773480662984 18.040435458786934 9 74
18 0 15.555939226519335 17.573872472783826 10 80
19 0 15.607734806629834 18.818040435458787 11 89
20 0 14.968922651933703 17.262830482115085 12 89
21 0 14.968922651933703 17.262830482115085 12 89
22 0 14.658149171270718 17.418351477449455 13 94
23 0 15.555939226519335 17.573872472783826 10 80
24 0 15.607734806629834 18.818040435458787 11 89
25 0 14.658149171270718 17.418351477449455 13 94
26 0 14.485497237569062 17.418351477449455 14 100
27 0 14.485497237569062 17.418351477449455 14 100
28 0 14.295580110497239 17.418351477449455 16 127
29 0 14.174723756906078 17.262830482115085 17 134
30 0 14.174723756906078 17.262830482115085 17 134
31 0 13.79488950276243 17.107309486780714 18 141
32 0 14.39917127071823 17.418351477449455 15 104
33 0 13.79488950276243 17.107309486780714 18 141
34 0 13.674033149171272 16.951788491446347 19 144
35 0 13.72582872928177 17.418351477449455 20 150
36 0 14.39917127071823 17.418351477449455 15 104
37 0 13.674033149171272 16.951788491446347 19 144
38 0 14.295580110497239 17.418351477449455 16 127
39 0 13.72582872928177 17.418351477449455 20 150
40 0 76.2085635359116 76.36080870917574 1 10
41 0 13.622237569060774 16.951788491446347 21 155
42 0 53.43577348066299 53.499222395023324 2 57
43 0 34.23687845303867 34.99222395023328 3 40
44 0 24.55110497237569 26.283048211508554 4 42
45 0 19.59599447513812 22.08398133748056 5 48
46 0 16.9371546961326 18.662519440124417 8 68
47 0 18.283839779005525 19.751166407465007 6 56
48 0 17.21339779005525 20.37325038880249 7 61
49 0 15.935773480662984 18.040435458786934 9 74
50 0 14.968922651933703 17.262830482115085 12 89
51 0 15.555939226519335 17.573872472783826 10 80
52 0 15.607734806629834 18.818040435458787 11 89
53 0 14.658149171270718 17.418351477449455 13 94
54 0 14.485497237569062 17.418351477449455 14 100
55 0 14.174723756906078 17.262830482115085 17 134
56 0 13.79488950276243 17.107309486780714 18 141
57 0 14.39917127071823 17.418351477449455 15 104
58 0 13.674033149171272 16.951788491446347 19 144
59 0 13.72582872928177 17.418351477449455 20 150
60 0 76.17403314917127 76.20528771384136 1 8
61 0 17.886740331491712 19.12908242612753 14 95
62 0 53.33218232044199 53.654743390357694 2 48
63 0 53.33218232044199 53.654743390357694 2 48
64 0 34.15055248618785 34.3701399688958 3 28
65 0 34.15055248618785 34.3701399688958 3 28
66 0 24.205801104972377 25.505443234836704 4 34
67 0 24.205801104972377 25.505443234836704 4 34
68 0 19.026243093922652 21.461897356143076 5 39
69 0 19.026243093922652 21.461897356143076 5 39
70 0 18.698204419889503 21.15085536547434 6 49
71 0 18.698204419889503 21.15085536547434 6 49
72 0 18.611878453038674 20.99533437013997 9 65
73 0 18.50828729281768 20.52877138413686 10 70
74 0 19.11256906077348 21.77293934681182 7 49
75 0 18.888121546961326 20.839813374805598 8 59
76 0 18.611878453038674 20.99533437013997 9 65
77 0 19.11256906077348 21.77293934681182 7 49
78 0 18.888121546961326 20.839813374805598 8 59
79 0 18.50828729281768 20.52877138413686 10 70
80 0 18.404696132596683 20.37325038880249 11 78
81 0 18.404696132596683 20.37325038880249 11 78
82 0 17.921270718232044 19.12908242612753 12 81
83 0 17.921270718232044 19.12908242612753 12 81
84 0 17.955801104972377 19.12908242612753 13 87
85 0 17.955801104972377 19.12908242612753 13 87
86 0 76.17403314917127 76.20528771384136 1 10
87 0 17.886740331491712 19.12908242612753 14 95
88 0 53.33218232044199 53.654743390357694 2 48
89 0 34.15055248618785 34.3701399688958 3 28
90 0 24.205801104972377 25.505443234836704 4 34
91 0 19.026243093922652 21.461897356143076 5 39
92 0 18.698204419889503 21.15085536547434 6 49
93 0 18.611878453038674 20.99533437013997 9 65
94 0 19.11256906077348 21.77293934681182 7 49
95 0 18.888121546961326 20.839813374805598 8 59
96 0 18.50828729281768 20.52877138413686 10 70
97 0 18.404696132596683 20.37325038880249 11 78
98 0 17.90400552486188 19.12908242612753 12 82
99 0 17.955801104972377 19.12908242612753 13 87
100 0 76.38121546961327 76.20528771384136 1 26
101 0 17.886740331491712 19.12908242612753 14 95
102 0 53.33218232044199 53.654743390357694 2 48
103 0 34.15055248618785 34.3701399688958 3 28
104 0 24.205801104972377 25.505443234836704 4 34
105 0 19.026243093922652 21.461897356143076 5 39
106 0 18.698204419889503 21.15085536547434 6 49
107 0 18.611878453038674 20.99533437013997 9 65
108 0 19.11256906077348 21.77293934681182 7 49
109 0 18.888121546961326 20.839813374805598 8 59
110 0 18.50828729281768 20.52877138413686 10 70
111 0 18.404696132596683 20.37325038880249 11 78
112 0 17.90400552486188 19.12908242612753 12 82
113 0 17.955801104972377 19.12908242612753 13 87
114 0 76.38121546961327 76.20528771384136 1 26
115 0 17.886740331491712 19.12908242612753 14 95
116 0 53.33218232044199 53.654743390357694 2 48
117 0 34.15055248618785 34.3701399688958 3 28
118 0 24.205801104972377 25.505443234836704 4 34
119 0 19.026243093922652 21.461897356143076 5 39
120 0 76.17403314917127 76.20528771384136 1 3
121 0 16.022099447513813 18.506998444790046 15 104
122 0 53.24585635359116 53.499222395023324 2 55
123 0 53.24585635359116 53.499222395023324 2 55
124 0 34.4267955801105 35.30326594090202 3 18
125 0 34.4267955801105 35.30326594090202 3 18
126 0 25.13812154696133 27.216174183514774 4 22
127 0 25.13812154696133 27.216174183514774 4 22
128 0 20.148480662983424 23.48367029548989 5 28
129 0 20.148480662983424 23.48367029548989 5 28
130 0 18.1457182320442 21.15085536547434 6 46
131 0 18.1457182320442 21.15085536547434 6 46
132 0 16.43646408839779 19.440124416796266 7 53
133 0 16.43646408839779 19.440124416796266 7 53
134 0 16.902624309392262 19.284603421461895 9 63
135 0 15.279696132596685 18.040435458786934 8 56
136 0 15.676795580110497 17.884914463452567 10 67
137 0 15.279696132596685 18.040435458786934 8 56
138 0 16.902624309392262 19.284603421461895 9 63
139 0 15.676795580110497 17.884914463452567 10 67
140 0 15.607734806629834 18.195956454121305 11 77
141 0 15.555939226519335 17.729393468118197 12 86
142 0 16.039364640883978 18.35147744945568 13 88
143 0 15.607734806629834 18.195956454121305 11 77
144 0 15.555939226519335 17.729393468118197 12 86
145 0 16.039364640883978 18.35147744945568 13 88
146 0 15.797651933701657 17.418351477449455 14 100
147 0 15.797651933701657 17.418351477449455 14 99
148 0 76.17403314917127 76.20528771384136 1 5
149 0 16.022099447513813 18.506998444790046 15 104
150 0 53.24585635359116 53.499222395023324 2 55
151 0 34.4267955801105 35.30326594090202 3 18
152 0 25.13812154696133 27.216174183514774 4 22
153 0 20.148480662983424 23.48367029548989 5 28
154 0 18.1457182320442 21.15085536547434 6 46
155 0 16.43646408839779 19.440124416796266 7 53
156 0 15.210635359116024 18.040435458786934 8 57
157 0 16.902624309392262 19.284603421461895 9 63
158 0 15.676795580110497 17.884914463452567 10 67
159 0 15.607734806629834 18.195956454121305 11 77
160 0 15.555939226519335 17.729393468118197 12 86
161 0 16.039364640883978 18.35147744945568 13 88
162 0 15.797651933701657 17.418351477449455 14 99
163 0 76.17403314917127 76.20528771384136 1 3
164 0 16.022099447513813 18.506998444790046 15 104
165 0 53.24585635359116 53.499222395023324 2 55
166 0 34.4267955801105 35.30326594090202 3 18
167 0 25.13812154696133 27.216174183514774 4 22
168 0 20.148480662983424 23.48367029548989 5 28
169 0 18.1457182320442 21.15085536547434 6 46
170 0 16.43646408839779 19.440124416796266 7 53
171 0 15.210635359116024 18.040435458786934 8 57
172 0 16.902624309392262 19.284603421461895 9 63
173 0 15.676795580110497 17.884914463452567 10 67
174 0 15.607734806629834 18.195956454121305 11 77
175 0 15.555939226519335 17.729393468118197 12 86
176 0 16.039364640883978 18.35147744945568 13 88
177 0 15.797651933701657 17.418351477449455 14 99
178 0 76.17403314917127 76.20528771384136 1 3
179 0 16.022099447513813 18.506998444790046 15 104
180 0 76.2085635359116 76.36080870917574 1 4
181 0 16.108425414364643 19.59564541213064 10 77
182 0 53.34944751381215 53.18818040435459 2 50
183 0 53.34944751381215 53.18818040435459 2 50
184 0 34.20234806629834 34.99222395023328 3 25
185 0 34.20234806629834 34.99222395023328 3 25
186 0 24.48204419889503 25.972006220839816 4 31
187 0 24.48204419889503 25.972006220839816 4 31
188 0 19.578729281767956 21.61741835147745 5 38
189 0 19.578729281767956 21.61741835147745 5 38
190 0 17.403314917127073 19.59564541213064 6 43
191 0 17.403314917127073 19.59564541213064 6 43
192 0 16.8853591160221 19.284603421461895 7 49
193 0 16.8853591160221 19.284603421461895 7 49
194 0 16.488259668508288 19.12908242612753 8 54
195 0 16.488259668508288 19.12908242612753 8 54
196 0 16.212016574585636 19.440124416796266 9 61
197 0 16.212016574585636 19.440124416796266 9 61
198 0 76.2085635359116 76.36080870917574 1 5
199 0 16.108425414364643 19.59564541213064 10 77
200 0 53.34944751381215 53.18818040435459 2 50
201 0 34.20234806629834 34.99222395023328 3 25
202 0 24.48204419889503 25.972006220839816 4 31
203 0 19.578729281767956 21.61741835147745 5 38
204 0 17.403314917127073 19.59564541213064 6 43
205 0 16.8853591160221 19.284603421461895 7 49
206 0 16.488259668508288 19.12908242612753 8 54
207 0 16.212016574585636 19.440124416796266 9 61
208 0 76.22582872928176 76.20528771384136 1 27
209 0 16.108425414364643 19.59564541213064 10 77
210 0 53.34944751381215 53.18818040435459 2 50
211 0 34.20234806629834 34.99222395023328 3 25
212 0 24.48204419889503 25.972006220839816 4 31
213 0 19.578729281767956 21.61741835147745 5 38
214 0 17.403314917127073 19.59564541213064 6 43
215 0 17.00621546961326 19.284603421461895 7 48
216 0 16.488259668508288 19.12908242612753 8 54
217 0 16.212016574585636 19.440124416796266 9 61
218 0 76.2085635359116 76.36080870917574 1 5
219 0 16.108425414364643 19.59564541213064 10 77
220 0 53.34944751381215 53.18818040435459 2 50
221 0 34.20234806629834 34.99222395023328 3 25
222 0 24.48204419889503 25.972006220839816 4 31
223 0 19.578729281767956 21.61741835147745 5 38
224 0 17.403314917127073 19.59564541213064 6 43
225 0 17.00621546961326 19.284603421461895 7 48
226 0 16.488259668508288 19.12908242612753 8 54
227 0 16.212016574585636 19.440124416796266 9 61
228 0 76.2085635359116 76.36080870917574 1 4
229 0 16.108425414364643 19.59564541213064 10 77
230 0 53.34944751381215 53.18818040435459 2 50
231 0 34.20234806629834 34.99222395023328 3 25
232 0 24.48204419889503 25.972006220839816 4 31
233 0 19.578729281767956 21.61741835147745 5 38
234 0 17.403314917127073 19.59564541213064 6 43
235 0 16.8853591160221 19.284603421461895 7 49
236 0 16.488259668508288 19.12908242612753 8 54
237 0 16.212016574585636 19.440124416796266 9 61
238 0 76.2085635359116 76.36080870917574 1 4
239 0 16.108425414364643 19.59564541213064 10 77
240 0 76.27762430939227 76.36080870917574 1 7
241 0 15.763121546961326 16.951788491446347 32 210
242 0 54.488950276243095 55.05443234836703 2 53
243 0 53.8328729281768 54.58786936236392 2 54
244 0 34.8756906077348 35.45878693623639 3 25
245 0 34.8756906077348 35.45878693623639 3 25
246 0 25.587016574585636 26.749611197511662 4 30
247 0 25.587016574585636 26.749611197511662 4 30
248 0 23.70511049723757 25.34992223950233 5 37
249 0 15.59046961325967 16.018662519440124 29 188
250 0 23.70511049723757 25.34992223950233 5 37
251 0 21.253453038674035 23.32814930015552 6 45
252 0 16.505524861878452 17.573872472783826 19 131
253 0 15.59046961325967 16.018662519440124 29 188
254 0 15.797651933701657 16.329704510108865 27 172
255 0 15.970303867403315 17.107309486780714 21 144
256 0 22.582872928176794 23.017107309486782 7 51
257 0 18.560082872928177 19.284603421461895 8 55
258 0 21.253453038674035 23.32814930015552 6 45
259 0 22.582872928176794 23.017107309486782 7 51
260 0 18.560082872928177 19.284603421461895 8 55
261 0 17.058011049723756 18.818040435458787 9 62
262 0 17.058011049723756 18.818040435458787 9 62
263 0 16.954419889502763 18.662519440124417 10 67
264 0 16.954419889502763 18.662519440124417 10 67
265 0 16.574585635359114 18.506998444790046 11 72
266 0 16.626381215469614 18.35147744945568 12 76
267 0 16.574585635359114 18.195956454121305 13 84
268 0 16.540055248618785 18.35147744945568 14 90
269 0 16.574585635359114 18.195956454121305 13 84
270 0 16.574585635359114 18.506998444790046 11 72
271 0 16.540055248618785 18.35147744945568 14 90
272 0 16.59185082872928 17.884914463452567 15 96
273 0 16.626381215469614 18.35147744945568 12 76
274 0 16.59185082872928 17.884914463452567 15 96
275 0 16.246546961325965 17.262830482115085 16 104
276 0 16.091160220994475 16.951788491446347 18 120
277 0 16.902624309392262 18.195956454121305 17 118
278 0 16.246546961325965 17.262830482115085 16 104
279 0 15.83218232044199 16.640746500777606 23 152
280 0 16.246546961325965 17.729393468118197 24 152
281 0 16.505524861878452 17.573872472783826 19 131
282 0 15.797651933701657 16.329704510108865 27 172
283 0 16.902624309392262 18.195956454121305 17 118
284 0 15.814917127071823 17.107309486780714 26 165
285 0 15.780386740331492 17.107309486780714 25 161
286 0 15.866712707182321 16.640746500777606 22 138
287 0 15.814917127071823 17.107309486780714 26 165
288 0 16.091160220994475 16.951788491446347 18 120
289 0 15.970303867403315 17.107309486780714 21 144
290 0 15.83218232044199 16.640746500777606 23 152
291 0 16.246546961325965 17.729393468118197 24 152
292 0 15.780386740331492 17.107309486780714 25 161
293 0 15.866712707182321 16.640746500777606 22 138
294 0 76.27762430939227 76.36080870917574 1 7
295 0 54.488950276243095 55.05443234836703 2 53
296 0 34.8756906077348 35.45878693623639 3 25
297 0 25.587016574585636 26.749611197511662 4 30
298 0 23.70511049723757 25.34992223950233 5 37
299 0 15.59046961325967 16.018662519440124 29 188
