0 0 76.18718701433258 76.08695652173914 1 3
1 0 20.06561906406493 22.82608695652174 15 108
2 0 59.19530305646693 60.86956521739131 2 56
3 0 59.19530305646693 60.86956521739131 2 56
4 0 36.07321706095666 36.80124223602485 3 19
5 0 36.07321706095666 36.80124223602485 3 19
6 0 29.304092557416684 31.832298136645964 4 34
7 0 29.304092557416684 31.832298136645964 4 34
8 0 21.706095665688135 25.310559006211182 5 36
9 0 20.48005525815921 23.29192546583851 13 92
10 0 21.706095665688135 25.310559006211182 5 36
11 0 25.125194266965984 27.48447204968944 6 39
12 0 25.125194266965984 27.48447204968944 6 39
13 0 22.310481782075634 24.84472049689441 7 52
14 0 22.310481782075634 24.84472049689441 7 52
15 0 22.189604558798134 23.60248447204969 8 59
16 0 22.189604558798134 23.60248447204969 8 59
17 0 21.395268520117426 23.60248447204969 9 66
18 0 21.395268520117426 23.60248447204969 9 66
19 0 20.946295976515284 23.60248447204969 10 75
20 0 20.946295976515284 23.60248447204969 10 75
21 0 20.911759627007427 23.60248447204969 11 80
22 0 20.911759627007427 23.60248447204969 11 80
23 0 20.85995510274564 23.60248447204969 12 85
24 0 20.85995510274564 23.60248447204969 12 85
25 0 20.48005525815921 23.29192546583851 13 92
26 0 76.18718701433258 76.08695652173914 1 3
27 0 20.06561906406493 22.82608695652174 15 108
28 0 59.19530305646693 60.86956521739131 2 56
29 0 36.07321706095666 36.80124223602485 3 19
30 0 29.304092557416684 31.832298136645964 4 34
31 0 21.706095665688135 25.310559006211182 5 36
32 0 25.125194266965984 27.48447204968944 6 39
33 0 22.310481782075634 24.84472049689441 7 52
34 0 22.189604558798134 23.60248447204969 8 59
35 0 21.395268520117426 23.60248447204969 9 66
36 0 20.946295976515284 23.60248447204969 10 75
37 0 20.911759627007427 23.60248447204969 11 80
38 0 20.85995510274564 23.60248447204969 12 85
39 0 20.48005525815921 23.29192546583851 13 92
40 0 80.0725263339665 80.74534161490683 1 2
41 0 20.06561906406493 22.82608695652174 15 108
42 0 59.19530305646693 60.86956521739131 2 56
43 0 36.07321706095666 36.80124223602485 3 19
44 0 29.304092557416684 31.832298136645964 4 34
45 0 21.706095665688135 25.310559006211182 5 36
46 0 25.125194266965984 27.48447204968944 6 39
47 0 22.310481782075634 24.84472049689441 7 52
48 0 22.189604558798134 23.60248447204969 8 59
49 0 21.395268520117426 23.60248447204969 9 66
50 0 20.946295976515284 23.60248447204969 10 75
51 0 20.911759627007427 23.60248447204969 11 80
52 0 20.85995510274564 23.60248447204969 12 85
53 0 20.48005525815921 23.29192546583851 13 92
54 0 76.18718701433258 76.08695652173914 1 5
55 0 20.06561906406493 22.82608695652174 15 108
56 0 59.19530305646693 60.86956521739131 2 56
57 0 36.07321706095666 36.80124223602485 3 19
58 0 29.304092557416684 31.832298136645964 4 34
59 0 21.706095665688135 25.310559006211182 5 36
60 0 76.18718701433258 76.24223602484473 1 7
61 0 16.3529614919703 19.40993788819876 18 130
62 0 53.91124158176481 54.503105590062106 2 18
63 0 54.0839233293041 54.192546583850934 2 25
64 0 34.79537212916595 35.55900621118012 3 34
65 0 34.96805387670523 35.869565217391305 3 34
66 0 25.384216888274906 26.242236024844722 4 41
67 0 25.384216888274906 26.242236024844722 4 41
68 0 18.943187705059575 20.496894409937887 5 40
69 0 17.112761181143153 18.788819875776397 15 108
70 0 16.991883957865653 19.25465838509317 17 125
71 0 18.943187705059575 20.496894409937887 5 40
72 0 17.94163356933172 18.944099378881987 6 49
73 0 17.94163356933172 18.944099378881987 6 49
74 0 17.302711103436366 17.70186335403727 7 59
75 0 17.302711103436366 17.70186335403727 7 59
76 0 16.888274909342083 18.012422360248447 8 65
77 0 16.888274909342083 18.012422360248447 8 65
78 0 16.784665860818514 18.012422360248447 9 69
79 0 17.52719737523744 18.32298136645963 10 76
80 0 17.50992920048351 18.478260869565215 11 84
81 0 17.59627007425315 18.32298136645963 12 90
82 0 17.59627007425315 19.099378881987576 13 95
83 0 17.59627007425315 18.32298136645963 12 90
84 0 17.50992920048351 18.478260869565215 11 84
85 0 16.784665860818514 18.012422360248447 9 69
86 0 17.52719737523744 18.32298136645963 10 76
87 0 17.199102054912796 18.32298136645963 14 101
88 0 17.112761181143153 18.788819875776397 15 108
89 0 16.283888792954585 18.788819875776397 17 123
90 0 17.59627007425315 19.099378881987576 13 95
91 0 17.199102054912796 18.32298136645963 14 101
92 0 76.18718701433258 76.24223602484473 1 7
93 0 16.3529614919703 19.40993788819876 18 130
94 0 54.0839233293041 54.192546583850934 2 25
95 0 34.96805387670523 35.869565217391305 3 34
96 0 25.384216888274906 26.242236024844722 4 41
97 0 18.943187705059575 20.496894409937887 5 40
98 0 17.94163356933172 18.944099378881987 6 49
99 0 17.302711103436366 17.70186335403727 7 59
100 0 16.888274909342083 18.012422360248447 8 65
101 0 17.50992920048351 18.478260869565215 11 84
102 0 17.59627007425315 18.32298136645963 12 90
103 0 16.784665860818514 18.012422360248447 9 69
104 0 17.52719737523744 18.32298136645963 10 76
105 0 17.112761181143153 18.788819875776397 15 108
106 0 16.991883957865653 19.25465838509317 17 125
107 0 17.59627007425315 19.099378881987576 13 95
108 0 17.199102054912796 18.32298136645963 14 101
109 0 76.34260058711794 76.24223602484473 1 13
110 0 16.3529614919703 19.40993788819876 18 130
111 0 54.0839233293041 54.192546583850934 2 25
112 0 34.96805387670523 35.869565217391305 3 34
113 0 25.384216888274906 26.242236024844722 4 41
114 0 18.943187705059575 20.496894409937887 5 40
115 0 17.94163356933172 18.944099378881987 6 49
116 0 17.302711103436366 17.70186335403727 7 59
117 0 16.888274909342083 18.012422360248447 8 65
118 0 17.50992920048351 18.478260869565215 11 84
119 0 17.59627007425315 18.32298136645963 12 90
120 0 76.18718701433258 76.08695652173914 1 7
121 0 14.073562424451735 17.857142857142858 26 186
122 0 54.15299602831981 54.81366459627329 2 53
123 0 54.15299602831981 54.6583850931677 2 52
124 0 34.15644966327059 34.47204968944099 3 29
125 0 34.15644966327059 34.47204968944099 3 29
126 0 24.969780694180624 25.15527950310559 4 35
127 0 24.969780694180624 25.15527950310559 4 35
128 0 19.513037471939214 19.875776397515526 5 41
129 0 18.42514246244172 19.565217391304348 6 48
130 0 16.404766016232085 19.565217391304348 7 51
131 0 19.513037471939214 19.875776397515526 5 41
132 0 18.42514246244172 19.565217391304348 6 48
133 0 14.14263512346745 17.857142857142858 21 153
134 0 14.315316871006733 18.012422360248447 19 132
135 0 14.194439647729235 17.857142857142858 24 175
136 0 16.404766016232085 19.565217391304348 7 51
137 0 16.24935244344673 19.565217391304348 8 57
138 0 16.24935244344673 19.565217391304348 8 57
139 0 15.783111725090656 18.633540372670808 9 63
140 0 15.714039026074945 18.944099378881987 10 68
141 0 15.783111725090656 18.633540372670808 9 63
142 0 15.714039026074945 18.944099378881987 10 68
143 0 15.437748230012089 19.099378881987576 11 74
144 0 15.437748230012089 19.099378881987576 11 74
145 0 15.351407356242444 18.944099378881987 12 84
146 0 15.351407356242444 18.944099378881987 12 84
147 0 15.126921084441374 18.633540372670808 13 89
148 0 15.109652909687446 18.633540372670808 15 101
149 0 14.608875841823519 18.012422360248447 16 108
150 0 15.023312035917805 18.788819875776397 14 98
151 0 14.401657744776378 18.012422360248447 17 120
152 0 15.109652909687446 18.633540372670808 15 101
153 0 14.401657744776378 18.012422360248447 17 120
154 0 14.332585045760663 18.012422360248447 18 126
155 0 14.608875841823519 18.012422360248447 16 108
156 0 15.126921084441374 18.633540372670808 13 89
157 0 15.023312035917805 18.788819875776397 14 98
158 0 14.194439647729235 17.857142857142858 24 175
159 0 14.332585045760663 18.012422360248447 18 126
160 0 14.14263512346745 17.857142857142858 22 159
161 0 14.315316871006733 18.012422360248447 19 132
162 0 14.14263512346745 17.857142857142858 22 159
163 0 14.073562424451735 17.857142857142858 23 165
164 0 14.14263512346745 17.857142857142858 21 153
165 0 14.073562424451735 17.857142857142858 23 165
166 0 76.18718701433258 76.08695652173914 1 7
167 0 14.073562424451735 17.857142857142858 26 186
168 0 54.15299602831981 54.81366459627329 2 53
169 0 34.15644966327059 34.47204968944099 3 29
170 0 24.969780694180624 25.15527950310559 4 35
171 0 19.513037471939214 19.875776397515526 5 41
172 0 18.42514246244172 19.565217391304348 6 48
173 0 16.404766016232085 19.565217391304348 7 51
174 0 16.24935244344673 19.565217391304348 8 57
175 0 15.714039026074945 18.944099378881987 10 68
176 0 15.834916249352442 18.944099378881987 9 62
177 0 15.437748230012089 19.099378881987576 11 74
178 0 15.351407356242444 18.944099378881987 12 84
179 0 14.608875841823519 18.012422360248447 16 108
180 0 76.3771369366258 76.24223602484473 1 6
181 0 15.714039026074945 17.391304347826086 22 165
182 0 54.15299602831981 54.503105590062106 2 58
183 0 54.15299602831981 54.503105590062106 2 58
184 0 35.34795372129166 36.024844720496894 3 26
185 0 35.34795372129166 36.024844720496894 3 26
186 0 26.057675703678125 27.173913043478258 4 32
187 0 26.057675703678125 27.173913043478258 4 32
188 0 21.41253669487135 23.60248447204969 5 39
189 0 15.748575375582801 17.70186335403727 20 148
190 0 20.359178034881715 22.82608695652174 6 55
191 0 17.97616991883958 20.18633540372671 7 65
192 0 21.41253669487135 23.60248447204969 5 39
193 0 20.359178034881715 22.82608695652174 6 55
194 0 17.97616991883958 20.18633540372671 7 65
195 0 17.63080642376101 19.875776397515526 8 70
196 0 17.63080642376101 19.875776397515526 8 70
197 0 17.38905197720601 19.565217391304348 9 75
198 0 17.38905197720601 19.565217391304348 9 75
199 0 17.095493006389226 19.565217391304348 10 84
200 0 16.508375064755658 18.788819875776397 11 87
201 0 17.095493006389226 19.565217391304348 10 84
202 0 16.508375064755658 18.788819875776397 11 87
203 0 16.715593161802797 19.25465838509317 12 97
204 0 16.611984113279227 19.72049689440994 14 107
205 0 16.24935244344673 18.478260869565215 15 112
206 0 15.748575375582801 17.70186335403727 20 148
207 0 16.24935244344673 18.478260869565215 15 112
208 0 16.732861336556727 19.25465838509317 13 102
209 0 15.921257123122087 18.012422360248447 16 115
210 0 15.90398894836816 17.70186335403727 18 131
211 0 16.611984113279227 19.72049689440994 14 107
212 0 15.921257123122087 18.012422360248447 16 115
213 0 15.783111725090656 17.546583850931675 19 137
214 0 15.955793472629942 17.857142857142858 17 123
215 0 16.715593161802797 19.25465838509317 12 97
216 0 15.955793472629942 17.857142857142858 17 123
217 0 15.783111725090656 17.546583850931675 19 137
218 0 16.732861336556727 19.25465838509317 13 102
219 0 15.90398894836816 17.70186335403727 18 131
220 0 76.3771369366258 76.24223602484473 1 6
221 0 15.714039026074945 17.391304347826086 22 165
222 0 54.15299602831981 54.503105590062106 2 58
223 0 35.34795372129166 36.024844720496894 3 26
224 0 26.057675703678125 27.173913043478258 4 32
225 0 21.41253669487135 23.60248447204969 5 39
226 0 20.359178034881715 22.82608695652174 6 55
227 0 17.97616991883958 20.18633540372671 7 65
228 0 17.63080642376101 19.875776397515526 8 70
229 0 17.38905197720601 19.565217391304348 9 75
230 0 17.095493006389226 19.565217391304348 10 84
231 0 16.508375064755658 18.788819875776397 11 87
232 0 15.748575375582801 17.70186335403727 20 148
233 0 16.24935244344673 18.478260869565215 15 112
234 0 16.611984113279227 19.72049689440994 14 107
235 0 15.921257123122087 18.012422360248447 16 115
236 0 16.715593161802797 19.25465838509317 12 97
237 0 15.783111725090656 17.546583850931675 19 137
238 0 15.955793472629942 17.857142857142858 17 123
239 0 15.90398894836816 17.70186335403727 18 131
240 0 76.29079606285616 76.24223602484473 1 7
241 0 16.404766016232085 17.857142857142858 11 79
242 0 53.151441892591954 53.2608695652174 2 14
243 0 53.151441892591954 53.2608695652174 2 14
244 0 34.225522362286306 34.78260869565217 3 25
245 0 34.225522362286306 34.78260869565217 3 25
246 0 23.830081160421344 25.0 4 33
247 0 23.830081160421344 25.0 4 33
248 0 18.097047142117077 19.72049689440994 5 38
249 0 18.097047142117077 19.72049689440994 5 38
250 0 17.872560870316008 19.565217391304348 6 44
251 0 17.872560870316008 19.565217391304348 6 44
252 0 17.14729753065101 18.788819875776397 7 48
253 0 17.14729753065101 18.788819875776397 7 48
254 0 16.663788637541014 17.857142857142858 8 57
255 0 16.663788637541014 17.857142857142858 8 57
256 0 16.577447763771367 17.857142857142858 9 66
257 0 16.577447763771367 17.857142857142858 9 66
258 0 16.525643239509584 17.857142857142858 10 75
259 0 16.525643239509584 17.857142857142858 10 75
260 0 76.22172336384044 76.24223602484473 1 8
261 0 16.404766016232085 17.857142857142858 11 79
262 0 53.151441892591954 53.2608695652174 2 14
263 0 34.225522362286306 34.78260869565217 3 25
264 0 23.830081160421344 25.0 4 33
265 0 18.097047142117077 19.72049689440994 5 38
266 0 17.872560870316008 19.565217391304348 6 44
267 0 17.14729753065101 18.788819875776397 7 48
268 0 16.663788637541014 17.857142857142858 8 57
269 0 16.577447763771367 17.857142857142858 9 66
270 0 16.525643239509584 17.857142857142858 10 75
271 0 76.29079606285616 76.24223602484473 1 8
272 0 16.404766016232085 17.857142857142858 11 79
273 0 53.151441892591954 53.2608695652174 2 14
274 0 34.225522362286306 34.78260869565217 3 25
275 0 23.830081160421344 25.0 4 33
276 0 18.097047142117077 19.72049689440994 5 38
277 0 17.872560870316008 19.565217391304348 6 44
278 0 17.14729753065101 18.788819875776397 7 48
279 0 16.663788637541014 17.857142857142858 8 57
280 0 16.577447763771367 17.857142857142858 9 66
281 0 16.525643239509584 17.857142857142858 10 75
282 0 76.29079606285616 76.24223602484473 1 8
283 0 16.404766016232085 17.857142857142858 11 79
284 0 53.151441892591954 53.2608695652174 2 14
285 0 34.225522362286306 34.78260869565217 3 25
286 0 23.830081160421344 25.0 4 33
287 0 18.097047142117077 19.72049689440994 5 38
288 0 17.872560870316008 19.565217391304348 6 44
289 0 17.14729753065101 18.788819875776397 7 48
290 0 16.663788637541014 17.857142857142858 8 57
291 0 16.577447763771367 17.857142857142858 9 66
292 0 16.525643239509584 17.857142857142858 10 75
293 0 76.22172336384044 76.24223602484473 1 7
294 0 16.404766016232085 17.857142857142858 11 79
295 0 53.151441892591954 53.2608695652174 2 14
296 0 34.225522362286306 34.78260869565217 3 25
297 0 23.830081160421344 25.0 4 33
298 0 18.097047142117077 19.72049689440994 5 38
299 0 17.872560870316008 19.565217391304348 6 44
