0 0 76.17403314917127 76.20528771384136 1 3
1 0 16.64364640883978 17.884914463452567 13 76
2 0 53.228591160220994 53.18818040435459 2 20
3 0 53.194060773480665 53.18818040435459 2 21
4 0 34.3232044198895 34.21461897356143 3 29
5 0 34.3232044198895 34.21461897356143 3 29
6 0 24.689226519337016 25.194401244167963 4 30
7 0 24.689226519337016 25.194401244167963 4 30
8 0 20.683701657458563 23.017107309486782 5 31
9 0 20.683701657458563 23.017107309486782 5 31
10 0 19.216160220994475 20.37325038880249 6 42
11 0 19.216160220994475 20.37325038880249 6 42
12 0 17.852209944751383 18.973561430793158 7 49
13 0 16.971685082872927 18.506998444790046 8 53
14 0 16.8853591160221 18.506998444790046 9 58
15 0 17.21339779005525 18.506998444790046 10 64
16 0 16.8335635359116 18.35147744945568 11 68
17 0 17.852209944751383 18.973561430793158 7 49
18 0 16.8335635359116 18.35147744945568 11 68
19 0 16.971685082872927 18.506998444790046 8 53
20 0 16.67817679558011 18.040435458786934 12 73
21 0 16.8853591160221 18.506998444790046 9 58
22 0 17.21339779005525 18.506998444790046 10 64
23 0 16.67817679558011 18.040435458786934 12 73
24 0 76.32941988950276 76.51632970451011 1 11
25 0 16.64364640883978 17.884914463452567 13 76
26 0 53.228591160220994 53.18818040435459 2 20
27 0 34.3232044198895 34.21461897356143 3 29
28 0 24.689226519337016 25.194401244167963 4 30
29 0 20.683701657458563 23.017107309486782 5 31
30 0 19.216160220994475 20.37325038880249 6 42
31 0 17.852209944751383 18.973561430793158 7 49
32 0 16.8335635359116 18.35147744945568 11 68
33 0 16.971685082872927 18.506998444790046 8 53
34 0 16.8853591160221 18.506998444790046 9 58
35 0 17.21339779005525 18.506998444790046 10 64
36 0 16.67817679558011 18.040435458786934 12 73
37 0 76.17403314917127 76.20528771384136 1 3
38 0 16.64364640883978 17.884914463452567 13 76
39 0 53.194060773480665 53.18818040435459 2 21
40 0 34.3232044198895 34.21461897356143 3 29
41 0 24.689226519337016 25.194401244167963 4 30
42 0 20.683701657458563 23.017107309486782 5 31
43 0 19.216160220994475 20.37325038880249 6 42
44 0 17.852209944751383 18.973561430793158 7 49
45 0 16.8335635359116 18.35147744945568 11 68
46 0 16.971685082872927 18.506998444790046 8 53
47 0 16.8853591160221 18.506998444790046 9 58
48 0 17.21339779005525 18.506998444790046 10 64
49 0 16.67817679558011 18.040435458786934 12 73
50 0 76.17403314917127 76.20528771384136 1 3
51 0 16.64364640883978 17.884914463452567 13 76
52 0 53.194060773480665 53.18818040435459 2 21
53 0 34.3232044198895 34.21461897356143 3 29
54 0 24.689226519337016 25.194401244167963 4 30
55 0 20.683701657458563 23.017107309486782 5 31
56 0 19.216160220994475 20.37325038880249 6 42
57 0 17.852209944751383 18.973561430793158 7 49
58 0 16.8335635359116 18.35147744945568 11 68
59 0 16.971685082872927 18.506998444790046 8 53
60 0 76.22582872928176 76.20528771384136 1 8
61 0 16.16022099447514 17.418351477449455 24 173
62 0 53.09046961325967 53.499222395023324 2 45
63 0 53.09046961325967 53.499222395023324 2 45
64 0 34.77209944751381 36.08087091757387 3 25
65 0 34.77209944751381 36.08087091757387 3 25
66 0 24.879143646408842 26.594090202177295 4 28
67 0 16.350138121546962 18.35147744945568 20 137
68 0 24.879143646408842 26.594090202177295 4 28
69 0 19.854972375690608 22.70606531881804 5 37
70 0 16.14295580110497 17.884914463452567 18 126
71 0 16.38466850828729 19.440124416796266 16 111
72 0 19.854972375690608 22.70606531881804 5 37
73 0 18.05939226519337 21.77293934681182 6 44
74 0 17.52417127071823 21.461897356143076 7 49
75 0 17.040745856353592 19.906687402799378 8 61
76 0 18.05939226519337 21.77293934681182 6 44
77 0 17.52417127071823 21.461897356143076 7 49
78 0 17.040745856353592 19.906687402799378 8 61
79 0 16.85082872928177 19.59564541213064 9 68
80 0 16.747237569060776 19.440124416796266 10 75
81 0 16.67817679558011 18.973561430793158 11 80
82 0 16.85082872928177 19.59564541213064 9 68
83 0 16.747237569060776 19.440124416796266 10 75
84 0 16.350138121546962 18.35147744945568 20 137
85 0 16.38466850828729 19.440124416796266 16 111
86 0 16.540055248618785 19.12908242612753 12 89
87 0 16.38466850828729 18.35147744945568 19 130
88 0 16.729972375690608 20.06220839813375 13 91
89 0 16.729972375690608 20.06220839813375 13 91
90 0 16.14295580110497 17.884914463452567 18 126
91 0 16.505524861878452 18.973561430793158 14 99
92 0 16.67817679558011 18.973561430793158 11 80
93 0 16.505524861878452 18.973561430793158 14 99
94 0 16.540055248618785 19.12908242612753 12 89
95 0 16.453729281767956 18.973561430793158 15 106
96 0 16.453729281767956 18.973561430793158 15 106
97 0 16.38466850828729 18.35147744945568 19 130
98 0 76.22582872928176 76.20528771384136 1 8
99 0 16.16022099447514 17.418351477449455 24 173
100 0 53.09046961325967 53.499222395023324 2 45
101 0 34.77209944751381 36.08087091757387 3 25
102 0 24.879143646408842 26.594090202177295 4 28
103 0 19.854972375690608 22.70606531881804 5 37
104 0 18.05939226519337 21.77293934681182 6 44
105 0 17.52417127071823 21.461897356143076 7 49
106 0 17.040745856353592 19.906687402799378 8 61
107 0 16.85082872928177 19.59564541213064 9 68
108 0 16.747237569060776 19.440124416796266 10 75
109 0 16.350138121546962 18.35147744945568 20 137
110 0 16.38466850828729 19.440124416796266 16 111
111 0 16.14295580110497 17.884914463452567 18 126
112 0 16.729972375690608 20.06220839813375 13 91
113 0 16.67817679558011 18.973561430793158 11 80
114 0 16.505524861878452 18.973561430793158 14 99
115 0 16.540055248618785 19.12908242612753 12 89
116 0 16.453729281767956 18.973561430793158 15 106
117 0 16.38466850828729 18.35147744945568 19 130
118 0 76.22582872928176 76.20528771384136 1 8
119 0 16.16022099447514 17.418351477449455 24 173
120 0 76.17403314917127 76.20528771384136 1 6
121 0 15.625 17.418351477449455 15 116
122 0 53.50483425414365 54.12130637636081 2 28
123 0 53.50483425414365 54.12130637636081 2 28
124 0 35.89433701657458 35.925349922239505 3 25
125 0 35.89433701657458 35.925349922239505 3 25
126 0 26.22582872928177 25.816485225505442 4 33
127 0 26.22582872928177 25.816485225505442 4 33
128 0 19.406077348066297 18.040435458786934 5 41
129 0 15.711325966850827 17.418351477449455 13 96
130 0 19.406077348066297 18.040435458786934 5 41
131 0 18.318370165745858 19.440124416796266 6 56
132 0 18.318370165745858 19.440124416796266 6 56
133 0 16.332872928176794 16.796267496111973 7 66
134 0 17.78314917127072 19.12908242612753 8 65
135 0 16.69544198895028 17.884914463452567 9 68
136 0 16.69544198895028 17.884914463452567 9 68
137 0 16.2292817679558 17.573872472783826 10 76
138 0 16.2292817679558 17.573872472783826 10 76
139 0 16.14295580110497 17.418351477449455 11 86
140 0 16.14295580110497 17.418351477449455 11 86
141 0 15.866712707182321 17.418351477449455 12 94
142 0 16.332872928176794 16.796267496111973 7 66
143 0 15.866712707182321 17.418351477449455 12 94
144 0 17.78314917127072 19.12908242612753 8 65
145 0 15.711325966850827 17.418351477449455 13 96
146 0 76.17403314917127 76.20528771384136 1 6
147 0 15.625 17.418351477449455 15 116
148 0 53.50483425414365 54.12130637636081 2 28
149 0 35.89433701657458 35.925349922239505 3 25
150 0 26.22582872928177 25.816485225505442 4 33
151 0 19.406077348066297 18.040435458786934 5 41
152 0 18.318370165745858 19.440124416796266 6 56
153 0 16.69544198895028 17.884914463452567 9 68
154 0 16.2292817679558 17.573872472783826 10 76
155 0 16.14295580110497 17.418351477449455 11 86
156 0 16.332872928176794 16.796267496111973 7 66
157 0 15.866712707182321 17.418351477449455 12 94
158 0 17.78314917127072 19.12908242612753 8 65
159 0 15.711325966850827 17.418351477449455 13 96
160 0 76.17403314917127 76.20528771384136 1 6
161 0 15.625 17.418351477449455 15 116
162 0 53.50483425414365 54.12130637636081 2 28
163 0 35.89433701657458 35.925349922239505 3 25
164 0 26.22582872928177 25.816485225505442 4 33
165 0 19.406077348066297 18.040435458786934 5 41
166 0 18.318370165745858 19.440124416796266 6 56
167 0 16.69544198895028 17.884914463452567 9 68
168 0 16.2292817679558 17.573872472783826 10 76
169 0 16.14295580110497 17.418351477449455 11 86
170 0 16.332872928176794 16.796267496111973 7 66
171 0 15.866712707182321 17.418351477449455 12 94
172 0 17.78314917127072 19.12908242612753 8 65
173 0 15.711325966850827 17.418351477449455 13 96
174 0 76.17403314917127 76.20528771384136 1 7
175 0 15.625 17.418351477449455 15 116
176 0 53.50483425414365 54.12130637636081 2 29
177 0 35.94613259668508 35.769828926905134 3 26
178 0 26.22582872928177 25.816485225505442 4 33
179 0 19.406077348066297 18.040435458786934 5 41
180 0 76.17403314917127 76.20528771384136 1 12
181 0 13.225138121546962 16.018662519440124 26 205
182 0 53.021408839779006 53.03265940902022 2 59
183 0 53.021408839779006 53.03265940902022 2 59
184 0 34.20234806629834 34.05909797822706 3 31
185 0 34.20234806629834 34.05909797822706 3 31
186 0 24.861878453038674 24.57231726283048 4 35
187 0 13.259668508287293 15.552099533437014 22 184
188 0 24.861878453038674 24.57231726283048 4 35
189 0 18.577348066298345 19.59564541213064 5 46
190 0 13.328729281767956 15.241057542768274 18 139
191 0 13.087016574585636 15.552099533437014 20 159
192 0 18.577348066298345 19.59564541213064 5 46
193 0 17.593232044198896 18.195956454121305 6 57
194 0 16.540055248618785 18.973561430793158 7 53
195 0 15.486878453038674 17.884914463452567 8 65
196 0 17.593232044198896 18.195956454121305 6 57
197 0 16.540055248618785 18.973561430793158 7 53
198 0 15.486878453038674 17.884914463452567 8 65
199 0 15.124309392265193 17.262830482115085 9 70
200 0 14.658149171270718 16.796267496111973 10 74
201 0 14.416436464088397 16.329704510108865 11 81
202 0 15.124309392265193 17.262830482115085 9 70
203 0 14.658149171270718 16.796267496111973 10 74
204 0 14.312845303867402 16.018662519440124 13 101
205 0 13.967541436464087 15.396578538102643 14 110
206 0 13.967541436464087 15.396578538102643 14 110
207 0 13.829419889502761 15.085536547433904 15 117
208 0 13.829419889502761 15.085536547433904 15 117
209 0 13.72582872928177 15.085536547433904 16 128
210 0 14.416436464088397 16.329704510108865 11 81
211 0 14.261049723756905 16.174183514774494 12 85
212 0 14.261049723756905 16.174183514774494 12 85
213 0 14.312845303867402 16.018662519440124 13 101
214 0 13.72582872928177 15.085536547433904 16 128
215 0 13.432320441988951 14.930015552099535 17 133
216 0 13.432320441988951 14.930015552099535 17 133
217 0 13.31146408839779 15.552099533437014 21 176
218 0 13.259668508287293 15.552099533437014 22 184
219 0 13.328729281767956 15.241057542768274 18 139
220 0 13.31146408839779 15.552099533437014 21 176
221 0 13.087016574585636 15.552099533437014 20 159
222 0 76.17403314917127 76.20528771384136 1 12
223 0 13.225138121546962 16.018662519440124 26 205
224 0 53.021408839779006 53.03265940902022 2 59
225 0 34.20234806629834 34.05909797822706 3 31
226 0 24.861878453038674 24.57231726283048 4 35
227 0 18.577348066298345 19.59564541213064 5 46
228 0 17.593232044198896 18.195956454121305 6 57
229 0 16.540055248618785 18.973561430793158 7 53
230 0 15.486878453038674 17.884914463452567 8 65
231 0 15.124309392265193 17.262830482115085 9 70
232 0 14.658149171270718 16.796267496111973 10 74
233 0 13.967541436464087 15.396578538102643 14 110
234 0 13.829419889502761 15.085536547433904 15 117
235 0 14.416436464088397 16.329704510108865 11 81
236 0 14.312845303867402 16.018662519440124 13 101
237 0 14.261049723756905 16.174183514774494 12 85
238 0 13.72582872928177 15.085536547433904 16 128
239 0 13.432320441988951 14.930015552099535 17 133
240 0 76.17403314917127 76.20528771384136 1 7
241 0 14.537292817679559 16.640746500777606 13 111
242 0 53.57389502762431 53.654743390357694 2 63
243 0 53.57389502762431 53.654743390357694 2 63
244 0 34.04696132596685 33.592534992223946 3 43
245 0 34.04696132596685 33.592534992223946 3 43
246 0 24.326657458563535 23.950233281493002 4 45
247 0 24.326657458563535 23.950233281493002 4 45
248 0 19.83770718232044 22.23950233281493 5 38
249 0 19.83770718232044 22.23950233281493 5 38
250 0 17.45511049723757 19.59564541213064 6 45
251 0 17.45511049723757 19.59564541213064 6 45
252 0 15.538674033149173 17.418351477449455 7 58
253 0 15.538674033149173 17.418351477449455 7 58
254 0 15.107044198895029 17.573872472783826 8 65
255 0 15.107044198895029 17.573872472783826 8 65
256 0 14.554558011049723 16.796267496111973 9 71
257 0 14.675414364640885 16.951788491446347 10 79
258 0 14.554558011049723 16.796267496111973 9 71
259 0 14.675414364640885 16.951788491446347 10 79
260 0 14.589088397790057 16.640746500777606 11 89
261 0 14.589088397790057 16.640746500777606 11 89
262 0 14.537292817679559 16.640746500777606 12 101
263 0 14.537292817679559 16.640746500777606 12 101
264 0 76.17403314917127 76.20528771384136 1 7
265 0 14.537292817679559 16.640746500777606 13 111
266 0 53.57389502762431 53.654743390357694 2 63
267 0 34.04696132596685 33.592534992223946 3 43
268 0 24.326657458563535 23.950233281493002 4 45
269 0 19.83770718232044 22.23950233281493 5 38
270 0 17.45511049723757 19.59564541213064 6 45
271 0 15.538674033149173 17.418351477449455 7 58
272 0 15.107044198895029 17.573872472783826 8 65
273 0 14.554558011049723 16.796267496111973 9 71
274 0 14.675414364640885 16.951788491446347 10 79
275 0 14.589088397790057 16.640746500777606 11 89
276 0 14.537292817679559 16.640746500777606 12 101
277 0 76.17403314917127 76.20528771384136 1 8
278 0 14.537292817679559 16.640746500777606 13 111
279 0 53.57389502762431 53.654743390357694 2 63
280 0 34.04696132596685 33.592534992223946 3 43
281 0 24.326657458563535 23.950233281493002 4 45
282 0 19.83770718232044 22.23950233281493 5 38
283 0 17.45511049723757 19.59564541213064 6 45
284 0 15.538674033149173 17.418351477449455 7 58
285 0 15.107044198895029 17.573872472783826 8 65
286 0 14.554558011049723 16.796267496111973 9 71
287 0 14.675414364640885 16.951788491446347 10 79
288 0 14.589088397790057 16.640746500777606 11 89
289 0 14.537292817679559 16.640746500777606 12 101
290 0 76.17403314917127 76.20528771384136 1 8
291 0 14.537292817679559 16.640746500777606 13 111
292 0 53.57389502762431 53.654743390357694 2 63
293 0 34.04696132596685 33.592534992223946 3 43
294 0 24.326657458563535 23.950233281493002 4 45
295 0 19.83770718232044 22.23950233281493 5 38
296 0 17.45511049723757 19.59564541213064 6 45
297 0 15.538674033149173 17.418351477449455 7 58
298 0 15.107044198895029 17.573872472783826 8 65
299 0 14.554558011049723 16.796267496111973 9 71
