0 0 76.17403314917127 76.20528771384136 1 8
1 0 13.984806629834253 16.640746500777606 25 167
2 0 53.24585635359116 52.87713841368584 2 52
3 0 53.24585635359116 52.87713841368584 2 52
4 0 34.54765193370166 34.05909797822706 3 40
5 0 34.54765193370166 34.05909797822706 3 40
6 0 25.20718232044199 25.34992223950233 4 45
7 0 25.20718232044199 25.34992223950233 4 45
8 0 19.129834254143645 18.040435458786934 5 52
9 0 19.129834254143645 18.040435458786934 5 52
10 0 17.593232044198896 20.37325038880249 6 57
11 0 17.593232044198896 20.37325038880249 6 57
12 0 16.488259668508288 19.59564541213064 7 66
13 0 16.488259668508288 19.59564541213064 7 66
14 0 16.281077348066297 18.818040435458787 8 70
15 0 16.281077348066297 18.818040435458787 8 70
16 0 15.797651933701657 18.35147744945568 9 77
17 0 15.797651933701657 18.35147744945568 9 77
18 0 15.573204419889503 18.195956454121305 10 82
19 0 15.573204419889503 18.195956454121305 10 82
20 0 15.210635359116024 17.573872472783826 11 90
21 0 15.08977900552486 17.573872472783826 13 138
22 0 14.848066298342541 18.195956454121305 14 100
23 0 14.848066298342541 18.195956454121305 14 100
24 0 14.709944751381215 17.884914463452567 15 106
25 0 14.709944751381215 17.884914463452567 15 106
26 0 14.60635359116022 17.884914463452567 16 116
27 0 14.60635359116022 17.884914463452567 16 116
28 0 14.502762430939226 17.573872472783826 17 121
29 0 14.191988950276244 17.262830482115085 20 133
30 0 14.105662983425415 17.107309486780714 21 140
31 0 14.3646408839779 17.418351477449455 19 128
32 0 13.656767955801104 16.018662519440124 24 155
33 0 14.191988950276244 17.262830482115085 20 133
34 0 14.450966850828728 17.729393468118197 18 126
35 0 14.019337016574585 16.796267496111973 23 156
36 0 13.656767955801104 16.018662519440124 24 155
37 0 14.3646408839779 17.418351477449455 19 128
38 0 15.210635359116024 17.573872472783826 11 90
39 0 14.502762430939226 17.573872472783826 17 121
40 0 14.105662983425415 17.107309486780714 21 140
41 0 15.17610497237569 17.573872472783826 12 115
42 0 14.002071823204421 17.107309486780714 22 151
43 0 14.002071823204421 17.107309486780714 22 151
44 0 15.08977900552486 17.573872472783826 13 138
45 0 14.019337016574585 16.796267496111973 23 156
46 0 15.17610497237569 17.573872472783826 12 115
47 0 14.450966850828728 17.729393468118197 18 126
48 0 76.17403314917127 76.20528771384136 1 8
49 0 13.984806629834253 16.640746500777606 25 167
50 0 53.24585635359116 52.87713841368584 2 52
51 0 34.54765193370166 34.05909797822706 3 40
52 0 25.20718232044199 25.34992223950233 4 45
53 0 19.129834254143645 18.040435458786934 5 52
54 0 17.593232044198896 20.37325038880249 6 57
55 0 16.488259668508288 19.59564541213064 7 66
56 0 16.281077348066297 18.818040435458787 8 70
57 0 15.797651933701657 18.35147744945568 9 77
58 0 15.573204419889503 18.195956454121305 10 82
59 0 14.848066298342541 18.195956454121305 14 100
60 0 76.19129834254143 76.36080870917574 1 8
61 0 13.501381215469612 13.374805598755831 28 218
62 0 53.34944751381215 53.654743390357694 2 19
63 0 53.34944751381215 53.654743390357694 2 19
64 0 34.444060773480665 34.3701399688958 3 29
65 0 34.444060773480665 34.3701399688958 3 29
66 0 24.91367403314917 24.72783825816485 4 33
67 0 24.91367403314917 24.72783825816485 4 33
68 0 19.665055248618785 18.35147744945568 5 39
69 0 19.665055248618785 18.35147744945568 5 39
70 0 17.955801104972377 18.195956454121305 6 48
71 0 13.501381215469612 13.685847589424572 24 182
72 0 13.691298342541437 13.685847589424572 22 164
73 0 17.955801104972377 18.195956454121305 6 48
74 0 16.60911602209945 16.640746500777606 7 55
75 0 16.60911602209945 16.640746500777606 7 55
76 0 16.177486187845304 16.174183514774494 8 60
77 0 16.177486187845304 16.174183514774494 8 60
78 0 15.745856353591158 16.018662519440124 9 65
79 0 14.312845303867402 13.996889580093313 14 92
80 0 14.433701657458563 13.996889580093313 15 99
81 0 14.433701657458563 13.996889580093313 15 99
82 0 14.33011049723757 13.841368584758943 16 111
83 0 14.744475138121546 16.018662519440124 13 92
84 0 14.312845303867402 13.996889580093313 14 92
85 0 14.33011049723757 13.841368584758943 16 111
86 0 15.05524861878453 15.396578538102643 11 76
87 0 15.124309392265193 15.396578538102643 12 88
88 0 13.915745856353592 14.152410575427682 17 118
89 0 15.745856353591158 16.018662519440124 9 65
90 0 15.124309392265193 15.396578538102643 12 88
91 0 13.915745856353592 14.152410575427682 17 118
92 0 13.72582872928177 14.152410575427682 19 140
93 0 13.72582872928177 13.996889580093313 20 151
94 0 14.744475138121546 16.018662519440124 13 92
95 0 13.79488950276243 13.841368584758943 20 150
96 0 13.863950276243095 14.152410575427682 18 127
97 0 15.745856353591158 16.485225505443236 10 71
98 0 13.708563535911603 13.685847589424572 21 158
99 0 15.745856353591158 16.485225505443236 10 71
100 0 13.863950276243095 14.152410575427682 18 127
101 0 13.72582872928177 14.152410575427682 19 140
102 0 15.05524861878453 15.396578538102643 11 76
103 0 13.587707182320441 13.530326594090203 27 210
104 0 13.55317679558011 13.685847589424572 25 191
105 0 13.691298342541437 13.685847589424572 22 164
106 0 13.708563535911603 13.685847589424572 21 158
107 0 13.55317679558011 13.685847589424572 25 191
108 0 13.587707182320441 13.530326594090203 27 210
109 0 13.639502762430938 13.530326594090203 26 200
110 0 13.622237569060774 13.530326594090203 26 201
111 0 13.501381215469612 13.685847589424572 24 182
112 0 76.19129834254143 76.36080870917574 1 9
113 0 53.34944751381215 53.654743390357694 2 19
114 0 34.444060773480665 34.3701399688958 3 29
115 0 24.91367403314917 24.72783825816485 4 33
116 0 19.665055248618785 18.35147744945568 5 39
117 0 17.955801104972377 18.195956454121305 6 48
118 0 16.60911602209945 16.640746500777606 7 55
119 0 14.33011049723757 13.841368584758943 16 111
120 0 76.17403314917127 76.20528771384136 1 2
121 0 16.38466850828729 17.884914463452567 18 145
122 0 53.24585635359116 53.654743390357694 2 42
123 0 53.24585635359116 53.654743390357694 2 42
124 0 34.51312154696133 33.592534992223946 3 38
125 0 34.51312154696133 33.592534992223946 3 38
126 0 25.276243093922652 25.038880248833596 4 44
127 0 25.276243093922652 25.038880248833596 4 44
128 0 18.888121546961326 18.195956454121305 5 51
129 0 16.47099447513812 18.35147744945568 15 119
130 0 16.40193370165746 18.040435458786934 17 133
131 0 18.888121546961326 18.195956454121305 5 51
132 0 17.748618784530386 19.284603421461895 6 57
133 0 17.4378453038674 18.662519440124417 7 67
134 0 17.351519337016576 18.35147744945568 8 73
135 0 17.748618784530386 19.284603421461895 6 57
136 0 17.4378453038674 18.662519440124417 7 67
137 0 16.902624309392262 17.729393468118197 9 78
138 0 16.557320441988953 17.573872472783826 10 84
139 0 17.351519337016576 18.35147744945568 8 73
140 0 16.557320441988953 17.573872472783826 10 84
141 0 16.505524861878452 17.884914463452567 11 90
142 0 16.902624309392262 17.729393468118197 9 78
143 0 16.505524861878452 17.884914463452567 11 90
144 0 16.43646408839779 17.884914463452567 12 97
145 0 16.47099447513812 18.35147744945568 15 119
146 0 16.43646408839779 17.884914463452567 12 97
147 0 16.298342541436465 17.884914463452567 13 103
148 0 16.60911602209945 18.35147744945568 14 113
149 0 16.40193370165746 18.040435458786934 17 133
150 0 16.60911602209945 18.35147744945568 14 113
151 0 16.298342541436465 17.884914463452567 13 103
152 0 76.17403314917127 76.20528771384136 1 2
153 0 16.38466850828729 17.884914463452567 18 145
154 0 53.24585635359116 53.654743390357694 2 42
155 0 34.51312154696133 33.592534992223946 3 38
156 0 25.276243093922652 25.038880248833596 4 44
157 0 18.888121546961326 18.195956454121305 5 51
158 0 17.748618784530386 19.284603421461895 6 57
159 0 17.4378453038674 18.662519440124417 7 67
160 0 17.351519337016576 18.35147744945568 8 73
161 0 16.557320441988953 17.573872472783826 10 84
162 0 16.902624309392262 17.729393468118197 9 78
163 0 16.505524861878452 17.884914463452567 11 90
164 0 16.47099447513812 18.35147744945568 15 119
165 0 16.43646408839779 17.884914463452567 12 97
166 0 16.60911602209945 18.35147744945568 14 113
167 0 16.40193370165746 18.040435458786934 17 133
168 0 16.298342541436465 17.884914463452567 13 103
169 0 76.17403314917127 76.20528771384136 1 2
170 0 16.38466850828729 17.884914463452567 18 145
171 0 53.24585635359116 53.654743390357694 2 42
172 0 34.51312154696133 33.592534992223946 3 38
173 0 25.276243093922652 25.038880248833596 4 44
174 0 18.888121546961326 18.195956454121305 5 51
175 0 17.748618784530386 19.284603421461895 6 57
176 0 17.4378453038674 18.662519440124417 7 67
177 0 17.351519337016576 18.35147744945568 8 73
178 0 16.557320441988953 17.573872472783826 10 84
179 0 16.902624309392262 17.729393468118197 9 78
180 0 76.39848066298343 77.13841368584758 1 5
181 0 16.574585635359114 15.396578538102643 8 51
182 0 53.677486187845304 53.654743390357694 2 56
183 0 53.45303867403315 53.34370139968896 2 56
184 0 34.340469613259664 34.68118195956454 3 26
185 0 34.340469613259664 34.68118195956454 3 26
186 0 25.155386740331494 25.038880248833596 4 35
187 0 25.155386740331494 25.038880248833596 4 35
188 0 19.129834254143645 18.35147744945568 5 37
189 0 19.129834254143645 18.35147744945568 5 37
190 0 17.316988950276244 17.107309486780714 6 42
191 0 17.316988950276244 17.107309486780714 6 42
192 0 16.85082872928177 15.552099533437014 7 47
193 0 16.85082872928177 15.552099533437014 7 47
194 0 76.45027624309392 77.13841368584758 1 9
195 0 16.574585635359114 15.396578538102643 8 51
196 0 53.677486187845304 53.654743390357694 2 56
197 0 34.340469613259664 34.68118195956454 3 26
198 0 25.155386740331494 25.038880248833596 4 35
199 0 19.129834254143645 18.35147744945568 5 37
200 0 17.316988950276244 17.107309486780714 6 42
201 0 16.85082872928177 15.552099533437014 7 47
202 0 76.45027624309392 77.13841368584758 1 9
203 0 16.574585635359114 15.396578538102643 8 51
204 0 53.677486187845304 53.654743390357694 2 56
205 0 34.340469613259664 34.68118195956454 3 26
206 0 25.155386740331494 25.038880248833596 4 35
207 0 19.129834254143645 18.35147744945568 5 37
208 0 17.316988950276244 17.107309486780714 6 42
209 0 16.85082872928177 15.552099533437014 7 47
210 0 76.39848066298343 77.13841368584758 1 5
211 0 16.574585635359114 15.396578538102643 8 51
212 0 53.677486187845304 53.654743390357694 2 56
213 0 34.340469613259664 34.68118195956454 3 26
214 0 25.155386740331494 25.038880248833596 4 35
215 0 19.129834254143645 18.35147744945568 5 37
216 0 17.316988950276244 17.107309486780714 6 42
217 0 16.85082872928177 15.552099533437014 7 47
218 0 76.39848066298343 77.13841368584758 1 5
219 0 16.574585635359114 15.396578538102643 8 51
220 0 53.677486187845304 53.654743390357694 2 56
221 0 34.340469613259664 34.68118195956454 3 26
222 0 25.155386740331494 25.038880248833596 4 35
223 0 19.129834254143645 18.35147744945568 5 37
224 0 17.316988950276244 17.107309486780714 6 42
225 0 16.85082872928177 15.552099533437014 7 47
226 0 76.27762430939227 76.36080870917574 1 28
227 0 16.574585635359114 15.396578538102643 8 51
228 0 53.677486187845304 53.654743390357694 2 56
229 0 34.340469613259664 34.68118195956454 3 26
230 0 25.155386740331494 25.038880248833596 4 35
231 0 19.129834254143645 18.35147744945568 5 37
232 0 17.316988950276244 17.107309486780714 6 42
233 0 16.85082872928177 15.552099533437014 7 47
234 0 76.27762430939227 76.36080870917574 1 30
235 0 16.574585635359114 15.396578538102643 8 51
236 0 53.677486187845304 53.654743390357694 2 56
237 0 34.340469613259664 34.68118195956454 3 26
238 0 25.155386740331494 25.038880248833596 4 35
239 0 19.129834254143645 18.35147744945568 5 37
240 0 76.32941988950276 76.36080870917574 1 5
241 0 15.728591160220995 16.485225505443236 22 207
242 0 53.988259668508285 54.74339035769829 2 50
243 0 53.988259668508285 54.74339035769829 2 50
244 0 34.8756906077348 35.14774494556765 3 35
245 0 34.841160220994475 35.14774494556765 3 35
246 0 26.053176795580114 26.43856920684292 4 42
247 0 26.053176795580114 26.43856920684292 4 42
248 0 22.910911602209943 21.61741835147745 5 36
249 0 15.883977900552487 16.796267496111973 19 180
250 0 16.177486187845304 17.573872472783826 17 150
251 0 22.910911602209943 21.61741835147745 5 36
252 0 21.305248618784532 22.08398133748056 6 43
253 0 21.305248618784532 22.08398133748056 6 43
254 0 20.511049723756905 21.461897356143076 7 60
255 0 20.511049723756905 21.461897356143076 7 60
256 0 17.66229281767956 18.818040435458787 8 67
257 0 17.66229281767956 18.818040435458787 8 67
258 0 17.558701657458563 18.662519440124417 9 71
259 0 17.558701657458563 18.662519440124417 9 71
260 0 17.4378453038674 18.662519440124417 10 82
261 0 17.265193370165747 18.506998444790046 11 96
262 0 16.60911602209945 18.35147744945568 12 100
263 0 16.60911602209945 18.35147744945568 12 100
264 0 16.574585635359114 18.35147744945568 13 111
265 0 17.4378453038674 18.662519440124417 10 82
266 0 17.265193370165747 18.506998444790046 11 96
267 0 16.263812154696133 17.573872472783826 15 125
268 0 16.263812154696133 17.573872472783826 16 135
269 0 15.866712707182321 16.796267496111973 20 191
270 0 16.177486187845304 17.573872472783826 17 150
271 0 15.866712707182321 16.796267496111973 20 191
272 0 15.849447513812153 16.796267496111973 21 198
273 0 15.883977900552487 16.796267496111973 19 180
274 0 16.298342541436465 17.573872472783826 14 114
275 0 16.263812154696133 17.573872472783826 15 125
276 0 16.574585635359114 18.35147744945568 13 111
277 0 16.263812154696133 17.573872472783826 16 135
278 0 16.298342541436465 17.573872472783826 14 114
279 0 15.849447513812153 16.796267496111973 21 198
280 0 76.32941988950276 76.36080870917574 1 5
281 0 15.728591160220995 16.485225505443236 22 207
282 0 54.07458563535912 54.74339035769829 2 50
283 0 34.8756906077348 35.14774494556765 3 35
284 0 26.053176795580114 26.43856920684292 4 42
285 0 22.910911602209943 21.61741835147745 5 36
286 0 21.305248618784532 22.08398133748056 6 43
287 0 20.511049723756905 21.461897356143076 7 60
288 0 17.66229281767956 18.818040435458787 8 67
289 0 17.558701657458563 18.662519440124417 9 71
290 0 16.60911602209945 18.35147744945568 12 100
291 0 17.4378453038674 18.662519440124417 10 82
292 0 17.265193370165747 18.506998444790046 11 96
293 0 16.177486187845304 17.573872472783826 17 150
294 0 15.866712707182321 16.796267496111973 20 191
295 0 15.883977900552487 16.796267496111973 19 180
296 0 16.263812154696133 17.573872472783826 15 125
297 0 16.574585635359114 18.35147744945568 13 111
298 0 16.263812154696133 17.573872472783826 16 135
299 0 16.298342541436465 17.573872472783826 14 114
