0 0 76.17403314917127 76.20528771384136 1 5
1 0 14.278314917127071 14.152410575427682 18 137
2 0 53.21132596685083 53.18818040435459 2 22
3 0 53.21132596685083 53.18818040435459 2 22
4 0 34.16781767955801 33.903576982892695 3 35
5 0 34.20234806629834 34.05909797822706 3 34
6 0 24.18853591160221 23.48367029548989 4 42
7 0 24.18853591160221 23.48367029548989 4 42
8 0 20.183011049723756 21.15085536547434 5 42
9 0 19.44060773480663 19.12908242612753 6 55
10 0 17.97306629834254 19.284603421461895 7 64
11 0 20.183011049723756 21.15085536547434 5 42
12 0 19.44060773480663 19.12908242612753 6 55
13 0 17.97306629834254 19.284603421461895 7 64
14 0 16.056629834254142 16.796267496111973 8 71
15 0 16.056629834254142 16.796267496111973 8 71
16 0 15.452348066298343 15.552099533437014 9 86
17 0 15.452348066298343 15.552099533437014 9 86
18 0 15.05524861878453 15.552099533437014 10 93
19 0 15.05524861878453 15.552099533437014 10 93
20 0 14.830801104972377 14.774494556765164 11 98
21 0 14.830801104972377 14.774494556765164 11 98
22 0 14.796270718232044 14.774494556765164 12 104
23 0 14.796270718232044 14.774494556765164 12 104
24 0 14.709944751381215 14.463452566096425 13 108
25 0 14.64088397790055 14.618973561430792 14 112
26 0 14.502762430939226 14.618973561430792 15 115
27 0 14.709944751381215 14.463452566096425 13 108
28 0 14.502762430939226 14.618973561430792 15 115
29 0 14.64088397790055 14.618973561430792 14 112
30 0 14.278314917127071 14.307931570762053 16 120
31 0 14.278314917127071 14.307931570762053 16 120
32 0 14.226519337016574 13.996889580093313 17 132
33 0 14.226519337016574 13.996889580093313 17 132
34 0 76.38121546961327 76.36080870917574 1 12
35 0 14.278314917127071 14.152410575427682 18 137
36 0 53.21132596685083 53.18818040435459 2 22
37 0 34.16781767955801 33.903576982892695 3 35
38 0 24.18853591160221 23.48367029548989 4 42
39 0 20.183011049723756 21.15085536547434 5 42
40 0 19.44060773480663 19.12908242612753 6 55
41 0 17.97306629834254 19.284603421461895 7 64
42 0 16.056629834254142 16.796267496111973 8 71
43 0 15.452348066298343 15.552099533437014 9 86
44 0 15.05524861878453 15.552099533437014 10 93
45 0 14.830801104972377 14.774494556765164 11 98
46 0 14.796270718232044 14.774494556765164 12 104
47 0 14.709944751381215 14.463452566096425 13 108
48 0 14.502762430939226 14.618973561430792 15 115
49 0 14.64088397790055 14.618973561430792 14 112
50 0 14.278314917127071 14.307931570762053 16 120
51 0 14.226519337016574 13.996889580093313 17 132
52 0 76.17403314917127 76.20528771384136 1 6
53 0 14.278314917127071 14.152410575427682 18 137
54 0 53.21132596685083 53.18818040435459 2 22
55 0 34.16781767955801 33.903576982892695 3 35
56 0 24.18853591160221 23.48367029548989 4 42
57 0 20.183011049723756 21.15085536547434 5 42
58 0 19.44060773480663 19.12908242612753 6 55
59 0 17.97306629834254 19.284603421461895 7 64
60 0 76.17403314917127 76.20528771384136 1 6
61 0 15.642265193370166 15.085536547433904 26 160
62 0 53.66022099447514 53.654743390357694 2 13
63 0 53.66022099447514 53.654743390357694 2 13
64 0 34.668508287292816 34.05909797822706 3 24
65 0 34.668508287292816 34.05909797822706 3 24
66 0 25.310773480662984 25.038880248833596 4 28
67 0 25.310773480662984 25.038880248833596 4 28
68 0 19.11256906077348 17.262830482115085 5 38
69 0 15.59046961325967 14.774494556765164 21 133
70 0 15.883977900552487 14.930015552099535 23 144
71 0 19.129834254143645 16.796267496111973 6 40
72 0 17.351519337016576 16.174183514774494 7 51
73 0 19.11256906077348 17.262830482115085 5 38
74 0 19.129834254143645 16.796267496111973 6 40
75 0 17.351519337016576 16.174183514774494 7 51
76 0 17.316988950276244 16.329704510108865 8 56
77 0 17.075276243093924 16.329704510108865 10 66
78 0 16.64364640883978 15.552099533437014 11 65
79 0 17.316988950276244 16.329704510108865 8 56
80 0 17.058011049723756 16.329704510108865 9 62
81 0 16.64364640883978 15.552099533437014 11 65
82 0 17.058011049723756 16.329704510108865 9 62
83 0 16.022099447513813 14.930015552099535 20 124
84 0 17.075276243093924 16.329704510108865 10 66
85 0 16.540055248618785 15.396578538102643 12 71
86 0 16.540055248618785 15.396578538102643 12 71
87 0 16.108425414364643 15.396578538102643 17 100
88 0 16.367403314917127 15.396578538102643 13 77
89 0 16.14295580110497 15.241057542768274 18 115
90 0 16.367403314917127 15.396578538102643 13 77
91 0 16.14295580110497 15.241057542768274 18 115
92 0 16.2292817679558 14.930015552099535 14 81
93 0 16.07389502762431 15.085536547433904 19 119
94 0 15.953038674033149 15.396578538102643 19 120
95 0 16.2292817679558 14.930015552099535 14 81
96 0 15.780386740331492 14.930015552099535 24 149
97 0 16.022099447513813 14.930015552099535 20 124
98 0 15.676795580110497 14.930015552099535 25 155
99 0 16.108425414364643 15.085536547433904 15 89
100 0 15.59046961325967 14.774494556765164 21 133
101 0 15.65953038674033 15.085536547433904 25 154
102 0 16.108425414364643 15.085536547433904 15 89
103 0 16.14295580110497 15.241057542768274 16 95
104 0 16.14295580110497 15.241057542768274 16 95
105 0 15.780386740331492 14.930015552099535 24 149
106 0 15.883977900552487 14.930015552099535 23 144
107 0 16.108425414364643 15.396578538102643 17 100
108 0 76.29488950276243 76.20528771384136 1 7
109 0 15.642265193370166 15.085536547433904 26 160
110 0 53.66022099447514 53.654743390357694 2 13
111 0 34.668508287292816 34.05909797822706 3 24
112 0 25.310773480662984 25.038880248833596 4 28
113 0 19.11256906077348 17.262830482115085 5 38
114 0 19.129834254143645 16.796267496111973 6 40
115 0 17.351519337016576 16.174183514774494 7 51
116 0 17.316988950276244 16.329704510108865 8 56
117 0 16.64364640883978 15.552099533437014 11 65
118 0 17.058011049723756 16.329704510108865 9 62
119 0 17.075276243093924 16.329704510108865 10 66
120 0 76.17403314917127 76.20528771384136 1 4
121 0 15.849447513812153 12.441679626749611 18 153
122 0 53.45303867403315 53.18818040435459 2 48
123 0 53.45303867403315 53.18818040435459 2 48
124 0 35.30732044198895 34.68118195956454 3 38
125 0 35.30732044198895 34.68118195956454 3 38
126 0 25.67334254143646 24.57231726283048 4 44
127 0 25.67334254143646 24.57231726283048 4 44
128 0 19.682320441988953 18.040435458786934 5 50
129 0 19.682320441988953 18.040435458786934 5 50
130 0 18.404696132596683 14.618973561430792 6 58
131 0 18.404696132596683 14.618973561430792 6 58
132 0 17.558701657458563 14.463452566096425 7 66
133 0 17.558701657458563 14.463452566096425 7 66
134 0 17.16160220994475 13.841368584758943 8 71
135 0 17.16160220994475 13.841368584758943 8 71
136 0 17.075276243093924 14.618973561430792 9 76
137 0 17.075276243093924 14.618973561430792 9 76
138 0 16.902624309392262 13.996889580093313 10 82
139 0 16.954419889502763 13.374805598755831 11 87
140 0 16.954419889502763 12.908242612752721 12 91
141 0 16.902624309392262 13.996889580093313 10 82
142 0 16.954419889502763 13.374805598755831 11 87
143 0 16.799033149171272 12.752721617418352 13 97
144 0 16.59185082872928 12.597200622083982 14 110
145 0 16.954419889502763 12.908242612752721 12 91
146 0 16.799033149171272 12.752721617418352 13 97
147 0 16.59185082872928 12.597200622083982 14 110
148 0 16.729972375690608 13.063763608087092 15 118
149 0 16.729972375690608 13.063763608087092 15 118
150 0 16.056629834254142 12.597200622083982 16 122
151 0 16.056629834254142 12.597200622083982 16 122
152 0 15.98756906077348 12.597200622083982 17 127
153 0 15.953038674033149 12.597200622083982 17 127
154 0 76.17403314917127 76.20528771384136 1 4
155 0 15.849447513812153 12.441679626749611 18 153
156 0 53.45303867403315 53.18818040435459 2 48
157 0 35.30732044198895 34.68118195956454 3 38
158 0 25.67334254143646 24.57231726283048 4 44
159 0 19.682320441988953 18.040435458786934 5 50
160 0 18.404696132596683 14.618973561430792 6 58
161 0 17.558701657458563 14.463452566096425 7 66
162 0 17.16160220994475 13.841368584758943 8 71
163 0 17.075276243093924 14.618973561430792 9 76
164 0 16.902624309392262 13.996889580093313 10 82
165 0 16.954419889502763 13.374805598755831 11 87
166 0 16.954419889502763 12.908242612752721 12 91
167 0 16.799033149171272 12.752721617418352 13 97
168 0 16.59185082872928 12.597200622083982 14 110
169 0 16.729972375690608 13.063763608087092 15 118
170 0 16.056629834254142 12.597200622083982 16 122
171 0 15.98756906077348 12.597200622083982 17 127
172 0 76.17403314917127 76.20528771384136 1 4
173 0 15.849447513812153 12.441679626749611 18 153
174 0 53.45303867403315 53.18818040435459 2 48
175 0 35.30732044198895 34.68118195956454 3 38
176 0 25.67334254143646 24.57231726283048 4 44
177 0 19.682320441988953 18.040435458786934 5 50
178 0 18.404696132596683 14.618973561430792 6 58
179 0 17.558701657458563 14.463452566096425 7 66
180 0 76.17403314917127 76.20528771384136 1 5
181 0 15.780386740331492 14.618973561430792 15 127
182 0 52.96961325966851 52.87713841368584 2 53
183 0 52.96961325966851 52.87713841368584 2 53
184 0 34.20234806629834 33.12597200622084 3 29
185 0 34.20234806629834 33.12597200622084 3 29
186 0 24.274861878453038 23.017107309486782 4 35
187 0 24.274861878453038 23.017107309486782 4 35
188 0 18.577348066298345 17.729393468118197 5 43
189 0 18.577348066298345 17.729393468118197 5 43
190 0 17.4896408839779 16.018662519440124 6 49
191 0 17.4896408839779 16.018662519440124 6 49
192 0 17.334254143646408 15.707620528771384 7 57
193 0 17.334254143646408 15.707620528771384 7 57
194 0 16.816298342541437 15.396578538102643 8 63
195 0 16.816298342541437 15.396578538102643 8 63
196 0 16.332872928176794 15.085536547433904 9 70
197 0 16.332872928176794 15.085536547433904 9 70
198 0 16.212016574585636 15.085536547433904 10 81
199 0 15.797651933701657 14.930015552099535 11 88
200 0 15.745856353591158 14.930015552099535 12 96
201 0 16.212016574585636 15.085536547433904 10 81
202 0 15.797651933701657 14.930015552099535 11 88
203 0 15.763121546961326 14.930015552099535 13 106
204 0 15.694060773480665 14.463452566096425 14 115
205 0 15.694060773480665 14.463452566096425 14 115
206 0 15.745856353591158 14.930015552099535 12 96
207 0 15.763121546961326 14.930015552099535 13 106
208 0 76.17403314917127 76.20528771384136 1 5
209 0 15.780386740331492 14.618973561430792 15 127
210 0 52.96961325966851 52.87713841368584 2 53
211 0 34.25414364640884 33.28149300155521 3 29
212 0 24.274861878453038 23.017107309486782 4 35
213 0 18.577348066298345 17.729393468118197 5 43
214 0 17.4896408839779 16.018662519440124 6 49
215 0 17.334254143646408 15.552099533437014 7 57
216 0 16.816298342541437 15.396578538102643 8 63
217 0 16.332872928176794 15.085536547433904 9 70
218 0 16.212016574585636 15.085536547433904 10 81
219 0 15.797651933701657 14.930015552099535 11 88
220 0 15.694060773480665 14.463452566096425 14 115
221 0 15.745856353591158 14.930015552099535 12 96
222 0 15.763121546961326 14.930015552099535 13 106
223 0 76.22582872928176 76.20528771384136 1 28
224 0 15.780386740331492 14.618973561430792 15 127
225 0 52.96961325966851 52.87713841368584 2 53
226 0 34.20234806629834 33.12597200622084 3 29
227 0 24.274861878453038 23.017107309486782 4 35
228 0 18.577348066298345 17.729393468118197 5 43
229 0 17.4896408839779 16.018662519440124 6 49
230 0 17.334254143646408 15.707620528771384 7 57
231 0 16.816298342541437 15.396578538102643 8 63
232 0 16.332872928176794 15.085536547433904 9 70
233 0 16.212016574585636 15.085536547433904 10 81
234 0 15.797651933701657 14.930015552099535 11 88
235 0 15.694060773480665 14.463452566096425 14 115
236 0 15.745856353591158 14.930015552099535 12 96
237 0 15.763121546961326 14.930015552099535 13 106
238 0 76.22582872928176 76.20528771384136 1 28
239 0 15.780386740331492 14.618973561430792 15 127
240 0 76.51933701657458 76.36080870917574 1 7
241 0 15.14157458563536 13.21928460342146 18 131
242 0 53.591160220994475 53.34370139968896 2 56
243 0 53.591160220994475 53.34370139968896 2 56
244 0 34.3232044198895 33.12597200622084 3 30
245 0 34.3232044198895 33.12597200622084 3 30
246 0 24.930939226519335 23.32814930015552 4 35
247 0 24.930939226519335 23.32814930015552 4 35
248 0 20.096685082872927 17.262830482115085 5 34
249 0 20.096685082872927 17.262830482115085 5 34
250 0 17.921270718232044 15.396578538102643 6 46
251 0 17.921270718232044 15.396578538102643 6 46
252 0 17.4896408839779 14.463452566096425 7 53
253 0 17.4896408839779 14.463452566096425 7 53
254 0 17.28245856353591 14.774494556765164 8 61
255 0 17.28245856353591 14.774494556765164 8 61
256 0 16.69544198895028 14.618973561430792 9 67
257 0 16.69544198895028 14.618973561430792 9 67
258 0 16.47099447513812 14.307931570762053 10 72
259 0 16.47099447513812 14.307931570762053 10 72
260 0 15.694060773480665 13.841368584758943 11 79
261 0 15.694060773480665 13.841368584758943 11 79
262 0 15.504143646408842 13.841368584758943 12 88
263 0 15.452348066298343 13.841368584758943 13 94
264 0 15.504143646408842 13.841368584758943 12 88
265 0 15.296961325966851 13.530326594090203 14 102
266 0 15.227900552486187 13.21928460342146 15 110
267 0 15.452348066298343 13.841368584758943 13 94
268 0 15.296961325966851 13.530326594090203 14 102
269 0 15.124309392265193 13.21928460342146 16 121
270 0 15.158839779005525 13.21928460342146 17 127
271 0 15.227900552486187 13.21928460342146 15 110
272 0 15.158839779005525 13.21928460342146 17 127
273 0 15.124309392265193 13.21928460342146 16 121
274 0 76.51933701657458 76.36080870917574 1 7
275 0 15.14157458563536 13.21928460342146 18 131
276 0 53.591160220994475 53.34370139968896 2 56
277 0 34.3232044198895 33.12597200622084 3 30
278 0 24.930939226519335 23.32814930015552 4 35
279 0 20.096685082872927 17.262830482115085 5 34
280 0 17.921270718232044 15.396578538102643 6 46
281 0 17.4896408839779 14.463452566096425 7 53
282 0 17.28245856353591 14.774494556765164 8 61
283 0 16.69544198895028 14.618973561430792 9 67
284 0 16.47099447513812 14.307931570762053 10 72
285 0 15.694060773480665 13.841368584758943 11 79
286 0 15.504143646408842 13.841368584758943 12 88
287 0 15.452348066298343 13.841368584758943 13 94
288 0 15.296961325966851 13.530326594090203 14 102
289 0 15.227900552486187 13.21928460342146 15 110
290 0 15.158839779005525 13.21928460342146 17 127
291 0 15.124309392265193 13.21928460342146 16 121
292 0 76.51933701657458 76.67185069984448 1 29
293 0 15.14157458563536 13.21928460342146 18 131
294 0 53.591160220994475 53.34370139968896 2 56
295 0 34.3232044198895 33.12597200622084 3 30
296 0 24.930939226519335 23.32814930015552 4 35
297 0 20.096685082872927 17.262830482115085 5 34
298 0 17.921270718232044 15.396578538102643 6 46
299 0 17.4896408839779 14.463452566096425 7 53
