0 0 76.18718701433258 76.08695652173914 1 13
1 0 13.08927646347781 13.975155279503104 45 393
2 0 53.06510101882231 53.105590062111794 2 58
3 0 53.06510101882231 53.105590062111794 2 58
4 0 34.916249352443444 35.714285714285715 3 25
5 0 13.365567259540667 14.596273291925465 35 299
6 0 34.916249352443444 35.714285714285715 3 25
7 0 25.36694871352098 26.552795031055897 4 28
8 0 13.365567259540667 14.596273291925465 34 292
9 0 13.33103091003281 14.751552795031056 31 272
10 0 25.36694871352098 26.552795031055897 4 28
11 0 19.94474184078743 21.11801242236025 5 34
12 0 19.94474184078743 21.11801242236025 5 34
13 0 19.254014850630288 20.18633540372671 6 44
14 0 19.254014850630288 20.18633540372671 6 44
15 0 16.283888792954585 17.70186335403727 7 49
16 0 13.935417026420307 14.440993788819876 17 138
17 0 13.866344327404592 14.130434782608695 19 159
18 0 13.728198929373164 13.509316770186336 20 170
19 0 13.728198929373164 13.664596273291925 22 188
20 0 16.283888792954585 17.70186335403727 7 49
21 0 15.17872560870316 15.993788819875776 8 51
22 0 15.17872560870316 15.993788819875776 8 51
23 0 14.764289414608875 15.217391304347828 9 65
24 0 14.764289414608875 15.217391304347828 9 65
25 0 14.159903298221376 13.819875776397517 10 73
26 0 13.935417026420307 14.440993788819876 17 138
27 0 13.866344327404592 14.130434782608695 19 159
28 0 13.676394405111381 13.819875776397517 15 113
29 0 14.45346226903816 14.751552795031056 16 127
30 0 14.45346226903816 14.751552795031056 16 127
31 0 14.159903298221376 13.819875776397517 10 73
32 0 13.969953375928165 13.664596273291925 11 81
33 0 13.969953375928165 13.664596273291925 11 81
34 0 13.745467104127092 13.819875776397517 12 87
35 0 13.728198929373164 13.509316770186336 20 170
36 0 14.125366948713522 15.062111801242237 23 201
37 0 14.073562424451735 15.062111801242237 24 208
38 0 13.728198929373164 13.664596273291925 22 188
39 0 14.073562424451735 15.062111801242237 24 208
40 0 14.021757900189948 15.217391304347828 25 213
41 0 13.745467104127092 13.819875776397517 12 87
42 0 13.555517181833881 14.906832298136646 29 255
43 0 13.728198929373164 13.664596273291925 13 94
44 0 13.43463995855638 14.751552795031056 30 262
45 0 14.021757900189948 15.217391304347828 25 213
46 0 13.78000345363495 15.062111801242237 27 236
47 0 13.555517181833881 14.906832298136646 28 243
48 0 13.555517181833881 14.906832298136646 28 243
49 0 13.555517181833881 14.906832298136646 29 255
50 0 13.520980832326025 14.751552795031056 26 229
51 0 13.728198929373164 13.664596273291925 13 94
52 0 13.710930754619236 13.664596273291925 14 104
53 0 13.710930754619236 13.664596273291925 14 104
54 0 13.676394405111381 13.819875776397517 15 113
55 0 13.365567259540667 14.596273291925465 35 299
56 0 13.43463995855638 14.751552795031056 30 262
57 0 13.520980832326025 14.751552795031056 26 229
58 0 14.125366948713522 15.062111801242237 23 201
59 0 13.78000345363495 15.062111801242237 27 236
60 0 76.3771369366258 76.24223602484473 1 4
61 0 15.748575375582801 17.080745341614907 27 193
62 0 53.2377827663616 53.57142857142857 2 46
63 0 53.2377827663616 53.57142857142857 2 46
64 0 34.38093593507166 34.93788819875777 3 32
65 0 34.38093593507166 34.93788819875777 3 32
66 0 24.77983077188741 26.08695652173913 4 36
67 0 24.77983077188741 26.08695652173913 4 36
68 0 19.254014850630288 21.583850931677016 5 39
69 0 16.232084268692798 16.61490683229814 11 77
70 0 16.56017958901744 18.16770186335404 14 96
71 0 16.12847522016923 17.546583850931675 21 146
72 0 15.8694525988603 17.546583850931675 23 166
73 0 19.254014850630288 21.583850931677016 5 39
74 0 18.06251079260922 19.099378881987576 6 46
75 0 18.06251079260922 19.099378881987576 6 46
76 0 17.665342773268865 18.633540372670808 7 56
77 0 17.665342773268865 18.633540372670808 7 56
78 0 17.216370229666726 18.478260869565215 8 63
79 0 17.216370229666726 18.478260869565215 8 63
80 0 17.16456570540494 17.857142857142858 9 63
81 0 17.16456570540494 17.857142857142858 9 63
82 0 16.163011569677085 16.61490683229814 10 71
83 0 16.163011569677085 16.61490683229814 10 71
84 0 16.404766016232085 17.70186335403727 19 129
85 0 16.1112070454153 17.70186335403727 20 140
86 0 16.387497841478154 18.012422360248447 17 125
87 0 16.301156967708515 17.857142857142858 18 119
88 0 16.56017958901744 18.012422360248447 15 105
89 0 16.232084268692798 16.61490683229814 11 77
90 0 16.12847522016923 17.546583850931675 21 146
91 0 15.8694525988603 17.546583850931675 23 166
92 0 16.56017958901744 18.16770186335404 14 96
93 0 16.1112070454153 17.70186335403727 20 140
94 0 16.56017958901744 18.012422360248447 15 105
95 0 16.473838715247798 18.012422360248447 16 112
96 0 15.748575375582801 17.080745341614907 26 183
97 0 16.301156967708515 17.857142857142858 18 119
98 0 16.473838715247798 18.012422360248447 16 112
99 0 16.387497841478154 18.012422360248447 17 125
100 0 16.404766016232085 17.70186335403727 19 129
101 0 15.97306164738387 17.70186335403727 24 171
102 0 15.97306164738387 17.70186335403727 24 171
103 0 15.748575375582801 16.925465838509314 25 180
104 0 15.748575375582801 16.925465838509314 25 180
105 0 15.748575375582801 17.080745341614907 26 183
106 0 76.3771369366258 76.24223602484473 1 4
107 0 15.748575375582801 17.080745341614907 27 193
108 0 53.2377827663616 53.57142857142857 2 46
109 0 34.38093593507166 34.93788819875777 3 32
110 0 24.77983077188741 26.08695652173913 4 36
111 0 19.254014850630288 21.583850931677016 5 39
112 0 18.06251079260922 19.099378881987576 6 46
113 0 17.665342773268865 18.633540372670808 7 56
114 0 17.216370229666726 18.478260869565215 8 63
115 0 17.16456570540494 17.857142857142858 9 63
116 0 16.163011569677085 16.61490683229814 10 71
117 0 16.232084268692798 16.61490683229814 11 77
118 0 16.12847522016923 17.546583850931675 21 146
119 0 16.56017958901744 18.16770186335404 14 96
120 0 76.18718701433258 76.08695652173914 1 3
121 0 15.42048005525816 16.61490683229814 22 152
122 0 53.168710067345884 53.105590062111794 2 20
123 0 53.168710067345884 53.105590062111794 2 20
124 0 34.60542220687273 35.09316770186335 3 28
125 0 34.60542220687273 35.09316770186335 3 28
126 0 24.382662752547056 25.15527950310559 4 30
127 0 15.748575375582801 16.925465838509314 17 120
128 0 15.541357278535658 17.080745341614907 21 145
129 0 24.382662752547056 25.15527950310559 4 30
130 0 19.09860127784493 19.40993788819876 5 34
131 0 19.09860127784493 19.40993788819876 5 34
132 0 18.64962873424279 18.478260869565215 6 40
133 0 18.64962873424279 18.478260869565215 6 40
134 0 17.83802452080815 18.012422360248447 7 46
135 0 17.199102054912796 18.012422360248447 8 53
136 0 16.94007943360387 17.70186335403727 9 64
137 0 17.83802452080815 18.012422360248447 7 46
138 0 17.199102054912796 18.012422360248447 8 53
139 0 16.94007943360387 17.70186335403727 9 64
140 0 15.9903298221378 16.925465838509314 13 92
141 0 16.871006734588153 17.70186335403727 10 69
142 0 15.921257123122087 16.925465838509314 14 97
143 0 16.871006734588153 17.70186335403727 10 69
144 0 16.80193403557244 18.012422360248447 11 76
145 0 16.80193403557244 18.012422360248447 11 76
146 0 15.90398894836816 16.925465838509314 15 100
147 0 16.68105681229494 17.391304347826086 12 83
148 0 15.834916249352442 16.925465838509314 16 108
149 0 15.834916249352442 16.925465838509314 16 108
150 0 15.748575375582801 16.925465838509314 17 120
151 0 15.921257123122087 16.925465838509314 14 97
152 0 16.68105681229494 17.391304347826086 12 83
153 0 15.541357278535658 17.080745341614907 21 145
154 0 15.9903298221378 16.925465838509314 13 92
155 0 15.90398894836816 16.925465838509314 15 100
156 0 76.18718701433258 76.08695652173914 1 12
157 0 15.42048005525816 16.61490683229814 22 152
158 0 53.25505094111552 53.2608695652174 2 20
159 0 34.60542220687273 35.09316770186335 3 28
160 0 24.382662752547056 25.15527950310559 4 30
161 0 19.09860127784493 19.40993788819876 5 34
162 0 18.64962873424279 18.478260869565215 6 40
163 0 17.83802452080815 18.012422360248447 7 46
164 0 17.199102054912796 18.012422360248447 8 53
165 0 16.94007943360387 17.70186335403727 9 64
166 0 16.871006734588153 17.70186335403727 10 69
167 0 16.80193403557244 18.012422360248447 11 76
168 0 15.834916249352442 16.925465838509314 16 108
169 0 15.748575375582801 16.925465838509314 17 120
170 0 15.921257123122087 16.925465838509314 14 97
171 0 16.68105681229494 17.391304347826086 12 83
172 0 15.9903298221378 16.925465838509314 13 92
173 0 15.541357278535658 17.080745341614907 21 145
174 0 15.90398894836816 16.925465838509314 15 100
175 0 76.18718701433258 76.08695652173914 1 10
176 0 15.42048005525816 16.61490683229814 22 152
177 0 53.25505094111552 53.2608695652174 2 20
178 0 34.60542220687273 35.09316770186335 3 28
179 0 24.382662752547056 25.15527950310559 4 30
180 0 76.18718701433258 76.08695652173914 1 6
181 0 17.94163356933172 17.70186335403727 12 90
182 0 53.20324641685373 53.105590062111794 2 23
183 0 53.20324641685373 53.105590062111794 2 23
184 0 34.1046451390088 33.85093167701863 3 33
185 0 34.1046451390088 33.85093167701863 3 33
186 0 24.745294422379555 24.84472049689441 4 39
187 0 24.745294422379555 24.84472049689441 4 39
188 0 19.02952857882922 18.16770186335404 5 39
189 0 18.839578656536005 18.16770186335404 7 56
190 0 18.68416508375065 18.32298136645963 8 63
191 0 19.02952857882922 18.16770186335404 5 39
192 0 18.701433258504576 18.32298136645963 6 46
193 0 18.68416508375065 18.32298136645963 8 63
194 0 18.07977896736315 17.546583850931675 9 68
195 0 18.701433258504576 18.32298136645963 6 46
196 0 18.839578656536005 18.16770186335404 7 56
197 0 18.07977896736315 17.546583850931675 9 68
198 0 18.010706268347434 17.546583850931675 10 76
199 0 18.010706268347434 17.546583850931675 10 76
200 0 17.993438093593507 17.857142857142858 11 84
201 0 17.993438093593507 17.857142857142858 11 84
202 0 76.18718701433258 76.08695652173914 1 6
203 0 17.94163356933172 17.70186335403727 12 90
204 0 53.20324641685373 53.105590062111794 2 23
205 0 34.1046451390088 33.85093167701863 3 33
206 0 24.745294422379555 24.84472049689441 4 39
207 0 19.02952857882922 18.16770186335404 5 39
208 0 18.68416508375065 18.32298136645963 8 63
209 0 18.701433258504576 18.32298136645963 6 46
210 0 18.839578656536005 18.16770186335404 7 56
211 0 18.07977896736315 17.546583850931675 9 68
212 0 18.010706268347434 17.546583850931675 10 76
213 0 17.993438093593507 17.857142857142858 11 84
214 0 76.18718701433258 76.08695652173914 1 10
215 0 17.94163356933172 17.70186335403727 12 90
216 0 53.20324641685373 53.105590062111794 2 23
217 0 34.1046451390088 33.85093167701863 3 33
218 0 24.745294422379555 24.84472049689441 4 39
219 0 19.02952857882922 18.16770186335404 5 39
220 0 18.68416508375065 18.32298136645963 8 63
221 0 18.701433258504576 18.32298136645963 6 46
222 0 18.839578656536005 18.16770186335404 7 56
223 0 18.07977896736315 17.546583850931675 9 68
224 0 18.010706268347434 17.546583850931675 10 76
225 0 17.993438093593507 17.857142857142858 11 84
226 0 76.18718701433258 76.08695652173914 1 10
227 0 17.94163356933172 17.70186335403727 12 90
228 0 53.20324641685373 53.105590062111794 2 23
229 0 34.1046451390088 33.85093167701863 3 33
230 0 24.745294422379555 24.84472049689441 4 39
231 0 19.02952857882922 18.16770186335404 5 39
232 0 18.68416508375065 18.32298136645963 8 63
233 0 18.701433258504576 18.32298136645963 6 46
234 0 18.839578656536005 18.16770186335404 7 56
235 0 18.07977896736315 17.546583850931675 9 68
236 0 18.010706268347434 17.546583850931675 10 76
237 0 17.993438093593507 17.857142857142858 11 84
238 0 76.18718701433258 76.08695652173914 1 10
239 0 17.94163356933172 17.70186335403727 12 90
240 0 76.27352788810224 76.24223602484473 1 7
241 0 14.695216715593162 15.838509316770185 29 196
242 0 54.636504921429804 54.192546583850934 2 56
243 0 54.636504921429804 54.192546583850934 2 56
244 0 34.916249352443444 35.24844720496895 3 16
245 0 34.916249352443444 35.24844720496895 3 16
246 0 25.194266965981694 25.931677018633543 4 19
247 0 25.194266965981694 25.931677018633543 4 19
248 0 22.12053185978242 23.60248447204969 5 23
249 0 22.12053185978242 23.60248447204969 5 23
250 0 21.257123122085996 22.049689440993788 6 46
251 0 21.257123122085996 22.049689440993788 6 46
252 0 17.855292695562078 18.16770186335404 7 50
253 0 17.855292695562078 18.16770186335404 7 50
254 0 16.56017958901744 16.77018633540373 8 55
255 0 16.56017958901744 16.77018633540373 8 55
256 0 15.765843550336731 16.459627329192546 9 62
257 0 15.765843550336731 16.459627329192546 9 62
258 0 15.97306164738387 16.925465838509314 10 65
259 0 15.97306164738387 16.925465838509314 10 65
260 0 15.64496632705923 16.304347826086957 11 69
261 0 15.265066482472802 16.304347826086957 13 90
262 0 15.64496632705923 16.304347826086957 11 69
263 0 14.867898463132448 15.372670807453417 14 96
264 0 15.42048005525816 16.459627329192546 12 82
265 0 14.867898463132448 15.372670807453417 14 96
266 0 15.040580210671731 15.372670807453417 15 101
267 0 15.42048005525816 16.459627329192546 12 82
268 0 15.265066482472802 16.304347826086957 13 90
269 0 15.351407356242444 16.304347826086957 18 112
270 0 15.144189259195304 17.080745341614907 19 117
271 0 15.05784838542566 15.993788819875776 24 166
272 0 15.05784838542566 15.838509316770185 25 168
273 0 15.040580210671731 15.372670807453417 15 101
274 0 15.05784838542566 15.838509316770185 25 168
275 0 14.885166637886377 15.527950310559005 17 112
276 0 15.351407356242444 16.304347826086957 18 112
277 0 15.040580210671731 15.838509316770185 26 175
278 0 14.747021239854947 14.751552795031056 16 104
279 0 15.144189259195304 17.080745341614907 19 117
280 0 15.126921084441374 16.459627329192546 22 131
281 0 15.213261958211016 16.304347826086957 23 154
282 0 15.126921084441374 16.149068322981368 20 121
283 0 14.747021239854947 14.751552795031056 16 104
284 0 14.885166637886377 15.527950310559005 17 112
285 0 15.040580210671731 15.838509316770185 26 175
286 0 15.126921084441374 16.149068322981368 20 121
287 0 15.213261958211016 16.304347826086957 23 154
288 0 15.230530132964946 16.61490683229814 21 127
289 0 14.988775686409946 15.838509316770185 28 189
290 0 15.006043861163876 15.993788819875776 27 184
291 0 14.988775686409946 15.838509316770185 28 189
292 0 15.126921084441374 16.459627329192546 22 131
293 0 15.006043861163876 15.993788819875776 27 184
294 0 15.230530132964946 16.61490683229814 21 127
295 0 15.05784838542566 15.993788819875776 24 166
296 0 76.27352788810224 76.24223602484473 1 7
297 0 14.695216715593162 15.838509316770185 29 196
298 0 54.636504921429804 54.192546583850934 2 56
299 0 34.916249352443444 35.24844720496895 3 16
