0 0 76.18718701433258 76.08695652173914 1 5
1 0 14.280780521498878 15.062111801242237 19 144
2 0 53.116905543084094 52.79503105590062 2 61
3 0 53.116905543084094 52.79503105590062 2 61
4 0 34.43274045933345 35.09316770186335 3 27
5 0 34.43274045933345 35.09316770186335 3 27
6 0 24.330858228285273 25.0 4 34
7 0 24.330858228285273 25.0 4 34
8 0 18.027974443101364 18.16770186335404 5 39
9 0 14.539803142807806 15.217391304347828 17 130
10 0 18.027974443101364 18.16770186335404 5 39
11 0 17.665342773268865 15.993788819875776 6 52
12 0 17.665342773268865 15.993788819875776 6 52
13 0 16.56017958901744 15.838509316770185 7 53
14 0 16.56017958901744 15.838509316770185 7 53
15 0 15.765843550336731 15.062111801242237 8 61
16 0 15.593161802797445 13.819875776397517 9 71
17 0 15.230530132964946 13.664596273291925 10 85
18 0 15.765843550336731 15.062111801242237 8 61
19 0 15.593161802797445 13.819875776397517 9 71
20 0 15.05784838542566 14.130434782608695 11 93
21 0 15.489552754273872 16.149068322981368 12 93
22 0 15.230530132964946 13.664596273291925 10 85
23 0 15.05784838542566 14.130434782608695 11 93
24 0 15.17872560870316 15.062111801242237 13 105
25 0 15.05784838542566 15.217391304347828 14 109
26 0 15.05784838542566 15.217391304347828 14 109
27 0 14.988775686409946 15.217391304347828 15 118
28 0 15.489552754273872 16.149068322981368 12 93
29 0 15.17872560870316 15.062111801242237 13 105
30 0 14.902434812640303 15.217391304347828 16 125
31 0 14.988775686409946 15.217391304347828 15 118
32 0 14.902434812640303 15.217391304347828 16 125
33 0 14.539803142807806 15.217391304347828 17 130
34 0 76.18718701433258 76.08695652173914 1 5
35 0 14.280780521498878 15.062111801242237 19 144
36 0 53.116905543084094 52.79503105590062 2 61
37 0 34.43274045933345 35.09316770186335 3 27
38 0 24.330858228285273 25.0 4 34
39 0 18.027974443101364 18.16770186335404 5 39
40 0 17.665342773268865 15.993788819875776 6 52
41 0 16.56017958901744 15.838509316770185 7 53
42 0 15.765843550336731 15.062111801242237 8 61
43 0 15.593161802797445 13.819875776397517 9 71
44 0 15.230530132964946 13.664596273291925 10 85
45 0 15.05784838542566 14.130434782608695 11 93
46 0 15.05784838542566 15.217391304347828 14 109
47 0 15.489552754273872 16.149068322981368 12 93
48 0 15.17872560870316 15.062111801242237 13 105
49 0 14.988775686409946 15.217391304347828 15 118
50 0 14.902434812640303 15.217391304347828 16 125
51 0 14.539803142807806 15.217391304347828 17 130
52 0 76.18718701433258 76.08695652173914 1 5
53 0 14.280780521498878 15.062111801242237 19 144
54 0 53.116905543084094 52.79503105590062 2 61
55 0 34.43274045933345 35.09316770186335 3 27
56 0 24.330858228285273 25.0 4 34
57 0 18.027974443101364 18.16770186335404 5 39
58 0 17.665342773268865 15.993788819875776 6 52
59 0 16.56017958901744 15.838509316770185 7 53
60 0 76.42894146088759 76.70807453416148 1 4
61 0 14.021757900189948 13.975155279503104 17 139
62 0 53.54860991193231 54.347826086956516 2 31
63 0 53.54860991193231 54.347826086956516 2 31
64 0 34.19098601277845 34.47204968944099 3 38
65 0 34.19098601277845 34.47204968944099 3 38
66 0 25.28060783975134 25.0 4 42
67 0 25.28060783975134 25.0 4 42
68 0 19.841132792263856 20.031055900621116 5 49
69 0 19.841132792263856 20.031055900621116 5 49
70 0 17.907097219823864 16.304347826086957 6 53
71 0 17.907097219823864 16.304347826086957 6 53
72 0 16.663788637541014 15.527950310559005 7 62
73 0 15.765843550336731 13.975155279503104 9 72
74 0 15.316871006734589 13.354037267080745 10 77
75 0 15.316871006734589 13.354037267080745 10 77
76 0 15.17872560870316 13.354037267080745 11 83
77 0 16.663788637541014 15.527950310559005 7 62
78 0 16.629252288033154 15.683229813664596 8 68
79 0 16.629252288033154 15.683229813664596 8 68
80 0 14.712484890347092 13.975155279503104 13 107
81 0 15.765843550336731 13.975155279503104 9 72
82 0 14.557071317561734 14.130434782608695 14 115
83 0 15.17872560870316 13.354037267080745 11 83
84 0 14.850630288378518 13.354037267080745 12 94
85 0 14.712484890347092 13.975155279503104 13 107
86 0 14.850630288378518 13.354037267080745 12 94
87 0 14.557071317561734 14.130434782608695 14 115
88 0 14.487998618546019 13.975155279503104 15 120
89 0 14.487998618546019 13.975155279503104 15 120
90 0 14.246244171991021 13.975155279503104 16 127
91 0 14.246244171991021 13.975155279503104 16 127
92 0 76.42894146088759 76.70807453416148 1 4
93 0 14.021757900189948 13.975155279503104 17 139
94 0 53.54860991193231 54.347826086956516 2 31
95 0 34.19098601277845 34.47204968944099 3 38
96 0 25.28060783975134 25.0 4 42
97 0 19.841132792263856 20.031055900621116 5 49
98 0 17.907097219823864 16.304347826086957 6 53
99 0 15.316871006734589 13.354037267080745 10 77
100 0 16.663788637541014 15.527950310559005 7 62
101 0 16.629252288033154 15.683229813664596 8 68
102 0 15.765843550336731 13.975155279503104 9 72
103 0 15.17872560870316 13.354037267080745 11 83
104 0 14.850630288378518 13.354037267080745 12 94
105 0 14.712484890347092 13.975155279503104 13 107
106 0 14.557071317561734 14.130434782608695 14 115
107 0 14.487998618546019 13.975155279503104 15 120
108 0 14.246244171991021 13.975155279503104 16 127
109 0 76.42894146088759 76.70807453416148 1 16
110 0 14.021757900189948 13.975155279503104 17 139
111 0 53.54860991193231 54.347826086956516 2 31
112 0 34.19098601277845 34.47204968944099 3 38
113 0 25.28060783975134 25.0 4 42
114 0 19.841132792263856 20.031055900621116 5 49
115 0 17.907097219823864 16.304347826086957 6 53
116 0 15.316871006734589 13.354037267080745 10 77
117 0 16.663788637541014 15.527950310559005 7 62
118 0 16.629252288033154 15.683229813664596 8 68
119 0 15.765843550336731 13.975155279503104 9 72
120 0 76.23899153859438 76.08695652173914 1 7
121 0 16.370229666724228 17.70186335403727 15 100
122 0 53.20324641685373 53.41614906832298 2 49
123 0 53.20324641685373 53.41614906832298 2 49
124 0 34.13918148851666 34.62732919254658 3 23
125 0 34.13918148851666 34.62732919254658 3 23
126 0 24.45173545156277 23.91304347826087 4 28
127 0 24.45173545156277 23.91304347826087 4 28
128 0 19.564841996201 19.25465838509317 5 32
129 0 19.564841996201 19.25465838509317 5 32
130 0 19.668451044724574 17.236024844720497 6 43
131 0 19.668451044724574 17.236024844720497 6 43
132 0 19.02952857882922 17.080745341614907 7 51
133 0 19.02952857882922 17.080745341614907 7 51
134 0 18.235192540148507 17.236024844720497 8 55
135 0 18.235192540148507 17.236024844720497 8 55
136 0 18.131583491624937 17.236024844720497 9 58
137 0 18.131583491624937 17.236024844720497 9 58
138 0 17.233638404420653 17.391304347826086 10 65
139 0 17.233638404420653 17.391304347826086 10 65
140 0 16.871006734588153 17.236024844720497 11 70
141 0 16.871006734588153 17.236024844720497 11 70
142 0 16.974615783111723 17.391304347826086 12 80
143 0 16.974615783111723 17.391304347826086 12 80
144 0 16.56017958901744 17.391304347826086 13 85
145 0 16.56017958901744 17.391304347826086 13 85
146 0 16.387497841478154 17.546583850931675 14 93
147 0 16.387497841478154 17.546583850931675 14 93
148 0 76.23899153859438 76.08695652173914 1 8
149 0 16.370229666724228 17.70186335403727 15 100
150 0 53.20324641685373 53.41614906832298 2 49
151 0 34.13918148851666 34.62732919254658 3 23
152 0 24.45173545156277 23.91304347826087 4 28
153 0 19.564841996201 19.25465838509317 5 32
154 0 19.668451044724574 17.236024844720497 6 43
155 0 19.02952857882922 17.080745341614907 7 51
156 0 18.235192540148507 17.236024844720497 8 55
157 0 18.131583491624937 17.236024844720497 9 58
158 0 17.233638404420653 17.391304347826086 10 65
159 0 16.871006734588153 17.236024844720497 11 70
160 0 16.974615783111723 17.391304347826086 12 80
161 0 16.56017958901744 17.391304347826086 13 85
162 0 16.387497841478154 17.546583850931675 14 93
163 0 76.23899153859438 76.08695652173914 1 7
164 0 16.370229666724228 17.70186335403727 15 100
165 0 53.20324641685373 53.41614906832298 2 49
166 0 34.13918148851666 34.62732919254658 3 23
167 0 24.45173545156277 23.91304347826087 4 28
168 0 19.564841996201 19.25465838509317 5 32
169 0 19.668451044724574 17.236024844720497 6 43
170 0 19.02952857882922 17.080745341614907 7 51
171 0 18.235192540148507 17.236024844720497 8 55
172 0 18.131583491624937 17.236024844720497 9 58
173 0 17.233638404420653 17.391304347826086 10 65
174 0 16.871006734588153 17.236024844720497 11 70
175 0 16.974615783111723 17.391304347826086 12 80
176 0 16.56017958901744 17.391304347826086 13 85
177 0 16.387497841478154 17.546583850931675 14 93
178 0 76.23899153859438 76.08695652173914 1 7
179 0 16.370229666724228 17.70186335403727 15 100
180 0 76.18718701433258 76.08695652173914 1 6
181 0 16.836470385080297 17.857142857142858 13 67
182 0 53.20324641685373 52.95031055900621 2 24
183 0 53.20324641685373 52.95031055900621 2 24
184 0 34.34639958556381 34.47204968944099 3 25
185 0 34.36366776031773 34.47204968944099 3 26
186 0 24.866171645657055 24.37888198757764 4 34
187 0 24.866171645657055 24.37888198757764 4 34
188 0 19.892937316525643 19.099378881987576 5 38
189 0 19.184942151614575 18.012422360248447 6 46
190 0 18.18338801588672 18.012422360248447 7 37
191 0 19.892937316525643 19.099378881987576 5 38
192 0 19.184942151614575 18.012422360248447 6 46
193 0 18.18338801588672 18.012422360248447 7 37
194 0 18.04524261785529 17.857142857142858 8 41
195 0 18.04524261785529 17.857142857142858 8 41
196 0 17.786219996546365 17.236024844720497 9 44
197 0 17.786219996546365 17.236024844720497 9 44
198 0 17.233638404420653 16.77018633540373 10 53
199 0 17.233638404420653 16.77018633540373 10 53
200 0 17.14729753065101 17.70186335403727 11 61
201 0 16.853738559834223 17.857142857142858 12 65
202 0 17.14729753065101 17.70186335403727 11 61
203 0 16.853738559834223 17.857142857142858 12 65
204 0 76.18718701433258 76.08695652173914 1 12
205 0 16.836470385080297 17.857142857142858 13 67
206 0 53.20324641685373 52.95031055900621 2 24
207 0 34.34639958556381 34.47204968944099 3 25
208 0 24.90070799516491 24.37888198757764 4 33
209 0 19.892937316525643 19.099378881987576 5 38
210 0 19.184942151614575 18.012422360248447 6 46
211 0 18.18338801588672 18.012422360248447 7 37
212 0 18.04524261785529 17.857142857142858 8 41
213 0 17.786219996546365 17.236024844720497 9 44
214 0 17.233638404420653 16.77018633540373 10 53
215 0 17.14729753065101 17.70186335403727 11 61
216 0 16.853738559834223 17.857142857142858 12 65
217 0 76.18718701433258 76.08695652173914 1 7
218 0 16.836470385080297 17.857142857142858 13 67
219 0 53.20324641685373 52.95031055900621 2 24
220 0 34.34639958556381 34.47204968944099 3 25
221 0 24.90070799516491 24.37888198757764 4 33
222 0 19.892937316525643 19.099378881987576 5 38
223 0 19.184942151614575 18.012422360248447 6 46
224 0 18.18338801588672 18.012422360248447 7 37
225 0 18.04524261785529 17.857142857142858 8 41
226 0 17.786219996546365 17.236024844720497 9 44
227 0 17.233638404420653 16.77018633540373 10 53
228 0 17.14729753065101 17.70186335403727 11 61
229 0 16.853738559834223 17.857142857142858 12 65
230 0 76.18718701433258 76.08695652173914 1 6
231 0 16.836470385080297 17.857142857142858 13 67
232 0 53.20324641685373 52.95031055900621 2 24
233 0 34.34639958556381 34.47204968944099 3 25
234 0 25.004317043688484 24.53416149068323 4 34
235 0 19.892937316525643 19.099378881987576 5 38
236 0 19.184942151614575 18.012422360248447 6 46
237 0 18.18338801588672 18.012422360248447 7 37
238 0 18.04524261785529 17.857142857142858 8 41
239 0 17.786219996546365 17.236024844720497 9 44
240 0 76.2562597133483 76.08695652173914 1 9
241 0 15.334139181488515 15.062111801242237 17 148
242 0 53.6004144361941 54.037267080745345 2 24
243 0 54.5156276981523 54.347826086956516 2 23
244 0 35.34795372129166 36.18012422360248 3 35
245 0 35.34795372129166 36.18012422360248 3 35
246 0 25.798653082369192 26.08695652173913 4 42
247 0 25.798653082369192 26.08695652173913 4 42
248 0 21.498877568640996 22.51552795031056 5 46
249 0 15.489552754273872 15.217391304347828 13 104
250 0 15.593161802797445 15.993788819875776 11 103
251 0 21.498877568640996 22.51552795031056 5 46
252 0 19.651182869970643 19.25465838509317 6 58
253 0 19.651182869970643 19.25465838509317 6 58
254 0 19.012260404075292 18.944099378881987 7 65
255 0 19.012260404075292 18.944099378881987 7 65
256 0 18.78777413227422 18.944099378881987 9 79
257 0 16.00759799689173 15.683229813664596 8 74
258 0 15.679502676567086 15.217391304347828 10 89
259 0 16.00759799689173 15.683229813664596 8 74
260 0 18.78777413227422 18.944099378881987 9 79
261 0 15.593161802797445 15.993788819875776 11 103
262 0 15.489552754273872 15.217391304347828 13 104
263 0 15.472284579519947 15.217391304347828 14 114
264 0 15.455016404766017 15.217391304347828 15 128
265 0 15.472284579519947 15.217391304347828 14 114
266 0 15.679502676567086 15.217391304347828 10 89
267 0 15.455016404766017 15.217391304347828 15 128
268 0 15.385943705750302 15.217391304347828 16 135
269 0 15.385943705750302 15.217391304347828 16 135
270 0 76.39440511137973 76.08695652173914 1 12
271 0 15.334139181488515 15.062111801242237 17 148
272 0 53.6004144361941 54.037267080745345 2 24
273 0 35.34795372129166 36.18012422360248 3 35
274 0 25.798653082369192 26.08695652173913 4 42
275 0 21.498877568640996 22.51552795031056 5 46
276 0 19.651182869970643 19.25465838509317 6 58
277 0 19.012260404075292 18.944099378881987 7 65
278 0 16.00759799689173 15.683229813664596 8 74
279 0 18.78777413227422 18.944099378881987 9 79
280 0 15.593161802797445 15.993788819875776 11 103
281 0 15.489552754273872 15.217391304347828 13 104
282 0 15.472284579519947 15.217391304347828 14 114
283 0 15.679502676567086 15.217391304347828 10 89
284 0 15.455016404766017 15.217391304347828 15 128
285 0 15.385943705750302 15.217391304347828 16 135
286 0 76.39440511137973 76.08695652173914 1 13
287 0 15.334139181488515 15.062111801242237 17 148
288 0 54.0839233293041 54.192546583850934 2 24
289 0 35.34795372129166 36.18012422360248 3 35
290 0 25.798653082369192 26.08695652173913 4 42
291 0 21.498877568640996 22.51552795031056 5 46
292 0 19.651182869970643 19.25465838509317 6 58
293 0 19.012260404075292 18.944099378881987 7 65
294 0 16.00759799689173 15.683229813664596 8 74
295 0 18.78777413227422 18.944099378881987 9 79
296 0 15.593161802797445 15.993788819875776 11 103
297 0 15.489552754273872 15.217391304347828 13 104
298 0 15.472284579519947 15.217391304347828 14 114
299 0 15.679502676567086 15.217391304347828 10 89
