0 0 76.17403314917127 76.20528771384136 1 7
1 0 14.053867403314918 14.930015552099535 19 192
2 0 53.07320441988951 53.18818040435459 2 26
3 0 53.125 53.810264385692065 2 25
4 0 34.01243093922652 34.83670295489891 3 40
5 0 34.01243093922652 34.83670295489891 3 40
6 0 24.46477900552486 25.660964230171075 4 47
7 0 24.46477900552486 25.660964230171075 4 47
8 0 18.38743093922652 19.906687402799378 5 54
9 0 14.019337016574585 15.085536547433904 16 153
10 0 14.174723756906078 15.552099533437014 14 139
11 0 18.38743093922652 19.906687402799378 5 54
12 0 16.488259668508288 17.729393468118197 6 60
13 0 16.505524861878452 17.418351477449455 6 61
14 0 14.675414364640885 15.707620528771384 7 72
15 0 14.675414364640885 15.707620528771384 7 72
16 0 14.537292817679559 15.552099533437014 8 80
17 0 14.81353591160221 15.863141524105753 9 89
18 0 14.81353591160221 15.396578538102643 10 94
19 0 14.537292817679559 15.552099533437014 8 80
20 0 14.81353591160221 15.863141524105753 9 89
21 0 14.81353591160221 15.396578538102643 10 94
22 0 14.537292817679559 14.774494556765164 11 101
23 0 14.174723756906078 15.552099533437014 14 139
24 0 14.520027624309392 14.774494556765164 12 116
25 0 14.019337016574585 15.085536547433904 16 153
26 0 14.502762430939226 14.618973561430792 13 128
27 0 13.88121546961326 14.463452566096425 17 168
28 0 14.122928176795579 14.930015552099535 18 183
29 0 14.122928176795579 14.930015552099535 18 183
30 0 14.537292817679559 14.774494556765164 11 101
31 0 14.502762430939226 14.618973561430792 13 128
32 0 14.520027624309392 14.774494556765164 12 116
33 0 13.88121546961326 14.463452566096425 17 168
34 0 76.17403314917127 76.20528771384136 1 7
35 0 14.053867403314918 14.930015552099535 19 192
36 0 53.15953038674033 53.34370139968896 2 26
37 0 34.01243093922652 34.83670295489891 3 40
38 0 24.46477900552486 25.660964230171075 4 47
39 0 18.38743093922652 19.906687402799378 5 54
40 0 16.505524861878452 17.418351477449455 6 61
41 0 14.675414364640885 15.707620528771384 7 72
42 0 14.537292817679559 15.552099533437014 8 80
43 0 14.81353591160221 15.863141524105753 9 89
44 0 14.81353591160221 15.396578538102643 10 94
45 0 14.174723756906078 15.552099533437014 14 139
46 0 14.019337016574585 15.085536547433904 16 153
47 0 14.122928176795579 14.930015552099535 18 183
48 0 14.537292817679559 14.774494556765164 11 101
49 0 14.502762430939226 14.618973561430792 13 128
50 0 13.88121546961326 14.463452566096425 17 168
51 0 14.520027624309392 14.774494556765164 12 116
52 0 76.3639502762431 76.36080870917574 1 12
53 0 14.053867403314918 14.930015552099535 19 192
54 0 53.125 53.810264385692065 2 25
55 0 34.01243093922652 34.83670295489891 3 40
56 0 24.46477900552486 25.660964230171075 4 47
57 0 18.38743093922652 19.906687402799378 5 54
58 0 16.505524861878452 17.418351477449455 6 61
59 0 14.675414364640885 15.707620528771384 7 72
60 0 76.17403314917127 76.20528771384136 1 7
61 0 15.780386740331492 20.52877138413686 19 129
62 0 53.03867403314917 53.03265940902022 2 54
63 0 53.03867403314917 53.03265940902022 2 54
64 0 33.995165745856355 35.925349922239505 3 33
65 0 33.995165745856355 35.925349922239505 3 33
66 0 24.602900552486187 26.43856920684292 4 38
67 0 21.02900552486188 24.261275272161743 5 37
68 0 17.97306629834254 20.99533437013997 6 47
69 0 24.602900552486187 26.43856920684292 4 38
70 0 21.02900552486188 24.261275272161743 5 37
71 0 16.781767955801104 20.21772939346812 8 59
72 0 16.43646408839779 20.839813374805598 9 66
73 0 17.97306629834254 20.99533437013997 6 47
74 0 17.800414364640886 20.52877138413686 7 53
75 0 17.800414364640886 20.52877138413686 7 53
76 0 16.781767955801104 20.21772939346812 8 59
77 0 16.43646408839779 20.839813374805598 9 66
78 0 16.004834254143645 20.21772939346812 12 82
79 0 16.246546961325965 20.52877138413686 10 71
80 0 15.935773480662984 20.06220839813375 13 83
81 0 16.246546961325965 20.52877138413686 10 71
82 0 16.16022099447514 20.21772939346812 11 78
83 0 16.004834254143645 20.21772939346812 12 82
84 0 16.091160220994475 20.37325038880249 11 75
85 0 16.177486187845304 20.99533437013997 17 124
86 0 15.745856353591158 20.52877138413686 18 118
87 0 15.953038674033149 20.37325038880249 14 91
88 0 15.849447513812153 20.37325038880249 15 98
89 0 15.935773480662984 20.06220839813375 13 83
90 0 15.745856353591158 20.52877138413686 18 118
91 0 15.849447513812153 20.37325038880249 15 98
92 0 15.83218232044199 20.37325038880249 16 107
93 0 15.83218232044199 20.37325038880249 16 107
94 0 16.177486187845304 20.99533437013997 17 124
95 0 15.953038674033149 20.37325038880249 14 91
96 0 76.17403314917127 76.20528771384136 1 29
97 0 15.780386740331492 20.52877138413686 19 129
98 0 53.03867403314917 53.03265940902022 2 54
99 0 34.11602209944751 36.08087091757387 3 32
100 0 24.602900552486187 26.43856920684292 4 38
101 0 21.02900552486188 24.261275272161743 5 37
102 0 17.97306629834254 20.99533437013997 6 47
103 0 17.800414364640886 20.52877138413686 7 53
104 0 16.781767955801104 20.21772939346812 8 59
105 0 16.43646408839779 20.839813374805598 9 66
106 0 16.246546961325965 20.52877138413686 10 71
107 0 16.16022099447514 20.21772939346812 11 78
108 0 16.004834254143645 20.21772939346812 12 82
109 0 15.935773480662984 20.06220839813375 13 83
110 0 15.745856353591158 20.52877138413686 18 118
111 0 15.849447513812153 20.37325038880249 15 98
112 0 15.953038674033149 20.37325038880249 14 91
113 0 16.177486187845304 20.99533437013997 17 124
114 0 76.17403314917127 76.20528771384136 1 30
115 0 15.780386740331492 20.52877138413686 19 129
116 0 53.03867403314917 53.03265940902022 2 54
117 0 33.995165745856355 35.925349922239505 3 33
118 0 24.602900552486187 26.43856920684292 4 38
119 0 21.02900552486188 24.261275272161743 5 37
120 0 76.2085635359116 76.20528771384136 1 6
121 0 14.209254143646408 14.774494556765164 21 156
122 0 53.15953038674033 53.499222395023324 2 58
123 0 53.15953038674033 53.499222395023324 2 58
124 0 35.25552486187845 36.236391912908246 3 34
125 0 35.25552486187845 36.236391912908246 3 34
126 0 25.36256906077348 26.127527216174183 4 41
127 0 25.36256906077348 26.127527216174183 4 41
128 0 18.95718232044199 21.30637636080871 5 52
129 0 18.95718232044199 21.30637636080871 5 52
130 0 18.335635359116022 19.59564541213064 6 65
131 0 17.97306629834254 19.440124416796266 7 69
132 0 16.816298342541437 17.107309486780714 8 59
133 0 16.816298342541437 17.107309486780714 8 59
134 0 16.367403314917127 16.796267496111973 9 66
135 0 16.367403314917127 16.796267496111973 9 66
136 0 15.901243093922652 15.707620528771384 10 70
137 0 18.335635359116022 19.59564541213064 6 65
138 0 15.866712707182321 15.707620528771384 11 80
139 0 15.314226519337016 14.930015552099535 12 92
140 0 17.97306629834254 19.440124416796266 7 69
141 0 14.520027624309392 15.241057542768274 17 127
142 0 14.3646408839779 14.774494556765164 18 134
143 0 15.901243093922652 15.707620528771384 10 70
144 0 15.314226519337016 14.930015552099535 12 92
145 0 14.64088397790055 14.774494556765164 14 102
146 0 14.537292817679559 14.930015552099535 15 114
147 0 14.537292817679559 14.930015552099535 15 114
148 0 15.866712707182321 15.707620528771384 11 80
149 0 15.245165745856355 14.930015552099535 13 97
150 0 14.520027624309392 14.930015552099535 16 119
151 0 14.226519337016574 14.152410575427682 19 139
152 0 14.226519337016574 14.463452566096425 20 147
153 0 14.3646408839779 14.774494556765164 18 134
154 0 14.520027624309392 14.930015552099535 16 119
155 0 15.245165745856355 14.930015552099535 13 97
156 0 14.226519337016574 14.463452566096425 20 147
157 0 14.520027624309392 15.241057542768274 17 127
158 0 14.226519337016574 14.152410575427682 19 139
159 0 14.64088397790055 14.774494556765164 14 102
160 0 76.45027624309392 76.67185069984448 1 29
161 0 14.209254143646408 14.774494556765164 21 156
162 0 53.15953038674033 53.499222395023324 2 58
163 0 35.25552486187845 36.236391912908246 3 34
164 0 25.36256906077348 26.127527216174183 4 41
165 0 18.95718232044199 21.30637636080871 5 52
166 0 16.816298342541437 17.107309486780714 8 59
167 0 16.367403314917127 16.796267496111973 9 66
168 0 18.335635359116022 19.59564541213064 6 65
169 0 17.97306629834254 19.440124416796266 7 69
170 0 15.314226519337016 14.930015552099535 12 92
171 0 14.537292817679559 14.930015552099535 15 114
172 0 15.866712707182321 15.707620528771384 11 80
173 0 14.3646408839779 14.774494556765164 18 134
174 0 14.520027624309392 14.930015552099535 16 119
175 0 15.245165745856355 14.930015552099535 13 97
176 0 14.226519337016574 14.463452566096425 20 147
177 0 14.64088397790055 14.774494556765164 14 102
178 0 14.226519337016574 14.152410575427682 19 139
179 0 14.520027624309392 15.241057542768274 17 127
180 0 76.17403314917127 76.20528771384136 1 6
181 0 16.2292817679558 20.99533437013997 11 86
182 0 53.7810773480663 53.810264385692065 2 25
183 0 53.7810773480663 53.810264385692065 2 25
184 0 34.54765193370166 36.08087091757387 3 33
185 0 34.478591160220994 36.54743390357698 3 34
186 0 25.32803867403315 27.838258164852252 4 41
187 0 25.32803867403315 27.838258164852252 4 41
188 0 19.475138121546962 22.3950233281493 5 38
189 0 18.560082872928177 21.61741835147745 6 42
190 0 17.852209944751383 21.77293934681182 7 40
191 0 17.852209944751383 21.77293934681182 7 40
192 0 17.558701657458563 22.23950233281493 8 64
193 0 17.558701657458563 22.23950233281493 8 64
194 0 16.626381215469614 21.15085536547434 9 67
195 0 19.475138121546962 22.3950233281493 5 38
196 0 18.560082872928177 21.61741835147745 6 42
197 0 16.522790055248617 21.15085536547434 10 77
198 0 16.660911602209943 21.15085536547434 9 68
199 0 16.522790055248617 21.15085536547434 10 77
200 0 76.17403314917127 76.20528771384136 1 7
201 0 16.2292817679558 20.99533437013997 11 86
202 0 53.7810773480663 53.810264385692065 2 25
203 0 34.478591160220994 36.54743390357698 3 34
204 0 25.32803867403315 27.838258164852252 4 41
205 0 17.852209944751383 21.77293934681182 7 40
206 0 17.558701657458563 22.23950233281493 8 64
207 0 19.475138121546962 22.3950233281493 5 38
208 0 18.560082872928177 21.61741835147745 6 42
209 0 16.626381215469614 21.15085536547434 9 67
210 0 16.522790055248617 21.15085536547434 10 77
211 0 76.17403314917127 76.20528771384136 1 7
212 0 16.2292817679558 20.99533437013997 11 86
213 0 53.8328729281768 54.12130637636081 2 27
214 0 34.54765193370166 36.08087091757387 3 33
215 0 25.32803867403315 27.838258164852252 4 41
216 0 17.852209944751383 21.77293934681182 7 40
217 0 17.558701657458563 22.23950233281493 8 64
218 0 19.475138121546962 22.3950233281493 5 38
219 0 18.560082872928177 21.61741835147745 6 42
220 0 16.626381215469614 21.15085536547434 9 67
221 0 16.522790055248617 21.15085536547434 10 77
222 0 76.17403314917127 76.20528771384136 1 7
223 0 16.2292817679558 20.99533437013997 11 86
224 0 53.7810773480663 53.96578538102644 2 26
225 0 34.54765193370166 36.08087091757387 3 33
226 0 25.32803867403315 27.838258164852252 4 41
227 0 17.852209944751383 21.77293934681182 7 40
228 0 17.558701657458563 22.23950233281493 8 64
229 0 19.475138121546962 22.3950233281493 5 38
230 0 18.560082872928177 21.61741835147745 6 42
231 0 16.626381215469614 21.15085536547434 9 67
232 0 16.522790055248617 21.15085536547434 10 77
233 0 76.17403314917127 76.20528771384136 1 8
234 0 16.2292817679558 20.99533437013997 11 86
235 0 53.97099447513812 54.43234836702955 2 27
236 0 34.478591160220994 36.54743390357698 3 34
237 0 25.32803867403315 27.838258164852252 4 41
238 0 17.852209944751383 21.77293934681182 7 40
239 0 17.558701657458563 22.23950233281493 8 64
240 0 76.3639502762431 76.36080870917574 1 4
241 0 15.59046961325967 16.174183514774494 17 132
242 0 53.50483425414365 53.810264385692065 2 59
243 0 53.41850828729282 53.810264385692065 2 58
244 0 33.97790055248619 34.83670295489891 3 23
245 0 33.97790055248619 34.83670295489891 3 23
246 0 24.91367403314917 26.749611197511662 4 26
247 0 24.91367403314917 26.749611197511662 4 26
248 0 17.4896408839779 20.21772939346812 5 38
249 0 15.970303867403315 16.796267496111973 12 82
250 0 15.400552486187847 17.107309486780714 10 70
251 0 15.469613259668508 16.018662519440124 15 107
252 0 17.4896408839779 20.21772939346812 5 38
253 0 16.419198895027623 18.040435458786934 6 47
254 0 16.07389502762431 17.884914463452567 7 50
255 0 15.918508287292818 18.195956454121305 8 58
256 0 15.918508287292818 18.195956454121305 8 58
257 0 15.504143646408842 17.262830482115085 9 62
258 0 15.763121546961326 16.640746500777606 13 90
259 0 15.400552486187847 17.107309486780714 10 70
260 0 16.419198895027623 18.040435458786934 6 47
261 0 16.07389502762431 17.884914463452567 7 50
262 0 15.970303867403315 16.796267496111973 12 82
263 0 15.504143646408842 17.262830482115085 9 62
264 0 15.763121546961326 16.640746500777606 13 90
265 0 15.59046961325967 16.329704510108865 14 99
266 0 15.59046961325967 16.329704510108865 14 99
267 0 15.469613259668508 16.018662519440124 15 107
268 0 76.3639502762431 76.36080870917574 1 5
269 0 15.59046961325967 16.174183514774494 17 132
270 0 53.50483425414365 53.810264385692065 2 59
271 0 33.97790055248619 34.83670295489891 3 23
272 0 24.91367403314917 26.749611197511662 4 26
273 0 17.4896408839779 20.21772939346812 5 38
274 0 15.918508287292818 18.195956454121305 8 58
275 0 15.400552486187847 17.107309486780714 10 70
276 0 16.419198895027623 18.040435458786934 6 47
277 0 16.07389502762431 17.884914463452567 7 50
278 0 15.970303867403315 16.796267496111973 12 82
279 0 15.504143646408842 17.262830482115085 9 62
280 0 15.763121546961326 16.640746500777606 13 90
281 0 15.59046961325967 16.329704510108865 14 99
282 0 15.469613259668508 16.018662519440124 15 107
283 0 76.3639502762431 76.36080870917574 1 4
284 0 15.59046961325967 16.174183514774494 17 132
285 0 53.41850828729282 53.810264385692065 2 58
286 0 33.97790055248619 34.83670295489891 3 23
287 0 24.91367403314917 26.749611197511662 4 26
288 0 17.4896408839779 20.21772939346812 5 38
289 0 15.918508287292818 18.195956454121305 8 58
290 0 15.400552486187847 17.107309486780714 10 70
291 0 16.419198895027623 18.040435458786934 6 47
292 0 16.07389502762431 17.884914463452567 7 50
293 0 15.970303867403315 16.796267496111973 12 82
294 0 15.504143646408842 17.262830482115085 9 62
295 0 15.763121546961326 16.640746500777606 13 90
296 0 15.59046961325967 16.329704510108865 14 99
297 0 15.469613259668508 16.018662519440124 15 107
298 0 76.3639502762431 76.36080870917574 1 5
299 0 15.59046961325967 16.174183514774494 17 132
