0 0 76.16991883957866 76.24223602484473 1 10
1 0 16.577447763771367 17.391304347826086 15 85
2 0 53.341391814885164 53.41614906832298 2 53
3 0 53.341391814885164 53.41614906832298 2 53
4 0 34.726299430150235 34.62732919254658 3 27
5 0 34.726299430150235 34.62732919254658 3 27
6 0 25.833189431877052 24.53416149068323 4 29
7 0 25.833189431877052 24.53416149068323 4 29
8 0 20.583664306682785 19.25465838509317 5 33
9 0 20.583664306682785 19.25465838509317 5 33
10 0 17.64807459851494 17.857142857142858 6 38
11 0 17.64807459851494 17.857142857142858 6 38
12 0 17.56173372474529 17.391304347826086 7 41
13 0 17.56173372474529 17.391304347826086 7 41
14 0 17.285442928682436 17.857142857142858 8 43
15 0 17.285442928682436 17.857142857142858 8 43
16 0 17.16456570540494 17.857142857142858 9 47
17 0 17.16456570540494 17.857142857142858 9 47
18 0 17.009152132619583 18.012422360248447 10 53
19 0 17.009152132619583 18.012422360248447 10 53
20 0 16.80193403557244 17.546583850931675 11 57
21 0 16.715593161802797 17.546583850931675 13 71
22 0 16.629252288033154 17.391304347826086 14 79
23 0 16.80193403557244 17.546583850931675 11 57
24 0 16.715593161802797 17.391304347826086 12 65
25 0 16.715593161802797 17.391304347826086 12 65
26 0 16.715593161802797 17.546583850931675 13 71
27 0 16.629252288033154 17.391304347826086 14 79
28 0 76.22172336384044 76.24223602484473 1 10
29 0 16.577447763771367 17.391304347826086 15 85
30 0 53.341391814885164 53.41614906832298 2 53
31 0 34.726299430150235 34.62732919254658 3 27
32 0 25.833189431877052 24.53416149068323 4 29
33 0 20.583664306682785 19.25465838509317 5 33
34 0 17.64807459851494 17.857142857142858 6 38
35 0 17.56173372474529 17.391304347826086 7 41
36 0 17.285442928682436 17.857142857142858 8 43
37 0 17.16456570540494 17.857142857142858 9 47
38 0 17.009152132619583 18.012422360248447 10 53
39 0 16.80193403557244 17.546583850931675 11 57
40 0 16.871006734588153 17.546583850931675 12 65
41 0 16.715593161802797 17.546583850931675 13 71
42 0 16.629252288033154 17.391304347826086 14 79
43 0 76.16991883957866 76.24223602484473 1 11
44 0 16.577447763771367 17.391304347826086 15 85
45 0 53.341391814885164 53.41614906832298 2 53
46 0 34.726299430150235 34.62732919254658 3 27
47 0 25.833189431877052 24.53416149068323 4 29
48 0 20.583664306682785 19.25465838509317 5 33
49 0 17.64807459851494 17.857142857142858 6 38
50 0 17.56173372474529 17.391304347826086 7 41
51 0 17.285442928682436 17.857142857142858 8 43
52 0 17.16456570540494 17.857142857142858 9 47
53 0 17.009152132619583 18.012422360248447 10 53
54 0 16.80193403557244 17.546583850931675 11 57
55 0 16.871006734588153 17.546583850931675 12 65
56 0 16.715593161802797 17.546583850931675 13 71
57 0 16.629252288033154 17.391304347826086 14 79
58 0 76.18718701433258 76.24223602484473 1 28
59 0 16.577447763771367 17.391304347826086 15 85
60 0 76.16991883957866 76.24223602484473 1 5
61 0 17.009152132619583 18.944099378881987 11 81
62 0 53.25505094111552 53.72670807453416 2 60
63 0 53.25505094111552 53.72670807453416 2 60
64 0 34.001036090485236 35.24844720496895 3 34
65 0 34.001036090485236 35.24844720496895 3 34
66 0 24.399930927300982 25.465838509316768 4 39
67 0 24.399930927300982 25.465838509316768 4 39
68 0 18.615092384734933 19.72049689440994 5 46
69 0 18.615092384734933 19.72049689440994 5 46
70 0 18.44241063719565 19.875776397515526 6 53
71 0 18.44241063719565 19.875776397515526 6 53
72 0 17.803488171300295 18.944099378881987 7 63
73 0 17.803488171300295 18.944099378881987 7 63
74 0 17.04368848212744 18.16770186335404 8 63
75 0 17.04368848212744 18.16770186335404 8 63
76 0 16.991883957865653 18.478260869565215 9 69
77 0 16.991883957865653 18.478260869565215 9 69
78 0 16.957347608357797 18.633540372670808 10 76
79 0 16.957347608357797 18.633540372670808 10 76
80 0 76.16991883957866 76.24223602484473 1 5
81 0 17.009152132619583 18.944099378881987 11 81
82 0 53.25505094111552 53.72670807453416 2 60
83 0 34.001036090485236 35.24844720496895 3 34
84 0 24.399930927300982 25.465838509316768 4 39
85 0 18.615092384734933 19.72049689440994 5 46
86 0 18.44241063719565 19.875776397515526 6 53
87 0 17.803488171300295 18.944099378881987 7 63
88 0 17.04368848212744 18.16770186335404 8 63
89 0 16.991883957865653 18.478260869565215 9 69
90 0 16.957347608357797 18.633540372670808 10 76
91 0 76.16991883957866 76.24223602484473 1 5
92 0 17.009152132619583 18.944099378881987 11 81
93 0 53.25505094111552 53.72670807453416 2 60
94 0 34.001036090485236 35.24844720496895 3 34
95 0 24.399930927300982 25.465838509316768 4 39
96 0 18.615092384734933 19.72049689440994 5 46
97 0 18.44241063719565 19.875776397515526 6 53
98 0 17.803488171300295 18.944099378881987 7 63
99 0 17.04368848212744 18.16770186335404 8 63
100 0 16.991883957865653 18.478260869565215 9 69
101 0 16.957347608357797 18.633540372670808 10 76
102 0 76.49801415990329 76.86335403726709 1 32
103 0 17.009152132619583 18.944099378881987 11 81
104 0 53.25505094111552 53.72670807453416 2 60
105 0 34.001036090485236 35.24844720496895 3 34
106 0 24.399930927300982 25.465838509316768 4 39
107 0 18.615092384734933 19.72049689440994 5 46
108 0 18.44241063719565 19.875776397515526 6 53
109 0 17.803488171300295 18.944099378881987 7 63
110 0 17.04368848212744 18.16770186335404 8 63
111 0 16.991883957865653 18.478260869565215 9 69
112 0 16.957347608357797 18.633540372670808 10 76
113 0 76.49801415990329 76.86335403726709 1 32
114 0 17.009152132619583 18.944099378881987 11 81
115 0 53.25505094111552 53.72670807453416 2 60
116 0 34.001036090485236 35.24844720496895 3 34
117 0 24.399930927300982 25.465838509316768 4 39
118 0 18.615092384734933 19.72049689440994 5 46
119 0 18.44241063719565 19.875776397515526 6 53
120 0 76.16991883957866 76.24223602484473 1 5
121 0 14.764289414608875 15.527950310559005 22 150
122 0 53.37592816439303 53.72670807453416 2 55
123 0 53.37592816439303 53.72670807453416 2 55
124 0 34.916249352443444 34.62732919254658 3 36
125 0 34.916249352443444 34.62732919254658 3 36
126 0 26.29943015023312 24.689440993788818 4 41
127 0 26.29943015023312 24.689440993788818 4 41
128 0 21.42980486962528 20.96273291925466 5 50
129 0 15.886720773614229 15.683229813664596 16 110
130 0 14.850630288378518 15.683229813664596 21 147
131 0 14.885166637886377 15.217391304347828 19 127
132 0 15.126921084441374 15.217391304347828 14 108
133 0 21.42980486962528 20.96273291925466 5 50
134 0 19.616646520462787 19.099378881987576 6 52
135 0 19.616646520462787 19.099378881987576 6 52
136 0 17.64807459851494 16.459627329192546 7 65
137 0 17.64807459851494 16.459627329192546 7 65
138 0 17.009152132619583 16.459627329192546 8 71
139 0 17.009152132619583 16.459627329192546 8 71
140 0 16.90554308409601 16.61490683229814 9 75
141 0 16.90554308409601 16.61490683229814 9 75
142 0 15.834916249352442 16.149068322981368 10 78
143 0 15.834916249352442 16.149068322981368 10 78
144 0 15.731307200828873 16.149068322981368 11 82
145 0 15.023312035917805 15.372670807453417 17 113
146 0 15.731307200828873 16.149068322981368 11 82
147 0 15.593161802797445 15.993788819875776 12 85
148 0 15.023312035917805 15.372670807453417 17 113
149 0 15.42048005525816 15.372670807453417 18 122
150 0 15.42048005525816 15.372670807453417 18 122
151 0 15.593161802797445 15.993788819875776 12 85
152 0 15.385943705750302 15.838509316770185 13 96
153 0 15.385943705750302 15.838509316770185 13 96
154 0 14.885166637886377 15.217391304347828 19 127
155 0 15.126921084441374 15.217391304347828 14 108
156 0 15.886720773614229 15.683229813664596 16 110
157 0 14.850630288378518 15.683229813664596 21 147
158 0 76.16991883957866 76.24223602484473 1 5
159 0 14.764289414608875 15.527950310559005 22 150
160 0 53.37592816439303 53.72670807453416 2 55
161 0 34.916249352443444 34.62732919254658 3 36
162 0 26.29943015023312 24.689440993788818 4 41
163 0 21.42980486962528 20.96273291925466 5 50
164 0 19.616646520462787 19.099378881987576 6 52
165 0 17.64807459851494 16.459627329192546 7 65
166 0 17.009152132619583 16.459627329192546 8 71
167 0 16.90554308409601 16.61490683229814 9 75
168 0 15.834916249352442 16.149068322981368 10 78
169 0 15.731307200828873 16.149068322981368 11 82
170 0 15.023312035917805 15.372670807453417 17 113
171 0 15.42048005525816 15.372670807453417 18 122
172 0 15.593161802797445 15.993788819875776 12 85
173 0 15.385943705750302 15.838509316770185 13 96
174 0 14.885166637886377 15.217391304347828 19 127
175 0 15.126921084441374 15.217391304347828 14 108
176 0 14.850630288378518 15.683229813664596 21 147
177 0 15.886720773614229 15.683229813664596 16 110
178 0 76.16991883957866 76.24223602484473 1 5
179 0 14.764289414608875 15.527950310559005 22 150
180 0 76.16991883957866 76.24223602484473 1 13
181 0 16.232084268692798 18.478260869565215 16 103
182 0 53.099637368330164 53.41614906832298 2 42
183 0 53.099637368330164 53.41614906832298 2 42
184 0 34.19098601277845 35.09316770186335 3 42
185 0 34.19098601277845 35.09316770186335 3 42
186 0 25.15973061647384 27.173913043478258 4 47
187 0 25.15973061647384 27.173913043478258 4 47
188 0 19.668451044724574 20.96273291925466 5 37
189 0 19.668451044724574 20.96273291925466 5 37
190 0 18.68416508375065 20.341614906832298 6 42
191 0 18.68416508375065 20.341614906832298 6 42
192 0 17.751683647038508 20.341614906832298 7 44
193 0 17.751683647038508 20.341614906832298 7 44
194 0 16.991883957865653 18.788819875776397 8 47
195 0 16.991883957865653 18.788819875776397 8 47
196 0 16.80193403557244 18.32298136645963 9 59
197 0 16.80193403557244 18.32298136645963 9 59
198 0 16.80193403557244 18.32298136645963 10 63
199 0 16.31842514246244 18.633540372670808 12 74
200 0 16.80193403557244 18.32298136645963 10 63
201 0 16.404766016232085 18.633540372670808 11 66
202 0 16.283888792954585 18.633540372670808 13 78
203 0 16.404766016232085 18.633540372670808 11 66
204 0 16.31842514246244 18.633540372670808 12 74
205 0 16.283888792954585 18.633540372670808 13 78
206 0 16.24935244344673 18.633540372670808 14 84
207 0 16.24935244344673 18.633540372670808 14 84
208 0 16.21481609393887 18.478260869565215 15 97
209 0 16.21481609393887 18.478260869565215 15 97
210 0 76.18718701433258 76.5527950310559 1 24
211 0 16.232084268692798 18.478260869565215 16 103
212 0 53.099637368330164 53.41614906832298 2 42
213 0 34.19098601277845 35.09316770186335 3 42
214 0 25.15973061647384 27.173913043478258 4 47
215 0 19.668451044724574 20.96273291925466 5 37
216 0 18.68416508375065 20.341614906832298 6 42
217 0 17.751683647038508 20.341614906832298 7 44
218 0 16.991883957865653 18.788819875776397 8 47
219 0 16.80193403557244 18.32298136645963 9 59
220 0 16.80193403557244 18.32298136645963 10 63
221 0 16.404766016232085 18.633540372670808 11 66
222 0 16.31842514246244 18.633540372670808 12 74
223 0 16.283888792954585 18.633540372670808 13 78
224 0 16.24935244344673 18.633540372670808 14 84
225 0 16.21481609393887 18.478260869565215 15 97
226 0 76.18718701433258 76.5527950310559 1 23
227 0 16.232084268692798 18.478260869565215 16 103
228 0 53.099637368330164 53.41614906832298 2 42
229 0 34.19098601277845 35.09316770186335 3 42
230 0 25.15973061647384 27.173913043478258 4 47
231 0 19.668451044724574 20.96273291925466 5 37
232 0 18.68416508375065 20.341614906832298 6 42
233 0 17.751683647038508 20.341614906832298 7 44
234 0 16.991883957865653 18.788819875776397 8 47
235 0 16.80193403557244 18.32298136645963 9 59
236 0 16.80193403557244 18.32298136645963 10 63
237 0 16.404766016232085 18.633540372670808 11 66
238 0 16.31842514246244 18.633540372670808 12 74
239 0 16.283888792954585 18.633540372670808 13 78
240 0 76.22172336384044 76.24223602484473 1 5
241 0 16.611984113279227 15.372670807453417 15 117
242 0 54.01485063028838 54.192546583850934 2 57
243 0 54.10119150405802 53.72670807453416 2 57
244 0 35.14073562424452 35.09316770186335 3 33
245 0 35.14073562424452 35.09316770186335 3 33
246 0 25.85045760663098 25.0 4 37
247 0 25.85045760663098 25.0 4 37
248 0 21.067173199792784 20.96273291925466 5 38
249 0 17.233638404420653 16.61490683229814 13 98
250 0 15.90398894836816 13.198757763975156 11 93
251 0 21.067173199792784 20.96273291925466 5 38
252 0 19.6857192194785 18.633540372670808 6 51
253 0 19.6857192194785 18.633540372670808 6 51
254 0 19.616646520462787 18.32298136645963 7 56
255 0 19.616646520462787 18.32298136645963 7 56
256 0 16.853738559834223 15.217391304347828 8 60
257 0 16.853738559834223 15.217391304347828 8 60
258 0 16.266620618200655 14.596273291925465 9 66
259 0 15.90398894836816 13.198757763975156 11 93
260 0 15.955793472629942 13.509316770186336 10 79
261 0 17.233638404420653 16.61490683229814 13 98
262 0 16.09393887066137 14.440993788819876 14 103
263 0 16.09393887066137 14.440993788819876 14 103
264 0 16.266620618200655 14.596273291925465 9 66
265 0 15.921257123122087 13.509316770186336 10 80
266 0 76.22172336384044 76.24223602484473 1 5
267 0 16.611984113279227 15.372670807453417 15 117
268 0 53.91124158176481 53.72670807453416 2 56
269 0 35.14073562424452 35.09316770186335 3 33
270 0 25.85045760663098 25.0 4 37
271 0 21.067173199792784 20.96273291925466 5 38
272 0 19.6857192194785 18.633540372670808 6 51
273 0 19.616646520462787 18.32298136645963 7 56
274 0 16.853738559834223 15.217391304347828 8 60
275 0 15.90398894836816 13.198757763975156 11 93
276 0 17.233638404420653 16.61490683229814 13 98
277 0 16.09393887066137 14.440993788819876 14 103
278 0 16.266620618200655 14.596273291925465 9 66
279 0 15.921257123122087 13.509316770186336 10 80
280 0 76.325332412364 76.3975155279503 1 10
281 0 16.611984113279227 15.372670807453417 15 117
282 0 53.945777931272666 53.72670807453416 2 57
283 0 35.14073562424452 35.09316770186335 3 33
284 0 25.85045760663098 25.0 4 37
285 0 21.067173199792784 20.96273291925466 5 38
286 0 19.6857192194785 18.633540372670808 6 51
287 0 19.616646520462787 18.32298136645963 7 56
288 0 16.767397686064584 15.372670807453417 8 61
289 0 15.90398894836816 13.198757763975156 11 93
290 0 17.233638404420653 16.61490683229814 13 98
291 0 16.09393887066137 14.440993788819876 14 103
292 0 16.266620618200655 14.596273291925465 9 66
293 0 15.921257123122087 13.509316770186336 10 80
294 0 76.325332412364 76.3975155279503 1 10
295 0 16.611984113279227 15.372670807453417 15 117
296 0 54.10119150405802 53.72670807453416 2 57
297 0 35.14073562424452 35.09316770186335 3 33
298 0 25.85045760663098 25.0 4 37
299 0 21.067173199792784 20.96273291925466 5 38
