0 0 81.88568468312899 81.36645962732919 1 8
1 0 23.7437402866517 23.91304347826087 13 83
2 0 58.55638059057158 58.850931677018636 2 63
3 0 58.55638059057158 58.850931677018636 2 63
4 0 40.303919875669145 41.45962732919254 3 26
5 0 40.303919875669145 41.45962732919254 3 26
6 0 30.754619236746677 31.832298136645964 4 32
7 0 30.754619236746677 31.832298136645964 4 32
8 0 26.126748402693835 27.795031055900623 5 38
9 0 26.126748402693835 27.795031055900623 5 38
10 0 25.539630461060263 26.552795031055897 6 48
11 0 25.539630461060263 26.552795031055897 6 48
12 0 24.434467276808842 24.84472049689441 7 48
13 0 24.434467276808842 24.84472049689441 7 48
14 0 24.175444655499913 23.91304347826087 8 51
15 0 24.175444655499913 23.91304347826087 8 51
16 0 24.08910378173027 23.91304347826087 9 56
17 0 24.3481264030392 24.06832298136646 10 60
18 0 24.624417199102055 25.465838509316768 11 65
19 0 24.1063719564842 23.91304347826087 9 56
20 0 24.3481264030392 24.06832298136646 10 60
21 0 24.624417199102055 25.465838509316768 11 65
22 0 23.950958383698843 23.91304347826087 12 73
23 0 23.950958383698843 23.91304347826087 12 73
24 0 81.29856674149542 81.36645962732919 1 31
25 0 23.7437402866517 23.91304347826087 13 83
26 0 58.60818511483337 58.38509316770186 2 63
27 0 40.303919875669145 41.45962732919254 3 26
28 0 30.754619236746677 31.832298136645964 4 32
29 0 26.126748402693835 27.795031055900623 5 38
30 0 25.539630461060263 26.552795031055897 6 48
31 0 24.434467276808842 24.84472049689441 7 48
32 0 24.175444655499913 23.91304347826087 8 51
33 0 24.08910378173027 23.91304347826087 9 56
34 0 24.3481264030392 24.06832298136646 10 60
35 0 24.624417199102055 25.465838509316768 11 65
36 0 23.950958383698843 23.91304347826087 12 73
37 0 81.88568468312899 81.36645962732919 1 9
38 0 23.7437402866517 23.91304347826087 13 83
39 0 58.55638059057158 58.850931677018636 2 63
40 0 40.303919875669145 41.45962732919254 3 26
41 0 30.754619236746677 31.832298136645964 4 32
42 0 26.126748402693835 27.795031055900623 5 38
43 0 25.539630461060263 26.552795031055897 6 48
44 0 24.434467276808842 24.84472049689441 7 48
45 0 24.175444655499913 23.91304347826087 8 51
46 0 24.08910378173027 23.91304347826087 9 56
47 0 24.3481264030392 24.06832298136646 10 60
48 0 24.624417199102055 25.465838509316768 11 65
49 0 23.950958383698843 23.91304347826087 12 73
50 0 81.88568468312899 81.36645962732919 1 8
51 0 23.7437402866517 23.91304347826087 13 83
52 0 58.60818511483337 58.38509316770186 2 63
53 0 40.303919875669145 41.45962732919254 3 26
54 0 30.754619236746677 31.832298136645964 4 32
55 0 26.126748402693835 27.795031055900623 5 38
56 0 25.539630461060263 26.552795031055897 6 48
57 0 24.434467276808842 24.84472049689441 7 48
58 0 24.175444655499913 23.91304347826087 8 51
59 0 24.08910378173027 23.91304347826087 9 56
60 0 76.49801415990329 76.5527950310559 1 6
61 0 17.889829045069934 18.633540372670808 27 182
62 0 53.41046451390088 53.57142857142857 2 35
63 0 53.79036435848731 53.72670807453416 2 35
64 0 34.674494905888444 34.93788819875777 3 50
65 0 17.233638404420653 18.788819875776397 21 140
66 0 17.993438093593507 19.099378881987576 26 178
67 0 34.674494905888444 34.93788819875777 3 50
68 0 25.470557762044553 25.62111801242236 4 62
69 0 25.470557762044553 25.62111801242236 4 62
70 0 20.946295976515284 21.8944099378882 5 47
71 0 20.946295976515284 21.8944099378882 5 47
72 0 19.547573821447074 20.80745341614907 6 52
73 0 19.530305646693144 20.496894409937887 7 57
74 0 18.632360559488863 18.788819875776397 8 64
75 0 19.547573821447074 20.80745341614907 6 52
76 0 18.632360559488863 18.788819875776397 8 64
77 0 18.632360559488863 18.633540372670808 9 71
78 0 18.632360559488863 18.633540372670808 9 71
79 0 19.530305646693144 20.496894409937887 7 57
80 0 17.665342773268865 17.546583850931675 10 88
81 0 17.71714729753065 18.478260869565215 11 80
82 0 17.734415472284578 18.478260869565215 12 85
83 0 17.734415472284578 18.478260869565215 12 85
84 0 17.71714729753065 18.32298136645963 13 92
85 0 17.71714729753065 18.32298136645963 13 92
86 0 17.54446554999137 18.633540372670808 14 98
87 0 17.665342773268865 17.546583850931675 10 88
88 0 17.71714729753065 18.478260869565215 11 80
89 0 17.337247452944222 18.16770186335404 15 102
90 0 17.40632015195994 18.944099378881987 16 106
91 0 17.233638404420653 18.788819875776397 21 140
92 0 17.993438093593507 19.099378881987576 26 178
93 0 17.63080642376101 18.788819875776397 18 120
94 0 17.56173372474529 18.788819875776397 19 128
95 0 17.54446554999137 18.633540372670808 14 98
96 0 17.40632015195994 18.944099378881987 16 106
97 0 17.285442928682436 18.633540372670808 20 136
98 0 17.337247452944222 18.16770186335404 15 102
99 0 17.337247452944222 18.633540372670808 17 115
100 0 17.56173372474529 18.788819875776397 19 128
101 0 17.337247452944222 18.633540372670808 17 115
102 0 17.285442928682436 18.633540372670808 20 136
103 0 17.63080642376101 18.788819875776397 18 120
104 0 76.3771369366258 76.3975155279503 1 17
105 0 17.889829045069934 18.633540372670808 27 182
106 0 53.79036435848731 53.72670807453416 2 35
107 0 34.674494905888444 34.93788819875777 3 50
108 0 25.470557762044553 25.62111801242236 4 62
109 0 20.946295976515284 21.8944099378882 5 47
110 0 19.547573821447074 20.80745341614907 6 52
111 0 18.632360559488863 18.788819875776397 8 64
112 0 18.632360559488863 18.633540372670808 9 71
113 0 19.530305646693144 20.496894409937887 7 57
114 0 17.734415472284578 18.478260869565215 12 85
115 0 17.71714729753065 18.32298136645963 13 92
116 0 17.665342773268865 17.546583850931675 10 88
117 0 17.71714729753065 18.478260869565215 11 80
118 0 17.233638404420653 18.788819875776397 21 140
119 0 17.993438093593507 19.099378881987576 26 178
120 0 76.18718701433258 76.08695652173914 1 5
121 0 17.06095665688137 19.25465838509317 10 85
122 0 53.08236919357624 53.105590062111794 2 53
123 0 53.08236919357624 53.105590062111794 2 53
124 0 34.035572439993096 35.24844720496895 3 23
125 0 34.035572439993096 35.24844720496895 3 23
126 0 24.279053704023486 25.15527950310559 4 26
127 0 24.607149024348125 24.53416149068323 5 41
128 0 18.718701433258506 19.72049689440994 6 44
129 0 24.279053704023486 25.15527950310559 4 26
130 0 24.607149024348125 24.53416149068323 5 41
131 0 18.718701433258506 19.72049689440994 6 44
132 0 18.269728889656363 19.565217391304348 7 52
133 0 18.269728889656363 19.565217391304348 7 52
134 0 17.820756346054225 19.40993788819876 8 60
135 0 17.250906579174583 19.25465838509317 9 78
136 0 17.820756346054225 19.40993788819876 8 60
137 0 17.250906579174583 19.25465838509317 9 78
138 0 76.18718701433258 76.08695652173914 1 28
139 0 17.06095665688137 19.25465838509317 10 85
140 0 53.08236919357624 53.105590062111794 2 53
141 0 34.035572439993096 35.24844720496895 3 23
142 0 24.279053704023486 25.15527950310559 4 26
143 0 24.607149024348125 24.53416149068323 5 41
144 0 18.718701433258506 19.72049689440994 6 44
145 0 18.269728889656363 19.565217391304348 7 52
146 0 17.820756346054225 19.40993788819876 8 60
147 0 17.250906579174583 19.25465838509317 9 78
148 0 76.18718701433258 76.08695652173914 1 28
149 0 17.06095665688137 19.25465838509317 10 85
150 0 53.08236919357624 53.105590062111794 2 53
151 0 34.035572439993096 35.24844720496895 3 23
152 0 24.279053704023486 25.15527950310559 4 26
153 0 24.607149024348125 24.53416149068323 5 41
154 0 18.718701433258506 19.72049689440994 6 44
155 0 18.269728889656363 19.565217391304348 7 52
156 0 17.820756346054225 19.40993788819876 8 60
157 0 17.250906579174583 19.25465838509317 9 78
158 0 76.18718701433258 76.08695652173914 1 28
159 0 17.06095665688137 19.25465838509317 10 85
160 0 53.08236919357624 53.105590062111794 2 53
161 0 34.035572439993096 35.24844720496895 3 23
162 0 24.279053704023486 25.15527950310559 4 26
163 0 24.607149024348125 24.53416149068323 5 41
164 0 18.718701433258506 19.72049689440994 6 44
165 0 18.269728889656363 19.565217391304348 7 52
166 0 17.820756346054225 19.40993788819876 8 60
167 0 17.250906579174583 19.25465838509317 9 78
168 0 76.18718701433258 76.08695652173914 1 29
169 0 17.06095665688137 19.25465838509317 10 85
170 0 53.08236919357624 53.105590062111794 2 53
171 0 34.035572439993096 35.24844720496895 3 23
172 0 24.279053704023486 25.15527950310559 4 26
173 0 24.607149024348125 24.53416149068323 5 41
174 0 18.718701433258506 19.72049689440994 6 44
175 0 18.269728889656363 19.565217391304348 7 52
176 0 17.820756346054225 19.40993788819876 8 60
177 0 17.250906579174583 19.25465838509317 9 78
178 0 76.18718701433258 76.08695652173914 1 28
179 0 17.06095665688137 19.25465838509317 10 85
180 0 76.18718701433258 76.08695652173914 1 6
181 0 14.747021239854947 15.838509316770185 22 191
182 0 53.4795372129166 54.037267080745345 2 51
183 0 53.4795372129166 54.037267080745345 2 51
184 0 34.726299430150235 35.40372670807454 3 33
185 0 34.726299430150235 35.40372670807454 3 33
186 0 25.176998791227767 25.62111801242236 4 40
187 0 25.176998791227767 25.62111801242236 4 40
188 0 19.737523743740287 20.496894409937887 5 46
189 0 19.737523743740287 20.496894409937887 5 46
190 0 18.528751510965293 19.25465838509317 6 61
191 0 18.528751510965293 19.25465838509317 6 61
192 0 18.597824209981002 18.16770186335404 7 62
193 0 18.597824209981002 18.16770186335404 7 62
194 0 17.751683647038508 17.391304347826086 8 69
195 0 17.751683647038508 17.391304347826086 8 69
196 0 17.38905197720601 17.236024844720497 9 75
197 0 17.38905197720601 17.236024844720497 9 75
198 0 16.732861336556727 16.61490683229814 10 82
199 0 16.732861336556727 16.61490683229814 10 82
200 0 16.577447763771367 16.459627329192546 11 89
201 0 15.489552754273872 15.838509316770185 16 133
202 0 15.351407356242444 15.838509316770185 17 148
203 0 16.577447763771367 16.459627329192546 11 89
204 0 16.301156967708515 16.459627329192546 13 105
205 0 15.195993783457087 15.683229813664596 18 156
206 0 16.33569331721637 16.304347826086957 14 113
207 0 16.577447763771367 16.459627329192546 12 96
208 0 15.316871006734589 16.925465838509314 19 169
209 0 16.577447763771367 16.459627329192546 12 96
210 0 16.301156967708515 16.459627329192546 13 105
211 0 15.351407356242444 15.838509316770185 17 148
212 0 15.316871006734589 16.925465838509314 19 169
213 0 14.764289414608875 16.459627329192546 20 174
214 0 16.232084268692798 16.459627329192546 15 138
215 0 15.195993783457087 15.683229813664596 18 156
216 0 14.83336211362459 15.993788819875776 21 186
217 0 15.489552754273872 15.838509316770185 16 133
218 0 14.764289414608875 16.459627329192546 20 174
219 0 14.83336211362459 15.993788819875776 21 186
220 0 16.33569331721637 16.304347826086957 14 113
221 0 16.232084268692798 16.459627329192546 15 138
222 0 76.22172336384044 76.24223602484473 1 8
223 0 14.747021239854947 15.838509316770185 22 191
224 0 53.46226903816267 54.192546583850934 2 50
225 0 34.726299430150235 35.40372670807454 3 33
226 0 25.176998791227767 25.62111801242236 4 40
227 0 19.737523743740287 20.496894409937887 5 46
228 0 18.528751510965293 19.25465838509317 6 61
229 0 18.597824209981002 18.16770186335404 7 62
230 0 17.751683647038508 17.391304347826086 8 69
231 0 17.38905197720601 17.236024844720497 9 75
232 0 17.233638404420653 17.080745341614907 10 82
233 0 16.577447763771367 16.459627329192546 11 89
234 0 16.577447763771367 16.459627329192546 12 96
235 0 16.301156967708515 16.459627329192546 13 105
236 0 15.351407356242444 15.838509316770185 17 148
237 0 15.316871006734589 16.925465838509314 19 169
238 0 14.764289414608875 16.459627329192546 20 174
239 0 15.489552754273872 15.838509316770185 16 133
240 0 76.18718701433258 76.08695652173914 1 9
241 0 14.194439647729235 15.527950310559005 33 245
242 0 53.18597824209981 53.41614906832298 2 24
243 0 53.18597824209981 53.41614906832298 2 24
244 0 34.38093593507166 35.869565217391305 3 36
245 0 34.38093593507166 35.869565217391305 3 36
246 0 25.211535140735624 26.552795031055897 4 39
247 0 14.591607667069592 15.527950310559005 27 192
248 0 14.660680366085305 15.683229813664596 23 158
249 0 14.608875841823519 15.527950310559005 30 211
250 0 14.591607667069592 15.527950310559005 27 192
251 0 14.608875841823519 15.527950310559005 30 211
252 0 25.211535140735624 26.552795031055897 4 39
253 0 19.305819374892074 21.428571428571427 5 47
254 0 19.305819374892074 21.428571428571427 5 47
255 0 18.010706268347434 19.72049689440994 6 51
256 0 18.010706268347434 19.72049689440994 6 51
257 0 17.734415472284578 19.72049689440994 7 55
258 0 16.54291141426351 18.32298136645963 8 60
259 0 16.387497841478154 17.546583850931675 9 60
260 0 16.387497841478154 17.546583850931675 9 60
261 0 15.247798307718874 15.993788819875776 10 65
262 0 17.734415472284578 19.72049689440994 7 55
263 0 16.54291141426351 18.32298136645963 8 60
264 0 14.436194094284236 15.062111801242237 14 97
265 0 15.437748230012089 16.304347826086957 15 96
266 0 14.83336211362459 15.993788819875776 11 68
267 0 14.660680366085305 15.372670807453417 12 78
268 0 15.437748230012089 16.304347826086957 15 96
269 0 15.316871006734589 16.304347826086957 16 107
270 0 15.316871006734589 16.304347826086957 16 107
271 0 14.95423933690209 16.149068322981368 17 112
272 0 15.265066482472802 16.149068322981368 10 65
273 0 14.83336211362459 15.993788819875776 11 68
274 0 14.95423933690209 16.149068322981368 17 112
275 0 14.660680366085305 15.683229813664596 18 119
276 0 14.436194094284236 15.838509316770185 21 148
277 0 14.988775686409946 15.527950310559005 20 136
278 0 14.436194094284236 15.838509316770185 21 148
279 0 14.487998618546019 15.683229813664596 22 154
280 0 14.660680366085305 15.683229813664596 18 119
281 0 14.902434812640303 15.527950310559005 19 125
282 0 14.660680366085305 15.683229813664596 23 158
283 0 14.660680366085305 15.372670807453417 12 78
284 0 14.902434812640303 15.527950310559005 19 125
285 0 14.988775686409946 15.527950310559005 20 136
286 0 14.677948540839234 15.372670807453417 13 90
287 0 14.487998618546019 15.683229813664596 22 154
288 0 14.677948540839234 15.372670807453417 13 90
289 0 14.436194094284236 15.062111801242237 14 97
290 0 76.18718701433258 76.08695652173914 1 9
291 0 14.194439647729235 15.527950310559005 33 245
292 0 53.18597824209981 53.57142857142857 2 23
293 0 34.38093593507166 35.869565217391305 3 36
294 0 14.591607667069592 15.527950310559005 27 192
295 0 25.211535140735624 26.552795031055897 4 39
296 0 19.305819374892074 21.428571428571427 5 47
297 0 18.010706268347434 19.72049689440994 6 51
298 0 16.387497841478154 17.546583850931675 9 60
299 0 17.734415472284578 19.72049689440994 7 55
