0 0 76.17403314917127 76.20528771384136 1 5
1 0 14.968922651933703 17.418351477449455 22 131
2 0 53.45303867403315 53.96578538102644 2 52
3 0 53.26312154696132 53.654743390357694 2 53
4 0 34.806629834254146 35.30326594090202 3 20
5 0 34.806629834254146 35.30326594090202 3 20
6 0 25.172651933701655 25.34992223950233 4 24
7 0 25.172651933701655 25.34992223950233 4 24
8 0 19.647790055248617 20.21772939346812 5 27
9 0 14.796270718232044 17.107309486780714 20 113
10 0 19.97582872928177 23.17262830482115 6 37
11 0 18.54281767955801 21.928460342146188 7 47
12 0 19.647790055248617 20.21772939346812 5 27
13 0 19.97582872928177 23.17262830482115 6 37
14 0 18.54281767955801 21.928460342146188 7 47
15 0 17.800414364640886 20.52877138413686 8 51
16 0 17.21339779005525 20.06220839813375 9 55
17 0 15.901243093922652 18.195956454121305 10 59
18 0 17.800414364640886 20.52877138413686 8 51
19 0 17.21339779005525 20.06220839813375 9 55
20 0 16.039364640883978 18.35147744945568 12 70
21 0 15.538674033149173 17.418351477449455 13 77
22 0 15.538674033149173 17.418351477449455 13 77
23 0 15.469613259668508 17.729393468118197 14 81
24 0 15.469613259668508 17.729393468118197 14 81
25 0 15.452348066298343 17.884914463452567 15 88
26 0 15.452348066298343 17.884914463452567 15 88
27 0 15.849447513812153 18.506998444790046 11 62
28 0 16.039364640883978 18.35147744945568 12 70
29 0 15.210635359116024 17.418351477449455 16 93
30 0 15.901243093922652 18.195956454121305 10 59
31 0 15.210635359116024 17.418351477449455 16 93
32 0 15.05524861878453 17.729393468118197 19 109
33 0 15.849447513812153 18.506998444790046 11 62
34 0 15.107044198895029 17.573872472783826 17 99
35 0 14.796270718232044 17.107309486780714 20 113
36 0 15.107044198895029 17.573872472783826 17 99
37 0 15.08977900552486 17.573872472783826 18 102
38 0 15.08977900552486 17.573872472783826 18 102
39 0 15.05524861878453 17.729393468118197 19 109
40 0 76.17403314917127 76.20528771384136 1 5
41 0 14.968922651933703 17.418351477449455 22 131
42 0 53.26312154696132 53.654743390357694 2 53
43 0 34.806629834254146 35.30326594090202 3 20
44 0 25.172651933701655 25.34992223950233 4 24
45 0 19.647790055248617 20.21772939346812 5 27
46 0 19.97582872928177 23.17262830482115 6 37
47 0 18.54281767955801 21.928460342146188 7 47
48 0 17.800414364640886 20.52877138413686 8 51
49 0 17.21339779005525 20.06220839813375 9 55
50 0 15.538674033149173 17.418351477449455 13 77
51 0 15.469613259668508 17.729393468118197 14 81
52 0 15.452348066298343 17.884914463452567 15 88
53 0 16.039364640883978 18.35147744945568 12 70
54 0 15.901243093922652 18.195956454121305 10 59
55 0 15.210635359116024 17.418351477449455 16 93
56 0 15.849447513812153 18.506998444790046 11 62
57 0 14.796270718232044 17.107309486780714 20 113
58 0 15.107044198895029 17.573872472783826 17 99
59 0 15.08977900552486 17.573872472783826 18 102
60 0 76.19129834254143 76.36080870917574 1 3
61 0 15.469613259668508 16.796267496111973 25 175
62 0 53.07320441988951 53.34370139968896 2 43
63 0 53.07320441988951 53.34370139968896 2 43
64 0 33.943370165745854 35.45878693623639 3 26
65 0 15.348756906077348 16.796267496111973 18 123
66 0 15.486878453038674 16.796267496111973 24 165
67 0 33.96063535911602 35.61430793157076 3 27
68 0 24.24033149171271 25.660964230171075 4 29
69 0 24.24033149171271 25.660964230171075 4 29
70 0 18.473756906077348 20.06220839813375 5 39
71 0 18.473756906077348 20.06220839813375 5 39
72 0 17.316988950276244 19.59564541213064 6 46
73 0 17.316988950276244 19.59564541213064 6 46
74 0 17.265193370165747 19.59564541213064 7 50
75 0 17.265193370165747 19.59564541213064 7 50
76 0 16.64364640883978 18.35147744945568 8 56
77 0 16.64364640883978 18.35147744945568 8 56
78 0 16.557320441988953 18.35147744945568 9 62
79 0 16.557320441988953 18.35147744945568 9 62
80 0 16.263812154696133 17.884914463452567 10 67
81 0 16.263812154696133 17.884914463452567 10 67
82 0 16.056629834254142 18.35147744945568 11 74
83 0 15.918508287292818 18.195956454121305 12 80
84 0 15.918508287292818 18.195956454121305 12 80
85 0 16.056629834254142 18.35147744945568 11 74
86 0 15.607734806629834 18.040435458786934 13 85
87 0 15.607734806629834 18.040435458786934 13 85
88 0 15.555939226519335 17.573872472783826 14 92
89 0 15.555939226519335 17.573872472783826 14 92
90 0 15.452348066298343 17.729393468118197 15 112
91 0 15.452348066298343 17.729393468118197 17 125
92 0 15.521408839779005 17.729393468118197 16 110
93 0 15.452348066298343 17.729393468118197 17 125
94 0 15.348756906077348 16.796267496111973 18 123
95 0 15.452348066298343 17.729393468118197 15 112
96 0 15.486878453038674 16.796267496111973 24 165
97 0 15.521408839779005 17.729393468118197 16 110
98 0 76.29488950276243 76.20528771384136 1 21
99 0 15.469613259668508 16.796267496111973 25 175
100 0 53.07320441988951 53.34370139968896 2 43
101 0 33.943370165745854 35.45878693623639 3 26
102 0 24.24033149171271 25.660964230171075 4 29
103 0 18.473756906077348 20.06220839813375 5 39
104 0 17.316988950276244 19.59564541213064 6 46
105 0 17.265193370165747 19.59564541213064 7 50
106 0 16.64364640883978 18.35147744945568 8 56
107 0 16.557320441988953 18.35147744945568 9 62
108 0 16.263812154696133 17.884914463452567 10 67
109 0 16.056629834254142 18.35147744945568 11 74
110 0 15.918508287292818 18.195956454121305 12 80
111 0 15.607734806629834 18.040435458786934 13 85
112 0 15.555939226519335 17.573872472783826 14 92
113 0 15.452348066298343 17.729393468118197 17 125
114 0 15.348756906077348 16.796267496111973 18 123
115 0 15.452348066298343 17.729393468118197 15 112
116 0 15.486878453038674 16.796267496111973 24 165
117 0 15.521408839779005 17.729393468118197 16 110
118 0 76.19129834254143 76.36080870917574 1 3
119 0 15.469613259668508 16.796267496111973 25 175
120 0 76.19129834254143 76.20528771384136 1 4
121 0 15.504143646408842 19.284603421461895 25 197
122 0 53.24585635359116 53.18818040435459 2 37
123 0 53.24585635359116 53.18818040435459 2 37
124 0 34.271408839779006 35.925349922239505 3 36
125 0 15.642265193370166 19.284603421461895 23 171
126 0 15.331491712707182 20.06220839813375 18 133
127 0 34.271408839779006 35.925349922239505 3 36
128 0 24.723756906077348 26.127527216174183 4 39
129 0 24.723756906077348 26.127527216174183 4 39
130 0 19.665055248618785 21.77293934681182 5 44
131 0 19.665055248618785 21.77293934681182 5 44
132 0 17.886740331491712 20.52877138413686 6 60
133 0 17.886740331491712 20.52877138413686 6 60
134 0 16.056629834254142 19.12908242612753 7 64
135 0 16.056629834254142 19.12908242612753 7 64
136 0 16.76450276243094 20.52877138413686 8 60
137 0 16.76450276243094 20.52877138413686 8 60
138 0 16.07389502762431 19.59564541213064 9 70
139 0 16.07389502762431 19.59564541213064 9 70
140 0 16.056629834254142 20.37325038880249 10 77
141 0 16.056629834254142 20.37325038880249 10 77
142 0 15.763121546961326 19.751166407465007 11 83
143 0 15.797651933701657 19.59564541213064 11 83
144 0 15.41781767955801 19.440124416796266 12 90
145 0 15.41781767955801 19.440124416796266 12 90
146 0 15.383287292817679 19.751166407465007 13 97
147 0 15.383287292817679 19.751166407465007 13 97
148 0 15.107044198895029 19.751166407465007 14 101
149 0 15.245165745856355 20.21772939346812 15 107
150 0 15.17610497237569 20.37325038880249 16 120
151 0 15.17610497237569 20.37325038880249 16 120
152 0 15.14157458563536 20.37325038880249 17 128
153 0 15.331491712707182 20.06220839813375 18 133
154 0 15.642265193370166 19.59564541213064 24 181
155 0 15.642265193370166 19.284603421461895 23 171
156 0 15.555939226519335 19.440124416796266 24 187
157 0 15.107044198895029 19.751166407465007 14 101
158 0 15.14157458563536 20.37325038880249 17 128
159 0 15.245165745856355 20.21772939346812 15 107
160 0 76.19129834254143 76.20528771384136 1 5
161 0 15.504143646408842 19.284603421461895 25 197
162 0 53.24585635359116 53.18818040435459 2 37
163 0 34.271408839779006 35.925349922239505 3 36
164 0 24.723756906077348 26.127527216174183 4 39
165 0 19.665055248618785 21.77293934681182 5 44
166 0 17.886740331491712 20.52877138413686 6 60
167 0 16.056629834254142 19.12908242612753 7 64
168 0 16.76450276243094 20.52877138413686 8 60
169 0 16.07389502762431 19.59564541213064 9 70
170 0 16.056629834254142 20.37325038880249 10 77
171 0 15.797651933701657 19.59564541213064 11 83
172 0 15.41781767955801 19.440124416796266 12 90
173 0 15.383287292817679 19.751166407465007 13 97
174 0 15.17610497237569 20.37325038880249 16 120
175 0 15.331491712707182 20.06220839813375 18 133
176 0 15.642265193370166 19.284603421461895 23 171
177 0 15.642265193370166 19.59564541213064 24 181
178 0 15.107044198895029 19.751166407465007 14 101
179 0 15.14157458563536 20.37325038880249 17 128
180 0 76.17403314917127 76.20528771384136 1 5
181 0 13.432320441988951 15.707620528771384 19 149
182 0 53.194060773480665 53.34370139968896 2 22
183 0 53.194060773480665 53.34370139968896 2 22
184 0 33.943370165745854 34.83670295489891 3 34
185 0 33.943370165745854 34.83670295489891 3 34
186 0 24.810082872928177 25.972006220839816 4 39
187 0 24.810082872928177 25.972006220839816 4 39
188 0 18.594613259668506 19.440124416796266 5 44
189 0 18.594613259668506 19.440124416796266 5 44
190 0 16.574585635359114 17.729393468118197 6 58
191 0 16.004834254143645 17.262830482115085 8 62
192 0 15.486878453038674 17.573872472783826 9 74
193 0 16.574585635359114 17.729393468118197 6 58
194 0 15.573204419889503 16.329704510108865 7 63
195 0 14.433701657458563 16.174183514774494 10 78
196 0 14.140193370165747 16.174183514774494 11 83
197 0 15.486878453038674 17.573872472783826 9 74
198 0 14.433701657458563 16.174183514774494 10 78
199 0 15.573204419889503 16.329704510108865 7 63
200 0 14.140193370165747 16.174183514774494 11 83
201 0 16.004834254143645 17.262830482115085 8 62
202 0 13.88121546961326 16.018662519440124 12 90
203 0 13.88121546961326 16.018662519440124 12 90
204 0 13.812154696132598 15.707620528771384 13 99
205 0 13.743093922651934 15.707620528771384 14 108
206 0 13.691298342541437 15.863141524105753 15 117
207 0 13.812154696132598 15.707620528771384 13 99
208 0 13.743093922651934 15.707620528771384 14 108
209 0 13.449585635359115 15.707620528771384 18 140
210 0 13.691298342541437 15.863141524105753 15 117
211 0 13.622237569060774 15.707620528771384 16 126
212 0 13.622237569060774 15.707620528771384 16 126
213 0 13.535911602209943 15.863141524105753 17 130
214 0 13.535911602209943 15.863141524105753 17 130
215 0 13.449585635359115 15.707620528771384 18 140
216 0 76.17403314917127 76.20528771384136 1 5
217 0 13.432320441988951 15.707620528771384 19 149
218 0 53.194060773480665 53.34370139968896 2 22
219 0 33.943370165745854 34.83670295489891 3 34
220 0 24.810082872928177 25.972006220839816 4 39
221 0 18.594613259668506 19.440124416796266 5 44
222 0 16.574585635359114 17.729393468118197 6 58
223 0 15.486878453038674 17.573872472783826 9 74
224 0 14.433701657458563 16.174183514774494 10 78
225 0 15.573204419889503 16.329704510108865 7 63
226 0 14.140193370165747 16.174183514774494 11 83
227 0 16.004834254143645 17.262830482115085 8 62
228 0 13.88121546961326 16.018662519440124 12 90
229 0 13.812154696132598 15.707620528771384 13 99
230 0 13.743093922651934 15.707620528771384 14 108
231 0 13.691298342541437 15.863141524105753 15 117
232 0 13.622237569060774 15.707620528771384 16 126
233 0 13.535911602209943 15.863141524105753 17 130
234 0 13.449585635359115 15.707620528771384 18 140
235 0 76.17403314917127 76.20528771384136 1 5
236 0 13.432320441988951 15.707620528771384 19 149
237 0 53.194060773480665 53.34370139968896 2 22
238 0 33.943370165745854 34.83670295489891 3 34
239 0 24.810082872928177 25.972006220839816 4 39
240 0 76.17403314917127 76.20528771384136 1 6
241 0 14.174723756906078 16.640746500777606 33 264
242 0 53.40124309392266 53.34370139968896 2 26
243 0 53.40124309392266 53.34370139968896 2 25
244 0 33.83977900552486 34.99222395023328 3 39
245 0 33.83977900552486 34.99222395023328 3 39
246 0 24.620165745856355 26.283048211508554 4 44
247 0 14.312845303867402 16.951788491446347 10 101
248 0 14.968922651933703 17.729393468118197 14 91
249 0 24.620165745856355 26.283048211508554 4 44
250 0 17.472375690607738 20.684292379471227 5 52
251 0 14.036602209944752 16.640746500777606 32 252
252 0 14.24378453038674 16.329704510108865 29 231
253 0 17.472375690607738 20.684292379471227 5 52
254 0 15.521408839779005 18.35147744945568 6 62
255 0 14.39917127071823 16.329704510108865 24 185
256 0 14.071132596685082 16.796267496111973 26 195
257 0 14.071132596685082 16.796267496111973 27 199
258 0 14.24378453038674 16.329704510108865 29 231
259 0 15.521408839779005 18.35147744945568 6 62
260 0 15.037983425414364 17.262830482115085 7 71
261 0 15.037983425414364 17.262830482115085 7 71
262 0 14.675414364640885 17.107309486780714 8 77
263 0 14.675414364640885 17.107309486780714 8 77
264 0 14.450966850828728 17.107309486780714 9 86
265 0 14.312845303867402 16.951788491446347 10 101
266 0 14.450966850828728 17.107309486780714 9 86
267 0 14.537292817679559 16.796267496111973 20 147
268 0 14.968922651933703 17.729393468118197 14 91
269 0 14.485497237569062 16.640746500777606 21 152
270 0 14.623618784530388 16.796267496111973 19 138
271 0 14.744475138121546 17.884914463452567 18 118
272 0 14.468232044198896 16.485225505443236 22 162
273 0 14.537292817679559 16.796267496111973 20 147
274 0 14.278314917127071 16.640746500777606 23 179
275 0 14.882596685082872 17.418351477449455 15 99
276 0 14.623618784530388 16.796267496111973 19 138
277 0 14.796270718232044 17.107309486780714 17 118
278 0 14.744475138121546 17.884914463452567 18 118
279 0 14.278314917127071 16.640746500777606 23 179
280 0 14.882596685082872 17.418351477449455 15 99
281 0 15.037983425414364 18.040435458786934 16 104
282 0 14.39917127071823 16.329704510108865 24 185
283 0 14.071132596685082 16.796267496111973 26 195
284 0 15.037983425414364 18.040435458786934 16 104
285 0 14.796270718232044 17.107309486780714 17 118
286 0 14.485497237569062 16.640746500777606 21 152
287 0 14.468232044198896 16.485225505443236 22 162
288 0 14.036602209944752 16.640746500777606 32 252
289 0 14.071132596685082 16.796267496111973 27 199
290 0 76.17403314917127 76.20528771384136 1 6
291 0 14.174723756906078 16.640746500777606 33 264
292 0 53.40124309392266 53.34370139968896 2 26
293 0 33.83977900552486 34.99222395023328 3 39
294 0 24.620165745856355 26.283048211508554 4 44
295 0 17.472375690607738 20.684292379471227 5 52
296 0 14.24378453038674 16.329704510108865 29 231
297 0 15.521408839779005 18.35147744945568 6 62
298 0 15.037983425414364 17.262830482115085 7 71
299 0 14.675414364640885 17.107309486780714 8 77
