0 0 81.97202555689863 80.90062111801242 1 5
1 0 22.569504403384563 22.51552795031056 17 144
2 0 54.30840960110517 53.41614906832298 2 54
3 0 54.30840960110517 53.41614906832298 2 54
4 0 39.768606458297356 39.44099378881988 3 44
5 0 39.768606458297356 39.44099378881988 3 44
6 0 30.42652391642203 30.27950310559006 4 52
7 0 30.374719392160248 30.27950310559006 4 52
8 0 24.520808150578482 24.689440993788818 5 48
9 0 24.520808150578482 24.689440993788818 5 48
10 0 23.329304092557418 23.136645962732917 6 60
11 0 23.329304092557418 23.136645962732917 6 60
12 0 23.173890519772062 23.136645962732917 7 68
13 0 23.173890519772062 23.136645962732917 7 68
14 0 23.346572267311345 23.4472049689441 8 72
15 0 23.346572267311345 23.4472049689441 8 72
16 0 23.001208772232776 22.981366459627328 9 75
17 0 23.001208772232776 22.981366459627328 9 75
18 0 23.104817820756345 22.981366459627328 10 81
19 0 23.104817820756345 22.981366459627328 10 81
20 0 23.035745121740632 22.51552795031056 11 88
21 0 23.035745121740632 22.51552795031056 11 88
22 0 22.604040752892416 22.049689440993788 12 96
23 0 22.604040752892416 22.049689440993788 12 96
24 0 22.48316352961492 22.204968944099377 15 124
25 0 22.431359005353137 21.8944099378882 13 100
26 0 22.431359005353137 21.8944099378882 13 100
27 0 22.552236228630633 22.51552795031056 16 138
28 0 22.34501813158349 21.428571428571427 14 111
29 0 22.552236228630633 22.51552795031056 16 138
30 0 22.34501813158349 21.428571428571427 14 111
31 0 22.48316352961492 22.204968944099377 15 124
32 0 76.7397686064583 76.3975155279503 1 30
33 0 22.569504403384563 22.51552795031056 17 144
34 0 54.68830944569159 53.881987577639755 2 55
35 0 39.768606458297356 39.44099378881988 3 44
36 0 30.374719392160248 30.27950310559006 4 52
37 0 24.520808150578482 24.689440993788818 5 48
38 0 23.329304092557418 23.136645962732917 6 60
39 0 23.173890519772062 23.136645962732917 7 68
40 0 23.346572267311345 23.4472049689441 8 72
41 0 23.001208772232776 22.981366459627328 9 75
42 0 23.104817820756345 22.981366459627328 10 81
43 0 23.035745121740632 22.51552795031056 11 88
44 0 22.604040752892416 22.049689440993788 12 96
45 0 22.431359005353137 21.8944099378882 13 100
46 0 22.34501813158349 21.428571428571427 14 111
47 0 22.552236228630633 22.51552795031056 16 138
48 0 22.48316352961492 22.204968944099377 15 124
49 0 76.18718701433258 76.08695652173914 1 4
50 0 22.569504403384563 22.51552795031056 17 144
51 0 54.30840960110517 53.41614906832298 2 54
52 0 39.768606458297356 39.44099378881988 3 44
53 0 30.374719392160248 30.27950310559006 4 52
54 0 24.520808150578482 24.689440993788818 5 48
55 0 23.329304092557418 23.136645962732917 6 60
56 0 23.173890519772062 23.136645962732917 7 68
57 0 23.346572267311345 23.4472049689441 8 72
58 0 23.001208772232776 22.981366459627328 9 75
59 0 23.104817820756345 22.981366459627328 10 81
60 0 76.18718701433258 76.08695652173914 1 6
61 0 16.076670695907442 16.149068322981368 17 118
62 0 54.0839233293041 53.72670807453416 2 36
63 0 54.15299602831981 53.72670807453416 2 34
64 0 35.710585391124155 36.18012422360248 3 47
65 0 35.62424451735451 36.024844720496894 3 45
66 0 26.005871179416335 26.08695652173913 4 51
67 0 26.005871179416335 26.08695652173913 4 51
68 0 19.46123294767743 20.496894409937887 5 33
69 0 16.784665860818514 15.993788819875776 14 98
70 0 16.19754791918494 16.149068322981368 16 108
71 0 19.46123294767743 20.496894409937887 5 33
72 0 18.027974443101364 18.32298136645963 6 42
73 0 18.027974443101364 18.32298136645963 6 42
74 0 18.89138318079779 17.857142857142858 7 56
75 0 18.89138318079779 17.857142857142858 7 56
76 0 18.407874287687793 17.546583850931675 8 64
77 0 18.407874287687793 17.546583850931675 8 64
78 0 17.872560870316008 16.925465838509314 9 76
79 0 17.872560870316008 16.925465838509314 9 76
80 0 17.855292695562078 16.925465838509314 10 82
81 0 17.855292695562078 16.925465838509314 10 82
82 0 17.04368848212744 16.459627329192546 11 85
83 0 17.04368848212744 16.459627329192546 11 85
84 0 16.94007943360387 16.459627329192546 12 89
85 0 16.94007943360387 16.459627329192546 12 89
86 0 16.836470385080297 15.993788819875776 13 92
87 0 16.836470385080297 15.993788819875776 13 92
88 0 16.784665860818514 15.993788819875776 14 98
89 0 16.19754791918494 16.149068322981368 16 108
90 0 76.18718701433258 76.08695652173914 1 6
91 0 16.076670695907442 16.149068322981368 17 118
92 0 54.15299602831981 53.72670807453416 2 34
93 0 35.62424451735451 36.024844720496894 3 45
94 0 26.005871179416335 26.08695652173913 4 51
95 0 19.46123294767743 20.496894409937887 5 33
96 0 18.027974443101364 18.32298136645963 6 42
97 0 18.89138318079779 17.857142857142858 7 56
98 0 18.407874287687793 17.546583850931675 8 64
99 0 17.872560870316008 16.925465838509314 9 76
100 0 17.855292695562078 16.925465838509314 10 82
101 0 17.04368848212744 16.459627329192546 11 85
102 0 16.94007943360387 16.459627329192546 12 89
103 0 16.836470385080297 15.993788819875776 13 92
104 0 16.784665860818514 15.993788819875776 14 98
105 0 16.19754791918494 16.149068322981368 16 108
106 0 76.34260058711794 76.24223602484473 1 18
107 0 16.076670695907442 16.149068322981368 17 118
108 0 54.135727853565875 53.881987577639755 2 36
109 0 35.62424451735451 36.024844720496894 3 45
110 0 26.005871179416335 26.08695652173913 4 51
111 0 19.46123294767743 20.496894409937887 5 33
112 0 18.027974443101364 18.32298136645963 6 42
113 0 18.89138318079779 17.857142857142858 7 56
114 0 18.407874287687793 17.546583850931675 8 64
115 0 17.872560870316008 16.925465838509314 9 76
116 0 17.855292695562078 16.925465838509314 10 82
117 0 17.04368848212744 16.459627329192546 11 85
118 0 16.94007943360387 16.459627329192546 12 89
119 0 16.836470385080297 15.993788819875776 13 92
120 0 76.18718701433258 76.08695652173914 1 9
121 0 17.699879122776725 18.16770186335404 11 81
122 0 52.9960283198066 53.105590062111794 2 57
123 0 53.01329649456052 52.95031055900621 2 57
124 0 35.27888102227594 35.40372670807454 3 26
125 0 35.27888102227594 35.40372670807454 3 26
126 0 25.677775859091696 25.931677018633543 4 35
127 0 25.677775859091696 25.931677018633543 4 35
128 0 20.151959937834572 20.031055900621116 5 38
129 0 20.151959937834572 20.031055900621116 5 38
130 0 18.822310481782075 19.099378881987576 6 46
131 0 18.822310481782075 19.099378881987576 6 46
132 0 18.42514246244172 18.944099378881987 7 54
133 0 18.42514246244172 18.944099378881987 7 54
134 0 18.20065619064065 18.788819875776397 8 63
135 0 18.20065619064065 18.788819875776397 8 63
136 0 17.83802452080815 18.478260869565215 9 68
137 0 17.83802452080815 18.478260869565215 9 68
138 0 17.768951821792438 18.32298136645963 10 73
139 0 17.768951821792438 18.32298136645963 10 73
140 0 76.18718701433258 76.08695652173914 1 9
141 0 17.699879122776725 18.16770186335404 11 81
142 0 52.9960283198066 53.105590062111794 2 57
143 0 35.27888102227594 35.40372670807454 3 26
144 0 25.677775859091696 25.931677018633543 4 35
145 0 20.151959937834572 20.031055900621116 5 38
146 0 18.822310481782075 19.099378881987576 6 46
147 0 18.42514246244172 18.944099378881987 7 54
148 0 18.20065619064065 18.788819875776397 8 63
149 0 17.83802452080815 18.478260869565215 9 68
150 0 17.768951821792438 18.32298136645963 10 73
151 0 76.18718701433258 76.08695652173914 1 9
152 0 17.699879122776725 18.16770186335404 11 81
153 0 52.9960283198066 53.105590062111794 2 57
154 0 35.27888102227594 35.40372670807454 3 26
155 0 25.677775859091696 25.931677018633543 4 35
156 0 20.151959937834572 20.031055900621116 5 38
157 0 18.822310481782075 19.099378881987576 6 46
158 0 18.42514246244172 18.944099378881987 7 54
159 0 18.20065619064065 18.788819875776397 8 63
160 0 17.83802452080815 18.478260869565215 9 68
161 0 17.768951821792438 18.32298136645963 10 73
162 0 76.18718701433258 76.08695652173914 1 9
163 0 17.699879122776725 18.16770186335404 11 81
164 0 52.9960283198066 53.105590062111794 2 57
165 0 35.27888102227594 35.40372670807454 3 26
166 0 25.677775859091696 25.931677018633543 4 35
167 0 20.151959937834572 20.031055900621116 5 38
168 0 18.822310481782075 19.099378881987576 6 46
169 0 18.42514246244172 18.944099378881987 7 54
170 0 18.20065619064065 18.788819875776397 8 63
171 0 17.83802452080815 18.478260869565215 9 68
172 0 17.768951821792438 18.32298136645963 10 73
173 0 76.18718701433258 76.08695652173914 1 9
174 0 17.699879122776725 18.16770186335404 11 81
175 0 52.9960283198066 53.105590062111794 2 57
176 0 35.27888102227594 35.40372670807454 3 26
177 0 25.677775859091696 25.931677018633543 4 35
178 0 20.151959937834572 20.031055900621116 5 38
179 0 18.822310481782075 19.099378881987576 6 46
180 0 76.18718701433258 76.08695652173914 1 8
181 0 16.31842514246244 18.633540372670808 13 89
182 0 53.27231911586945 52.79503105590062 2 20
183 0 53.27231911586945 52.79503105590062 2 20
184 0 33.8628906924538 34.316770186335404 3 32
185 0 33.8628906924538 34.316770186335404 3 32
186 0 23.8646175099292 24.689440993788818 4 38
187 0 23.8646175099292 24.689440993788818 4 38
188 0 18.822310481782075 19.25465838509317 5 40
189 0 18.822310481782075 19.25465838509317 5 40
190 0 18.407874287687793 18.478260869565215 6 48
191 0 17.354515627698152 19.099378881987576 7 54
192 0 16.784665860818514 18.478260869565215 8 57
193 0 18.407874287687793 18.478260869565215 6 48
194 0 17.354515627698152 19.099378881987576 7 54
195 0 16.784665860818514 18.478260869565215 8 57
196 0 16.525643239509584 19.40993788819876 9 67
197 0 16.525643239509584 19.40993788819876 9 67
198 0 16.404766016232085 19.40993788819876 10 71
199 0 16.387497841478154 18.788819875776397 11 81
200 0 16.3529614919703 18.788819875776397 12 83
201 0 16.404766016232085 19.40993788819876 10 71
202 0 16.3529614919703 18.788819875776397 12 83
203 0 16.387497841478154 18.788819875776397 11 81
204 0 76.35986876187188 76.08695652173914 1 9
205 0 16.31842514246244 18.633540372670808 13 89
206 0 53.28958729062339 53.105590062111794 2 19
207 0 33.8628906924538 34.316770186335404 3 32
208 0 23.8646175099292 24.689440993788818 4 38
209 0 18.822310481782075 19.25465838509317 5 40
210 0 18.407874287687793 18.478260869565215 6 48
211 0 17.354515627698152 19.099378881987576 7 54
212 0 16.784665860818514 18.478260869565215 8 57
213 0 16.525643239509584 19.40993788819876 9 67
214 0 16.404766016232085 19.40993788819876 10 71
215 0 16.3529614919703 18.788819875776397 12 83
216 0 16.387497841478154 18.788819875776397 11 81
217 0 76.18718701433258 76.08695652173914 1 9
218 0 16.31842514246244 18.633540372670808 13 89
219 0 53.341391814885164 53.105590062111794 2 19
220 0 33.8628906924538 34.316770186335404 3 32
221 0 23.8646175099292 24.689440993788818 4 38
222 0 18.822310481782075 19.25465838509317 5 40
223 0 18.407874287687793 18.478260869565215 6 48
224 0 17.354515627698152 19.099378881987576 7 54
225 0 16.784665860818514 18.478260869565215 8 57
226 0 16.525643239509584 19.40993788819876 9 67
227 0 16.404766016232085 19.40993788819876 10 71
228 0 16.3529614919703 18.788819875776397 12 83
229 0 16.387497841478154 18.788819875776397 11 81
230 0 76.18718701433258 76.08695652173914 1 8
231 0 16.31842514246244 18.633540372670808 13 89
232 0 53.27231911586945 52.79503105590062 2 20
233 0 33.8628906924538 34.316770186335404 3 32
234 0 23.8646175099292 24.689440993788818 4 38
235 0 18.822310481782075 19.25465838509317 5 40
236 0 18.407874287687793 18.478260869565215 6 48
237 0 17.354515627698152 19.099378881987576 7 54
238 0 16.784665860818514 18.478260869565215 8 57
239 0 16.525643239509584 19.40993788819876 9 67
240 0 76.18718701433258 76.08695652173914 1 11
241 0 14.090830599205665 14.596273291925465 26 231
242 0 52.875151096529095 52.79503105590062 2 27
243 0 52.84061474702124 52.95031055900621 2 26
244 0 34.34639958556381 34.93788819875777 3 39
245 0 34.34639958556381 34.93788819875777 3 39
246 0 25.056121567950267 25.62111801242236 4 49
247 0 14.159903298221376 14.751552795031056 23 194
248 0 25.056121567950267 25.62111801242236 4 49
249 0 20.85995510274564 22.67080745341615 5 52
250 0 20.85995510274564 22.67080745341615 5 52
251 0 20.134691763080642 22.51552795031056 6 57
252 0 20.134691763080642 22.51552795031056 6 57
253 0 17.924365394577794 19.40993788819876 7 63
254 0 17.06095665688137 18.32298136645963 8 63
255 0 15.610429977551373 16.61490683229814 9 74
256 0 15.610429977551373 16.61490683229814 9 74
257 0 15.472284579519947 16.61490683229814 10 81
258 0 17.924365394577794 19.40993788819876 7 63
259 0 17.06095665688137 18.32298136645963 8 63
260 0 14.643412191331375 15.527950310559005 11 87
261 0 14.608875841823519 15.527950310559005 12 95
262 0 14.608875841823519 15.527950310559005 12 95
263 0 14.626144016577447 15.217391304347828 13 109
264 0 14.626144016577447 15.217391304347828 13 109
265 0 14.505266793299947 14.906832298136646 14 113
266 0 15.472284579519947 16.61490683229814 10 81
267 0 14.505266793299947 14.906832298136646 14 113
268 0 14.125366948713522 14.751552795031056 22 181
269 0 14.47073044379209 14.596273291925465 16 126
270 0 14.47073044379209 14.596273291925465 17 137
271 0 14.38438957002245 14.440993788819876 18 143
272 0 14.643412191331375 15.527950310559005 11 87
273 0 14.38438957002245 14.440993788819876 18 143
274 0 14.436194094284236 14.596273291925465 19 163
275 0 14.418925919530306 14.906832298136646 15 118
276 0 14.47073044379209 14.596273291925465 17 137
277 0 14.436194094284236 14.596273291925465 19 163
278 0 14.418925919530306 14.751552795031056 20 167
279 0 14.418925919530306 14.751552795031056 20 167
280 0 14.26351234674495 14.751552795031056 21 178
281 0 14.418925919530306 14.906832298136646 15 118
282 0 14.47073044379209 14.596273291925465 16 126
283 0 14.159903298221376 14.751552795031056 23 194
284 0 14.26351234674495 14.751552795031056 21 178
285 0 14.125366948713522 14.751552795031056 22 181
286 0 76.18718701433258 76.08695652173914 1 14
287 0 14.090830599205665 14.596273291925465 26 231
288 0 52.875151096529095 52.79503105590062 2 27
289 0 34.34639958556381 34.93788819875777 3 39
290 0 25.056121567950267 25.62111801242236 4 49
291 0 20.85995510274564 22.67080745341615 5 52
292 0 20.134691763080642 22.51552795031056 6 57
293 0 15.610429977551373 16.61490683229814 9 74
294 0 17.924365394577794 19.40993788819876 7 63
295 0 17.06095665688137 18.32298136645963 8 63
296 0 14.608875841823519 15.527950310559005 12 95
297 0 14.626144016577447 15.217391304347828 13 109
298 0 15.472284579519947 16.61490683229814 10 81
299 0 14.505266793299947 14.906832298136646 14 113
