0 0 76.2603591160221 76.36080870917574 1 4
1 0 21.719613259668506 20.06220839813375 15 108
2 0 58.83977900552486 57.698289269051315 2 53
3 0 58.83977900552486 57.698289269051315 2 53
4 0 40.383287292817684 37.791601866251945 3 21
5 0 40.383287292817684 37.791601866251945 3 21
6 0 30.939226519337016 27.682737169517885 4 26
7 0 30.939226519337016 27.682737169517885 4 26
8 0 24.689226519337016 21.77293934681182 5 41
9 0 24.689226519337016 21.77293934681182 5 41
10 0 22.013121546961326 21.15085536547434 6 50
11 0 22.013121546961326 21.15085536547434 6 50
12 0 21.495165745856355 19.59564541213064 8 60
13 0 21.840469613259668 20.839813374805598 7 56
14 0 21.322513812154696 19.284603421461895 9 66
15 0 21.322513812154696 19.284603421461895 9 66
16 0 21.51243093922652 19.59564541213064 10 75
17 0 21.840469613259668 20.839813374805598 7 56
18 0 21.495165745856355 19.59564541213064 8 60
19 0 21.51243093922652 19.59564541213064 10 75
20 0 21.840469613259668 19.59564541213064 11 80
21 0 21.840469613259668 19.59564541213064 11 80
22 0 21.685082872928177 20.21772939346812 14 99
23 0 21.78867403314917 19.906687402799378 12 85
24 0 21.78867403314917 19.906687402799378 12 85
25 0 22.220303867403317 21.15085536547434 13 92
26 0 21.685082872928177 20.21772939346812 14 99
27 0 22.220303867403317 21.15085536547434 13 92
28 0 81.3017955801105 80.7153965785381 1 27
29 0 21.719613259668506 20.06220839813375 15 108
30 0 58.83977900552486 57.698289269051315 2 53
31 0 40.383287292817684 37.791601866251945 3 21
32 0 30.473066298342545 27.838258164852252 4 36
33 0 24.689226519337016 21.77293934681182 5 41
34 0 22.013121546961326 21.15085536547434 6 50
35 0 21.322513812154696 19.284603421461895 9 66
36 0 21.840469613259668 20.839813374805598 7 56
37 0 21.495165745856355 19.59564541213064 8 60
38 0 21.51243093922652 19.59564541213064 10 75
39 0 21.840469613259668 19.59564541213064 11 80
40 0 21.78867403314917 19.906687402799378 12 85
41 0 22.220303867403317 21.15085536547434 13 92
42 0 21.685082872928177 20.21772939346812 14 99
43 0 81.3017955801105 80.7153965785381 1 26
44 0 21.719613259668506 20.06220839813375 15 108
45 0 58.83977900552486 57.698289269051315 2 53
46 0 40.383287292817684 37.791601866251945 3 21
47 0 30.939226519337016 27.682737169517885 4 26
48 0 24.689226519337016 21.77293934681182 5 41
49 0 22.013121546961326 21.15085536547434 6 50
50 0 21.322513812154696 19.284603421461895 9 66
51 0 21.840469613259668 20.839813374805598 7 56
52 0 21.495165745856355 19.59564541213064 8 60
53 0 21.51243093922652 19.59564541213064 10 75
54 0 21.840469613259668 19.59564541213064 11 80
55 0 21.78867403314917 19.906687402799378 12 85
56 0 21.685082872928177 20.21772939346812 14 99
57 0 22.220303867403317 21.15085536547434 13 92
58 0 76.2603591160221 76.36080870917574 1 4
59 0 21.719613259668506 20.06220839813375 15 108
60 0 76.3639502762431 76.20528771384136 1 8
61 0 18.491022099447513 17.884914463452567 16 120
62 0 53.21132596685083 53.03265940902022 2 34
63 0 53.74654696132597 53.03265940902022 2 33
64 0 34.530386740331494 33.12597200622084 3 45
65 0 34.54765193370166 33.12597200622084 3 45
66 0 25.241712707182316 23.950233281493002 4 56
67 0 25.36256906077348 23.79471228615863 4 56
68 0 23.70511049723757 23.79471228615863 5 34
69 0 23.70511049723757 23.79471228615863 5 34
70 0 20.631906077348066 20.99533437013997 6 49
71 0 20.631906077348066 20.99533437013997 6 49
72 0 19.665055248618785 19.751166407465007 7 61
73 0 19.82044198895028 20.06220839813375 7 62
74 0 19.250690607734807 18.818040435458787 9 75
75 0 19.50966850828729 19.440124416796266 8 67
76 0 19.371546961325965 19.59564541213064 10 79
77 0 19.50966850828729 19.440124416796266 8 67
78 0 19.250690607734807 18.818040435458787 9 75
79 0 19.371546961325965 19.59564541213064 10 79
80 0 18.680939226519335 18.662519440124417 11 82
81 0 18.680939226519335 18.662519440124417 11 82
82 0 18.266574585635357 17.418351477449455 12 99
83 0 18.266574585635357 17.418351477449455 12 99
84 0 18.249309392265193 17.418351477449455 13 103
85 0 18.249309392265193 17.418351477449455 13 103
86 0 18.42196132596685 17.573872472783826 15 115
87 0 18.05939226519337 17.107309486780714 14 112
88 0 18.05939226519337 17.107309486780714 14 112
89 0 18.42196132596685 17.573872472783826 15 115
90 0 76.34668508287292 76.20528771384136 1 16
91 0 18.491022099447513 17.884914463452567 16 120
92 0 53.74654696132597 53.03265940902022 2 33
93 0 34.59944751381215 32.97045101088647 3 45
94 0 25.36256906077348 23.79471228615863 4 56
95 0 23.70511049723757 23.79471228615863 5 34
96 0 20.631906077348066 20.99533437013997 6 49
97 0 19.665055248618785 19.751166407465007 7 61
98 0 19.50966850828729 19.440124416796266 8 67
99 0 19.250690607734807 18.818040435458787 9 75
100 0 19.371546961325965 19.59564541213064 10 79
101 0 18.680939226519335 18.662519440124417 11 82
102 0 18.266574585635357 17.418351477449455 12 99
103 0 18.249309392265193 17.418351477449455 13 103
104 0 18.05939226519337 17.107309486780714 14 112
105 0 18.42196132596685 17.573872472783826 15 115
106 0 76.34668508287292 76.20528771384136 1 16
107 0 18.491022099447513 17.884914463452567 16 120
108 0 53.71201657458563 53.18818040435459 2 33
109 0 34.530386740331494 33.12597200622084 3 45
110 0 25.241712707182316 23.950233281493002 4 56
111 0 23.70511049723757 23.79471228615863 5 34
112 0 20.631906077348066 20.99533437013997 6 49
113 0 19.665055248618785 19.751166407465007 7 61
114 0 19.50966850828729 19.440124416796266 8 67
115 0 19.250690607734807 18.818040435458787 9 75
116 0 19.371546961325965 19.59564541213064 10 79
117 0 18.680939226519335 18.662519440124417 11 82
118 0 18.266574585635357 17.418351477449455 12 99
119 0 18.249309392265193 17.418351477449455 13 103
120 0 76.38121546961327 76.36080870917574 1 5
121 0 13.7603591160221 15.552099533437014 30 287
122 0 54.26450276243094 53.810264385692065 2 50
123 0 54.26450276243094 53.810264385692065 2 50
124 0 35.341850828729285 34.21461897356143 3 41
125 0 35.341850828729285 34.21461897356143 3 41
126 0 25.863259668508288 24.883359253499222 4 49
127 0 25.863259668508288 24.883359253499222 4 49
128 0 20.321132596685082 20.684292379471227 5 55
129 0 20.321132596685082 20.684292379471227 5 55
130 0 19.060773480662984 20.52877138413686 6 61
131 0 19.060773480662984 20.52877138413686 6 61
132 0 18.249309392265193 20.37325038880249 7 69
133 0 17.00621546961326 18.662519440124417 8 73
134 0 16.69544198895028 18.195956454121305 9 78
135 0 16.69544198895028 18.195956454121305 9 78
136 0 16.729972375690608 18.040435458786934 10 85
137 0 16.729972375690608 18.040435458786934 10 85
138 0 15.469613259668508 17.107309486780714 11 88
139 0 18.249309392265193 20.37325038880249 7 69
140 0 17.00621546961326 18.662519440124417 8 73
141 0 15.469613259668508 17.107309486780714 11 88
142 0 15.366022099447513 16.951788491446347 12 97
143 0 15.107044198895029 16.796267496111973 15 120
144 0 15.072513812154694 15.707620528771384 16 135
145 0 15.072513812154694 15.707620528771384 16 135
146 0 14.744475138121546 15.707620528771384 17 149
147 0 14.468232044198896 16.174183514774494 20 182
148 0 14.433701657458563 16.018662519440124 21 192
149 0 14.744475138121546 15.707620528771384 17 149
150 0 15.279696132596685 16.951788491446347 13 103
151 0 15.124309392265193 16.951788491446347 14 112
152 0 14.77900552486188 15.396578538102643 18 159
153 0 15.366022099447513 16.951788491446347 12 97
154 0 14.77900552486188 15.241057542768274 19 166
155 0 15.279696132596685 16.951788491446347 13 103
156 0 14.468232044198896 16.174183514774494 20 182
157 0 14.209254143646408 16.018662519440124 26 236
158 0 14.019337016574585 16.485225505443236 27 243
159 0 14.433701657458563 16.018662519440124 21 192
160 0 14.77900552486188 15.396578538102643 18 159
161 0 15.124309392265193 16.951788491446347 14 112
162 0 13.915745856353592 16.329704510108865 28 261
163 0 15.107044198895029 16.796267496111973 15 120
164 0 14.77900552486188 15.241057542768274 19 166
165 0 14.278314917127071 16.485225505443236 22 198
166 0 13.812154696132598 15.552099533437014 29 278
167 0 14.019337016574585 16.485225505443236 27 243
168 0 13.915745856353592 16.329704510108865 28 261
169 0 14.053867403314918 16.174183514774494 23 215
170 0 14.019337016574585 16.174183514774494 24 224
171 0 14.278314917127071 16.485225505443236 22 198
172 0 14.019337016574585 16.174183514774494 24 224
173 0 14.053867403314918 16.174183514774494 23 215
174 0 14.053867403314918 16.174183514774494 25 234
175 0 13.812154696132598 15.552099533437014 29 278
176 0 14.174723756906078 16.174183514774494 25 226
177 0 14.209254143646408 16.018662519440124 26 236
178 0 76.38121546961327 76.36080870917574 1 5
179 0 13.7603591160221 15.552099533437014 30 287
180 0 76.29488950276243 76.20528771384136 1 7
181 0 14.986187845303867 14.618973561430792 21 139
182 0 53.60842541436463 53.18818040435459 2 26
183 0 53.60842541436463 53.18818040435459 2 26
184 0 34.65124309392265 33.28149300155521 3 39
185 0 34.65124309392265 33.28149300155521 3 39
186 0 25.20718232044199 23.79471228615863 4 49
187 0 25.20718232044199 23.79471228615863 4 49
188 0 19.060773480662984 17.418351477449455 5 49
189 0 19.060773480662984 17.418351477449455 5 49
190 0 17.265193370165747 16.018662519440124 6 60
191 0 17.265193370165747 16.018662519440124 6 60
192 0 17.12707182320442 15.863141524105753 7 68
193 0 16.660911602209943 15.241057542768274 8 71
194 0 16.14295580110497 14.774494556765164 9 83
195 0 17.12707182320442 15.863141524105753 7 68
196 0 16.660911602209943 15.241057542768274 8 71
197 0 16.14295580110497 14.774494556765164 9 83
198 0 15.797651933701657 14.774494556765164 10 93
199 0 15.797651933701657 14.774494556765164 10 93
200 0 15.504143646408842 14.774494556765164 14 110
201 0 15.366022099447513 15.396578538102643 15 109
202 0 15.573204419889503 14.930015552099535 11 104
203 0 15.797651933701657 14.930015552099535 13 120
204 0 15.504143646408842 14.774494556765164 14 110
205 0 15.573204419889503 14.930015552099535 11 104
206 0 15.366022099447513 15.396578538102643 15 109
207 0 15.158839779005525 15.241057542768274 16 113
208 0 15.728591160220995 14.930015552099535 12 110
209 0 15.158839779005525 15.241057542768274 16 113
210 0 15.193370165745856 14.774494556765164 19 128
211 0 15.037983425414364 14.618973561430792 20 132
212 0 15.037983425414364 14.307931570762053 17 123
213 0 15.728591160220995 14.930015552099535 12 110
214 0 15.037983425414364 14.307931570762053 17 123
215 0 15.037983425414364 14.618973561430792 20 132
216 0 15.193370165745856 15.085536547433904 18 122
217 0 15.797651933701657 14.930015552099535 13 120
218 0 15.193370165745856 14.774494556765164 19 128
219 0 15.193370165745856 15.085536547433904 18 122
220 0 76.29488950276243 76.20528771384136 1 7
221 0 14.986187845303867 14.618973561430792 21 139
222 0 53.60842541436463 53.18818040435459 2 26
223 0 34.65124309392265 33.28149300155521 3 39
224 0 25.20718232044199 23.79471228615863 4 49
225 0 19.060773480662984 17.418351477449455 5 49
226 0 17.265193370165747 16.018662519440124 6 60
227 0 17.12707182320442 15.863141524105753 7 68
228 0 16.660911602209943 15.241057542768274 8 71
229 0 16.14295580110497 14.774494556765164 9 83
230 0 15.797651933701657 14.774494556765164 10 93
231 0 15.504143646408842 14.774494556765164 14 110
232 0 15.573204419889503 14.930015552099535 11 104
233 0 15.366022099447513 15.396578538102643 15 109
234 0 15.158839779005525 15.241057542768274 16 113
235 0 15.728591160220995 14.930015552099535 12 110
236 0 15.037983425414364 14.307931570762053 17 123
237 0 15.037983425414364 14.618973561430792 20 132
238 0 15.193370165745856 14.774494556765164 19 128
239 0 15.193370165745856 15.085536547433904 18 122
240 0 76.17403314917127 76.20528771384136 1 9
241 0 14.450966850828728 15.707620528771384 38 264
242 0 52.883287292817684 53.03265940902022 2 31
243 0 14.485497237569062 15.552099533437014 26 181
244 0 52.883287292817684 53.03265940902022 2 31
245 0 34.841160220994475 33.28149300155521 3 33
246 0 34.841160220994475 33.28149300155521 3 33
247 0 25.483425414364643 23.950233281493002 4 38
248 0 25.483425414364643 23.950233281493002 4 38
249 0 19.52693370165746 18.818040435458787 5 42
250 0 19.52693370165746 18.818040435458787 5 42
251 0 17.73135359116022 17.573872472783826 6 50
252 0 14.60635359116022 15.707620528771384 24 173
253 0 14.485497237569062 15.552099533437014 26 181
254 0 17.73135359116022 17.573872472783826 6 50
255 0 17.472375690607738 17.573872472783826 7 55
256 0 17.69682320441989 15.863141524105753 8 62
257 0 17.45511049723757 16.018662519440124 9 67
258 0 17.472375690607738 17.573872472783826 7 55
259 0 17.69682320441989 15.863141524105753 8 62
260 0 17.45511049723757 16.018662519440124 9 67
261 0 16.71270718232044 15.396578538102643 10 71
262 0 16.71270718232044 15.396578538102643 10 71
263 0 16.2292817679558 15.396578538102643 11 75
264 0 15.65953038674033 14.930015552099535 12 85
265 0 15.469613259668508 15.085536547433904 13 89
266 0 15.331491712707182 15.241057542768274 15 100
267 0 15.158839779005525 15.552099533437014 16 108
268 0 16.2292817679558 15.396578538102643 11 75
269 0 15.65953038674033 14.930015552099535 12 85
270 0 15.158839779005525 15.552099533437014 16 108
271 0 14.934392265193368 15.707620528771384 17 114
272 0 15.469613259668508 15.085536547433904 13 89
273 0 15.227900552486187 14.774494556765164 14 94
274 0 14.986187845303867 15.552099533437014 18 128
275 0 14.77900552486188 15.707620528771384 19 130
276 0 14.727209944751381 15.707620528771384 20 141
277 0 14.60635359116022 15.396578538102643 21 147
278 0 14.468232044198896 15.707620528771384 22 149
279 0 14.537292817679559 15.707620528771384 22 147
280 0 14.77900552486188 15.707620528771384 19 130
281 0 14.60635359116022 15.396578538102643 21 147
282 0 14.727209944751381 15.707620528771384 20 141
283 0 14.537292817679559 15.863141524105753 23 153
284 0 14.589088397790057 15.863141524105753 23 167
285 0 14.60635359116022 15.707620528771384 24 173
286 0 14.934392265193368 15.707620528771384 17 114
287 0 14.986187845303867 15.552099533437014 18 128
288 0 15.227900552486187 14.774494556765164 14 94
289 0 15.331491712707182 15.241057542768274 15 100
290 0 76.17403314917127 76.20528771384136 1 9
291 0 14.450966850828728 15.707620528771384 38 264
292 0 52.883287292817684 53.03265940902022 2 31
293 0 34.841160220994475 33.28149300155521 3 33
294 0 25.483425414364643 23.950233281493002 4 38
295 0 19.52693370165746 18.818040435458787 5 42
296 0 14.485497237569062 15.552099533437014 26 181
297 0 17.73135359116022 17.573872472783826 6 50
298 0 17.472375690607738 17.573872472783826 7 55
299 0 17.69682320441989 15.863141524105753 8 62
