0 0 79.89984458642722 80.12422360248446 1 6
1 0 21.378000345363496 24.22360248447205 14 90
2 0 59.747884648592645 60.40372670807454 2 44
3 0 59.747884648592645 60.40372670807454 2 44
4 0 41.1845967881195 42.391304347826086 3 22
5 0 41.1845967881195 42.391304347826086 3 22
6 0 31.756173372474528 33.22981366459628 4 26
7 0 31.756173372474528 33.22981366459628 4 26
8 0 26.88654809186669 29.503105590062113 5 38
9 0 26.88654809186669 29.503105590062113 5 38
10 0 23.329304092557418 25.931677018633543 6 48
11 0 23.329304092557418 25.931677018633543 6 48
12 0 23.225695044033845 25.931677018633543 7 54
13 0 21.68882749093421 24.22360248447205 10 69
14 0 21.757900189949922 24.06832298136646 11 73
15 0 23.122085995510275 25.77639751552795 8 59
16 0 22.94940424797099 25.15527950310559 9 65
17 0 23.225695044033845 25.931677018633543 7 54
18 0 23.122085995510275 25.77639751552795 8 59
19 0 22.94940424797099 25.15527950310559 9 65
20 0 21.68882749093421 24.22360248447205 10 69
21 0 21.757900189949922 24.06832298136646 11 73
22 0 21.464341219133136 24.22360248447205 12 81
23 0 21.654291141426352 24.06832298136646 13 85
24 0 21.464341219133136 24.22360248447205 12 81
25 0 21.654291141426352 24.06832298136646 13 85
26 0 79.89984458642722 80.12422360248446 1 6
27 0 21.378000345363496 24.22360248447205 14 90
28 0 59.747884648592645 60.40372670807454 2 44
29 0 41.1845967881195 42.391304347826086 3 22
30 0 31.756173372474528 33.22981366459628 4 26
31 0 26.88654809186669 29.503105590062113 5 38
32 0 23.329304092557418 25.931677018633543 6 48
33 0 23.225695044033845 25.931677018633543 7 54
34 0 23.122085995510275 25.77639751552795 8 59
35 0 22.84579519944742 25.310559006211182 9 65
36 0 21.68882749093421 24.22360248447205 10 69
37 0 21.757900189949922 24.06832298136646 11 73
38 0 21.464341219133136 24.22360248447205 12 81
39 0 21.654291141426352 24.06832298136646 13 85
40 0 79.89984458642722 80.12422360248446 1 9
41 0 21.378000345363496 24.22360248447205 14 90
42 0 59.747884648592645 60.40372670807454 2 44
43 0 41.961664652046274 43.63354037267081 3 28
44 0 31.756173372474528 33.22981366459628 4 26
45 0 26.88654809186669 29.503105590062113 5 38
46 0 23.329304092557418 25.931677018633543 6 48
47 0 23.225695044033845 25.931677018633543 7 54
48 0 23.08754964600242 25.931677018633543 8 60
49 0 22.94940424797099 25.15527950310559 9 65
50 0 21.68882749093421 24.22360248447205 10 69
51 0 21.757900189949922 24.06832298136646 11 73
52 0 21.464341219133136 24.22360248447205 12 81
53 0 21.654291141426352 24.06832298136646 13 85
54 0 79.89984458642722 80.12422360248446 1 9
55 0 21.378000345363496 24.22360248447205 14 90
56 0 59.747884648592645 60.40372670807454 2 44
57 0 41.1845967881195 42.391304347826086 3 22
58 0 31.756173372474528 33.22981366459628 4 26
59 0 26.88654809186669 29.503105590062113 5 38
60 0 76.16991883957866 76.24223602484473 1 7
61 0 16.491106890001728 17.080745341614907 12 86
62 0 54.187532377827665 54.503105590062106 2 38
63 0 54.187532377827665 54.503105590062106 2 38
64 0 35.01985840096702 35.40372670807454 3 54
65 0 35.01985840096702 35.40372670807454 3 54
66 0 25.297876014505267 25.310559006211182 4 59
67 0 25.297876014505267 25.310559006211182 4 59
68 0 19.34035572439993 18.012422360248447 5 38
69 0 19.34035572439993 18.012422360248447 5 38
70 0 17.71714729753065 17.080745341614907 6 43
71 0 17.71714729753065 17.080745341614907 6 43
72 0 17.26817475392851 16.77018633540373 7 55
73 0 17.26817475392851 16.77018633540373 7 55
74 0 17.112761181143153 16.925465838509314 8 66
75 0 17.112761181143153 16.925465838509314 8 66
76 0 16.646520462787084 16.61490683229814 9 70
77 0 16.646520462787084 16.61490683229814 9 70
78 0 16.715593161802797 17.080745341614907 10 75
79 0 16.715593161802797 17.080745341614907 10 75
80 0 16.611984113279227 17.236024844720497 11 78
81 0 16.611984113279227 17.236024844720497 11 78
82 0 76.16991883957866 76.24223602484473 1 7
83 0 16.491106890001728 17.080745341614907 12 86
84 0 54.187532377827665 54.503105590062106 2 38
85 0 35.01985840096702 35.40372670807454 3 54
86 0 25.297876014505267 25.310559006211182 4 59
87 0 19.34035572439993 18.012422360248447 5 38
88 0 17.71714729753065 17.080745341614907 6 43
89 0 17.26817475392851 16.77018633540373 7 55
90 0 17.112761181143153 16.925465838509314 8 66
91 0 16.646520462787084 16.61490683229814 9 70
92 0 16.715593161802797 17.080745341614907 10 75
93 0 16.611984113279227 17.236024844720497 11 78
94 0 76.16991883957866 76.24223602484473 1 7
95 0 16.491106890001728 17.080745341614907 12 86
96 0 54.10119150405802 54.503105590062106 2 39
97 0 35.01985840096702 35.40372670807454 3 54
98 0 25.297876014505267 25.310559006211182 4 59
99 0 19.34035572439993 18.012422360248447 5 38
100 0 17.71714729753065 17.080745341614907 6 43
101 0 17.26817475392851 16.77018633540373 7 55
102 0 17.112761181143153 16.925465838509314 8 66
103 0 16.646520462787084 16.61490683229814 9 70
104 0 16.715593161802797 17.080745341614907 10 75
105 0 16.611984113279227 17.236024844720497 11 78
106 0 76.16991883957866 76.24223602484473 1 8
107 0 16.491106890001728 17.080745341614907 12 86
108 0 54.0839233293041 54.347826086956516 2 37
109 0 35.01985840096702 35.40372670807454 3 54
110 0 25.297876014505267 25.310559006211182 4 59
111 0 19.34035572439993 18.012422360248447 5 38
112 0 17.71714729753065 17.080745341614907 6 43
113 0 17.26817475392851 16.77018633540373 7 55
114 0 17.112761181143153 16.925465838509314 8 66
115 0 16.646520462787084 16.61490683229814 9 70
116 0 16.715593161802797 17.080745341614907 10 75
117 0 16.611984113279227 17.236024844720497 11 78
118 0 76.16991883957866 76.24223602484473 1 7
119 0 16.491106890001728 17.080745341614907 12 86
120 0 76.41167328613365 76.5527950310559 1 9
121 0 15.075116560179588 17.70186335403727 19 148
122 0 53.42773268865481 53.41614906832298 2 44
123 0 53.42773268865481 53.41614906832298 2 44
124 0 34.450008634087375 34.316770186335404 3 26
125 0 34.450008634087375 34.316770186335404 3 26
126 0 24.071835606976343 24.37888198757764 4 32
127 0 24.071835606976343 24.37888198757764 4 32
128 0 18.097047142117077 18.788819875776397 5 40
129 0 18.097047142117077 18.788819875776397 5 40
130 0 17.38905197720601 20.031055900621116 6 47
131 0 17.38905197720601 20.031055900621116 6 47
132 0 16.750129511310654 19.40993788819876 7 58
133 0 16.750129511310654 19.40993788819876 7 58
134 0 16.491106890001728 19.72049689440994 8 69
135 0 16.491106890001728 19.72049689440994 8 69
136 0 15.627698152305303 18.32298136645963 9 78
137 0 15.627698152305303 18.32298136645963 9 78
138 0 15.558625453289586 18.16770186335404 10 82
139 0 15.558625453289586 18.16770186335404 10 82
140 0 15.52408910378173 18.012422360248447 11 91
141 0 15.52408910378173 18.012422360248447 11 91
142 0 15.17872560870316 18.012422360248447 12 98
143 0 15.17872560870316 18.012422360248447 12 98
144 0 15.126921084441374 17.70186335403727 13 109
145 0 15.144189259195304 17.70186335403727 16 128
146 0 15.126921084441374 17.70186335403727 17 136
147 0 15.126921084441374 17.70186335403727 13 109
148 0 15.144189259195304 18.012422360248447 14 112
149 0 15.144189259195304 18.012422360248447 14 112
150 0 15.092384734933518 17.70186335403727 15 123
151 0 15.109652909687446 17.70186335403727 18 142
152 0 15.126921084441374 17.70186335403727 17 136
153 0 15.092384734933518 17.70186335403727 15 123
154 0 15.144189259195304 17.70186335403727 16 128
155 0 15.109652909687446 17.70186335403727 18 142
156 0 76.41167328613365 76.5527950310559 1 10
157 0 15.075116560179588 17.70186335403727 19 148
158 0 53.42773268865481 53.41614906832298 2 44
159 0 34.450008634087375 34.316770186335404 3 26
160 0 24.071835606976343 24.37888198757764 4 32
161 0 18.097047142117077 18.788819875776397 5 40
162 0 17.38905197720601 20.031055900621116 6 47
163 0 16.750129511310654 19.40993788819876 7 58
164 0 16.491106890001728 19.72049689440994 8 69
165 0 15.627698152305303 18.32298136645963 9 78
166 0 15.558625453289586 18.16770186335404 10 82
167 0 15.52408910378173 18.012422360248447 11 91
168 0 15.17872560870316 18.012422360248447 12 98
169 0 15.126921084441374 17.70186335403727 13 109
170 0 15.144189259195304 18.012422360248447 14 112
171 0 15.126921084441374 17.70186335403727 17 136
172 0 15.092384734933518 17.70186335403727 15 123
173 0 15.144189259195304 17.70186335403727 16 128
174 0 15.109652909687446 17.70186335403727 18 142
175 0 76.42894146088759 76.5527950310559 1 11
176 0 15.075116560179588 17.70186335403727 19 148
177 0 53.42773268865481 53.41614906832298 2 44
178 0 34.450008634087375 34.316770186335404 3 26
179 0 24.071835606976343 24.37888198757764 4 32
180 0 76.42894146088759 76.3975155279503 1 7
181 0 16.24935244344673 16.61490683229814 14 110
182 0 53.358659989639094 53.105590062111794 2 57
183 0 53.358659989639094 53.105590062111794 2 57
184 0 34.743567604904165 35.714285714285715 3 26
185 0 34.743567604904165 35.714285714285715 3 26
186 0 25.246071490243484 27.173913043478258 4 29
187 0 25.246071490243484 27.173913043478258 4 29
188 0 19.2022103263685 20.652173913043477 5 36
189 0 19.2022103263685 20.652173913043477 5 36
190 0 18.42514246244172 20.18633540372671 6 47
191 0 17.95890174408565 18.944099378881987 7 52
192 0 17.54446554999137 18.633540372670808 8 60
193 0 17.16456570540494 17.546583850931675 10 74
194 0 16.871006734588153 17.391304347826086 11 82
195 0 17.54446554999137 18.633540372670808 8 60
196 0 16.92281125884994 17.080745341614907 9 65
197 0 16.92281125884994 17.080745341614907 9 65
198 0 17.16456570540494 17.546583850931675 10 74
199 0 18.42514246244172 20.18633540372671 6 47
200 0 17.95890174408565 18.944099378881987 7 52
201 0 16.871006734588153 17.391304347826086 11 82
202 0 16.370229666724228 16.925465838509314 13 100
203 0 16.370229666724228 17.080745341614907 12 89
204 0 16.370229666724228 17.080745341614907 12 89
205 0 16.370229666724228 16.925465838509314 13 100
206 0 76.42894146088759 76.3975155279503 1 7
207 0 16.24935244344673 16.61490683229814 14 110
208 0 53.358659989639094 53.105590062111794 2 57
209 0 34.743567604904165 35.714285714285715 3 26
210 0 25.246071490243484 27.173913043478258 4 29
211 0 19.2022103263685 20.652173913043477 5 36
212 0 17.54446554999137 18.633540372670808 8 60
213 0 16.92281125884994 17.080745341614907 9 65
214 0 17.16456570540494 17.546583850931675 10 74
215 0 18.42514246244172 20.18633540372671 6 47
216 0 17.95890174408565 18.944099378881987 7 52
217 0 16.871006734588153 17.391304347826086 11 82
218 0 16.370229666724228 17.080745341614907 12 89
219 0 16.370229666724228 16.925465838509314 13 100
220 0 76.42894146088759 76.3975155279503 1 8
221 0 16.24935244344673 16.61490683229814 14 110
222 0 53.61768261094802 53.2608695652174 2 57
223 0 34.743567604904165 35.714285714285715 3 26
224 0 25.246071490243484 27.173913043478258 4 29
225 0 19.2022103263685 20.652173913043477 5 36
226 0 17.54446554999137 18.633540372670808 8 60
227 0 17.16456570540494 17.546583850931675 10 74
228 0 16.92281125884994 17.080745341614907 9 65
229 0 18.42514246244172 20.18633540372671 6 47
230 0 17.95890174408565 18.944099378881987 7 52
231 0 16.871006734588153 17.391304347826086 11 82
232 0 16.370229666724228 17.080745341614907 12 89
233 0 16.370229666724228 16.925465838509314 13 100
234 0 76.42894146088759 76.3975155279503 1 8
235 0 16.24935244344673 16.61490683229814 14 110
236 0 53.61768261094802 53.2608695652174 2 57
237 0 34.743567604904165 35.714285714285715 3 26
238 0 25.246071490243484 27.173913043478258 4 29
239 0 19.2022103263685 20.652173913043477 5 36
240 0 76.20445518908652 76.3975155279503 1 6
241 0 13.538249007079953 16.77018633540373 29 209
242 0 53.28958729062339 54.037267080745345 2 52
243 0 53.28958729062339 54.037267080745345 2 52
244 0 34.484544983595235 34.316770186335404 3 33
245 0 34.484544983595235 34.316770186335404 3 33
246 0 24.91797616991884 24.53416149068323 4 39
247 0 24.91797616991884 24.53416149068323 4 39
248 0 22.103263685028494 24.06832298136646 5 52
249 0 13.745467104127092 16.925465838509314 23 164
250 0 13.935417026420307 16.61490683229814 20 143
251 0 22.103263685028494 24.06832298136646 5 52
252 0 16.819202210326367 18.012422360248447 6 59
253 0 14.38438957002245 16.77018633540373 14 101
254 0 13.624589880849594 16.61490683229814 24 168
255 0 14.401657744776378 15.683229813664596 12 98
256 0 13.659126230357451 16.77018633540373 26 201
257 0 13.69366257986531 16.925465838509314 27 193
258 0 16.819202210326367 18.012422360248447 6 59
259 0 15.90398894836816 16.925465838509314 7 69
260 0 15.90398894836816 16.925465838509314 7 69
261 0 15.17872560870316 15.993788819875776 8 76
262 0 15.17872560870316 15.993788819875776 8 76
263 0 14.798825764116733 15.993788819875776 9 83
264 0 14.14263512346745 16.459627329192546 16 119
265 0 14.073562424451735 16.304347826086957 17 123
266 0 14.039026074943878 16.925465838509314 18 131
267 0 14.073562424451735 16.304347826086957 17 123
268 0 14.798825764116733 15.993788819875776 9 83
269 0 14.177171472975306 16.77018633540373 15 107
270 0 14.177171472975306 16.77018633540373 15 107
271 0 14.14263512346745 16.459627329192546 16 119
272 0 14.677948540839234 16.304347826086957 10 89
273 0 14.401657744776378 15.683229813664596 12 98
274 0 14.00448972543602 16.77018633540373 18 130
275 0 14.677948540839234 16.304347826086957 10 89
276 0 13.935417026420307 16.77018633540373 19 138
277 0 14.608875841823519 16.304347826086957 11 115
278 0 14.38438957002245 16.77018633540373 14 101
279 0 13.935417026420307 16.61490683229814 20 143
280 0 13.69366257986531 16.925465838509314 27 193
281 0 14.608875841823519 16.304347826086957 11 115
282 0 13.745467104127092 16.925465838509314 23 164
283 0 13.624589880849594 16.61490683229814 24 168
284 0 13.935417026420307 16.77018633540373 19 138
285 0 13.659126230357451 16.77018633540373 26 201
286 0 76.20445518908652 76.3975155279503 1 7
287 0 13.538249007079953 16.77018633540373 29 209
288 0 53.28958729062339 54.037267080745345 2 52
289 0 34.484544983595235 34.316770186335404 3 33
290 0 24.91797616991884 24.53416149068323 4 39
291 0 22.103263685028494 24.06832298136646 5 52
292 0 16.819202210326367 18.012422360248447 6 59
293 0 15.90398894836816 16.925465838509314 7 69
294 0 15.17872560870316 15.993788819875776 8 76
295 0 14.073562424451735 16.304347826086957 17 123
296 0 14.798825764116733 15.993788819875776 9 83
297 0 14.177171472975306 16.77018633540373 15 107
298 0 14.14263512346745 16.459627329192546 16 119
299 0 14.401657744776378 15.683229813664596 12 98
