0 0 76.34668508287292 76.51632970451011 1 5
1 0 17.21339779005525 17.573872472783826 12 83
2 0 53.76381215469613 54.12130637636081 2 57
3 0 53.76381215469613 54.12130637636081 2 57
4 0 34.04696132596685 34.68118195956454 3 25
5 0 34.04696132596685 34.68118195956454 3 25
6 0 24.343922651933703 24.883359253499222 4 27
7 0 24.343922651933703 24.883359253499222 4 27
8 0 19.406077348066297 20.06220839813375 5 38
9 0 19.406077348066297 20.06220839813375 5 38
10 0 18.439226519337016 18.973561430793158 6 48
11 0 18.439226519337016 18.973561430793158 6 48
12 0 18.23204419889503 18.973561430793158 7 53
13 0 18.249309392265193 18.506998444790046 7 53
14 0 17.316988950276244 17.573872472783826 10 71
15 0 17.99033149171271 18.973561430793158 8 56
16 0 17.99033149171271 18.973561430793158 8 56
17 0 17.230662983425415 17.573872472783826 11 76
18 0 18.180248618784532 18.662519440124417 9 66
19 0 18.180248618784532 18.662519440124417 9 66
20 0 17.316988950276244 17.573872472783826 10 71
21 0 17.230662983425415 17.573872472783826 11 76
22 0 76.8128453038674 76.98289269051321 1 28
23 0 17.21339779005525 17.573872472783826 12 83
24 0 53.76381215469613 54.12130637636081 2 57
25 0 34.04696132596685 34.68118195956454 3 25
26 0 24.343922651933703 24.883359253499222 4 27
27 0 19.406077348066297 20.06220839813375 5 38
28 0 18.439226519337016 18.973561430793158 6 48
29 0 18.23204419889503 18.973561430793158 7 53
30 0 17.99033149171271 18.973561430793158 8 56
31 0 18.180248618784532 18.662519440124417 9 66
32 0 17.316988950276244 17.573872472783826 10 71
33 0 17.230662983425415 17.573872472783826 11 76
34 0 76.8128453038674 76.98289269051321 1 28
35 0 17.21339779005525 17.573872472783826 12 83
36 0 53.76381215469613 54.12130637636081 2 57
37 0 34.04696132596685 34.68118195956454 3 25
38 0 24.343922651933703 24.883359253499222 4 27
39 0 19.406077348066297 20.06220839813375 5 38
40 0 18.439226519337016 18.973561430793158 6 48
41 0 18.23204419889503 18.973561430793158 7 53
42 0 17.99033149171271 18.973561430793158 8 56
43 0 18.180248618784532 18.662519440124417 9 66
44 0 17.316988950276244 17.573872472783826 10 71
45 0 17.230662983425415 17.573872472783826 11 76
46 0 76.8128453038674 76.98289269051321 1 29
47 0 17.21339779005525 17.573872472783826 12 83
48 0 53.76381215469613 54.12130637636081 2 57
49 0 34.04696132596685 34.68118195956454 3 25
50 0 24.343922651933703 24.883359253499222 4 27
51 0 19.406077348066297 20.06220839813375 5 38
52 0 18.439226519337016 18.973561430793158 6 48
53 0 18.23204419889503 18.973561430793158 7 53
54 0 17.99033149171271 18.973561430793158 8 56
55 0 18.180248618784532 18.662519440124417 9 66
56 0 17.316988950276244 17.573872472783826 10 71
57 0 17.230662983425415 17.573872472783826 11 76
58 0 76.8128453038674 76.98289269051321 1 29
59 0 17.21339779005525 17.573872472783826 12 83
60 0 76.17403314917127 76.20528771384136 1 4
61 0 15.383287292817679 15.552099533437014 15 136
62 0 52.98687845303868 53.18818040435459 2 52
63 0 52.98687845303868 53.18818040435459 2 52
64 0 34.49585635359116 35.45878693623639 3 34
65 0 34.49585635359116 35.45878693623639 3 34
66 0 24.861878453038674 25.660964230171075 4 39
67 0 24.861878453038674 25.660964230171075 4 39
68 0 19.924033149171272 20.52877138413686 5 43
69 0 19.924033149171272 20.52877138413686 5 43
70 0 17.230662983425415 17.573872472783826 6 54
71 0 17.230662983425415 17.573872472783826 6 54
72 0 16.574585635359114 16.951788491446347 7 62
73 0 16.574585635359114 16.951788491446347 7 62
74 0 16.16022099447514 16.640746500777606 8 70
75 0 16.16022099447514 16.640746500777606 8 70
76 0 15.970303867403315 16.640746500777606 9 76
77 0 15.970303867403315 16.640746500777606 9 76
78 0 15.763121546961326 16.796267496111973 10 84
79 0 15.383287292817679 16.174183514774494 11 99
80 0 15.573204419889503 16.329704510108865 12 106
81 0 15.763121546961326 16.796267496111973 10 84
82 0 15.625 16.796267496111973 11 110
83 0 15.504143646408842 16.174183514774494 13 111
84 0 15.452348066298343 15.707620528771384 14 126
85 0 15.573204419889503 16.329704510108865 12 106
86 0 15.452348066298343 15.707620528771384 14 126
87 0 15.504143646408842 16.174183514774494 13 111
88 0 76.2085635359116 76.20528771384136 1 26
89 0 15.383287292817679 15.552099533437014 15 136
90 0 52.98687845303868 53.18818040435459 2 52
91 0 34.49585635359116 35.45878693623639 3 34
92 0 24.861878453038674 25.660964230171075 4 39
93 0 19.924033149171272 20.52877138413686 5 43
94 0 17.230662983425415 17.573872472783826 6 54
95 0 16.574585635359114 16.951788491446347 7 62
96 0 16.16022099447514 16.640746500777606 8 70
97 0 15.970303867403315 16.640746500777606 9 76
98 0 15.763121546961326 16.796267496111973 10 84
99 0 15.625 16.796267496111973 11 110
100 0 15.573204419889503 16.329704510108865 12 106
101 0 15.452348066298343 15.707620528771384 14 126
102 0 15.504143646408842 16.174183514774494 13 111
103 0 76.2085635359116 76.20528771384136 1 26
104 0 15.383287292817679 15.552099533437014 15 136
105 0 52.98687845303868 53.18818040435459 2 52
106 0 34.49585635359116 35.45878693623639 3 34
107 0 24.861878453038674 25.660964230171075 4 39
108 0 19.924033149171272 20.52877138413686 5 43
109 0 17.230662983425415 17.573872472783826 6 54
110 0 16.574585635359114 16.951788491446347 7 62
111 0 16.16022099447514 16.640746500777606 8 70
112 0 15.970303867403315 16.640746500777606 9 76
113 0 15.763121546961326 16.796267496111973 10 84
114 0 15.625 16.796267496111973 11 110
115 0 15.573204419889503 16.329704510108865 12 106
116 0 15.452348066298343 15.707620528771384 14 126
117 0 15.504143646408842 16.174183514774494 13 111
118 0 76.17403314917127 76.20528771384136 1 4
119 0 15.383287292817679 15.552099533437014 15 136
120 0 76.29488950276243 76.20528771384136 1 7
121 0 16.557320441988953 17.884914463452567 15 120
122 0 53.228591160220994 53.654743390357694 2 48
123 0 53.228591160220994 53.654743390357694 2 48
124 0 35.5317679558011 36.54743390357698 3 23
125 0 17.023480662983424 18.973561430793158 11 89
126 0 35.5317679558011 36.54743390357698 3 23
127 0 25.517955801104975 26.749611197511662 4 29
128 0 25.517955801104975 26.749611197511662 4 29
129 0 20.28660220994475 21.30637636080871 5 34
130 0 20.28660220994475 21.30637636080871 5 34
131 0 18.370165745856355 20.06220839813375 6 49
132 0 18.370165745856355 20.06220839813375 6 49
133 0 17.61049723756906 20.06220839813375 7 56
134 0 17.61049723756906 20.06220839813375 7 56
135 0 17.265193370165747 19.284603421461895 8 61
136 0 17.265193370165747 19.284603421461895 8 61
137 0 17.230662983425415 19.284603421461895 9 72
138 0 17.230662983425415 19.284603421461895 9 72
139 0 17.178867403314918 19.284603421461895 10 84
140 0 17.178867403314918 19.284603421461895 10 84
141 0 17.023480662983424 18.973561430793158 11 89
142 0 76.29488950276243 76.20528771384136 1 8
143 0 53.228591160220994 53.654743390357694 2 48
144 0 35.5317679558011 36.54743390357698 3 23
145 0 25.517955801104975 26.749611197511662 4 29
146 0 20.28660220994475 21.30637636080871 5 34
147 0 18.370165745856355 20.06220839813375 6 49
148 0 17.61049723756906 20.06220839813375 7 56
149 0 17.265193370165747 19.284603421461895 8 61
150 0 17.230662983425415 19.284603421461895 9 72
151 0 17.178867403314918 19.284603421461895 10 84
152 0 17.023480662983424 18.973561430793158 11 89
153 0 76.29488950276243 76.20528771384136 1 7
154 0 53.228591160220994 53.654743390357694 2 48
155 0 35.5317679558011 36.54743390357698 3 23
156 0 25.517955801104975 26.749611197511662 4 29
157 0 20.28660220994475 21.30637636080871 5 34
158 0 18.370165745856355 20.06220839813375 6 49
159 0 17.61049723756906 20.06220839813375 7 56
160 0 17.265193370165747 19.284603421461895 8 61
161 0 17.230662983425415 19.284603421461895 9 72
162 0 17.178867403314918 19.284603421461895 10 84
163 0 17.023480662983424 18.973561430793158 11 89
164 0 76.19129834254143 76.20528771384136 1 6
165 0 53.055939226519335 53.499222395023324 2 49
166 0 35.5317679558011 36.54743390357698 3 23
167 0 25.517955801104975 26.749611197511662 4 29
168 0 20.28660220994475 21.30637636080871 5 34
169 0 18.370165745856355 20.06220839813375 6 49
170 0 17.61049723756906 20.06220839813375 7 56
171 0 17.265193370165747 19.284603421461895 8 61
172 0 17.230662983425415 19.284603421461895 9 72
173 0 17.178867403314918 19.284603421461895 10 84
174 0 17.023480662983424 18.973561430793158 11 89
175 0 76.29488950276243 76.20528771384136 1 7
176 0 25.517955801104975 26.749611197511662 4 29
177 0 20.28660220994475 21.30637636080871 5 34
178 0 18.370165745856355 20.06220839813375 6 49
179 0 17.265193370165747 19.284603421461895 8 61
180 0 76.17403314917127 76.20528771384136 1 6
181 0 14.122928176795579 17.107309486780714 29 227
182 0 53.74654696132597 54.43234836702955 2 41
183 0 53.74654696132597 54.43234836702955 2 41
184 0 34.59944751381215 35.769828926905134 3 38
185 0 34.59944751381215 35.769828926905134 3 38
186 0 25.224447513812155 26.283048211508554 4 44
187 0 25.224447513812155 26.283048211508554 4 44
188 0 19.73411602209945 20.37325038880249 5 38
189 0 14.122928176795579 17.573872472783826 25 190
190 0 14.140193370165747 17.107309486780714 27 210
191 0 14.140193370165747 17.107309486780714 27 210
192 0 18.50828729281768 18.040435458786934 6 48
193 0 16.453729281767956 17.262830482115085 7 64
194 0 19.73411602209945 20.37325038880249 5 38
195 0 18.50828729281768 18.040435458786934 6 48
196 0 16.453729281767956 17.262830482115085 7 64
197 0 16.056629834254142 16.951788491446347 8 71
198 0 16.056629834254142 16.951788491446347 8 71
199 0 15.59046961325967 16.329704510108865 9 76
200 0 15.538674033149173 16.640746500777606 10 81
201 0 15.59046961325967 16.174183514774494 11 87
202 0 14.261049723756905 17.107309486780714 18 144
203 0 14.174723756906078 17.262830482115085 19 151
204 0 15.366022099447513 17.107309486780714 14 118
205 0 14.951657458563536 16.640746500777606 15 123
206 0 15.331491712707182 16.485225505443236 12 91
207 0 14.261049723756905 16.796267496111973 21 176
208 0 15.331491712707182 16.018662519440124 13 105
209 0 14.381906077348066 17.418351477449455 22 178
210 0 15.59046961325967 16.329704510108865 9 76
211 0 14.951657458563536 16.640746500777606 15 123
212 0 14.191988950276244 17.573872472783826 24 184
213 0 14.934392265193368 16.951788491446347 16 131
214 0 15.538674033149173 16.640746500777606 10 81
215 0 14.934392265193368 16.951788491446347 16 131
216 0 14.57182320441989 17.573872472783826 17 132
217 0 15.59046961325967 16.174183514774494 11 87
218 0 14.381906077348066 17.418351477449455 22 178
219 0 15.331491712707182 16.485225505443236 12 91
220 0 14.191988950276244 17.729393468118197 23 177
221 0 14.174723756906078 17.262830482115085 19 151
222 0 14.57182320441989 17.573872472783826 17 132
223 0 14.191988950276244 17.729393468118197 23 177
224 0 14.261049723756905 17.107309486780714 18 144
225 0 14.191988950276244 17.573872472783826 24 184
226 0 14.191988950276244 17.107309486780714 20 164
227 0 14.122928176795579 17.573872472783826 25 190
228 0 15.331491712707182 16.018662519440124 13 105
229 0 14.191988950276244 17.107309486780714 20 164
230 0 14.261049723756905 16.796267496111973 21 176
231 0 15.366022099447513 17.107309486780714 14 118
232 0 76.17403314917127 76.20528771384136 1 7
233 0 14.122928176795579 17.107309486780714 29 227
234 0 53.74654696132597 54.43234836702955 2 41
235 0 34.59944751381215 35.769828926905134 3 38
236 0 25.224447513812155 26.283048211508554 4 44
237 0 14.140193370165747 17.107309486780714 27 210
238 0 19.73411602209945 20.37325038880249 5 38
239 0 18.50828729281768 18.040435458786934 6 48
240 0 76.17403314917127 76.20528771384136 1 4
241 0 15.98756906077348 18.195956454121305 16 129
242 0 53.487569060773474 53.96578538102644 2 26
243 0 53.556629834254146 53.810264385692065 2 25
244 0 34.16781767955801 34.83670295489891 3 36
245 0 34.16781767955801 34.83670295489891 3 36
246 0 24.568370165745858 26.283048211508554 4 46
247 0 24.568370165745858 26.283048211508554 4 46
248 0 19.578729281767956 21.461897356143076 5 53
249 0 19.578729281767956 21.461897356143076 5 53
250 0 18.23204419889503 19.440124416796266 6 57
251 0 18.23204419889503 19.440124416796266 6 57
252 0 17.45511049723757 18.506998444790046 7 63
253 0 17.45511049723757 18.506998444790046 7 63
254 0 17.230662983425415 18.195956454121305 8 59
255 0 17.230662983425415 18.195956454121305 8 59
256 0 17.058011049723756 19.284603421461895 11 81
257 0 16.69544198895028 18.662519440124417 12 92
258 0 16.988950276243095 17.884914463452567 9 74
259 0 16.69544198895028 18.662519440124417 12 92
260 0 16.988950276243095 17.884914463452567 9 74
261 0 16.505524861878452 18.506998444790046 13 96
262 0 16.902624309392262 17.573872472783826 10 86
263 0 16.281077348066297 18.195956454121305 14 101
264 0 16.505524861878452 18.506998444790046 13 96
265 0 16.902624309392262 17.573872472783826 10 86
266 0 17.058011049723756 19.284603421461895 11 81
267 0 16.281077348066297 18.195956454121305 14 101
268 0 16.091160220994475 18.195956454121305 15 110
269 0 16.091160220994475 18.195956454121305 15 110
270 0 76.17403314917127 76.20528771384136 1 7
271 0 15.98756906077348 18.195956454121305 16 129
272 0 53.556629834254146 53.810264385692065 2 25
273 0 34.16781767955801 34.83670295489891 3 36
274 0 24.568370165745858 26.283048211508554 4 46
275 0 19.578729281767956 21.461897356143076 5 53
276 0 18.23204419889503 19.440124416796266 6 57
277 0 17.45511049723757 18.506998444790046 7 63
278 0 17.230662983425415 18.195956454121305 8 59
279 0 16.69544198895028 18.662519440124417 12 92
280 0 16.988950276243095 17.884914463452567 9 74
281 0 16.902624309392262 17.573872472783826 10 86
282 0 17.058011049723756 19.284603421461895 11 81
283 0 16.505524861878452 18.506998444790046 13 96
284 0 16.281077348066297 18.195956454121305 14 101
285 0 16.091160220994475 18.195956454121305 15 110
286 0 76.17403314917127 76.20528771384136 1 5
287 0 15.98756906077348 18.195956454121305 16 129
288 0 53.556629834254146 53.810264385692065 2 25
289 0 34.16781767955801 34.83670295489891 3 36
290 0 24.568370165745858 26.283048211508554 4 46
291 0 19.578729281767956 21.461897356143076 5 53
292 0 18.23204419889503 19.440124416796266 6 57
293 0 17.45511049723757 18.506998444790046 7 63
294 0 17.230662983425415 18.195956454121305 8 59
295 0 16.988950276243095 17.884914463452567 9 74
296 0 16.69544198895028 18.662519440124417 12 92
297 0 16.902624309392262 17.573872472783826 10 86
298 0 16.505524861878452 18.506998444790046 13 96
299 0 17.058011049723756 19.284603421461895 11 81
