0 0 76.18718701433258 76.08695652173914 1 6
1 0 13.90088067691245 16.149068322981368 32 231
2 0 53.56587808668623 53.72670807453416 2 51
3 0 53.42773268865481 53.41614906832298 2 51
4 0 34.916249352443444 34.78260869565217 3 27
5 0 34.916249352443444 34.78260869565217 3 27
6 0 25.40148506302884 25.465838509316768 4 34
7 0 25.40148506302884 25.465838509316768 4 34
8 0 18.701433258504576 19.565217391304348 5 37
9 0 13.952685201174237 16.459627329192546 29 211
10 0 13.935417026420307 16.149068322981368 31 230
11 0 17.889829045069934 18.478260869565215 6 52
12 0 16.266620618200655 15.993788819875776 7 60
13 0 18.701433258504576 19.565217391304348 5 37
14 0 17.889829045069934 18.478260869565215 6 52
15 0 16.266620618200655 15.993788819875776 7 60
16 0 16.19754791918494 15.372670807453417 8 68
17 0 16.19754791918494 15.372670807453417 8 68
18 0 15.385943705750302 15.527950310559005 9 80
19 0 15.385943705750302 15.527950310559005 9 80
20 0 14.885166637886377 15.838509316770185 10 85
21 0 14.885166637886377 15.838509316770185 10 85
22 0 14.747021239854947 16.77018633540373 17 138
23 0 14.591607667069592 15.527950310559005 11 90
24 0 14.401657744776378 16.61490683229814 18 143
25 0 14.591607667069592 15.527950310559005 11 90
26 0 14.764289414608875 16.459627329192546 12 104
27 0 14.47073044379209 16.149068322981368 14 114
28 0 14.522534968053877 16.459627329192546 15 126
29 0 14.36712139526852 16.459627329192546 13 108
30 0 14.47073044379209 16.149068322981368 14 114
31 0 14.764289414608875 16.459627329192546 12 104
32 0 14.36712139526852 16.459627329192546 13 108
33 0 14.436194094284236 16.304347826086957 19 149
34 0 14.401657744776378 16.149068322981368 20 153
35 0 14.401657744776378 16.61490683229814 18 143
36 0 14.401657744776378 16.149068322981368 20 153
37 0 14.228975997237093 16.304347826086957 26 185
38 0 14.436194094284236 16.304347826086957 19 149
39 0 14.056294249697807 16.149068322981368 27 196
40 0 14.280780521498878 15.993788819875776 21 159
41 0 14.47073044379209 16.459627329192546 16 131
42 0 14.108098773959593 15.838509316770185 23 176
43 0 14.332585045760663 16.77018633540373 25 186
44 0 14.228975997237093 16.304347826086957 26 185
45 0 14.747021239854947 16.77018633540373 17 138
46 0 14.00448972543602 15.993788819875776 24 180
47 0 13.952685201174237 16.459627329192546 29 211
48 0 14.522534968053877 16.459627329192546 15 126
49 0 14.00448972543602 15.993788819875776 24 180
50 0 14.039026074943878 16.149068322981368 28 200
51 0 14.246244171991021 16.149068322981368 22 165
52 0 14.108098773959593 15.838509316770185 23 176
53 0 14.47073044379209 16.459627329192546 16 131
54 0 13.935417026420307 16.149068322981368 31 230
55 0 14.332585045760663 16.77018633540373 25 186
56 0 14.280780521498878 15.993788819875776 21 159
57 0 14.056294249697807 16.149068322981368 27 196
58 0 14.039026074943878 16.149068322981368 28 200
59 0 14.246244171991021 16.149068322981368 22 165
60 0 76.39440511137973 76.24223602484473 1 8
61 0 17.54446554999137 16.77018633540373 14 91
62 0 53.32412364013124 53.105590062111794 2 18
63 0 53.32412364013124 53.105590062111794 2 18
64 0 34.32913141080988 33.85093167701863 3 26
65 0 34.32913141080988 33.85093167701863 3 26
66 0 24.969780694180624 24.53416149068323 4 31
67 0 24.969780694180624 24.53416149068323 4 31
68 0 19.47850112243136 19.565217391304348 5 39
69 0 17.440856501467795 17.391304347826086 8 53
70 0 17.423588326713865 17.236024844720497 10 67
71 0 17.50992920048351 17.236024844720497 11 72
72 0 17.52719737523744 17.391304347826086 9 59
73 0 17.52719737523744 17.391304347826086 9 59
74 0 17.423588326713865 17.236024844720497 10 67
75 0 19.47850112243136 19.565217391304348 5 39
76 0 18.528751510965293 18.788819875776397 6 45
77 0 17.50992920048351 17.236024844720497 11 72
78 0 18.528751510965293 18.788819875776397 6 45
79 0 17.38905197720601 16.925465838509314 12 82
80 0 18.459678811949576 18.633540372670808 7 53
81 0 18.459678811949576 18.633540372670808 7 53
82 0 17.440856501467795 17.391304347826086 8 53
83 0 17.38905197720601 16.925465838509314 12 82
84 0 17.302711103436366 16.77018633540373 13 87
85 0 17.302711103436366 16.77018633540373 13 87
86 0 76.34260058711794 76.24223602484473 1 12
87 0 17.54446554999137 16.77018633540373 14 91
88 0 53.32412364013124 53.105590062111794 2 18
89 0 34.32913141080988 33.85093167701863 3 26
90 0 24.969780694180624 24.53416149068323 4 31
91 0 17.52719737523744 17.391304347826086 9 59
92 0 17.423588326713865 17.236024844720497 10 67
93 0 19.47850112243136 19.565217391304348 5 39
94 0 17.50992920048351 17.236024844720497 11 72
95 0 18.528751510965293 18.788819875776397 6 45
96 0 18.459678811949576 18.633540372670808 7 53
97 0 17.440856501467795 17.391304347826086 8 53
98 0 17.38905197720601 16.925465838509314 12 82
99 0 17.302711103436366 16.77018633540373 13 87
100 0 76.34260058711794 76.24223602484473 1 10
101 0 17.54446554999137 16.77018633540373 14 91
102 0 53.32412364013124 53.105590062111794 2 18
103 0 34.32913141080988 33.85093167701863 3 26
104 0 24.969780694180624 24.53416149068323 4 31
105 0 17.52719737523744 17.391304347826086 9 59
106 0 17.423588326713865 17.236024844720497 10 67
107 0 19.47850112243136 19.565217391304348 5 39
108 0 17.50992920048351 17.236024844720497 11 72
109 0 18.528751510965293 18.788819875776397 6 45
110 0 18.459678811949576 18.633540372670808 7 53
111 0 17.440856501467795 17.391304347826086 8 53
112 0 17.38905197720601 16.925465838509314 12 82
113 0 17.302711103436366 16.77018633540373 13 87
114 0 76.34260058711794 76.24223602484473 1 10
115 0 17.54446554999137 16.77018633540373 14 91
116 0 53.32412364013124 53.105590062111794 2 18
117 0 34.32913141080988 33.85093167701863 3 26
118 0 24.969780694180624 24.53416149068323 4 31
119 0 17.52719737523744 17.391304347826086 9 59
120 0 76.18718701433258 76.08695652173914 1 6
121 0 13.866344327404592 15.683229813664596 34 239
122 0 53.53134173717839 53.41614906832298 2 19
123 0 53.53134173717839 53.41614906832298 2 19
124 0 35.0716629252288 33.85093167701863 3 26
125 0 35.0716629252288 33.85093167701863 3 26
126 0 26.33396649974098 25.465838509316768 4 30
127 0 26.33396649974098 25.465838509316768 4 30
128 0 20.134691763080642 20.80745341614907 5 39
129 0 13.676394405111381 15.838509316770185 33 231
130 0 14.747021239854947 16.61490683229814 26 188
131 0 14.505266793299947 16.149068322981368 29 205
132 0 14.418925919530306 16.304347826086957 30 207
133 0 20.134691763080642 20.80745341614907 5 39
134 0 19.409428423415644 19.72049689440994 6 46
135 0 14.72975306510102 16.459627329192546 25 182
136 0 14.608875841823519 16.61490683229814 23 156
137 0 19.409428423415644 19.72049689440994 6 46
138 0 19.09860127784493 19.25465838509317 7 55
139 0 19.09860127784493 19.25465838509317 7 55
140 0 18.131583491624937 19.25465838509317 8 60
141 0 18.131583491624937 19.25465838509317 8 60
142 0 17.112761181143153 17.70186335403727 9 65
143 0 17.095493006389226 16.459627329192546 10 70
144 0 17.26817475392851 17.70186335403727 11 75
145 0 15.006043861163876 16.149068322981368 15 97
146 0 14.971507511656018 16.459627329192546 16 103
147 0 15.334139181488515 17.236024844720497 14 94
148 0 15.006043861163876 16.149068322981368 15 97
149 0 17.26817475392851 17.70186335403727 11 75
150 0 16.888274909342083 17.70186335403727 12 81
151 0 17.112761181143153 17.70186335403727 9 65
152 0 16.68105681229494 17.70186335403727 13 86
153 0 17.095493006389226 16.459627329192546 10 70
154 0 15.334139181488515 17.236024844720497 14 94
155 0 14.971507511656018 16.459627329192546 16 103
156 0 16.888274909342083 17.70186335403727 12 81
157 0 16.68105681229494 17.70186335403727 13 86
158 0 14.83336211362459 16.459627329192546 17 110
159 0 14.45346226903816 16.925465838509314 19 126
160 0 15.006043861163876 16.61490683229814 20 136
161 0 14.72975306510102 16.149068322981368 18 119
162 0 14.45346226903816 16.925465838509314 19 126
163 0 14.747021239854947 16.61490683229814 26 188
164 0 14.418925919530306 16.304347826086957 30 207
165 0 14.608875841823519 16.61490683229814 23 156
166 0 14.83336211362459 16.459627329192546 17 110
167 0 14.781557589362803 16.61490683229814 21 146
168 0 14.764289414608875 16.77018633540373 22 150
169 0 14.72975306510102 16.459627329192546 25 182
170 0 14.764289414608875 16.77018633540373 22 150
171 0 14.505266793299947 16.149068322981368 29 205
172 0 13.676394405111381 15.838509316770185 33 231
173 0 14.72975306510102 16.149068322981368 18 119
174 0 15.006043861163876 16.61490683229814 20 136
175 0 14.781557589362803 16.61490683229814 21 146
176 0 76.18718701433258 76.08695652173914 1 7
177 0 13.866344327404592 15.683229813664596 34 239
178 0 53.53134173717839 53.41614906832298 2 19
179 0 35.0716629252288 33.85093167701863 3 26
180 0 76.18718701433258 76.08695652173914 1 6
181 0 14.712484890347092 14.596273291925465 17 118
182 0 53.2377827663616 53.2608695652174 2 25
183 0 53.2377827663616 53.2608695652174 2 25
184 0 34.674494905888444 34.161490683229815 3 32
185 0 34.726299430150235 34.316770186335404 3 34
186 0 25.902262130892765 25.931677018633543 4 38
187 0 26.005871179416335 26.08695652173913 4 38
188 0 19.858400967017786 20.031055900621116 5 41
189 0 19.858400967017786 20.031055900621116 5 41
190 0 17.907097219823864 19.25465838509317 6 47
191 0 16.31842514246244 16.459627329192546 8 61
192 0 15.17872560870316 15.527950310559005 9 66
193 0 17.907097219823864 19.25465838509317 6 47
194 0 17.04368848212744 18.478260869565215 7 52
195 0 15.17872560870316 15.527950310559005 9 66
196 0 15.05784838542566 15.683229813664596 10 73
197 0 17.04368848212744 18.478260869565215 7 52
198 0 16.370229666724228 16.61490683229814 8 62
199 0 15.05784838542566 15.683229813664596 10 73
200 0 14.867898463132448 15.372670807453417 11 81
201 0 14.867898463132448 15.372670807453417 11 81
202 0 14.677948540839234 14.906832298136646 12 87
203 0 14.660680366085305 15.217391304347828 13 97
204 0 14.677948540839234 14.906832298136646 12 87
205 0 14.660680366085305 15.217391304347828 13 97
206 0 14.677948540839234 15.217391304347828 14 102
207 0 14.677948540839234 15.217391304347828 14 102
208 0 14.83336211362459 15.372670807453417 15 105
209 0 14.83336211362459 15.372670807453417 15 105
210 0 14.867898463132448 14.906832298136646 16 113
211 0 14.867898463132448 14.906832298136646 16 113
212 0 76.18718701433258 76.08695652173914 1 7
213 0 14.712484890347092 14.596273291925465 17 118
214 0 53.2377827663616 53.2608695652174 2 25
215 0 34.674494905888444 34.161490683229815 3 32
216 0 25.902262130892765 25.931677018633543 4 38
217 0 19.858400967017786 20.031055900621116 5 41
218 0 17.907097219823864 19.25465838509317 6 47
219 0 15.17872560870316 15.527950310559005 9 66
220 0 17.04368848212744 18.478260869565215 7 52
221 0 16.370229666724228 16.61490683229814 8 62
222 0 15.05784838542566 15.683229813664596 10 73
223 0 14.867898463132448 15.372670807453417 11 81
224 0 14.677948540839234 14.906832298136646 12 87
225 0 14.660680366085305 15.217391304347828 13 97
226 0 14.677948540839234 15.217391304347828 14 102
227 0 14.83336211362459 15.372670807453417 15 105
228 0 14.867898463132448 14.906832298136646 16 113
229 0 76.18718701433258 76.08695652173914 1 14
230 0 14.712484890347092 14.596273291925465 17 118
231 0 53.2377827663616 53.2608695652174 2 25
232 0 34.726299430150235 34.316770186335404 3 34
233 0 25.781384907615262 25.931677018633543 4 37
234 0 19.858400967017786 20.031055900621116 5 41
235 0 17.907097219823864 19.25465838509317 6 47
236 0 15.17872560870316 15.527950310559005 9 66
237 0 17.04368848212744 18.478260869565215 7 52
238 0 16.370229666724228 16.61490683229814 8 62
239 0 15.05784838542566 15.683229813664596 10 73
240 0 76.44620963564151 76.24223602484473 1 6
241 0 15.64496632705923 16.61490683229814 25 193
242 0 54.06665515455017 54.037267080745345 2 26
243 0 54.06665515455017 54.037267080745345 2 26
244 0 34.916249352443444 34.93788819875777 3 38
245 0 34.916249352443444 34.93788819875777 3 38
246 0 25.470557762044553 26.08695652173913 4 44
247 0 25.591434985322053 26.242236024844722 4 45
248 0 20.566396131928855 21.583850931677016 5 48
249 0 20.566396131928855 21.583850931677016 5 48
250 0 19.564841996201 20.496894409937887 6 57
251 0 15.800379899844586 16.77018633540373 20 154
252 0 16.629252288033154 17.857142857142858 16 114
253 0 16.042134346399585 17.391304347826086 18 131
254 0 16.370229666724228 17.236024844720497 14 105
255 0 19.564841996201 20.496894409937887 6 57
256 0 18.943187705059575 20.18633540372671 7 67
257 0 16.991883957865653 17.70186335403727 10 79
258 0 18.597824209981002 20.18633540372671 8 70
259 0 16.784665860818514 17.546583850931675 11 89
260 0 16.888274909342083 18.16770186335404 9 74
261 0 18.943187705059575 20.18633540372671 7 67
262 0 16.94007943360387 18.012422360248447 8 71
263 0 16.68105681229494 17.391304347826086 12 94
264 0 16.646520462787084 17.391304347826086 13 98
265 0 16.784665860818514 17.546583850931675 11 89
266 0 16.68105681229494 17.391304347826086 12 94
267 0 15.472284579519947 16.304347826086957 24 184
268 0 16.042134346399585 17.391304347826086 18 131
269 0 15.800379899844586 16.77018633540373 20 154
270 0 16.370229666724228 17.236024844720497 14 105
271 0 16.888274909342083 18.16770186335404 9 74
272 0 15.817648074598514 16.61490683229814 21 162
273 0 16.629252288033154 17.857142857142858 16 114
274 0 15.886720773614229 16.61490683229814 21 162
275 0 16.991883957865653 17.70186335403727 10 79
276 0 15.541357278535658 16.149068322981368 22 163
277 0 16.21481609393887 17.546583850931675 17 124
278 0 16.646520462787084 17.391304347826086 13 98
279 0 15.541357278535658 16.149068322981368 22 163
280 0 16.21481609393887 17.546583850931675 17 124
281 0 15.627698152305303 16.77018633540373 23 171
282 0 15.627698152305303 16.77018633540373 23 171
283 0 15.472284579519947 16.304347826086957 24 184
284 0 76.49801415990329 76.24223602484473 1 13
285 0 15.64496632705923 16.61490683229814 25 193
286 0 54.06665515455017 54.037267080745345 2 26
287 0 34.916249352443444 34.93788819875777 3 38
288 0 25.470557762044553 26.08695652173913 4 44
289 0 20.566396131928855 21.583850931677016 5 48
290 0 18.943187705059575 20.18633540372671 7 67
291 0 18.597824209981002 20.18633540372671 8 70
292 0 16.784665860818514 17.546583850931675 11 89
293 0 16.68105681229494 17.391304347826086 12 94
294 0 16.042134346399585 17.391304347826086 18 131
295 0 15.800379899844586 16.77018633540373 20 154
296 0 16.370229666724228 17.236024844720497 14 105
297 0 16.888274909342083 18.16770186335404 9 74
298 0 15.886720773614229 16.61490683229814 21 162
299 0 16.991883957865653 17.70186335403727 10 79
