0 0 76.17403314917127 76.20528771384136 1 10
1 0 12.724447513812153 15.241057542768274 38 339
2 0 53.055939226519335 52.87713841368584 2 52
3 0 53.055939226519335 52.87713841368584 2 52
4 0 36.533149171270715 36.85847589424572 3 38
5 0 36.533149171270715 36.85847589424572 3 38
6 0 25.258977900552487 25.34992223950233 4 30
7 0 13.06975138121547 16.796267496111973 28 247
8 0 13.121546961325967 16.174183514774494 24 211
9 0 25.258977900552487 25.34992223950233 4 30
10 0 20.33839779005525 20.37325038880249 5 38
11 0 20.33839779005525 20.37325038880249 5 38
12 0 18.335635359116022 20.99533437013997 6 61
13 0 13.328729281767956 16.640746500777606 21 187
14 0 13.79488950276243 17.573872472783826 17 162
15 0 13.950276243093922 17.262830482115085 18 163
16 0 13.328729281767956 16.485225505443236 22 199
17 0 12.810773480662984 15.396578538102643 34 310
18 0 12.810773480662984 15.396578538102643 35 315
19 0 12.828038674033149 16.485225505443236 32 275
20 0 12.758977900552487 15.396578538102643 37 331
21 0 18.335635359116022 20.99533437013997 6 61
22 0 18.111187845303867 17.884914463452567 7 73
23 0 18.111187845303867 17.884914463452567 7 73
24 0 15.814917127071823 15.863141524105753 8 76
25 0 15.814917127071823 15.863141524105753 8 76
26 0 15.037983425414364 15.863141524105753 9 85
27 0 13.984806629834253 16.796267496111973 12 107
28 0 14.278314917127071 17.884914463452567 13 125
29 0 15.037983425414364 15.863141524105753 9 85
30 0 14.623618784530388 16.018662519440124 10 91
31 0 14.278314917127071 17.884914463452567 13 125
32 0 14.088397790055248 18.040435458786934 14 131
33 0 13.51864640883978 16.796267496111973 19 172
34 0 14.071132596685082 15.707620528771384 11 107
35 0 13.984806629834253 16.796267496111973 12 107
36 0 13.570441988950277 16.640746500777606 20 178
37 0 14.623618784530388 16.018662519440124 10 91
38 0 13.570441988950277 16.640746500777606 20 178
39 0 14.071132596685082 15.707620528771384 11 107
40 0 14.088397790055248 18.040435458786934 14 131
41 0 13.950276243093922 17.729393468118197 16 147
42 0 12.966160220994475 16.796267496111973 29 255
43 0 13.950276243093922 17.884914463452567 15 135
44 0 12.897099447513813 16.485225505443236 30 261
45 0 13.51864640883978 16.796267496111973 19 172
46 0 13.207872928176794 16.951788491446347 23 197
47 0 12.828038674033149 16.485225505443236 32 275
48 0 12.897099447513813 16.485225505443236 30 261
49 0 13.207872928176794 16.951788491446347 23 197
50 0 12.776243093922652 16.485225505443236 31 267
51 0 12.966160220994475 16.796267496111973 29 255
52 0 12.776243093922652 16.485225505443236 31 267
53 0 12.776243093922652 15.396578538102643 34 310
54 0 13.950276243093922 17.884914463452567 15 135
55 0 13.950276243093922 17.729393468118197 16 147
56 0 13.173342541436464 16.640746500777606 24 212
57 0 12.810773480662984 15.396578538102643 35 315
58 0 13.06975138121547 16.796267496111973 28 247
59 0 12.758977900552487 15.396578538102643 37 331
60 0 76.32941988950276 76.67185069984448 1 5
61 0 13.674033149171272 16.485225505443236 20 145
62 0 53.00414364640884 53.18818040435459 2 47
63 0 53.00414364640884 53.18818040435459 2 47
64 0 34.58218232044199 35.61430793157076 3 26
65 0 34.58218232044199 35.61430793157076 3 26
66 0 25.6042817679558 26.283048211508554 4 30
67 0 25.6042817679558 26.283048211508554 4 30
68 0 20.200276243093924 21.15085536547434 5 34
69 0 20.200276243093924 21.15085536547434 5 34
70 0 18.111187845303867 19.440124416796266 6 51
71 0 18.111187845303867 19.440124416796266 6 51
72 0 17.265193370165747 18.662519440124417 7 60
73 0 17.265193370165747 18.662519440124417 7 60
74 0 15.935773480662984 17.729393468118197 8 69
75 0 15.935773480662984 17.884914463452567 8 68
76 0 15.814917127071823 17.573872472783826 9 79
77 0 14.968922651933703 17.262830482115085 13 104
78 0 15.227900552486187 17.573872472783826 14 112
79 0 15.521408839779005 16.951788491446347 11 91
80 0 15.158839779005525 16.485225505443236 12 96
81 0 15.158839779005525 16.485225505443236 12 96
82 0 15.555939226519335 17.418351477449455 10 86
83 0 14.968922651933703 17.262830482115085 13 104
84 0 15.521408839779005 16.951788491446347 11 91
85 0 15.227900552486187 17.573872472783826 14 112
86 0 14.485497237569062 17.262830482115085 15 112
87 0 14.105662983425415 17.107309486780714 17 125
88 0 14.174723756906078 16.951788491446347 16 119
89 0 14.485497237569062 17.262830482115085 15 112
90 0 13.708563535911603 16.796267496111973 18 133
91 0 15.814917127071823 17.573872472783826 9 79
92 0 13.708563535911603 16.796267496111973 18 133
93 0 15.555939226519335 17.418351477449455 10 86
94 0 13.846685082872929 16.485225505443236 19 142
95 0 14.174723756906078 16.951788491446347 16 119
96 0 14.105662983425415 17.107309486780714 17 125
97 0 13.846685082872929 16.485225505443236 19 142
98 0 76.32941988950276 76.67185069984448 1 8
99 0 13.674033149171272 16.485225505443236 20 145
100 0 53.00414364640884 53.18818040435459 2 47
101 0 34.58218232044199 35.61430793157076 3 26
102 0 25.6042817679558 26.283048211508554 4 30
103 0 20.200276243093924 21.15085536547434 5 34
104 0 18.111187845303867 19.440124416796266 6 51
105 0 17.265193370165747 18.662519440124417 7 60
106 0 15.935773480662984 17.729393468118197 8 69
107 0 15.158839779005525 16.485225505443236 12 96
108 0 14.968922651933703 17.262830482115085 13 104
109 0 15.521408839779005 16.951788491446347 11 91
110 0 15.227900552486187 17.573872472783826 14 112
111 0 14.485497237569062 17.262830482115085 15 112
112 0 15.814917127071823 17.573872472783826 9 79
113 0 13.708563535911603 16.796267496111973 18 133
114 0 15.555939226519335 17.418351477449455 10 86
115 0 14.174723756906078 16.951788491446347 16 119
116 0 14.105662983425415 17.107309486780714 17 125
117 0 13.846685082872929 16.485225505443236 19 142
118 0 76.32941988950276 76.67185069984448 1 7
119 0 13.674033149171272 16.485225505443236 20 145
120 0 76.3121546961326 76.51632970451011 1 5
121 0 15.0207182320442 17.107309486780714 23 150
122 0 53.57389502762431 54.12130637636081 2 56
123 0 53.57389502762431 54.12130637636081 2 56
124 0 34.46132596685083 34.21461897356143 3 31
125 0 34.46132596685083 34.21461897356143 3 31
126 0 25.41436464088398 25.660964230171075 4 34
127 0 15.107044198895029 17.262830482115085 19 114
128 0 15.521408839779005 16.485225505443236 15 102
129 0 25.41436464088398 25.660964230171075 4 34
130 0 20.73549723756906 21.461897356143076 5 26
131 0 20.73549723756906 21.461897356143076 5 26
132 0 19.751381215469614 21.15085536547434 6 40
133 0 15.435082872928177 17.729393468118197 20 153
134 0 15.08977900552486 17.262830482115085 22 145
135 0 19.751381215469614 21.15085536547434 6 40
136 0 17.351519337016576 18.662519440124417 7 56
137 0 17.351519337016576 18.662519440124417 7 56
138 0 17.144337016574585 18.506998444790046 8 61
139 0 17.144337016574585 18.506998444790046 8 61
140 0 15.953038674033149 16.796267496111973 9 65
141 0 15.953038674033149 16.796267496111973 9 65
142 0 15.745856353591158 16.485225505443236 10 71
143 0 15.83218232044199 16.640746500777606 10 72
144 0 15.745856353591158 16.796267496111973 11 76
145 0 15.745856353591158 16.796267496111973 11 76
146 0 15.625 16.951788491446347 12 80
147 0 15.625 16.951788491446347 12 80
148 0 15.573204419889503 16.951788491446347 13 87
149 0 15.435082872928177 17.729393468118197 20 153
150 0 15.521408839779005 16.329704510108865 14 97
151 0 15.08977900552486 17.262830482115085 22 145
152 0 15.521408839779005 16.485225505443236 15 102
153 0 15.573204419889503 16.951788491446347 13 87
154 0 15.521408839779005 16.329704510108865 14 97
155 0 15.107044198895029 17.262830482115085 19 114
156 0 76.3121546961326 76.51632970451011 1 6
157 0 15.0207182320442 17.107309486780714 23 150
158 0 53.487569060773474 54.12130637636081 2 55
159 0 34.46132596685083 34.21461897356143 3 31
160 0 25.41436464088398 25.660964230171075 4 34
161 0 20.73549723756906 21.461897356143076 5 26
162 0 19.751381215469614 21.15085536547434 6 40
163 0 17.351519337016576 18.662519440124417 7 56
164 0 17.144337016574585 18.506998444790046 8 61
165 0 15.953038674033149 16.796267496111973 9 65
166 0 15.83218232044199 16.640746500777606 10 72
167 0 15.745856353591158 16.796267496111973 11 76
168 0 15.625 16.951788491446347 12 80
169 0 15.435082872928177 17.729393468118197 20 153
170 0 15.08977900552486 17.262830482115085 22 145
171 0 15.521408839779005 16.485225505443236 15 102
172 0 15.573204419889503 16.951788491446347 13 87
173 0 15.521408839779005 16.329704510108865 14 97
174 0 15.107044198895029 17.262830482115085 19 114
175 0 76.3121546961326 76.51632970451011 1 5
176 0 15.0207182320442 17.107309486780714 23 150
177 0 53.50483425414365 54.12130637636081 2 56
178 0 34.46132596685083 34.21461897356143 3 31
179 0 25.41436464088398 25.660964230171075 4 34
180 0 76.17403314917127 76.20528771384136 1 5
181 0 16.626381215469614 17.573872472783826 20 122
182 0 52.90055248618785 53.34370139968896 2 56
183 0 52.90055248618785 53.34370139968896 2 56
184 0 34.081491712707184 33.903576982892695 3 27
185 0 16.747237569060776 17.262830482115085 15 112
186 0 16.85082872928177 17.884914463452567 19 117
187 0 34.081491712707184 33.903576982892695 3 27
188 0 24.706491712707184 24.72783825816485 4 29
189 0 24.706491712707184 24.72783825816485 4 29
190 0 19.88950276243094 20.684292379471227 5 37
191 0 18.83632596685083 18.506998444790046 6 42
192 0 18.784530386740332 19.284603421461895 7 38
193 0 19.9585635359116 20.839813374805598 5 35
194 0 18.83632596685083 18.506998444790046 6 42
195 0 18.784530386740332 19.284603421461895 7 38
196 0 17.593232044198896 16.796267496111973 8 44
197 0 17.886740331491712 18.040435458786934 8 45
198 0 17.472375690607738 18.040435458786934 9 50
199 0 17.4896408839779 18.195956454121305 10 54
200 0 17.4378453038674 18.662519440124417 11 63
201 0 17.4378453038674 18.662519440124417 11 63
202 0 17.28245856353591 18.506998444790046 12 72
203 0 17.472375690607738 18.040435458786934 9 50
204 0 17.28245856353591 18.506998444790046 12 72
205 0 16.71270718232044 17.262830482115085 14 87
206 0 17.4896408839779 18.195956454121305 10 54
207 0 16.67817679558011 17.418351477449455 13 81
208 0 16.747237569060776 17.262830482115085 15 116
209 0 16.67817679558011 17.418351477449455 13 81
210 0 16.71270718232044 17.262830482115085 14 87
211 0 16.85082872928177 17.884914463452567 19 117
212 0 76.17403314917127 76.20528771384136 1 5
213 0 16.626381215469614 17.573872472783826 20 122
214 0 52.90055248618785 53.34370139968896 2 56
215 0 34.081491712707184 33.903576982892695 3 27
216 0 24.706491712707184 24.72783825816485 4 29
217 0 19.88950276243094 20.684292379471227 5 37
218 0 18.83632596685083 18.506998444790046 6 42
219 0 18.784530386740332 19.284603421461895 7 38
220 0 17.593232044198896 16.796267496111973 8 44
221 0 17.4378453038674 18.662519440124417 11 63
222 0 17.472375690607738 18.040435458786934 9 50
223 0 17.28245856353591 18.506998444790046 12 72
224 0 17.4896408839779 18.195956454121305 10 54
225 0 16.747237569060776 17.262830482115085 15 116
226 0 16.67817679558011 17.418351477449455 13 81
227 0 16.71270718232044 17.262830482115085 14 87
228 0 16.85082872928177 17.884914463452567 19 117
229 0 76.17403314917127 76.20528771384136 1 5
230 0 16.626381215469614 17.573872472783826 20 122
231 0 52.90055248618785 53.34370139968896 2 56
232 0 34.081491712707184 33.903576982892695 3 27
233 0 24.706491712707184 24.72783825816485 4 29
234 0 19.88950276243094 20.684292379471227 5 37
235 0 18.83632596685083 18.506998444790046 6 42
236 0 18.784530386740332 19.284603421461895 7 38
237 0 17.593232044198896 16.796267496111973 8 44
238 0 17.4378453038674 18.662519440124417 11 63
239 0 17.472375690607738 18.040435458786934 9 50
240 0 76.17403314917127 76.20528771384136 1 4
241 0 16.039364640883978 18.818040435458787 28 222
242 0 53.76381215469613 54.27682737169518 2 23
243 0 54.07458563535912 54.898911353032666 2 23
244 0 34.68577348066299 34.52566096423017 3 36
245 0 34.68577348066299 34.52566096423017 3 36
246 0 25.189917127071826 25.660964230171075 4 45
247 0 25.189917127071826 25.660964230171075 4 45
248 0 21.875 23.63919129082426 5 42
249 0 21.875 23.63919129082426 5 42
250 0 18.99171270718232 20.839813374805598 6 52
251 0 16.07389502762431 18.818040435458787 27 220
252 0 16.194751381215468 19.12908242612753 25 202
253 0 18.99171270718232 20.839813374805598 6 52
254 0 18.680939226519335 21.30637636080871 7 60
255 0 18.680939226519335 21.30637636080871 7 60
256 0 18.50828729281768 20.99533437013997 8 67
257 0 17.627762430939224 20.06220839813375 9 72
258 0 17.558701657458563 20.21772939346812 10 74
259 0 18.50828729281768 20.99533437013997 8 67
260 0 17.627762430939224 20.06220839813375 9 72
261 0 17.558701657458563 20.21772939346812 10 74
262 0 16.9371546961326 19.906687402799378 11 87
263 0 16.9371546961326 19.906687402799378 11 87
264 0 16.799033149171272 19.906687402799378 12 100
265 0 16.799033149171272 19.906687402799378 12 100
266 0 16.660911602209943 19.440124416796266 13 110
267 0 16.350138121546962 18.662519440124417 21 172
268 0 16.263812154696133 18.818040435458787 15 128
269 0 16.419198895027623 18.662519440124417 19 156
270 0 16.40193370165746 18.662519440124417 22 177
271 0 16.522790055248617 18.973561430793158 16 141
272 0 16.367403314917127 18.506998444790046 20 167
273 0 16.660911602209943 19.440124416796266 13 110
274 0 16.522790055248617 18.973561430793158 16 141
275 0 16.40193370165746 18.662519440124417 22 177
276 0 16.40193370165746 18.973561430793158 17 146
277 0 16.38466850828729 19.284603421461895 23 191
278 0 16.64364640883978 19.440124416796266 14 115
279 0 16.40193370165746 18.973561430793158 17 146
280 0 16.38466850828729 19.284603421461895 23 191
281 0 16.367403314917127 18.973561430793158 18 161
282 0 16.246546961325965 19.12908242612753 24 193
283 0 16.194751381215468 19.12908242612753 25 202
284 0 16.367403314917127 18.506998444790046 20 167
285 0 16.64364640883978 19.440124416796266 14 115
286 0 16.263812154696133 18.818040435458787 15 128
287 0 16.40193370165746 18.35147744945568 21 173
288 0 16.07389502762431 18.818040435458787 27 220
289 0 16.246546961325965 19.12908242612753 24 193
290 0 16.367403314917127 18.973561430793158 18 161
291 0 16.419198895027623 18.662519440124417 19 156
292 0 76.46754143646409 76.51632970451011 1 12
293 0 16.039364640883978 18.818040435458787 28 222
294 0 53.76381215469613 54.27682737169518 2 23
295 0 34.68577348066299 34.52566096423017 3 36
296 0 25.189917127071826 25.660964230171075 4 45
297 0 21.875 23.63919129082426 5 42
298 0 18.99171270718232 20.839813374805598 6 52
299 0 18.680939226519335 21.30637636080871 7 60
