---
0 14.934392265193368 21.0 36 
0 0 0 0 7 0 0 0 0 0 0 0 8 0 12 0 0 0 7 0 0 8 0 0 0 0 12 0 0 8 0 0 8 0 0 0 3 0.17824105177822203
0 8 0 0 1 0 0 0 5 0 0 7 0 0 0 0 0 2 0 12 0 0 0 0 0 0 4 0 1 0 0 0 0 0 0 0 2 0.32836863764265756
3 0 0 0 0 0 0 12 0 0 0 0 0 0 0 0 3 0 0 0 0 0 0 0 0 0 0 0 0 8 0 7 0 0 0 0 0 0.8943400877422
0 0 0 0 0 0 0 0 0 0 0 0 0 0 0 13 3 0 0 2 0 0 0 0 0 0 2 0 0 0 0 0 0 0 0 0 1 0.9070868371843432
0 0 0 0 0 0 0 0 0 1 0 0 0 12 0 0 4 2 0 0 0 0 0 13 4 0 11 0 0 0 11 0 0 0 0 7 3 0.9137009794668512
0 0 0 0 0 0 0 0 0 0 0 0 1 0 0 0 0 0 0 0 0 3 0 0 0 0 8 0 0 0 0 0 0 0 0 8 1 0.9400653529142421
0 8 0 0 0 0 0 0 0 0 3 0 0 0 0 0 4 0 0 0 0 12 0 3 13 0 0 0 0 0 0 0 0 0 1 0 5 0.5222398209759957
8 8 4 0 0 0 2 4 2 0 0 0 0 0 0 0 0 13 8 4 8 0 0 0 8 8 0 0 13 13 4 0 0 2 0 7 2 0.6436552576175574
0 0 0 0 0 12 0 12 0 4 0 0 0 0 0 0 12 0 0 0 0 0 0 0 0 0 12 0 0 0 0 12 0 3 13 0 3 0.534481756425236
8 8 4 0 0 0 8 4 2 0 0 0 0 8 0 0 0 13 12 4 8 0 0 0 8 8 0 0 4 13 0 0 0 13 0 0 2 0.5676621760909695
0 0 0 0 0 12 12 0 0 4 0 0 8 0 12 0 12 0 0 0 0 8 0 0 0 0 12 0 0 8 0 12 0 0 13 0 3 0.16341041597520156
0 0 2 0 0 0 0 12 0 0 0 0 0 0 0 0 0 0 0 0 0 0 0 12 0 0 0 0 0 0 0 0 0 9 4 11 2 0.6374280259329449
5 0 0 0 0 0 0 0 0 0 0 0 0 8 0 0 4 0 0 0 0 0 0 3 0 0 11 0 0 0 0 0 12 0 0 7 5 0.6678856409152498
0 0 0 0 0 0 7 0 0 0 0 0 0 0 12 0 0 3 0 0 11 0 0 0 0 4 0 0 0 0 0 0 0 0 0 0 4 0.4609095577276697
0 2 0 0 0 13 0 8 0 0 0 12 0 0 13 0 7 2 0 0 0 0 0 4 0 8 0 0 1 0 0 4 0 0 0 0 0 0.9965538259230737
0 0 0 0 0 0 0 0 0 1 0 0 0 12 0 0 4 2 0 0 0 0 0 3 4 0 11 0 0 0 0 0 0 0 0 7 5 0.7662858105556762
0 0 0 0 4 0 0 0 0 0 0 12 0 13 0 8 0 0 0 12 0 0 4 0 0 2 8 0 7 0 13 0 0 0 0 12 0 0.995838772402223
0 0 0 0 0 0 1 0 7 0 0 0 0 0 0 0 0 0 0 0 0 0 0 0 0 0 0 0 0 0 3 0 0 6 0 0 4 0.9549018922879824
0 0 0 0 0 4 0 0 0 1 0 0 0 12 0 0 4 2 0 0 0 0 0 3 4 0 11 0 0 0 0 0 0 0 0 7 5 0.7850077217786271
0 0 0 0 0 0 0 0 0 0 0 0 8 0 12 0 0 0 7 0 0 8 0 0 0 0 12 0 0 8 0 0 8 0 0 0 3 0.06856143752012023
4 0 0 1 0 0 0 0 0 0 0 0 0 0 0 7 0 11 0 0 0 0 0 0 0 0 0 4 0 0 0 12 0 0 0 0 4 0.5982755667057962
---
1 13.190607734806632 25.0 36 
0 0 0 7 11 0 0 0 0 0 0 7 0 0 0 0 0 0 0 0 1 0 0 0 3 8 0 12 0 0 0 0 0 0 0 0 0 0.8854965629852675
0 3 0 0 0 0 0 0 0 0 0 0 0 0 0 0 0 0 8 0 0 7 0 0 0 0 0 0 0 0 0 0 0 0 0 0 1 0.5141302587638292
0 0 0 0 7 0 0 0 0 7 0 0 0 0 0 0 0 11 0 0 0 0 0 0 0 0 0 12 0 0 0 0 0 0 0 0 4 0.32305405023430733
0 0 0 0 0 0 0 1 2 7 0 0 4 0 7 0 0 4 0 0 0 0 0 11 0 0 0 0 0 0 0 0 0 0 0 0 5 0.5050251966157311
0 0 0 4 7 0 0 0 0 7 0 0 0 0 0 0 0 11 0 0 0 0 0 0 0 0 0 0 0 0 0 0 0 0 0 0 4 0.1536201037799243
0 0 0 0 0 0 0 0 0 0 0 0 0 0 0 0 0 0 8 0 0 0 2 0 0 0 0 14 0 0 0 0 0 0 0 0 1 0.9878125883572619
0 0 0 7 11 0 0 0 0 0 0 7 0 0 0 0 0 0 0 0 1 0 0 0 3 2 0 0 0 0 0 0 0 0 0 0 0 0.47718771551316874
0 0 12 0 0 0 0 0 12 0 0 0 8 0 0 7 0 0 0 0 12 0 0 0 0 0 12 0 12 0 4 0 0 0 12 0 3 0.2762370826836249
0 0 3 0 0 0 0 0 0 7 0 0 0 0 0 11 0 1 0 0 0 0 0 11 0 4 0 0 0 4 0 0 0 4 0 0 5 0.5843622780601798
0 0 0 0 0 4 0 4 0 0 0 0 2 0 3 0 0 0 0 0 0 0 0 0 0 4 0 0 0 4 0 0 0 0 0 0 5 0.40530709179308255
0 8 0 0 0 0 0 0 0 0 0 0 0 0 5 0 0 0 0 0 0 0 0 10 0 0 0 0 0 0 12 0 0 0 0 0 2 0.963414394095752
0 0 0 0 0 0 0 0 0 0 0 2 0 0 13 0 7 0 8 0 0 0 0 0 0 0 2 0 0 5 0 0 0 0 0 8 0 0.9288437861774246
0 0 12 0 0 0 0 0 12 0 0 0 8 0 0 7 0 0 0 0 12 0 0 0 0 0 7 0 12 0 4 0 0 0 12 0 3 0.24356829756650544
0 13 0 0 0 0 8 7 13 13 0 0 0 0 0 12 0 0 4 7 0 0 0 0 0 2 8 0 4 8 4 0 0 8 0 4 2 0.7585372529402609
4 8 0 0 5 0 0 0 0 0 0 0 0 0 0 0 0 0 8 0 14 0 0 0 0 4 0 0 0 0 0 0 0 0 0 0 2 0.9730553956447447
0 0 0 0 0 0 0 0 0 0 0 4 2 0 0 11 0 0 0 7 0 0 0 0 4 12 0 0 0 12 0 0 4 0 0 0 5 0.2966700344831179
0 3 0 0 0 0 4 0 1 0 0 0 0 0 0 0 0 0 8 0 0 3 0 0 0 0 0 0 1 0 0 0 0 0 0 0 1 0.9588668485192686
0 0 3 0 4 4 0 0 0 0 7 0 2 0 0 11 0 0 0 0 0 0 0 0 0 4 0 0 0 4 0 0 0 4 0 0 5 0.7334996288673428
0 0 1 0 0 0 12 0 0 0 0 0 2 0 0 0 0 13 0 0 0 0 0 7 0 0 0 12 0 0 0 2 0 0 0 0 2 0.22176389110753125
0 0 0 0 11 0 0 0 0 7 0 0 0 0 0 0 0 11 0 0 0 0 0 0 0 0 0 12 0 0 0 0 7 0 0 0 4 0.39821495042203336
0 0 0 0 0 0 4 0 0 0 0 0 0 0 0 0 0 0 0 0 0 3 5 0 0 0 0 0 0 0 0 0 0 0 0 0 1 0.9675513952181003
0 0 0 4 0 0 0 12 4 0 0 0 0 4 14 0 1 0 0 0 0 5 0 0 0 0 5 0 0 0 0 0 0 0 0 0 0 0.9236305555383781
0 0 0 4 1 0 0 12 0 8 0 0 0 4 0 0 7 0 0 0 0 0 0 0 1 0 0 0 0 4 0 0 1 0 0 4 0 0.6723291131342397
0 0 0 4 1 0 0 12 0 8 0 0 0 4 0 0 1 0 0 0 0 0 0 0 1 0 0 0 0 4 0 0 1 0 0 0 0 0.6032655627701935
1 0 0 0 0 0 0 0 0 0 0 0 0 11 0 0 0 0 0 4 0 11 0 0 0 0 0 0 0 0 0 0 0 0 0 0 4 0.2506233832416459
---
2 15.296961325966851 41.0 36 
0 0 0 0 8 0 0 0 0 8 4 0 0 0 4 0 2 0 0 0 13 0 0 0 0 13 0 2 8 0 4 12 0 0 0 0 2 0.5775932216857413
0 4 0 0 0 0 0 0 0 0 0 0 2 0 0 11 0 0 0 0 0 12 0 0 0 0 0 0 0 0 0 0 2 0 0 0 5 0.3129209111690865
0 4 0 0 0 0 0 0 0 0 0 0 12 0 0 11 0 0 0 0 11 12 0 0 0 0 0 0 0 0 0 0 2 0 11 0 5 0.7710266683333004
0 0 7 0 1 0 7 3 0 0 0 0 0 0 0 0 0 0 0 0 0 0 0 0 0 0 2 0 8 0 0 0 0 0 0 0 5 0.19159509114820272
0 0 0 8 0 0 0 0 5 0 0 4 0 9 0 0 0 0 0 0 2 0 0 0 8 0 0 0 0 0 0 0 0 0 0 0 2 0.8779456762322932
0 0 0 0 1 0 0 11 0 0 0 0 0 0 0 0 0 1 0 0 0 0 0 0 0 0 1 0 0 0 0 0 0 12 11 6 5 0.8020503986335095
0 0 7 0 0 0 0 3 0 0 7 0 0 0 0 0 0 0 0 0 0 0 0 0 0 0 0 0 0 11 0 0 0 0 0 0 4 0.11559653313385576
0 12 0 0 1 0 0 0 7 8 8 0 0 0 0 0 0 0 0 4 7 8 4 0 0 4 0 12 0 0 0 0 0 0 0 0 0 0.8882612646114711
12 0 0 0 0 0 0 0 0 0 0 0 0 0 0 0 0 0 0 1 0 0 1 0 0 0 7 0 0 0 0 0 8 1 0 0 5 0.43595137439835985
0 12 0 4 1 0 0 0 0 0 0 0 0 4 0 12 0 0 4 4 7 8 2 0 0 0 0 4 0 0 0 0 0 0 0 0 0 0.7131911023152941
0 0 0 0 0 0 0 0 0 0 0 0 0 4 0 12 0 0 0 0 1 0 2 0 0 0 0 0 0 0 0 0 0 0 0 0 0 0.04157522866741181
0 0 12 0 0 8 0 0 0 0 0 0 0 0 0 0 0 0 0 0 11 0 0 4 0 0 0 0 0 0 0 5 0 0 0 0 1 0.5618542316055724
0 0 0 1 0 0 0 0 0 0 0 0 12 0 0 11 0 0 0 6 0 12 0 0 0 0 0 7 0 7 0 0 0 0 0 0 5 0.8350881768616872
0 0 0 0 4 0 0 0 13 0 0 0 0 0 0 0 0 0 0 0 1 0 0 0 0 0 0 0 0 0 0 0 0 0 11 0 5 0.15335978772922898
0 11 0 4 0 0 0 0 4 0 0 0 0 0 0 4 0 0 0 0 0 11 0 4 0 0 0 0 0 0 0 0 0 0 0 0 4 0.5230939006913047
0 0 0 0 0 0 0 0 1 7 0 0 0 0 0 0 0 11 7 11 0 0 0 0 0 4 0 4 0 0 4 0 0 1 0 7 4 0.27422110271649847
0 3 0 4 0 0 7 0 11 0 0 0 0 0 0 0 0 0 0 0 0 11 0 0 0 0 0 0 0 0 0 0 11 0 0 0 4 0.7229767905081208
0 0 12 0 0 10 0 0 0 0 0 0 0 0 0 0 0 0 0 0 0 0 0 7 0 4 0 0 0 0 0 0 0 0 0 0 1 0.4463765092166798
0 0 0 0 0 0 0 7 8 0 0 0 4 0 0 0 0 0 0 0 12 0 0 0 1 4 0 7 0 0 1 0 0 0 0 0 5 0.18596722266265042
0 0 0 0 4 13 5 0 0 0 0 1 0 0 0 0 0 0 0 0 0 2 0 0 0 0 0 0 0 0 0 12 4 0 0 4 0 0.42269603281105406
0 0 0 1 0 0 11 0 0 0 0 0 12 0 0 11 0 0 0 6 0 12 0 0 0 0 0 7 7 0 0 0 0 0 0 0 5 0.8820870749516858
0 0 0 0 0 0 0 0 0 0 0 0 0 0 12 0 0 0 0 0 0 6 0 4 0 0 0 0 2 0 0 0 0 0 0 0 1 0.6813919470798481
0 4 0 0 0 0 0 0 0 0 0 0 2 0 0 11 0 0 0 0 0 12 0 0 0 4 0 0 0 0 0 0 2 0 0 0 5 0.3543653242156326
0 0 0 0 0 4 0 0 0 0 7 0 0 0 0 0 0 0 0 0 0 4 13 0 5 0 0 0 0 0 0 0 0 0 0 0 2 0.587223636916281
0 1 0 0 0 0 0 0 0 7 0 0 0 0 0 0 0 0 0 1 0 0 11 1 0 0 0 0 0 7 0 0 0 7 1 6 5 0.3824571976203095
12 4 0 0 0 0 0 0 4 0 0 0 2 0 0 11 0 0 0 0 0 12 0 0 0 0 0 0 0 0 0 0 2 0 0 0 5 0.44087200792763914
0 3 0 4 0 0 0 0 11 0 0 0 0 0 0 0 0 0 0 12 0 11 0 0 0 0 0 0 0 0 0 0 11 0 0 0 4 0.4557552559963691
0 0 0 0 0 0 0 0 0 0 7 0 0 11 0 0 0 0 0 12 0 0 0 0 0 0 0 0 0 0 0 0 0 0 0 0 4 0.15573361583752443
0 0 0 0 13 0 0 7 0 8 0 0 0 0 4 0 4 0 0 0 0 0 0 0 0 13 0 0 8 0 0 2 0 0 8 0 2 0.5216076066942472
0 0 0 0 4 0 5 0 0 0 0 1 4 0 0 0 0 0 0 4 0 2 0 0 0 0 0 12 12 0 0 4 4 0 0 4 0 0.8033580669133404
0 0 0 0 0 0 0 0 0 0 7 0 0 0 0 0 0 0 0 7 0 0 0 0 0 0 0 7 0 11 0 0 0 0 0 11 4 0.13573038713143548
0 0 0 4 0 0 0 0 4 0 0 0 0 11 0 0 0 0 0 12 0 0 0 0 0 0 0 0 0 0 0 0 11 0 0 0 4 0.29983454787723396
0 11 0 0 0 0 0 0 4 0 0 0 0 0 0 0 0 0 0 0 0 11 0 4 0 0 0 0 0 0 0 0 0 0 12 0 4 0.4895520665610835
0 0 0 0 0 8 0 4 7 11 8 8 0 4 0 0 0 0 0 0 0 0 0 0 0 0 0 0 8 0 0 0 0 0 0 0 3 0.663719246953014
0 0 0 0 0 0 0 0 9 1 0 0 0 0 0 0 0 0 0 0 0 0 0 0 0 0 2 0 2 0 0 0 0 0 0 0 2 0.835152643425618
0 0 0 0 0 4 0 0 0 0 0 0 0 0 0 0 5 13 8 1 0 0 0 0 4 0 4 0 0 0 0 0 0 0 0 7 2 0.36678348094373314
0 0 0 0 0 0 1 0 0 0 0 0 0 6 0 0 0 1 0 0 1 0 0 0 0 0 0 0 0 0 0 0 0 0 0 2 1 0.7810957565102417
0 0 0 4 8 0 0 0 0 0 0 0 0 0 0 0 2 0 0 0 13 0 0 0 0 0 0 2 2 0 4 12 4 0 0 0 2 0.5882431598047235
0 3 0 0 0 0 7 0 11 0 0 0 0 0 0 0 0 0 0 0 0 11 0 4 0 0 0 0 0 0 0 0 0 0 0 0 4 0.5692368350882931
0 4 0 0 0 0 0 1 10 0 0 0 12 0 0 0 0 0 0 0 0 0 0 0 0 0 0 0 0 0 0 0 0 0 11 0 4 0.5746447532605699
11 0 0 0 3 0 0 7 0 12 4 0 0 0 12 0 0 0 0 7 0 0 0 0 0 0 0 7 0 0 0 0 0 0 0 0 0 0.6744410827240356
