---
0 12.327348066298342 37.0 36 
1 10 2 4 0 0 0 0 0 0 0 0 0 0 0 0 0 0 0 0 0 0 0 2 0 0 0 0 0 0 0 0 0 0 0 0 1 0.9379400279861071
0 0 0 0 0 0 0 0 0 0 0 0 9 0 13 0 0 0 0 0 0 5 4 0 0 0 0 0 0 0 0 2 0 0 0 0 2 0.9380759256762368
0 0 0 0 0 0 0 0 0 0 0 3 0 0 0 0 7 7 0 11 12 0 1 1 0 0 0 0 0 0 0 0 0 0 0 1 5 0.6766554151136803
11 0 4 0 0 8 0 4 0 0 0 0 0 0 0 0 7 0 0 0 0 0 0 0 1 0 0 12 0 0 0 0 0 0 0 2 0 0.9003939012709157
0 0 12 4 4 0 0 0 0 0 7 0 0 0 4 0 8 0 0 7 4 0 0 7 0 0 12 0 0 0 0 7 0 13 0 11 3 0.35169584288230293
7 0 0 0 12 12 0 0 7 0 0 0 0 12 0 0 0 0 0 0 0 12 11 7 0 4 0 0 0 0 0 11 0 0 0 3 5 0.8161393532776624
13 8 13 0 0 0 8 4 0 0 0 0 9 0 13 0 0 13 0 12 0 0 0 0 0 0 13 0 0 0 0 4 0 0 0 0 2 0.9602186343931511
1 0 0 4 0 0 0 0 0 0 0 4 0 0 0 0 1 0 0 7 7 4 8 0 0 0 0 0 0 8 0 0 7 0 0 12 0 0.8538262672304496
0 8 0 12 0 0 0 4 0 0 0 0 7 13 13 2 0 8 0 0 0 0 0 0 0 9 0 4 0 0 8 0 0 0 0 0 0 0.9959278424819054
0 0 2 0 0 0 0 0 0 0 0 0 0 0 8 0 0 0 8 2 13 5 0 4 8 0 0 1 2 2 0 4 0 0 8 0 2 0.8643935046326339
0 0 0 0 0 0 1 0 0 0 0 0 0 4 0 0 0 4 3 0 7 0 3 11 0 0 0 0 0 0 11 0 4 0 0 0 5 0.6903871064763729
0 0 2 4 0 0 0 0 0 0 0 0 3 0 0 0 0 9 0 0 0 0 0 2 0 0 0 0 0 0 0 0 0 0 0 0 0 0.9937715807279763
1 12 0 0 0 0 0 0 0 0 0 0 0 0 0 0 0 0 0 0 0 0 0 0 0 1 0 0 4 0 0 0 0 0 0 0 5 0.04314350076424889
0 0 0 0 0 0 1 0 0 0 0 0 0 4 0 0 7 4 3 0 12 0 1 1 0 0 0 0 0 0 0 0 0 0 0 1 5 0.7355401913606798
0 0 0 0 0 0 0 0 0 0 0 0 0 0 0 0 0 11 0 0 0 0 0 7 4 0 0 0 0 0 0 0 0 0 0 0 4 0.1155379414290787
0 0 0 0 0 0 0 0 0 0 0 0 0 0 0 0 0 11 0 0 0 6 0 7 4 0 0 0 0 0 0 0 0 1 0 0 4 0.8474421925859391
2 0 1 0 0 0 0 0 0 0 0 0 0 0 0 0 0 12 0 0 0 0 0 0 0 2 0 0 2 0 0 0 0 7 0 0 5 0.3448730087066689
0 12 0 0 6 0 0 0 0 0 0 4 0 0 0 0 1 0 0 7 0 4 0 0 0 1 0 0 0 0 0 0 1 0 0 0 0 0.859421755581711
0 8 13 4 0 0 0 4 0 0 0 0 7 2 5 8 0 0 0 0 2 0 0 0 0 0 0 4 0 0 8 0 0 0 0 0 0 0.9551806737885382
13 0 0 4 9 0 0 0 0 0 0 0 0 0 8 0 0 0 0 1 2 0 0 0 4 0 0 1 2 0 0 4 0 0 0 0 2 0.8482657683128573
0 0 0 0 0 0 0 0 0 0 0 0 0 0 0 0 0 0 0 0 0 0 0 0 0 0 0 0 3 0 0 10 0 11 0 0 4 0.5438597249615003
0 0 2 0 0 5 0 0 0 2 0 0 0 2 0 0 5 0 0 0 0 0 0 0 0 0 2 8 0 0 0 0 2 0 0 0 2 0.8702172422612493
0 0 0 0 0 0 0 0 0 0 0 2 0 7 0 0 1 0 2 0 0 0 0 0 0 0 0 0 0 6 0 0 1 0 0 0 1 0.8705385608000531
0 5 0 0 9 0 0 0 0 0 0 0 0 0 13 0 2 0 0 0 0 0 0 8 0 2 0 0 0 0 0 0 0 0 0 0 2 0.9505098786257518
0 0 0 4 0 0 0 0 0 0 0 0 0 0 0 0 0 0 0 0 0 0 0 2 0 0 0 0 0 0 0 0 0 11 0 13 1 0.8858940652817804
0 0 0 0 0 0 1 11 0 0 0 0 0 0 0 0 0 4 1 0 12 0 1 1 0 7 0 0 0 1 0 0 0 0 0 1 5 0.7108594922378595
0 0 0 0 0 0 9 0 0 0 0 0 0 0 0 0 8 5 0 0 0 0 0 0 0 0 0 0 0 0 0 0 0 0 0 0 0 0.1770519282771612
0 0 0 0 7 4 0 4 0 0 0 0 0 11 0 0 0 0 0 0 0 0 0 12 4 0 0 0 0 0 0 0 0 0 0 12 4 0.3991970884187499
0 0 0 0 0 1 0 4 0 0 0 0 0 11 0 0 0 0 0 0 0 0 0 12 0 0 0 0 0 0 0 0 0 11 0 12 4 0.6272821520178569
0 0 0 1 0 0 0 0 0 3 7 0 0 0 0 0 0 0 0 0 0 0 0 0 0 0 0 4 0 0 0 0 0 0 0 0 4 0.09939158234791123
0 0 0 0 0 0 0 0 0 0 0 0 0 0 0 0 0 0 0 7 0 0 0 0 0 14 0 0 0 0 0 0 0 0 0 0 2 0.08459854530047295
0 0 8 0 0 0 4 0 0 0 0 11 0 0 0 0 0 0 0 0 0 0 2 0 0 0 0 0 0 0 0 0 4 9 0 0 2 0.16026153268274201
1 8 0 4 0 13 0 4 0 0 0 0 7 0 0 0 1 0 0 0 7 0 8 0 0 9 0 0 0 0 8 0 0 0 0 12 0 0.9994060407322669
0 0 1 0 0 0 0 0 0 0 0 0 0 0 0 0 7 7 0 11 12 0 1 0 0 0 0 0 2 0 0 0 0 7 0 0 5 0.6393331943470131
0 0 0 0 0 0 0 7 0 0 0 0 0 0 0 0 2 0 12 0 0 0 0 10 0 0 0 0 0 0 0 0 0 0 0 0 2 0.3732758726518861
0 0 2 0 0 0 0 0 1 7 0 0 0 0 4 0 0 0 12 0 1 0 0 13 0 0 0 0 0 0 0 0 0 0 0 0 1 0.935780362106795
0 0 0 0 0 0 0 0 0 0 0 0 0 4 0 0 0 0 0 0 0 0 9 0 0 0 0 0 8 4 0 0 0 0 0 0 0 0.16840721418644589
---
1 12.53453038674033 30.0 36 
4 4 1 0 0 4 0 1 4 0 0 1 4 0 0 7 4 0 0 11 4 0 0 7 2 0 0 7 0 0 0 0 4 0 2 7 5 0.3599968361405579
0 0 0 0 0 4 0 1 4 12 0 7 0 0 0 3 0 0 0 0 0 12 11 11 0 0 0 1 1 0 0 11 0 0 11 0 5 0.8374575940476474
0 0 0 0 0 0 0 0 8 2 4 1 0 4 0 0 9 0 0 0 0 0 0 12 0 0 0 0 0 0 0 4 0 0 0 0 2 0.8578025865397716
0 0 0 12 0 0 0 0 0 0 0 12 0 11 0 0 1 0 0 0 0 0 0 0 7 0 0 4 0 7 0 0 0 0 0 0 4 0.16822796766100168
0 0 8 0 0 0 0 0 0 10 0 0 0 1 12 0 0 0 0 0 0 4 0 0 0 0 0 0 0 0 0 0 0 0 0 0 1 0.8713176674189389
0 0 2 0 0 0 8 0 8 2 0 0 0 0 0 0 9 2 0 0 0 0 2 12 0 0 0 0 0 13 0 4 0 0 0 0 2 0.9111328345627636
0 0 0 4 0 0 0 4 13 8 12 0 0 13 0 0 0 2 0 1 0 0 2 12 0 0 0 0 0 0 8 0 0 0 0 2 2 0.7852371163794297
0 0 0 7 0 7 0 0 0 7 0 11 0 0 0 3 0 4 0 0 0 0 0 11 0 7 1 0 0 0 0 0 0 4 0 11 5 0.5880959803602595
0 0 0 0 0 0 0 0 0 2 0 0 0 0 9 0 0 0 0 0 0 0 0 0 0 0 0 0 12 5 0 0 0 0 0 0 0 0.8851603668434695
0 0 0 0 0 0 0 0 0 0 0 0 0 0 0 0 0 13 0 1 0 0 4 0 0 0 0 0 0 8 8 0 0 0 0 0 2 0.0129037641517048
0 0 0 0 0 0 0 0 0 0 0 0 0 3 0 0 0 0 0 0 0 11 0 0 0 0 0 0 1 7 0 0 0 0 0 0 4 0.3070976637197509
12 0 12 0 0 0 4 0 0 0 0 7 0 0 0 0 0 0 12 0 0 0 0 0 0 13 12 7 0 0 0 0 0 12 0 11 3 0.3166916877746583
0 0 0 12 0 0 0 12 0 0 0 0 0 0 0 0 0 11 13 0 0 0 0 0 7 12 0 0 0 0 0 0 0 0 0 0 4 0.6177675069585415
7 8 8 0 2 0 0 12 0 13 0 0 0 0 0 0 7 0 2 0 0 0 0 4 0 4 0 4 0 0 2 0 7 0 0 0 0 0.9403404776014999
0 0 0 0 0 12 0 0 0 0 0 0 0 0 0 12 0 8 0 0 0 0 0 0 0 12 0 0 0 0 0 13 0 0 0 0 4 0.44172251919008576
0 0 0 1 0 0 0 0 11 0 7 0 0 11 0 0 1 0 0 0 0 0 0 11 0 0 0 4 0 7 0 0 0 0 0 0 4 0.3539977328377534
7 8 8 0 0 0 0 0 0 8 0 0 0 0 0 0 7 0 2 0 0 0 0 4 0 1 0 2 0 0 2 0 7 0 0 0 0 0.8052269439454962
0 0 5 0 0 0 0 0 13 2 0 0 0 0 0 0 9 0 0 0 0 0 2 12 0 0 0 0 0 0 2 4 0 0 0 0 2 0.9463121873485468
4 0 0 0 0 7 0 1 0 7 0 0 0 0 0 3 0 4 7 0 0 12 0 11 0 0 0 1 4 0 0 11 0 0 11 11 5 0.8782447095586817
0 0 0 0 0 0 0 1 0 4 0 0 0 0 0 3 0 0 7 0 0 12 11 11 0 0 0 1 1 0 11 11 7 0 11 0 5 0.8446830154526412
12 0 12 0 0 0 4 0 0 0 0 0 0 0 0 0 0 0 12 0 0 0 0 0 0 13 12 7 0 0 0 0 0 12 0 11 3 0.2624150966895029
0 0 0 0 0 1 0 0 0 0 0 0 0 1 0 0 1 0 4 0 0 0 0 0 0 0 0 0 11 0 0 13 0 0 0 0 1 0.9653363814206537
0 7 0 0 0 4 0 7 0 4 0 0 0 0 7 0 6 0 0 0 0 0 0 0 0 0 0 11 0 0 0 7 0 0 0 0 0 0.4667399501975863
0 0 0 0 0 0 0 0 0 13 4 0 0 0 0 7 0 0 2 0 12 0 0 0 2 0 11 0 0 0 0 0 0 4 0 4 5 0.2791910870065366
0 0 0 0 0 0 0 0 0 0 0 0 8 0 7 3 0 2 0 0 0 0 0 0 0 0 1 0 0 8 0 0 0 0 0 0 5 0.13968642182797675
1 2 0 0 1 4 0 0 0 0 0 0 0 0 0 0 1 2 4 12 0 4 0 0 0 0 0 4 1 2 0 0 1 0 0 0 0 0.788496892562134
0 0 0 0 13 0 2 0 0 0 0 0 0 0 0 0 0 12 0 0 0 4 0 0 0 0 4 0 0 7 0 0 0 0 0 0 5 0.13854485497655178
0 0 0 0 0 0 4 0 0 0 0 7 8 0 0 0 0 0 0 0 0 0 0 0 0 0 12 0 0 7 0 0 0 0 0 13 3 0.7817486407440608
0 0 0 0 3 0 0 0 11 0 0 6 0 0 0 0 0 0 0 0 0 11 0 0 0 0 0 0 0 7 0 0 0 0 0 0 4 0.7487803401572136
6 0 0 0 0 1 0 13 0 0 0 0 1 10 0 2 0 0 0 0 0 0 0 0 0 0 0 0 0 0 0 0 1 0 0 0 1 0.9998917543004426
---
2 12.914364640883976 26.0 36 
0 0 0 0 0 0 0 0 0 0 0 0 4 0 0 0 0 11 0 0 0 11 0 12 4 0 0 0 0 0 0 0 0 0 0 0 4 0.7553553950753249
0 0 0 0 4 0 0 0 5 0 0 0 0 0 0 0 0 0 0 0 0 0 0 6 0 0 0 0 12 0 0 0 0 0 0 0 5 0.4571649212208708
0 0 0 0 0 0 0 0 0 0 0 13 4 0 11 0 0 0 0 0 0 11 0 12 4 0 0 0 0 0 0 0 0 0 0 0 1 0.31627394190263947
0 8 0 0 0 0 0 12 4 0 13 12 1 1 0 2 4 0 0 0 1 0 0 4 1 4 0 12 0 0 2 0 0 8 0 0 0 0.8394269490764984
3 0 0 0 0 0 0 0 0 0 0 0 0 0 7 0 10 0 0 4 0 0 7 0 0 0 0 0 0 12 0 4 0 0 0 1 0 0.7865238791451181
0 0 0 0 0 0 0 0 4 0 0 5 0 12 7 3 0 0 0 11 12 0 0 0 8 0 0 0 12 0 0 0 0 4 0 0 3 0.8692106331331257
0 0 0 0 0 0 0 4 0 0 8 0 0 4 0 0 2 0 0 0 0 0 12 0 0 4 0 2 5 4 0 7 13 5 0 0 2 0.5966333177805789
4 0 0 0 0 0 0 0 0 4 0 3 0 0 7 3 4 0 0 0 2 0 1 11 0 0 0 0 0 0 0 0 4 0 1 0 5 0.7513065530364986
0 0 7 0 0 0 1 0 0 0 0 1 4 0 0 0 0 11 0 0 0 0 7 0 0 0 0 0 0 0 0 0 0 0 0 0 4 0.07056616032810137
0 0 0 0 0 0 0 0 1 0 0 4 1 1 0 0 1 0 0 1 1 0 0 0 0 4 0 12 1 0 0 0 1 0 0 4 0 0.30322010591880866
2 0 12 0 0 0 0 0 12 0 0 0 0 0 11 0 0 13 7 0 0 0 0 11 8 0 0 0 0 0 0 0 0 0 0 0 3 0.33515604989452497
0 0 0 0 0 0 0 0 5 0 8 0 0 4 0 1 0 0 0 0 0 0 1 0 0 4 0 2 0 4 0 0 13 5 0 0 2 0.6550265874207584
0 0 1 7 0 0 0 1 0 0 0 0 0 0 0 0 0 0 0 0 12 0 0 0 0 0 3 0 0 0 11 0 0 7 0 6 5 0.8613961635326111
2 10 12 0 0 0 0 0 0 0 0 0 0 0 11 0 0 0 7 0 0 0 0 0 8 0 0 0 0 0 0 0 0 0 0 0 3 0.638062344020833
0 0 0 0 0 0 0 0 0 0 0 0 4 0 0 0 0 11 0 0 0 11 7 0 4 0 0 0 0 0 0 0 13 0 0 0 5 0.5701789307720928
0 2 2 0 0 0 4 0 0 0 0 0 0 0 4 4 0 2 8 0 8 0 0 4 9 0 4 7 13 0 0 0 0 0 2 0 2 0.8509978324167202
0 2 2 7 0 0 0 0 0 0 0 0 0 0 8 4 0 2 8 0 8 0 0 0 9 13 4 7 0 0 8 0 0 0 2 0 2 0.8641319645796721
0 8 0 0 0 0 0 12 0 0 0 12 1 12 0 2 4 0 0 0 1 0 0 4 1 4 0 12 0 0 2 0 0 13 0 0 0 0.7501519868147147
0 10 11 0 0 7 0 0 0 0 0 0 0 11 11 0 0 0 0 0 0 0 0 0 0 0 0 0 0 0 7 0 0 0 0 0 4 0.979337155112815
12 0 0 0 0 0 0 0 4 0 0 6 0 0 8 11 0 12 0 0 12 4 0 0 0 0 0 0 12 0 0 0 0 0 0 0 5 0.4426012659788632
2 0 12 0 12 0 0 0 0 0 0 0 0 0 0 0 0 13 7 0 0 0 0 11 0 0 7 0 0 0 0 0 0 0 0 0 3 0.22029219144098589
12 0 0 0 0 0 0 0 4 0 0 1 2 0 8 11 0 12 0 11 12 0 1 0 0 0 0 0 0 0 0 0 2 0 0 0 5 0.13743388800219436
0 4 1 0 0 0 0 0 0 0 0 0 0 0 0 0 10 0 0 0 0 0 0 0 0 0 0 0 0 6 0 13 3 0 0 8 1 0.9806342568839828
0 5 0 0 12 0 0 0 0 0 0 0 4 0 0 0 13 13 7 0 0 11 7 0 4 5 0 0 0 0 0 0 0 0 0 0 3 0.45510833637100223
0 0 0 0 0 0 0 0 4 0 0 1 0 12 7 3 2 0 0 11 2 0 1 0 0 0 0 0 0 0 0 0 2 4 0 0 5 0.6040483779680312
0 3 0 0 0 0 0 0 0 0 0 2 0 0 4 0 0 3 0 8 0 0 0 0 0 0 0 4 0 0 0 0 0 0 0 0 1 0.9446157572650069
