---
0 12.931629834254144 54.0 36 
12 0 0 0 0 12 0 11 7 0 0 0 0 0 0 0 0 0 0 0 0 0 0 0 0 8 0 0 0 0 0 0 2 0 2 0 5 0.11445588598140644
0 0 0 0 0 0 0 0 0 0 0 0 4 0 0 0 0 0 0 0 0 0 0 7 0 0 0 0 0 0 0 0 0 6 0 0 4 0.4452497393763104
12 0 0 0 0 0 0 0 0 0 0 0 0 0 0 0 0 0 0 0 0 0 0 0 0 12 0 0 0 0 0 0 0 0 0 2 5 0.0320821393532591
8 0 12 0 0 0 4 0 0 12 0 11 0 0 0 0 0 13 0 0 0 0 0 0 0 0 0 0 12 0 0 0 0 0 0 0 3 0.16680651879091868
12 0 0 0 0 0 0 0 0 0 0 0 0 0 0 0 0 0 0 0 5 0 0 0 0 12 11 0 0 0 0 0 0 0 0 2 5 0.45745243795380475
7 0 0 0 0 4 0 0 12 7 0 11 4 0 7 11 0 0 0 1 0 0 11 11 0 0 0 1 0 0 0 0 4 0 0 11 5 0.843475731695253
4 0 0 0 0 4 0 0 12 7 0 1 4 0 11 0 7 0 0 1 0 0 0 11 0 0 0 1 0 0 0 0 7 0 0 11 5 0.8358202619932873
0 2 0 12 13 0 0 7 0 0 0 4 13 0 0 0 0 0 0 12 0 0 0 12 8 0 8 4 8 5 0 0 0 0 0 12 2 0.8434526296303659
0 0 0 0 0 0 0 0 0 0 0 0 0 0 8 0 7 0 0 2 7 0 0 0 0 0 0 0 0 0 4 0 0 9 0 0 0 0.9656146942058697
0 4 0 0 0 0 0 0 0 0 0 0 13 0 0 0 0 0 0 0 0 0 10 0 0 13 0 0 0 2 0 11 0 0 0 0 2 0.7245028346793174
0 0 0 8 1 0 13 0 0 0 0 0 0 0 8 0 0 0 5 0 0 0 0 0 4 0 0 0 0 0 0 0 4 0 0 0 0 0.7250545776213735
0 0 13 8 0 0 0 0 0 0 0 0 0 0 0 0 0 0 2 12 7 0 0 0 7 0 0 12 0 8 0 0 12 0 0 0 0 0.9493711874506241
4 0 0 0 0 4 0 0 12 7 0 11 4 0 7 11 0 0 0 1 0 0 7 11 0 0 0 1 0 0 0 0 4 0 0 11 5 0.7797514493202591
0 0 0 3 0 0 0 0 0 0 0 0 0 13 0 0 0 0 0 12 0 0 0 12 0 2 5 0 13 0 0 0 0 0 0 0 2 0.7841858754512012
0 0 4 0 0 0 0 0 0 0 0 0 0 0 0 0 0 0 0 0 7 0 0 0 7 12 0 0 0 4 0 0 6 0 0 0 0 0.5227897993319313
0 4 0 0 0 0 0 0 0 0 0 0 13 0 0 0 0 0 0 0 0 0 10 0 0 13 0 0 0 2 0 11 0 0 0 0 2 0.7245028346793174
0 0 0 3 0 0 0 0 0 0 0 0 0 13 0 0 0 0 0 12 0 0 0 12 0 2 5 0 13 0 0 0 0 0 0 0 2 0.7841858754512012
4 0 0 11 0 0 0 0 12 7 0 11 1 0 11 0 7 0 0 1 0 0 0 11 0 0 0 3 0 0 0 1 0 0 0 11 5 0.843028434351937
0 8 0 0 13 0 0 0 5 0 0 0 9 5 13 0 2 0 0 0 0 0 0 0 0 0 0 0 0 0 0 0 0 0 0 0 2 0.9315423178118826
0 0 0 0 0 6 0 0 0 0 0 0 0 0 0 0 0 0 0 0 0 0 0 7 0 0 0 0 0 0 0 0 0 0 0 12 4 0.4695885566593838
0 0 0 0 0 8 0 0 0 12 0 0 0 0 0 0 3 0 0 0 0 0 0 0 0 0 2 0 7 0 0 0 0 0 0 0 0 0.33266514209922105
0 0 0 0 0 0 0 0 2 0 0 0 0 4 0 0 4 0 0 0 0 0 7 11 0 2 7 0 0 0 0 11 4 7 0 1 5 0.6115087974439735
0 1 12 0 0 0 0 0 0 0 0 0 0 12 0 0 0 0 0 0 0 0 0 0 12 7 0 0 0 0 0 0 2 0 0 0 5 0.13022344726895208
0 0 13 8 0 0 0 0 0 0 0 0 0 0 0 0 0 0 5 0 0 0 0 0 4 0 0 12 0 8 0 12 4 0 0 0 0 0.6424398938010532
0 0 0 3 0 0 0 0 0 0 0 0 0 0 0 0 0 0 2 0 0 0 0 0 0 2 5 0 0 0 0 0 0 0 0 0 2 0.12067980564643466
4 0 0 0 0 4 0 0 12 7 0 1 4 0 11 0 7 0 0 1 0 0 0 11 0 0 0 1 0 0 0 0 7 0 0 11 5 0.8358202619932873
0 0 0 0 0 6 0 0 0 0 0 0 0 0 0 0 0 0 0 0 0 0 0 7 0 0 0 0 0 0 0 0 0 0 0 12 4 0.4695885566593838
0 2 0 12 13 0 0 7 0 0 0 4 13 0 0 0 0 0 0 12 0 0 0 12 8 0 8 4 8 5 0 0 0 0 0 12 2 0.8434526296303659
0 0 0 0 0 0 0 0 0 0 0 0 0 0 8 0 7 0 0 2 7 0 0 0 0 0 0 0 0 0 4 0 0 9 0 0 0 0.9656146942058697
4 0 0 7 0 4 0 0 12 7 0 11 4 0 4 0 0 0 0 1 0 4 7 11 0 0 0 1 0 0 0 0 4 0 0 11 5 0.6335052031415511
0 0 0 0 0 0 0 0 0 0 0 0 4 0 0 0 0 0 0 0 0 0 0 0 0 0 0 0 1 0 0 13 0 1 0 0 1 0.6625476284980709
0 0 0 0 4 0 1 0 2 0 0 0 0 4 0 0 4 0 0 0 0 0 0 11 0 2 0 0 0 0 0 0 0 7 0 1 5 0.5245828833731943
0 0 0 0 0 0 13 0 0 0 0 0 0 0 8 0 7 0 0 2 0 0 0 0 0 0 0 1 0 0 2 0 0 9 0 0 0 0.992845244838104
0 0 4 0 0 0 0 0 0 0 0 0 0 0 0 0 0 0 0 0 7 0 0 0 7 12 0 0 0 4 0 0 6 0 0 0 0 0.5227897993319313
0 0 0 0 0 0 0 0 2 0 0 0 5 0 8 0 0 13 8 12 0 0 0 0 1 0 0 7 0 0 8 0 0 0 0 0 2 0.7431191021514643
0 0 4 0 0 11 0 12 0 0 0 0 0 0 0 0 0 0 0 12 0 0 0 7 0 0 0 0 0 0 0 0 0 0 0 0 4 0.18224488588196097
0 0 0 0 0 0 0 0 0 0 13 0 0 0 0 0 0 0 2 0 0 0 0 0 0 1 0 9 0 0 0 1 0 0 0 0 1 1.0
0 1 0 8 10 1 0 4 0 0 8 0 0 0 0 0 0 0 0 0 0 0 0 0 0 0 0 0 0 0 0 0 0 0 0 0 1 0.9440699512987073
0 0 0 0 0 0 0 0 0 10 0 0 0 0 0 0 0 0 2 0 0 0 0 0 0 2 0 0 0 0 0 1 7 0 0 0 1 0.7021738465605665
0 0 0 0 0 8 0 0 0 12 0 0 0 0 0 0 3 0 0 0 0 0 0 0 0 0 2 0 7 0 0 0 0 0 0 0 0 0.33266514209922105
0 2 0 12 13 8 8 7 0 0 0 4 0 0 0 0 0 0 0 12 0 0 0 12 0 0 8 4 8 4 0 0 0 0 0 12 2 0.7978471893705528
0 1 0 8 10 1 0 4 0 0 8 0 0 0 0 0 0 0 0 0 0 0 0 0 0 0 0 0 0 0 0 0 0 0 0 0 1 0.9440699512987073
4 0 0 7 0 4 0 0 12 7 0 11 4 0 4 0 0 0 0 1 0 4 7 11 0 0 0 1 0 0 0 0 4 0 0 11 5 0.6335052031415511
0 0 0 0 4 0 1 0 2 0 0 0 0 4 0 0 4 0 0 0 0 0 0 11 0 2 0 0 0 0 0 0 0 7 0 1 5 0.5245828833731943
0 2 0 12 13 8 8 7 0 0 0 4 0 0 0 0 0 0 0 12 0 0 0 12 0 0 8 4 8 4 0 0 0 0 0 12 2 0.7978471893705528
0 0 0 0 0 0 0 0 0 0 0 0 0 0 0 4 0 3 0 0 0 0 0 0 0 0 0 0 0 0 0 0 0 0 0 7 4 0.10784307089794609
0 0 0 0 0 0 0 0 0 0 0 0 0 0 0 4 0 3 0 0 0 0 0 0 0 0 0 0 0 0 0 0 0 0 0 7 4 0.10784307089794609
0 0 0 0 0 0 0 0 0 0 0 0 4 0 0 0 0 0 0 0 0 0 0 0 0 0 0 0 1 0 0 13 0 1 0 0 1 0.6625476284980709
0 0 0 0 1 0 0 0 0 0 0 0 0 0 0 0 0 0 2 0 0 0 0 0 0 2 0 0 0 0 0 1 7 0 0 0 0 0.14472158776758026
0 0 0 0 0 6 0 0 6 0 0 0 0 0 0 2 0 2 0 0 0 0 0 0 0 0 0 0 0 0 0 0 0 0 0 0 1 0.6717690337910343
0 0 13 8 0 0 0 0 0 0 0 0 0 0 0 0 0 0 5 0 0 0 0 0 4 0 0 12 0 8 0 12 4 0 0 0 0 0.6424398938010532
0 0 0 0 0 0 13 0 0 0 0 0 0 0 8 0 7 0 0 2 0 0 0 0 0 0 0 1 0 0 2 0 0 9 0 0 0 0.992845244838104
0 0 4 0 0 0 0 0 0 0 0 0 0 0 0 0 0 0 0 0 7 0 0 0 7 12 0 0 0 4 0 0 6 0 0 0 0 0.5227897993319313
0 0 0 0 0 0 0 0 0 0 0 10 0 0 8 0 0 0 0 0 0 0 0 0 4 0 0 12 0 8 2 0 4 0 0 0 2 0.5887284197579629
---
1 12.655386740331492 40.0 36 
0 2 0 0 0 0 8 0 4 0 0 0 2 0 4 0 2 5 4 1 0 0 1 4 0 0 8 0 0 8 4 12 13 0 2 0 2 0.7382970427076495
0 4 0 7 1 0 0 0 7 0 0 7 0 0 0 0 0 4 0 7 11 0 0 0 0 0 0 0 3 0 4 0 0 4 0 0 0 0.677656894207451
0 0 0 0 4 0 0 0 0 0 0 0 1 7 11 0 4 4 0 1 0 0 1 0 4 0 0 0 0 0 1 11 0 0 0 0 5 0.7040890449880478
0 0 0 0 0 7 0 0 0 0 3 0 0 7 0 0 0 0 0 0 0 0 0 0 0 0 0 0 0 0 0 0 12 0 3 0 5 0.7131740053482267
0 0 0 0 0 0 0 0 0 10 0 0 0 0 0 0 0 0 4 0 0 0 0 0 0 0 0 0 0 0 8 0 0 0 0 0 1 0.9731064280931688
0 0 0 12 0 4 0 0 7 2 0 4 0 13 13 0 0 0 8 2 1 0 0 4 4 13 2 0 0 0 0 0 1 8 0 4 0 0.9636920651051379
0 0 0 0 4 0 0 0 0 0 0 0 7 7 11 0 4 4 0 11 0 0 11 0 4 0 0 0 0 0 1 11 0 7 0 0 5 0.7682158854077404
0 0 1 0 0 0 0 0 0 7 0 0 0 0 0 0 7 0 0 0 0 11 0 0 0 0 0 7 7 0 0 0 0 0 0 0 4 0.3375409450658047
0 0 0 0 0 4 0 0 12 0 0 0 4 13 7 0 0 0 0 0 0 0 0 0 0 0 0 7 12 0 0 0 0 12 0 0 3 0.14186940296433193
0 4 0 7 1 0 0 0 1 0 0 7 0 4 0 0 3 4 0 7 11 0 0 0 0 0 0 0 3 0 0 0 0 0 0 0 0 0.7822775040223535
0 0 0 7 0 0 0 0 0 0 0 0 0 0 0 0 0 0 11 0 0 0 0 0 0 0 0 0 0 0 0 0 0 6 0 0 4 0.7609088576598163
0 0 0 0 0 0 0 0 0 0 0 0 0 0 0 0 0 0 4 0 0 0 0 0 0 0 0 0 0 10 8 0 0 6 0 0 1 0.9936539929566971
0 4 0 0 0 0 4 0 4 0 0 0 2 0 4 0 2 5 4 12 0 0 1 4 0 0 8 0 2 0 4 12 0 0 4 0 2 0.43514001495415866
0 4 0 0 0 0 4 0 4 0 4 0 2 8 4 0 2 5 0 12 0 0 1 4 0 0 8 0 0 0 4 12 0 8 8 0 2 0.4193574447003221
0 4 0 12 0 0 0 0 7 0 0 7 0 13 0 0 0 4 0 7 11 0 0 0 4 13 2 0 0 0 0 0 0 8 8 4 0 0.9560928573600149
0 0 0 12 0 2 4 0 7 2 0 4 0 0 0 0 0 0 1 2 1 0 0 12 1 2 0 0 0 0 0 0 1 0 0 4 0 0.868880731937892
0 0 0 0 0 4 0 0 12 0 0 0 0 13 7 0 0 0 0 0 0 0 0 0 0 0 0 7 12 0 0 0 0 12 0 0 3 0.1079744107292222
0 4 0 0 0 0 4 0 4 0 0 0 2 8 4 0 2 5 0 12 0 0 1 4 5 0 8 0 2 0 4 12 0 0 4 0 2 0.717582605103787
0 0 11 0 0 0 0 2 0 4 0 0 0 0 0 0 0 0 8 0 0 0 0 0 0 0 0 0 0 0 0 0 13 0 0 7 5 0.2010990351174995
7 0 0 1 0 11 0 0 0 0 0 0 0 0 0 0 0 0 0 0 0 0 0 0 7 1 0 0 0 0 0 0 0 0 0 0 4 0.1440101440821837
0 0 0 0 0 0 0 0 0 0 0 0 0 3 0 0 0 0 0 0 0 0 0 0 0 7 0 0 0 0 0 0 11 0 0 0 4 0.08641880273768754
4 1 0 0 2 0 0 0 2 0 4 0 2 0 0 11 2 4 0 0 0 0 0 0 4 4 0 7 0 0 1 0 0 0 0 1 5 0.3151968338384501
2 7 9 0 0 0 0 0 0 0 0 0 8 0 0 0 0 0 0 0 0 0 0 0 0 0 0 0 0 0 0 0 0 0 0 0 4 0.7520172524001549
11 0 0 0 0 6 0 13 0 0 0 0 0 0 0 0 0 0 4 0 0 0 0 0 0 0 0 0 0 4 0 3 0 0 0 0 1 0.6535698924025178
13 0 0 0 0 0 0 0 2 0 4 0 0 0 0 0 12 7 0 0 12 0 0 0 0 0 0 1 0 0 0 3 0 0 0 0 5 0.3191621458100613
0 0 0 0 0 4 0 0 12 0 0 0 4 13 7 0 0 0 0 0 0 0 0 0 0 0 0 11 12 0 0 0 0 12 0 0 3 0.13093199232490704
0 0 0 1 0 0 0 0 0 0 0 0 0 0 12 0 9 0 0 1 0 0 0 8 0 0 13 0 8 0 0 3 4 0 0 0 2 0.8801502701789952
0 0 0 0 0 0 0 0 4 0 4 0 13 2 0 0 0 7 0 0 0 0 0 0 0 0 7 1 0 0 0 0 0 12 0 0 5 0.1923074385212542
0 0 0 0 0 0 0 1 4 0 7 0 13 2 0 0 0 0 0 0 0 0 0 0 0 7 7 0 0 0 0 0 0 12 0 0 5 0.19887264270356508
0 0 0 0 0 0 0 0 13 0 0 0 0 0 0 0 0 0 0 0 0 0 0 0 0 0 0 7 0 0 0 0 0 6 0 0 3 0.5160835064174245
0 0 0 0 0 0 7 0 11 0 0 0 8 0 0 0 0 0 0 0 11 0 0 10 0 0 0 0 0 0 8 0 0 0 0 0 2 0.8826555679272519
4 0 0 0 2 0 0 0 2 0 4 0 2 2 0 11 2 4 0 0 0 0 0 0 4 4 0 1 0 0 0 0 0 0 0 7 5 0.09455182542722373
0 0 0 12 0 4 0 0 7 2 0 4 0 13 0 0 0 0 1 2 1 0 0 12 4 2 2 0 0 0 0 0 1 0 0 4 0 0.9152633628586734
0 0 0 0 0 0 0 0 3 12 0 0 0 1 0 0 0 0 0 0 0 0 0 0 5 0 0 12 0 0 0 0 0 0 0 13 2 0.8460389355660988
0 14 0 0 0 0 0 0 0 8 0 0 0 0 12 0 0 0 0 0 0 0 4 0 0 0 0 0 0 0 0 0 11 11 0 0 2 1.0
0 4 0 7 1 0 0 0 7 0 0 7 0 4 0 0 3 4 0 7 11 0 0 0 0 0 0 0 3 0 0 0 0 0 0 0 0 0.7161310537285719
0 0 0 0 0 0 0 2 4 0 0 0 0 0 0 0 3 0 0 0 0 0 0 8 0 0 0 0 0 0 0 0 0 0 0 0 1 0.002600834525080087
0 0 0 0 4 0 0 0 4 0 0 0 2 0 4 0 4 5 0 12 0 0 9 4 4 0 0 0 0 0 4 11 0 0 0 0 0 0.5511292500233046
0 0 0 0 4 0 0 0 0 0 0 0 7 7 11 11 4 4 0 11 0 0 9 0 4 0 0 0 0 0 1 11 0 0 0 0 2 0.9890048355835301
5 0 0 0 0 0 0 0 0 0 3 0 0 7 0 0 4 0 0 1 0 0 0 0 0 0 0 0 0 0 1 0 12 0 0 0 5 0.4065885612283191
---
2 12.793508287292818 26.0 36 
1 0 0 4 0 0 2 0 0 4 0 4 1 0 0 0 0 8 13 4 1 0 0 0 4 0 2 4 0 0 0 0 4 0 0 12 0 0.8440626809813063
0 4 0 0 0 0 0 0 3 0 0 0 0 12 0 0 0 0 0 0 0 0 0 0 3 4 0 0 0 0 0 4 0 4 0 4 0 0.752624701687477
0 0 0 0 0 4 0 0 7 0 0 1 7 0 0 0 0 4 0 0 4 7 0 0 0 1 0 11 0 0 11 0 0 4 0 0 5 0.7519756088988387
0 0 4 4 0 2 0 0 0 0 0 1 0 8 0 4 0 0 4 0 5 0 4 0 0 0 0 12 2 0 0 0 1 2 0 0 2 0.6130718575853229
0 12 0 0 0 4 0 0 7 0 0 1 7 0 0 11 0 4 0 0 4 7 0 0 0 7 0 11 0 4 0 0 0 0 0 0 5 0.7970753404462567
0 8 0 0 0 0 0 0 0 0 0 12 0 8 0 7 13 0 4 0 0 1 8 1 0 0 0 0 5 0 0 0 0 0 12 0 2 0.5779265402853276
0 0 12 0 0 0 12 0 8 0 0 0 12 0 0 0 0 8 0 0 0 12 4 0 0 0 0 0 0 13 12 0 0 0 7 0 3 0.36482764022682335
0 0 0 0 0 0 2 0 0 0 0 0 0 10 2 0 0 0 0 2 0 0 0 0 0 0 0 0 1 0 0 0 0 0 0 0 1 0.9941268473686342
0 0 0 0 0 0 2 0 0 0 0 0 0 0 2 0 0 3 0 2 0 0 0 0 0 0 0 0 1 0 0 0 0 0 0 0 1 0.8968152347381757
0 0 4 4 0 2 0 0 0 0 0 1 0 8 0 4 0 0 4 4 5 0 4 4 0 0 0 12 2 0 0 0 1 2 0 0 2 0.6767329884097957
0 11 0 0 4 0 0 0 0 0 0 7 0 0 0 0 0 11 0 0 0 0 0 4 0 7 0 0 0 0 0 0 0 0 0 0 4 0.5699251008604229
0 0 0 0 7 0 0 0 0 0 0 7 0 0 0 0 0 0 0 0 0 11 0 4 0 0 0 0 0 0 0 0 0 7 0 4 4 0.44582778184122396
0 0 0 0 0 4 7 0 0 0 7 0 0 0 11 0 4 0 0 1 0 0 3 0 0 0 0 0 0 0 12 0 0 0 0 4 5 0.43791935080940125
0 7 0 0 7 0 0 0 0 0 0 12 0 0 0 0 0 0 0 0 0 11 0 4 0 0 0 0 0 0 0 0 0 0 0 4 4 0.6253216456330029
0 0 4 4 5 2 0 0 14 0 0 0 0 0 0 4 0 0 4 4 13 0 4 0 8 0 0 0 2 1 0 0 0 2 0 0 2 0.9320883535885007
0 0 0 0 0 0 0 0 0 0 0 0 11 0 0 7 0 0 0 6 4 0 0 0 12 0 0 0 0 0 0 0 0 0 0 0 5 0.7802354784151313
1 0 0 2 0 0 0 12 0 4 0 0 1 0 0 0 1 4 0 0 1 0 0 12 0 2 0 0 0 0 0 0 4 0 0 12 0 0.6781150733419292
0 1 0 0 0 2 0 0 0 0 2 0 0 0 0 6 0 0 0 0 0 0 0 4 0 0 0 0 0 0 0 0 0 0 0 0 5 0.5145560203404311
0 0 0 0 0 0 0 11 0 0 0 3 2 0 2 0 0 12 0 2 0 0 0 0 0 0 0 0 1 0 0 0 0 0 0 0 5 0.2794304325353747
0 11 0 0 7 0 0 0 0 0 0 7 0 0 0 0 0 11 0 0 0 0 0 4 0 0 0 0 4 0 0 0 0 0 0 4 4 0.5841346466846546
0 0 7 7 13 0 0 0 0 0 8 0 0 12 0 0 0 0 0 0 14 0 0 0 0 0 0 0 0 0 0 0 0 0 0 0 2 0.9759425665242656
0 0 0 0 0 0 0 0 0 9 0 12 0 4 0 7 0 13 4 0 0 0 8 1 0 11 0 0 8 0 0 0 0 0 12 4 2 0.8548082194104953
0 0 8 0 0 0 0 0 0 0 3 0 0 4 7 0 0 0 0 0 0 0 0 0 0 0 11 4 0 0 0 0 0 0 4 11 5 0.3450782681841056
0 0 0 0 7 0 0 0 0 0 0 12 0 0 0 0 0 0 0 0 0 0 0 4 0 3 0 0 4 0 0 0 0 7 0 4 4 0.4443602499281668
0 0 0 0 0 4 0 0 0 0 0 0 0 12 2 0 0 0 12 0 0 0 0 0 0 0 0 0 0 0 0 0 0 7 0 13 3 0.21904563545757727
0 0 0 0 0 0 0 11 0 0 0 3 2 0 9 0 0 12 0 2 0 0 0 0 0 0 0 0 1 0 0 0 0 0 0 0 0 0.8277548122649971
