---
0 14.83336211362459 18.0 36 
0 0 0 0 0 0 0 1 4 0 0 4 0 0 0 0 0 4 0 11 12 0 0 3 0 0 0 11 0 0 0 11 0 0 0 0 5 0.7166234385486503
0 0 0 0 0 0 0 8 7 8 8 0 0 0 0 0 1 0 0 0 0 0 0 1 0 0 0 0 0 0 0 0 0 0 0 12 0 0.9689484759599675
0 0 0 0 0 0 0 1 4 0 0 0 0 0 0 0 0 4 0 11 2 0 0 1 0 0 0 11 0 7 0 11 0 0 11 0 5 0.7429820929693578
0 0 0 0 0 0 0 2 0 0 0 0 2 8 13 0 0 0 0 8 0 0 0 0 0 0 0 0 0 0 2 0 7 0 0 12 0 0.9794750832197912
0 0 0 0 0 0 0 0 0 0 0 0 0 0 0 0 0 1 0 0 0 0 0 0 0 4 0 0 7 7 0 7 0 11 0 0 4 0.32180524156085344
0 0 0 0 0 0 0 0 0 0 0 11 0 0 12 0 0 8 0 0 0 8 0 0 8 0 12 0 0 0 0 0 0 4 4 0 3 0.10492638050295977
0 0 0 0 0 0 0 0 0 0 0 0 0 0 0 0 0 0 0 0 0 0 0 2 0 3 0 0 10 1 5 0 0 0 0 0 1 0.9920097983896088
0 11 0 11 0 0 7 0 0 0 0 0 0 11 0 0 0 1 0 0 0 0 0 4 0 0 0 0 7 0 0 7 0 0 0 0 4 0.6164525164857118
0 0 0 0 0 0 0 0 0 1 0 4 0 10 0 0 0 0 0 0 0 1 8 0 0 0 0 0 0 0 0 0 0 0 0 0 1 0.992989405507351
0 0 0 0 0 0 0 0 6 8 0 0 0 0 0 0 1 0 0 0 0 0 0 1 0 0 0 0 0 0 0 0 0 0 0 0 0 0.9710385051341301
0 0 0 0 0 2 0 12 0 0 8 7 0 0 0 0 2 0 8 7 0 2 8 4 0 0 4 0 0 0 0 0 0 2 0 0 2 0.474566882488332
0 0 0 0 0 0 0 12 0 0 0 0 11 0 0 0 0 0 0 0 1 8 0 0 0 0 0 7 0 0 0 0 0 5 0 12 0 0.9736122333554091
0 0 0 0 0 1 0 0 0 0 0 13 0 0 0 0 0 0 0 0 0 0 0 0 0 0 12 0 1 0 0 0 0 0 0 0 1 0.7155049361244201
0 0 0 0 0 0 0 0 0 0 0 0 0 0 0 0 0 0 0 0 0 0 0 0 0 0 0 11 0 13 0 0 0 0 11 0 5 0.18440361008112816
0 0 12 0 0 10 0 12 0 0 0 0 0 0 0 0 0 8 0 0 0 12 0 4 0 0 0 0 12 0 0 0 0 0 0 0 3 0.8038859624694883
0 0 0 0 0 2 0 12 0 0 7 7 0 0 0 0 13 0 8 7 0 2 8 7 0 0 4 0 0 0 0 0 0 0 0 0 2 0.34876661757610017
0 0 0 0 0 2 0 12 0 0 8 7 0 0 0 0 13 0 8 7 0 2 8 4 0 0 4 0 0 0 0 0 10 0 0 0 3 0.959533666951393
0 0 0 0 0 2 0 12 0 0 8 7 0 0 0 0 13 0 8 7 0 2 8 7 0 0 4 0 0 0 0 0 0 0 0 0 2 0.7053312884216212
---
1 12.156795026765671 35.0 36 
8 0 4 0 13 0 8 12 13 2 8 0 2 8 0 12 4 0 0 0 4 0 0 1 0 0 0 0 0 13 0 0 0 0 0 0 2 0.7826608992238708
0 0 0 4 4 12 4 0 0 2 0 0 0 0 4 12 13 13 0 0 2 8 0 0 0 0 8 12 0 5 0 0 0 0 0 0 2 0.7242967924933822
4 0 0 0 4 0 0 0 8 0 0 0 0 0 0 0 0 0 0 0 0 0 0 0 0 1 0 0 8 12 0 1 0 0 0 0 5 0.07615214700705564
1 0 0 0 0 0 0 0 0 11 1 0 0 0 0 0 0 0 0 0 3 0 0 0 0 0 1 0 0 0 1 0 0 0 0 0 4 0.28471993012114805
0 0 0 0 12 7 7 0 0 0 0 0 0 7 7 7 4 1 0 0 0 0 1 11 0 0 0 0 0 0 0 0 0 0 0 7 5 0.7190914740134462
0 0 0 0 0 11 0 0 0 0 0 0 0 11 0 0 0 1 0 0 0 0 0 0 0 0 0 0 0 0 0 12 0 0 0 0 4 0.3102096726843484
0 0 0 0 0 0 4 0 0 0 0 0 0 0 4 12 4 0 0 0 4 0 0 10 0 0 0 12 0 0 0 0 0 0 0 0 2 0.7294602696555359
7 0 0 0 0 0 0 0 0 0 0 0 0 0 0 0 0 0 8 0 0 0 0 0 0 0 0 0 0 1 0 0 1 6 0 0 1 0.9703109734493471
0 0 0 0 12 7 0 0 0 0 0 0 0 0 7 2 4 0 0 0 0 0 3 11 0 0 0 0 0 0 0 0 8 0 0 0 5 0.688190630789087
2 0 0 0 0 0 0 2 0 12 0 0 0 4 7 0 0 0 0 0 0 0 7 0 12 0 7 0 0 0 0 3 2 0 0 0 5 0.5087420251485808
0 0 0 8 2 0 8 12 2 0 2 0 0 0 0 0 0 2 0 0 9 0 0 7 0 0 0 0 0 0 0 0 2 13 0 0 2 0.9761264728616852
0 0 0 0 0 8 0 0 0 0 5 0 0 0 12 0 0 0 0 0 0 0 0 0 0 3 0 12 0 0 0 0 0 0 0 0 4 0.49308827393788546
0 0 0 0 12 7 7 0 0 0 0 0 0 7 7 0 4 1 0 7 0 0 1 11 0 0 0 0 0 0 0 0 0 0 0 7 5 0.7183623356954982
0 0 0 0 0 0 0 1 0 0 0 0 0 0 0 0 0 6 8 0 0 0 0 0 0 0 0 0 0 0 0 0 0 0 0 0 1 0.9856912895544676
0 0 0 0 0 0 4 0 0 0 0 0 0 0 0 12 13 13 0 0 5 0 0 0 0 0 0 12 0 0 9 0 0 0 0 0 2 0.9085245083376108
4 0 0 0 4 0 0 0 8 0 0 0 0 0 0 0 0 0 0 0 0 0 0 0 0 1 0 0 8 12 0 13 0 0 0 0 4 0.5475761865104436
0 0 0 0 12 7 0 0 0 0 0 0 0 0 7 0 7 1 0 11 0 0 3 11 0 0 0 0 0 0 0 0 0 0 0 7 5 0.8043307237541144
0 0 0 0 0 0 7 0 0 0 0 0 0 7 0 0 0 0 1 0 0 0 0 1 0 0 0 0 12 0 6 0 4 0 0 0 5 0.840436164503473
0 0 0 0 0 0 0 12 0 6 0 0 0 0 0 0 0 12 4 7 0 0 0 0 0 0 0 0 0 0 7 0 0 0 1 0 1 0.45837913917494444
0 4 0 0 0 0 0 0 0 0 0 0 8 0 0 0 0 0 9 0 0 0 0 0 0 0 14 0 0 0 0 0 0 0 0 0 0 0.48827281793723
12 0 12 7 0 0 0 0 0 0 7 0 0 12 0 0 0 13 0 0 0 0 0 0 0 0 12 0 0 0 0 7 0 12 4 1 3 0.409028085301566
0 0 0 0 0 0 0 0 0 0 0 0 12 0 3 0 4 0 0 0 0 0 0 0 0 0 0 0 0 2 0 8 0 0 0 7 5 0.4713598190926749
0 6 0 0 0 0 0 0 0 0 0 0 3 0 8 0 0 0 0 0 0 0 0 0 0 0 0 0 0 0 0 0 0 2 0 0 1 0.9096169286318159
0 0 0 7 0 0 0 0 0 0 0 0 0 0 0 0 0 11 0 0 0 7 0 0 0 0 7 0 0 0 0 0 0 0 0 0 4 0.10784912352319398
4 0 5 4 0 0 0 4 2 0 0 0 0 0 13 12 12 13 0 0 0 0 0 12 0 0 4 2 0 13 0 0 0 0 0 0 0 0.7638974840077721
4 0 12 7 0 0 0 0 0 4 7 0 0 12 0 0 0 13 0 0 0 0 0 0 0 0 12 0 0 0 0 7 0 12 4 1 3 0.3502507407544715
0 0 0 0 0 4 0 0 1 13 2 0 1 0 0 1 7 0 0 4 0 0 0 0 0 0 0 4 1 2 0 12 0 0 0 4 0 0.842429860223519
8 0 4 0 13 0 8 12 13 2 8 0 2 8 0 12 4 0 0 0 4 0 0 1 0 0 0 0 0 13 0 0 0 0 0 0 2 0.7826608992238708
0 0 0 0 0 4 0 0 1 0 2 0 1 4 0 1 7 0 0 4 0 0 0 0 0 0 0 4 1 2 0 0 0 0 0 0 0 0.43843272867634053
4 0 0 0 4 0 0 0 8 0 0 0 0 0 0 0 0 0 0 0 0 0 0 0 0 1 0 0 8 12 0 1 0 0 0 0 5 0.07615214700705564
0 6 0 0 1 0 0 0 0 0 0 0 0 0 8 0 0 0 0 0 0 0 4 0 0 0 0 0 0 0 0 0 0 12 4 11 1 0.9021955502971701
8 5 4 0 0 0 0 0 0 0 5 7 0 0 0 12 0 0 0 0 0 0 0 0 0 0 0 0 0 0 0 0 8 0 1 0 2 0.6223012087027114
0 0 0 0 0 4 0 0 0 0 0 0 0 0 0 0 0 8 0 0 0 0 0 7 11 0 0 0 6 0 0 0 1 0 0 0 0 0.863068334556063
3 0 4 0 0 4 0 0 0 0 0 0 0 0 0 0 0 0 0 0 0 0 0 7 11 0 0 0 6 0 0 0 1 0 0 0 0 0.6244691962177831
0 0 0 0 0 0 0 1 0 0 0 0 0 0 0 0 0 6 8 0 0 0 0 0 0 0 0 0 0 0 0 0 0 0 0 0 1 0.9856912895544676
---
2 11.586945259886031 38.0 36 
8 0 7 0 0 0 0 0 0 0 0 11 0 0 4 0 0 13 0 0 0 0 0 0 0 12 0 0 0 0 0 0 0 0 12 7 3 0.19890180576399463
8 0 7 0 0 0 0 0 0 0 0 11 0 0 4 0 0 13 0 0 0 0 0 0 0 12 0 0 0 0 0 0 0 0 0 7 3 0.16951313985424465
0 11 0 0 0 0 0 7 0 0 0 0 0 0 0 12 0 3 0 0 0 0 0 0 0 0 0 0 0 0 0 0 11 0 0 7 4 0.7208400703306652
0 0 0 0 0 12 0 0 1 0 0 0 4 0 0 7 11 0 0 0 0 13 0 0 1 0 0 0 0 0 0 4 7 0 0 0 0 0.8417217813220367
0 0 0 0 0 0 0 0 0 0 0 0 0 4 0 0 0 0 0 0 7 0 0 0 0 0 0 0 11 10 0 13 0 11 0 0 1 0.7606615043349414
0 0 0 0 0 0 0 0 0 1 0 0 0 6 0 0 0 0 0 0 0 0 2 0 0 0 0 0 0 0 0 2 0 0 0 0 1 0.9374640426860699
8 0 0 0 0 0 0 0 0 0 1 0 0 0 0 0 2 0 8 12 5 8 0 4 0 0 0 12 4 0 0 0 0 0 1 0 2 0.6560155696114929
0 0 0 0 0 3 0 0 0 0 0 0 0 0 0 0 0 0 0 0 7 0 0 0 0 0 0 0 11 0 0 0 0 11 0 0 4 0.3136415924145023
7 0 0 0 0 0 0 0 11 0 0 0 4 0 0 0 11 0 0 0 0 13 0 0 1 1 0 0 0 0 0 0 0 0 13 0 0 0.9472966774594331
0 0 0 0 0 2 4 4 0 0 12 0 0 0 0 0 5 0 0 12 0 8 0 4 0 0 13 12 0 2 0 12 0 0 1 12 2 0.8476039884809308
0 0 0 0 0 0 0 0 4 0 3 4 0 0 0 0 0 0 12 1 0 0 0 3 0 0 0 0 0 0 0 0 4 0 0 0 5 0.1731737307425001
0 11 7 0 0 0 0 0 0 0 0 0 0 0 0 0 0 3 0 0 4 0 0 0 0 0 0 0 0 0 0 0 0 0 0 0 4 0.3364222835821402
0 0 2 0 14 13 0 0 0 0 8 12 0 0 0 4 8 0 0 11 0 0 0 0 0 4 0 0 0 0 0 0 0 0 0 0 2 0.623458245250553
0 0 0 0 0 0 0 0 0 0 0 0 0 0 0 0 0 0 0 0 0 6 2 0 0 0 0 0 0 0 0 2 0 0 0 2 1 0.9697932786091451
5 0 8 0 0 0 0 0 5 0 0 0 0 0 0 0 0 0 0 3 13 0 13 0 0 0 8 0 0 0 0 0 13 0 0 0 2 0.8092400283956375
7 0 0 0 0 0 0 0 0 0 0 0 0 0 0 3 0 0 0 0 2 0 11 0 0 0 11 0 7 0 11 1 0 0 0 0 5 0.7062781918105563
0 0 0 0 0 0 0 0 0 0 0 11 5 0 0 0 0 0 0 0 0 8 0 3 0 0 0 8 4 13 0 0 0 0 0 0 2 0.23804708890967485
0 0 7 0 0 0 0 5 0 0 0 0 0 0 0 0 0 0 0 0 0 0 0 0 0 0 0 0 0 0 0 2 0 0 0 0 1 0.9302277614872361
0 0 13 0 0 0 0 4 0 0 0 0 0 4 0 0 0 0 0 0 0 0 0 0 0 0 0 0 0 12 0 13 0 0 0 0 4 0.7159576605916489
0 0 0 0 0 2 0 7 1 0 0 0 6 0 0 0 0 0 0 0 0 0 0 0 0 0 0 0 0 0 0 0 0 0 7 0 0 0.4380094298213171
5 0 8 0 0 0 0 0 0 0 8 0 0 0 4 0 0 0 4 0 0 0 13 3 0 0 0 0 0 0 0 0 13 0 0 0 2 0.7511325214338933
0 0 0 0 0 0 2 4 1 0 0 4 4 13 0 2 4 0 0 4 0 2 13 0 12 0 0 1 0 0 0 0 0 0 0 4 0 0.9008216637126512
0 0 0 0 0 2 0 4 0 0 4 0 0 4 0 0 5 13 8 12 2 8 0 4 0 0 13 12 0 2 0 0 0 0 1 4 2 0.8619676816365145
0 0 0 0 0 2 0 0 1 0 0 0 1 0 0 0 1 0 0 0 0 0 0 0 1 0 0 1 1 0 4 12 1 0 0 4 0 0.5806045701163385
7 0 0 11 0 0 0 0 0 0 0 0 0 0 0 3 0 0 0 0 2 0 11 0 0 0 1 0 0 0 11 1 0 0 0 0 5 0.6743216537844563
0 0 12 0 0 0 0 0 0 0 7 0 1 0 0 3 0 0 0 0 0 0 11 0 0 0 0 0 0 0 0 1 0 0 0 11 5 0.23087020835443184
0 0 0 0 0 0 0 0 0 0 0 0 0 0 0 0 8 0 0 0 0 4 0 0 0 0 5 0 0 0 0 0 0 0 0 10 2 0.5519294770301513
0 0 0 0 0 0 0 0 0 0 7 0 1 0 0 3 0 0 0 0 0 0 11 0 0 0 0 0 0 0 0 1 0 0 12 11 5 0.28978569397802545
0 0 0 0 0 13 0 0 0 0 0 0 0 0 0 0 8 0 3 0 0 0 12 0 0 8 0 1 0 0 0 0 13 0 0 0 3 0.39650067864266947
0 0 0 0 1 0 11 0 0 0 0 0 1 12 0 0 0 0 0 11 0 0 0 3 0 0 0 0 0 0 0 0 0 0 12 0 5 0.3645414406142333
0 0 0 11 0 0 0 0 0 0 0 0 0 0 0 0 0 0 2 0 2 0 0 0 0 0 11 0 0 0 1 1 0 0 7 0 5 0.48201038204360036
0 0 0 0 0 0 1 0 2 0 0 0 2 7 0 4 0 0 0 0 0 0 0 0 0 0 0 0 0 0 0 0 0 0 0 0 5 0.03532996745288308
0 0 4 0 0 0 0 0 0 0 0 0 0 0 0 3 0 0 0 0 2 0 11 0 0 0 11 0 0 0 0 1 0 0 0 11 5 0.6634664847516782
0 0 0 0 4 0 0 0 5 0 0 0 0 0 0 0 0 0 0 3 13 0 12 0 0 0 8 0 0 0 0 0 13 0 0 0 2 0.4369629642146007
8 0 0 0 0 0 0 0 0 0 1 0 8 0 0 0 2 0 8 12 5 0 0 4 0 0 0 12 4 0 0 0 0 0 1 0 2 0.6815289450396287
0 0 0 0 0 3 0 0 0 0 0 0 0 0 0 0 0 0 0 0 7 0 0 0 0 0 0 0 0 2 0 0 0 11 0 0 4 0.11928301027223598
0 0 0 0 0 0 0 4 0 0 0 0 0 12 0 12 0 0 0 0 0 0 8 0 0 0 0 0 0 11 2 0 0 0 0 0 4 0.10262798077046575
0 0 0 0 0 4 0 0 0 0 0 0 0 0 0 0 0 0 0 0 7 0 0 0 0 0 0 0 0 11 0 11 0 6 0 0 4 0.9655777246753721
