---
0 15.935773480662984 22.0 36 
0 0 0 4 0 0 0 0 0 0 0 0 2 13 0 0 0 2 2 2 0 2 0 4 0 0 0 0 0 2 8 4 7 0 0 4 0 0.9665412545840866
0 0 0 0 0 0 0 0 0 0 0 0 0 0 2 0 0 0 0 0 0 0 0 0 0 0 0 0 0 0 0 0 0 11 13 0 1 0.9208339644265191
4 0 0 0 0 0 0 0 4 0 0 7 2 0 0 0 0 12 11 0 0 4 0 0 0 0 0 0 0 0 11 0 0 0 0 1 5 0.7699595491744333
0 0 0 0 0 0 0 0 4 0 0 1 1 0 0 0 0 4 11 0 0 0 0 0 0 0 0 0 0 0 11 0 0 0 11 11 5 0.6510208817412144
0 0 0 0 0 0 0 0 1 0 0 1 0 0 0 0 0 12 11 0 0 0 0 11 0 0 1 0 0 0 11 0 0 0 0 11 5 0.7890659902055785
0 0 0 0 0 0 7 0 0 0 0 7 0 0 0 0 0 11 0 0 0 0 0 0 0 0 0 7 0 0 0 0 0 0 0 4 4 0.4579582621031939
0 0 0 0 0 0 0 0 8 0 0 0 0 0 0 0 0 9 0 3 4 0 0 4 0 0 0 0 0 0 0 0 0 0 0 0 2 0.6330864979096726
0 0 0 0 0 0 4 0 0 0 0 0 1 0 0 0 3 0 0 0 3 0 0 0 0 4 0 0 0 0 0 0 0 12 0 0 0 0.5788629201763291
0 0 0 0 0 0 0 1 0 0 0 0 0 0 0 0 0 0 0 0 0 0 0 0 0 0 1 0 0 0 0 0 0 11 0 0 4 0.256177290635769
4 0 0 0 12 0 0 0 0 0 7 0 0 0 12 0 0 0 0 0 0 0 1 0 0 13 12 0 0 0 0 0 0 0 0 0 3 0.1392608421966096
0 0 0 0 0 0 0 0 0 0 1 0 0 6 2 0 0 0 0 0 0 0 0 0 0 0 0 0 0 0 0 0 0 0 0 0 1 0.5969569994476874
0 0 0 4 12 0 0 0 0 0 0 0 2 0 0 0 0 2 2 2 0 2 0 4 0 0 0 0 0 2 8 4 7 0 0 12 0 0.9768344297320208
0 0 0 0 0 0 0 0 4 0 0 1 2 0 0 0 0 4 4 7 0 4 0 0 0 0 0 0 0 0 11 3 0 0 0 1 5 0.6596066009173027
8 0 0 0 0 0 0 0 4 0 11 1 1 0 0 0 0 4 11 0 0 0 0 0 0 0 0 0 0 0 0 0 0 0 0 1 5 0.7348092093541858
8 0 0 1 0 0 0 0 4 0 11 1 2 1 0 0 0 4 4 0 0 0 0 0 0 0 0 0 0 0 0 0 0 0 0 1 5 0.590736414029153
0 0 0 0 0 0 0 0 0 0 0 0 0 0 0 0 0 5 11 0 0 0 12 0 0 0 0 12 0 0 0 0 0 0 4 0 3 0.1368736892273732
2 0 0 0 0 0 0 3 0 0 0 0 0 0 0 0 0 0 1 0 0 0 0 0 0 0 0 7 0 12 7 0 0 0 3 0 5 0.7039032818464679
0 0 0 0 0 0 0 0 0 3 0 0 2 2 0 0 0 0 0 0 0 0 13 0 0 0 8 0 0 0 0 0 0 0 0 0 1 0.9420112859882298
0 0 0 0 12 0 0 7 0 1 0 13 4 0 0 0 0 12 0 0 0 0 0 0 4 0 0 0 0 1 0 0 0 0 0 0 3 0.30148993735343066
0 0 0 0 0 0 0 0 0 1 0 13 4 0 0 0 0 12 0 0 0 0 12 0 4 0 3 0 0 0 0 0 0 0 4 0 3 0.6846894952958567
2 0 0 0 0 0 0 12 1 0 0 0 1 0 0 0 0 0 0 12 1 4 0 0 0 2 0 2 0 2 0 12 1 0 0 4 0 0.8442159066903046
13 0 0 8 0 0 0 0 0 0 5 0 0 0 0 0 0 0 0 0 13 0 4 7 0 0 4 0 0 0 4 0 0 0 0 0 2 0.6875706160124889
---
1 16.108425414364643 19.0 36 
12 0 0 8 0 0 0 0 0 0 0 12 4 0 0 0 0 0 0 4 12 0 0 0 0 0 0 4 0 0 0 0 0 0 0 4 0 0.6715872268753266
0 0 0 7 0 0 0 0 0 0 0 0 2 8 0 0 8 0 0 12 0 0 0 0 0 0 0 2 0 0 0 4 0 0 4 0 2 0.3526053256794459
0 0 0 7 0 0 0 0 0 0 0 0 0 0 0 0 3 8 0 0 0 0 0 7 0 0 0 4 0 0 0 0 1 0 0 0 0 0.6872875952487005
1 0 0 0 1 0 0 1 0 4 0 0 0 0 0 0 0 0 0 0 1 0 4 0 0 4 0 0 0 0 0 12 0 4 0 0 0 0.38050612641967096
0 0 0 0 11 0 0 0 0 0 0 7 0 0 0 0 0 0 0 0 0 3 0 0 0 0 7 0 0 0 0 0 0 7 0 0 4 0.3248558191170652
7 0 0 0 0 11 0 0 7 7 0 0 0 0 0 0 0 0 0 4 0 0 0 0 0 0 0 0 3 0 0 0 0 0 0 0 4 0.1633655223693411
4 4 4 0 4 0 0 3 0 12 0 0 0 0 0 11 0 0 0 0 0 0 0 0 0 0 0 0 0 0 0 0 0 0 0 0 5 0.42471441015970013
0 0 0 0 11 0 0 0 0 0 8 0 8 0 0 0 0 0 0 0 7 0 0 0 8 0 0 0 0 0 0 0 0 0 0 0 0 0.20169726225356732
0 0 0 0 11 0 0 0 7 7 0 0 0 0 0 0 0 0 0 0 0 3 0 0 0 0 0 0 0 0 0 0 0 0 0 0 4 0.14289698855223976
0 0 0 0 0 0 0 7 0 0 0 0 0 0 0 11 4 0 0 0 0 0 0 0 4 0 0 1 4 1 0 0 0 0 0 0 5 0.3456014450041709
0 1 0 0 0 11 0 0 7 7 0 0 0 0 0 0 0 0 0 0 0 0 0 12 0 0 0 0 0 0 0 0 0 0 0 0 4 0.2578438025639318
0 0 0 0 1 0 0 0 0 0 0 0 0 0 0 0 0 0 8 4 1 6 0 8 0 0 0 0 0 0 0 0 0 0 0 0 1 0.9898578820349587
0 0 0 1 0 0 0 0 0 0 0 0 0 1 0 0 0 11 8 0 0 0 0 0 0 0 0 0 0 0 0 0 0 0 0 0 1 0.4202976347337073
0 0 0 0 0 0 0 0 0 0 0 0 0 1 0 0 0 1 8 0 0 0 0 0 0 0 0 0 0 0 0 0 0 0 0 0 1 0.08146034745705832
0 0 0 7 0 0 0 0 0 0 0 0 0 8 0 0 8 0 0 7 0 0 0 0 0 0 0 2 0 0 0 0 0 0 10 0 2 0.34811467457575485
0 0 0 0 0 0 0 0 0 0 0 0 0 0 0 0 0 0 0 0 0 0 0 0 0 0 0 0 0 0 0 9 0 0 0 0 1 0.9980765531833045
0 0 0 0 0 0 0 7 0 0 0 0 0 0 0 11 4 0 0 0 0 0 0 0 4 4 0 1 0 1 0 0 0 0 0 0 5 0.3357338581293836
2 0 0 4 0 0 0 0 0 0 0 0 0 4 0 0 0 0 0 7 14 0 0 0 0 0 0 0 0 0 0 0 0 0 0 0 2 0.973651968908032
0 0 0 0 0 0 4 4 0 0 0 4 0 0 0 4 13 13 0 12 0 0 0 0 13 8 0 0 0 0 1 0 0 0 0 7 2 0.7704395283620274
---
2 15.745856353591158 24.0 36 
0 0 0 12 0 0 0 4 0 0 0 0 0 2 0 0 0 0 0 0 0 0 0 8 7 0 0 7 0 0 0 4 12 2 0 0 0 0.7867993686353844
0 0 0 0 2 7 0 1 2 0 0 0 0 0 11 0 0 0 0 1 0 0 0 11 0 0 0 0 0 0 0 11 0 0 11 0 5 0.7388855201047062
0 0 0 4 0 8 0 0 8 0 0 0 5 2 0 12 0 0 0 0 13 0 12 7 0 0 0 0 0 0 0 0 0 0 0 0 2 0.6220991710268116
3 12 0 0 3 0 0 0 0 0 12 0 0 0 0 0 0 0 0 0 0 0 0 0 0 0 0 0 0 0 0 0 11 0 0 7 0 0.873273326227505
0 0 0 0 9 0 0 4 0 8 0 0 0 0 0 0 0 0 0 0 0 0 0 0 0 0 1 0 0 0 0 0 2 0 2 0 2 0.7684915832159638
0 0 0 0 0 0 0 13 11 6 0 2 0 0 0 0 0 0 0 0 0 0 0 0 0 0 0 0 0 0 0 0 0 0 0 0 1 0.9240442080422884
0 0 0 7 0 0 0 0 0 0 0 0 0 11 0 0 0 0 0 0 0 3 0 7 0 0 0 0 0 0 0 4 0 0 0 0 4 0.5832642729883815
0 0 0 4 0 8 0 0 8 0 4 0 5 2 0 12 0 0 0 0 13 0 1 0 0 0 0 0 0 0 0 0 0 0 0 0 2 0.6956948770415455
0 0 0 0 3 0 0 0 0 0 0 0 6 0 0 0 0 0 0 0 0 0 0 0 0 0 0 0 0 0 4 4 0 6 0 0 1 0.9122482225367954
0 0 0 4 0 0 0 0 8 0 0 0 5 2 0 12 0 0 0 0 13 0 1 0 0 0 0 0 0 0 0 0 0 0 0 8 2 0.842317506571785
4 0 0 0 2 0 0 11 0 0 0 0 0 0 7 0 0 4 0 1 0 4 0 0 2 0 0 0 4 0 0 7 0 0 1 1 5 0.4894148589475633
0 0 0 0 0 0 0 2 0 0 0 1 0 0 0 4 0 0 0 0 0 0 0 0 11 12 0 0 0 0 0 4 0 0 0 1 0 0.3294040482297089
0 4 0 0 0 11 0 0 0 3 0 0 0 1 0 0 0 0 0 0 0 0 0 7 0 0 0 0 0 0 0 0 0 0 0 0 4 0.2796671713009443
0 0 0 12 0 0 0 4 0 0 0 0 0 2 0 0 0 0 0 4 0 0 0 8 7 0 0 7 0 0 0 4 3 2 0 0 0 0.8665397842877358
0 0 0 0 0 11 0 0 0 0 0 0 0 1 0 0 11 7 0 1 0 0 0 7 0 0 0 0 0 0 0 4 0 0 0 0 4 0.37026608809473693
0 0 8 0 0 0 0 0 0 0 0 0 0 0 0 0 12 0 0 0 0 0 0 0 0 0 3 0 0 0 0 7 0 0 0 0 5 0.16802548245457216
0 11 0 0 0 7 0 0 0 0 0 0 0 0 0 0 0 0 0 0 0 0 0 0 7 0 0 0 0 12 0 0 0 0 0 12 4 0.1690442839603873
0 0 0 0 2 0 0 11 2 0 0 0 0 0 11 0 0 0 0 1 0 0 0 11 0 8 0 0 0 0 0 0 0 0 1 0 5 0.6311263843414623
0 0 0 0 0 0 0 0 8 0 0 0 0 4 0 4 0 0 0 11 0 0 1 0 0 11 7 0 0 0 0 0 12 0 0 0 5 0.6140836599618054
0 0 0 0 4 2 2 0 1 0 0 4 1 0 0 12 0 0 0 0 0 1 0 0 1 0 0 2 0 0 0 0 0 0 0 0 0 0.4671435278819238
0 0 0 0 0 0 0 0 0 0 0 0 6 0 0 0 0 0 0 0 0 0 0 0 0 0 0 0 0 0 4 4 0 0 0 0 1 0.0464832702568041
0 0 2 12 0 0 0 4 0 0 0 0 0 2 0 4 0 0 0 0 0 0 0 0 7 12 0 7 0 0 0 4 0 2 0 1 0 0.4634616741702262
0 0 0 0 0 0 0 11 2 0 0 0 0 4 0 7 0 0 0 11 0 0 0 0 0 0 4 0 0 0 0 0 6 11 0 0 4 0.4937045636923243
0 0 0 0 0 0 0 0 8 0 0 0 0 4 0 7 0 0 0 11 0 4 1 0 0 0 4 0 0 0 0 0 4 0 0 0 5 0.17407926626631287
