---
12.517265193370166 8.0 36
1 0 0 0 0 0 0 0 0 4 1 0 0 4 1 0 0 12 0 11 4 0 0 1 0 1 0 1 0 0 1 0 0 0 0 0 5 0.5910006330750417 
1 0 0 0 1 4 0 0 1 0 0 0 1 0 0 0 1 0 0 0 1 0 0 4 1 2 0 0 0 4 0 0 1 0 0 0 0 0.5923409552023883 
0 2 4 0 0 4 0 0 0 0 0 0 0 8 0 1 0 5 1 7 0 8 0 2 2 0 2 0 0 0 0 7 2 2 0 0 2 0.32846243413253595 
0 0 0 0 0 0 2 0 0 0 0 2 0 0 4 0 0 3 0 0 0 0 0 0 0 0 0 0 0 0 2 0 0 1 0 0 1 0.8807554419531278 
0 0 0 0 0 0 0 0 0 0 0 0 0 0 0 0 0 11 0 0 0 0 4 0 0 0 4 0 7 0 0 0 0 1 0 4 4 0.19352973322513756 
8 8 12 0 12 0 0 0 0 0 0 11 12 0 0 0 2 0 12 0 0 8 0 0 0 0 4 0 0 0 0 11 0 8 7 0 3 0.35848553699039143 
0 0 0 0 0 0 0 3 11 0 0 0 0 0 13 0 0 0 0 0 0 0 0 6 0 0 0 0 0 0 0 3 0 0 0 0 2 0.9872486098921667 
0 0 0 5 0 0 0 0 3 0 0 0 0 0 0 0 0 0 0 14 0 0 0 0 0 0 0 0 0 0 0 0 0 0 0 2 1 1.0 
