0 0 76.18718701433258 76.08695652173914 1 9
1 0 14.36712139526852 15.527950310559005 23 161
2 0 53.168710067345884 53.2608695652174 2 50
3 0 53.168710067345884 53.2608695652174 2 50
4 0 33.60386807114488 34.316770186335404 3 38
5 0 33.60386807114488 34.316770186335404 3 38
6 0 23.830081160421344 24.22360248447205 4 41
7 0 23.830081160421344 24.22360248447205 4 41
8 0 19.357623899153857 20.031055900621116 5 39
9 0 14.26351234674495 15.217391304347828 22 151
10 0 14.45346226903816 15.372670807453417 20 139
11 0 18.874115006043862 18.788819875776397 6 46
12 0 16.888274909342083 16.459627329192546 7 53
13 0 19.357623899153857 20.031055900621116 5 39
14 0 18.874115006043862 18.788819875776397 6 46
15 0 16.888274909342083 16.459627329192546 7 53
16 0 16.00759799689173 16.304347826086957 8 61
17 0 15.696770851321014 16.304347826086957 10 75
18 0 14.522534968053877 15.217391304347828 11 63
19 0 16.00759799689173 16.304347826086957 8 61
20 0 15.886720773614229 16.149068322981368 9 63
21 0 15.886720773614229 16.149068322981368 9 63
22 0 15.696770851321014 16.304347826086957 10 75
23 0 14.522534968053877 15.217391304347828 11 63
24 0 14.401657744776378 15.217391304347828 13 78
25 0 14.45346226903816 15.683229813664596 17 102
26 0 14.522534968053877 15.372670807453417 18 122
27 0 14.47073044379209 14.906832298136646 14 81
28 0 14.487998618546019 15.372670807453417 12 67
29 0 14.522534968053877 15.372670807453417 18 122
30 0 14.47073044379209 14.906832298136646 14 81
31 0 14.505266793299947 14.906832298136646 16 102
32 0 14.591607667069592 14.751552795031056 15 90
33 0 14.45346226903816 15.217391304347828 19 131
34 0 14.505266793299947 14.906832298136646 16 102
35 0 14.591607667069592 14.751552795031056 15 90
36 0 14.45346226903816 15.683229813664596 17 102
37 0 14.487998618546019 15.372670807453417 12 67
38 0 14.401657744776378 15.217391304347828 13 78
39 0 14.45346226903816 15.372670807453417 20 139
40 0 14.45346226903816 15.217391304347828 19 131
41 0 14.26351234674495 15.217391304347828 22 151
42 0 76.18718701433258 76.08695652173914 1 9
43 0 14.36712139526852 15.527950310559005 23 161
44 0 53.168710067345884 53.2608695652174 2 50
45 0 33.60386807114488 34.316770186335404 3 38
46 0 23.830081160421344 24.22360248447205 4 41
47 0 19.357623899153857 20.031055900621116 5 39
48 0 18.874115006043862 18.788819875776397 6 46
49 0 16.888274909342083 16.459627329192546 7 53
50 0 16.00759799689173 16.304347826086957 8 61
51 0 15.886720773614229 16.149068322981368 9 63
52 0 15.696770851321014 16.304347826086957 10 75
53 0 14.522534968053877 15.217391304347828 11 63
54 0 14.47073044379209 14.906832298136646 14 81
55 0 14.522534968053877 15.372670807453417 18 122
56 0 14.591607667069592 14.751552795031056 15 90
57 0 14.45346226903816 15.683229813664596 17 102
58 0 14.505266793299947 14.906832298136646 16 102
59 0 14.487998618546019 15.372670807453417 12 67
60 0 14.401657744776378 15.217391304347828 13 78
61 0 14.45346226903816 15.372670807453417 20 139
62 0 14.45346226903816 15.217391304347828 19 131
63 0 14.26351234674495 15.217391304347828 22 151
64 0 76.18718701433258 76.08695652173914 1 13
65 0 14.36712139526852 15.527950310559005 23 161
66 0 53.168710067345884 53.2608695652174 2 50
67 0 33.60386807114488 34.316770186335404 3 38
68 0 23.830081160421344 24.22360248447205 4 41
69 0 19.357623899153857 20.031055900621116 5 39
70 0 18.874115006043862 18.788819875776397 6 46
71 0 16.888274909342083 16.459627329192546 7 53
72 0 16.00759799689173 16.304347826086957 8 61
73 0 15.886720773614229 16.149068322981368 9 63
74 0 15.696770851321014 16.304347826086957 10 75
75 0 14.522534968053877 15.217391304347828 11 63
76 0 14.47073044379209 14.906832298136646 14 81
77 0 14.522534968053877 15.372670807453417 18 122
78 0 14.591607667069592 14.751552795031056 15 90
79 0 14.45346226903816 15.683229813664596 17 102
80 0 14.505266793299947 14.906832298136646 16 102
81 0 14.487998618546019 15.372670807453417 12 67
82 0 14.401657744776378 15.217391304347828 13 78
83 0 14.45346226903816 15.372670807453417 20 139
84 0 14.45346226903816 15.217391304347828 19 131
85 0 14.26351234674495 15.217391304347828 22 151
86 0 76.18718701433258 76.08695652173914 1 9
87 0 14.36712139526852 15.527950310559005 23 161
88 0 53.168710067345884 53.2608695652174 2 50
89 0 33.60386807114488 34.316770186335404 3 38
90 0 23.830081160421344 24.22360248447205 4 41
91 0 19.357623899153857 20.031055900621116 5 39
92 0 18.874115006043862 18.788819875776397 6 46
93 0 16.888274909342083 16.459627329192546 7 53
94 0 16.00759799689173 16.304347826086957 8 61
95 0 15.886720773614229 16.149068322981368 9 63
96 0 15.696770851321014 16.304347826086957 10 75
97 0 14.522534968053877 15.217391304347828 11 63
98 0 14.47073044379209 14.906832298136646 14 81
99 0 14.522534968053877 15.372670807453417 18 122
100 0 14.591607667069592 14.751552795031056 15 90
101 0 14.505266793299947 14.906832298136646 16 102
102 0 14.45346226903816 15.683229813664596 17 102
103 0 14.487998618546019 15.372670807453417 12 67
104 0 14.401657744776378 15.217391304347828 13 78
105 0 14.45346226903816 15.372670807453417 20 139
106 0 14.45346226903816 15.217391304347828 19 131
107 0 14.26351234674495 15.217391304347828 22 151
108 0 76.18718701433258 76.08695652173914 1 13
109 0 14.36712139526852 15.527950310559005 23 161
110 0 53.168710067345884 53.2608695652174 2 50
111 0 33.60386807114488 34.316770186335404 3 38
112 0 23.830081160421344 24.22360248447205 4 41
113 0 19.357623899153857 20.031055900621116 5 39
114 0 18.874115006043862 18.788819875776397 6 46
115 0 16.888274909342083 16.459627329192546 7 53
116 0 16.00759799689173 16.304347826086957 8 61
117 0 15.886720773614229 16.149068322981368 9 63
118 0 15.696770851321014 16.304347826086957 10 75
119 0 14.522534968053877 15.217391304347828 11 63
120 0 14.47073044379209 14.906832298136646 14 81
121 0 14.522534968053877 15.372670807453417 18 122
122 0 14.45346226903816 15.683229813664596 17 102
123 0 14.591607667069592 14.751552795031056 15 90
124 0 14.505266793299947 14.906832298136646 16 102
125 0 14.487998618546019 15.372670807453417 12 67
126 0 14.401657744776378 15.217391304347828 13 78
127 0 14.45346226903816 15.372670807453417 20 139
128 0 14.45346226903816 15.217391304347828 19 131
129 0 14.26351234674495 15.217391304347828 22 151
130 0 76.18718701433258 76.08695652173914 1 9
131 0 14.36712139526852 15.527950310559005 23 161
132 0 53.168710067345884 53.2608695652174 2 50
133 0 33.60386807114488 34.316770186335404 3 38
134 0 23.830081160421344 24.22360248447205 4 41
135 0 19.357623899153857 20.031055900621116 5 39
136 0 18.874115006043862 18.788819875776397 6 46
137 0 16.888274909342083 16.459627329192546 7 53
138 0 16.00759799689173 16.304347826086957 8 61
139 0 15.886720773614229 16.149068322981368 9 63
140 0 15.696770851321014 16.304347826086957 10 75
141 0 14.522534968053877 15.217391304347828 11 63
142 0 14.522534968053877 15.372670807453417 18 122
143 0 14.47073044379209 14.906832298136646 14 81
144 0 14.505266793299947 14.906832298136646 16 102
145 0 14.45346226903816 15.683229813664596 17 102
146 0 14.591607667069592 14.751552795031056 15 90
147 0 14.487998618546019 15.372670807453417 12 67
148 0 14.401657744776378 15.217391304347828 13 78
149 0 14.45346226903816 15.372670807453417 20 139
150 0 76.18718701433258 76.08695652173914 1 6
151 0 11.569677085132103 13.043478260869565 50 382
152 0 53.03056466931445 53.41614906832298 2 32
153 0 53.03056466931445 53.41614906832298 2 32
154 0 34.208254187532376 35.09316770186335 3 26
155 0 34.208254187532376 35.09316770186335 3 26
156 0 24.071835606976343 25.15527950310559 4 32
157 0 11.500604386116388 13.043478260869565 44 333
158 0 24.071835606976343 25.15527950310559 4 32
159 0 18.16611984113279 18.32298136645963 5 47
160 0 18.16611984113279 18.32298136645963 5 47
161 0 15.955793472629942 15.683229813664596 6 56
162 0 11.517872560870316 13.043478260869565 41 301
163 0 11.500604386116388 13.043478260869565 44 332
164 0 11.621481609393888 12.888198757763975 37 271
165 0 11.604213434639957 13.043478260869565 39 286
166 0 15.955793472629942 15.683229813664596 6 56
167 0 15.610429977551373 15.683229813664596 7 61
168 0 15.610429977551373 15.683229813664596 7 61
169 0 15.161457433949233 15.527950310559005 8 68
170 0 14.867898463132448 15.838509316770185 9 75
171 0 14.418925919530306 14.596273291925465 10 76
172 0 15.161457433949233 15.527950310559005 8 68
173 0 14.867898463132448 15.838509316770185 9 75
174 0 14.418925919530306 14.596273291925465 10 76
175 0 13.987221550682094 14.440993788819876 12 87
176 0 14.177171472975306 14.440993788819876 11 82
177 0 14.177171472975306 14.440993788819876 11 82
178 0 13.745467104127092 13.975155279503104 13 97
179 0 13.987221550682094 14.440993788819876 12 87
180 0 13.555517181833881 14.285714285714285 15 116
181 0 12.916594715938526 14.130434782608695 16 125
182 0 13.745467104127092 13.975155279503104 13 97
183 0 12.74391296839924 13.819875776397517 19 139
184 0 13.607321706095664 14.440993788819876 14 105
185 0 13.555517181833881 14.285714285714285 15 116
186 0 13.607321706095664 14.440993788819876 14 105
187 0 12.571231220859955 13.509316770186336 20 148
188 0 12.916594715938526 14.130434782608695 16 125
189 0 12.933862890692454 13.975155279503104 17 133
190 0 12.571231220859955 13.509316770186336 20 148
191 0 12.450353997582456 13.509316770186336 21 152
192 0 12.450353997582456 13.509316770186336 21 152
193 0 12.277672250043171 13.819875776397517 22 154
194 0 12.035917803488172 14.751552795031056 26 190
195 0 11.9323087549646 14.440993788819876 27 198
196 0 12.933862890692454 13.975155279503104 17 133
197 0 12.795717492661026 13.819875776397517 18 138
198 0 12.277672250043171 13.819875776397517 22 154
199 0 12.191331376273528 13.509316770186336 24 168
200 0 11.949576929718528 14.130434782608695 30 215
201 0 12.225867725781384 13.509316770186336 23 160
202 0 11.845967881194957 13.975155279503104 31 221
203 0 12.070454152996028 13.354037267080745 25 174
204 0 12.795717492661026 13.819875776397517 18 138
205 0 12.070454152996028 13.354037267080745 25 174
206 0 12.74391296839924 13.819875776397517 19 139
207 0 12.035917803488172 14.751552795031056 26 190
208 0 11.759627007425316 13.819875776397517 33 233
209 0 11.6905543084096 12.422360248447205 36 268
210 0 11.707822483163529 13.664596273291925 34 248
211 0 11.621481609393888 12.888198757763975 37 271
212 0 11.845967881194957 13.975155279503104 31 221
213 0 12.225867725781384 13.509316770186336 23 160
214 0 11.845967881194957 14.285714285714285 29 209
215 0 11.552408910378173 13.043478260869565 35 264
216 0 11.794163356933172 13.819875776397517 32 226
217 0 12.191331376273528 13.509316770186336 24 168
218 0 11.604213434639957 13.043478260869565 39 286
219 0 11.794163356933172 13.819875776397517 32 226
220 0 11.759627007425316 13.819875776397517 33 233
221 0 11.949576929718528 14.130434782608695 30 215
222 0 11.6905543084096 12.422360248447205 36 268
223 0 11.517872560870316 13.043478260869565 41 301
224 0 11.9323087549646 14.440993788819876 27 198
225 0 11.586945259886031 13.043478260869565 40 291
226 0 11.863236055948887 14.285714285714285 28 203
227 0 11.707822483163529 13.664596273291925 34 248
228 0 11.863236055948887 14.285714285714285 28 203
229 0 11.845967881194957 14.285714285714285 29 209
230 0 11.586945259886031 13.043478260869565 40 291
231 0 11.552408910378173 13.043478260869565 35 264
232 0 76.18718701433258 76.08695652173914 1 7
233 0 11.569677085132103 13.043478260869565 50 382
234 0 53.03056466931445 53.41614906832298 2 32
235 0 34.208254187532376 35.09316770186335 3 26
236 0 24.071835606976343 25.15527950310559 4 32
237 0 18.16611984113279 18.32298136645963 5 47
238 0 11.500604386116388 13.043478260869565 44 333
239 0 15.955793472629942 15.683229813664596 6 56
240 0 15.610429977551373 15.683229813664596 7 61
241 0 15.161457433949233 15.527950310559005 8 68
242 0 14.867898463132448 15.838509316770185 9 75
243 0 14.418925919530306 14.596273291925465 10 76
244 0 14.177171472975306 14.440993788819876 11 82
245 0 13.987221550682094 14.440993788819876 12 87
246 0 13.745467104127092 13.975155279503104 13 97
247 0 13.555517181833881 14.285714285714285 15 116
248 0 13.607321706095664 14.440993788819876 14 105
249 0 12.916594715938526 14.130434782608695 16 125
250 0 12.571231220859955 13.509316770186336 20 148
251 0 12.450353997582456 13.509316770186336 21 152
252 0 12.933862890692454 13.975155279503104 17 133
253 0 12.277672250043171 13.819875776397517 22 154
254 0 12.795717492661026 13.819875776397517 18 138
255 0 12.070454152996028 13.354037267080745 25 174
256 0 12.035917803488172 14.751552795031056 26 190
257 0 12.74391296839924 13.819875776397517 19 139
258 0 11.621481609393888 12.888198757763975 37 271
259 0 11.845967881194957 13.975155279503104 31 221
260 0 12.225867725781384 13.509316770186336 23 160
261 0 12.191331376273528 13.509316770186336 24 168
262 0 11.604213434639957 13.043478260869565 39 286
263 0 11.794163356933172 13.819875776397517 32 226
264 0 11.759627007425316 13.819875776397517 33 233
265 0 11.949576929718528 14.130434782608695 30 215
266 0 11.6905543084096 12.422360248447205 36 268
267 0 11.517872560870316 13.043478260869565 41 301
268 0 11.9323087549646 14.440993788819876 27 198
269 0 11.707822483163529 13.664596273291925 34 248
270 0 11.863236055948887 14.285714285714285 28 203
271 0 11.552408910378173 13.043478260869565 35 264
272 0 11.586945259886031 13.043478260869565 40 291
273 0 11.845967881194957 14.285714285714285 29 209
274 0 76.18718701433258 76.08695652173914 1 6
275 0 11.569677085132103 13.043478260869565 50 382
276 0 53.03056466931445 53.41614906832298 2 32
277 0 34.208254187532376 35.09316770186335 3 26
278 0 24.071835606976343 25.15527950310559 4 32
279 0 18.16611984113279 18.32298136645963 5 47
280 0 11.500604386116388 13.043478260869565 44 332
281 0 15.955793472629942 15.683229813664596 6 56
282 0 15.610429977551373 15.683229813664596 7 61
283 0 15.161457433949233 15.527950310559005 8 68
284 0 14.867898463132448 15.838509316770185 9 75
285 0 14.418925919530306 14.596273291925465 10 76
286 0 14.177171472975306 14.440993788819876 11 82
287 0 13.987221550682094 14.440993788819876 12 87
288 0 13.745467104127092 13.975155279503104 13 97
289 0 13.555517181833881 14.285714285714285 15 116
290 0 13.607321706095664 14.440993788819876 14 105
291 0 12.916594715938526 14.130434782608695 16 125
292 0 12.571231220859955 13.509316770186336 20 148
293 0 12.450353997582456 13.509316770186336 21 152
294 0 12.933862890692454 13.975155279503104 17 133
295 0 12.277672250043171 13.819875776397517 22 154
296 0 12.795717492661026 13.819875776397517 18 138
297 0 12.070454152996028 13.354037267080745 25 174
298 0 12.035917803488172 14.751552795031056 26 190
299 0 12.74391296839924 13.819875776397517 19 139
