0 0 76.17403314917127 76.20528771384136 1 9
1 0 13.397790055248619 14.307931570762053 18 155
2 0 53.15953038674033 53.03265940902022 2 26
3 0 53.021408839779006 53.18818040435459 2 25
4 0 34.16781767955801 33.28149300155521 3 36
5 0 34.16781767955801 33.28149300155521 3 36
6 0 24.102209944751383 23.48367029548989 4 47
7 0 24.102209944751383 23.48367029548989 4 47
8 0 18.1457182320442 16.485225505443236 5 39
9 0 18.1457182320442 16.485225505443236 5 39
10 0 16.488259668508288 15.863141524105753 6 48
11 0 16.488259668508288 15.863141524105753 6 48
12 0 15.504143646408842 15.085536547433904 7 52
13 0 15.504143646408842 15.085536547433904 7 52
14 0 14.520027624309392 14.774494556765164 8 60
15 0 14.520027624309392 14.774494556765164 8 60
16 0 14.347375690607736 14.774494556765164 9 68
17 0 14.347375690607736 14.774494556765164 9 68
18 0 13.708563535911603 14.307931570762053 12 99
19 0 13.587707182320441 14.152410575427682 13 108
20 0 14.226519337016574 14.618973561430792 10 77
21 0 14.226519337016574 14.618973561430792 10 77
22 0 13.587707182320441 14.152410575427682 13 108
23 0 14.053867403314918 14.463452566096425 11 87
24 0 13.397790055248619 14.152410575427682 14 115
25 0 14.053867403314918 14.463452566096425 11 87
26 0 13.708563535911603 14.307931570762053 12 99
27 0 13.363259668508288 14.152410575427682 16 134
28 0 13.380524861878454 14.152410575427682 15 121
29 0 13.363259668508288 14.152410575427682 16 134
30 0 13.397790055248619 14.307931570762053 17 142
31 0 13.397790055248619 14.152410575427682 14 115
32 0 13.397790055248619 14.307931570762053 17 142
33 0 13.380524861878454 14.152410575427682 15 121
34 0 76.17403314917127 76.20528771384136 1 13
35 0 13.397790055248619 14.307931570762053 18 155
36 0 52.95234806629834 53.03265940902022 2 25
37 0 34.16781767955801 33.28149300155521 3 36
38 0 24.102209944751383 23.48367029548989 4 47
39 0 18.1457182320442 16.485225505443236 5 39
40 0 16.488259668508288 15.863141524105753 6 48
41 0 15.504143646408842 15.085536547433904 7 52
42 0 14.520027624309392 14.774494556765164 8 60
43 0 14.347375690607736 14.774494556765164 9 68
44 0 13.587707182320441 14.152410575427682 13 108
45 0 14.226519337016574 14.618973561430792 10 77
46 0 14.053867403314918 14.463452566096425 11 87
47 0 13.708563535911603 14.307931570762053 12 99
48 0 13.363259668508288 14.152410575427682 16 134
49 0 13.397790055248619 14.152410575427682 14 115
50 0 13.397790055248619 14.307931570762053 17 142
51 0 13.380524861878454 14.152410575427682 15 121
52 0 76.17403314917127 76.20528771384136 1 9
53 0 13.397790055248619 14.307931570762053 18 155
54 0 53.021408839779006 53.18818040435459 2 25
55 0 34.16781767955801 33.28149300155521 3 36
56 0 24.102209944751383 23.48367029548989 4 47
57 0 18.1457182320442 16.485225505443236 5 39
58 0 16.488259668508288 15.863141524105753 6 48
59 0 15.504143646408842 15.085536547433904 7 52
60 0 14.520027624309392 14.774494556765164 8 60
61 0 14.347375690607736 14.774494556765164 9 68
62 0 13.587707182320441 14.152410575427682 13 108
63 0 14.226519337016574 14.618973561430792 10 77
64 0 14.053867403314918 14.463452566096425 11 87
65 0 13.708563535911603 14.307931570762053 12 99
66 0 13.363259668508288 14.152410575427682 16 134
67 0 13.397790055248619 14.152410575427682 14 115
68 0 13.397790055248619 14.307931570762053 17 142
69 0 13.380524861878454 14.152410575427682 15 121
70 0 76.17403314917127 76.20528771384136 1 10
71 0 13.397790055248619 14.307931570762053 18 155
72 0 53.03867403314917 53.03265940902022 2 25
73 0 34.16781767955801 33.28149300155521 3 36
74 0 24.102209944751383 23.48367029548989 4 47
75 0 18.1457182320442 16.485225505443236 5 39
76 0 16.488259668508288 15.863141524105753 6 48
77 0 15.504143646408842 15.085536547433904 7 52
78 0 14.520027624309392 14.774494556765164 8 60
79 0 14.347375690607736 14.774494556765164 9 68
80 0 13.587707182320441 14.152410575427682 13 108
81 0 14.226519337016574 14.618973561430792 10 77
82 0 14.053867403314918 14.463452566096425 11 87
83 0 13.708563535911603 14.307931570762053 12 99
84 0 13.363259668508288 14.152410575427682 16 134
85 0 13.397790055248619 14.152410575427682 14 115
86 0 13.397790055248619 14.307931570762053 17 142
87 0 13.380524861878454 14.152410575427682 15 121
88 0 76.17403314917127 76.20528771384136 1 10
89 0 13.397790055248619 14.307931570762053 18 155
90 0 52.90055248618785 53.18818040435459 2 25
91 0 34.16781767955801 33.28149300155521 3 36
92 0 24.102209944751383 23.48367029548989 4 47
93 0 18.1457182320442 16.485225505443236 5 39
94 0 16.488259668508288 15.863141524105753 6 48
95 0 15.504143646408842 15.085536547433904 7 52
96 0 14.520027624309392 14.774494556765164 8 60
97 0 14.347375690607736 14.774494556765164 9 68
98 0 14.226519337016574 14.618973561430792 10 77
99 0 13.587707182320441 14.152410575427682 13 108
100 0 14.053867403314918 14.463452566096425 11 87
101 0 13.708563535911603 14.307931570762053 12 99
102 0 13.363259668508288 14.152410575427682 16 134
103 0 13.397790055248619 14.152410575427682 14 115
104 0 13.397790055248619 14.307931570762053 17 142
105 0 13.380524861878454 14.152410575427682 15 121
106 0 76.17403314917127 76.20528771384136 1 11
107 0 13.397790055248619 14.307931570762053 18 155
108 0 53.07320441988951 52.87713841368584 2 26
109 0 34.16781767955801 33.28149300155521 3 36
110 0 24.102209944751383 23.48367029548989 4 47
111 0 18.1457182320442 16.485225505443236 5 39
112 0 16.488259668508288 15.863141524105753 6 48
113 0 15.504143646408842 15.085536547433904 7 52
114 0 14.520027624309392 14.774494556765164 8 60
115 0 14.347375690607736 14.774494556765164 9 68
116 0 14.226519337016574 14.618973561430792 10 77
117 0 13.587707182320441 14.152410575427682 13 108
118 0 14.053867403314918 14.463452566096425 11 87
119 0 13.708563535911603 14.307931570762053 12 99
120 0 13.363259668508288 14.152410575427682 16 134
121 0 13.397790055248619 14.152410575427682 14 115
122 0 13.397790055248619 14.307931570762053 17 142
123 0 13.380524861878454 14.152410575427682 15 121
124 0 76.17403314917127 76.20528771384136 1 9
125 0 13.397790055248619 14.307931570762053 18 155
126 0 52.95234806629834 53.03265940902022 2 25
127 0 34.16781767955801 33.28149300155521 3 36
128 0 24.102209944751383 23.48367029548989 4 47
129 0 18.1457182320442 16.485225505443236 5 39
130 0 16.488259668508288 15.863141524105753 6 48
131 0 15.504143646408842 15.085536547433904 7 52
132 0 14.520027624309392 14.774494556765164 8 60
133 0 14.347375690607736 14.774494556765164 9 68
134 0 14.226519337016574 14.618973561430792 10 77
135 0 13.587707182320441 14.152410575427682 13 108
136 0 14.053867403314918 14.463452566096425 11 87
137 0 13.708563535911603 14.307931570762053 12 99
138 0 13.363259668508288 14.152410575427682 16 134
139 0 13.397790055248619 14.152410575427682 14 115
140 0 13.397790055248619 14.307931570762053 17 142
141 0 13.380524861878454 14.152410575427682 15 121
142 0 76.17403314917127 76.20528771384136 1 10
143 0 13.397790055248619 14.307931570762053 18 155
144 0 53.021408839779006 53.18818040435459 2 25
145 0 34.16781767955801 33.28149300155521 3 36
146 0 24.102209944751383 23.48367029548989 4 47
147 0 18.1457182320442 16.485225505443236 5 39
148 0 16.488259668508288 15.863141524105753 6 48
149 0 15.504143646408842 15.085536547433904 7 52
150 0 76.2085635359116 76.36080870917574 1 6
151 0 11.550414364640885 12.597200622083982 37 267
152 0 52.883287292817684 53.03265940902022 2 24
153 0 52.883287292817684 53.03265940902022 2 24
154 0 33.857044198895025 33.43701399688958 3 34
155 0 33.857044198895025 33.43701399688958 3 34
156 0 23.549723756906076 23.32814930015552 4 40
157 0 23.549723756906076 23.32814930015552 4 40
158 0 17.403314917127073 17.573872472783826 5 45
159 0 11.740331491712707 12.28615863141524 31 214
160 0 11.68853591160221 11.04199066874028 27 193
161 0 17.403314917127073 17.573872472783826 5 45
162 0 14.917127071823206 14.463452566096425 6 54
163 0 11.740331491712707 12.28615863141524 31 214
164 0 11.757596685082873 12.130637636080872 33 234
165 0 11.654005524861878 12.441679626749611 35 254
166 0 14.520027624309392 14.152410575427682 7 65
167 0 14.226519337016574 13.685847589424572 8 70
168 0 14.226519337016574 13.685847589424572 8 70
169 0 13.72582872928177 13.530326594090203 9 75
170 0 13.72582872928177 13.530326594090203 9 75
171 0 13.173342541436464 11.975116640746501 10 79
172 0 13.173342541436464 11.975116640746501 10 79
173 0 12.86256906077348 11.66407465007776 11 82
174 0 12.793508287292818 11.66407465007776 12 86
175 0 12.655386740331492 11.508553654743391 13 97
176 0 12.86256906077348 11.66407465007776 11 82
177 0 12.655386740331492 11.508553654743391 13 97
178 0 12.793508287292818 11.66407465007776 12 86
179 0 12.517265193370166 11.508553654743391 14 101
180 0 12.361878453038674 11.19751166407465 15 115
181 0 12.258287292817679 11.35303265940902 16 118
182 0 14.917127071823206 14.463452566096425 6 54
183 0 12.517265193370166 11.508553654743391 14 101
184 0 14.520027624309392 14.152410575427682 7 65
185 0 12.361878453038674 11.19751166407465 15 115
186 0 12.258287292817679 11.35303265940902 16 118
187 0 12.102900552486188 11.35303265940902 17 126
188 0 12.102900552486188 11.35303265940902 17 126
189 0 11.982044198895029 11.35303265940902 18 133
190 0 11.68853591160221 11.04199066874028 27 193
191 0 11.8957182320442 11.508553654743391 20 145
192 0 11.861187845303869 11.19751166407465 21 153
193 0 11.654005524861878 12.441679626749611 35 254
194 0 11.861187845303869 11.19751166407465 21 153
195 0 11.93024861878453 11.35303265940902 19 140
196 0 11.826657458563536 11.19751166407465 22 158
197 0 11.8957182320442 11.508553654743391 20 145
198 0 11.982044198895029 11.35303265940902 18 133
199 0 11.671270718232044 12.28615863141524 34 244
200 0 11.93024861878453 11.35303265940902 19 140
201 0 11.671270718232044 12.28615863141524 34 244
202 0 11.723066298342541 11.04199066874028 25 175
203 0 11.792127071823204 11.19751166407465 23 164
204 0 11.774861878453038 11.19751166407465 24 170
205 0 11.705801104972375 11.04199066874028 26 186
206 0 11.826657458563536 11.19751166407465 22 158
207 0 11.705801104972375 11.04199066874028 26 186
208 0 11.774861878453038 11.19751166407465 24 170
209 0 11.792127071823204 11.19751166407465 23 164
210 0 11.757596685082873 12.130637636080872 33 234
211 0 11.723066298342541 11.04199066874028 25 175
212 0 76.17403314917127 76.20528771384136 1 12
213 0 11.550414364640885 12.597200622083982 37 267
214 0 52.883287292817684 53.03265940902022 2 24
215 0 33.857044198895025 33.43701399688958 3 34
216 0 23.549723756906076 23.32814930015552 4 40
217 0 17.403314917127073 17.573872472783826 5 45
218 0 11.740331491712707 12.28615863141524 31 214
219 0 14.226519337016574 13.685847589424572 8 70
220 0 13.72582872928177 13.530326594090203 9 75
221 0 13.173342541436464 11.975116640746501 10 79
222 0 12.86256906077348 11.66407465007776 11 82
223 0 12.655386740331492 11.508553654743391 13 97
224 0 12.793508287292818 11.66407465007776 12 86
225 0 14.917127071823206 14.463452566096425 6 54
226 0 12.517265193370166 11.508553654743391 14 101
227 0 12.361878453038674 11.19751166407465 15 115
228 0 14.520027624309392 14.152410575427682 7 65
229 0 12.258287292817679 11.35303265940902 16 118
230 0 12.102900552486188 11.35303265940902 17 126
231 0 11.68853591160221 11.04199066874028 27 193
232 0 11.654005524861878 12.441679626749611 35 254
233 0 11.861187845303869 11.19751166407465 21 153
234 0 11.8957182320442 11.508553654743391 20 145
235 0 11.982044198895029 11.35303265940902 18 133
236 0 11.93024861878453 11.35303265940902 19 140
237 0 11.671270718232044 12.28615863141524 34 244
238 0 11.826657458563536 11.19751166407465 22 158
239 0 11.705801104972375 11.04199066874028 26 186
240 0 11.774861878453038 11.19751166407465 24 170
241 0 11.723066298342541 11.04199066874028 25 175
242 0 11.792127071823204 11.19751166407465 23 164
243 0 11.757596685082873 12.130637636080872 33 234
244 0 76.17403314917127 76.20528771384136 1 12
245 0 11.550414364640885 12.597200622083982 37 267
246 0 52.883287292817684 53.03265940902022 2 24
247 0 33.857044198895025 33.43701399688958 3 34
248 0 23.549723756906076 23.32814930015552 4 40
249 0 17.403314917127073 17.573872472783826 5 45
250 0 11.740331491712707 12.28615863141524 31 214
251 0 14.226519337016574 13.685847589424572 8 70
252 0 13.72582872928177 13.530326594090203 9 75
253 0 13.173342541436464 11.975116640746501 10 79
254 0 12.86256906077348 11.66407465007776 11 82
255 0 12.655386740331492 11.508553654743391 13 97
256 0 12.793508287292818 11.66407465007776 12 86
257 0 14.917127071823206 14.463452566096425 6 54
258 0 12.517265193370166 11.508553654743391 14 101
259 0 14.520027624309392 14.152410575427682 7 65
260 0 12.361878453038674 11.19751166407465 15 115
261 0 12.258287292817679 11.35303265940902 16 118
262 0 12.102900552486188 11.35303265940902 17 126
263 0 11.68853591160221 11.04199066874028 27 193
264 0 11.654005524861878 12.441679626749611 35 254
265 0 11.861187845303869 11.19751166407465 21 153
266 0 11.8957182320442 11.508553654743391 20 145
267 0 11.982044198895029 11.35303265940902 18 133
268 0 11.93024861878453 11.35303265940902 19 140
269 0 11.671270718232044 12.28615863141524 34 244
270 0 11.826657458563536 11.19751166407465 22 158
271 0 11.705801104972375 11.04199066874028 26 186
272 0 11.774861878453038 11.19751166407465 24 170
273 0 11.792127071823204 11.19751166407465 23 164
274 0 11.757596685082873 12.130637636080872 33 234
275 0 11.723066298342541 11.04199066874028 25 175
276 0 76.17403314917127 76.20528771384136 1 12
277 0 11.550414364640885 12.597200622083982 37 267
278 0 52.883287292817684 53.03265940902022 2 24
279 0 33.857044198895025 33.43701399688958 3 34
280 0 23.549723756906076 23.32814930015552 4 40
281 0 17.403314917127073 17.573872472783826 5 45
282 0 11.740331491712707 12.28615863141524 31 214
283 0 14.226519337016574 13.685847589424572 8 70
284 0 13.72582872928177 13.530326594090203 9 75
285 0 13.173342541436464 11.975116640746501 10 79
286 0 12.86256906077348 11.66407465007776 11 82
287 0 12.655386740331492 11.508553654743391 13 97
288 0 12.793508287292818 11.66407465007776 12 86
289 0 14.917127071823206 14.463452566096425 6 54
290 0 12.517265193370166 11.508553654743391 14 101
291 0 12.361878453038674 11.19751166407465 15 115
292 0 14.520027624309392 14.152410575427682 7 65
293 0 12.258287292817679 11.35303265940902 16 118
294 0 12.102900552486188 11.35303265940902 17 126
295 0 11.68853591160221 11.04199066874028 27 193
296 0 11.654005524861878 12.441679626749611 35 254
297 0 11.861187845303869 11.19751166407465 21 153
298 0 11.8957182320442 11.508553654743391 20 145
299 0 11.982044198895029 11.35303265940902 18 133
