0 0 76.16991883957866 76.24223602484473 1 5
1 0 12.812985667414956 13.819875776397517 39 310
2 0 53.047832844068374 53.41614906832298 2 24
3 0 53.047832844068374 53.41614906832298 2 24
4 0 34.26005871179416 34.161490683229815 3 38
5 0 34.277326886548096 34.161490683229815 3 39
6 0 24.48627180107063 24.689440993788818 4 48
7 0 24.48627180107063 24.689440993788818 4 48
8 0 19.012260404075292 19.875776397515526 5 45
9 0 12.778449317907098 13.664596273291925 36 277
10 0 19.012260404075292 19.875776397515526 5 45
11 0 15.886720773614229 18.944099378881987 6 53
12 0 12.933862890692454 13.975155279503104 24 194
13 0 12.951131065446383 14.130434782608695 22 171
14 0 12.847522016922811 13.819875776397517 31 222
15 0 12.692108444137453 13.664596273291925 29 218
16 0 15.886720773614229 18.944099378881987 6 53
17 0 14.885166637886377 17.546583850931675 7 58
18 0 14.885166637886377 17.546583850931675 7 58
19 0 14.83336211362459 16.61490683229814 8 62
20 0 14.14263512346745 14.440993788819876 11 84
21 0 13.451908133310308 14.130434782608695 15 111
22 0 13.417371783802452 14.440993788819876 16 126
23 0 13.797271628388879 13.975155279503104 12 88
24 0 13.417371783802452 14.440993788819876 16 126
25 0 14.159903298221376 15.993788819875776 10 80
26 0 13.279226385771024 14.285714285714285 17 137
27 0 14.14263512346745 14.440993788819876 11 84
28 0 14.83336211362459 16.61490683229814 8 62
29 0 14.591607667069592 15.838509316770185 9 68
30 0 13.244690036263169 13.975155279503104 18 144
31 0 13.175617337247452 14.130434782608695 19 149
32 0 13.797271628388879 13.975155279503104 12 88
33 0 13.659126230357451 13.975155279503104 14 101
34 0 13.037471939216024 14.130434782608695 26 198
35 0 13.728198929373164 13.819875776397517 13 96
36 0 13.728198929373164 13.819875776397517 13 96
37 0 13.451908133310308 14.130434782608695 15 111
38 0 12.778449317907098 13.664596273291925 27 201
39 0 13.659126230357451 13.975155279503104 14 101
40 0 13.175617337247452 14.130434782608695 19 149
41 0 13.072008288723882 14.130434782608695 20 160
42 0 13.279226385771024 14.285714285714285 17 137
43 0 14.591607667069592 15.838509316770185 9 68
44 0 13.054740113969954 14.130434782608695 25 190
45 0 14.159903298221376 15.993788819875776 10 80
46 0 13.244690036263169 13.975155279503104 18 144
47 0 13.037471939216024 14.130434782608695 26 198
48 0 12.778449317907098 13.664596273291925 27 201
49 0 13.072008288723882 14.130434782608695 20 160
50 0 12.98566741495424 14.130434782608695 21 165
51 0 13.054740113969954 14.130434782608695 25 190
52 0 12.98566741495424 14.130434782608695 21 165
53 0 12.726644793645312 13.664596273291925 28 214
54 0 12.951131065446383 14.130434782608695 22 171
55 0 12.692108444137453 13.664596273291925 29 218
56 0 12.778449317907098 13.509316770186336 35 263
57 0 12.795717492661026 13.664596273291925 33 239
58 0 12.847522016922811 13.819875776397517 31 222
59 0 12.933862890692454 13.975155279503104 24 194
60 0 12.86479019167674 13.664596273291925 32 236
61 0 12.795717492661026 13.664596273291925 34 258
62 0 12.778449317907098 13.664596273291925 36 277
63 0 12.726644793645312 13.664596273291925 28 214
64 0 12.86479019167674 13.664596273291925 32 236
65 0 12.795717492661026 13.664596273291925 34 258
66 0 12.795717492661026 13.664596273291925 33 239
67 0 12.778449317907098 13.509316770186336 35 263
68 0 76.16991883957866 76.24223602484473 1 5
69 0 12.812985667414956 13.819875776397517 39 310
70 0 53.047832844068374 53.41614906832298 2 24
71 0 34.26005871179416 34.161490683229815 3 38
72 0 24.48627180107063 24.689440993788818 4 48
73 0 19.012260404075292 19.875776397515526 5 45
74 0 15.886720773614229 18.944099378881987 6 53
75 0 14.885166637886377 17.546583850931675 7 58
76 0 13.417371783802452 14.440993788819876 16 126
77 0 14.14263512346745 14.440993788819876 11 84
78 0 14.83336211362459 16.61490683229814 8 62
79 0 13.797271628388879 13.975155279503104 12 88
80 0 13.728198929373164 13.819875776397517 13 96
81 0 13.451908133310308 14.130434782608695 15 111
82 0 13.659126230357451 13.975155279503104 14 101
83 0 13.175617337247452 14.130434782608695 19 149
84 0 13.279226385771024 14.285714285714285 17 137
85 0 14.591607667069592 15.838509316770185 9 68
86 0 13.037471939216024 14.130434782608695 26 198
87 0 14.159903298221376 15.993788819875776 10 80
88 0 13.244690036263169 13.975155279503104 18 144
89 0 12.778449317907098 13.664596273291925 27 201
90 0 13.072008288723882 14.130434782608695 20 160
91 0 13.054740113969954 14.130434782608695 25 190
92 0 12.98566741495424 14.130434782608695 21 165
93 0 12.951131065446383 14.130434782608695 22 171
94 0 12.692108444137453 13.664596273291925 29 218
95 0 12.847522016922811 13.819875776397517 31 222
96 0 12.933862890692454 13.975155279503104 24 194
97 0 12.778449317907098 13.664596273291925 36 277
98 0 12.726644793645312 13.664596273291925 28 214
99 0 12.795717492661026 13.664596273291925 34 258
100 0 12.86479019167674 13.664596273291925 32 236
101 0 12.795717492661026 13.664596273291925 33 239
102 0 12.778449317907098 13.509316770186336 35 263
103 0 76.16991883957866 76.24223602484473 1 5
104 0 12.812985667414956 13.819875776397517 39 310
105 0 53.047832844068374 53.41614906832298 2 24
106 0 34.26005871179416 34.161490683229815 3 38
107 0 24.48627180107063 24.689440993788818 4 48
108 0 19.012260404075292 19.875776397515526 5 45
109 0 15.886720773614229 18.944099378881987 6 53
110 0 14.885166637886377 17.546583850931675 7 58
111 0 13.417371783802452 14.440993788819876 16 126
112 0 14.14263512346745 14.440993788819876 11 84
113 0 14.83336211362459 16.61490683229814 8 62
114 0 13.797271628388879 13.975155279503104 12 88
115 0 13.728198929373164 13.819875776397517 13 96
116 0 13.451908133310308 14.130434782608695 15 111
117 0 13.659126230357451 13.975155279503104 14 101
118 0 13.175617337247452 14.130434782608695 19 149
119 0 13.279226385771024 14.285714285714285 17 137
120 0 14.591607667069592 15.838509316770185 9 68
121 0 13.244690036263169 13.975155279503104 18 144
122 0 13.037471939216024 14.130434782608695 26 198
123 0 14.159903298221376 15.993788819875776 10 80
124 0 12.778449317907098 13.664596273291925 27 201
125 0 13.072008288723882 14.130434782608695 20 160
126 0 13.054740113969954 14.130434782608695 25 190
127 0 12.98566741495424 14.130434782608695 21 165
128 0 12.951131065446383 14.130434782608695 22 171
129 0 12.692108444137453 13.664596273291925 29 218
130 0 12.933862890692454 13.975155279503104 24 194
131 0 12.847522016922811 13.819875776397517 31 222
132 0 12.778449317907098 13.664596273291925 36 277
133 0 12.726644793645312 13.664596273291925 28 214
134 0 12.795717492661026 13.664596273291925 34 258
135 0 12.86479019167674 13.664596273291925 32 236
136 0 12.795717492661026 13.664596273291925 33 239
137 0 12.778449317907098 13.509316770186336 35 263
138 0 76.16991883957866 76.24223602484473 1 7
139 0 12.812985667414956 13.819875776397517 39 310
140 0 53.047832844068374 53.41614906832298 2 24
141 0 34.26005871179416 34.161490683229815 3 38
142 0 24.48627180107063 24.689440993788818 4 48
143 0 19.012260404075292 19.875776397515526 5 45
144 0 15.886720773614229 18.944099378881987 6 53
145 0 14.885166637886377 17.546583850931675 7 58
146 0 13.417371783802452 14.440993788819876 16 126
147 0 14.14263512346745 14.440993788819876 11 84
148 0 14.83336211362459 16.61490683229814 8 62
149 0 13.797271628388879 13.975155279503104 12 88
150 0 76.16991883957866 76.24223602484473 1 6
151 0 14.401657744776378 15.838509316770185 30 199
152 0 52.9960283198066 53.41614906832298 2 32
153 0 52.9960283198066 53.41614906832298 2 32
154 0 34.05284061474702 34.161490683229815 3 23
155 0 34.05284061474702 34.161490683229815 3 23
156 0 24.054567432222417 24.06832298136646 4 30
157 0 24.054567432222417 24.06832298136646 4 30
158 0 17.889829045069934 18.788819875776397 5 40
159 0 17.889829045069934 18.788819875776397 5 40
160 0 17.250906579174583 18.478260869565215 6 49
161 0 17.250906579174583 18.478260869565215 6 49
162 0 17.009152132619583 18.633540372670808 7 61
163 0 16.02486617164566 16.149068322981368 11 62
164 0 15.834916249352442 16.304347826086957 12 73
165 0 15.834916249352442 16.304347826086957 12 73
166 0 15.610429977551373 15.838509316770185 13 84
167 0 15.610429977551373 15.838509316770185 13 84
168 0 16.43930236573994 17.70186335403727 10 81
169 0 16.02486617164566 16.149068322981368 11 62
170 0 15.316871006734589 15.372670807453417 14 87
171 0 15.385943705750302 15.527950310559005 15 92
172 0 15.161457433949233 15.683229813664596 16 108
173 0 17.009152132619583 18.633540372670808 7 61
174 0 16.491106890001728 17.70186335403727 9 77
175 0 16.43930236573994 17.70186335403727 10 81
176 0 16.732861336556727 18.16770186335404 8 66
177 0 16.732861336556727 18.16770186335404 8 66
178 0 15.075116560179588 15.527950310559005 17 118
179 0 16.491106890001728 17.70186335403727 9 77
180 0 14.988775686409946 15.683229813664596 18 123
181 0 14.988775686409946 15.683229813664596 18 123
182 0 14.695216715593162 15.527950310559005 23 152
183 0 14.798825764116733 15.527950310559005 21 138
184 0 14.695216715593162 15.527950310559005 24 157
185 0 14.902434812640303 15.527950310559005 19 129
186 0 14.72975306510102 15.527950310559005 22 145
187 0 15.161457433949233 15.683229813664596 16 108
188 0 15.075116560179588 15.527950310559005 17 118
189 0 14.695216715593162 15.527950310559005 24 157
190 0 14.539803142807806 15.993788819875776 28 186
191 0 14.936971162148161 15.527950310559005 20 134
192 0 14.695216715593162 15.683229813664596 25 162
193 0 14.47073044379209 15.838509316770185 29 193
194 0 14.798825764116733 15.527950310559005 21 138
195 0 15.316871006734589 15.372670807453417 14 87
196 0 14.902434812640303 15.527950310559005 19 129
197 0 14.72975306510102 15.527950310559005 22 145
198 0 14.695216715593162 15.683229813664596 25 162
199 0 14.936971162148161 15.527950310559005 20 134
200 0 14.591607667069592 15.683229813664596 26 168
201 0 15.385943705750302 15.527950310559005 15 92
202 0 14.695216715593162 15.527950310559005 23 152
203 0 14.47073044379209 15.838509316770185 29 193
204 0 14.591607667069592 15.683229813664596 26 168
205 0 14.626144016577447 15.527950310559005 27 179
206 0 14.626144016577447 15.527950310559005 27 179
207 0 14.539803142807806 15.993788819875776 28 186
208 0 76.16991883957866 76.24223602484473 1 6
209 0 14.401657744776378 15.838509316770185 30 199
210 0 52.9960283198066 53.41614906832298 2 32
211 0 34.05284061474702 34.161490683229815 3 23
212 0 24.054567432222417 24.06832298136646 4 30
213 0 17.889829045069934 18.788819875776397 5 40
214 0 17.250906579174583 18.478260869565215 6 49
215 0 15.834916249352442 16.304347826086957 12 73
216 0 15.610429977551373 15.838509316770185 13 84
217 0 16.02486617164566 16.149068322981368 11 62
218 0 17.009152132619583 18.633540372670808 7 61
219 0 16.43930236573994 17.70186335403727 10 81
220 0 16.732861336556727 18.16770186335404 8 66
221 0 16.491106890001728 17.70186335403727 9 77
222 0 14.988775686409946 15.683229813664596 18 123
223 0 15.161457433949233 15.683229813664596 16 108
224 0 15.092384734933518 15.683229813664596 17 119
225 0 14.695216715593162 15.527950310559005 24 157
226 0 14.798825764116733 15.527950310559005 21 138
227 0 15.316871006734589 15.372670807453417 14 87
228 0 14.72975306510102 15.527950310559005 22 145
229 0 14.902434812640303 15.527950310559005 19 129
230 0 14.695216715593162 15.683229813664596 25 162
231 0 14.936971162148161 15.527950310559005 20 134
232 0 14.695216715593162 15.527950310559005 23 152
233 0 15.385943705750302 15.527950310559005 15 92
234 0 14.47073044379209 15.838509316770185 29 193
235 0 14.591607667069592 15.683229813664596 26 168
236 0 14.626144016577447 15.527950310559005 27 179
237 0 14.539803142807806 15.993788819875776 28 186
238 0 76.16991883957866 76.24223602484473 1 6
239 0 14.401657744776378 15.838509316770185 30 199
240 0 52.9960283198066 53.41614906832298 2 32
241 0 34.05284061474702 34.161490683229815 3 23
242 0 24.054567432222417 24.06832298136646 4 30
243 0 17.889829045069934 18.788819875776397 5 40
244 0 17.250906579174583 18.478260869565215 6 49
245 0 15.834916249352442 16.304347826086957 12 73
246 0 15.610429977551373 15.838509316770185 13 84
247 0 16.02486617164566 16.149068322981368 11 62
248 0 17.009152132619583 18.633540372670808 7 61
249 0 16.43930236573994 17.70186335403727 10 81
250 0 16.732861336556727 18.16770186335404 8 66
251 0 16.491106890001728 17.70186335403727 9 77
252 0 14.988775686409946 15.683229813664596 18 123
253 0 15.161457433949233 15.683229813664596 16 108
254 0 15.092384734933518 15.683229813664596 17 119
255 0 14.695216715593162 15.527950310559005 24 157
256 0 14.798825764116733 15.527950310559005 21 138
257 0 15.316871006734589 15.372670807453417 14 87
258 0 14.902434812640303 15.527950310559005 19 129
259 0 14.72975306510102 15.527950310559005 22 145
260 0 14.695216715593162 15.683229813664596 25 162
261 0 15.385943705750302 15.527950310559005 15 92
262 0 14.695216715593162 15.527950310559005 23 152
263 0 14.936971162148161 15.527950310559005 20 134
264 0 14.47073044379209 15.838509316770185 29 193
265 0 14.591607667069592 15.683229813664596 26 168
266 0 14.626144016577447 15.527950310559005 27 179
267 0 14.539803142807806 15.993788819875776 28 186
268 0 76.16991883957866 76.24223602484473 1 8
269 0 14.401657744776378 15.838509316770185 30 199
270 0 52.9960283198066 53.41614906832298 2 32
271 0 34.05284061474702 34.161490683229815 3 23
272 0 24.054567432222417 24.06832298136646 4 30
273 0 17.889829045069934 18.788819875776397 5 40
274 0 17.250906579174583 18.478260869565215 6 49
275 0 15.834916249352442 16.304347826086957 12 73
276 0 15.610429977551373 15.838509316770185 13 84
277 0 16.02486617164566 16.149068322981368 11 62
278 0 17.009152132619583 18.633540372670808 7 61
279 0 16.43930236573994 17.70186335403727 10 81
280 0 16.732861336556727 18.16770186335404 8 66
281 0 16.491106890001728 17.70186335403727 9 77
282 0 14.988775686409946 15.683229813664596 18 123
283 0 15.161457433949233 15.683229813664596 16 108
284 0 15.092384734933518 15.683229813664596 17 119
285 0 14.695216715593162 15.527950310559005 24 157
286 0 14.798825764116733 15.527950310559005 21 138
287 0 15.316871006734589 15.372670807453417 14 87
288 0 14.902434812640303 15.527950310559005 19 129
289 0 14.72975306510102 15.527950310559005 22 145
290 0 14.695216715593162 15.683229813664596 25 162
291 0 14.695216715593162 15.527950310559005 23 152
292 0 15.385943705750302 15.527950310559005 15 92
293 0 14.936971162148161 15.527950310559005 20 134
294 0 14.47073044379209 15.838509316770185 29 193
295 0 14.591607667069592 15.683229813664596 26 168
296 0 14.626144016577447 15.527950310559005 27 179
297 0 14.539803142807806 15.993788819875776 28 186
298 0 76.16991883957866 76.24223602484473 1 7
299 0 14.401657744776378 15.838509316770185 30 199
