0 0 76.18718701433258 76.08695652173914 1 5
1 0 12.001381453980315 15.062111801242237 33 286
2 0 53.03056466931445 53.41614906832298 2 58
3 0 53.03056466931445 53.41614906832298 2 58
4 0 33.949231566223446 33.85093167701863 3 34
5 0 33.949231566223446 33.85093167701863 3 34
6 0 23.88188568468313 23.4472049689441 4 41
7 0 23.88188568468313 23.4472049689441 4 41
8 0 19.012260404075292 21.73913043478261 5 35
9 0 12.070454152996028 15.217391304347828 31 270
10 0 19.012260404075292 21.73913043478261 5 35
11 0 16.180279744431015 18.633540372670808 6 41
12 0 12.312208599551028 14.906832298136646 28 241
13 0 16.180279744431015 18.633540372670808 6 41
14 0 15.126921084441374 18.32298136645963 7 58
15 0 12.104990502503886 15.217391304347828 30 265
16 0 14.72975306510102 16.77018633540373 8 68
17 0 14.228975997237093 16.304347826086957 9 82
18 0 15.126921084441374 18.32298136645963 7 58
19 0 14.228975997237093 16.304347826086957 9 82
20 0 14.72975306510102 16.77018633540373 8 68
21 0 13.987221550682094 15.993788819875776 10 86
22 0 13.987221550682094 15.993788819875776 10 86
23 0 13.296494560524952 16.149068322981368 11 87
24 0 13.296494560524952 16.149068322981368 11 87
25 0 13.072008288723882 15.993788819875776 13 105
26 0 13.141080987739596 16.149068322981368 12 99
27 0 12.899326541184596 15.838509316770185 14 117
28 0 12.64030391987567 15.527950310559005 17 145
29 0 12.571231220859955 15.372670807453417 21 185
30 0 12.86479019167674 15.527950310559005 18 160
31 0 12.467622172336384 15.372670807453417 22 196
32 0 13.141080987739596 16.149068322981368 12 99
33 0 13.054740113969954 16.149068322981368 13 110
34 0 12.899326541184596 15.838509316770185 14 117
35 0 12.778449317907098 15.838509316770185 15 122
36 0 12.86479019167674 15.527950310559005 18 160
37 0 12.76118114315317 15.372670807453417 19 169
38 0 12.76118114315317 15.372670807453417 19 169
39 0 12.692108444137453 15.372670807453417 20 174
40 0 12.312208599551028 14.906832298136646 28 241
41 0 12.778449317907098 15.838509316770185 15 122
42 0 12.260404075289241 15.217391304347828 26 227
43 0 12.2949404247971 15.062111801242237 27 232
44 0 12.415817648074597 15.527950310559005 24 207
45 0 12.64030391987567 15.683229813664596 16 131
46 0 12.364013123812812 15.062111801242237 25 216
47 0 12.364013123812812 15.062111801242237 25 216
48 0 12.64030391987567 15.683229813664596 16 131
49 0 12.260404075289241 15.217391304347828 26 227
50 0 12.2949404247971 15.062111801242237 27 232
51 0 12.64030391987567 15.527950310559005 17 145
52 0 12.104990502503886 15.217391304347828 30 265
53 0 12.692108444137453 15.372670807453417 20 174
54 0 12.450353997582456 15.527950310559005 23 199
55 0 12.571231220859955 15.372670807453417 21 185
56 0 12.415817648074597 15.527950310559005 24 207
57 0 12.467622172336384 15.372670807453417 22 196
58 0 12.450353997582456 15.527950310559005 23 199
59 0 76.18718701433258 76.08695652173914 1 30
60 0 12.001381453980315 15.062111801242237 33 286
61 0 53.03056466931445 53.41614906832298 2 58
62 0 33.949231566223446 33.85093167701863 3 34
63 0 23.88188568468313 23.4472049689441 4 41
64 0 19.012260404075292 21.73913043478261 5 35
65 0 16.180279744431015 18.633540372670808 6 41
66 0 15.126921084441374 18.32298136645963 7 58
67 0 14.228975997237093 16.304347826086957 9 82
68 0 14.72975306510102 16.77018633540373 8 68
69 0 13.987221550682094 15.993788819875776 10 86
70 0 13.296494560524952 16.149068322981368 11 87
71 0 13.141080987739596 16.149068322981368 12 99
72 0 13.054740113969954 16.149068322981368 13 110
73 0 12.899326541184596 15.838509316770185 14 117
74 0 12.86479019167674 15.527950310559005 18 160
75 0 12.76118114315317 15.372670807453417 19 169
76 0 12.312208599551028 14.906832298136646 28 241
77 0 12.778449317907098 15.838509316770185 15 122
78 0 12.64030391987567 15.527950310559005 17 145
79 0 12.260404075289241 15.217391304347828 26 227
80 0 12.2949404247971 15.062111801242237 27 232
81 0 12.364013123812812 15.062111801242237 25 216
82 0 12.104990502503886 15.217391304347828 30 265
83 0 12.64030391987567 15.683229813664596 16 131
84 0 12.692108444137453 15.372670807453417 20 174
85 0 12.415817648074597 15.527950310559005 24 207
86 0 12.623035745121742 15.217391304347828 21 179
87 0 12.467622172336384 15.372670807453417 22 196
88 0 12.450353997582456 15.527950310559005 23 199
89 0 76.18718701433258 76.08695652173914 1 5
90 0 12.001381453980315 15.062111801242237 33 286
91 0 53.03056466931445 53.41614906832298 2 58
92 0 33.949231566223446 33.85093167701863 3 34
93 0 23.88188568468313 23.4472049689441 4 41
94 0 19.012260404075292 21.73913043478261 5 35
95 0 16.180279744431015 18.633540372670808 6 41
96 0 15.126921084441374 18.32298136645963 7 58
97 0 14.228975997237093 16.304347826086957 9 82
98 0 14.72975306510102 16.77018633540373 8 68
99 0 13.987221550682094 15.993788819875776 10 86
100 0 13.296494560524952 16.149068322981368 11 87
101 0 13.141080987739596 16.149068322981368 12 99
102 0 13.054740113969954 16.149068322981368 13 110
103 0 12.899326541184596 15.838509316770185 14 117
104 0 12.86479019167674 15.527950310559005 18 160
105 0 12.76118114315317 15.372670807453417 19 169
106 0 12.312208599551028 14.906832298136646 28 241
107 0 12.778449317907098 15.838509316770185 15 122
108 0 12.104990502503886 15.217391304347828 30 265
109 0 12.364013123812812 15.062111801242237 25 216
110 0 12.64030391987567 15.527950310559005 17 145
111 0 12.64030391987567 15.683229813664596 16 131
112 0 12.2949404247971 15.062111801242237 27 232
113 0 12.260404075289241 15.217391304347828 26 227
114 0 12.692108444137453 15.372670807453417 20 174
115 0 12.415817648074597 15.527950310559005 24 207
116 0 12.571231220859955 15.372670807453417 21 185
117 0 12.467622172336384 15.372670807453417 22 196
118 0 12.450353997582456 15.527950310559005 23 199
119 0 76.18718701433258 76.08695652173914 1 5
120 0 12.001381453980315 15.062111801242237 33 286
121 0 53.03056466931445 53.41614906832298 2 58
122 0 33.949231566223446 33.85093167701863 3 34
123 0 23.88188568468313 23.4472049689441 4 41
124 0 19.012260404075292 21.73913043478261 5 35
125 0 16.180279744431015 18.633540372670808 6 41
126 0 15.126921084441374 18.32298136645963 7 58
127 0 14.228975997237093 16.304347826086957 9 82
128 0 14.72975306510102 16.77018633540373 8 68
129 0 13.987221550682094 15.993788819875776 10 86
130 0 13.296494560524952 16.149068322981368 11 87
131 0 13.141080987739596 16.149068322981368 12 99
132 0 13.054740113969954 16.149068322981368 13 110
133 0 12.899326541184596 15.838509316770185 14 117
134 0 12.86479019167674 15.527950310559005 18 160
135 0 12.76118114315317 15.372670807453417 19 169
136 0 12.312208599551028 14.906832298136646 28 241
137 0 12.778449317907098 15.838509316770185 15 122
138 0 12.104990502503886 15.217391304347828 30 265
139 0 12.260404075289241 15.217391304347828 26 227
140 0 12.64030391987567 15.683229813664596 16 131
141 0 12.364013123812812 15.062111801242237 25 216
142 0 12.64030391987567 15.527950310559005 17 145
143 0 12.2949404247971 15.062111801242237 27 232
144 0 12.692108444137453 15.372670807453417 20 174
145 0 12.415817648074597 15.527950310559005 24 207
146 0 12.571231220859955 15.372670807453417 21 185
147 0 12.467622172336384 15.372670807453417 22 196
148 0 12.450353997582456 15.527950310559005 23 199
149 0 76.18718701433258 76.08695652173914 1 5
150 0 76.18718701433258 76.08695652173914 1 5
151 0 11.552408910378173 13.975155279503104 34 313
152 0 52.7542738732516 52.63975155279503 2 31
153 0 52.7542738732516 52.63975155279503 2 31
154 0 33.966499740977376 34.161490683229815 3 35
155 0 33.966499740977376 34.161490683229815 3 35
156 0 24.641685373855985 25.0 4 41
157 0 11.500604386116388 13.509316770186336 26 231
158 0 11.604213434639957 14.596273291925465 30 257
159 0 11.604213434639957 14.596273291925465 30 257
160 0 24.641685373855985 25.0 4 41
161 0 17.71714729753065 19.099378881987576 5 50
162 0 17.71714729753065 19.099378881987576 5 50
163 0 15.852184424106373 16.61490683229814 6 59
164 0 12.018649628734243 15.683229813664596 19 154
165 0 15.852184424106373 16.61490683229814 6 59
166 0 14.712484890347092 15.372670807453417 7 64
167 0 13.641858055603523 15.683229813664596 10 70
168 0 13.400103609048525 16.304347826086957 11 93
169 0 13.054740113969954 15.683229813664596 12 97
170 0 13.400103609048525 16.304347826086957 11 93
171 0 14.073562424451735 15.683229813664596 9 78
172 0 13.641858055603523 15.683229813664596 10 70
173 0 13.054740113969954 15.683229813664596 12 97
174 0 12.605767570367812 15.217391304347828 13 102
175 0 14.298048696252804 15.062111801242237 8 69
176 0 14.073562424451735 15.683229813664596 9 78
177 0 14.712484890347092 15.372670807453417 7 64
178 0 14.298048696252804 15.062111801242237 8 69
179 0 12.571231220859955 16.149068322981368 15 125
180 0 12.467622172336384 15.838509316770185 16 134
181 0 12.605767570367812 15.217391304347828 13 102
182 0 12.346744949058884 15.838509316770185 17 138
183 0 12.070454152996028 15.838509316770185 18 144
184 0 12.433085822828527 15.062111801242237 14 109
185 0 12.467622172336384 15.838509316770185 16 134
186 0 12.346744949058884 15.838509316770185 17 138
187 0 11.966845104472457 14.440993788819876 22 184
188 0 11.725090657917459 14.440993788819876 23 198
189 0 12.087722327749956 15.683229813664596 20 163
190 0 12.087722327749956 15.683229813664596 20 163
191 0 11.915040580210672 15.217391304347828 21 169
192 0 12.070454152996028 15.838509316770185 18 144
193 0 11.725090657917459 14.440993788819876 23 198
194 0 11.656017958901744 13.819875776397517 24 208
195 0 11.569677085132103 13.819875776397517 25 222
196 0 11.656017958901744 13.819875776397517 24 208
197 0 11.569677085132103 13.819875776397517 25 222
198 0 11.500604386116388 13.509316770186336 26 231
199 0 11.915040580210672 15.217391304347828 21 169
200 0 11.966845104472457 14.440993788819876 22 184
201 0 12.433085822828527 15.062111801242237 14 109
202 0 12.571231220859955 16.149068322981368 15 125
203 0 76.18718701433258 76.08695652173914 1 18
204 0 11.517872560870316 13.975155279503104 34 313
205 0 52.7542738732516 52.63975155279503 2 31
206 0 33.966499740977376 34.161490683229815 3 35
207 0 11.604213434639957 14.596273291925465 30 257
208 0 24.641685373855985 25.0 4 41
209 0 17.71714729753065 19.099378881987576 5 50
210 0 15.852184424106373 16.61490683229814 6 59
211 0 13.400103609048525 16.304347826086957 11 93
212 0 13.641858055603523 15.683229813664596 10 70
213 0 13.054740113969954 15.683229813664596 12 97
214 0 14.073562424451735 15.683229813664596 9 78
215 0 14.712484890347092 15.372670807453417 7 64
216 0 14.298048696252804 15.062111801242237 8 69
217 0 12.605767570367812 15.217391304347828 13 102
218 0 12.467622172336384 15.838509316770185 16 134
219 0 12.346744949058884 15.838509316770185 17 138
220 0 12.087722327749956 15.683229813664596 20 163
221 0 12.070454152996028 15.838509316770185 18 144
222 0 11.725090657917459 14.440993788819876 23 198
223 0 11.569677085132103 13.819875776397517 25 222
224 0 11.656017958901744 13.819875776397517 24 208
225 0 11.500604386116388 13.509316770186336 26 231
226 0 11.915040580210672 15.217391304347828 21 169
227 0 11.966845104472457 14.440993788819876 22 184
228 0 12.433085822828527 15.062111801242237 14 109
229 0 12.571231220859955 16.149068322981368 15 125
230 0 76.18718701433258 76.08695652173914 1 5
231 0 11.552408910378173 13.975155279503104 34 313
232 0 52.7542738732516 52.63975155279503 2 31
233 0 33.966499740977376 34.161490683229815 3 35
234 0 11.604213434639957 14.596273291925465 30 257
235 0 24.641685373855985 25.0 4 41
236 0 17.71714729753065 19.099378881987576 5 50
237 0 15.852184424106373 16.61490683229814 6 59
238 0 13.400103609048525 16.304347826086957 11 93
239 0 13.641858055603523 15.683229813664596 10 70
240 0 13.054740113969954 15.683229813664596 12 97
241 0 14.073562424451735 15.683229813664596 9 78
242 0 14.712484890347092 15.372670807453417 7 64
243 0 14.298048696252804 15.062111801242237 8 69
244 0 12.605767570367812 15.217391304347828 13 102
245 0 12.467622172336384 15.838509316770185 16 134
246 0 12.346744949058884 15.838509316770185 17 138
247 0 12.087722327749956 15.683229813664596 20 163
248 0 11.725090657917459 14.440993788819876 23 198
249 0 11.656017958901744 13.819875776397517 24 208
250 0 11.569677085132103 13.819875776397517 25 222
251 0 11.500604386116388 13.509316770186336 26 231
252 0 12.070454152996028 15.838509316770185 18 144
253 0 11.915040580210672 15.217391304347828 21 169
254 0 11.966845104472457 14.440993788819876 22 184
255 0 12.433085822828527 15.062111801242237 14 109
256 0 12.571231220859955 16.149068322981368 15 125
257 0 76.18718701433258 76.08695652173914 1 17
258 0 11.552408910378173 13.975155279503104 34 313
259 0 52.7542738732516 52.63975155279503 2 31
260 0 33.966499740977376 34.161490683229815 3 35
261 0 11.604213434639957 14.596273291925465 30 257
262 0 24.641685373855985 25.0 4 41
263 0 17.71714729753065 19.099378881987576 5 50
264 0 15.852184424106373 16.61490683229814 6 59
265 0 13.400103609048525 16.304347826086957 11 93
266 0 13.641858055603523 15.683229813664596 10 70
267 0 13.054740113969954 15.683229813664596 12 97
268 0 14.073562424451735 15.683229813664596 9 78
269 0 14.712484890347092 15.372670807453417 7 64
270 0 14.298048696252804 15.062111801242237 8 69
271 0 12.605767570367812 15.217391304347828 13 102
272 0 12.467622172336384 15.838509316770185 16 134
273 0 12.346744949058884 15.838509316770185 17 138
274 0 12.087722327749956 15.683229813664596 20 163
275 0 11.725090657917459 14.440993788819876 23 198
276 0 11.569677085132103 13.819875776397517 25 222
277 0 11.656017958901744 13.819875776397517 24 208
278 0 11.500604386116388 13.509316770186336 26 231
279 0 12.070454152996028 15.838509316770185 18 144
280 0 11.915040580210672 15.217391304347828 21 169
281 0 11.966845104472457 14.440993788819876 22 184
282 0 12.433085822828527 15.062111801242237 14 109
283 0 12.571231220859955 16.149068322981368 15 125
284 0 76.18718701433258 76.08695652173914 1 12
285 0 11.552408910378173 13.975155279503104 34 313
286 0 52.7542738732516 52.63975155279503 2 31
287 0 33.966499740977376 34.161490683229815 3 35
288 0 11.604213434639957 14.596273291925465 30 257
289 0 24.641685373855985 25.0 4 41
290 0 17.71714729753065 19.099378881987576 5 50
291 0 15.852184424106373 16.61490683229814 6 59
292 0 13.400103609048525 16.304347826086957 11 93
293 0 13.641858055603523 15.683229813664596 10 70
294 0 13.054740113969954 15.683229813664596 12 97
295 0 14.073562424451735 15.683229813664596 9 78
296 0 14.298048696252804 15.062111801242237 8 69
297 0 12.087722327749956 15.683229813664596 20 163
298 0 11.500604386116388 13.509316770186336 26 231
299 0 76.18718701433258 76.08695652173914 1 12
