0 0 76.17403314917127 76.20528771384136 1 7
1 0 12.292817679558011 14.463452566096425 26 219
2 0 53.29765193370166 53.499222395023324 2 44
3 0 53.29765193370166 53.499222395023324 2 44
4 0 33.73618784530387 34.99222395023328 3 31
5 0 33.73618784530387 34.99222395023328 3 31
6 0 23.98135359116022 24.883359253499222 4 35
7 0 23.98135359116022 24.883359253499222 4 35
8 0 18.335635359116022 18.818040435458787 5 45
9 0 18.335635359116022 18.818040435458787 5 45
10 0 16.263812154696133 17.884914463452567 6 52
11 0 12.361878453038674 14.307931570762053 24 206
12 0 16.263812154696133 17.884914463452567 6 52
13 0 14.882596685082872 16.485225505443236 7 67
14 0 14.882596685082872 16.485225505443236 7 67
15 0 14.468232044198896 16.485225505443236 8 75
16 0 14.468232044198896 16.485225505443236 8 75
17 0 14.019337016574585 16.329704510108865 9 81
18 0 14.019337016574585 16.329704510108865 9 81
19 0 13.639502762430938 15.552099533437014 10 92
20 0 13.639502762430938 15.552099533437014 10 92
21 0 13.48411602209945 16.174183514774494 11 103
22 0 13.207872928176794 16.018662519440124 12 109
23 0 13.138812154696133 15.863141524105753 13 116
24 0 13.48411602209945 16.174183514774494 11 103
25 0 13.000690607734807 15.552099533437014 14 120
26 0 13.207872928176794 16.018662519440124 12 109
27 0 12.879834254143645 14.930015552099535 15 133
28 0 12.793508287292818 14.774494556765164 16 136
29 0 12.586325966850827 13.841368584758943 17 144
30 0 13.138812154696133 15.863141524105753 13 116
31 0 13.000690607734807 15.552099533437014 14 120
32 0 12.879834254143645 14.930015552099535 15 133
33 0 12.37914364640884 14.152410575427682 23 196
34 0 12.793508287292818 14.774494556765164 16 136
35 0 12.448204419889503 14.307931570762053 21 179
36 0 12.413674033149173 14.307931570762053 22 188
37 0 12.53453038674033 13.996889580093313 19 162
38 0 12.5 13.996889580093313 20 174
39 0 12.586325966850827 13.841368584758943 17 144
40 0 12.5 13.996889580093313 20 174
41 0 12.448204419889503 14.307931570762053 21 179
42 0 12.569060773480665 13.841368584758943 18 151
43 0 12.569060773480665 13.841368584758943 18 151
44 0 12.53453038674033 13.996889580093313 19 162
45 0 12.413674033149173 14.307931570762053 22 188
46 0 12.37914364640884 14.152410575427682 23 196
47 0 12.361878453038674 14.307931570762053 24 206
48 0 76.17403314917127 76.20528771384136 1 8
49 0 12.292817679558011 14.463452566096425 26 219
50 0 53.29765193370166 53.499222395023324 2 44
51 0 33.73618784530387 34.99222395023328 3 31
52 0 23.98135359116022 24.883359253499222 4 35
53 0 18.335635359116022 18.818040435458787 5 45
54 0 16.263812154696133 17.884914463452567 6 52
55 0 14.882596685082872 16.485225505443236 7 67
56 0 14.468232044198896 16.485225505443236 8 75
57 0 14.019337016574585 16.329704510108865 9 81
58 0 13.639502762430938 15.552099533437014 10 92
59 0 13.48411602209945 16.174183514774494 11 103
60 0 13.207872928176794 16.018662519440124 12 109
61 0 13.138812154696133 15.863141524105753 13 116
62 0 13.000690607734807 15.552099533437014 14 120
63 0 12.879834254143645 14.930015552099535 15 133
64 0 12.793508287292818 14.774494556765164 16 136
65 0 12.586325966850827 13.841368584758943 17 144
66 0 12.5 13.996889580093313 20 174
67 0 12.448204419889503 14.307931570762053 21 179
68 0 12.569060773480665 13.841368584758943 18 151
69 0 12.53453038674033 13.996889580093313 19 162
70 0 12.413674033149173 14.307931570762053 22 188
71 0 12.37914364640884 14.152410575427682 23 196
72 0 12.361878453038674 14.307931570762053 24 206
73 0 76.19129834254143 76.20528771384136 1 24
74 0 12.292817679558011 14.463452566096425 26 219
75 0 53.29765193370166 53.499222395023324 2 44
76 0 33.73618784530387 34.99222395023328 3 31
77 0 23.98135359116022 24.883359253499222 4 35
78 0 18.335635359116022 18.818040435458787 5 45
79 0 16.263812154696133 17.884914463452567 6 52
80 0 14.882596685082872 16.485225505443236 7 67
81 0 14.468232044198896 16.485225505443236 8 75
82 0 14.019337016574585 16.329704510108865 9 81
83 0 13.639502762430938 15.552099533437014 10 92
84 0 13.48411602209945 16.174183514774494 11 103
85 0 13.207872928176794 16.018662519440124 12 109
86 0 13.138812154696133 15.863141524105753 13 116
87 0 13.000690607734807 15.552099533437014 14 120
88 0 12.879834254143645 14.930015552099535 15 133
89 0 12.793508287292818 14.774494556765164 16 136
90 0 12.586325966850827 13.841368584758943 17 144
91 0 12.5 13.996889580093313 20 174
92 0 12.448204419889503 14.307931570762053 21 179
93 0 12.569060773480665 13.841368584758943 18 151
94 0 12.53453038674033 13.996889580093313 19 162
95 0 12.413674033149173 14.307931570762053 22 188
96 0 12.37914364640884 14.152410575427682 23 196
97 0 12.361878453038674 14.307931570762053 24 206
98 0 76.19129834254143 76.20528771384136 1 25
99 0 12.292817679558011 14.463452566096425 26 219
100 0 53.29765193370166 53.499222395023324 2 44
101 0 33.73618784530387 34.99222395023328 3 31
102 0 23.98135359116022 24.883359253499222 4 35
103 0 18.335635359116022 18.818040435458787 5 45
104 0 16.263812154696133 17.884914463452567 6 52
105 0 14.882596685082872 16.485225505443236 7 67
106 0 14.468232044198896 16.485225505443236 8 75
107 0 14.019337016574585 16.329704510108865 9 81
108 0 13.639502762430938 15.552099533437014 10 92
109 0 13.48411602209945 16.174183514774494 11 103
110 0 13.207872928176794 16.018662519440124 12 109
111 0 13.138812154696133 15.863141524105753 13 116
112 0 13.000690607734807 15.552099533437014 14 120
113 0 12.879834254143645 14.930015552099535 15 133
114 0 12.793508287292818 14.774494556765164 16 136
115 0 12.586325966850827 13.841368584758943 17 144
116 0 12.5 13.996889580093313 20 174
117 0 12.448204419889503 14.307931570762053 21 179
118 0 12.569060773480665 13.841368584758943 18 151
119 0 12.53453038674033 13.996889580093313 19 162
120 0 12.413674033149173 14.307931570762053 22 188
121 0 12.37914364640884 14.152410575427682 23 196
122 0 12.361878453038674 14.307931570762053 24 206
123 0 76.19129834254143 76.20528771384136 1 24
124 0 12.292817679558011 14.463452566096425 26 219
125 0 53.29765193370166 53.499222395023324 2 44
126 0 33.73618784530387 34.99222395023328 3 31
127 0 23.98135359116022 24.883359253499222 4 35
128 0 18.335635359116022 18.818040435458787 5 45
129 0 16.263812154696133 17.884914463452567 6 52
130 0 14.882596685082872 16.485225505443236 7 67
131 0 14.468232044198896 16.485225505443236 8 75
132 0 14.019337016574585 16.329704510108865 9 81
133 0 13.639502762430938 15.552099533437014 10 92
134 0 13.48411602209945 16.174183514774494 11 103
135 0 13.207872928176794 16.018662519440124 12 109
136 0 13.138812154696133 15.863141524105753 13 116
137 0 13.000690607734807 15.552099533437014 14 120
138 0 12.879834254143645 14.930015552099535 15 133
139 0 12.793508287292818 14.774494556765164 16 136
140 0 12.586325966850827 13.841368584758943 17 144
141 0 12.5 13.996889580093313 20 174
142 0 12.448204419889503 14.307931570762053 21 179
143 0 12.569060773480665 13.841368584758943 18 151
144 0 12.53453038674033 13.996889580093313 19 162
145 0 12.413674033149173 14.307931570762053 22 188
146 0 12.37914364640884 14.152410575427682 23 196
147 0 12.361878453038674 14.307931570762053 24 206
148 0 76.19129834254143 76.20528771384136 1 23
149 0 12.292817679558011 14.463452566096425 26 219
150 0 76.17403314917127 76.20528771384136 1 6
151 0 14.450966850828728 16.796267496111973 43 263
152 0 52.84875690607734 52.87713841368584 2 36
153 0 52.84875690607734 52.87713841368584 2 36
154 0 33.78798342541437 34.83670295489891 3 26
155 0 33.78798342541437 34.83670295489891 3 26
156 0 23.98135359116022 25.038880248833596 4 32
157 0 14.416436464088397 16.951788491446347 38 224
158 0 23.98135359116022 25.038880248833596 4 32
159 0 17.886740331491712 19.284603421461895 5 39
160 0 14.77900552486188 16.951788491446347 23 132
161 0 14.623618784530388 17.418351477449455 33 188
162 0 14.761740331491712 16.796267496111973 25 154
163 0 14.727209944751381 16.796267496111973 26 146
164 0 14.986187845303867 17.262830482115085 28 154
165 0 14.796270718232044 16.951788491446347 31 169
166 0 17.886740331491712 19.284603421461895 5 39
167 0 17.09254143646409 18.662519440124417 6 47
168 0 17.09254143646409 18.662519440124417 6 47
169 0 16.540055248618785 18.195956454121305 7 49
170 0 16.557320441988953 17.107309486780714 9 58
171 0 15.935773480662984 16.485225505443236 10 62
172 0 16.540055248618785 18.195956454121305 7 49
173 0 16.091160220994475 17.573872472783826 8 53
174 0 16.091160220994475 17.573872472783826 8 53
175 0 16.557320441988953 17.107309486780714 9 58
176 0 15.918508287292818 16.951788491446347 12 66
177 0 15.65953038674033 17.262830482115085 13 68
178 0 15.935773480662984 16.485225505443236 10 62
179 0 15.98756906077348 17.262830482115085 11 62
180 0 15.65953038674033 17.262830482115085 13 68
181 0 15.486878453038674 17.418351477449455 14 75
182 0 15.98756906077348 17.262830482115085 11 62
183 0 15.486878453038674 17.418351477449455 14 75
184 0 15.26243093922652 17.262830482115085 15 81
185 0 15.918508287292818 16.951788491446347 12 66
186 0 15.26243093922652 17.262830482115085 15 81
187 0 14.899861878453038 17.107309486780714 22 124
188 0 15.193370165745856 16.485225505443236 16 83
189 0 15.193370165745856 16.485225505443236 16 83
190 0 15.072513812154694 16.485225505443236 17 86
191 0 15.072513812154694 16.485225505443236 17 86
192 0 15.072513812154694 17.107309486780714 19 105
193 0 14.468232044198896 16.951788491446347 36 212
194 0 15.279696132596685 17.107309486780714 18 96
195 0 14.986187845303867 16.796267496111973 20 113
196 0 14.485497237569062 17.107309486780714 37 218
197 0 14.520027624309392 17.107309486780714 34 197
198 0 14.727209944751381 16.796267496111973 26 146
199 0 14.986187845303867 17.262830482115085 28 154
200 0 15.279696132596685 17.107309486780714 18 96
201 0 14.986187845303867 16.796267496111973 20 113
202 0 14.485497237569062 17.107309486780714 37 218
203 0 15.072513812154694 17.107309486780714 19 105
204 0 14.882596685082872 16.796267496111973 29 163
205 0 14.968922651933703 17.107309486780714 21 119
206 0 14.882596685082872 16.796267496111973 29 163
207 0 14.865331491712707 17.107309486780714 30 167
208 0 14.416436464088397 16.951788491446347 38 224
209 0 14.77900552486188 16.951788491446347 23 132
210 0 14.761740331491712 16.796267496111973 25 154
211 0 14.796270718232044 16.951788491446347 31 169
212 0 14.520027624309392 17.107309486780714 34 197
213 0 14.968922651933703 17.107309486780714 21 119
214 0 14.865331491712707 17.107309486780714 30 167
215 0 14.485497237569062 17.107309486780714 35 204
216 0 14.468232044198896 16.951788491446347 36 212
217 0 14.485497237569062 17.107309486780714 35 204
218 0 14.899861878453038 17.107309486780714 22 124
219 0 14.623618784530388 17.418351477449455 33 188
220 0 76.17403314917127 76.20528771384136 1 7
221 0 14.450966850828728 16.796267496111973 43 263
222 0 52.84875690607734 52.87713841368584 2 36
223 0 33.78798342541437 34.83670295489891 3 26
224 0 23.98135359116022 25.038880248833596 4 32
225 0 17.886740331491712 19.284603421461895 5 39
226 0 17.09254143646409 18.662519440124417 6 47
227 0 16.540055248618785 18.195956454121305 7 49
228 0 16.091160220994475 17.573872472783826 8 53
229 0 16.557320441988953 17.107309486780714 9 58
230 0 15.935773480662984 16.485225505443236 10 62
231 0 15.65953038674033 17.262830482115085 13 68
232 0 15.98756906077348 17.262830482115085 11 62
233 0 15.486878453038674 17.418351477449455 14 75
234 0 15.918508287292818 16.951788491446347 12 66
235 0 15.26243093922652 17.262830482115085 15 81
236 0 15.193370165745856 16.485225505443236 16 83
237 0 15.072513812154694 16.485225505443236 17 86
238 0 14.727209944751381 16.796267496111973 26 146
239 0 14.986187845303867 17.262830482115085 28 154
240 0 15.279696132596685 17.107309486780714 18 96
241 0 14.485497237569062 17.107309486780714 37 218
242 0 14.986187845303867 16.796267496111973 20 113
243 0 15.072513812154694 17.107309486780714 19 105
244 0 14.882596685082872 16.796267496111973 29 163
245 0 14.416436464088397 16.951788491446347 38 224
246 0 14.77900552486188 16.951788491446347 23 132
247 0 14.761740331491712 16.796267496111973 25 154
248 0 14.796270718232044 16.951788491446347 31 169
249 0 14.520027624309392 17.107309486780714 34 197
250 0 14.968922651933703 17.107309486780714 21 119
251 0 14.865331491712707 17.107309486780714 30 167
252 0 14.485497237569062 17.107309486780714 35 204
253 0 14.899861878453038 17.107309486780714 22 124
254 0 14.623618784530388 17.418351477449455 33 188
255 0 14.468232044198896 16.951788491446347 36 212
256 0 76.17403314917127 76.20528771384136 1 6
257 0 14.450966850828728 16.796267496111973 43 263
258 0 52.84875690607734 52.87713841368584 2 36
259 0 33.78798342541437 34.83670295489891 3 26
260 0 23.98135359116022 25.038880248833596 4 32
261 0 17.886740331491712 19.284603421461895 5 39
262 0 17.09254143646409 18.662519440124417 6 47
263 0 16.540055248618785 18.195956454121305 7 49
264 0 16.091160220994475 17.573872472783826 8 53
265 0 16.557320441988953 17.107309486780714 9 58
266 0 15.935773480662984 16.485225505443236 10 62
267 0 15.65953038674033 17.262830482115085 13 68
268 0 15.98756906077348 17.262830482115085 11 62
269 0 15.486878453038674 17.418351477449455 14 75
270 0 15.918508287292818 16.951788491446347 12 66
271 0 15.26243093922652 17.262830482115085 15 81
272 0 15.193370165745856 16.485225505443236 16 83
273 0 15.072513812154694 16.485225505443236 17 86
274 0 14.727209944751381 16.796267496111973 26 146
275 0 14.986187845303867 17.262830482115085 28 154
276 0 14.986187845303867 16.796267496111973 20 113
277 0 15.279696132596685 17.107309486780714 18 96
278 0 14.485497237569062 17.107309486780714 37 218
279 0 15.072513812154694 17.107309486780714 19 105
280 0 14.882596685082872 16.796267496111973 29 163
281 0 14.416436464088397 16.951788491446347 38 224
282 0 14.77900552486188 16.951788491446347 23 132
283 0 14.761740331491712 16.796267496111973 25 154
284 0 14.796270718232044 16.951788491446347 31 169
285 0 14.520027624309392 17.107309486780714 34 197
286 0 14.968922651933703 17.107309486780714 21 119
287 0 14.865331491712707 17.107309486780714 30 167
288 0 14.485497237569062 17.107309486780714 35 204
289 0 14.899861878453038 17.107309486780714 22 124
290 0 14.468232044198896 16.951788491446347 36 212
291 0 14.623618784530388 17.418351477449455 33 188
292 0 76.17403314917127 76.20528771384136 1 7
293 0 14.450966850828728 16.796267496111973 43 263
294 0 52.84875690607734 52.87713841368584 2 36
295 0 33.78798342541437 34.83670295489891 3 26
296 0 23.98135359116022 25.038880248833596 4 32
297 0 17.886740331491712 19.284603421461895 5 39
298 0 17.09254143646409 18.662519440124417 6 47
299 0 16.540055248618785 18.195956454121305 7 49
