0 0 76.18718701433258 76.08695652173914 1 3
1 0 15.351407356242444 16.459627329192546 15 86
2 0 53.22051459160767 52.95031055900621 2 16
3 0 53.22051459160767 52.95031055900621 2 16
4 0 33.63840442065273 33.38509316770186 3 25
5 0 33.63840442065273 33.38509316770186 3 25
6 0 23.674667587635987 23.136645962732917 4 32
7 0 23.674667587635987 23.136645962732917 4 32
8 0 17.889829045069934 18.478260869565215 5 29
9 0 17.009152132619583 17.70186335403727 6 34
10 0 17.889829045069934 18.478260869565215 5 29
11 0 16.387497841478154 17.236024844720497 7 38
12 0 16.387497841478154 17.236024844720497 7 38
13 0 16.21481609393887 16.925465838509314 8 44
14 0 16.21481609393887 16.925465838509314 8 44
15 0 16.19754791918494 16.61490683229814 9 48
16 0 16.19754791918494 16.61490683229814 9 48
17 0 15.921257123122087 15.993788819875776 10 54
18 0 15.834916249352442 15.993788819875776 11 60
19 0 15.748575375582801 16.61490683229814 12 65
20 0 15.921257123122087 15.993788819875776 10 54
21 0 15.834916249352442 15.993788819875776 11 60
22 0 15.748575375582801 16.61490683229814 12 65
23 0 15.437748230012089 16.61490683229814 14 81
24 0 15.64496632705923 16.459627329192546 13 72
25 0 15.64496632705923 16.459627329192546 13 72
26 0 15.437748230012089 16.61490683229814 14 81
27 0 76.20445518908652 76.08695652173914 1 9
28 0 15.351407356242444 16.459627329192546 15 86
29 0 53.22051459160767 52.95031055900621 2 16
30 0 33.63840442065273 33.38509316770186 3 25
31 0 23.674667587635987 23.136645962732917 4 32
32 0 17.889829045069934 18.478260869565215 5 29
33 0 16.387497841478154 17.236024844720497 7 38
34 0 16.21481609393887 16.925465838509314 8 44
35 0 16.19754791918494 16.61490683229814 9 48
36 0 15.921257123122087 15.993788819875776 10 54
37 0 15.834916249352442 15.993788819875776 11 60
38 0 15.748575375582801 16.61490683229814 12 65
39 0 15.64496632705923 16.459627329192546 13 72
40 0 15.437748230012089 16.61490683229814 14 81
41 0 76.18718701433258 76.08695652173914 1 10
42 0 15.351407356242444 16.459627329192546 15 86
43 0 53.22051459160767 52.95031055900621 2 16
44 0 33.63840442065273 33.38509316770186 3 25
45 0 23.674667587635987 23.136645962732917 4 32
46 0 17.889829045069934 18.478260869565215 5 29
47 0 16.387497841478154 17.236024844720497 7 38
48 0 16.21481609393887 16.925465838509314 8 44
49 0 16.19754791918494 16.61490683229814 9 48
50 0 15.921257123122087 15.993788819875776 10 54
51 0 15.834916249352442 15.993788819875776 11 60
52 0 15.748575375582801 16.61490683229814 12 65
53 0 15.64496632705923 16.459627329192546 13 72
54 0 15.437748230012089 16.61490683229814 14 81
55 0 76.20445518908652 76.08695652173914 1 10
56 0 15.351407356242444 16.459627329192546 15 86
57 0 53.22051459160767 52.95031055900621 2 16
58 0 33.63840442065273 33.38509316770186 3 25
59 0 23.674667587635987 23.136645962732917 4 32
60 0 17.889829045069934 18.478260869565215 5 29
61 0 16.387497841478154 17.236024844720497 7 38
62 0 16.21481609393887 16.925465838509314 8 44
63 0 16.19754791918494 16.61490683229814 9 48
64 0 15.921257123122087 15.993788819875776 10 54
65 0 15.834916249352442 15.993788819875776 11 60
66 0 15.748575375582801 16.61490683229814 12 65
67 0 15.64496632705923 16.459627329192546 13 72
68 0 15.437748230012089 16.61490683229814 14 81
69 0 76.20445518908652 76.08695652173914 1 9
70 0 15.351407356242444 16.459627329192546 15 86
71 0 53.22051459160767 52.95031055900621 2 16
72 0 33.63840442065273 33.38509316770186 3 25
73 0 23.674667587635987 23.136645962732917 4 32
74 0 17.889829045069934 18.478260869565215 5 29
75 0 16.387497841478154 17.236024844720497 7 38
76 0 16.21481609393887 16.925465838509314 8 44
77 0 16.19754791918494 16.61490683229814 9 48
78 0 15.921257123122087 15.993788819875776 10 54
79 0 15.834916249352442 15.993788819875776 11 60
80 0 15.748575375582801 16.61490683229814 12 65
81 0 15.64496632705923 16.459627329192546 13 72
82 0 15.437748230012089 16.61490683229814 14 81
83 0 76.20445518908652 76.08695652173914 1 9
84 0 15.351407356242444 16.459627329192546 15 86
85 0 53.22051459160767 52.95031055900621 2 16
86 0 33.63840442065273 33.38509316770186 3 25
87 0 23.674667587635987 23.136645962732917 4 32
88 0 17.889829045069934 18.478260869565215 5 29
89 0 16.387497841478154 17.236024844720497 7 38
90 0 16.21481609393887 16.925465838509314 8 44
91 0 16.19754791918494 16.61490683229814 9 48
92 0 15.921257123122087 15.993788819875776 10 54
93 0 15.834916249352442 15.993788819875776 11 60
94 0 15.748575375582801 16.61490683229814 12 65
95 0 15.64496632705923 16.459627329192546 13 72
96 0 15.437748230012089 16.61490683229814 14 81
97 0 76.18718701433258 76.08695652173914 1 8
98 0 15.351407356242444 16.459627329192546 15 86
99 0 53.22051459160767 52.95031055900621 2 16
100 0 33.63840442065273 33.38509316770186 3 25
101 0 23.674667587635987 23.136645962732917 4 32
102 0 17.889829045069934 18.478260869565215 5 29
103 0 16.387497841478154 17.236024844720497 7 38
104 0 16.21481609393887 16.925465838509314 8 44
105 0 16.19754791918494 16.61490683229814 9 48
106 0 15.921257123122087 15.993788819875776 10 54
107 0 15.834916249352442 15.993788819875776 11 60
108 0 15.748575375582801 16.61490683229814 12 65
109 0 15.64496632705923 16.459627329192546 13 72
110 0 15.437748230012089 16.61490683229814 14 81
111 0 76.20445518908652 76.08695652173914 1 9
112 0 15.351407356242444 16.459627329192546 15 86
113 0 53.22051459160767 52.95031055900621 2 16
114 0 33.63840442065273 33.38509316770186 3 25
115 0 23.674667587635987 23.136645962732917 4 32
116 0 17.889829045069934 18.478260869565215 5 29
117 0 16.387497841478154 17.236024844720497 7 38
118 0 16.21481609393887 16.925465838509314 8 44
119 0 16.19754791918494 16.61490683229814 9 48
120 0 15.921257123122087 15.993788819875776 10 54
121 0 15.834916249352442 15.993788819875776 11 60
122 0 15.748575375582801 16.61490683229814 12 65
123 0 15.64496632705923 16.459627329192546 13 72
124 0 15.437748230012089 16.61490683229814 14 81
125 0 76.18718701433258 76.08695652173914 1 7
126 0 15.351407356242444 16.459627329192546 15 86
127 0 53.22051459160767 52.95031055900621 2 16
128 0 33.63840442065273 33.38509316770186 3 25
129 0 23.674667587635987 23.136645962732917 4 32
130 0 17.889829045069934 18.478260869565215 5 29
131 0 16.387497841478154 17.236024844720497 7 38
132 0 16.21481609393887 16.925465838509314 8 44
133 0 16.19754791918494 16.61490683229814 9 48
134 0 15.921257123122087 15.993788819875776 10 54
135 0 15.834916249352442 15.993788819875776 11 60
136 0 15.748575375582801 16.61490683229814 12 65
137 0 15.64496632705923 16.459627329192546 13 72
138 0 15.437748230012089 16.61490683229814 14 81
139 0 76.20445518908652 76.08695652173914 1 9
140 0 15.351407356242444 16.459627329192546 15 86
141 0 53.22051459160767 52.95031055900621 2 16
142 0 23.674667587635987 23.136645962732917 4 32
143 0 17.889829045069934 18.478260869565215 5 29
144 0 16.19754791918494 16.61490683229814 9 48
145 0 15.834916249352442 15.993788819875776 11 60
146 0 15.748575375582801 16.61490683229814 12 65
147 0 15.64496632705923 16.459627329192546 13 72
148 0 15.437748230012089 16.61490683229814 14 81
149 0 76.20445518908652 76.08695652173914 1 9
150 0 76.18718701433258 76.08695652173914 1 8
151 0 11.258849939561388 12.267080745341614 40 306
152 0 53.01329649456052 52.79503105590062 2 14
153 0 53.01329649456052 52.79503105590062 2 14
154 0 34.001036090485236 34.316770186335404 3 26
155 0 34.001036090485236 34.316770186335404 3 26
156 0 24.641685373855985 25.0 4 31
157 0 24.641685373855985 25.0 4 31
158 0 18.839578656536005 19.875776397515526 5 41
159 0 18.839578656536005 19.875776397515526 5 41
160 0 16.611984113279227 17.391304347826086 6 47
161 0 11.293386289069247 12.422360248447205 37 286
162 0 11.586945259886031 12.422360248447205 29 221
163 0 11.276118114315317 12.422360248447205 39 297
164 0 11.517872560870316 12.888198757763975 27 198
165 0 16.611984113279227 17.391304347826086 6 47
166 0 15.8694525988603 17.391304347826086 7 51
167 0 15.8694525988603 17.391304347826086 7 51
168 0 15.265066482472802 15.527950310559005 8 58
169 0 15.265066482472802 15.527950310559005 8 58
170 0 14.505266793299947 15.372670807453417 9 67
171 0 14.505266793299947 15.372670807453417 9 67
172 0 13.624589880849594 14.440993788819876 10 72
173 0 13.624589880849594 14.440993788819876 10 72
174 0 13.192885512001382 13.819875776397517 11 80
175 0 13.192885512001382 13.819875776397517 11 80
176 0 13.002935589708168 13.664596273291925 12 87
177 0 13.002935589708168 13.664596273291925 12 87
178 0 12.882058366430668 13.664596273291925 13 96
179 0 12.74391296839924 13.198757763975156 15 106
180 0 12.623035745121742 13.354037267080745 16 107
181 0 12.882058366430668 13.664596273291925 13 96
182 0 12.795717492661026 13.509316770186336 14 99
183 0 12.623035745121742 13.354037267080745 16 107
184 0 12.795717492661026 13.509316770186336 14 99
185 0 12.243135900535314 13.354037267080745 20 138
186 0 12.74391296839924 13.198757763975156 15 106
187 0 11.6905543084096 12.732919254658384 21 148
188 0 12.502158521844242 13.043478260869565 17 115
189 0 11.6905543084096 12.732919254658384 21 148
190 0 12.502158521844242 13.043478260869565 17 115
191 0 12.519426696598169 13.043478260869565 18 122
192 0 12.225867725781384 13.354037267080745 19 131
193 0 12.225867725781384 13.354037267080745 19 131
194 0 12.519426696598169 13.043478260869565 18 122
195 0 11.552408910378173 12.577639751552795 22 160
196 0 12.243135900535314 13.354037267080745 20 138
197 0 11.517872560870316 12.888198757763975 27 198
198 0 11.552408910378173 12.577639751552795 22 160
199 0 11.535140735624244 12.422360248447205 31 237
200 0 11.345190813331032 12.888198757763975 36 277
201 0 11.586945259886031 12.422360248447205 29 221
202 0 11.517872560870316 12.422360248447205 32 250
203 0 11.552408910378173 12.732919254658384 23 161
204 0 11.500604386116388 12.732919254658384 30 229
205 0 11.517872560870316 12.422360248447205 32 250
206 0 11.552408910378173 12.732919254658384 23 161
207 0 11.552408910378173 12.732919254658384 24 172
208 0 11.46606803660853 12.422360248447205 33 254
209 0 11.552408910378173 12.732919254658384 24 172
210 0 11.46606803660853 12.422360248447205 33 254
211 0 11.604213434639957 12.888198757763975 25 180
212 0 11.46606803660853 12.422360248447205 34 264
213 0 11.46606803660853 12.422360248447205 34 264
214 0 11.604213434639957 12.888198757763975 25 180
215 0 11.586945259886031 12.888198757763975 26 190
216 0 11.414263512346745 12.888198757763975 35 268
217 0 11.293386289069247 12.422360248447205 37 286
218 0 11.500604386116388 12.732919254658384 30 229
219 0 11.586945259886031 12.888198757763975 26 190
220 0 11.414263512346745 12.888198757763975 35 268
221 0 11.345190813331032 12.888198757763975 36 277
222 0 11.276118114315317 12.422360248447205 39 297
223 0 11.535140735624244 12.422360248447205 31 237
224 0 76.18718701433258 76.08695652173914 1 8
225 0 11.258849939561388 12.267080745341614 40 306
226 0 53.01329649456052 52.79503105590062 2 14
227 0 34.001036090485236 34.316770186335404 3 26
228 0 24.641685373855985 25.0 4 31
229 0 18.839578656536005 19.875776397515526 5 41
230 0 16.611984113279227 17.391304347826086 6 47
231 0 15.8694525988603 17.391304347826086 7 51
232 0 15.265066482472802 15.527950310559005 8 58
233 0 14.505266793299947 15.372670807453417 9 67
234 0 13.624589880849594 14.440993788819876 10 72
235 0 13.192885512001382 13.819875776397517 11 80
236 0 13.002935589708168 13.664596273291925 12 87
237 0 12.882058366430668 13.664596273291925 13 96
238 0 12.623035745121742 13.354037267080745 16 107
239 0 12.795717492661026 13.509316770186336 14 99
240 0 12.74391296839924 13.198757763975156 15 106
241 0 11.6905543084096 12.732919254658384 21 148
242 0 12.502158521844242 13.043478260869565 17 115
243 0 12.225867725781384 13.354037267080745 19 131
244 0 12.243135900535314 13.354037267080745 20 138
245 0 12.519426696598169 13.043478260869565 18 122
246 0 11.517872560870316 12.888198757763975 27 198
247 0 11.552408910378173 12.577639751552795 22 160
248 0 11.586945259886031 12.422360248447205 29 221
249 0 11.517872560870316 12.422360248447205 32 250
250 0 11.552408910378173 12.732919254658384 23 161
251 0 11.552408910378173 12.732919254658384 24 172
252 0 11.46606803660853 12.422360248447205 33 254
253 0 11.46606803660853 12.422360248447205 34 264
254 0 11.604213434639957 12.888198757763975 25 180
255 0 11.293386289069247 12.422360248447205 37 286
256 0 11.500604386116388 12.732919254658384 30 229
257 0 11.414263512346745 12.888198757763975 35 268
258 0 11.586945259886031 12.888198757763975 26 190
259 0 11.535140735624244 12.422360248447205 31 237
260 0 11.345190813331032 12.888198757763975 36 277
261 0 11.276118114315317 12.422360248447205 39 297
262 0 76.18718701433258 76.08695652173914 1 8
263 0 11.258849939561388 12.267080745341614 40 306
264 0 53.01329649456052 52.79503105590062 2 14
265 0 34.001036090485236 34.316770186335404 3 26
266 0 24.641685373855985 25.0 4 31
267 0 18.839578656536005 19.875776397515526 5 41
268 0 16.611984113279227 17.391304347826086 6 47
269 0 15.8694525988603 17.391304347826086 7 51
270 0 15.265066482472802 15.527950310559005 8 58
271 0 14.505266793299947 15.372670807453417 9 67
272 0 13.624589880849594 14.440993788819876 10 72
273 0 13.192885512001382 13.819875776397517 11 80
274 0 13.002935589708168 13.664596273291925 12 87
275 0 12.882058366430668 13.664596273291925 13 96
276 0 12.623035745121742 13.354037267080745 16 107
277 0 12.795717492661026 13.509316770186336 14 99
278 0 12.74391296839924 13.198757763975156 15 106
279 0 11.6905543084096 12.732919254658384 21 148
280 0 12.502158521844242 13.043478260869565 17 115
281 0 12.519426696598169 13.043478260869565 18 122
282 0 12.243135900535314 13.354037267080745 20 138
283 0 12.225867725781384 13.354037267080745 19 131
284 0 11.517872560870316 12.888198757763975 27 198
285 0 11.552408910378173 12.577639751552795 22 160
286 0 11.586945259886031 12.422360248447205 29 221
287 0 11.517872560870316 12.422360248447205 32 250
288 0 11.552408910378173 12.732919254658384 23 161
289 0 11.46606803660853 12.422360248447205 33 254
290 0 11.552408910378173 12.732919254658384 24 172
291 0 11.604213434639957 12.888198757763975 25 180
292 0 11.46606803660853 12.422360248447205 34 264
293 0 11.293386289069247 12.422360248447205 37 286
294 0 11.500604386116388 12.732919254658384 30 229
295 0 11.414263512346745 12.888198757763975 35 268
296 0 11.586945259886031 12.888198757763975 26 190
297 0 11.276118114315317 12.422360248447205 39 297
298 0 11.535140735624244 12.422360248447205 31 237
299 0 11.345190813331032 12.888198757763975 36 277
