0 0 76.17403314917127 76.20528771384136 1 6
1 0 11.999309392265193 14.463452566096425 41 321
2 0 52.93508287292818 53.03265940902022 2 49
3 0 52.93508287292818 53.03265940902022 2 49
4 0 33.943370165745854 33.43701399688958 3 27
5 0 33.943370165745854 33.43701399688958 3 27
6 0 24.01588397790055 23.950233281493002 4 35
7 0 24.01588397790055 23.950233281493002 4 35
8 0 17.852209944751383 16.951788491446347 5 32
9 0 12.068370165745856 14.463452566096425 37 266
10 0 12.051104972375692 14.618973561430792 34 243
11 0 12.068370165745856 14.463452566096425 37 266
12 0 12.051104972375692 14.618973561430792 27 194
13 0 12.102900552486188 14.618973561430792 33 237
14 0 12.085635359116022 14.463452566096425 29 214
15 0 17.852209944751383 16.951788491446347 5 32
16 0 16.263812154696133 16.174183514774494 6 48
17 0 16.263812154696133 16.174183514774494 6 48
18 0 14.865331491712707 15.241057542768274 7 55
19 0 12.137430939226519 14.463452566096425 31 228
20 0 14.60635359116022 16.174183514774494 8 65
21 0 13.622237569060774 14.774494556765164 9 67
22 0 14.865331491712707 15.241057542768274 7 55
23 0 14.60635359116022 16.174183514774494 8 65
24 0 13.622237569060774 14.774494556765164 9 67
25 0 13.276933701657459 14.930015552099535 10 75
26 0 13.276933701657459 14.930015552099535 10 75
27 0 13.06975138121547 14.463452566096425 11 83
28 0 12.931629834254144 14.307931570762053 12 90
29 0 12.655386740331492 14.307931570762053 13 96
30 0 13.06975138121547 14.463452566096425 11 83
31 0 12.931629834254144 14.307931570762053 12 90
32 0 12.655386740331492 14.307931570762053 13 96
33 0 12.327348066298342 14.463452566096425 17 121
34 0 12.5 14.307931570762053 14 104
35 0 12.517265193370166 14.463452566096425 18 124
36 0 12.517265193370166 14.463452566096425 18 124
37 0 12.37914364640884 14.618973561430792 19 132
38 0 12.171961325966851 14.307931570762053 16 121
39 0 12.292817679558011 14.930015552099535 21 155
40 0 12.085635359116022 14.774494556765164 22 154
41 0 12.327348066298342 14.463452566096425 17 121
42 0 12.5 14.307931570762053 14 104
43 0 12.275552486187845 14.463452566096425 15 114
44 0 12.051104972375692 14.618973561430792 27 194
45 0 12.085635359116022 14.774494556765164 22 154
46 0 12.275552486187845 14.463452566096425 15 114
47 0 12.120165745856355 14.618973561430792 26 186
48 0 12.085635359116022 14.463452566096425 29 214
49 0 12.171961325966851 14.307931570762053 16 121
50 0 12.171961325966851 14.618973561430792 23 160
51 0 12.430939226519337 14.774494556765164 20 140
52 0 12.327348066298342 14.618973561430792 25 181
53 0 12.292817679558011 14.930015552099535 21 155
54 0 12.120165745856355 14.618973561430792 26 186
55 0 12.171961325966851 14.618973561430792 23 160
56 0 12.189226519337018 14.618973561430792 24 177
57 0 12.189226519337018 14.618973561430792 24 177
58 0 12.327348066298342 14.618973561430792 25 181
59 0 12.171961325966851 14.463452566096425 30 217
60 0 12.137430939226519 14.463452566096425 31 228
61 0 12.37914364640884 14.618973561430792 19 132
62 0 12.430939226519337 14.774494556765164 20 140
63 0 12.102900552486188 14.618973561430792 33 237
64 0 12.051104972375692 14.618973561430792 34 243
65 0 12.154696132596685 14.618973561430792 30 217
66 0 76.17403314917127 76.20528771384136 1 11
67 0 11.999309392265193 14.463452566096425 41 321
68 0 52.93508287292818 53.03265940902022 2 49
69 0 33.943370165745854 33.43701399688958 3 27
70 0 24.01588397790055 23.950233281493002 4 35
71 0 12.068370165745856 14.463452566096425 37 266
72 0 17.852209944751383 16.951788491446347 5 32
73 0 16.263812154696133 16.174183514774494 6 48
74 0 14.865331491712707 15.241057542768274 7 55
75 0 14.60635359116022 16.174183514774494 8 65
76 0 13.622237569060774 14.774494556765164 9 67
77 0 13.276933701657459 14.930015552099535 10 75
78 0 13.06975138121547 14.463452566096425 11 83
79 0 12.931629834254144 14.307931570762053 12 90
80 0 12.655386740331492 14.307931570762053 13 96
81 0 12.517265193370166 14.463452566096425 18 124
82 0 12.327348066298342 14.463452566096425 17 121
83 0 12.5 14.307931570762053 14 104
84 0 12.051104972375692 14.618973561430792 27 194
85 0 12.085635359116022 14.774494556765164 22 154
86 0 12.275552486187845 14.463452566096425 15 114
87 0 12.085635359116022 14.463452566096425 29 214
88 0 12.171961325966851 14.307931570762053 16 121
89 0 12.292817679558011 14.930015552099535 21 155
90 0 12.120165745856355 14.618973561430792 26 186
91 0 12.171961325966851 14.618973561430792 23 160
92 0 12.327348066298342 14.618973561430792 25 181
93 0 12.189226519337018 14.618973561430792 24 177
94 0 12.137430939226519 14.463452566096425 31 228
95 0 12.37914364640884 14.618973561430792 19 132
96 0 12.102900552486188 14.618973561430792 33 237
97 0 12.430939226519337 14.774494556765164 20 140
98 0 12.051104972375692 14.618973561430792 34 243
99 0 12.171961325966851 14.463452566096425 30 217
100 0 76.17403314917127 76.20528771384136 1 6
101 0 11.999309392265193 14.463452566096425 41 321
102 0 52.93508287292818 53.03265940902022 2 49
103 0 33.943370165745854 33.43701399688958 3 27
104 0 24.01588397790055 23.950233281493002 4 35
105 0 12.068370165745856 14.463452566096425 37 266
106 0 17.852209944751383 16.951788491446347 5 32
107 0 16.263812154696133 16.174183514774494 6 48
108 0 14.865331491712707 15.241057542768274 7 55
109 0 14.60635359116022 16.174183514774494 8 65
110 0 13.622237569060774 14.774494556765164 9 67
111 0 13.276933701657459 14.930015552099535 10 75
112 0 13.06975138121547 14.463452566096425 11 83
113 0 12.931629834254144 14.307931570762053 12 90
114 0 12.655386740331492 14.307931570762053 13 96
115 0 12.517265193370166 14.463452566096425 18 124
116 0 12.327348066298342 14.463452566096425 17 121
117 0 12.5 14.307931570762053 14 104
118 0 12.051104972375692 14.618973561430792 27 194
119 0 12.085635359116022 14.774494556765164 22 154
120 0 12.275552486187845 14.463452566096425 15 114
121 0 12.085635359116022 14.463452566096425 29 214
122 0 12.171961325966851 14.307931570762053 16 121
123 0 12.292817679558011 14.930015552099535 21 155
124 0 12.120165745856355 14.618973561430792 26 186
125 0 12.171961325966851 14.618973561430792 23 160
126 0 12.189226519337018 14.618973561430792 24 177
127 0 12.327348066298342 14.618973561430792 25 181
128 0 12.137430939226519 14.463452566096425 31 228
129 0 12.37914364640884 14.618973561430792 19 132
130 0 12.430939226519337 14.774494556765164 20 140
131 0 12.102900552486188 14.618973561430792 33 237
132 0 12.051104972375692 14.618973561430792 34 243
133 0 12.171961325966851 14.463452566096425 30 218
134 0 76.17403314917127 76.20528771384136 1 6
135 0 11.999309392265193 14.463452566096425 41 321
136 0 52.91781767955801 52.87713841368584 2 48
137 0 33.943370165745854 33.43701399688958 3 27
138 0 24.01588397790055 23.950233281493002 4 35
139 0 12.068370165745856 14.463452566096425 37 266
140 0 17.852209944751383 16.951788491446347 5 32
141 0 16.263812154696133 16.174183514774494 6 48
142 0 14.865331491712707 15.241057542768274 7 55
143 0 14.60635359116022 16.174183514774494 8 65
144 0 13.622237569060774 14.774494556765164 9 67
145 0 13.276933701657459 14.930015552099535 10 75
146 0 13.06975138121547 14.463452566096425 11 83
147 0 12.931629834254144 14.307931570762053 12 90
148 0 12.655386740331492 14.307931570762053 13 96
149 0 12.517265193370166 14.463452566096425 18 124
150 0 76.17403314917127 76.20528771384136 1 7
151 0 11.515883977900552 13.685847589424572 40 309
152 0 52.762430939226526 52.87713841368584 2 39
153 0 52.762430939226526 52.87713841368584 2 39
154 0 34.409530386740336 34.52566096423017 3 22
155 0 34.409530386740336 34.52566096423017 3 22
156 0 24.447513812154696 24.57231726283048 4 28
157 0 24.447513812154696 24.57231726283048 4 28
158 0 18.007596685082873 18.040435458786934 5 35
159 0 16.816298342541437 17.418351477449455 6 45
160 0 15.331491712707182 16.485225505443236 7 55
161 0 18.007596685082873 18.040435458786934 5 35
162 0 16.816298342541437 17.418351477449455 6 45
163 0 15.331491712707182 16.485225505443236 7 55
164 0 14.81353591160221 16.018662519440124 8 62
165 0 14.81353591160221 16.018662519440124 8 62
166 0 14.554558011049723 16.485225505443236 9 68
167 0 14.278314917127071 15.707620528771384 12 87
168 0 14.105662983425415 15.552099533437014 13 93
169 0 14.105662983425415 15.552099533437014 13 93
170 0 13.708563535911603 15.396578538102643 14 98
171 0 14.053867403314918 16.329704510108865 11 77
172 0 14.278314917127071 15.707620528771384 12 87
173 0 14.554558011049723 16.485225505443236 9 68
174 0 14.33011049723757 16.174183514774494 10 72
175 0 13.587707182320441 15.863141524105753 15 103
176 0 13.294198895027623 14.463452566096425 17 124
177 0 13.156077348066297 14.774494556765164 18 135
178 0 13.397790055248619 15.241057542768274 16 109
179 0 13.708563535911603 15.396578538102643 14 98
180 0 13.587707182320441 15.863141524105753 15 103
181 0 14.33011049723757 16.174183514774494 10 72
182 0 14.053867403314918 16.329704510108865 11 77
183 0 13.156077348066297 14.774494556765164 18 135
184 0 13.397790055248619 15.241057542768274 16 109
185 0 13.294198895027623 14.463452566096425 17 124
186 0 12.879834254143645 14.930015552099535 19 145
187 0 11.861187845303869 13.841368584758943 31 241
188 0 12.068370165745856 13.841368584758943 29 226
189 0 11.792127071823204 13.685847589424572 32 252
190 0 11.8439226519337 13.841368584758943 30 238
191 0 12.879834254143645 14.930015552099535 19 145
192 0 12.70718232044199 14.618973561430792 20 151
193 0 12.70718232044199 14.618973561430792 20 151
194 0 12.448204419889503 15.085536547433904 24 193
195 0 12.068370165745856 13.530326594090203 26 197
196 0 11.68853591160221 13.685847589424572 36 282
197 0 11.757596685082873 13.374805598755831 33 257
198 0 12.051104972375692 13.685847589424572 27 202
199 0 11.636740331491712 13.374805598755831 37 282
200 0 12.603591160220995 14.618973561430792 21 155
201 0 12.206491712707182 13.841368584758943 25 182
202 0 11.723066298342541 13.530326594090203 34 263
203 0 12.517265193370166 15.085536547433904 23 179
204 0 12.448204419889503 15.085536547433904 24 193
205 0 11.8439226519337 13.841368584758943 30 238
206 0 12.051104972375692 13.685847589424572 27 202
207 0 11.636740331491712 13.374805598755831 37 282
208 0 12.603591160220995 14.618973561430792 21 155
209 0 11.550414364640885 13.374805598755831 38 297
210 0 11.654005524861878 13.530326594090203 35 270
211 0 12.01657458563536 13.374805598755831 28 211
212 0 12.53453038674033 14.618973561430792 22 162
213 0 11.550414364640885 13.374805598755831 38 297
214 0 11.861187845303869 13.841368584758943 31 241
215 0 11.533149171270718 13.685847589424572 39 304
216 0 11.68853591160221 13.685847589424572 36 282
217 0 12.206491712707182 13.841368584758943 25 182
218 0 12.068370165745856 13.530326594090203 26 197
219 0 12.01657458563536 13.374805598755831 28 211
220 0 12.53453038674033 14.618973561430792 22 162
221 0 11.533149171270718 13.685847589424572 39 304
222 0 12.517265193370166 15.085536547433904 23 179
223 0 12.068370165745856 13.841368584758943 29 226
224 0 11.792127071823204 13.685847589424572 32 252
225 0 11.723066298342541 13.530326594090203 34 263
226 0 11.654005524861878 13.530326594090203 35 270
227 0 11.757596685082873 13.374805598755831 33 257
228 0 76.17403314917127 76.20528771384136 1 7
229 0 11.515883977900552 13.685847589424572 40 309
230 0 52.762430939226526 52.87713841368584 2 39
231 0 34.409530386740336 34.52566096423017 3 22
232 0 24.447513812154696 24.57231726283048 4 28
233 0 18.007596685082873 18.040435458786934 5 35
234 0 16.816298342541437 17.418351477449455 6 45
235 0 15.331491712707182 16.485225505443236 7 55
236 0 14.81353591160221 16.018662519440124 8 62
237 0 14.105662983425415 15.552099533437014 13 93
238 0 14.278314917127071 15.707620528771384 12 87
239 0 14.554558011049723 16.485225505443236 9 68
240 0 13.708563535911603 15.396578538102643 14 98
241 0 13.587707182320441 15.863141524105753 15 103
242 0 14.33011049723757 16.174183514774494 10 72
243 0 14.053867403314918 16.329704510108865 11 77
244 0 13.156077348066297 14.774494556765164 18 135
245 0 13.397790055248619 15.241057542768274 16 109
246 0 13.294198895027623 14.463452566096425 17 124
247 0 12.879834254143645 14.930015552099535 19 145
248 0 12.70718232044199 14.618973561430792 20 151
249 0 12.448204419889503 15.085536547433904 24 193
250 0 11.8439226519337 13.841368584758943 30 238
251 0 11.636740331491712 13.374805598755831 37 282
252 0 12.603591160220995 14.618973561430792 21 155
253 0 12.051104972375692 13.685847589424572 27 202
254 0 11.550414364640885 13.374805598755831 38 297
255 0 11.861187845303869 13.841368584758943 31 241
256 0 11.68853591160221 13.685847589424572 36 282
257 0 12.206491712707182 13.841368584758943 25 182
258 0 12.068370165745856 13.530326594090203 26 197
259 0 12.01657458563536 13.374805598755831 28 211
260 0 11.533149171270718 13.685847589424572 39 304
261 0 12.53453038674033 14.618973561430792 22 162
262 0 12.068370165745856 13.841368584758943 29 226
263 0 12.517265193370166 15.085536547433904 23 179
264 0 11.792127071823204 13.685847589424572 32 252
265 0 11.723066298342541 13.530326594090203 34 263
266 0 11.654005524861878 13.530326594090203 35 270
267 0 11.757596685082873 13.374805598755831 33 257
268 0 76.17403314917127 76.20528771384136 1 7
269 0 11.515883977900552 13.685847589424572 40 309
270 0 52.762430939226526 52.87713841368584 2 39
271 0 34.409530386740336 34.52566096423017 3 22
272 0 24.447513812154696 24.57231726283048 4 28
273 0 18.007596685082873 18.040435458786934 5 35
274 0 16.816298342541437 17.418351477449455 6 45
275 0 15.331491712707182 16.485225505443236 7 55
276 0 14.81353591160221 16.018662519440124 8 62
277 0 14.105662983425415 15.552099533437014 13 93
278 0 14.278314917127071 15.707620528771384 12 87
279 0 14.554558011049723 16.485225505443236 9 68
280 0 13.708563535911603 15.396578538102643 14 98
281 0 13.587707182320441 15.863141524105753 15 103
282 0 14.33011049723757 16.174183514774494 10 72
283 0 14.053867403314918 16.329704510108865 11 77
284 0 13.397790055248619 15.241057542768274 16 109
285 0 13.156077348066297 14.774494556765164 18 135
286 0 13.294198895027623 14.463452566096425 17 124
287 0 12.879834254143645 14.930015552099535 19 145
288 0 12.70718232044199 14.618973561430792 20 151
289 0 12.448204419889503 15.085536547433904 24 193
290 0 11.8439226519337 13.841368584758943 30 238
291 0 12.603591160220995 14.618973561430792 21 155
292 0 12.051104972375692 13.685847589424572 27 202
293 0 11.636740331491712 13.374805598755831 37 282
294 0 11.68853591160221 13.685847589424572 36 282
295 0 11.550414364640885 13.374805598755831 38 297
296 0 11.861187845303869 13.841368584758943 31 241
297 0 12.206491712707182 13.841368584758943 25 182
298 0 12.068370165745856 13.530326594090203 26 197
299 0 11.533149171270718 13.685847589424572 39 304
