0 0 76.17403314917127 76.20528771384136 1 4
1 0 13.846685082872929 15.863141524105753 19 168
2 0 53.228591160220994 54.12130637636081 2 53
3 0 53.228591160220994 54.12130637636081 2 53
4 0 33.8743093922652 33.903576982892695 3 36
5 0 33.8743093922652 33.903576982892695 3 36
6 0 24.15400552486188 24.10575427682737 4 42
7 0 24.15400552486188 24.10575427682737 4 42
8 0 18.1457182320442 19.59564541213064 5 50
9 0 18.1457182320442 19.59564541213064 5 50
10 0 17.28245856353591 19.59564541213064 6 66
11 0 17.28245856353591 19.59564541213064 6 66
12 0 15.883977900552487 17.418351477449455 7 64
13 0 15.883977900552487 17.418351477449455 7 64
14 0 14.796270718232044 16.174183514774494 8 69
15 0 14.796270718232044 16.174183514774494 8 69
16 0 14.554558011049723 16.796267496111973 9 75
17 0 14.554558011049723 16.796267496111973 9 75
18 0 14.3646408839779 16.640746500777606 10 88
19 0 14.3646408839779 16.640746500777606 10 88
20 0 14.191988950276244 16.174183514774494 11 94
21 0 14.191988950276244 16.174183514774494 11 94
22 0 13.915745856353592 15.863141524105753 12 100
23 0 14.209254143646408 16.174183514774494 15 138
24 0 13.88121546961326 15.863141524105753 16 141
25 0 13.863950276243095 15.552099533437014 14 117
26 0 14.209254143646408 16.174183514774494 15 138
27 0 13.915745856353592 15.863141524105753 12 100
28 0 13.915745856353592 15.863141524105753 13 110
29 0 13.967541436464087 16.174183514774494 17 150
30 0 13.915745856353592 15.863141524105753 13 110
31 0 13.915745856353592 15.863141524105753 18 158
32 0 13.863950276243095 15.552099533437014 14 117
33 0 13.88121546961326 15.863141524105753 16 141
34 0 13.915745856353592 15.863141524105753 18 158
35 0 13.967541436464087 16.018662519440124 17 152
36 0 76.17403314917127 76.20528771384136 1 30
37 0 13.846685082872929 15.863141524105753 19 168
38 0 53.228591160220994 54.12130637636081 2 53
39 0 33.8743093922652 33.903576982892695 3 36
40 0 24.15400552486188 24.10575427682737 4 42
41 0 18.1457182320442 19.59564541213064 5 50
42 0 17.28245856353591 19.59564541213064 6 66
43 0 15.883977900552487 17.418351477449455 7 64
44 0 14.796270718232044 16.174183514774494 8 69
45 0 14.554558011049723 16.796267496111973 9 75
46 0 14.3646408839779 16.640746500777606 10 88
47 0 14.191988950276244 16.174183514774494 11 94
48 0 14.209254143646408 16.174183514774494 15 138
49 0 13.915745856353592 15.863141524105753 12 100
50 0 13.915745856353592 15.863141524105753 13 110
51 0 13.863950276243095 15.552099533437014 14 117
52 0 13.88121546961326 15.863141524105753 16 141
53 0 13.915745856353592 15.863141524105753 18 158
54 0 13.967541436464087 16.018662519440124 17 152
55 0 76.17403314917127 76.20528771384136 1 29
56 0 13.846685082872929 15.863141524105753 19 168
57 0 53.228591160220994 54.12130637636081 2 53
58 0 33.8743093922652 33.903576982892695 3 36
59 0 24.15400552486188 24.10575427682737 4 42
60 0 18.1457182320442 19.59564541213064 5 50
61 0 17.28245856353591 19.59564541213064 6 66
62 0 15.883977900552487 17.418351477449455 7 64
63 0 14.796270718232044 16.174183514774494 8 69
64 0 14.554558011049723 16.796267496111973 9 75
65 0 14.3646408839779 16.640746500777606 10 88
66 0 14.191988950276244 16.174183514774494 11 94
67 0 14.209254143646408 16.174183514774494 15 138
68 0 13.915745856353592 15.863141524105753 12 100
69 0 13.863950276243095 15.552099533437014 14 117
70 0 13.915745856353592 15.863141524105753 13 110
71 0 13.915745856353592 15.863141524105753 16 145
72 0 13.915745856353592 15.863141524105753 18 158
73 0 13.967541436464087 16.018662519440124 17 152
74 0 76.17403314917127 76.20528771384136 1 29
75 0 13.846685082872929 15.863141524105753 19 168
76 0 53.228591160220994 54.12130637636081 2 53
77 0 33.8743093922652 33.903576982892695 3 36
78 0 24.15400552486188 24.10575427682737 4 42
79 0 18.1457182320442 19.59564541213064 5 50
80 0 17.28245856353591 19.59564541213064 6 66
81 0 15.883977900552487 17.418351477449455 7 64
82 0 14.796270718232044 16.174183514774494 8 69
83 0 14.554558011049723 16.796267496111973 9 75
84 0 14.3646408839779 16.640746500777606 10 88
85 0 14.191988950276244 16.174183514774494 11 94
86 0 14.209254143646408 16.174183514774494 15 138
87 0 13.915745856353592 15.863141524105753 12 100
88 0 13.915745856353592 15.863141524105753 13 110
89 0 13.863950276243095 15.552099533437014 14 117
90 0 13.88121546961326 15.863141524105753 16 141
91 0 13.915745856353592 15.863141524105753 18 158
92 0 13.967541436464087 16.174183514774494 17 150
93 0 76.17403314917127 76.20528771384136 1 4
94 0 13.846685082872929 15.863141524105753 19 168
95 0 53.228591160220994 54.12130637636081 2 53
96 0 33.8743093922652 33.903576982892695 3 36
97 0 24.15400552486188 24.10575427682737 4 42
98 0 18.1457182320442 19.59564541213064 5 50
99 0 17.28245856353591 19.59564541213064 6 66
100 0 15.883977900552487 17.418351477449455 7 64
101 0 14.727209944751381 16.329704510108865 8 68
102 0 14.554558011049723 16.796267496111973 9 75
103 0 14.3646408839779 16.640746500777606 10 88
104 0 14.191988950276244 16.174183514774494 11 94
105 0 14.209254143646408 16.174183514774494 15 138
106 0 13.915745856353592 15.863141524105753 12 100
107 0 13.915745856353592 15.863141524105753 13 110
108 0 13.863950276243095 15.552099533437014 14 117
109 0 13.915745856353592 15.863141524105753 16 145
110 0 13.915745856353592 15.863141524105753 18 158
111 0 13.967541436464087 16.018662519440124 17 152
112 0 76.17403314917127 76.20528771384136 1 29
113 0 13.846685082872929 15.863141524105753 19 168
114 0 53.228591160220994 54.12130637636081 2 53
115 0 33.8743093922652 33.903576982892695 3 36
116 0 24.15400552486188 24.10575427682737 4 42
117 0 18.1457182320442 19.59564541213064 5 50
118 0 17.28245856353591 19.59564541213064 6 66
119 0 15.883977900552487 17.418351477449455 7 64
120 0 14.796270718232044 16.174183514774494 8 69
121 0 14.554558011049723 16.796267496111973 9 75
122 0 14.3646408839779 16.640746500777606 10 88
123 0 14.191988950276244 16.174183514774494 11 94
124 0 14.209254143646408 16.174183514774494 15 138
125 0 13.915745856353592 15.863141524105753 12 100
126 0 13.915745856353592 15.863141524105753 13 110
127 0 13.863950276243095 15.552099533437014 14 117
128 0 13.915745856353592 15.863141524105753 16 145
129 0 13.915745856353592 15.863141524105753 18 158
130 0 13.967541436464087 16.018662519440124 17 152
131 0 76.17403314917127 76.20528771384136 1 30
132 0 13.846685082872929 15.863141524105753 19 168
133 0 53.228591160220994 54.12130637636081 2 53
134 0 33.8743093922652 33.903576982892695 3 36
135 0 24.15400552486188 24.10575427682737 4 42
136 0 18.1457182320442 19.59564541213064 5 50
137 0 17.28245856353591 19.59564541213064 6 66
138 0 15.883977900552487 17.418351477449455 7 64
139 0 14.796270718232044 16.174183514774494 8 69
140 0 14.554558011049723 16.796267496111973 9 75
141 0 14.3646408839779 16.640746500777606 10 88
142 0 14.191988950276244 16.174183514774494 11 94
143 0 14.209254143646408 16.174183514774494 15 138
144 0 13.915745856353592 15.863141524105753 12 100
145 0 13.915745856353592 15.863141524105753 13 110
146 0 13.863950276243095 15.552099533437014 14 117
147 0 13.88121546961326 15.863141524105753 16 141
148 0 13.915745856353592 15.863141524105753 18 158
149 0 13.967541436464087 16.174183514774494 17 150
150 0 76.17403314917127 76.20528771384136 1 4
151 0 11.11878453038674 13.063763608087092 60 455
152 0 52.90055248618785 53.03265940902022 2 24
153 0 52.90055248618785 53.03265940902022 2 24
154 0 33.822513812154696 34.05909797822706 3 35
155 0 33.822513812154696 34.05909797822706 3 35
156 0 24.274861878453038 25.038880248833596 4 38
157 0 11.187845303867404 13.063763608087092 53 405
158 0 24.274861878453038 25.038880248833596 4 38
159 0 17.69682320441989 18.195956454121305 5 47
160 0 11.222375690607734 12.908242612752721 48 372
161 0 11.20511049723757 13.063763608087092 44 346
162 0 11.187845303867404 13.063763608087092 53 405
163 0 11.136049723756907 12.908242612752721 50 379
164 0 17.69682320441989 18.195956454121305 5 47
165 0 16.350138121546962 15.863141524105753 6 56
166 0 11.584944751381215 11.66407465007776 23 166
167 0 11.429558011049725 12.752721617418352 36 266
168 0 12.241022099447514 11.975116640746501 25 199
169 0 11.429558011049725 12.908242612752721 38 285
170 0 16.350138121546962 15.863141524105753 6 56
171 0 15.607734806629834 14.307931570762053 7 55
172 0 15.607734806629834 14.307931570762053 7 55
173 0 14.589088397790057 13.063763608087092 8 56
174 0 14.381906077348066 13.530326594090203 9 71
175 0 14.157458563535913 12.597200622083982 10 73
176 0 14.589088397790057 13.063763608087092 8 56
177 0 14.381906077348066 13.530326594090203 9 71
178 0 14.157458563535913 12.597200622083982 10 73
179 0 13.276933701657459 11.508553654743391 11 89
180 0 13.276933701657459 11.508553654743391 11 89
181 0 12.810773480662984 11.35303265940902 12 97
182 0 12.810773480662984 11.35303265940902 12 97
183 0 12.586325966850827 11.81959564541213 13 109
184 0 12.586325966850827 11.81959564541213 13 109
185 0 12.517265193370166 11.19751166407465 14 112
186 0 12.689917127071823 11.35303265940902 15 121
187 0 12.344613259668508 11.35303265940902 19 145
188 0 12.672651933701657 12.130637636080872 16 128
189 0 11.80939226519337 11.19751166407465 20 152
190 0 11.80939226519337 11.975116640746501 21 156
191 0 11.705801104972375 11.66407465007776 22 163
192 0 12.517265193370166 11.19751166407465 14 112
193 0 12.672651933701657 12.130637636080872 16 128
194 0 12.517265193370166 11.508553654743391 17 135
195 0 12.430939226519337 11.508553654743391 18 141
196 0 12.517265193370166 11.508553654743391 17 135
197 0 12.689917127071823 11.35303265940902 15 121
198 0 12.344613259668508 11.35303265940902 19 145
199 0 12.430939226519337 11.508553654743391 18 141
200 0 11.705801104972375 11.66407465007776 22 163
201 0 11.80939226519337 13.063763608087092 31 230
202 0 12.033839779005524 12.130637636080872 27 210
203 0 11.636740331491712 12.597200622083982 32 241
204 0 11.982044198895029 12.441679626749611 28 216
205 0 11.464088397790055 12.908242612752721 39 301
206 0 11.878453038674033 12.908242612752721 29 218
207 0 12.154696132596685 12.441679626749611 26 205
208 0 12.033839779005524 12.130637636080872 27 210
209 0 11.395027624309392 13.21928460342146 40 309
210 0 11.792127071823204 12.752721617418352 30 225
211 0 11.395027624309392 13.21928460342146 40 309
212 0 11.533149171270718 12.908242612752721 35 258
213 0 11.36049723756906 13.21928460342146 41 316
214 0 11.20511049723757 13.063763608087092 44 346
215 0 11.982044198895029 12.441679626749611 28 216
216 0 11.636740331491712 12.597200622083982 32 241
217 0 11.792127071823204 12.752721617418352 30 225
218 0 11.36049723756906 13.21928460342146 41 316
219 0 11.723066298342541 12.908242612752721 34 259
220 0 11.533149171270718 12.908242612752721 35 258
221 0 12.154696132596685 12.441679626749611 26 205
222 0 11.878453038674033 12.908242612752721 29 218
223 0 11.80939226519337 13.063763608087092 31 230
224 0 11.222375690607734 12.908242612752721 48 372
225 0 11.170580110497237 12.908242612752721 49 376
226 0 11.757596685082873 13.063763608087092 33 252
227 0 11.308701657458563 13.21928460342146 42 320
228 0 11.584944751381215 11.66407465007776 23 166
229 0 11.170580110497237 12.908242612752721 49 376
230 0 11.222375690607734 13.063763608087092 43 329
231 0 12.241022099447514 11.975116640746501 25 199
232 0 11.136049723756907 12.908242612752721 50 379
233 0 11.429558011049725 12.752721617418352 36 266
234 0 11.80939226519337 11.19751166407465 20 152
235 0 11.308701657458563 13.21928460342146 42 320
236 0 11.757596685082873 13.063763608087092 33 252
237 0 11.723066298342541 12.908242612752721 34 259
238 0 11.222375690607734 13.063763608087092 43 329
239 0 11.80939226519337 11.975116640746501 21 156
240 0 11.429558011049725 12.908242612752721 38 285
241 0 11.464088397790055 12.908242612752721 39 301
242 0 76.17403314917127 76.20528771384136 1 5
243 0 11.11878453038674 13.063763608087092 60 455
244 0 52.90055248618785 53.03265940902022 2 24
245 0 33.822513812154696 34.05909797822706 3 35
246 0 24.274861878453038 25.038880248833596 4 38
247 0 11.187845303867404 13.063763608087092 53 405
248 0 17.69682320441989 18.195956454121305 5 47
249 0 16.350138121546962 15.863141524105753 6 56
250 0 15.607734806629834 14.307931570762053 7 55
251 0 14.589088397790057 13.063763608087092 8 56
252 0 14.381906077348066 13.530326594090203 9 71
253 0 14.157458563535913 12.597200622083982 10 73
254 0 13.276933701657459 11.508553654743391 11 89
255 0 12.810773480662984 11.35303265940902 12 97
256 0 12.586325966850827 11.81959564541213 13 109
257 0 12.517265193370166 11.19751166407465 14 112
258 0 12.672651933701657 12.130637636080872 16 128
259 0 12.344613259668508 11.35303265940902 19 145
260 0 12.430939226519337 11.508553654743391 18 141
261 0 12.517265193370166 11.508553654743391 17 135
262 0 12.689917127071823 11.35303265940902 15 121
263 0 11.705801104972375 11.66407465007776 22 163
264 0 12.033839779005524 12.130637636080872 27 210
265 0 11.395027624309392 13.21928460342146 40 309
266 0 11.20511049723757 13.063763608087092 44 346
267 0 11.636740331491712 12.597200622083982 32 241
268 0 11.982044198895029 12.441679626749611 28 216
269 0 11.792127071823204 12.752721617418352 30 225
270 0 11.36049723756906 13.21928460342146 41 316
271 0 11.533149171270718 12.908242612752721 35 258
272 0 12.154696132596685 12.441679626749611 26 205
273 0 11.222375690607734 12.908242612752721 48 372
274 0 11.80939226519337 13.063763608087092 31 230
275 0 11.878453038674033 12.908242612752721 29 218
276 0 11.584944751381215 11.66407465007776 23 166
277 0 11.170580110497237 12.908242612752721 49 376
278 0 12.241022099447514 11.975116640746501 25 199
279 0 11.136049723756907 12.908242612752721 50 379
280 0 11.429558011049725 12.752721617418352 36 266
281 0 11.80939226519337 11.19751166407465 20 152
282 0 11.308701657458563 13.21928460342146 42 320
283 0 11.757596685082873 13.063763608087092 33 252
284 0 11.80939226519337 11.975116640746501 21 156
285 0 11.464088397790055 12.908242612752721 39 301
286 0 11.723066298342541 12.908242612752721 34 259
287 0 11.222375690607734 13.063763608087092 43 329
288 0 11.429558011049725 12.908242612752721 38 285
289 0 76.17403314917127 76.20528771384136 1 12
290 0 11.11878453038674 13.063763608087092 60 455
291 0 52.90055248618785 53.03265940902022 2 24
292 0 33.822513812154696 34.05909797822706 3 35
293 0 24.274861878453038 25.038880248833596 4 38
294 0 11.187845303867404 13.063763608087092 53 408
295 0 17.69682320441989 18.195956454121305 5 47
296 0 16.350138121546962 15.863141524105753 6 56
297 0 15.607734806629834 14.307931570762053 7 55
298 0 14.589088397790057 13.063763608087092 8 56
299 0 14.381906077348066 13.530326594090203 9 71
