0 0 76.16991883957866 76.24223602484473 1 7
1 0 12.2949404247971 13.819875776397517 41 296
2 0 53.151441892591954 53.57142857142857 2 33
3 0 53.151441892591954 53.57142857142857 2 33
4 0 33.60386807114488 34.93788819875777 3 30
5 0 33.60386807114488 34.93788819875777 3 30
6 0 23.830081160421344 25.465838509316768 4 33
7 0 23.830081160421344 25.465838509316768 4 33
8 0 16.991883957865653 19.099378881987576 5 40
9 0 16.991883957865653 19.099378881987576 5 40
10 0 15.230530132964946 18.16770186335404 6 53
11 0 12.191331376273528 14.130434782608695 38 280
12 0 12.329476774304956 13.975155279503104 36 268
13 0 12.312208599551028 13.819875776397517 40 290
14 0 12.191331376273528 14.130434782608695 38 280
15 0 15.230530132964946 18.16770186335404 6 53
16 0 14.47073044379209 15.372670807453417 7 58
17 0 14.47073044379209 15.372670807453417 7 58
18 0 13.849076152650666 16.77018633540373 8 63
19 0 13.849076152650666 16.77018633540373 8 63
20 0 13.348299084786738 15.838509316770185 9 68
21 0 13.348299084786738 15.838509316770185 9 68
22 0 13.072008288723882 15.683229813664596 10 71
23 0 13.072008288723882 15.683229813664596 10 71
24 0 13.175617337247452 15.217391304347828 11 75
25 0 13.175617337247452 15.217391304347828 11 75
26 0 12.899326541184596 14.906832298136646 12 80
27 0 12.830253842168881 15.062111801242237 15 97
28 0 12.692108444137453 13.975155279503104 16 109
29 0 12.830253842168881 13.819875776397517 17 113
30 0 12.692108444137453 13.975155279503104 16 109
31 0 12.899326541184596 14.906832298136646 12 80
32 0 12.899326541184596 15.062111801242237 13 84
33 0 12.64030391987567 14.130434782608695 18 119
34 0 12.899326541184596 15.062111801242237 13 84
35 0 12.847522016922811 15.062111801242237 14 90
36 0 12.64030391987567 13.819875776397517 19 128
37 0 12.312208599551028 14.285714285714285 29 201
38 0 12.467622172336384 14.440993788819876 24 165
39 0 12.2949404247971 13.975155279503104 30 214
40 0 12.433085822828527 14.440993788819876 25 169
41 0 12.830253842168881 13.819875776397517 17 113
42 0 12.2949404247971 13.975155279503104 30 214
43 0 12.312208599551028 14.440993788819876 27 189
44 0 12.260404075289241 13.975155279503104 26 176
45 0 12.312208599551028 14.285714285714285 28 198
46 0 12.312208599551028 14.285714285714285 28 198
47 0 12.312208599551028 14.440993788819876 27 189
48 0 12.64030391987567 14.130434782608695 18 119
49 0 12.312208599551028 14.285714285714285 29 201
50 0 12.260404075289241 13.975155279503104 31 219
51 0 12.847522016922811 15.062111801242237 14 90
52 0 12.467622172336384 14.596273291925465 23 156
53 0 12.830253842168881 15.062111801242237 15 97
54 0 12.467622172336384 14.440993788819876 24 165
55 0 12.64030391987567 13.819875776397517 19 128
56 0 12.156795026765671 13.975155279503104 34 246
57 0 11.984113279226385 13.819875776397517 35 242
58 0 12.657572094629598 13.819875776397517 22 153
59 0 12.312208599551028 13.819875776397517 40 290
60 0 12.467622172336384 14.596273291925465 23 156
61 0 11.984113279226385 13.819875776397517 35 242
62 0 12.778449317907098 13.975155279503104 20 136
63 0 12.329476774304956 13.975155279503104 36 268
64 0 12.433085822828527 14.440993788819876 25 169
65 0 12.260404075289241 13.975155279503104 31 219
66 0 12.778449317907098 13.975155279503104 20 136
67 0 12.208599551027456 13.975155279503104 33 235
68 0 12.709376618891383 13.819875776397517 21 143
69 0 12.225867725781384 13.975155279503104 32 227
70 0 12.225867725781384 13.975155279503104 32 227
71 0 12.657572094629598 13.819875776397517 22 153
72 0 12.709376618891383 13.819875776397517 21 143
73 0 12.260404075289241 13.975155279503104 26 176
74 0 12.208599551027456 13.975155279503104 33 235
75 0 12.156795026765671 13.975155279503104 34 246
76 0 76.16991883957866 76.24223602484473 1 7
77 0 12.2949404247971 13.819875776397517 41 296
78 0 53.151441892591954 53.57142857142857 2 33
79 0 33.60386807114488 34.93788819875777 3 30
80 0 23.830081160421344 25.465838509316768 4 33
81 0 16.991883957865653 19.099378881987576 5 40
82 0 12.191331376273528 14.130434782608695 38 280
83 0 15.230530132964946 18.16770186335404 6 53
84 0 14.47073044379209 15.372670807453417 7 58
85 0 13.849076152650666 16.77018633540373 8 63
86 0 13.348299084786738 15.838509316770185 9 68
87 0 13.072008288723882 15.683229813664596 10 71
88 0 13.175617337247452 15.217391304347828 11 75
89 0 12.692108444137453 13.975155279503104 16 109
90 0 12.899326541184596 14.906832298136646 12 80
91 0 12.899326541184596 15.062111801242237 13 84
92 0 12.830253842168881 13.819875776397517 17 113
93 0 12.2949404247971 13.975155279503104 30 214
94 0 12.312208599551028 14.285714285714285 28 198
95 0 12.64030391987567 14.130434782608695 18 119
96 0 12.312208599551028 14.440993788819876 27 189
97 0 12.312208599551028 14.285714285714285 29 201
98 0 12.847522016922811 15.062111801242237 14 90
99 0 12.830253842168881 15.062111801242237 15 97
100 0 12.467622172336384 14.440993788819876 24 165
101 0 12.64030391987567 13.819875776397517 19 128
102 0 12.467622172336384 14.596273291925465 23 156
103 0 11.984113279226385 13.819875776397517 35 242
104 0 12.312208599551028 13.819875776397517 40 290
105 0 12.329476774304956 13.975155279503104 36 268
106 0 12.433085822828527 14.440993788819876 25 169
107 0 12.260404075289241 13.975155279503104 31 219
108 0 12.778449317907098 13.975155279503104 20 136
109 0 12.208599551027456 13.975155279503104 33 235
110 0 12.225867725781384 13.975155279503104 32 227
111 0 12.657572094629598 13.819875776397517 22 153
112 0 12.709376618891383 13.819875776397517 21 143
113 0 12.260404075289241 13.975155279503104 26 176
114 0 12.156795026765671 13.975155279503104 34 246
115 0 76.16991883957866 76.24223602484473 1 18
116 0 12.2949404247971 13.819875776397517 41 296
117 0 53.151441892591954 53.57142857142857 2 33
118 0 33.60386807114488 34.93788819875777 3 30
119 0 23.830081160421344 25.465838509316768 4 33
120 0 16.991883957865653 19.099378881987576 5 40
121 0 12.191331376273528 14.130434782608695 38 280
122 0 15.230530132964946 18.16770186335404 6 53
123 0 14.47073044379209 15.372670807453417 7 58
124 0 13.849076152650666 16.77018633540373 8 63
125 0 13.348299084786738 15.838509316770185 9 68
126 0 13.072008288723882 15.683229813664596 10 71
127 0 13.175617337247452 15.217391304347828 11 75
128 0 12.692108444137453 13.975155279503104 16 109
129 0 12.899326541184596 14.906832298136646 12 80
130 0 12.899326541184596 15.062111801242237 13 84
131 0 12.830253842168881 13.819875776397517 17 113
132 0 12.2949404247971 13.975155279503104 30 214
133 0 12.312208599551028 14.440993788819876 27 189
134 0 12.312208599551028 14.285714285714285 29 201
135 0 12.64030391987567 14.130434782608695 18 119
136 0 12.312208599551028 14.285714285714285 28 198
137 0 12.847522016922811 15.062111801242237 14 90
138 0 12.467622172336384 14.440993788819876 24 165
139 0 12.830253842168881 15.062111801242237 15 97
140 0 12.64030391987567 13.819875776397517 19 128
141 0 12.312208599551028 13.819875776397517 40 290
142 0 12.467622172336384 14.596273291925465 23 156
143 0 11.984113279226385 13.819875776397517 35 242
144 0 12.329476774304956 13.975155279503104 36 268
145 0 12.433085822828527 14.440993788819876 25 169
146 0 12.260404075289241 13.975155279503104 31 219
147 0 12.778449317907098 13.975155279503104 20 136
148 0 12.208599551027456 13.975155279503104 33 235
149 0 12.260404075289241 13.975155279503104 26 176
150 0 76.16991883957866 76.24223602484473 1 4
151 0 11.828699706441029 13.043478260869565 38 289
152 0 52.857882921775165 52.79503105590062 2 22
153 0 52.857882921775165 52.79503105590062 2 22
154 0 34.018304265239166 34.47204968944099 3 26
155 0 34.018304265239166 34.47204968944099 3 26
156 0 24.313590053531343 24.689440993788818 4 32
157 0 24.313590053531343 24.689440993788818 4 32
158 0 18.06251079260922 17.391304347826086 5 40
159 0 11.845967881194957 12.888198757763975 35 255
160 0 11.794163356933172 13.043478260869565 31 221
161 0 11.845967881194957 12.888198757763975 35 255
162 0 18.06251079260922 17.391304347826086 5 40
163 0 16.473838715247798 17.080745341614907 6 51
164 0 13.192885512001382 13.664596273291925 19 120
165 0 12.536694871352097 12.888198757763975 21 144
166 0 12.225867725781384 12.888198757763975 23 154
167 0 12.070454152996028 12.888198757763975 25 167
168 0 11.984113279226385 12.888198757763975 28 189
169 0 11.897772405456744 13.043478260869565 30 208
170 0 16.473838715247798 17.080745341614907 6 51
171 0 15.558625453289586 16.925465838509314 7 54
172 0 15.558625453289586 16.925465838509314 7 54
173 0 15.195993783457087 16.61490683229814 8 61
174 0 14.47073044379209 14.285714285714285 11 75
175 0 13.935417026420307 13.509316770186336 12 80
176 0 15.195993783457087 16.61490683229814 8 61
177 0 14.781557589362803 16.149068322981368 9 66
178 0 13.935417026420307 13.509316770186336 12 80
179 0 13.78000345363495 13.819875776397517 13 85
180 0 14.643412191331375 14.906832298136646 10 68
181 0 14.47073044379209 14.285714285714285 11 75
182 0 14.781557589362803 16.149068322981368 9 66
183 0 14.643412191331375 14.906832298136646 10 68
184 0 13.158349162493524 13.664596273291925 18 111
185 0 12.225867725781384 12.888198757763975 23 154
186 0 13.78000345363495 13.819875776397517 13 85
187 0 13.624589880849594 13.664596273291925 14 90
188 0 12.070454152996028 12.888198757763975 25 167
189 0 13.400103609048525 13.354037267080745 15 94
190 0 13.348299084786738 13.664596273291925 16 99
191 0 12.39854947332067 12.732919254658384 22 150
192 0 13.624589880849594 13.664596273291925 14 90
193 0 12.39854947332067 12.732919254658384 22 150
194 0 13.400103609048525 13.354037267080745 15 94
195 0 13.348299084786738 13.664596273291925 16 99
196 0 13.279226385771024 13.819875776397517 17 105
197 0 13.192885512001382 13.664596273291925 19 120
198 0 12.156795026765671 12.888198757763975 26 172
199 0 12.536694871352097 12.888198757763975 21 144
200 0 12.018649628734243 12.888198757763975 27 179
201 0 11.984113279226385 12.888198757763975 28 189
202 0 13.279226385771024 13.819875776397517 17 105
203 0 12.018649628734243 12.888198757763975 27 179
204 0 11.897772405456744 13.043478260869565 30 208
205 0 13.158349162493524 13.664596273291925 18 111
206 0 12.156795026765671 12.888198757763975 26 172
207 0 11.794163356933172 13.043478260869565 31 214
208 0 76.16991883957866 76.24223602484473 1 5
209 0 11.828699706441029 13.043478260869565 38 289
210 0 52.857882921775165 52.79503105590062 2 22
211 0 34.018304265239166 34.47204968944099 3 26
212 0 24.313590053531343 24.689440993788818 4 32
213 0 11.845967881194957 12.888198757763975 35 255
214 0 18.06251079260922 17.391304347826086 5 40
215 0 16.473838715247798 17.080745341614907 6 51
216 0 15.558625453289586 16.925465838509314 7 54
217 0 15.195993783457087 16.61490683229814 8 61
218 0 13.935417026420307 13.509316770186336 12 80
219 0 14.47073044379209 14.285714285714285 11 75
220 0 14.781557589362803 16.149068322981368 9 66
221 0 14.643412191331375 14.906832298136646 10 68
222 0 12.225867725781384 12.888198757763975 23 154
223 0 13.78000345363495 13.819875776397517 13 85
224 0 12.070454152996028 12.888198757763975 25 167
225 0 13.624589880849594 13.664596273291925 14 90
226 0 12.39854947332067 12.732919254658384 22 150
227 0 13.400103609048525 13.354037267080745 15 94
228 0 13.348299084786738 13.664596273291925 16 99
229 0 13.192885512001382 13.664596273291925 19 120
230 0 12.536694871352097 12.888198757763975 21 144
231 0 11.984113279226385 12.888198757763975 28 189
232 0 13.279226385771024 13.819875776397517 17 105
233 0 12.018649628734243 12.888198757763975 27 179
234 0 11.897772405456744 13.043478260869565 30 208
235 0 12.156795026765671 12.888198757763975 26 172
236 0 13.158349162493524 13.664596273291925 18 111
237 0 11.794163356933172 13.043478260869565 31 214
238 0 76.16991883957866 76.24223602484473 1 4
239 0 11.828699706441029 13.043478260869565 38 289
240 0 52.857882921775165 52.79503105590062 2 22
241 0 34.018304265239166 34.47204968944099 3 26
242 0 24.313590053531343 24.689440993788818 4 32
243 0 11.845967881194957 12.888198757763975 35 255
244 0 18.06251079260922 17.391304347826086 5 40
245 0 16.473838715247798 17.080745341614907 6 51
246 0 15.558625453289586 16.925465838509314 7 54
247 0 15.195993783457087 16.61490683229814 8 61
248 0 13.935417026420307 13.509316770186336 12 80
249 0 14.47073044379209 14.285714285714285 11 75
250 0 14.781557589362803 16.149068322981368 9 66
251 0 14.643412191331375 14.906832298136646 10 68
252 0 12.225867725781384 12.888198757763975 23 154
253 0 13.78000345363495 13.819875776397517 13 85
254 0 12.070454152996028 12.888198757763975 25 167
255 0 13.624589880849594 13.664596273291925 14 90
256 0 12.39854947332067 12.732919254658384 22 150
257 0 13.400103609048525 13.354037267080745 15 94
258 0 13.348299084786738 13.664596273291925 16 99
259 0 13.192885512001382 13.664596273291925 19 120
260 0 12.536694871352097 12.888198757763975 21 144
261 0 11.984113279226385 12.888198757763975 28 189
262 0 13.279226385771024 13.819875776397517 17 105
263 0 12.018649628734243 12.888198757763975 27 179
264 0 12.156795026765671 12.888198757763975 26 172
265 0 13.158349162493524 13.664596273291925 18 111
266 0 11.897772405456744 13.043478260869565 30 208
267 0 11.794163356933172 13.043478260869565 31 221
268 0 76.18718701433258 76.24223602484473 1 8
269 0 11.828699706441029 13.043478260869565 38 289
270 0 52.857882921775165 52.79503105590062 2 22
271 0 34.018304265239166 34.47204968944099 3 26
272 0 24.313590053531343 24.689440993788818 4 32
273 0 11.845967881194957 12.888198757763975 35 255
274 0 18.06251079260922 17.391304347826086 5 40
275 0 16.473838715247798 17.080745341614907 6 51
276 0 15.558625453289586 16.925465838509314 7 54
277 0 15.195993783457087 16.61490683229814 8 61
278 0 13.935417026420307 13.509316770186336 12 80
279 0 14.47073044379209 14.285714285714285 11 75
280 0 14.781557589362803 16.149068322981368 9 66
281 0 14.643412191331375 14.906832298136646 10 68
282 0 12.225867725781384 12.888198757763975 23 154
283 0 13.78000345363495 13.819875776397517 13 85
284 0 12.070454152996028 12.888198757763975 25 167
285 0 13.624589880849594 13.664596273291925 14 90
286 0 12.39854947332067 12.732919254658384 22 150
287 0 13.400103609048525 13.354037267080745 15 94
288 0 13.348299084786738 13.664596273291925 16 99
289 0 13.192885512001382 13.664596273291925 19 120
290 0 12.536694871352097 12.888198757763975 21 144
291 0 11.984113279226385 12.888198757763975 28 189
292 0 13.279226385771024 13.819875776397517 17 105
293 0 12.018649628734243 12.888198757763975 27 179
294 0 13.158349162493524 13.664596273291925 18 111
295 0 12.156795026765671 12.888198757763975 26 172
296 0 11.897772405456744 13.043478260869565 30 208
297 0 11.794163356933172 13.043478260869565 31 214
298 0 76.18718701433258 76.24223602484473 1 11
299 0 11.828699706441029 13.043478260869565 38 289
