0 0 76.17403314917127 76.20528771384136 1 10
1 0 12.102900552486188 13.841368584758943 33 247
2 0 53.03867403314917 53.18818040435459 2 52
3 0 53.03867403314917 53.18818040435459 2 52
4 0 34.01243093922652 33.903576982892695 3 28
5 0 34.01243093922652 33.903576982892695 3 28
6 0 24.102209944751383 24.261275272161743 4 31
7 0 24.102209944751383 24.261275272161743 4 31
8 0 18.1457182320442 18.973561430793158 5 37
9 0 12.051104972375692 13.530326594090203 31 229
10 0 12.120165745856355 13.374805598755831 27 189
11 0 12.120165745856355 13.374805598755831 27 189
12 0 12.120165745856355 13.685847589424572 24 163
13 0 12.051104972375692 13.530326594090203 31 229
14 0 18.1457182320442 18.973561430793158 5 37
15 0 16.419198895027623 16.640746500777606 6 43
16 0 16.419198895027623 16.640746500777606 6 43
17 0 15.469613259668508 16.174183514774494 7 53
18 0 15.469613259668508 16.174183514774494 7 53
19 0 15.003453038674033 15.707620528771384 8 57
20 0 15.003453038674033 15.707620528771384 8 57
21 0 14.485497237569062 15.085536547433904 9 60
22 0 13.777624309392264 15.863141524105753 10 70
23 0 13.777624309392264 15.863141524105753 10 70
24 0 14.485497237569062 15.085536547433904 9 60
25 0 13.380524861878454 15.396578538102643 11 75
26 0 13.380524861878454 15.396578538102643 11 75
27 0 13.225138121546962 15.396578538102643 12 83
28 0 13.225138121546962 15.396578538102643 12 83
29 0 13.017955801104971 14.618973561430792 13 92
30 0 12.70718232044199 14.774494556765164 20 137
31 0 13.173342541436464 13.996889580093313 18 128
32 0 12.53453038674033 14.618973561430792 21 145
33 0 12.810773480662984 14.463452566096425 19 133
34 0 12.275552486187845 13.996889580093313 22 148
35 0 12.223756906077348 13.996889580093313 23 154
36 0 12.810773480662984 14.463452566096425 19 133
37 0 12.70718232044199 14.774494556765164 20 137
38 0 13.017955801104971 14.618973561430792 13 92
39 0 13.052486187845306 13.685847589424572 15 110
40 0 12.98342541436464 13.530326594090203 16 116
41 0 12.879834254143645 14.774494556765164 14 102
42 0 13.225138121546962 13.841368584758943 17 124
43 0 12.98342541436464 13.530326594090203 16 116
44 0 12.879834254143645 14.774494556765164 14 102
45 0 13.052486187845306 13.685847589424572 15 110
46 0 12.53453038674033 14.618973561430792 21 145
47 0 12.223756906077348 13.996889580093313 23 154
48 0 12.275552486187845 13.996889580093313 22 148
49 0 12.120165745856355 13.685847589424572 24 163
50 0 13.225138121546962 13.841368584758943 17 124
51 0 13.173342541436464 13.996889580093313 18 128
52 0 76.17403314917127 76.20528771384136 1 10
53 0 12.102900552486188 13.841368584758943 33 247
54 0 53.03867403314917 53.18818040435459 2 52
55 0 34.01243093922652 33.903576982892695 3 28
56 0 24.102209944751383 24.261275272161743 4 31
57 0 12.120165745856355 13.374805598755831 27 189
58 0 12.051104972375692 13.530326594090203 31 229
59 0 18.1457182320442 18.973561430793158 5 37
60 0 16.419198895027623 16.640746500777606 6 43
61 0 15.469613259668508 16.174183514774494 7 53
62 0 15.003453038674033 15.707620528771384 8 57
63 0 14.485497237569062 15.085536547433904 9 60
64 0 13.777624309392264 15.863141524105753 10 70
65 0 13.380524861878454 15.396578538102643 11 75
66 0 13.225138121546962 15.396578538102643 12 83
67 0 12.810773480662984 14.463452566096425 19 133
68 0 12.70718232044199 14.774494556765164 20 137
69 0 13.017955801104971 14.618973561430792 13 92
70 0 12.98342541436464 13.530326594090203 16 116
71 0 12.879834254143645 14.774494556765164 14 102
72 0 13.052486187845306 13.685847589424572 15 110
73 0 12.53453038674033 14.618973561430792 21 145
74 0 12.223756906077348 13.996889580093313 23 154
75 0 12.275552486187845 13.996889580093313 22 148
76 0 12.120165745856355 13.685847589424572 24 163
77 0 13.225138121546962 13.841368584758943 17 124
78 0 13.173342541436464 13.996889580093313 18 128
79 0 76.17403314917127 76.20528771384136 1 10
80 0 12.102900552486188 13.841368584758943 33 247
81 0 53.03867403314917 53.18818040435459 2 52
82 0 34.01243093922652 33.903576982892695 3 28
83 0 24.102209944751383 24.261275272161743 4 31
84 0 12.120165745856355 13.374805598755831 27 189
85 0 12.051104972375692 13.530326594090203 31 229
86 0 18.1457182320442 18.973561430793158 5 37
87 0 16.419198895027623 16.640746500777606 6 43
88 0 15.469613259668508 16.174183514774494 7 53
89 0 15.003453038674033 15.707620528771384 8 57
90 0 14.485497237569062 15.085536547433904 9 60
91 0 13.777624309392264 15.863141524105753 10 70
92 0 13.380524861878454 15.396578538102643 11 75
93 0 13.225138121546962 15.396578538102643 12 83
94 0 12.810773480662984 14.463452566096425 19 133
95 0 12.70718232044199 14.774494556765164 20 137
96 0 13.017955801104971 14.618973561430792 13 92
97 0 12.98342541436464 13.530326594090203 16 116
98 0 12.879834254143645 14.774494556765164 14 102
99 0 13.052486187845306 13.685847589424572 15 110
100 0 12.53453038674033 14.618973561430792 21 145
101 0 12.223756906077348 13.996889580093313 23 154
102 0 12.275552486187845 13.996889580093313 22 148
103 0 12.120165745856355 13.685847589424572 24 163
104 0 13.225138121546962 13.841368584758943 17 124
105 0 13.173342541436464 13.996889580093313 18 128
106 0 76.17403314917127 76.20528771384136 1 11
107 0 12.102900552486188 13.841368584758943 33 247
108 0 53.03867403314917 53.18818040435459 2 52
109 0 34.01243093922652 33.903576982892695 3 28
110 0 24.102209944751383 24.261275272161743 4 31
111 0 12.120165745856355 13.374805598755831 27 189
112 0 12.051104972375692 13.530326594090203 31 229
113 0 18.1457182320442 18.973561430793158 5 37
114 0 16.419198895027623 16.640746500777606 6 43
115 0 15.469613259668508 16.174183514774494 7 53
116 0 15.003453038674033 15.707620528771384 8 57
117 0 13.777624309392264 15.863141524105753 10 70
118 0 14.485497237569062 15.085536547433904 9 60
119 0 13.380524861878454 15.396578538102643 11 75
120 0 13.225138121546962 15.396578538102643 12 83
121 0 12.810773480662984 14.463452566096425 19 133
122 0 12.70718232044199 14.774494556765164 20 137
123 0 13.017955801104971 14.618973561430792 13 92
124 0 12.98342541436464 13.530326594090203 16 116
125 0 12.879834254143645 14.774494556765164 14 102
126 0 13.052486187845306 13.685847589424572 15 110
127 0 12.53453038674033 14.618973561430792 21 145
128 0 12.223756906077348 13.996889580093313 23 154
129 0 12.275552486187845 13.996889580093313 22 148
130 0 12.120165745856355 13.685847589424572 24 163
131 0 13.225138121546962 13.841368584758943 17 124
132 0 13.173342541436464 13.996889580093313 18 128
133 0 76.17403314917127 76.20528771384136 1 28
134 0 12.102900552486188 13.841368584758943 33 247
135 0 53.03867403314917 53.18818040435459 2 52
136 0 34.01243093922652 33.903576982892695 3 28
137 0 24.102209944751383 24.261275272161743 4 31
138 0 12.120165745856355 13.374805598755831 27 189
139 0 12.051104972375692 13.530326594090203 31 229
140 0 18.1457182320442 18.973561430793158 5 37
141 0 16.419198895027623 16.640746500777606 6 43
142 0 15.469613259668508 16.174183514774494 7 53
143 0 15.003453038674033 15.707620528771384 8 57
144 0 13.777624309392264 15.863141524105753 10 70
145 0 14.485497237569062 15.085536547433904 9 60
146 0 13.380524861878454 15.396578538102643 11 75
147 0 13.225138121546962 15.396578538102643 12 83
148 0 12.810773480662984 14.463452566096425 19 133
149 0 12.70718232044199 14.774494556765164 20 137
150 0 76.17403314917127 76.20528771384136 1 6
151 0 11.705801104972375 15.085536547433904 41 344
152 0 52.81422651933701 52.87713841368584 2 42
153 0 52.81422651933701 52.87713841368584 2 42
154 0 33.73618784530387 33.28149300155521 3 30
155 0 33.73618784530387 33.28149300155521 3 30
156 0 23.584254143646408 23.017107309486782 4 38
157 0 23.584254143646408 23.017107309486782 4 38
158 0 16.816298342541437 17.884914463452567 5 49
159 0 16.816298342541437 17.884914463452567 5 49
160 0 15.003453038674033 16.951788491446347 6 57
161 0 12.085635359116022 15.396578538102643 29 233
162 0 11.826657458563536 15.241057542768274 38 310
163 0 11.947513812154696 15.085536547433904 31 268
164 0 11.774861878453038 15.241057542768274 40 341
165 0 14.81353591160221 16.329704510108865 7 64
166 0 14.537292817679559 16.329704510108865 8 65
167 0 14.278314917127071 16.329704510108865 9 69
168 0 14.036602209944752 16.485225505443236 10 86
169 0 15.003453038674033 16.951788491446347 6 57
170 0 14.537292817679559 16.329704510108865 8 65
171 0 14.278314917127071 16.329704510108865 9 69
172 0 14.81353591160221 16.329704510108865 7 64
173 0 14.036602209944752 16.485225505443236 10 86
174 0 13.777624309392264 16.485225505443236 11 90
175 0 13.777624309392264 16.485225505443236 11 90
176 0 13.639502762430938 16.174183514774494 12 96
177 0 13.639502762430938 16.174183514774494 12 96
178 0 13.829419889502761 17.107309486780714 14 121
179 0 13.535911602209943 17.107309486780714 15 127
180 0 13.34599447513812 16.329704510108865 13 102
181 0 13.535911602209943 17.107309486780714 15 127
182 0 13.449585635359115 17.107309486780714 16 132
183 0 13.449585635359115 17.107309486780714 16 132
184 0 13.017955801104971 16.640746500777606 17 142
185 0 13.017955801104971 16.640746500777606 17 142
186 0 13.000690607734807 16.796267496111973 18 147
187 0 13.000690607734807 16.796267496111973 18 147
188 0 12.86256906077348 16.796267496111973 19 155
189 0 12.758977900552487 16.485225505443236 20 161
190 0 12.86256906077348 16.796267496111973 19 155
191 0 12.758977900552487 16.485225505443236 20 161
192 0 12.70718232044199 16.640746500777606 21 181
193 0 13.34599447513812 16.329704510108865 13 102
194 0 13.829419889502761 17.107309486780714 14 121
195 0 12.655386740331492 16.640746500777606 22 192
196 0 12.482734806629834 16.485225505443236 23 193
197 0 12.085635359116022 15.396578538102643 28 227
198 0 12.482734806629834 16.485225505443236 23 193
199 0 12.448204419889503 16.485225505443236 24 200
200 0 12.741712707182321 16.640746500777606 21 182
201 0 12.448204419889503 16.485225505443236 24 200
202 0 11.8439226519337 15.241057542768274 37 306
203 0 12.655386740331492 16.640746500777606 22 192
204 0 12.361878453038674 16.485225505443236 25 211
205 0 12.361878453038674 16.485225505443236 25 211
206 0 11.740331491712707 14.774494556765164 35 287
207 0 12.258287292817679 15.863141524105753 27 225
208 0 12.292817679558011 16.329704510108865 26 221
209 0 11.8439226519337 14.774494556765164 33 276
210 0 11.826657458563536 15.085536547433904 34 284
211 0 11.723066298342541 14.774494556765164 36 291
212 0 12.085635359116022 15.396578538102643 28 227
213 0 12.258287292817679 15.863141524105753 27 225
214 0 12.292817679558011 16.329704510108865 26 221
215 0 11.826657458563536 15.085536547433904 34 284
216 0 11.912983425414364 15.085536547433904 32 273
217 0 11.740331491712707 14.774494556765164 35 287
218 0 11.826657458563536 15.241057542768274 38 310
219 0 11.912983425414364 15.085536547433904 32 273
220 0 11.8439226519337 14.774494556765164 33 276
221 0 11.774861878453038 15.241057542768274 40 341
222 0 12.085635359116022 15.396578538102643 29 233
223 0 11.723066298342541 14.774494556765164 36 291
224 0 11.8439226519337 15.241057542768274 37 306
225 0 11.947513812154696 15.085536547433904 31 268
226 0 76.17403314917127 76.20528771384136 1 6
227 0 11.705801104972375 15.085536547433904 41 344
228 0 52.81422651933701 52.87713841368584 2 42
229 0 33.73618784530387 33.28149300155521 3 30
230 0 23.584254143646408 23.017107309486782 4 38
231 0 16.816298342541437 17.884914463452567 5 49
232 0 15.003453038674033 16.951788491446347 6 57
233 0 14.537292817679559 16.329704510108865 8 65
234 0 14.81353591160221 16.329704510108865 7 64
235 0 14.278314917127071 16.329704510108865 9 69
236 0 14.036602209944752 16.485225505443236 10 86
237 0 13.777624309392264 16.485225505443236 11 90
238 0 13.639502762430938 16.174183514774494 12 96
239 0 13.535911602209943 17.107309486780714 15 127
240 0 13.449585635359115 17.107309486780714 16 132
241 0 13.017955801104971 16.640746500777606 17 142
242 0 13.000690607734807 16.796267496111973 18 147
243 0 12.758977900552487 16.485225505443236 20 161
244 0 12.86256906077348 16.796267496111973 19 155
245 0 13.34599447513812 16.329704510108865 13 102
246 0 13.829419889502761 17.107309486780714 14 121
247 0 12.482734806629834 16.485225505443236 23 193
248 0 12.741712707182321 16.640746500777606 21 182
249 0 12.448204419889503 16.485225505443236 24 200
250 0 12.655386740331492 16.640746500777606 22 192
251 0 12.361878453038674 16.485225505443236 25 211
252 0 11.740331491712707 14.774494556765164 35 287
253 0 11.826657458563536 15.085536547433904 34 284
254 0 12.258287292817679 15.863141524105753 27 225
255 0 12.085635359116022 15.396578538102643 28 227
256 0 12.292817679558011 16.329704510108865 26 221
257 0 11.826657458563536 15.241057542768274 38 310
258 0 11.912983425414364 15.085536547433904 32 273
259 0 11.8439226519337 14.774494556765164 33 276
260 0 11.774861878453038 15.241057542768274 40 341
261 0 12.085635359116022 15.396578538102643 29 233
262 0 11.723066298342541 14.774494556765164 36 291
263 0 11.947513812154696 15.085536547433904 31 268
264 0 11.8439226519337 15.241057542768274 37 306
265 0 76.2085635359116 76.20528771384136 1 22
266 0 11.705801104972375 15.085536547433904 41 344
267 0 52.81422651933701 52.87713841368584 2 42
268 0 33.73618784530387 33.28149300155521 3 30
269 0 23.584254143646408 23.017107309486782 4 38
270 0 16.816298342541437 17.884914463452567 5 49
271 0 15.003453038674033 16.951788491446347 6 57
272 0 14.537292817679559 16.329704510108865 8 65
273 0 14.81353591160221 16.329704510108865 7 64
274 0 14.278314917127071 16.329704510108865 9 69
275 0 14.036602209944752 16.485225505443236 10 86
276 0 13.777624309392264 16.485225505443236 11 90
277 0 13.639502762430938 16.174183514774494 12 96
278 0 13.55317679558011 17.107309486780714 15 126
279 0 13.449585635359115 17.107309486780714 16 132
280 0 13.017955801104971 16.640746500777606 17 142
281 0 13.000690607734807 16.796267496111973 18 147
282 0 12.86256906077348 16.796267496111973 19 155
283 0 12.758977900552487 16.485225505443236 20 161
284 0 13.34599447513812 16.329704510108865 13 102
285 0 13.829419889502761 17.107309486780714 14 121
286 0 12.482734806629834 16.485225505443236 23 193
287 0 12.741712707182321 16.640746500777606 21 182
288 0 12.448204419889503 16.485225505443236 24 200
289 0 12.655386740331492 16.640746500777606 22 192
290 0 12.361878453038674 16.485225505443236 25 211
291 0 12.258287292817679 15.863141524105753 27 225
292 0 11.740331491712707 14.774494556765164 35 287
293 0 11.826657458563536 15.085536547433904 34 284
294 0 12.292817679558011 16.329704510108865 26 221
295 0 12.085635359116022 15.396578538102643 28 227
296 0 11.826657458563536 15.241057542768274 38 310
297 0 11.912983425414364 15.085536547433904 32 273
298 0 11.8439226519337 14.774494556765164 33 276
299 0 11.774861878453038 15.241057542768274 40 341
