---
0 0 21.36541229693605 2.0 5
12 7 8 8 0 1 0.34911712176765586 
0 1 2 1 1 0 0.38739294917907263 
---
0 1 21.36541229693605 2.0 5
12 7 8 8 0 1 0.34911712176765586 
0 1 2 1 1 0 0.38739294917907263 
---
0 2 19.453012543697305 6.0 5
11 2 2 4 4 0 0.28222471458077103 
7 7 1 8 11 1 0.09313736246133719 
7 8 4 13 1 1 0.39304477800909154 
7 7 5 2 13 1 0.8265938524054917 
2 2 7 2 1 0 0.7485776424438721 
12 7 8 2 4 1 0.21880175247885458 
---
0 3 19.699773802179724 4.0 5
12 7 8 8 0 1 0.34911712176765586 
12 7 8 4 0 1 0.1785257654598995 
11 2 2 4 7 0 0.43150590605481853 
2 2 4 2 0 0 0.4544583602654386 
---
0 4 19.699773802179724 4.0 5
11 2 2 4 7 0 0.43150590605481853 
12 7 8 4 0 1 0.1785257654598995 
2 2 4 2 0 0 0.4544583602654386 
12 7 8 8 0 1 0.34911712176765586 
---
0 5 19.453012543697305 6.0 5
11 2 2 4 4 0 0.28222471458077103 
7 7 1 8 11 1 0.09313736246133719 
7 8 4 13 1 1 0.39304477800909154 
7 7 5 2 13 1 0.8265938524054917 
2 2 7 2 1 0 0.7485776424438721 
12 7 8 2 4 1 0.21880175247885458 
---
0 6 19.41188566728357 7.0 5
7 8 4 13 1 1 0.39304477800909154 
7 3 2 4 12 1 0.18074047740782628 
11 2 2 4 4 0 0.28222471458077103 
7 7 1 8 11 1 0.09313736246133719 
7 7 5 2 13 1 0.8265938524054917 
2 2 7 2 1 0 0.7485776424438721 
12 7 8 2 4 1 0.21880175247885458 
---
0 7 18.73329220645692 8.0 5
11 2 2 4 4 0 0.28222471458077103 
7 7 5 2 13 1 0.8265938524054917 
1 7 8 2 7 0 0.06324084570347743 
12 7 8 2 4 1 0.21880175247885458 
2 2 7 2 1 0 0.7485776424438721 
7 7 1 8 11 1 0.09313736246133719 
7 3 2 4 12 1 0.18074047740782628 
7 8 4 13 1 1 0.39304477800909154 
---
0 8 18.589348139008845 9.0 5
11 6 12 8 7 0 0.3997749581769412 
7 3 2 4 12 1 0.18074047740782628 
1 7 8 2 7 0 0.06324084570347743 
7 7 1 8 11 1 0.09313736246133719 
12 7 8 2 4 1 0.21880175247885458 
7 8 4 13 1 1 0.39304477800909154 
2 2 7 2 1 0 0.7485776424438721 
7 7 5 2 13 1 0.8265938524054917 
11 2 2 4 4 0 0.28222471458077103 
---
0 9 19.41188566728357 7.0 5
7 8 4 13 1 1 0.39304477800909154 
7 3 2 4 12 1 0.18074047740782628 
11 2 2 4 4 0 0.28222471458077103 
7 7 1 8 11 1 0.09313736246133719 
7 7 5 2 13 1 0.8265938524054917 
2 2 7 2 1 0 0.7485776424438721 
12 7 8 2 4 1 0.21880175247885458 
---
0 10 18.73329220645692 8.0 5
11 2 2 4 4 0 0.28222471458077103 
7 7 5 2 13 1 0.8265938524054917 
1 7 8 2 7 0 0.06324084570347743 
12 7 8 2 4 1 0.21880175247885458 
2 2 7 2 1 0 0.7485776424438721 
7 7 1 8 11 1 0.09313736246133719 
7 3 2 4 12 1 0.18074047740782628 
7 8 4 13 1 1 0.39304477800909154 
---
0 11 18.589348139008845 9.0 5
2 2 7 2 1 0 0.7485776424438721 
11 2 2 4 4 0 0.28222471458077103 
7 3 2 4 12 1 0.18074047740782628 
1 7 8 2 7 0 0.06324084570347743 
7 8 4 13 1 1 0.39304477800909154 
12 7 8 2 4 1 0.21880175247885458 
7 7 5 2 13 1 0.8265938524054917 
7 7 1 8 11 1 0.09313736246133719 
11 6 12 8 7 0 0.3997749581769412 
---
0 12 18.507094386181368 10.0 5
7 8 4 13 1 1 0.39304477800909154 
7 7 1 8 11 1 0.09313736246133719 
11 6 12 8 7 0 0.3997749581769412 
12 7 8 2 4 1 0.21880175247885458 
11 2 2 4 4 0 0.28222471458077103 
7 7 5 2 13 1 0.8265938524054917 
7 7 8 2 11 0 0.03748810486754128 
2 2 7 2 1 0 0.7485776424438721 
1 7 8 2 7 0 0.06324084570347743 
7 3 2 4 12 1 0.18074047740782628 
---
0 13 18.507094386181368 10.0 5
7 8 4 13 1 1 0.39304477800909154 
7 7 1 8 11 1 0.09313736246133719 
11 6 12 8 7 0 0.3997749581769412 
12 7 8 2 4 1 0.21880175247885458 
11 2 2 4 4 0 0.28222471458077103 
7 7 5 2 13 1 0.8265938524054917 
7 7 8 2 11 0 0.03748810486754128 
2 2 7 2 1 0 0.7485776424438721 
1 7 8 2 7 0 0.06324084570347743 
7 3 2 4 12 1 0.18074047740782628 
---
0 14 29.36458975940777 1.0 5
0 2 0 2 1 0 0.41113409155621294 
---
0 15 21.36541229693605 2.0 5
12 7 8 8 0 1 0.34911712176765586 
0 1 2 1 1 0 0.38739294917907263 
---
0 16 19.699773802179724 4.0 5
12 7 8 8 0 1 0.34911712176765586 
12 7 8 4 0 1 0.1785257654598995 
11 2 2 4 7 0 0.43150590605481853 
2 2 4 2 0 0 0.4544583602654386 
---
0 17 19.453012543697305 6.0 5
11 2 2 4 4 0 0.28222471458077103 
7 7 1 8 11 1 0.09313736246133719 
7 8 4 13 1 1 0.39304477800909154 
7 7 5 2 13 1 0.8265938524054917 
2 2 7 2 1 0 0.7485776424438721 
12 7 8 2 4 1 0.21880175247885458 
---
0 18 19.41188566728357 7.0 5
7 8 4 13 1 1 0.39304477800909154 
7 3 2 4 12 1 0.18074047740782628 
11 2 2 4 4 0 0.28222471458077103 
7 7 1 8 11 1 0.09313736246133719 
7 7 5 2 13 1 0.8265938524054917 
2 2 7 2 1 0 0.7485776424438721 
12 7 8 2 4 1 0.21880175247885458 
---
0 19 18.73329220645692 8.0 5
11 2 2 4 4 0 0.28222471458077103 
7 7 5 2 13 1 0.8265938524054917 
1 7 8 2 7 0 0.06324084570347743 
12 7 8 2 4 1 0.21880175247885458 
2 2 7 2 1 0 0.7485776424438721 
7 7 1 8 11 1 0.09313736246133719 
7 3 2 4 12 1 0.18074047740782628 
7 8 4 13 1 1 0.39304477800909154 
---
0 20 18.589348139008845 9.0 5
2 2 7 2 1 0 0.7485776424438721 
11 2 2 4 4 0 0.28222471458077103 
7 3 2 4 12 1 0.18074047740782628 
1 7 8 2 7 0 0.06324084570347743 
7 8 4 13 1 1 0.39304477800909154 
12 7 8 2 4 1 0.21880175247885458 
7 7 5 2 13 1 0.8265938524054917 
7 7 1 8 11 1 0.09313736246133719 
11 6 12 8 7 0 0.3997749581769412 
---
0 21 18.507094386181368 10.0 5
7 8 4 13 1 1 0.39304477800909154 
7 7 1 8 11 1 0.09313736246133719 
11 6 12 8 7 0 0.3997749581769412 
12 7 8 2 4 1 0.21880175247885458 
11 2 2 4 4 0 0.28222471458077103 
7 7 5 2 13 1 0.8265938524054917 
7 7 8 2 11 0 0.03748810486754128 
2 2 7 2 1 0 0.7485776424438721 
1 7 8 2 7 0 0.06324084570347743 
7 3 2 4 12 1 0.18074047740782628 
---
0 22 21.36541229693605 2.0 5
12 7 8 8 0 1 0.34911712176765586 
0 1 2 1 1 0 0.38739294917907263 
---
1 0 29.36458975940777 1.0 5
2 2 0 2 2 0 0.42669672288572835 
---
1 1 21.756117622866544 2.0 5
4 0 8 8 0 1 0.1370134515346625 
2 2 0 1 0 0 0.6231216096170129 
---
1 2 21.756117622866544 2.0 5
4 0 8 8 0 1 0.1370134515346625 
2 2 0 1 0 0 0.6231216096170129 
---
1 3 18.692165330043185 4.0 5
11 1 5 4 7 0 0.4053608290288897 
7 4 4 13 1 1 0.23418719716927028 
12 7 13 4 4 1 0.2717820306387332 
1 2 7 2 1 0 0.5574447543007806 
---
1 4 18.63047501542258 5.0 5
1 2 7 2 1 0 0.5574447543007806 
12 7 13 4 4 1 0.2717820306387332 
11 8 8 12 2 0 0.5123894402300788 
7 4 4 13 1 1 0.23418719716927028 
11 1 5 4 7 0 0.4053608290288897 
---
1 5 18.52765782438824 7.0 5
13 1 8 2 7 0 0.9637283747296435 
12 7 13 4 4 1 0.2717820306387332 
1 2 7 2 1 0 0.5574447543007806 
1 1 4 8 13 1 0.5878126165800113 
11 8 8 12 2 0 0.5123894402300788 
11 1 5 4 7 0 0.4053608290288897 
7 4 4 13 1 1 0.23418719716927028 
---
1 6 18.568784700801974 6.0 5
1 2 7 2 1 0 0.5574447543007806 
12 7 13 4 4 1 0.2717820306387332 
7 4 4 13 1 1 0.23418719716927028 
12 7 13 4 4 1 0.2717820306387332 
11 1 5 4 7 0 0.4053608290288897 
11 8 5 4 4 0 0.4922673385049705 
---
1 7 18.568784700801974 6.0 5
1 2 7 2 1 0 0.5574447543007806 
12 7 13 4 4 1 0.2717820306387332 
7 4 4 13 1 1 0.23418719716927028 
12 7 13 4 4 1 0.2717820306387332 
11 1 5 4 7 0 0.4053608290288897 
11 8 5 4 4 0 0.4922673385049705 
---
1 8 18.52765782438824 7.0 5
13 1 8 2 7 0 0.9637283747296435 
12 7 13 4 4 1 0.2717820306387332 
1 2 7 2 1 0 0.5574447543007806 
1 1 4 8 13 1 0.5878126165800113 
11 8 8 12 2 0 0.5123894402300788 
11 1 5 4 7 0 0.4053608290288897 
7 4 4 13 1 1 0.23418719716927028 
---
1 9 18.692165330043185 4.0 5
11 1 5 4 7 0 0.4053608290288897 
7 4 4 13 1 1 0.23418719716927028 
12 7 13 4 4 1 0.2717820306387332 
1 2 7 2 1 0 0.5574447543007806 
---
2 0 29.40571663582151 1.0 5
1 4 4 2 0 0 0.2243002095811808 
---
2 1 24.470491466173144 2.0 5
12 7 8 4 8 1 0.4749087754747554 
1 4 2 2 0 0 0.22633276173172356 
---
2 2 24.470491466173144 2.0 5
12 7 8 4 8 1 0.4749087754747554 
1 4 2 2 0 0 0.22633276173172356 
---
2 3 21.303721982315444 3.0 5
7 7 12 8 1 1 0.16452549055083954 
1 2 0 2 0 0 0.34000087154675185 
12 7 8 4 8 1 0.4749087754747554 
---
2 4 20.19329631914456 5.0 5
4 4 7 1 13 0 0.4080487005666402 
7 11 0 9 3 0 0.2741123988636014 
2 2 2 1 7 0 0.5734566926037337 
7 7 4 8 3 1 0.11518461342968234 
12 7 8 4 8 1 0.4749087754747554 
---
2 5 19.51470285831791 6.0 5
3 2 2 7 11 0 0.6679862258057048 
4 4 7 1 13 0 0.4080487005666402 
7 11 0 9 3 0 0.2741123988636014 
2 2 7 1 3 0 0.7987179085384595 
7 7 4 8 3 1 0.11518461342968234 
12 7 8 4 2 1 0.15839238298375657 
---
2 6 18.198642813078347 15.0 5
7 11 13 1 13 1 0.9475231191552127 
3 2 2 7 11 0 0.6679862258057048 
8 0 7 1 11 0 0.9045027224914443 
3 11 10 1 10 1 1.0 
8 0 14 1 11 1 0.24808061457250652 
7 4 9 4 2 0 0.37611288272897814 
4 4 8 8 2 1 0.12090089816969285 
12 7 8 4 12 1 0.24953135910439528 
4 4 7 1 13 0 0.4080487005666402 
7 5 8 9 3 0 0.8196224519417528 
7 11 0 9 3 0 0.2741123988636014 
4 4 8 13 1 1 0.12781333752838053 
0 7 12 14 12 1 0.3070288768506664 
7 7 4 8 3 1 0.11518461342968234 
4 12 13 11 11 0 0.4911024426025451 
---
2 7 18.178079374871476 16.0 5
4 3 13 12 1 1 0.14300774648353776 
7 4 9 4 2 0 0.37611288272897814 
4 4 7 1 13 0 0.4080487005666402 
7 11 0 9 3 0 0.2741123988636014 
8 0 14 1 11 1 0.24808061457250652 
3 2 2 7 11 0 0.6679862258057048 
12 7 8 4 12 1 0.24953135910439528 
8 0 7 1 11 0 0.9045027224914443 
7 5 8 9 3 0 0.8196224519417528 
4 12 13 11 11 0 0.4911024426025451 
7 7 4 8 3 1 0.11518461342968234 
7 11 13 1 13 1 0.9475231191552127 
4 4 8 13 1 1 0.12781333752838053 
3 11 10 1 10 1 1.0 
4 4 8 8 2 1 0.12090089816969285 
0 7 12 14 12 1 0.3070288768506664 
---
2 8 21.303721982315444 3.0 5
7 7 12 8 1 1 0.16452549055083954 
1 2 0 2 0 0 0.34000087154675185 
12 7 8 4 8 1 0.4749087754747554 
---
2 9 19.51470285831791 6.0 5
3 2 2 7 11 0 0.6679862258057048 
4 4 7 1 13 0 0.4080487005666402 
7 11 0 9 3 0 0.2741123988636014 
2 2 7 1 3 0 0.7987179085384595 
7 7 4 8 3 1 0.11518461342968234 
12 7 8 4 2 1 0.15839238298375657 
---
2 10 19.000616903146206 7.0 5
7 11 0 9 3 0 0.2741123988636014 
2 2 7 1 3 0 0.7987179085384595 
3 2 2 7 11 0 0.6679862258057048 
4 4 7 1 13 0 0.4080487005666402 
7 7 4 8 3 1 0.11518461342968234 
4 4 8 8 2 1 0.12090089816969285 
12 7 8 4 2 1 0.15839238298375657 
---
2 11 19.000616903146206 7.0 5
7 11 0 9 3 0 0.2741123988636014 
2 2 7 1 3 0 0.7987179085384595 
3 2 2 7 11 0 0.6679862258057048 
4 4 7 1 13 0 0.4080487005666402 
7 7 4 8 3 1 0.11518461342968234 
4 4 8 8 2 1 0.12090089816969285 
12 7 8 4 2 1 0.15839238298375657 
---
2 12 18.671601891836314 8.0 5
12 7 8 4 2 1 0.15839238298375657 
7 7 4 8 3 1 0.11518461342968234 
7 11 0 9 3 0 0.2741123988636014 
2 2 7 1 3 0 0.7987179085384595 
4 4 8 8 2 1 0.12090089816969285 
3 2 2 7 11 0 0.6679862258057048 
4 4 7 1 13 0 0.4080487005666402 
1 7 2 8 7 0 0.04758090372939883 
---
2 13 20.19329631914456 5.0 5
4 4 7 1 13 0 0.4080487005666402 
7 11 0 9 3 0 0.2741123988636014 
2 2 2 1 7 0 0.5734566926037337 
7 7 4 8 3 1 0.11518461342968234 
12 7 8 4 8 1 0.4749087754747554 
---
2 14 18.671601891836314 8.0 5
12 7 8 4 2 1 0.15839238298375657 
1 7 2 8 7 0 0.04758090372939883 
3 2 2 7 11 0 0.6679862258057048 
4 4 8 8 2 1 0.12090089816969285 
4 4 7 1 13 0 0.4080487005666402 
2 2 7 1 3 0 0.7987179085384595 
7 11 0 9 3 0 0.2741123988636014 
7 7 4 8 3 1 0.11518461342968234 
---
2 15 18.465967509767633 9.0 5
12 7 8 4 2 1 0.15839238298375657 
3 2 2 7 11 0 0.6679862258057048 
7 11 13 1 13 1 0.9475231191552127 
1 7 2 8 7 0 0.04758090372939883 
4 4 7 1 13 0 0.4080487005666402 
4 4 8 8 2 1 0.12090089816969285 
2 2 7 1 3 0 0.7987179085384595 
7 11 0 9 3 0 0.2741123988636014 
7 7 4 8 3 1 0.11518461342968234 
---
2 16 18.465967509767633 9.0 5
12 7 8 4 2 1 0.15839238298375657 
3 2 2 7 11 0 0.6679862258057048 
7 11 13 1 13 1 0.9475231191552127 
1 7 2 8 7 0 0.04758090372939883 
4 4 7 1 13 0 0.4080487005666402 
4 4 8 8 2 1 0.12090089816969285 
2 2 7 1 3 0 0.7987179085384595 
7 11 0 9 3 0 0.2741123988636014 
7 7 4 8 3 1 0.11518461342968234 
---
2 17 17.869627801768456 18.0 5
8 0 7 1 11 0 0.9045027224914443 
4 12 13 11 11 0 0.4911024426025451 
3 2 2 7 11 0 0.6679862258057048 
7 7 4 8 3 1 0.11518461342968234 
12 7 8 4 12 1 0.24953135910439528 
4 4 7 1 13 0 0.4080487005666402 
7 11 0 9 3 0 0.2741123988636014 
4 4 8 13 1 1 0.12781333752838053 
7 11 13 1 13 1 0.9475231191552127 
7 4 9 4 2 0 0.37611288272897814 
4 4 8 8 2 1 0.12090089816969285 
7 7 13 4 4 0 0.06715000397066406 
8 0 14 1 11 1 0.24808061457250652 
4 3 13 12 1 1 0.14300774648353776 
3 11 10 1 10 1 1.0 
0 7 12 14 12 1 0.3070288768506664 
7 5 8 9 3 0 0.8196224519417528 
8 4 2 2 2 0 0.38267659213041727 
---
2 18 17.869627801768456 18.0 5
8 0 7 1 11 0 0.9045027224914443 
4 12 13 11 11 0 0.4911024426025451 
3 2 2 7 11 0 0.6679862258057048 
7 7 4 8 3 1 0.11518461342968234 
12 7 8 4 12 1 0.24953135910439528 
4 4 7 1 13 0 0.4080487005666402 
7 11 0 9 3 0 0.2741123988636014 
4 4 8 13 1 1 0.12781333752838053 
7 11 13 1 13 1 0.9475231191552127 
7 4 9 4 2 0 0.37611288272897814 
4 4 8 8 2 1 0.12090089816969285 
7 7 13 4 4 0 0.06715000397066406 
8 0 14 1 11 1 0.24808061457250652 
4 3 13 12 1 1 0.14300774648353776 
3 11 10 1 10 1 1.0 
0 7 12 14 12 1 0.3070288768506664 
7 5 8 9 3 0 0.8196224519417528 
8 4 2 2 2 0 0.38267659213041727 
---
2 19 18.239769689492082 14.0 5
7 7 4 8 3 1 0.11518461342968234 
8 0 14 1 11 1 0.24808061457250652 
7 11 0 9 3 0 0.2741123988636014 
4 4 8 13 1 1 0.12781333752838053 
4 12 13 11 11 0 0.4911024426025451 
12 7 8 4 12 1 0.24953135910439528 
7 4 9 4 2 0 0.37611288272897814 
4 4 8 8 2 1 0.12090089816969285 
3 2 2 7 11 0 0.6679862258057048 
7 11 13 1 13 1 0.9475231191552127 
8 0 7 1 11 0 0.9045027224914443 
4 4 7 1 13 0 0.4080487005666402 
0 7 12 14 12 1 0.3070288768506664 
3 11 10 1 10 1 1.0 
---
2 20 18.239769689492082 14.0 5
7 7 4 8 3 1 0.11518461342968234 
8 0 14 1 11 1 0.24808061457250652 
7 11 0 9 3 0 0.2741123988636014 
4 4 8 13 1 1 0.12781333752838053 
4 12 13 11 11 0 0.4911024426025451 
12 7 8 4 12 1 0.24953135910439528 
7 4 9 4 2 0 0.37611288272897814 
4 4 8 8 2 1 0.12090089816969285 
3 2 2 7 11 0 0.6679862258057048 
7 11 13 1 13 1 0.9475231191552127 
8 0 7 1 11 0 0.9045027224914443 
4 4 7 1 13 0 0.4080487005666402 
0 7 12 14 12 1 0.3070288768506664 
3 11 10 1 10 1 1.0 
---
3 0 29.36458975940777 1.0 5
1 0 2 2 2 0 0.06907078983983173 
---
3 1 17.91075467818219 20.0 5
11 13 1 8 4 0 0.6716437622118199 
7 7 9 4 11 0 0.5489066694933015 
11 7 2 4 8 1 0.45776116220158447 
11 7 12 4 3 1 0.2060883689883639 
7 7 13 3 9 1 0.7962120484690085 
11 1 3 10 1 1 0.8667899882171273 
7 3 8 12 1 1 0.35034534208904233 
2 4 7 8 3 0 0.36686731486360524 
7 1 0 2 1 0 0.07214043222179722 
7 11 4 11 9 0 0.44779257709275 
1 0 2 13 2 1 0.2905809666906247 
2 8 12 1 13 0 0.7809257674346395 
2 11 7 4 3 0 0.7029783935245615 
12 4 8 8 11 1 0.07996938040529633 
7 12 1 13 1 1 0.38601615648592125 
4 4 1 2 10 1 0.2930869087631467 
1 7 13 8 7 0 0.09126527306705201 
1 2 4 2 2 0 0.21707267082331172 
3 8 12 1 1 0 0.7465596824406956 
11 11 13 13 11 0 0.34849757699903816 
---
3 2 21.714990746452806 2.0 5
7 7 1 8 2 1 0.3503974237487093 
1 1 4 0 2 0 0.15092793251836434 
---
3 3 21.714990746452806 2.0 5
7 7 1 8 2 1 0.3503974237487093 
1 1 4 0 2 0 0.15092793251836434 
---
3 4 21.406539173349785 3.0 5
11 11 13 13 11 0 0.34849757699903816 
1 1 4 0 2 0 0.15092793251836434 
7 7 1 8 2 1 0.3503974237487093 
---
3 5 21.406539173349785 3.0 5
11 11 13 13 11 0 0.34849757699903816 
1 1 4 0 2 0 0.15092793251836434 
7 7 1 8 2 1 0.3503974237487093 
---
3 6 20.89245321817808 4.0 5
7 7 1 8 2 1 0.3503974237487093 
11 7 2 4 8 1 0.45776116220158447 
11 11 13 13 11 0 0.34849757699903816 
1 1 4 0 2 0 0.15092793251836434 
---
3 7 19.206251285214886 10.0 5
0 4 1 11 3 0 0.8610278152310595 
7 1 0 2 1 0 0.07214043222179722 
3 8 12 1 0 0 0.7467349360229978 
12 4 8 8 11 1 0.07996938040529633 
7 12 1 13 1 1 0.38601615648592125 
7 7 9 4 11 0 0.5489066694933015 
11 7 2 4 8 1 0.45776116220158447 
2 4 7 8 3 0 0.36686731486360524 
7 3 8 12 1 1 0.35034534208904233 
11 11 13 13 11 0 0.34849757699903816 
---
3 8 18.013571869216534 17.0 5
2 11 7 7 3 0 0.908136191634836 
12 4 8 8 11 1 0.07996938040529633 
7 11 4 11 9 0 0.44779257709275 
2 4 7 8 3 0 0.36686731486360524 
7 3 8 12 1 1 0.35034534208904233 
3 8 12 1 1 0 0.7465596824406956 
1 7 13 8 7 0 0.09126527306705201 
11 1 3 10 1 1 0.8667899882171273 
7 1 0 2 1 0 0.07214043222179722 
7 7 13 3 9 1 0.7962120484690085 
3 8 1 1 0 0 0.8087618916553772 
7 12 1 13 1 1 0.38601615648592125 
11 7 12 4 3 1 0.2060883689883639 
7 7 9 4 11 0 0.5489066694933015 
11 7 2 4 8 1 0.45776116220158447 
1 0 2 13 2 1 0.2905809666906247 
1 2 1 2 2 0 0.3790645083745474 
---
3 9 19.350195352662965 8.0 5
8 2 7 4 4 0 0.8924903597824305 
11 1 3 10 1 1 0.8667899882171273 
0 4 1 11 3 0 0.8610278152310595 
1 3 7 7 13 0 0.06888365588151557 
11 11 13 13 11 0 0.34849757699903816 
7 7 8 4 1 1 0.062369798934403975 
11 11 4 1 7 1 0.10381170691244956 
2 8 2 7 11 0 0.7590352487397187 
---
3 10 18.445404071560763 15.0 5
11 1 3 10 1 1 0.8667899882171273 
7 12 1 13 1 1 0.38601615648592125 
1 0 2 2 2 0 0.06907078983983173 
11 11 13 13 11 0 0.34849757699903816 
7 3 8 12 1 1 0.35034534208904233 
11 7 2 4 8 1 0.45776116220158447 
3 8 12 1 0 0 0.7467349360229978 
7 1 0 2 1 0 0.07214043222179722 
2 1 7 7 3 0 0.9201869885915668 
11 7 12 4 3 1 0.2060883689883639 
7 7 9 4 11 0 0.5489066694933015 
4 4 1 2 10 1 0.2930869087631467 
7 11 4 11 9 0 0.44779257709275 
2 4 7 8 3 0 0.36686731486360524 
12 4 8 8 11 1 0.07996938040529633 
---
3 11 20.33724038659264 5.0 5
11 1 13 12 7 0 0.17142730322394217 
11 11 13 13 11 0 0.34849757699903816 
8 2 7 4 4 0 0.8924903597824305 
0 4 0 11 3 0 0.8027523307356607 
7 7 8 4 1 1 0.062369798934403975 
---
3 12 19.925971622455275 6.0 5
7 7 8 4 1 1 0.062369798934403975 
11 11 4 1 7 1 0.10381170691244956 
8 2 7 4 4 0 0.8924903597824305 
11 11 13 13 11 0 0.34849757699903816 
2 8 2 7 11 0 0.7590352487397187 
0 4 1 11 3 0 0.8610278152310595 
---
3 13 19.925971622455275 6.0 5
7 7 8 4 1 1 0.062369798934403975 
11 11 4 1 7 1 0.10381170691244956 
8 2 7 4 4 0 0.8924903597824305 
11 11 13 13 11 0 0.34849757699903816 
2 8 2 7 11 0 0.7590352487397187 
0 4 1 11 3 0 0.8610278152310595 
---
3 14 19.473575981904172 7.0 5
8 2 7 4 4 0 0.8924903597824305 
2 8 2 7 11 0 0.7590352487397187 
1 3 7 7 13 0 0.06888365588151557 
0 4 1 11 3 0 0.8610278152310595 
11 11 4 1 7 1 0.10381170691244956 
7 7 8 4 1 1 0.062369798934403975 
11 11 13 13 11 0 0.34849757699903816 
---
3 15 20.89245321817808 4.0 5
11 11 13 13 11 0 0.34849757699903816 
11 7 2 4 8 1 0.45776116220158447 
7 7 1 8 2 1 0.3503974237487093 
1 1 4 0 2 0 0.15092793251836434 
---
3 16 20.33724038659264 5.0 5
11 1 13 12 7 0 0.17142730322394217 
11 11 13 13 11 0 0.34849757699903816 
8 2 7 4 4 0 0.8924903597824305 
0 4 0 11 3 0 0.8027523307356607 
7 7 8 4 1 1 0.062369798934403975 
---
3 17 19.350195352662965 8.0 5
8 2 7 4 4 0 0.8924903597824305 
11 1 3 10 1 1 0.8667899882171273 
0 4 1 11 3 0 0.8610278152310595 
1 3 7 7 13 0 0.06888365588151557 
11 11 13 13 11 0 0.34849757699903816 
7 7 8 4 1 1 0.062369798934403975 
11 11 4 1 7 1 0.10381170691244956 
2 8 2 7 11 0 0.7590352487397187 
---
3 18 19.103434094180546 11.0 5
12 4 8 8 11 1 0.07996938040529633 
11 7 12 4 3 1 0.2060883689883639 
2 4 7 8 3 0 0.36686731486360524 
7 3 8 12 1 1 0.35034534208904233 
11 7 2 4 8 1 0.45776116220158447 
7 12 1 13 1 1 0.38601615648592125 
7 7 9 4 11 0 0.5489066694933015 
7 1 0 2 1 0 0.07214043222179722 
3 8 12 1 0 0 0.7467349360229978 
1 1 1 2 2 0 0.13729500947786244 
2 1 7 7 3 0 0.9201869885915668 
---
3 19 18.897799712111865 12.0 5
7 3 8 12 1 1 0.35034534208904233 
11 7 12 4 3 1 0.2060883689883639 
7 1 0 2 1 0 0.07214043222179722 
7 7 9 4 11 0 0.5489066694933015 
7 11 4 11 9 0 0.44779257709275 
2 1 7 7 3 0 0.9201869885915668 
7 12 1 13 1 1 0.38601615648592125 
12 4 8 8 11 1 0.07996938040529633 
2 4 7 8 3 0 0.36686731486360524 
3 8 12 1 0 0 0.7467349360229978 
11 7 2 4 8 1 0.45776116220158447 
1 1 1 2 2 0 0.13729500947786244 
---
3 20 19.206251285214886 10.0 5
0 4 1 11 3 0 0.8610278152310595 
7 1 0 2 1 0 0.07214043222179722 
3 8 12 1 0 0 0.7467349360229978 
12 4 8 8 11 1 0.07996938040529633 
7 12 1 13 1 1 0.38601615648592125 
7 7 9 4 11 0 0.5489066694933015 
11 7 2 4 8 1 0.45776116220158447 
2 4 7 8 3 0 0.36686731486360524 
7 3 8 12 1 1 0.35034534208904233 
11 11 13 13 11 0 0.34849757699903816 
---
3 21 18.897799712111865 12.0 5
7 3 8 12 1 1 0.35034534208904233 
11 7 12 4 3 1 0.2060883689883639 
7 1 0 2 1 0 0.07214043222179722 
7 7 9 4 11 0 0.5489066694933015 
7 11 4 11 9 0 0.44779257709275 
2 1 7 7 3 0 0.9201869885915668 
7 12 1 13 1 1 0.38601615648592125 
12 4 8 8 11 1 0.07996938040529633 
2 4 7 8 3 0 0.36686731486360524 
3 8 12 1 0 0 0.7467349360229978 
11 7 2 4 8 1 0.45776116220158447 
1 1 1 2 2 0 0.13729500947786244 
---
3 22 18.63047501542258 13.0 5
2 4 7 8 3 0 0.36686731486360524 
3 8 12 1 0 0 0.7467349360229978 
11 7 2 4 8 1 0.45776116220158447 
7 1 0 2 1 0 0.07214043222179722 
7 12 1 13 1 1 0.38601615648592125 
1 1 1 2 2 0 0.13729500947786244 
12 4 8 8 11 1 0.07996938040529633 
11 7 12 4 3 1 0.2060883689883639 
7 11 4 11 9 0 0.44779257709275 
7 7 9 4 11 0 0.5489066694933015 
7 3 8 12 1 1 0.35034534208904233 
2 1 7 7 3 0 0.9201869885915668 
11 11 13 13 11 0 0.34849757699903816 
---
3 23 19.103434094180546 11.0 5
12 4 8 8 11 1 0.07996938040529633 
11 7 12 4 3 1 0.2060883689883639 
2 4 7 8 3 0 0.36686731486360524 
7 3 8 12 1 1 0.35034534208904233 
11 7 2 4 8 1 0.45776116220158447 
7 12 1 13 1 1 0.38601615648592125 
7 7 9 4 11 0 0.5489066694933015 
7 1 0 2 1 0 0.07214043222179722 
3 8 12 1 0 0 0.7467349360229978 
1 1 1 2 2 0 0.13729500947786244 
2 1 7 7 3 0 0.9201869885915668 
---
3 24 18.445404071560763 15.0 5
11 1 3 10 1 1 0.8667899882171273 
7 12 1 13 1 1 0.38601615648592125 
1 0 2 2 2 0 0.06907078983983173 
11 11 13 13 11 0 0.34849757699903816 
7 3 8 12 1 1 0.35034534208904233 
11 7 2 4 8 1 0.45776116220158447 
3 8 12 1 0 0 0.7467349360229978 
7 1 0 2 1 0 0.07214043222179722 
2 1 7 7 3 0 0.9201869885915668 
11 7 12 4 3 1 0.2060883689883639 
7 7 9 4 11 0 0.5489066694933015 
4 4 1 2 10 1 0.2930869087631467 
7 11 4 11 9 0 0.44779257709275 
2 4 7 8 3 0 0.36686731486360524 
12 4 8 8 11 1 0.07996938040529633 
---
3 25 19.473575981904172 7.0 5
8 2 7 4 4 0 0.8924903597824305 
2 8 2 7 11 0 0.7590352487397187 
1 3 7 7 13 0 0.06888365588151557 
0 4 1 11 3 0 0.8610278152310595 
11 11 4 1 7 1 0.10381170691244956 
7 7 8 4 1 1 0.062369798934403975 
11 11 13 13 11 0 0.34849757699903816 
---
3 26 18.63047501542258 13.0 5
2 4 7 8 3 0 0.36686731486360524 
3 8 12 1 0 0 0.7467349360229978 
11 7 2 4 8 1 0.45776116220158447 
7 1 0 2 1 0 0.07214043222179722 
7 12 1 13 1 1 0.38601615648592125 
1 1 1 2 2 0 0.13729500947786244 
12 4 8 8 11 1 0.07996938040529633 
11 7 12 4 3 1 0.2060883689883639 
7 11 4 11 9 0 0.44779257709275 
7 7 9 4 11 0 0.5489066694933015 
7 3 8 12 1 1 0.35034534208904233 
2 1 7 7 3 0 0.9201869885915668 
11 11 13 13 11 0 0.34849757699903816 
---
3 27 18.568784700801974 14.0 5
11 7 12 4 3 1 0.2060883689883639 
2 1 7 7 3 0 0.9201869885915668 
7 1 0 2 1 0 0.07214043222179722 
7 7 9 4 11 0 0.5489066694933015 
11 7 2 4 8 1 0.45776116220158447 
7 3 8 12 1 1 0.35034534208904233 
2 4 7 8 3 0 0.36686731486360524 
4 4 1 2 10 1 0.2930869087631467 
11 11 13 13 11 0 0.34849757699903816 
12 4 8 8 11 1 0.07996938040529633 
7 12 1 13 1 1 0.38601615648592125 
7 11 4 11 9 0 0.44779257709275 
3 8 12 1 0 0 0.7467349360229978 
1 0 2 2 2 0 0.06907078983983173 
---
3 28 18.568784700801974 14.0 5
11 7 12 4 3 1 0.2060883689883639 
2 1 7 7 3 0 0.9201869885915668 
7 1 0 2 1 0 0.07214043222179722 
7 7 9 4 11 0 0.5489066694933015 
11 7 2 4 8 1 0.45776116220158447 
7 3 8 12 1 1 0.35034534208904233 
2 4 7 8 3 0 0.36686731486360524 
4 4 1 2 10 1 0.2930869087631467 
11 11 13 13 11 0 0.34849757699903816 
12 4 8 8 11 1 0.07996938040529633 
7 12 1 13 1 1 0.38601615648592125 
7 11 4 11 9 0 0.44779257709275 
3 8 12 1 0 0 0.7467349360229978 
1 0 2 2 2 0 0.06907078983983173 
---
3 29 18.013571869216534 17.0 5
2 11 7 7 3 0 0.908136191634836 
12 4 8 8 11 1 0.07996938040529633 
7 11 4 11 9 0 0.44779257709275 
2 4 7 8 3 0 0.36686731486360524 
7 3 8 12 1 1 0.35034534208904233 
3 8 12 1 1 0 0.7465596824406956 
1 7 13 8 7 0 0.09126527306705201 
11 1 3 10 1 1 0.8667899882171273 
7 1 0 2 1 0 0.07214043222179722 
7 7 13 3 9 1 0.7962120484690085 
3 8 1 1 0 0 0.8087618916553772 
7 12 1 13 1 1 0.38601615648592125 
11 7 12 4 3 1 0.2060883689883639 
7 7 9 4 11 0 0.5489066694933015 
11 7 2 4 8 1 0.45776116220158447 
1 0 2 13 2 1 0.2905809666906247 
1 2 1 2 2 0 0.3790645083745474 
---
4 0 29.426280074028377 1.0 5
4 4 2 2 1 0 0.22447846653749814 
---
4 1 17.14990746452807 10.0 5
0 11 0 2 7 0 0.3037114660369602 
7 4 13 2 11 0 0.3248734675873646 
12 11 13 4 0 1 0.3744337213200071 
4 4 13 8 0 1 0.2577215168880458 
8 1 7 4 1 0 0.9562935125189382 
7 7 4 8 0 1 0.18366200367955898 
0 1 11 0 0 0 0.8774030246830042 
8 7 1 7 11 0 0.9569194964277823 
11 12 2 4 11 0 0.5527021401727357 
4 13 7 13 12 1 0.8805324224338407 
---
4 2 21.735554184659676 2.0 5
7 7 2 8 0 1 0.2064980722463836 
1 1 1 4 1 0 0.44683781738104256 
---
4 3 21.735554184659676 2.0 5
7 7 2 8 0 1 0.2064980722463836 
1 1 1 4 1 0 0.44683781738104256 
---
4 4 19.925971622455275 4.0 5
7 7 2 8 0 1 0.2064980722463836 
1 1 1 4 1 0 0.44683781738104256 
7 0 13 2 11 0 0.2801781160699133 
12 7 13 4 0 1 0.2731808144140475 
---
4 5 19.925971622455275 4.0 5
7 7 2 8 0 1 0.2064980722463836 
1 1 1 4 1 0 0.44683781738104256 
7 0 13 2 11 0 0.2801781160699133 
12 7 13 4 0 1 0.2731808144140475 
---
4 6 18.548221262595106 5.0 5
2 1 7 0 4 0 0.7791476048346473 
11 12 2 4 11 0 0.5527021401727357 
7 7 4 8 0 1 0.18366200367955898 
0 11 0 2 7 0 0.3037114660369602 
12 11 13 4 0 1 0.3744337213200071 
---
4 7 18.13695249845774 7.0 5
12 11 13 4 0 1 0.3744337213200071 
0 11 0 2 7 0 0.3037114660369602 
8 1 7 4 1 0 0.9562935125189382 
4 13 7 13 12 1 0.8805324224338407 
11 12 2 4 11 0 0.5527021401727357 
0 1 11 0 0 0 0.8774030246830042 
7 7 4 8 0 1 0.18366200367955898 
---
4 8 17.170470902734937 8.0 5
12 11 13 4 0 1 0.3744337213200071 
7 7 4 8 0 1 0.18366200367955898 
11 12 2 4 11 0 0.5527021401727357 
0 11 0 2 7 0 0.3037114660369602 
4 4 13 8 0 1 0.2577215168880458 
7 4 13 2 11 0 0.3248734675873646 
8 1 7 4 1 0 0.9562935125189382 
0 1 11 0 0 0 0.8774030246830042 
---
4 9 17.170470902734937 8.0 5
12 11 13 4 0 1 0.3744337213200071 
7 7 4 8 0 1 0.18366200367955898 
11 12 2 4 11 0 0.5527021401727357 
0 11 0 2 7 0 0.3037114660369602 
4 4 13 8 0 1 0.2577215168880458 
7 4 13 2 11 0 0.3248734675873646 
8 1 7 4 1 0 0.9562935125189382 
0 1 11 0 0 0 0.8774030246830042 
---
4 10 18.157515936664613 6.0 5
12 11 13 4 0 1 0.3744337213200071 
8 1 7 4 1 0 0.9562935125189382 
7 7 4 8 0 1 0.18366200367955898 
11 12 2 4 11 0 0.5527021401727357 
0 11 0 2 7 0 0.3037114660369602 
0 1 11 0 0 0 0.8774030246830042 
---
4 11 18.13695249845774 7.0 5
12 11 13 4 0 1 0.3744337213200071 
0 11 0 2 7 0 0.3037114660369602 
8 1 7 4 1 0 0.9562935125189382 
4 13 7 13 12 1 0.8805324224338407 
11 12 2 4 11 0 0.5527021401727357 
0 1 11 0 0 0 0.8774030246830042 
7 7 4 8 0 1 0.18366200367955898 
---
4 12 18.548221262595106 5.0 5
2 1 7 0 4 0 0.7791476048346473 
11 12 2 4 11 0 0.5527021401727357 
7 7 4 8 0 1 0.18366200367955898 
0 11 0 2 7 0 0.3037114660369602 
12 11 13 4 0 1 0.3744337213200071 
---
4 13 18.157515936664613 6.0 5
12 11 13 4 0 1 0.3744337213200071 
8 1 7 4 1 0 0.9562935125189382 
7 7 4 8 0 1 0.18366200367955898 
11 12 2 4 11 0 0.5527021401727357 
0 11 0 2 7 0 0.3037114660369602 
0 1 11 0 0 0 0.8774030246830042 
---
4 14 29.426280074028377 1.0 5
4 4 2 2 1 0 0.22447846653749814 
---
4 15 17.14990746452807 10.0 5
0 11 0 2 7 0 0.3037114660369602 
7 4 13 2 11 0 0.3248734675873646 
12 11 13 4 0 1 0.3744337213200071 
4 4 13 8 0 1 0.2577215168880458 
8 1 7 4 1 0 0.9562935125189382 
7 7 4 8 0 1 0.18366200367955898 
0 1 11 0 0 0 0.8774030246830042 
8 7 1 7 11 0 0.9569194964277823 
11 12 2 4 11 0 0.5527021401727357 
4 13 7 13 12 1 0.8805324224338407 
---
4 16 21.735554184659676 2.0 5
7 7 2 8 0 1 0.2064980722463836 
1 1 1 4 1 0 0.44683781738104256 
---
4 17 19.925971622455275 4.0 5
7 7 2 8 0 1 0.2064980722463836 
1 1 1 4 1 0 0.44683781738104256 
7 0 13 2 11 0 0.2801781160699133 
12 7 13 4 0 1 0.2731808144140475 
---
4 18 17.170470902734937 8.0 5
12 11 13 4 0 1 0.3744337213200071 
7 7 4 8 0 1 0.18366200367955898 
11 12 2 4 11 0 0.5527021401727357 
0 11 0 2 7 0 0.3037114660369602 
4 4 13 8 0 1 0.2577215168880458 
7 4 13 2 11 0 0.3248734675873646 
8 1 7 4 1 0 0.9562935125189382 
0 1 11 0 0 0 0.8774030246830042 
---
4 19 18.13695249845774 7.0 5
12 11 13 4 0 1 0.3744337213200071 
0 11 0 2 7 0 0.3037114660369602 
8 1 7 4 1 0 0.9562935125189382 
4 13 7 13 12 1 0.8805324224338407 
11 12 2 4 11 0 0.5527021401727357 
0 1 11 0 0 0 0.8774030246830042 
7 7 4 8 0 1 0.18366200367955898 
---
4 20 18.548221262595106 5.0 5
2 1 7 0 4 0 0.7791476048346473 
11 12 2 4 11 0 0.5527021401727357 
7 7 4 8 0 1 0.18366200367955898 
0 11 0 2 7 0 0.3037114660369602 
12 11 13 4 0 1 0.3744337213200071 
---
4 21 18.157515936664613 6.0 5
12 11 13 4 0 1 0.3744337213200071 
8 1 7 4 1 0 0.9562935125189382 
7 7 4 8 0 1 0.18366200367955898 
11 12 2 4 11 0 0.5527021401727357 
0 11 0 2 7 0 0.3037114660369602 
0 1 11 0 0 0 0.8774030246830042 
---
4 22 29.426280074028377 1.0 5
4 4 2 2 1 0 0.22447846653749814 
---
4 23 17.14990746452807 10.0 5
0 11 0 2 7 0 0.3037114660369602 
7 4 13 2 11 0 0.3248734675873646 
12 11 13 4 0 1 0.3744337213200071 
4 4 13 8 0 1 0.2577215168880458 
8 1 7 4 1 0 0.9562935125189382 
7 7 4 8 0 1 0.18366200367955898 
0 1 11 0 0 0 0.8774030246830042 
8 7 1 7 11 0 0.9569194964277823 
11 12 2 4 11 0 0.5527021401727357 
4 13 7 13 12 1 0.8805324224338407 
---
4 24 21.735554184659676 2.0 5
7 7 2 8 0 1 0.2064980722463836 
1 1 1 4 1 0 0.44683781738104256 
---
4 25 19.925971622455275 4.0 5
7 7 2 8 0 1 0.2064980722463836 
1 1 1 4 1 0 0.44683781738104256 
7 0 13 2 11 0 0.2801781160699133 
12 7 13 4 0 1 0.2731808144140475 
---
5 0 29.426280074028377 1.0 5
2 4 1 4 4 0 0.6454937759493707 
---
5 1 22.290767016245116 2.0 5
12 1 8 0 2 1 0.15919298740486498 
1 2 1 1 2 0 0.6081778869762833 
---
5 2 22.290767016245116 2.0 5
12 1 8 0 2 1 0.15919298740486498 
1 2 1 1 2 0 0.6081778869762833 
---
5 3 20.069915689903354 3.0 5
2 2 2 7 3 0 0.6717021357310966 
0 2 3 4 2 0 0.8701615106635299 
4 7 8 2 1 1 0.0797472281363596 
---
5 4 20.069915689903354 3.0 5
4 7 8 2 1 1 0.0797472281363596 
0 2 3 4 2 0 0.8701615106635299 
2 2 2 7 3 0 0.6717021357310966 
---
5 5 19.946535060662143 4.0 5
4 7 8 2 1 1 0.0797472281363596 
4 4 5 13 1 1 0.5539460576185492 
1 2 11 4 8 0 0.77129356628306 
2 2 2 1 3 0 0.5272163938637728 
---
5 6 19.946535060662143 4.0 5
4 7 8 2 1 1 0.0797472281363596 
4 4 5 13 1 1 0.5539460576185492 
1 2 11 4 8 0 0.77129356628306 
2 2 2 1 3 0 0.5272163938637728 
---
5 7 19.535266296524778 5.0 5
4 7 8 2 1 1 0.0797472281363596 
2 2 2 1 3 0 0.5272163938637728 
1 2 11 4 8 0 0.77129356628306 
7 6 4 13 7 0 0.3441497086171946 
4 4 5 13 1 1 0.5539460576185492 
---
5 8 19.535266296524778 5.0 5
4 7 8 2 1 1 0.0797472281363596 
2 2 2 1 3 0 0.5272163938637728 
1 2 11 4 8 0 0.77129356628306 
7 6 4 13 7 0 0.3441497086171946 
4 4 5 13 1 1 0.5539460576185492 
---
5 9 19.18568784700802 6.0 5
1 2 11 4 8 0 0.77129356628306 
4 7 8 2 1 1 0.0797472281363596 
7 6 4 13 7 0 0.3441497086171946 
2 2 2 1 3 0 0.5272163938637728 
4 4 5 13 1 1 0.5539460576185492 
7 1 4 9 6 0 0.0796190148091871 
---
5 10 19.18568784700802 6.0 5
1 2 11 4 8 0 0.77129356628306 
4 7 8 2 1 1 0.0797472281363596 
7 6 4 13 7 0 0.3441497086171946 
2 2 2 1 3 0 0.5272163938637728 
4 4 5 13 1 1 0.5539460576185492 
7 1 4 9 6 0 0.0796190148091871 
---
5 11 19.103434094180546 8.0 5
8 12 13 7 1 1 0.17780869732418836 
4 7 8 2 1 1 0.0797472281363596 
2 2 2 1 3 0 0.5272163938637728 
7 1 4 9 6 0 0.0796190148091871 
3 6 11 13 7 1 0.7278296001597858 
4 4 5 13 1 1 0.5539460576185492 
1 2 11 4 8 0 0.77129356628306 
7 6 4 13 7 0 0.3441497086171946 
---
5 12 19.16512440880115 7.0 5
2 2 2 1 3 0 0.5272163938637728 
7 1 4 9 6 0 0.0796190148091871 
1 2 11 4 8 0 0.77129356628306 
4 4 5 13 1 1 0.5539460576185492 
7 6 4 13 7 0 0.3441497086171946 
3 6 11 13 7 1 0.7278296001597858 
4 7 8 2 1 1 0.0797472281363596 
---
5 13 19.000616903146206 9.0 5
4 1 2 8 7 1 0.03411211462557451 
4 7 8 2 1 1 0.0797472281363596 
7 1 4 9 6 0 0.0796190148091871 
7 6 4 13 7 0 0.3441497086171946 
4 4 5 13 1 1 0.5539460576185492 
8 12 13 7 1 1 0.17780869732418836 
3 6 11 13 7 1 0.7278296001597858 
1 2 11 4 8 0 0.77129356628306 
2 2 2 1 3 0 0.5272163938637728 
---
5 14 19.16512440880115 7.0 5
2 2 2 1 3 0 0.5272163938637728 
7 1 4 9 6 0 0.0796190148091871 
1 2 11 4 8 0 0.77129356628306 
4 4 5 13 1 1 0.5539460576185492 
7 6 4 13 7 0 0.3441497086171946 
3 6 11 13 7 1 0.7278296001597858 
4 7 8 2 1 1 0.0797472281363596 
---
5 15 19.103434094180546 8.0 5
8 12 13 7 1 1 0.17780869732418836 
4 7 8 2 1 1 0.0797472281363596 
2 2 2 1 3 0 0.5272163938637728 
7 1 4 9 6 0 0.0796190148091871 
3 6 11 13 7 1 0.7278296001597858 
4 4 5 13 1 1 0.5539460576185492 
1 2 11 4 8 0 0.77129356628306 
7 6 4 13 7 0 0.3441497086171946 
---
5 16 19.000616903146206 9.0 5
4 1 2 8 7 1 0.03411211462557451 
4 7 8 2 1 1 0.0797472281363596 
7 1 4 9 6 0 0.0796190148091871 
7 6 4 13 7 0 0.3441497086171946 
4 4 5 13 1 1 0.5539460576185492 
8 12 13 7 1 1 0.17780869732418836 
3 6 11 13 7 1 0.7278296001597858 
1 2 11 4 8 0 0.77129356628306 
2 2 2 1 3 0 0.5272163938637728 
---
5 17 29.426280074028377 1.0 5
2 4 1 4 4 0 0.6454937759493707 
---
5 18 22.290767016245116 2.0 5
12 1 8 0 2 1 0.15919298740486498 
1 2 1 1 2 0 0.6081778869762833 
---
5 19 20.069915689903354 3.0 5
4 7 8 2 1 1 0.0797472281363596 
0 2 3 4 2 0 0.8701615106635299 
2 2 2 7 3 0 0.6717021357310966 
---
5 20 19.946535060662143 4.0 5
4 7 8 2 1 1 0.0797472281363596 
4 4 5 13 1 1 0.5539460576185492 
1 2 11 4 8 0 0.77129356628306 
2 2 2 1 3 0 0.5272163938637728 
---
5 21 19.535266296524778 5.0 5
1 2 11 4 8 0 0.77129356628306 
4 7 8 2 1 1 0.0797472281363596 
4 4 5 13 1 1 0.5539460576185492 
7 6 4 13 7 0 0.3441497086171946 
2 2 2 1 3 0 0.5272163938637728 
---
5 22 19.18568784700802 6.0 5
1 2 11 4 8 0 0.77129356628306 
4 7 8 2 1 1 0.0797472281363596 
7 6 4 13 7 0 0.3441497086171946 
2 2 2 1 3 0 0.5272163938637728 
4 4 5 13 1 1 0.5539460576185492 
7 1 4 9 6 0 0.0796190148091871 
---
5 23 19.16512440880115 7.0 5
2 2 2 1 3 0 0.5272163938637728 
7 1 4 9 6 0 0.0796190148091871 
1 2 11 4 8 0 0.77129356628306 
4 4 5 13 1 1 0.5539460576185492 
7 6 4 13 7 0 0.3441497086171946 
3 6 11 13 7 1 0.7278296001597858 
4 7 8 2 1 1 0.0797472281363596 
---
5 24 19.103434094180546 8.0 5
8 12 13 7 1 1 0.17780869732418836 
4 7 8 2 1 1 0.0797472281363596 
2 2 2 1 3 0 0.5272163938637728 
7 1 4 9 6 0 0.0796190148091871 
3 6 11 13 7 1 0.7278296001597858 
4 4 5 13 1 1 0.5539460576185492 
1 2 11 4 8 0 0.77129356628306 
7 6 4 13 7 0 0.3441497086171946 
---
5 25 19.000616903146206 9.0 5
4 1 2 8 7 1 0.03411211462557451 
4 7 8 2 1 1 0.0797472281363596 
7 1 4 9 6 0 0.0796190148091871 
7 6 4 13 7 0 0.3441497086171946 
4 4 5 13 1 1 0.5539460576185492 
8 12 13 7 1 1 0.17780869732418836 
3 6 11 13 7 1 0.7278296001597858 
1 2 11 4 8 0 0.77129356628306 
2 2 2 1 3 0 0.5272163938637728 
---
6 0 29.36458975940777 1.0 5
0 0 2 2 2 0 0.06811672664207025 
---
6 1 18.342586880526422 8.0 5
3 8 2 1 4 0 0.6882075942478789 
7 0 3 7 2 0 0.9156962652796374 
12 11 8 2 4 1 0.3703390784130016 
13 4 2 1 4 0 0.9392450156499415 
8 4 5 4 0 1 0.3090717687220135 
1 7 5 4 2 1 0.20678873215201343 
0 7 10 8 6 1 1.0 
11 6 12 8 3 0 0.5082624448854582 
---
6 2 22.311330454451983 2.0 5
4 0 2 2 2 0 0.037950990250527505 
11 7 2 13 2 1 0.3655204682494466 
---
6 3 20.666255397902532 3.0 5
3 8 0 7 7 0 0.8449148563906463 
12 0 13 2 0 1 0.2135122512762493 
1 0 2 2 2 0 0.012603220175820051 
---
6 4 19.329631914456098 4.0 5
12 0 13 2 0 1 0.2135122512762493 
3 8 0 7 7 0 0.8449148563906463 
4 0 2 2 2 0 0.037950990250527505 
11 7 2 13 2 1 0.3655204682494466 
---
6 5 22.311330454451983 2.0 5
11 7 2 13 2 1 0.3655204682494466 
4 0 2 2 2 0 0.037950990250527505 
---
6 6 20.666255397902532 3.0 5
3 8 0 7 7 0 0.8449148563906463 
12 0 13 2 0 1 0.2135122512762493 
1 0 2 2 2 0 0.012603220175820051 
---
6 7 19.329631914456098 4.0 5
11 7 2 13 2 1 0.3655204682494466 
4 0 2 2 2 0 0.037950990250527505 
12 0 13 2 0 1 0.2135122512762493 
3 8 0 7 7 0 0.8449148563906463 
---
6 8 18.774419082870654 5.0 5
7 0 3 7 2 0 0.9156962652796374 
13 4 2 1 4 0 0.9392450156499415 
8 4 5 4 0 1 0.3090717687220135 
3 8 2 1 1 0 0.6949408573961817 
12 11 8 2 4 1 0.3703390784130016 
---
6 9 18.774419082870654 5.0 5
7 0 3 7 2 0 0.9156962652796374 
13 4 2 1 4 0 0.9392450156499415 
8 4 5 4 0 1 0.3090717687220135 
3 8 2 1 1 0 0.6949408573961817 
12 11 8 2 4 1 0.3703390784130016 
---
6 10 18.548221262595106 6.0 5
12 11 8 2 4 1 0.3703390784130016 
13 4 2 1 4 0 0.9392450156499415 
8 4 5 4 0 1 0.3090717687220135 
7 0 3 7 2 0 0.9156962652796374 
3 8 2 1 4 0 0.6882075942478789 
1 7 5 4 2 1 0.20678873215201343 
---
6 11 18.548221262595106 6.0 5
12 11 8 2 4 1 0.3703390784130016 
13 4 2 1 4 0 0.9392450156499415 
8 4 5 4 0 1 0.3090717687220135 
7 0 3 7 2 0 0.9156962652796374 
3 8 2 1 4 0 0.6882075942478789 
1 7 5 4 2 1 0.20678873215201343 
---
6 12 18.363150318733293 7.0 5
12 11 8 2 4 1 0.3703390784130016 
13 4 2 1 4 0 0.9392450156499415 
8 4 5 4 0 1 0.3090717687220135 
0 7 10 8 6 1 1.0 
1 7 5 4 2 1 0.20678873215201343 
7 0 3 7 2 0 0.9156962652796374 
3 8 2 1 4 0 0.6882075942478789 
---
6 13 18.363150318733293 7.0 5
12 11 8 2 4 1 0.3703390784130016 
13 4 2 1 4 0 0.9392450156499415 
8 4 5 4 0 1 0.3090717687220135 
0 7 10 8 6 1 1.0 
1 7 5 4 2 1 0.20678873215201343 
7 0 3 7 2 0 0.9156962652796374 
3 8 2 1 4 0 0.6882075942478789 
---
6 14 29.36458975940777 1.0 5
0 0 2 4 2 0 0.20993755535731284 
---
6 15 18.342586880526422 8.0 5
3 8 2 1 4 0 0.6882075942478789 
7 0 3 7 2 0 0.9156962652796374 
12 11 8 2 4 1 0.3703390784130016 
13 4 2 1 4 0 0.9392450156499415 
8 4 5 4 0 1 0.3090717687220135 
1 7 5 4 2 1 0.20678873215201343 
0 7 10 8 6 1 1.0 
11 6 12 8 3 0 0.5082624448854582 
---
6 16 22.311330454451983 2.0 5
4 0 2 2 2 0 0.037950990250527505 
11 7 2 13 2 1 0.3655204682494466 
---
6 17 20.666255397902532 3.0 5
3 8 0 7 7 0 0.8449148563906463 
12 0 13 2 0 1 0.2135122512762493 
1 0 2 2 2 0 0.012603220175820051 
---
6 18 19.329631914456098 4.0 5
12 0 13 2 0 1 0.2135122512762493 
3 8 0 7 7 0 0.8449148563906463 
4 0 2 2 2 0 0.037950990250527505 
11 7 2 13 2 1 0.3655204682494466 
---
6 19 18.774419082870654 5.0 5
13 4 2 1 4 0 0.9392450156499415 
8 4 5 4 0 1 0.3090717687220135 
12 11 8 2 4 1 0.3703390784130016 
7 0 3 7 2 0 0.9156962652796374 
3 8 2 1 1 0 0.6949408573961817 
---
6 20 18.548221262595106 6.0 5
12 11 8 2 4 1 0.3703390784130016 
13 4 2 1 4 0 0.9392450156499415 
8 4 5 4 0 1 0.3090717687220135 
7 0 3 7 2 0 0.9156962652796374 
3 8 2 1 4 0 0.6882075942478789 
1 7 5 4 2 1 0.20678873215201343 
---
6 21 18.363150318733293 7.0 5
12 11 8 2 4 1 0.3703390784130016 
13 4 2 1 4 0 0.9392450156499415 
8 4 5 4 0 1 0.3090717687220135 
0 7 10 8 6 1 1.0 
1 7 5 4 2 1 0.20678873215201343 
7 0 3 7 2 0 0.9156962652796374 
3 8 2 1 4 0 0.6882075942478789 
---
6 22 29.36458975940777 1.0 5
0 0 2 4 2 0 0.20993755535731284 
---
6 23 18.342586880526422 8.0 5
3 8 2 1 4 0 0.6882075942478789 
7 0 3 7 2 0 0.9156962652796374 
12 11 8 2 4 1 0.3703390784130016 
13 4 2 1 4 0 0.9392450156499415 
8 4 5 4 0 1 0.3090717687220135 
1 7 5 4 2 1 0.20678873215201343 
0 7 10 8 6 1 1.0 
11 6 12 8 3 0 0.5082624448854582 
---
6 24 22.311330454451983 2.0 5
11 7 2 13 2 1 0.3655204682494466 
4 0 2 2 2 0 0.037950990250527505 
---
6 25 20.666255397902532 3.0 5
12 0 13 2 0 1 0.2135122512762493 
3 8 0 7 7 0 0.8449148563906463 
1 0 2 2 2 0 0.012603220175820051 
---
6 26 19.329631914456098 4.0 5
11 7 2 13 2 1 0.3655204682494466 
4 0 2 2 2 0 0.037950990250527505 
12 0 13 2 0 1 0.2135122512762493 
3 8 0 7 7 0 0.8449148563906463 
---
6 27 18.774419082870654 5.0 5
7 0 3 7 2 0 0.9156962652796374 
13 4 2 1 4 0 0.9392450156499415 
8 4 5 4 0 1 0.3090717687220135 
3 8 2 1 1 0 0.6949408573961817 
12 11 8 2 4 1 0.3703390784130016 
---
6 28 18.548221262595106 6.0 5
12 11 8 2 4 1 0.3703390784130016 
13 4 2 1 4 0 0.9392450156499415 
8 4 5 4 0 1 0.3090717687220135 
7 0 3 7 2 0 0.9156962652796374 
3 8 2 1 4 0 0.6882075942478789 
1 7 5 4 2 1 0.20678873215201343 
---
6 29 18.363150318733293 7.0 5
12 11 8 2 4 1 0.3703390784130016 
13 4 2 1 4 0 0.9392450156499415 
8 4 5 4 0 1 0.3090717687220135 
0 7 10 8 6 1 1.0 
1 7 5 4 2 1 0.20678873215201343 
7 0 3 7 2 0 0.9156962652796374 
3 8 2 1 4 0 0.6882075942478789 
---
6 30 29.36458975940777 1.0 5
0 0 2 4 2 0 0.20993755535731284 
---
6 31 18.342586880526422 8.0 5
3 8 2 1 4 0 0.6882075942478789 
7 0 3 7 2 0 0.9156962652796374 
12 11 8 2 4 1 0.3703390784130016 
13 4 2 1 4 0 0.9392450156499415 
8 4 5 4 0 1 0.3090717687220135 
1 7 5 4 2 1 0.20678873215201343 
0 7 10 8 6 1 1.0 
11 6 12 8 3 0 0.5082624448854582 
---
6 32 22.311330454451983 2.0 5
11 7 2 13 2 1 0.3655204682494466 
4 0 2 2 2 0 0.037950990250527505 
---
7 0 29.40571663582151 1.0 5
1 4 2 4 1 0 0.32922380170519316 
---
7 1 21.1392144766605 2.0 5
12 7 8 8 2 1 0.3609435739586262 
2 1 2 0 2 0 0.2982883631089839 
---
7 2 20.74850915073 4.0 5
12 1 8 8 0 1 0.2766421047478358 
11 12 13 4 4 0 0.3250548141003895 
7 12 8 8 8 1 0.5598229448565977 
2 4 1 2 4 0 0.5214129198394404 
---
7 3 21.1392144766605 2.0 5
12 7 8 8 2 1 0.3609435739586262 
2 1 2 0 2 0 0.2982883631089839 
---
7 4 16.34793337446021 17.0 5
7 7 7 8 10 1 0.3548204873607266 
3 0 1 4 2 0 0.3267633366249163 
3 8 8 1 4 0 0.5551168066599013 
11 4 2 2 1 0 0.1597080636098005 
4 13 8 8 1 1 0.11680353343509653 
13 4 13 2 0 0 0.6678586442675234 
7 4 8 2 8 1 0.43735733186944215 
12 4 8 5 1 1 0.3266654515696794 
4 1 12 2 3 0 0.13208295433804496 
12 7 13 2 4 1 0.2586323830279167 
8 1 1 2 4 0 0.7478851310040276 
12 7 8 4 10 1 0.31999721551538185 
12 4 13 2 1 1 0.16608964473527055 
7 4 10 2 0 1 0.5120358311226085 
11 12 13 4 4 0 0.3250548141003895 
7 11 8 12 6 1 0.3565860895045516 
12 7 8 8 4 1 0.2974537150020029 
---
7 5 17.95188155459593 14.0 5
11 12 13 4 4 0 0.3250548141003895 
11 7 3 1 10 1 0.7293544293803662 
12 4 13 2 1 1 0.16608964473527055 
7 12 8 8 8 1 0.5598229448565977 
2 1 1 2 4 0 0.49078412819532025 
11 0 5 1 13 1 0.6160304151876228 
3 8 8 1 4 0 0.5551168066599013 
11 3 4 8 4 1 0.10346962791576764 
8 1 1 2 4 0 0.7478851310040276 
12 4 13 2 4 1 0.1910983192879132 
4 13 8 8 0 1 0.12609702954287216 
12 7 8 4 10 1 0.31999721551538185 
8 1 1 2 7 0 0.8134372771127709 
12 1 8 8 0 1 0.2766421047478358 
---
7 6 16.162862430598395 21.0 5
8 1 1 2 4 0 0.7478851310040276 
11 12 13 4 4 0 0.3250548141003895 
3 0 1 4 2 0 0.3267633366249163 
7 4 8 2 8 1 0.43735733186944215 
3 8 8 1 4 0 0.5551168066599013 
12 7 8 8 4 1 0.2974537150020029 
11 4 2 2 1 0 0.1597080636098005 
12 4 8 5 1 1 0.3266654515696794 
4 1 12 2 3 0 0.13208295433804496 
3 12 7 11 12 0 0.9069835747930284 
7 7 7 8 10 1 0.3548204873607266 
4 13 8 8 1 1 0.11680353343509653 
7 11 8 12 6 1 0.3565860895045516 
12 4 13 2 1 1 0.16608964473527055 
13 4 13 2 0 0 0.6678586442675234 
12 7 13 2 4 1 0.2586323830279167 
12 7 8 4 10 1 0.31999721551538185 
11 0 5 1 13 1 0.6160304151876228 
4 7 12 12 8 1 0.12400518135315375 
11 7 3 1 10 1 0.7293544293803662 
7 7 10 8 0 1 1.0 
---
7 7 20.74850915073 4.0 5
12 1 8 8 0 1 0.2766421047478358 
11 12 13 4 4 0 0.3250548141003895 
7 12 8 8 8 1 0.5598229448565977 
2 4 1 2 4 0 0.5214129198394404 
---
7 8 19.576393172938516 5.0 5
7 12 8 8 8 1 0.5598229448565977 
12 1 8 8 0 1 0.2766421047478358 
12 7 13 2 4 1 0.2586323830279167 
11 12 13 4 4 0 0.3250548141003895 
2 4 1 2 4 0 0.5214129198394404 
---
7 9 19.576393172938516 5.0 5
7 12 8 8 8 1 0.5598229448565977 
12 1 8 8 0 1 0.2766421047478358 
12 7 13 2 4 1 0.2586323830279167 
11 12 13 4 4 0 0.3250548141003895 
2 4 1 2 4 0 0.5214129198394404 
---
7 10 19.535266296524778 6.0 5
2 1 1 2 4 0 0.49078412819532025 
8 7 1 2 0 0 0.6929776745633913 
12 1 13 2 0 1 0.23054528168027577 
7 12 8 8 8 1 0.5598229448565977 
11 12 13 4 4 0 0.3250548141003895 
12 1 8 8 0 1 0.2766421047478358 
---
7 11 19.535266296524778 6.0 5
2 1 1 2 4 0 0.49078412819532025 
8 7 1 2 0 0 0.6929776745633913 
12 1 13 2 0 1 0.23054528168027577 
7 12 8 8 8 1 0.5598229448565977 
11 12 13 4 4 0 0.3250548141003895 
12 1 8 8 0 1 0.2766421047478358 
---
7 12 18.28089656590582 7.0 5
12 1 8 8 0 1 0.2766421047478358 
2 1 1 2 4 0 0.49078412819532025 
8 7 1 2 0 0 0.6929776745633913 
12 1 13 2 0 1 0.23054528168027577 
11 12 13 4 4 0 0.3250548141003895 
3 8 8 1 4 0 0.5551168066599013 
7 12 8 8 8 1 0.5598229448565977 
---
7 13 17.95188155459593 14.0 5
11 12 13 4 4 0 0.3250548141003895 
11 7 3 1 10 1 0.7293544293803662 
12 4 13 2 1 1 0.16608964473527055 
7 12 8 8 8 1 0.5598229448565977 
2 1 1 2 4 0 0.49078412819532025 
11 0 5 1 13 1 0.6160304151876228 
3 8 8 1 4 0 0.5551168066599013 
11 3 4 8 4 1 0.10346962791576764 
8 1 1 2 4 0 0.7478851310040276 
12 4 13 2 4 1 0.1910983192879132 
4 13 8 8 0 1 0.12609702954287216 
12 7 8 4 10 1 0.31999721551538185 
8 1 1 2 7 0 0.8134372771127709 
12 1 8 8 0 1 0.2766421047478358 
---
7 14 18.28089656590582 7.0 5
12 1 8 8 0 1 0.2766421047478358 
2 1 1 2 4 0 0.49078412819532025 
8 7 1 2 0 0 0.6929776745633913 
12 1 13 2 0 1 0.23054528168027577 
11 12 13 4 4 0 0.3250548141003895 
3 8 8 1 4 0 0.5551168066599013 
7 12 8 8 8 1 0.5598229448565977 
---
7 15 18.116389060250874 8.0 5
11 12 13 4 4 0 0.3250548141003895 
2 1 1 2 4 0 0.49078412819532025 
8 7 1 2 0 0 0.6929776745633913 
3 8 8 1 4 0 0.5551168066599013 
11 7 3 4 10 1 0.6258524567564474 
12 1 13 2 0 1 0.23054528168027577 
7 12 8 8 8 1 0.5598229448565977 
12 1 8 8 0 1 0.2766421047478358 
---
7 16 16.34793337446021 17.0 5
7 7 7 8 10 1 0.3548204873607266 
3 0 1 4 2 0 0.3267633366249163 
3 8 8 1 4 0 0.5551168066599013 
11 4 2 2 1 0 0.1597080636098005 
4 13 8 8 1 1 0.11680353343509653 
13 4 13 2 0 0 0.6678586442675234 
7 4 8 2 8 1 0.43735733186944215 
12 4 8 5 1 1 0.3266654515696794 
4 1 12 2 3 0 0.13208295433804496 
12 7 13 2 4 1 0.2586323830279167 
8 1 1 2 4 0 0.7478851310040276 
12 7 8 4 10 1 0.31999721551538185 
12 4 13 2 1 1 0.16608964473527055 
7 4 10 2 0 1 0.5120358311226085 
11 12 13 4 4 0 0.3250548141003895 
7 11 8 12 6 1 0.3565860895045516 
12 7 8 8 4 1 0.2974537150020029 
---
7 17 18.116389060250874 8.0 5
11 12 13 4 4 0 0.3250548141003895 
2 1 1 2 4 0 0.49078412819532025 
8 7 1 2 0 0 0.6929776745633913 
3 8 8 1 4 0 0.5551168066599013 
11 7 3 4 10 1 0.6258524567564474 
12 1 13 2 0 1 0.23054528168027577 
7 12 8 8 8 1 0.5598229448565977 
12 1 8 8 0 1 0.2766421047478358 
---
7 18 16.162862430598395 21.0 5
8 1 1 2 4 0 0.7478851310040276 
11 12 13 4 4 0 0.3250548141003895 
3 0 1 4 2 0 0.3267633366249163 
7 4 8 2 8 1 0.43735733186944215 
3 8 8 1 4 0 0.5551168066599013 
12 7 8 8 4 1 0.2974537150020029 
11 4 2 2 1 0 0.1597080636098005 
12 4 8 5 1 1 0.3266654515696794 
4 1 12 2 3 0 0.13208295433804496 
3 12 7 11 12 0 0.9069835747930284 
7 7 7 8 10 1 0.3548204873607266 
4 13 8 8 1 1 0.11680353343509653 
7 11 8 12 6 1 0.3565860895045516 
12 4 13 2 1 1 0.16608964473527055 
13 4 13 2 0 0 0.6678586442675234 
12 7 13 2 4 1 0.2586323830279167 
12 7 8 4 10 1 0.31999721551538185 
11 0 5 1 13 1 0.6160304151876228 
4 7 12 12 8 1 0.12400518135315375 
11 7 3 1 10 1 0.7293544293803662 
7 7 10 8 0 1 1.0 
---
7 19 16.183425868805266 18.0 5
8 7 1 2 4 0 0.7169306512508795 
11 12 13 4 4 0 0.3250548141003895 
3 0 1 4 2 0 0.3267633366249163 
7 4 8 2 8 1 0.43735733186944215 
3 8 8 1 4 0 0.5551168066599013 
12 7 8 8 4 1 0.2974537150020029 
11 4 2 2 1 0 0.1597080636098005 
12 4 8 5 1 1 0.3266654515696794 
7 7 7 8 10 1 0.3548204873607266 
4 1 12 2 3 0 0.13208295433804496 
4 13 8 8 1 1 0.11680353343509653 
13 4 13 2 0 0 0.6678586442675234 
7 11 8 12 6 1 0.3565860895045516 
12 7 13 2 4 1 0.2586323830279167 
12 4 13 2 1 1 0.16608964473527055 
12 7 8 4 10 1 0.31999721551538185 
11 0 5 1 13 1 0.6160304151876228 
11 7 3 1 10 1 0.7293544293803662 
---
7 20 16.183425868805266 18.0 5
8 7 1 2 4 0 0.7169306512508795 
11 12 13 4 4 0 0.3250548141003895 
3 0 1 4 2 0 0.3267633366249163 
7 4 8 2 8 1 0.43735733186944215 
3 8 8 1 4 0 0.5551168066599013 
12 7 8 8 4 1 0.2974537150020029 
11 4 2 2 1 0 0.1597080636098005 
12 4 8 5 1 1 0.3266654515696794 
7 7 7 8 10 1 0.3548204873607266 
4 1 12 2 3 0 0.13208295433804496 
4 13 8 8 1 1 0.11680353343509653 
13 4 13 2 0 0 0.6678586442675234 
7 11 8 12 6 1 0.3565860895045516 
12 7 13 2 4 1 0.2586323830279167 
12 4 13 2 1 1 0.16608964473527055 
12 7 8 4 10 1 0.31999721551538185 
11 0 5 1 13 1 0.6160304151876228 
11 7 3 1 10 1 0.7293544293803662 
---
8 0 29.38515319761464 1.0 5
4 2 1 0 2 0 0.5979678181590264 
---
8 1 18.71272876825005 11.0 5
4 1 1 1 2 0 0.5340574158088769 
11 4 4 8 10 1 0.48355715582937964 
12 1 13 4 4 1 0.2608682606479096 
11 8 8 4 1 0 0.5062113474098988 
7 4 8 8 12 1 0.34672017563745583 
13 7 4 4 7 0 0.9907264584276079 
7 8 1 4 2 0 0.7382339490482367 
11 7 13 2 11 0 0.19923611800620233 
7 7 5 9 6 1 0.7438999698876327 
7 4 4 4 8 1 0.1929043329785718 
2 11 12 2 4 0 0.21201542429670495 
---
8 2 21.92062512852149 2.0 5
4 2 1 1 2 0 0.6910126997475756 
12 7 4 8 4 1 0.21929442693212375 
---
8 3 21.92062512852149 2.0 5
4 2 1 1 2 0 0.6910126997475756 
12 7 4 8 4 1 0.21929442693212375 
---
8 4 21.838371375694017 3.0 5
4 2 0 1 2 0 0.5649445158879115 
7 4 8 0 8 1 0.4417646459521336 
1 1 4 2 10 1 0.4165048234061377 
---
8 5 21.838371375694017 3.0 5
1 1 4 2 10 1 0.4165048234061377 
4 2 0 1 2 0 0.5649445158879115 
7 4 8 0 8 1 0.4417646459521336 
---
8 6 21.385975735142914 4.0 5
7 4 8 8 12 1 0.34672017563745583 
7 4 8 0 8 1 0.4417646459521336 
4 2 0 1 2 0 0.5649445158879115 
1 1 4 2 10 1 0.4165048234061377 
---
8 7 21.385975735142914 4.0 5
7 4 8 0 8 1 0.4417646459521336 
4 2 0 1 2 0 0.5649445158879115 
1 1 4 2 10 1 0.4165048234061377 
7 4 8 8 12 1 0.34672017563745583 
---
8 8 20.954143532798682 5.0 5
1 1 4 2 10 1 0.4165048234061377 
7 4 8 0 8 1 0.4417646459521336 
4 2 0 1 2 0 0.5649445158879115 
2 11 12 2 4 0 0.21201542429670495 
7 4 8 8 12 1 0.34672017563745583 
---
8 9 19.843717869627802 7.0 5
7 4 8 8 12 1 0.34672017563745583 
11 7 13 2 11 0 0.19923611800620233 
0 2 1 1 2 0 0.6789577966946803 
2 11 12 2 4 0 0.21201542429670495 
7 4 4 4 8 1 0.1929043329785718 
11 4 4 8 10 1 0.48355715582937964 
12 1 13 4 4 1 0.2608682606479096 
---
8 10 19.699773802179724 8.0 5
2 11 12 2 4 0 0.21201542429670495 
12 1 13 4 4 1 0.2608682606479096 
7 4 8 8 12 1 0.34672017563745583 
11 4 4 8 10 1 0.48355715582937964 
7 7 5 9 6 1 0.7438999698876327 
7 4 4 4 8 1 0.1929043329785718 
0 2 1 1 2 0 0.6789577966946803 
11 7 13 2 11 0 0.19923611800620233 
---
8 11 19.699773802179724 8.0 5
2 11 12 2 4 0 0.21201542429670495 
12 1 13 4 4 1 0.2608682606479096 
7 4 8 8 12 1 0.34672017563745583 
11 4 4 8 10 1 0.48355715582937964 
7 7 5 9 6 1 0.7438999698876327 
7 4 4 4 8 1 0.1929043329785718 
0 2 1 1 2 0 0.6789577966946803 
11 7 13 2 11 0 0.19923611800620233 
---
8 12 18.815545959284393 9.0 5
7 7 5 9 6 1 0.7438999698876327 
11 8 8 4 1 0 0.5062113474098988 
7 4 8 8 12 1 0.34672017563745583 
12 1 13 4 4 1 0.2608682606479096 
11 4 4 8 10 1 0.48355715582937964 
2 11 12 2 4 0 0.21201542429670495 
0 2 1 1 2 0 0.6789577966946803 
11 7 13 2 11 0 0.19923611800620233 
7 4 4 4 8 1 0.1929043329785718 
---
8 13 20.954143532798682 5.0 5
1 1 4 2 10 1 0.4165048234061377 
7 4 8 0 8 1 0.4417646459521336 
4 2 0 1 2 0 0.5649445158879115 
2 11 12 2 4 0 0.21201542429670495 
7 4 8 8 12 1 0.34672017563745583 
---
8 14 20.54287476866132 6.0 5
11 8 8 4 1 0 0.5062113474098988 
1 1 4 2 10 1 0.4165048234061377 
7 4 8 8 12 1 0.34672017563745583 
4 2 0 1 2 0 0.5649445158879115 
7 4 8 0 8 1 0.4417646459521336 
2 11 12 2 4 0 0.21201542429670495 
---
8 15 18.815545959284393 9.0 5
7 7 5 9 6 1 0.7438999698876327 
11 8 8 4 1 0 0.5062113474098988 
7 4 8 8 12 1 0.34672017563745583 
12 1 13 4 4 1 0.2608682606479096 
11 4 4 8 10 1 0.48355715582937964 
2 11 12 2 4 0 0.21201542429670495 
0 2 1 1 2 0 0.6789577966946803 
11 7 13 2 11 0 0.19923611800620233 
7 4 4 4 8 1 0.1929043329785718 
---
8 16 20.54287476866132 6.0 5
11 8 8 4 1 0 0.5062113474098988 
1 1 4 2 10 1 0.4165048234061377 
7 4 8 8 12 1 0.34672017563745583 
4 2 0 1 2 0 0.5649445158879115 
7 4 8 0 8 1 0.4417646459521336 
2 11 12 2 4 0 0.21201542429670495 
---
8 17 19.843717869627802 7.0 5
7 4 8 8 12 1 0.34672017563745583 
2 11 12 2 4 0 0.21201542429670495 
11 4 4 8 10 1 0.48355715582937964 
0 2 1 1 2 0 0.6789577966946803 
12 1 13 4 4 1 0.2608682606479096 
11 7 13 2 11 0 0.19923611800620233 
7 4 4 4 8 1 0.1929043329785718 
---
8 18 29.38515319761464 1.0 5
4 2 1 0 2 0 0.5979678181590264 
---
8 19 18.71272876825005 11.0 5
4 1 1 1 2 0 0.5340574158088769 
11 4 4 8 10 1 0.48355715582937964 
12 1 13 4 4 1 0.2608682606479096 
11 8 8 4 1 0 0.5062113474098988 
7 4 8 8 12 1 0.34672017563745583 
13 7 4 4 7 0 0.9907264584276079 
7 8 1 4 2 0 0.7382339490482367 
11 7 13 2 11 0 0.19923611800620233 
7 7 5 9 6 1 0.7438999698876327 
7 4 4 4 8 1 0.1929043329785718 
2 11 12 2 4 0 0.21201542429670495 
---
8 20 21.92062512852149 2.0 5
4 2 1 1 2 0 0.6910126997475756 
12 7 4 8 4 1 0.21929442693212375 
---
8 21 21.838371375694017 3.0 5
4 2 0 1 2 0 0.5649445158879115 
7 4 8 0 8 1 0.4417646459521336 
1 1 4 2 10 1 0.4165048234061377 
---
8 22 21.385975735142914 4.0 5
7 4 8 0 8 1 0.4417646459521336 
4 2 0 1 2 0 0.5649445158879115 
1 1 4 2 10 1 0.4165048234061377 
7 4 8 8 12 1 0.34672017563745583 
---
8 23 19.699773802179724 8.0 5
11 7 13 2 11 0 0.19923611800620233 
0 2 1 1 2 0 0.6789577966946803 
7 7 5 9 6 1 0.7438999698876327 
12 1 13 4 4 1 0.2608682606479096 
7 4 8 8 12 1 0.34672017563745583 
2 11 12 2 4 0 0.21201542429670495 
11 4 4 8 10 1 0.48355715582937964 
7 4 4 4 8 1 0.1929043329785718 
---
8 24 20.954143532798682 5.0 5
2 11 12 2 4 0 0.21201542429670495 
4 2 0 1 2 0 0.5649445158879115 
7 4 8 8 12 1 0.34672017563745583 
1 1 4 2 10 1 0.4165048234061377 
7 4 8 0 8 1 0.4417646459521336 
---
8 25 18.815545959284393 9.0 5
7 7 5 9 6 1 0.7438999698876327 
11 8 8 4 1 0 0.5062113474098988 
7 4 8 8 12 1 0.34672017563745583 
12 1 13 4 4 1 0.2608682606479096 
11 4 4 8 10 1 0.48355715582937964 
2 11 12 2 4 0 0.21201542429670495 
0 2 1 1 2 0 0.6789577966946803 
11 7 13 2 11 0 0.19923611800620233 
7 4 4 4 8 1 0.1929043329785718 
---
8 26 20.54287476866132 6.0 5
11 8 8 4 1 0 0.5062113474098988 
1 1 4 2 10 1 0.4165048234061377 
7 4 8 8 12 1 0.34672017563745583 
4 2 0 1 2 0 0.5649445158879115 
7 4 8 0 8 1 0.4417646459521336 
2 11 12 2 4 0 0.21201542429670495 
---
8 27 19.843717869627802 7.0 5
7 4 8 8 12 1 0.34672017563745583 
11 7 13 2 11 0 0.19923611800620233 
0 2 1 1 2 0 0.6789577966946803 
2 11 12 2 4 0 0.21201542429670495 
7 4 4 4 8 1 0.1929043329785718 
11 4 4 8 10 1 0.48355715582937964 
12 1 13 4 4 1 0.2608682606479096 
---
8 28 29.38515319761464 1.0 5
2 2 1 2 2 0 0.5399525992584006 
---
8 29 18.71272876825005 11.0 5
4 1 1 1 2 0 0.5340574158088769 
11 4 4 8 10 1 0.48355715582937964 
12 1 13 4 4 1 0.2608682606479096 
11 8 8 4 1 0 0.5062113474098988 
7 4 8 8 12 1 0.34672017563745583 
13 7 4 4 7 0 0.9907264584276079 
7 8 1 4 2 0 0.7382339490482367 
11 7 13 2 11 0 0.19923611800620233 
7 7 5 9 6 1 0.7438999698876327 
7 4 4 4 8 1 0.1929043329785718 
2 11 12 2 4 0 0.21201542429670495 
