---
0 16.3529614919703 9.0 36 
0 0 0 0 0 0 0 0 0 0 0 0 0 0 0 7 0 5 2 0 0 0 4 0 8 0 0 0 0 0 0 0 0 2 0 0 2 0.18805289882778708
0 0 0 0 0 2 0 0 1 0 0 0 0 0 0 0 7 0 0 12 0 0 4 4 0 0 0 0 0 2 0 0 0 0 0 0 0 0.5438074883985413
0 0 0 11 4 2 0 0 12 0 0 0 0 0 0 0 4 0 0 0 0 0 0 0 0 0 0 0 0 0 1 0 0 8 0 0 5 0.2510477636529347
0 0 0 0 0 0 0 0 0 10 0 0 0 0 0 0 0 0 8 0 0 0 0 0 0 0 0 0 0 0 0 0 0 0 0 0 1 0.9678229690754114
4 0 0 0 0 0 0 0 0 0 0 0 0 0 0 0 7 11 0 12 7 0 0 4 0 0 0 0 7 0 0 0 0 0 0 0 4 0.6261828660133422
0 4 4 0 0 0 0 0 8 0 0 0 0 0 0 0 0 0 0 0 0 0 0 0 0 0 0 0 4 7 0 0 0 0 0 4 5 0.13265124976272902
0 0 0 0 0 0 0 0 0 0 0 0 4 0 0 0 0 0 0 0 0 0 0 0 0 0 0 0 0 0 0 11 7 6 0 0 4 0.8947515923198825
0 0 0 0 7 0 13 0 2 0 0 0 0 0 0 0 0 0 0 0 7 0 0 0 0 0 0 0 0 0 0 0 0 0 0 7 0 0.6668979895571188
0 0 0 0 0 0 0 0 0 0 0 0 0 0 0 0 0 0 8 0 0 0 0 0 0 0 0 5 3 0 0 0 0 0 0 0 1 0.9573147063936023
---
1 15.351407356242444 15.0 36 
2 4 0 0 2 1 0 0 1 0 7 0 4 0 0 7 4 0 0 0 0 0 0 0 0 0 1 11 12 0 0 0 0 0 0 0 5 0.4956390363403138
2 0 0 0 2 0 4 0 0 0 7 0 0 4 0 1 12 4 0 1 0 0 0 0 4 0 1 0 12 0 0 11 0 0 0 0 5 0.4599024254297639
0 0 0 0 0 0 0 0 0 0 0 0 0 0 0 3 0 0 0 1 0 0 6 0 0 0 0 0 0 8 0 0 0 0 4 0 5 0.9135662764781616
7 0 0 12 0 0 0 0 0 0 4 4 4 0 2 1 0 2 0 4 0 0 0 2 0 0 0 0 7 2 0 7 4 0 0 0 0 0.6712677121042687
0 0 0 0 4 0 0 0 0 13 11 0 0 0 0 0 0 0 0 11 0 0 0 0 0 0 0 0 0 0 12 0 0 0 0 0 3 0.24381949805531455
0 0 0 0 2 11 0 0 0 7 0 0 0 0 0 0 1 0 0 0 11 0 0 0 0 0 0 0 0 0 7 0 0 0 0 0 4 0.23288498694616577
0 0 0 0 0 0 0 7 0 0 0 0 0 0 0 0 0 0 0 8 0 11 0 0 0 0 0 0 12 0 0 0 0 0 0 0 4 0.527215881204771
0 0 0 7 0 4 4 0 0 0 0 0 0 0 0 0 8 0 0 0 0 0 0 0 2 0 0 1 0 0 0 7 0 13 11 0 3 0.3549124481793424
0 0 12 4 0 6 0 0 0 0 2 0 0 0 1 0 0 0 0 0 0 0 0 0 0 0 0 0 0 0 0 0 1 0 0 0 1 0.640683432101155
0 0 0 1 8 0 0 0 0 0 0 0 0 5 0 7 0 5 0 4 0 0 0 7 0 0 0 0 8 0 1 4 0 5 0 0 2 0.6502960148495919
0 0 2 0 0 0 0 0 0 0 0 4 0 0 0 0 0 0 0 0 0 0 0 0 0 0 0 0 0 6 4 13 0 0 2 0 1 0.9573782323958387
0 2 0 0 2 0 1 0 0 0 0 0 0 0 0 3 4 0 0 11 0 0 0 0 0 4 0 0 4 0 11 11 0 0 0 0 5 0.7583744643433132
2 0 0 0 2 0 4 0 4 0 7 1 0 4 0 7 4 4 0 0 0 0 0 0 0 0 1 0 12 0 0 4 0 0 0 0 5 0.22893405332712324
0 8 0 0 1 0 0 7 11 0 0 0 0 0 0 0 0 0 0 7 0 0 0 0 3 0 0 0 1 0 0 0 1 0 0 0 0 0.8742092889541975
1 1 0 0 0 11 0 0 7 7 0 12 0 0 0 0 0 0 0 0 0 0 0 4 0 0 0 0 0 0 7 12 0 0 0 0 4 0.4025042785420513
---
2 16.871006734588153 13.0 36 
0 0 8 7 0 0 0 7 0 0 4 0 0 0 8 0 2 2 0 0 0 5 0 0 0 0 0 4 0 0 0 0 0 0 0 0 2 0.42533510483801695
0 2 0 0 0 0 0 0 0 0 0 7 0 0 0 0 0 12 0 11 0 0 0 0 4 0 0 0 0 0 0 11 0 0 0 0 5 0.4217786786360105
0 0 0 12 0 0 0 7 1 0 0 0 0 0 0 0 0 0 0 0 0 0 0 0 0 0 0 0 7 0 0 0 4 8 0 12 0 0.587893810489357
0 0 0 0 0 0 0 0 7 0 13 0 4 0 0 0 0 0 0 4 0 0 0 8 0 0 0 8 0 0 0 4 0 0 0 0 0 0.7375734046505984
0 0 0 0 0 0 0 7 0 0 0 0 0 4 0 0 0 0 0 7 0 4 0 0 0 0 0 7 6 0 0 0 0 0 0 0 0 0.7338292776478708
0 2 0 0 0 0 0 0 0 0 0 1 0 0 7 0 0 12 0 11 0 0 0 0 4 0 0 0 4 0 0 0 0 0 0 0 5 0.483086977950985
0 0 0 0 0 0 0 0 0 0 0 0 0 6 0 0 0 0 2 2 0 0 0 0 0 0 0 0 0 0 0 0 0 0 4 0 1 0.9382426700718056
0 0 0 0 0 3 0 0 0 0 0 0 0 0 0 0 0 0 0 0 10 0 2 0 0 0 0 0 0 0 0 0 3 0 0 0 1 0.913880026092069
0 1 0 0 0 0 11 0 4 0 0 0 0 11 0 0 0 12 0 11 0 0 0 0 4 0 0 0 0 0 0 11 0 0 0 0 5 0.7946398625175402
0 0 0 0 0 0 0 0 3 0 7 0 0 0 0 0 0 11 0 0 11 11 0 0 0 0 0 0 0 0 7 0 0 0 0 0 4 0.6289618955725382
0 0 0 0 0 0 0 0 0 0 0 0 0 7 0 0 11 0 0 0 11 11 0 0 0 0 0 0 0 0 0 0 0 3 4 0 4 0.5468437745643024
0 0 0 0 0 0 0 0 0 0 0 0 0 5 0 0 0 0 0 0 0 0 0 10 0 0 0 1 0 0 0 0 0 0 0 0 2 0.927494786487985
0 0 0 0 0 0 0 0 0 0 0 0 0 7 0 0 0 7 0 0 0 0 0 0 0 0 0 0 0 3 0 12 0 0 0 0 4 0.3957505737369482
---
3 18.78777413227422 11.0 36 
0 8 3 6 0 0 0 0 0 0 0 1 12 0 0 2 0 0 0 0 0 13 0 0 4 0 0 0 0 0 0 0 1 0 0 0 5 0.5360108312762386
0 0 0 0 0 0 0 0 0 0 0 0 14 4 0 0 0 0 0 0 0 0 0 0 0 0 0 0 0 0 0 0 0 0 0 0 2 0.9965782720273735
0 0 0 0 0 0 0 0 0 0 0 0 0 0 0 0 0 0 0 0 0 3 1 0 0 0 0 0 0 3 0 0 4 0 0 7 4 0.6402712628477263
0 0 0 0 0 0 4 0 0 0 11 0 0 0 0 0 0 0 0 0 0 0 0 0 0 0 0 0 0 12 13 0 0 12 0 0 5 0.4345268089106151
0 0 0 0 0 0 0 0 0 0 0 0 0 0 0 0 0 3 8 2 0 0 0 0 0 0 0 2 0 0 0 0 0 0 0 0 1 0.9889190480724082
4 0 1 7 1 0 0 4 0 2 0 2 0 2 0 4 1 2 1 1 1 0 2 1 7 0 2 1 1 0 1 12 7 2 2 12 0 0.9514094550754593
0 1 0 0 4 0 0 0 0 2 0 3 0 0 0 0 0 12 0 0 0 0 0 0 1 0 0 0 0 7 0 0 0 4 0 0 5 0.5851731128898703
0 13 0 0 13 0 0 0 0 8 0 7 0 0 4 0 0 0 0 2 0 13 13 0 0 0 0 0 0 0 0 0 0 8 8 12 2 0.8175626721096843
0 0 0 0 4 0 0 11 0 0 0 7 4 0 1 0 13 4 0 0 0 0 7 0 0 4 4 0 0 0 0 1 0 0 0 11 3 0.3099157469374888
0 4 0 0 0 0 2 0 0 0 0 0 0 0 0 0 0 0 4 0 0 0 0 0 0 0 0 12 0 0 0 0 3 0 0 0 0 0.6944437785266138
0 0 0 0 0 0 0 7 0 0 0 0 4 4 0 0 7 0 0 0 0 0 3 11 0 4 0 0 0 0 0 4 0 1 0 0 5 0.49430728187137163
---
4 17.250906579174583 13.0 36 
12 0 0 0 0 0 0 12 0 0 8 0 0 13 2 0 0 0 4 8 0 0 0 0 0 0 0 0 0 0 0 0 0 0 0 0 0 0.7246914261625128
0 0 1 0 0 1 0 0 4 0 0 0 0 0 0 11 0 12 0 0 0 0 0 3 0 0 0 1 0 0 0 0 0 0 0 0 5 0.6124456512969751
3 0 0 0 0 12 0 0 0 0 2 0 3 0 0 0 0 0 0 0 0 0 0 0 0 0 0 0 0 0 0 0 0 0 0 0 0 0.6462219704293091
0 0 0 0 0 0 0 0 0 1 2 0 0 0 8 0 0 0 0 0 0 0 0 0 0 0 0 0 0 10 0 0 0 0 0 0 1 0.9915122611420346
0 0 0 0 0 4 1 0 0 4 0 0 4 0 0 11 4 0 0 0 2 0 0 0 0 0 0 1 0 0 0 0 0 1 0 0 5 0.47651650698656267
0 0 0 0 0 0 0 0 0 0 0 0 0 1 0 0 0 1 0 0 0 0 0 0 0 11 1 0 0 0 0 0 0 11 0 0 4 0.5945448824434665
0 0 0 0 0 0 0 0 0 0 0 0 0 0 0 11 0 0 0 0 0 7 0 3 0 0 0 0 0 0 0 0 0 0 0 0 5 0.13247452487418632
0 0 0 0 0 0 0 0 0 13 11 0 0 0 0 7 4 0 0 0 0 0 0 0 0 0 4 0 0 13 0 7 0 0 0 0 3 0.5636783073128742
0 0 0 0 0 0 0 0 0 1 2 0 0 0 0 0 0 0 0 0 1 0 0 0 0 0 0 0 0 0 0 0 0 1 0 0 1 0.14245690692728163
0 11 11 0 0 0 0 0 0 0 0 4 0 0 0 0 0 7 0 0 0 0 0 0 0 0 0 0 0 0 0 0 0 1 0 0 4 0.2735867776991374
0 0 0 0 0 0 0 0 11 0 0 0 0 1 0 0 0 0 0 0 3 11 0 0 0 0 0 0 0 0 0 0 0 0 0 0 4 0.2544352693419435
0 0 0 0 0 0 0 0 0 11 0 0 0 0 0 0 0 13 0 0 0 0 0 0 0 0 7 0 0 0 0 0 0 0 0 0 3 0.24366700867641944
0 0 0 0 0 4 2 4 0 0 8 0 2 0 8 12 13 0 8 0 0 0 0 0 0 0 0 4 8 0 0 0 0 0 0 4 2 0.8638014358071388
---
5 21.170782248316353 11.0 36 
0 0 0 0 8 0 0 0 0 0 0 0 4 0 7 0 0 0 0 0 4 0 0 0 0 0 7 0 4 12 0 0 0 0 0 7 5 0.6270629878568625
13 0 4 2 0 0 0 4 0 0 0 1 0 0 0 12 0 0 0 0 0 0 0 0 0 0 0 0 0 2 0 0 0 0 0 0 2 0.45570095268739663
0 0 0 0 0 0 0 0 0 0 7 0 0 0 0 0 0 0 0 0 0 0 0 0 11 6 0 0 0 12 1 0 0 0 4 0 4 0.8479245895113867
0 0 0 0 0 2 0 0 0 0 0 0 0 0 0 12 1 0 0 0 0 0 0 0 0 4 0 0 0 7 8 0 0 0 0 0 0 0.2969694400203542
1 0 0 0 0 0 0 0 0 0 0 0 0 0 0 0 0 0 0 0 0 8 8 7 0 0 0 0 0 0 0 0 7 0 0 12 0 0.6962978275089613
0 0 0 0 12 0 0 0 12 0 8 0 0 0 0 0 0 0 0 0 0 4 0 0 0 0 0 0 0 7 0 0 0 11 0 0 4 0.38149320734548375
0 1 0 0 0 0 0 0 0 11 0 0 0 0 0 0 0 0 0 4 0 0 0 0 0 0 4 8 0 0 0 7 0 0 0 0 4 0.23267929150001687
0 0 0 0 0 11 0 6 0 0 0 1 0 0 0 0 0 0 0 0 0 0 0 0 0 0 0 12 0 0 0 0 0 0 0 0 4 0.4497218223860846
0 0 0 0 0 11 0 0 0 0 13 0 0 0 0 8 0 0 0 0 0 0 0 0 0 2 0 0 0 0 0 0 0 0 0 0 1 0.7136958459776359
0 0 0 7 0 0 0 0 0 0 0 0 0 0 0 0 0 0 0 0 0 8 0 7 0 0 0 0 0 0 0 0 0 6 0 2 3 0.877532511039854
0 1 0 0 0 11 0 0 0 0 0 0 0 0 0 3 0 0 0 4 0 0 0 0 0 0 4 0 0 0 0 0 0 0 0 0 4 0.06876429459805955
---
6 15.506820929027802 14.0 36 
0 0 0 0 0 0 0 0 0 0 0 0 0 0 0 0 0 0 0 0 2 2 8 2 0 0 0 0 0 11 0 0 0 0 0 0 1 0.42397064603087875
3 0 0 0 0 0 0 7 0 0 0 0 0 0 0 0 0 0 0 0 0 0 0 4 11 0 0 0 0 12 4 0 0 0 12 0 0 0.7348044928630566
0 2 0 0 10 0 0 0 0 0 7 0 1 0 0 0 0 0 0 0 0 0 0 0 0 0 0 0 0 0 0 0 0 0 0 0 0 0.33222480192207415
0 0 12 0 0 0 0 0 4 0 0 0 0 12 0 0 0 0 4 7 12 0 0 0 0 0 12 0 0 0 0 0 0 0 0 11 3 0.10478679120922663
0 0 0 1 2 0 4 0 0 0 0 7 0 0 0 0 4 4 7 11 0 4 0 0 0 0 4 11 2 4 0 0 0 0 0 0 5 0.34851403811844783
0 0 12 0 0 0 0 0 4 0 0 0 0 12 0 0 0 0 4 7 12 0 0 0 0 0 12 0 0 0 0 0 0 11 0 11 5 0.45973724899241475
0 5 0 0 0 0 0 0 0 0 0 7 0 0 0 0 13 0 0 0 5 0 0 2 0 0 0 7 0 0 0 4 0 0 0 0 2 0.8822559862135553
4 0 0 1 2 4 1 7 0 0 0 0 0 0 0 7 0 0 7 0 0 0 0 1 4 0 0 11 4 4 0 0 0 0 0 0 5 0.48945687125358295
0 0 0 1 2 0 1 0 0 0 0 7 0 0 0 0 4 4 7 11 0 4 0 0 0 0 4 7 2 4 0 0 0 0 0 0 5 0.32007298371042825
0 0 0 0 0 11 0 0 0 0 0 0 0 0 0 0 0 0 0 0 0 0 0 0 0 7 0 0 7 0 0 0 0 0 0 12 4 0.43869792990896594
0 12 0 0 0 0 0 0 0 0 0 7 0 0 0 0 13 0 0 0 5 0 0 2 0 5 0 7 0 0 0 4 0 0 0 0 2 0.7476121472663448
0 0 0 0 11 0 0 0 0 0 0 0 7 0 0 0 0 0 0 11 0 6 0 0 4 0 0 0 0 0 0 0 0 0 0 0 4 0.9983656275516912
0 0 0 0 0 0 0 0 0 0 0 0 0 0 0 0 0 1 0 0 0 6 0 2 0 0 0 1 0 0 0 4 0 0 0 0 1 0.5421789124874982
0 2 0 0 1 0 0 7 0 0 0 2 1 0 0 0 0 0 0 0 1 0 0 0 0 0 0 4 0 2 0 0 1 2 2 0 0 0.647373187156156
---
7 16.19754791918494 14.0 36 
0 0 0 0 0 12 0 0 0 0 0 0 0 7 0 0 0 0 11 11 0 0 0 6 0 0 0 0 0 0 0 0 0 7 0 0 5 0.8474644539993978
0 4 0 0 0 0 0 0 0 0 0 11 0 0 1 0 0 0 7 11 12 4 1 0 0 0 0 4 2 0 0 0 0 0 0 0 5 0.5311610081898248
0 0 2 0 0 4 0 0 0 0 0 0 3 0 0 12 0 0 0 0 7 0 0 0 0 0 0 0 0 0 0 4 1 0 2 0 0 0.7479484182291716
0 0 0 0 0 0 4 0 0 0 0 0 0 0 0 0 13 0 0 8 2 0 0 0 8 13 0 0 13 0 0 1 0 0 0 0 2 0.7952016518710268
0 0 0 0 0 0 0 13 0 0 0 0 0 0 0 0 0 11 0 0 0 0 0 0 0 0 0 0 0 1 0 0 0 0 0 0 1 0.9736767821381891
0 0 0 0 0 0 0 0 0 0 0 0 0 2 0 0 0 0 11 0 0 0 0 6 0 0 11 0 0 0 0 0 0 0 0 0 5 0.7836691383104751
0 0 0 0 0 0 0 0 0 0 0 0 0 0 0 0 0 0 1 2 0 10 0 0 0 0 0 0 0 0 0 0 1 0 0 0 1 0.9600683356524624
0 0 0 0 0 0 0 0 0 8 2 0 0 0 0 0 0 9 0 2 0 0 0 0 0 0 0 0 0 0 0 4 7 0 2 0 0 0.9282284883245836
0 0 0 0 0 12 0 0 0 0 0 0 11 7 0 0 4 0 0 0 0 0 0 0 0 0 11 0 0 0 0 0 0 11 0 0 5 0.4557771288645074
0 4 0 0 0 0 0 0 13 0 0 0 0 0 0 0 12 0 0 0 0 0 0 0 12 0 0 0 0 4 0 0 12 0 3 0 5 0.4211599674121711
0 0 0 0 0 0 0 0 0 0 0 0 0 0 0 0 7 11 0 0 0 0 0 0 0 0 0 0 0 7 0 0 0 0 0 0 4 0.16217291716122006
0 0 0 0 0 0 0 0 0 0 0 0 0 0 0 0 0 0 0 0 0 11 0 0 0 4 0 0 0 0 7 0 0 0 0 4 4 0.023177632581251828
0 0 0 0 0 0 0 0 0 0 7 7 12 0 4 0 0 13 0 0 8 0 0 0 0 0 0 0 0 0 0 0 0 0 7 0 3 0.3078672981688795
2 0 0 0 2 0 0 0 0 0 0 1 4 4 0 0 0 13 8 0 0 0 0 4 0 0 0 0 0 0 8 7 8 0 0 0 2 0.4851102990557994
---
8 23.657399412882057 11.0 36 
0 0 0 4 4 2 0 4 1 0 0 4 0 0 2 0 0 0 0 0 0 0 2 0 0 2 0 0 1 2 0 0 0 0 0 7 0 0.6973134766027462
0 0 0 0 1 0 0 0 0 4 0 0 0 1 7 0 0 8 0 11 0 0 11 0 0 0 0 11 0 0 0 11 0 0 0 0 5 0.898408765893979
0 0 0 0 2 4 0 0 0 0 0 7 0 0 0 0 0 0 0 0 0 12 0 7 2 4 0 11 0 4 0 0 2 1 0 0 5 0.5727276076688401
0 0 0 0 2 4 0 0 0 0 0 1 0 0 0 0 4 0 0 0 0 4 0 7 2 4 0 0 0 0 0 11 2 1 0 7 5 0.40560313402743553
0 0 4 0 12 0 0 0 0 0 0 0 0 0 0 0 0 0 0 12 0 12 12 0 0 0 0 11 12 0 12 0 0 0 0 0 3 0.34886340787344383
2 0 2 0 13 5 2 0 0 0 0 0 0 0 0 0 0 0 0 0 0 13 0 0 0 8 0 0 0 0 0 0 2 8 0 0 2 0.6409154303179462
0 4 2 4 0 0 0 0 0 12 0 12 0 0 8 0 0 0 0 0 4 0 0 0 0 12 0 4 0 0 0 0 0 0 0 12 4 0.29004746353358213
0 0 0 1 4 1 0 0 4 4 1 0 0 0 7 0 0 0 0 11 0 0 11 0 7 0 0 11 0 0 1 0 0 0 0 0 5 0.8714079621121842
0 0 0 0 0 0 0 0 0 0 0 1 0 0 0 0 0 11 0 0 0 0 0 0 0 0 0 4 0 0 0 0 0 0 4 0 4 0.16174190826211943
0 0 0 0 0 6 0 0 0 0 0 0 0 0 0 0 0 0 0 0 0 0 0 0 0 0 0 4 0 0 2 0 0 0 4 2 1 0.8823044289379585
0 0 0 4 0 2 0 4 1 4 0 4 0 0 2 0 0 0 0 0 0 0 8 0 0 2 0 0 1 2 0 0 0 0 0 7 0 0.4686474629477413
