---
0 17.1875 19.0 5 
7 7 12 4 4 1 0.051999702906335044
1 4 7 11 11 0 0.8714797542493425
6 7 12 14 4 0 0.6622660960558446
4 0 14 0 8 1 0.35665365835427165
4 0 13 7 8 1 0.5322623483219799
7 7 12 7 8 1 0.13842890942065011
0 1 2 1 2 0 0.2920104303671036
1 12 13 1 11 0 0.4791247897907218
11 11 8 12 1 1 0.31540760682633917
4 6 12 13 4 0 0.49556236890480276
7 2 8 11 12 0 0.3867717731391138
0 1 2 1 10 1 0.168887564082165
11 4 8 12 10 1 0.40415073300281357
4 8 13 13 1 1 0.4225211313359034
4 6 12 13 1 0 0.4802189892940305
0 11 8 11 10 1 0.4388619762635284
11 12 13 1 1 0 0.442706922701394
7 12 13 12 1 0 0.21109976385712792
4 0 13 0 5 1 0.8861561307129604
---
1 17.269736842105264 17.0 5 
12 3 13 4 4 1 0.3295233285121202
1 7 4 13 4 1 0.20035209152707456
12 7 5 4 2 1 0.27181105511468195
4 7 13 2 0 1 0.08925158165303104
2 7 1 2 11 0 0.6130836051147491
4 7 4 8 0 1 0.11045320626434973
4 7 4 6 8 1 0.3064444789862477
2 12 7 1 1 0 0.8294544464044005
7 7 7 2 11 0 0.2237942082171014
11 7 13 2 7 0 0.2643085994488146
4 7 13 1 2 1 0.12018718166328668
11 8 8 1 2 0 0.5023009547179094
8 4 13 12 4 1 0.38198042819522415
7 3 4 4 6 1 0.15376932382911512
1 8 9 7 4 0 0.5574000753582211
2 1 7 7 2 0 0.892466012043502
1 8 4 13 4 1 0.13145563200955301
---
2 16.89967105263158 12.0 5 
2 3 7 0 1 0 0.7244286991732978
12 7 13 2 3 1 0.2152245320434676
3 12 2 4 4 0 0.28550116051103425
11 7 13 2 11 0 0.18783297194404214
13 1 1 0 2 0 0.9899907832794885
7 11 4 8 7 1 0.3110838133877869
11 1 8 4 8 1 0.42880153571275237
11 1 7 10 0 1 0.2917248091459417
1 9 7 7 1 0 0.9756142535929895
12 2 13 13 4 1 0.46409875055921057
3 1 5 4 7 0 0.3697982389654292
11 1 7 4 0 0 0.25953113241533154
---
3 17.310855263157894 10.0 5 
0 8 1 2 4 0 0.7145938799705316
11 4 2 2 11 0 0.28389953654623645
7 7 13 11 13 1 0.9091660513440727
7 4 4 13 4 1 0.2344464780714759
12 7 8 8 0 1 0.3393838039059376
12 7 13 2 1 1 0.31686829361379587
7 7 4 8 7 1 0.10801383625663585
2 11 1 4 4 0 0.5372946223135775
11 11 13 11 13 1 1.0
11 4 1 13 7 1 0.2149694153221675
---
4 18.009868421052634 14.0 5 
1 2 13 5 1 1 0.19593511292080712
3 7 7 13 8 1 0.1568530748266328
11 4 5 1 2 0 0.266870078328028
8 4 5 11 11 1 0.08130935410646267
7 4 4 9 1 0 0.09328396288650809
3 5 11 12 12 0 0.827479602056807
1 1 11 5 1 0 0.12138291564040338
2 2 7 3 2 0 0.8940148801608319
12 7 13 4 8 1 0.697183427531984
12 7 13 11 4 1 0.05690391749647805
3 4 7 13 3 1 0.2859737471812015
3 7 7 13 3 1 0.2291379862268954
8 3 4 3 1 0 0.8913748973551501
11 4 4 5 10 1 0.18049226969859689
---
5 15.522203947368421 25.0 5 
7 12 8 4 13 1 0.6202959569527857
8 4 7 13 11 0 0.7993476088135899
11 7 5 1 7 0 0.6226664642968796
4 7 13 1 8 1 0.5361144371693503
11 4 5 1 7 0 0.6505301888279433
11 11 8 12 1 1 0.2416866320293387
4 13 1 11 8 0 0.9592013443675784
1 7 1 1 2 0 0.31192839881579637
2 2 13 8 0 1 0.2893427682569001
11 7 5 4 1 0 0.2648699286287648
12 7 13 4 1 1 0.2514918565137507
3 7 12 4 7 0 0.1109980153018606
4 4 5 1 8 1 0.38340758464656677
12 12 13 4 1 1 0.17065848654070948
4 7 1 8 6 1 0.2391219771616282
2 13 11 1 11 0 0.9483529165268452
13 4 5 1 7 0 0.4613044052154549
1 3 12 7 11 0 0.49987398650663795
7 11 7 7 1 0 0.29767917208787
8 12 8 12 4 0 0.12022985688515697
7 7 6 8 6 1 0.6589194427455505
7 12 12 14 4 1 0.44575406257220784
1 11 1 2 11 0 0.24597644400249608
1 2 12 13 1 1 0.1175905000384525
4 7 12 8 4 1 0.06111690322429708
---
6 16.365131578947366 23.0 5 
8 12 7 2 2 0 0.882633813360066
3 12 8 4 7 0 0.4264269516105337
4 11 7 4 2 0 0.3425097136586698
3 12 4 12 11 0 0.5170309390703205
7 7 4 8 4 1 0.2132290686992926
7 7 0 8 12 1 0.312644091436282
4 11 4 2 7 0 0.17359684521032515
1 7 8 8 1 1 0.15368778829418583
7 14 3 7 7 0 0.9973349408354588
12 11 8 1 1 1 0.13303897271572085
12 12 13 13 11 1 0.40276414983462705
0 4 7 2 8 0 0.12777111139455033
3 4 5 2 7 0 0.37057601237026994
7 4 7 10 7 1 0.3806326566621092
11 1 8 2 7 0 0.1902069520227614
1 4 4 8 12 1 0.1016588700779062
12 12 13 8 4 1 0.3155748317721838
1 4 5 2 3 0 0.22530752187327496
11 7 1 4 13 1 0.2113653444041721
1 10 12 3 2 1 0.5071567081681139
12 11 1 1 1 0 0.18069173617319434
8 4 13 1 2 1 0.07624961579763412
3 2 4 8 4 1 0.020390303883292438
