---
0 18.73329220645692 18.0 5 
2 2 7 11 0 0 0.9155632532207532
0 8 5 4 7 0 0.4242672851175382
8 4 1 8 1 0 0.6069359513564145
1 12 8 1 8 1 0.3992680123849377
11 4 8 2 1 0 0.1417343471315733
7 7 1 8 7 1 0.10696553994531666
1 11 1 1 3 0 0.22305862689727807
7 8 14 1 7 0 0.699503530661862
1 11 7 2 1 0 0.14886516203015265
7 12 11 8 8 0 0.6703983626344054
11 1 12 8 1 1 0.09595516726867515
1 7 4 8 1 1 0.06565953190236318
1 12 4 5 7 1 0.22866872558888607
12 12 8 13 7 1 0.25323885548009106
7 7 13 12 10 1 0.32376764563628324
4 12 4 5 1 1 0.16685689155871386
3 10 3 10 1 1 0.3449684252137899
3 10 8 4 0 0 1.0
---
1 18.198642813078347 23.0 5 
11 12 7 11 10 0 0.27908853854683247
0 1 11 12 2 0 0.8572490690491479
12 12 7 13 11 0 0.28460690227557817
7 7 8 8 3 1 0.18477702613253677
0 1 11 8 2 0 0.6077633317799109
0 4 13 10 3 0 0.6680998902983588
11 2 2 2 4 0 0.13164129163176053
7 6 13 4 0 1 0.7773965313744013
4 12 8 13 11 1 0.1737369069506145
11 1 13 4 11 0 0.2733611237545883
4 7 1 5 6 1 0.31641604476733787
12 7 13 2 1 1 0.31282465904776124
7 7 2 2 7 0 0.08714990848418003
11 11 14 8 0 1 0.474175874792895
7 12 4 9 11 1 0.20653031147025458
7 11 1 4 3 1 0.09608868533957038
7 11 13 4 1 1 0.24556381122997584
8 4 13 12 1 1 0.3178044272966989
4 11 4 8 8 1 0.3391112171751003
4 9 2 8 7 0 0.5845010452757573
8 12 8 8 11 0 0.1713289243249264
12 7 2 2 11 0 0.14411824986473176
2 11 4 2 3 0 0.26881387047161853
---
2 18.75385564466379 11.0 5 
2 2 2 2 2 0 0.26720674634374086
12 7 13 4 2 1 0.3465048477623811
1 2 2 2 7 0 0.35593459317794407
1 4 8 13 3 1 0.10027499462965095
7 7 12 4 4 1 0.07401002809081325
4 11 7 3 3 0 0.8227200724510024
1 2 12 2 7 0 0.35073958842400743
12 4 13 5 1 1 0.3319079509409688
1 1 7 2 2 0 0.3927421747582993
7 7 12 8 4 1 0.2573540025962504
5 7 13 4 7 0 0.8012443118728116
---
3 17.108780588114332 21.0 5 
5 11 7 4 2 0 1.0
11 12 8 1 3 0 0.45627983058902477
11 0 3 2 1 0 0.5636166297589249
4 1 12 2 4 0 0.16508871345766385
7 1 7 2 4 0 0.22055654428023852
7 4 8 8 6 1 0.21817423121336255
7 7 5 4 7 0 0.2022941231738944
4 11 2 8 8 1 0.5804343111226504
11 7 7 8 4 1 0.27708235753337984
12 11 13 0 8 1 0.6195922185862488
1 4 4 2 2 0 0.1569039879968961
13 1 13 4 12 0 0.9160984660420607
12 1 13 8 11 1 0.22824196383874207
11 7 8 2 11 0 0.10416403643631078
4 11 7 4 8 1 0.4041419373245927
0 0 13 1 10 1 0.36390158890679136
12 4 13 0 6 1 0.1502595881268678
12 1 13 9 11 1 0.3818125545537807
12 1 5 4 12 1 0.22791360251668857
4 1 11 10 1 1 0.6466263802629224
4 11 7 4 2 0 0.39294647049215925
---
4 17.170470902734937 11.0 5 
4 7 2 8 1 1 0.0820688534681655
7 7 7 6 7 1 0.1357034189233286
12 7 8 0 2 1 0.22356862023434365
4 7 8 4 8 1 0.48813139848871767
3 7 5 2 11 0 0.4109589213398186
4 3 4 4 4 0 0.14974445035308181
7 0 11 4 8 0 0.6779458067918864
13 0 1 1 2 0 0.9873977306723227
2 0 1 1 2 0 0.6656539366216709
1 2 2 1 2 0 0.37487978653232235
1 4 2 4 2 0 0.1890908253598782
---
5 16.718075262183838 15.0 5 
2 11 1 7 2 0 0.6966060093092181
2 12 1 1 2 0 0.664335854845568
11 12 1 3 4 0 0.6990886160565546
7 7 4 8 2 1 0.11686193142146939
11 8 1 12 6 0 0.6191955637763309
12 7 8 0 2 1 0.17141921003277094
12 4 13 2 1 1 0.13868045892300196
11 7 13 8 7 0 0.11571784097046178
11 7 14 10 1 0 0.8696598840061833
4 7 8 7 8 1 0.35800827262346746
11 11 4 5 7 0 0.09601546218252355
11 1 1 9 3 1 0.11172636226754618
0 7 11 2 8 0 0.453110337429957
2 1 1 1 2 0 0.6015574479679939
4 7 11 10 1 1 0.8399116384040889
---
6 18.486530947974504 11.0 5 
4 7 8 8 1 1 0.2556013700973856
2 1 0 2 1 0 0.3604144055166245
1 2 2 1 2 0 0.37061985076875303
1 7 13 1 8 1 0.4060653133920815
11 12 13 1 7 0 0.597239178074149
11 7 8 14 1 0 0.36136961835283654
11 12 12 1 8 1 0.32428143956050715
8 13 13 11 11 1 0.2127462269670204
7 4 13 1 8 1 0.31028417846032497
12 7 13 1 10 1 0.3800372903536091
7 4 2 13 7 1 0.18925078955315255
