---
0 17.211597779148676 4.0 5 
2 1 1 2 4 0 0.4807721821556681
12 1 13 2 0 1 0.210961634357393
3 0 0 2 7 0 0.2582197097902288
7 7 4 8 4 1 0.22446247573550804
---
1 17.91075467818219 7.0 5 
3 0 0 2 7 0 0.2582197097902288
2 1 1 2 4 0 0.4807721821556681
3 0 0 2 11 0 0.2618600715947208
7 7 4 8 4 1 0.19237147489565287
7 7 4 8 4 1 0.19237147489565287
12 1 13 2 0 1 0.210961634357393
3 0 0 2 7 0 0.2582197097902288
---
2 17.170470902734937 4.0 5 
3 0 0 2 7 0 0.2582197097902288
7 7 4 8 4 1 0.21984818195708788
12 1 13 2 0 1 0.210961634357393
2 1 1 2 4 0 0.4807721821556681
---
3 16.656384947563232 10.0 5 
12 1 2 2 0 0 0.04261482693770313
12 1 13 2 0 1 0.210961634357393
7 7 4 8 4 1 0.21984818195708788
2 1 1 2 4 0 0.4807721821556681
1 8 7 12 3 0 0.8978439979870496
2 1 1 2 4 0 0.4807721821556681
11 12 4 13 1 1 0.24944757334054257
7 7 4 8 4 1 0.21984818195708788
12 1 13 2 0 1 0.210961634357393
3 0 0 2 7 0 0.2791756179985183
---
4 17.273288093769278 4.0 5 
2 1 1 2 4 0 0.4807721821556681
12 1 13 2 0 1 0.210961634357393
3 0 0 2 7 0 0.2582197097902288
7 7 4 8 4 1 0.19237147489565287
---
5 16.594694632942627 5.0 5 
7 7 4 8 4 1 0.21984818195708788
2 1 1 2 4 0 0.4807721821556681
12 1 13 2 0 1 0.1837927584105039
11 12 4 13 1 1 0.24944757334054257
3 0 0 2 7 0 0.2582197097902288
---
6 16.594694632942627 5.0 5 
7 7 4 8 4 1 0.21984818195708788
2 1 1 2 4 0 0.4807721821556681
12 1 13 2 0 1 0.1837927584105039
11 12 4 13 1 1 0.24944757334054257
3 0 0 2 7 0 0.2582197097902288
---
7 17.273288093769278 4.0 5 
12 1 13 2 0 1 0.1837927584105039
3 0 0 2 7 0 0.2582197097902288
7 7 4 8 4 1 0.21984818195708788
2 1 1 2 4 0 0.4807721821556681
---
8 17.211597779148676 4.0 5 
2 1 1 2 4 0 0.4807721821556681
12 1 13 2 0 1 0.210961634357393
3 0 0 2 7 0 0.2582197097902288
7 7 4 8 4 1 0.22446247573550804
