---
0 16.837993421052634 10.0 5 
1 2 2 2 4 0 0.2406470158653531
2 2 2 0 2 0 0.34444714357179995
11 4 13 4 4 0 0.23981929417395653
5 7 2 4 0 0 0.9638868976596422
12 12 4 13 0 1 0.3505106538132148
12 7 13 4 8 1 0.6397065137938391
2 1 2 2 0 0 0.22325272409745578
12 1 13 4 0 1 0.1674766778229705
7 8 4 8 2 0 0.2152165527512675
12 7 13 4 13 1 0.8487676280175415
---
1 16.324013157894736 8.0 5 
2 1 2 2 0 0 0.2075120209888981
7 5 2 11 4 0 0.9053616441597945
11 4 13 4 4 0 0.23981929417395653
13 1 2 2 0 0 0.9422353217086079
12 12 4 13 0 1 0.3505106538132148
12 7 13 4 8 1 0.6397065137938391
12 1 13 4 0 1 0.1674766778229705
4 11 4 2 3 1 0.018113637812381622
---
2 17.537006578947366 5.0 5 
1 2 2 2 0 0 0.2041604131314636
12 1 13 4 0 1 0.1674766778229705
11 4 13 4 4 0 0.23981929417395653
12 12 4 13 0 1 0.3505106538132148
12 7 13 4 8 1 0.7457255937648544
---
3 17.043585526315788 7.0 5 
12 7 13 4 8 1 0.6397065137938391
12 1 13 4 0 1 0.1674766778229705
4 1 2 2 1 0 0.14025858055399798
12 12 4 13 0 1 0.3505106538132148
13 1 2 2 0 0 0.9422353217086079
11 4 13 4 4 0 0.23981929417395653
12 7 13 4 8 1 0.6397065137938391
---
4 17.516447368421055 7.0 5 
11 4 13 4 4 0 0.23981929417395653
12 1 13 4 0 1 0.1674766778229705
2 2 2 2 0 0 0.3109986155083728
12 1 13 2 0 1 0.23221114885349137
12 7 13 4 8 1 0.6397065137938391
2 2 2 2 0 0 0.3109986155083728
12 12 4 13 0 1 0.3505106538132148
---
5 16.611842105263158 6.0 5 
12 8 7 8 11 0 0.6702879306427822
12 12 4 13 0 1 0.3505106538132148
12 7 13 4 8 1 0.6397065137938391
1 2 2 2 0 0 0.2041604131314636
11 4 13 4 4 0 0.23981929417395653
12 1 13 4 0 1 0.1674766778229705
---
6 17.701480263157894 6.0 5 
11 4 13 4 4 0 0.23981929417395653
12 1 13 4 0 1 0.1674766778229705
12 7 13 4 8 1 0.6397065137938391
12 12 4 13 0 1 0.3505106538132148
12 8 7 8 11 0 0.6702879306427822
1 2 2 2 4 0 0.255010912987482
---
7 16.858552631578945 6.0 5 
8 4 4 2 4 0 0.5861208479726356
1 1 2 2 0 0 0.10285897708472347
11 4 13 4 4 0 0.23981929417395653
12 12 4 13 0 1 0.3505106538132148
12 7 13 4 8 1 0.6397065137938391
12 1 13 4 0 1 0.1674766778229705
---
8 17.08470394736842 8.0 5 
7 2 11 7 4 0 0.9101251603248774
11 4 13 4 4 0 0.23981929417395653
5 12 4 4 4 0 0.9387992401087204
12 12 4 13 0 1 0.3505106538132148
1 1 2 2 0 0 0.09265255037568476
12 7 13 4 8 1 0.60368547144472
12 1 13 4 0 1 0.1674766778229705
11 12 13 9 4 0 0.28416901469619193
