---
0 15.99835492494345 6.0 5 
2 2 1 0 2 0 0.593985603530603
2 11 1 0 2 0 0.43078490515577617
7 3 8 7 8 1 0.448037149642482
11 4 5 2 7 0 0.3859897503076579
4 7 8 8 2 1 0.34999695719314605
12 4 13 2 1 1 0.14967993754833153
---
1 17.396668723010485 6.0 5 
2 2 2 4 4 0 0.4426713013882315
12 4 13 2 1 1 0.14967993754833153
4 7 8 8 2 1 0.34999695719314605
2 11 1 0 2 0 0.43078490515577617
11 4 5 2 7 0 0.3859897503076579
7 3 8 7 8 1 0.448037149642482
---
2 15.99835492494345 6.0 5 
2 11 1 0 2 0 0.43078490515577617
4 7 8 8 2 1 0.34999695719314605
2 2 1 0 2 0 0.593985603530603
7 3 8 7 8 1 0.448037149642482
12 4 13 2 1 1 0.14967993754833153
11 4 5 2 7 0 0.3859897503076579
---
3 17.663993419699775 5.0 5 
2 2 1 0 2 0 0.593985603530603
7 3 8 7 8 1 0.448037149642482
4 7 8 8 2 1 0.34999695719314605
12 4 13 2 1 1 0.14967993754833153
11 4 5 2 7 0 0.3859897503076579
---
4 15.99835492494345 6.0 5 
7 3 8 7 8 1 0.448037149642482
11 4 5 2 7 0 0.3859897503076579
4 7 8 8 2 1 0.34999695719314605
2 11 1 0 2 0 0.43078490515577617
2 2 1 0 2 0 0.593985603530603
12 4 13 2 1 1 0.14967993754833153
---
5 15.99835492494345 6.0 5 
12 4 13 2 1 1 0.14967993754833153
7 3 8 7 8 1 0.448037149642482
11 4 5 2 7 0 0.3859897503076579
2 2 1 0 2 0 0.593985603530603
4 7 8 8 2 1 0.34999695719314605
2 11 1 0 2 0 0.43078490515577617
---
6 15.99835492494345 6.0 5 
2 2 1 0 2 0 0.593985603530603
7 3 8 7 8 1 0.448037149642482
12 4 13 2 1 1 0.14967993754833153
11 4 5 2 7 0 0.3859897503076579
2 11 1 0 2 0 0.43078490515577617
4 7 8 8 2 1 0.34999695719314605
---
7 16.01891836315032 6.0 5 
4 7 8 8 2 1 0.32859518345789307
2 11 1 0 2 0 0.43078490515577617
11 4 5 2 7 0 0.3859897503076579
2 2 1 4 2 0 0.6239687964009049
12 4 13 2 1 1 0.14967993754833153
7 3 8 7 8 1 0.448037149642482
---
8 16.162862430598395 6.0 5 
7 3 8 7 8 1 0.448037149642482
11 4 5 2 7 0 0.3859897503076579
12 4 13 2 1 1 0.14967993754833153
2 11 1 0 2 0 0.43078490515577617
2 2 1 0 2 0 0.593985603530603
4 7 8 8 2 1 0.32859518345789307
