---
0 20.51459160766707 10.0 36 
0 0 0 0 0 0 0 0 12 0 0 0 0 0 0 0 0 0 0 0 7 0 3 0 0 0 0 0 5 0 0 0 0 0 0 0 5 0.4290080691499444
4 0 0 0 1 0 0 0 0 0 0 4 0 0 0 0 0 0 0 0 0 0 8 4 0 0 2 8 4 4 0 0 4 6 0 8 1 0.7258432631766596
4 0 0 0 1 0 0 0 0 0 0 4 0 0 0 0 0 0 0 0 0 0 8 4 0 0 2 8 4 4 0 0 4 8 0 8 0 0.8740385815007716
0 0 0 0 0 0 0 0 1 0 0 0 0 11 0 0 0 0 0 0 7 3 0 0 0 0 0 0 0 0 0 0 0 0 0 0 4 0.37066097786676333
0 0 0 0 0 0 0 0 0 0 0 0 4 0 0 0 0 4 0 0 0 12 0 0 0 0 11 11 0 0 0 11 12 0 11 0 5 0.8773405782917788
0 0 0 0 0 0 0 2 0 0 0 0 0 6 0 5 0 0 0 0 0 0 0 0 0 0 0 0 0 0 0 0 0 4 0 2 1 1.0
0 0 0 0 0 0 0 0 0 0 0 0 0 0 0 0 0 3 0 0 0 0 0 0 0 0 0 2 0 0 13 0 0 0 0 0 1 0.9994735012937455
0 0 0 0 0 12 0 0 0 0 12 0 0 0 7 0 0 1 0 0 0 0 0 0 8 8 0 0 0 0 12 0 0 0 0 0 3 0.13612837910257425
0 0 1 0 0 0 0 0 0 0 1 0 0 0 0 0 0 0 0 11 7 0 3 0 0 0 0 0 0 0 0 0 0 0 0 10 4 0.22770498383538906
0 0 0 0 8 0 0 0 8 0 0 0 0 13 13 0 0 0 0 0 0 0 4 0 0 0 0 0 5 13 0 1 13 2 0 0 2 0.9321296540360725
---
1 18.632360559488863 15.0 36 
0 0 0 0 0 0 0 4 0 0 0 0 0 0 0 0 0 0 0 0 0 10 8 0 0 0 0 0 0 0 4 0 0 0 0 0 1 0.9931695531731932
0 0 0 7 0 0 0 0 0 0 0 0 0 0 0 0 0 3 7 0 0 0 0 0 0 0 0 0 0 0 0 0 0 11 4 0 4 0.6310950093244136
0 0 0 7 0 0 0 0 0 0 0 0 0 0 0 0 0 3 7 0 0 0 0 0 0 0 7 0 0 0 0 7 0 0 4 7 4 0.3288930401443254
0 0 0 0 0 0 2 3 0 4 0 0 0 0 1 11 4 0 0 0 0 0 0 0 0 0 0 0 0 0 1 0 7 0 0 0 5 0.6008189212881645
0 13 0 0 0 0 0 0 0 0 0 0 12 0 0 0 0 0 0 0 0 0 0 11 13 0 0 0 0 0 8 0 0 0 0 0 3 0.09061746972804796
0 0 10 1 0 0 0 0 0 0 6 11 6 0 0 0 0 0 0 0 0 0 0 0 0 0 0 0 0 0 0 0 0 0 0 0 4 0.8951785807958612
13 4 0 7 0 0 8 0 0 0 8 2 0 4 0 12 5 2 4 0 0 0 0 0 0 0 2 12 0 0 0 0 0 0 0 0 2 0.7552863705935844
0 0 0 0 0 0 11 0 12 0 0 0 0 0 0 0 0 0 0 0 0 0 4 0 4 0 13 0 12 0 0 0 12 0 0 0 3 0.5228964917557443
0 0 0 0 0 0 2 0 12 0 0 0 0 0 0 0 0 0 0 8 0 0 4 8 4 0 13 0 12 0 0 0 0 0 0 0 0 0.9587463738814295
0 12 0 0 2 0 0 4 0 0 0 0 0 0 0 0 8 0 3 0 0 2 0 0 0 0 0 0 0 0 0 0 0 0 0 0 5 0.5423268211131536
0 0 0 4 0 0 0 0 0 0 0 0 0 10 0 0 0 0 0 0 0 0 0 0 0 0 0 0 0 0 4 0 0 0 0 0 1 0.9007219251172507
0 0 0 0 0 0 0 4 0 0 2 13 0 0 0 0 0 0 0 0 0 7 0 0 1 0 7 0 0 0 0 0 0 1 0 0 1 0.6878499682147046
0 0 0 7 0 0 0 0 0 0 0 0 1 0 0 7 3 0 0 0 11 0 0 0 0 0 0 0 0 0 0 0 11 0 4 0 0 0.392362385394987
0 0 0 0 0 0 0 0 0 0 0 0 0 0 7 0 0 0 8 0 0 0 0 0 0 0 6 0 0 4 0 0 0 0 0 0 3 0.3764968359033014
0 0 4 0 12 0 7 0 4 0 0 1 4 0 0 1 2 0 0 7 0 4 0 0 4 12 0 1 2 0 0 1 4 2 0 0 5 0.5058146409819497
---
2 13.762735278881022 28.0 36 
0 0 0 0 7 0 0 0 0 0 0 0 0 0 0 8 0 0 0 0 0 0 0 0 0 0 0 0 0 0 0 1 0 6 0 0 1 0.887286888706093
0 0 0 0 0 0 0 0 0 6 0 0 7 0 0 0 0 0 0 0 0 0 0 0 8 0 0 1 0 0 1 0 0 0 0 0 1 0.49765340394161495
0 0 0 0 0 0 0 0 0 0 1 0 2 1 0 0 1 0 0 0 0 0 0 11 2 0 0 0 0 0 0 0 0 1 0 0 5 0.14520439056984635
0 0 0 0 0 0 0 0 0 0 0 0 7 0 0 4 0 0 0 0 0 7 0 8 0 0 0 0 0 0 12 2 0 7 0 0 4 0.14871841454042478
0 0 0 4 0 0 0 1 8 0 0 0 0 8 8 0 5 5 4 0 0 0 0 7 0 0 0 0 0 0 4 1 0 8 0 11 2 0.4954082113285627
0 0 0 0 1 11 0 0 0 0 0 1 0 11 0 0 0 0 7 0 0 0 0 0 0 0 0 0 0 0 0 0 0 0 0 0 4 0.11837603891573711
0 0 4 0 0 11 0 0 0 11 0 1 0 0 0 0 0 0 0 0 11 3 0 0 0 0 0 0 0 0 0 0 0 0 0 0 4 0.3882717597151404
0 4 12 0 0 8 0 0 0 0 0 11 0 0 0 0 0 8 12 0 12 0 0 0 0 0 0 0 0 0 0 11 0 12 0 3 3 0.2841380564274263
0 0 0 0 0 0 0 0 0 0 0 0 0 13 0 0 5 0 0 0 0 0 0 0 0 8 0 0 2 0 8 0 0 0 0 6 2 0.7248787565094308
0 0 1 0 12 4 0 0 0 0 0 0 0 0 11 0 7 4 0 1 2 0 0 0 0 1 0 1 0 0 1 0 0 0 0 0 5 0.8313575067873253
0 0 0 0 0 0 4 0 0 0 3 3 0 0 13 0 0 0 0 0 0 0 0 0 1 0 0 0 8 0 0 1 0 0 0 0 2 0.36210549842192763
0 0 0 0 0 0 0 0 0 0 0 0 0 0 0 13 0 0 0 0 0 4 0 0 6 0 0 0 0 0 0 0 0 0 0 0 1 0.9784606197534103
4 0 0 0 0 10 12 0 0 0 0 0 0 0 0 0 0 0 0 8 1 0 0 0 0 0 0 0 0 0 0 0 0 0 0 0 1 0.9484789476145994
0 0 0 0 14 0 0 0 0 0 1 0 2 1 0 0 0 0 0 0 0 0 0 0 0 8 0 11 0 0 0 0 0 1 0 0 2 0.9929727558010326
0 0 0 0 0 4 4 1 0 8 4 0 0 8 8 4 5 5 0 0 0 0 4 7 0 8 0 4 2 0 8 4 0 2 0 0 2 0.7651401008147266
0 0 0 0 0 0 0 0 0 0 3 3 0 0 3 0 0 0 0 0 0 0 0 0 1 0 0 0 2 0 0 1 0 0 0 0 5 0.6343638846935582
0 4 0 4 0 0 0 0 3 0 5 0 0 0 0 0 0 0 0 0 0 0 2 0 0 0 0 0 0 0 0 0 4 0 0 1 0 0.3692372600878191
0 0 9 0 7 0 0 0 0 0 0 0 0 0 14 0 0 0 0 0 0 0 0 0 0 0 2 12 12 0 0 0 0 0 0 0 0 1.0
0 11 5 0 0 0 0 12 0 0 0 0 0 0 0 0 0 0 0 0 0 0 0 0 11 0 0 0 0 4 0 0 0 0 0 0 4 0.4350164835714103
12 1 0 8 0 0 0 0 1 0 2 0 0 0 0 2 0 0 0 0 2 0 0 0 0 0 0 0 0 0 1 0 0 0 0 0 0 0.05007707051087751
0 8 0 0 0 0 0 0 0 8 0 0 0 0 0 0 4 0 0 0 0 2 0 11 0 7 0 1 0 0 0 0 0 0 0 0 5 0.07374915231972556
0 0 0 0 11 11 0 0 0 11 0 0 7 11 0 0 0 0 0 0 0 3 0 0 0 0 0 0 0 0 0 7 0 0 0 0 4 0.7289489185961344
0 0 0 0 7 0 0 0 7 0 0 0 11 0 0 4 0 0 0 0 0 8 0 0 0 0 0 12 1 4 0 7 0 1 2 0 0 0.678638921826378
0 0 1 0 0 4 0 0 0 0 0 0 0 0 11 0 7 4 0 1 2 0 11 0 0 1 0 1 0 0 1 0 0 0 0 0 5 0.8155126139711153
0 0 0 0 0 0 0 0 3 0 0 0 11 0 0 4 0 0 0 0 0 0 0 0 0 4 0 0 6 0 0 0 0 12 2 0 0 0.8988211266200152
0 0 0 0 0 0 0 0 0 0 0 0 0 0 0 0 0 12 4 13 0 12 0 0 0 0 0 0 0 12 0 0 0 0 0 12 4 0.8696684346005912
0 0 4 0 0 7 0 11 0 0 0 0 0 0 0 0 0 0 0 0 0 0 0 12 0 8 12 0 3 0 0 0 0 0 0 0 0 0.737197192941451
0 0 1 0 12 0 0 11 0 0 2 0 0 1 4 2 0 0 0 11 4 0 0 7 0 0 0 0 0 0 0 0 0 0 0 4 5 0.2183896523956984
---
3 16.43930236573994 16.0 36 
0 0 0 0 2 0 0 0 0 0 0 7 0 0 0 12 0 13 1 0 0 13 0 0 0 0 0 4 0 0 0 4 8 0 0 0 2 0.5013162701990768
8 0 0 0 0 0 0 0 0 0 0 0 0 0 0 0 0 0 0 0 0 12 0 0 0 0 0 0 0 0 0 0 0 0 0 5 3 0.5698137405490866
0 0 0 0 0 0 0 0 0 0 8 0 0 10 0 0 0 0 0 0 0 0 0 0 0 0 0 0 7 1 0 0 0 0 0 0 1 0.9932440791691249
0 0 0 0 0 0 0 0 0 0 8 0 0 0 0 12 0 0 1 0 0 13 4 0 0 0 0 0 0 0 0 4 0 0 0 0 2 0.09378821570365936
0 0 0 0 0 1 0 0 0 0 0 0 0 0 0 0 0 0 0 0 3 0 0 0 0 0 0 0 0 0 0 8 0 10 0 0 1 0.9764156684768713
0 12 0 0 0 0 12 0 0 6 4 0 0 0 0 0 0 0 0 0 12 12 0 0 0 0 0 0 0 0 0 0 0 0 0 0 3 0.6158959808949016
8 0 0 11 0 12 0 1 0 0 0 0 0 4 0 7 0 0 0 0 0 0 0 11 0 0 1 0 0 0 0 0 0 0 0 0 5 0.4648022880031246
12 0 0 0 0 0 0 0 0 0 0 0 0 7 0 3 0 2 0 0 0 0 0 0 0 0 7 0 4 2 0 0 0 0 0 0 5 0.6379378983931965
0 0 1 0 7 0 0 0 0 0 0 0 7 0 0 0 0 0 1 0 0 0 0 4 0 0 0 0 0 0 0 0 1 11 0 0 4 0.3506652749630095
0 0 0 0 0 11 1 0 0 0 7 0 0 0 0 0 0 11 0 0 0 0 0 12 2 0 0 0 0 0 0 0 0 0 0 7 4 0.6859497236172687
0 0 0 0 0 0 0 0 0 0 0 3 0 0 0 0 0 0 0 11 4 12 0 0 1 0 0 0 1 0 0 0 0 0 0 11 5 0.6637281082605231
0 12 0 0 13 0 12 0 0 11 4 0 0 0 0 0 0 0 0 0 12 0 0 0 0 0 0 0 0 0 0 0 0 0 12 0 3 0.5692344562627596
0 8 0 4 0 2 0 0 1 0 0 4 4 0 0 4 0 0 0 0 0 0 0 8 12 0 0 0 0 0 0 0 0 0 0 12 0 0.8829701621083546
0 0 0 0 0 11 0 0 0 0 0 0 0 0 0 0 0 0 0 0 0 0 0 12 0 0 0 0 0 0 4 0 0 0 7 0 4 0.11433181815617444
0 0 0 4 0 2 0 0 1 0 0 0 1 0 0 0 0 0 0 0 0 0 0 4 11 0 0 0 0 0 0 0 0 0 2 0 0 0.6691415777760358
0 0 0 0 0 10 0 0 0 0 0 0 0 0 0 8 0 0 0 0 0 0 0 0 0 2 0 0 0 0 0 0 4 0 0 0 1 0.9815506442568024
---
4 15.282334657226732 17.0 36 
0 0 0 7 0 0 1 0 0 2 0 2 0 0 0 0 0 0 13 0 0 0 0 0 13 0 0 12 0 8 0 12 0 0 0 7 2 0.7568954695921446
0 0 0 12 0 8 13 0 0 13 0 0 0 0 0 0 1 0 0 0 0 0 0 0 13 0 0 0 13 1 4 0 8 0 0 0 2 0.806305200331027
0 0 0 0 0 10 0 0 0 3 0 0 0 0 0 0 0 0 0 0 0 0 0 2 0 0 1 0 1 0 0 0 0 0 0 0 1 0.9400595699452599
0 6 0 3 0 0 0 11 0 0 0 0 0 11 0 0 0 0 0 0 12 0 0 4 0 1 0 0 0 0 0 0 13 0 0 0 4 0.9791880340860104
0 0 0 0 0 0 0 0 0 0 0 0 0 0 0 0 0 0 0 0 0 0 0 2 0 0 1 0 0 0 0 13 10 0 0 0 1 0.9902003569754929
0 0 0 4 0 0 0 4 7 0 0 2 0 4 0 0 0 2 0 0 0 1 0 0 0 1 0 12 0 0 0 0 1 0 0 4 0 0.34293676933755957
0 0 1 3 12 0 0 0 0 0 0 0 0 0 0 0 4 0 0 11 0 0 11 0 0 0 0 0 0 0 1 0 0 7 11 11 5 0.8442233783214523
0 0 0 7 0 0 1 0 0 2 0 1 0 0 0 0 0 0 13 0 8 0 0 0 13 0 0 12 0 8 0 12 0 0 0 7 2 0.7423716197327859
0 0 0 0 0 0 0 0 0 3 0 0 0 0 0 0 0 7 0 0 0 0 0 0 0 0 0 0 11 11 0 0 0 0 0 0 4 0.29851611570263026
0 0 0 0 0 0 0 0 0 0 0 0 0 0 0 0 0 0 0 0 0 0 0 0 0 0 0 0 11 11 7 0 0 0 0 0 4 0.07364335158227564
0 0 0 0 0 0 0 0 0 0 0 7 0 0 0 0 0 8 0 3 0 0 0 0 0 0 0 0 13 0 7 0 12 0 0 0 3 0.10625024179445397
0 0 0 0 0 0 0 0 0 0 0 0 9 2 4 0 0 0 0 0 0 0 8 0 0 0 0 0 0 0 0 0 7 0 0 0 2 0.5888127373355562
0 0 0 11 0 0 0 0 0 0 0 0 0 4 0 0 0 7 0 0 0 0 0 0 1 0 0 0 0 1 0 0 0 0 0 0 5 0.03228981266530262
0 7 0 1 0 0 0 11 12 0 0 0 0 0 0 0 0 0 0 0 12 12 0 0 0 1 0 0 0 0 0 0 13 0 0 4 5 0.3972913113893535
0 0 0 0 1 0 0 0 0 0 0 12 7 0 0 12 4 0 13 0 0 0 0 0 0 2 5 0 12 0 0 0 0 0 0 0 0 0.9082289243639541
3 0 0 0 0 0 0 0 0 0 0 0 0 0 0 7 0 0 0 0 3 12 12 0 0 0 0 0 3 0 0 0 0 0 0 7 0 0.8154142766363536
0 0 1 3 6 0 0 0 0 0 0 0 0 0 0 0 0 0 0 11 0 0 11 7 0 0 0 0 0 0 1 0 0 7 11 11 4 0.6405033565854245
