---
0 0 29.426280074028377 1.0 5
2 4 2 2 1 0 0.31508078698176645 
---
0 1 16.491877441908287 18.0 5
13 11 4 2 7 0 0.9908607815130488 
11 8 1 13 11 0 0.1802351150836814 
8 0 13 2 1 1 0.29552154257981544 
7 4 4 5 4 1 0.18836717665720082 
3 4 13 12 7 0 0.2910511036168404 
2 7 7 7 2 0 0.8664580704491205 
7 7 6 8 1 1 0.26560096382900755 
8 0 13 2 1 1 0.29552154257981544 
1 1 1 2 7 0 0.3581258772863982 
12 8 13 8 1 1 0.18091343185673248 
2 11 7 0 2 0 0.661606928212215 
1 10 1 1 1 1 0.15183641662591707 
8 4 7 13 11 0 0.828441397640296 
11 8 5 2 11 0 0.4791062200851005 
4 7 4 1 8 1 0.1274020064654966 
1 8 1 6 4 0 0.6971835947518454 
4 4 13 1 5 1 0.8785295925054621 
7 7 4 8 4 1 0.1764573834668759 
---
0 2 20.99527040921242 2.0 5
1 0 1 1 1 0 0.5364999965828561 
7 7 0 8 0 1 0.17368822564311592 
---
0 3 20.99527040921242 2.0 5
7 7 0 8 0 1 0.17368822564311592 
1 0 1 1 1 0 0.5364999965828561 
---
0 4 20.810199465350607 3.0 5
1 0 4 1 1 0 0.4417798764884211 
4 4 13 1 8 1 0.6160514009232935 
7 7 0 8 0 1 0.17368822564311592 
---
0 5 20.810199465350607 3.0 5
1 0 4 1 1 0 0.4417798764884211 
4 4 13 1 8 1 0.6160514009232935 
7 7 0 8 0 1 0.17368822564311592 
---
0 6 19.06230721776681 4.0 5
2 7 7 4 2 0 0.6824276052104636 
12 7 8 0 0 1 0.0762275481922543 
1 1 1 1 7 0 0.5346204201177093 
7 7 4 8 4 1 0.1764573834668759 
---
0 7 18.589348139008845 5.0 5
7 7 4 8 4 1 0.1764573834668759 
12 7 8 0 0 1 0.0762275481922543 
2 7 7 4 2 0 0.6824276052104636 
1 1 1 1 7 0 0.5346204201177093 
1 1 1 2 7 0 0.3581258772863982 
---
0 8 18.568784700801974 6.0 5
4 4 13 1 5 1 0.8785295925054621 
3 4 13 12 7 0 0.2910511036168404 
8 0 13 2 1 1 0.29552154257981544 
2 7 7 0 2 0 0.6800385707868685 
7 7 4 8 4 1 0.1764573834668759 
1 1 1 2 7 0 0.3581258772863982 
---
0 9 19.06230721776681 4.0 5
2 7 7 4 2 0 0.6824276052104636 
12 7 8 0 0 1 0.0762275481922543 
1 1 1 1 7 0 0.5346204201177093 
7 7 4 8 4 1 0.1764573834668759 
---
0 10 18.568784700801974 6.0 5
4 4 13 1 5 1 0.8785295925054621 
3 4 13 12 7 0 0.2910511036168404 
8 0 13 2 1 1 0.29552154257981544 
2 7 7 0 2 0 0.6800385707868685 
7 7 4 8 4 1 0.1764573834668759 
1 1 1 2 7 0 0.3581258772863982 
---
0 11 18.589348139008845 5.0 5
7 7 4 8 4 1 0.1764573834668759 
12 7 8 0 0 1 0.0762275481922543 
2 7 7 4 2 0 0.6824276052104636 
1 1 1 1 7 0 0.5346204201177093 
1 1 1 2 7 0 0.3581258772863982 
---
0 12 18.013571869216534 7.0 5
7 7 4 8 4 1 0.1764573834668759 
3 4 13 12 7 0 0.2910511036168404 
2 7 7 0 2 0 0.6800385707868685 
4 4 13 1 5 1 0.8785295925054621 
1 1 1 2 7 0 0.3581258772863982 
8 0 13 2 1 1 0.29552154257981544 
7 4 4 5 4 1 0.18836717665720082 
---
0 13 18.013571869216534 7.0 5
7 7 4 8 4 1 0.1764573834668759 
3 4 13 12 7 0 0.2910511036168404 
2 7 7 0 2 0 0.6800385707868685 
4 4 13 1 5 1 0.8785295925054621 
1 1 1 2 7 0 0.3581258772863982 
8 0 13 2 1 1 0.29552154257981544 
7 4 4 5 4 1 0.18836717665720082 
---
0 14 17.684556857906642 8.0 5
4 4 13 1 5 1 0.8785295925054621 
2 7 7 0 2 0 0.6800385707868685 
11 8 5 2 11 0 0.4791062200851005 
8 0 13 2 1 1 0.29552154257981544 
7 7 4 8 4 1 0.1764573834668759 
1 1 1 2 7 0 0.3581258772863982 
3 4 13 12 7 0 0.2910511036168404 
7 4 4 5 4 1 0.18836717665720082 
---
0 15 17.684556857906642 8.0 5
4 4 13 1 5 1 0.8785295925054621 
2 7 7 0 2 0 0.6800385707868685 
11 8 5 2 11 0 0.4791062200851005 
8 0 13 2 1 1 0.29552154257981544 
7 7 4 8 4 1 0.1764573834668759 
1 1 1 2 7 0 0.3581258772863982 
3 4 13 12 7 0 0.2910511036168404 
7 4 4 5 4 1 0.18836717665720082 
---
0 16 17.417232161217356 11.0 5
4 4 13 1 5 1 0.8785295925054621 
12 8 13 8 1 1 0.18091343185673248 
2 7 7 0 2 0 0.6800385707868685 
7 4 4 5 4 1 0.18836717665720082 
7 7 4 8 4 1 0.1764573834668759 
8 0 13 2 1 1 0.29552154257981544 
11 8 5 2 11 0 0.4791062200851005 
1 10 1 1 1 1 0.15183641662591707 
3 4 13 12 7 0 0.2910511036168404 
7 7 6 8 1 1 0.26560096382900755 
1 1 1 2 7 0 0.3581258772863982 
---
0 17 17.47892247583796 10.0 5
8 0 13 2 1 1 0.29552154257981544 
12 8 13 8 1 1 0.18091343185673248 
7 7 4 8 4 1 0.1764573834668759 
1 1 1 2 7 0 0.3581258772863982 
4 4 13 1 5 1 0.8785295925054621 
11 8 5 2 11 0 0.4791062200851005 
1 10 1 1 1 1 0.15183641662591707 
2 7 7 0 2 0 0.6800385707868685 
3 4 13 12 7 0 0.2910511036168404 
7 4 4 5 4 1 0.18836717665720082 
---
0 18 17.417232161217356 11.0 5
4 4 13 1 5 1 0.8785295925054621 
12 8 13 8 1 1 0.18091343185673248 
2 7 7 0 2 0 0.6800385707868685 
7 4 4 5 4 1 0.18836717665720082 
7 7 4 8 4 1 0.1764573834668759 
8 0 13 2 1 1 0.29552154257981544 
11 8 5 2 11 0 0.4791062200851005 
1 10 1 1 1 1 0.15183641662591707 
3 4 13 12 7 0 0.2910511036168404 
7 7 6 8 1 1 0.26560096382900755 
1 1 1 2 7 0 0.3581258772863982 
---
0 19 17.314414970183016 12.0 5
11 8 5 2 11 0 0.4791062200851005 
7 7 4 8 4 1 0.1764573834668759 
1 1 1 2 7 0 0.3581258772863982 
4 4 13 1 5 1 0.8785295925054621 
2 7 7 0 2 0 0.6800385707868685 
8 0 13 2 1 1 0.29552154257981544 
1 10 1 1 1 1 0.15183641662591707 
3 4 13 12 7 0 0.2910511036168404 
7 7 6 8 1 1 0.26560096382900755 
12 8 13 8 1 1 0.18091343185673248 
7 4 4 5 4 1 0.18836717665720082 
12 11 8 2 4 1 0.22804818706560814 
---
0 20 17.47892247583796 10.0 5
8 0 13 2 1 1 0.29552154257981544 
12 8 13 8 1 1 0.18091343185673248 
7 7 4 8 4 1 0.1764573834668759 
1 1 1 2 7 0 0.3581258772863982 
4 4 13 1 5 1 0.8785295925054621 
11 8 5 2 11 0 0.4791062200851005 
1 10 1 1 1 1 0.15183641662591707 
2 7 7 0 2 0 0.6800385707868685 
3 4 13 12 7 0 0.2910511036168404 
7 4 4 5 4 1 0.18836717665720082 
---
0 21 16.676948385770103 14.0 5
1 10 1 1 1 1 0.15183641662591707 
8 0 13 2 1 1 0.29552154257981544 
13 11 4 2 7 0 0.9908607815130488 
4 4 13 1 5 1 0.8785295925054621 
4 7 4 1 8 1 0.1274020064654966 
3 4 13 12 7 0 0.2910511036168404 
1 8 1 6 4 0 0.6971835947518454 
1 1 1 2 7 0 0.3581258772863982 
7 7 4 8 4 1 0.1764573834668759 
12 8 13 8 1 1 0.18091343185673248 
2 7 7 0 2 0 0.6800385707868685 
7 7 6 8 1 1 0.26560096382900755 
11 8 5 2 11 0 0.4791062200851005 
7 4 4 5 4 1 0.18836717665720082 
---
0 22 16.676948385770103 14.0 5
1 10 1 1 1 1 0.15183641662591707 
8 0 13 2 1 1 0.29552154257981544 
13 11 4 2 7 0 0.9908607815130488 
4 4 13 1 5 1 0.8785295925054621 
4 7 4 1 8 1 0.1274020064654966 
3 4 13 12 7 0 0.2910511036168404 
1 8 1 6 4 0 0.6971835947518454 
1 1 1 2 7 0 0.3581258772863982 
7 7 4 8 4 1 0.1764573834668759 
12 8 13 8 1 1 0.18091343185673248 
2 7 7 0 2 0 0.6800385707868685 
7 7 6 8 1 1 0.26560096382900755 
11 8 5 2 11 0 0.4791062200851005 
7 4 4 5 4 1 0.18836717665720082 
---
0 23 16.63582150935636 15.0 5
1 1 1 2 7 0 0.3581258772863982 
4 7 4 1 8 1 0.1274020064654966 
8 0 13 2 1 1 0.29552154257981544 
7 7 6 8 1 1 0.26560096382900755 
1 8 1 6 4 0 0.6971835947518454 
3 4 13 12 7 0 0.2910511036168404 
7 7 4 8 4 1 0.1764573834668759 
12 8 13 8 1 1 0.18091343185673248 
4 4 13 1 5 1 0.8785295925054621 
11 8 1 13 11 0 0.1802351150836814 
7 4 4 5 4 1 0.18836717665720082 
13 11 4 2 7 0 0.9908607815130488 
11 8 5 2 11 0 0.4791062200851005 
1 10 1 1 1 1 0.15183641662591707 
2 7 7 0 2 0 0.6800385707868685 
---
0 24 16.63582150935636 15.0 5
1 1 1 2 7 0 0.3581258772863982 
4 7 4 1 8 1 0.1274020064654966 
8 0 13 2 1 1 0.29552154257981544 
7 7 6 8 1 1 0.26560096382900755 
1 8 1 6 4 0 0.6971835947518454 
3 4 13 12 7 0 0.2910511036168404 
7 7 4 8 4 1 0.1764573834668759 
12 8 13 8 1 1 0.18091343185673248 
4 4 13 1 5 1 0.8785295925054621 
11 8 1 13 11 0 0.1802351150836814 
7 4 4 5 4 1 0.18836717665720082 
13 11 4 2 7 0 0.9908607815130488 
11 8 5 2 11 0 0.4791062200851005 
1 10 1 1 1 1 0.15183641662591707 
2 7 7 0 2 0 0.6800385707868685 
---
0 25 16.53300431832202 17.0 5
4 7 4 1 8 1 0.1274020064654966 
13 11 4 2 7 0 0.9908607815130488 
3 4 13 12 7 0 0.2910511036168404 
7 4 4 5 4 1 0.18836717665720082 
2 11 7 0 2 0 0.661606928212215 
2 7 7 7 2 0 0.8664580704491205 
4 4 13 1 5 1 0.8785295925054621 
1 1 1 2 7 0 0.3581258772863982 
8 0 13 2 1 1 0.29552154257981544 
1 10 1 1 1 1 0.15183641662591707 
11 8 5 2 11 0 0.4791062200851005 
7 7 6 8 1 1 0.26560096382900755 
11 8 1 13 11 0 0.1802351150836814 
1 8 1 6 4 0 0.6971835947518454 
7 7 4 8 4 1 0.1764573834668759 
12 8 13 8 1 1 0.18091343185673248 
2 7 7 4 2 0 0.6824276052104636 
---
0 26 16.53300431832202 17.0 5
4 7 4 1 8 1 0.1274020064654966 
13 11 4 2 7 0 0.9908607815130488 
3 4 13 12 7 0 0.2910511036168404 
7 4 4 5 4 1 0.18836717665720082 
2 11 7 0 2 0 0.661606928212215 
2 7 7 7 2 0 0.8664580704491205 
4 4 13 1 5 1 0.8785295925054621 
1 1 1 2 7 0 0.3581258772863982 
8 0 13 2 1 1 0.29552154257981544 
1 10 1 1 1 1 0.15183641662591707 
11 8 5 2 11 0 0.4791062200851005 
7 7 6 8 1 1 0.26560096382900755 
11 8 1 13 11 0 0.1802351150836814 
1 8 1 6 4 0 0.6971835947518454 
7 7 4 8 4 1 0.1764573834668759 
12 8 13 8 1 1 0.18091343185673248 
2 7 7 4 2 0 0.6824276052104636 
---
0 27 17.314414970183016 12.0 5
11 8 5 2 11 0 0.4791062200851005 
7 7 4 8 4 1 0.1764573834668759 
1 1 1 2 7 0 0.3581258772863982 
4 4 13 1 5 1 0.8785295925054621 
2 7 7 0 2 0 0.6800385707868685 
8 0 13 2 1 1 0.29552154257981544 
1 10 1 1 1 1 0.15183641662591707 
3 4 13 12 7 0 0.2910511036168404 
7 7 6 8 1 1 0.26560096382900755 
12 8 13 8 1 1 0.18091343185673248 
7 4 4 5 4 1 0.18836717665720082 
12 11 8 2 4 1 0.22804818706560814 
---
0 28 29.426280074028377 1.0 5
2 4 2 2 1 0 0.31508078698176645 
---
0 29 16.491877441908287 18.0 5
13 11 4 2 7 0 0.9908607815130488 
11 8 1 13 11 0 0.1802351150836814 
8 0 13 2 1 1 0.29552154257981544 
7 4 4 5 4 1 0.18836717665720082 
3 4 13 12 7 0 0.2910511036168404 
2 7 7 7 2 0 0.8664580704491205 
7 7 6 8 1 1 0.26560096382900755 
8 0 13 2 1 1 0.29552154257981544 
1 1 1 2 7 0 0.3581258772863982 
12 8 13 8 1 1 0.18091343185673248 
2 11 7 0 2 0 0.661606928212215 
1 10 1 1 1 1 0.15183641662591707 
8 4 7 13 11 0 0.828441397640296 
11 8 5 2 11 0 0.4791062200851005 
4 7 4 1 8 1 0.1274020064654966 
1 8 1 6 4 0 0.6971835947518454 
4 4 13 1 5 1 0.8785295925054621 
7 7 4 8 4 1 0.1764573834668759 
---
0 30 20.99527040921242 2.0 5
7 7 0 8 0 1 0.17368822564311592 
1 0 1 1 1 0 0.5364999965828561 
---
0 31 20.810199465350607 3.0 5
1 0 4 1 1 0 0.4417798764884211 
4 4 13 1 8 1 0.6160514009232935 
7 7 0 8 0 1 0.17368822564311592 
---
0 32 19.06230721776681 4.0 5
2 7 7 4 2 0 0.6824276052104636 
12 7 8 0 0 1 0.0762275481922543 
1 1 1 1 7 0 0.5346204201177093 
7 7 4 8 4 1 0.1764573834668759 
---
0 33 18.568784700801974 6.0 5
4 4 13 1 5 1 0.8785295925054621 
3 4 13 12 7 0 0.2910511036168404 
8 0 13 2 1 1 0.29552154257981544 
2 7 7 0 2 0 0.6800385707868685 
7 7 4 8 4 1 0.1764573834668759 
1 1 1 2 7 0 0.3581258772863982 
---
0 34 18.589348139008845 5.0 5
7 7 4 8 4 1 0.1764573834668759 
12 7 8 0 0 1 0.0762275481922543 
2 7 7 4 2 0 0.6824276052104636 
1 1 1 1 7 0 0.5346204201177093 
1 1 1 2 7 0 0.3581258772863982 
---
0 35 18.013571869216534 7.0 5
7 7 4 8 4 1 0.1764573834668759 
3 4 13 12 7 0 0.2910511036168404 
2 7 7 0 2 0 0.6800385707868685 
4 4 13 1 5 1 0.8785295925054621 
1 1 1 2 7 0 0.3581258772863982 
8 0 13 2 1 1 0.29552154257981544 
7 4 4 5 4 1 0.18836717665720082 
---
0 36 17.684556857906642 8.0 5
4 4 13 1 5 1 0.8785295925054621 
2 7 7 0 2 0 0.6800385707868685 
11 8 5 2 11 0 0.4791062200851005 
8 0 13 2 1 1 0.29552154257981544 
7 7 4 8 4 1 0.1764573834668759 
1 1 1 2 7 0 0.3581258772863982 
3 4 13 12 7 0 0.2910511036168404 
7 4 4 5 4 1 0.18836717665720082 
---
0 37 17.417232161217356 11.0 5
4 4 13 1 5 1 0.8785295925054621 
12 8 13 8 1 1 0.18091343185673248 
2 7 7 0 2 0 0.6800385707868685 
7 4 4 5 4 1 0.18836717665720082 
7 7 4 8 4 1 0.1764573834668759 
8 0 13 2 1 1 0.29552154257981544 
11 8 5 2 11 0 0.4791062200851005 
1 10 1 1 1 1 0.15183641662591707 
3 4 13 12 7 0 0.2910511036168404 
7 7 6 8 1 1 0.26560096382900755 
1 1 1 2 7 0 0.3581258772863982 
---
0 38 17.47892247583796 10.0 5
8 0 13 2 1 1 0.29552154257981544 
12 8 13 8 1 1 0.18091343185673248 
7 7 4 8 4 1 0.1764573834668759 
1 1 1 2 7 0 0.3581258772863982 
4 4 13 1 5 1 0.8785295925054621 
11 8 5 2 11 0 0.4791062200851005 
1 10 1 1 1 1 0.15183641662591707 
2 7 7 0 2 0 0.6800385707868685 
3 4 13 12 7 0 0.2910511036168404 
7 4 4 5 4 1 0.18836717665720082 
---
0 39 16.676948385770103 14.0 5
1 10 1 1 1 1 0.15183641662591707 
8 0 13 2 1 1 0.29552154257981544 
13 11 4 2 7 0 0.9908607815130488 
4 4 13 1 5 1 0.8785295925054621 
4 7 4 1 8 1 0.1274020064654966 
3 4 13 12 7 0 0.2910511036168404 
1 8 1 6 4 0 0.6971835947518454 
1 1 1 2 7 0 0.3581258772863982 
7 7 4 8 4 1 0.1764573834668759 
12 8 13 8 1 1 0.18091343185673248 
2 7 7 0 2 0 0.6800385707868685 
7 7 6 8 1 1 0.26560096382900755 
11 8 5 2 11 0 0.4791062200851005 
7 4 4 5 4 1 0.18836717665720082 
---
0 40 16.63582150935636 15.0 5
1 1 1 2 7 0 0.3581258772863982 
4 7 4 1 8 1 0.1274020064654966 
8 0 13 2 1 1 0.29552154257981544 
7 7 6 8 1 1 0.26560096382900755 
1 8 1 6 4 0 0.6971835947518454 
3 4 13 12 7 0 0.2910511036168404 
7 7 4 8 4 1 0.1764573834668759 
12 8 13 8 1 1 0.18091343185673248 
4 4 13 1 5 1 0.8785295925054621 
11 8 1 13 11 0 0.1802351150836814 
7 4 4 5 4 1 0.18836717665720082 
13 11 4 2 7 0 0.9908607815130488 
11 8 5 2 11 0 0.4791062200851005 
1 10 1 1 1 1 0.15183641662591707 
2 7 7 0 2 0 0.6800385707868685 
---
0 41 16.53300431832202 17.0 5
4 7 4 1 8 1 0.1274020064654966 
13 11 4 2 7 0 0.9908607815130488 
3 4 13 12 7 0 0.2910511036168404 
7 4 4 5 4 1 0.18836717665720082 
2 11 7 0 2 0 0.661606928212215 
2 7 7 7 2 0 0.8664580704491205 
4 4 13 1 5 1 0.8785295925054621 
1 1 1 2 7 0 0.3581258772863982 
8 0 13 2 1 1 0.29552154257981544 
1 10 1 1 1 1 0.15183641662591707 
11 8 5 2 11 0 0.4791062200851005 
7 7 6 8 1 1 0.26560096382900755 
11 8 1 13 11 0 0.1802351150836814 
1 8 1 6 4 0 0.6971835947518454 
7 7 4 8 4 1 0.1764573834668759 
12 8 13 8 1 1 0.18091343185673248 
2 7 7 4 2 0 0.6824276052104636 
---
0 42 17.314414970183016 12.0 5
11 8 5 2 11 0 0.4791062200851005 
7 7 4 8 4 1 0.1764573834668759 
1 1 1 2 7 0 0.3581258772863982 
4 4 13 1 5 1 0.8785295925054621 
2 7 7 0 2 0 0.6800385707868685 
8 0 13 2 1 1 0.29552154257981544 
1 10 1 1 1 1 0.15183641662591707 
3 4 13 12 7 0 0.2910511036168404 
7 7 6 8 1 1 0.26560096382900755 
12 8 13 8 1 1 0.18091343185673248 
7 4 4 5 4 1 0.18836717665720082 
12 11 8 2 4 1 0.22804818706560814 
---
0 43 29.426280074028377 1.0 5
2 4 2 2 1 0 0.31508078698176645 
---
0 44 16.491877441908287 18.0 5
13 11 4 2 7 0 0.9908607815130488 
11 8 1 13 11 0 0.1802351150836814 
8 0 13 2 1 1 0.29552154257981544 
7 4 4 5 4 1 0.18836717665720082 
3 4 13 12 7 0 0.2910511036168404 
2 7 7 7 2 0 0.8664580704491205 
7 7 6 8 1 1 0.26560096382900755 
8 0 13 2 1 1 0.29552154257981544 
1 1 1 2 7 0 0.3581258772863982 
12 8 13 8 1 1 0.18091343185673248 
2 11 7 0 2 0 0.661606928212215 
1 10 1 1 1 1 0.15183641662591707 
8 4 7 13 11 0 0.828441397640296 
11 8 5 2 11 0 0.4791062200851005 
4 7 4 1 8 1 0.1274020064654966 
1 8 1 6 4 0 0.6971835947518454 
4 4 13 1 5 1 0.8785295925054621 
7 7 4 8 4 1 0.1764573834668759 
---
0 45 20.99527040921242 2.0 5
1 0 1 1 1 0 0.5364999965828561 
7 7 0 8 0 1 0.17368822564311592 
---
0 46 20.810199465350607 3.0 5
1 0 4 1 1 0 0.4417798764884211 
4 4 13 1 8 1 0.6160514009232935 
7 7 0 8 0 1 0.17368822564311592 
---
0 47 19.06230721776681 4.0 5
2 7 7 4 2 0 0.6824276052104636 
12 7 8 0 0 1 0.0762275481922543 
1 1 1 1 7 0 0.5346204201177093 
7 7 4 8 4 1 0.1764573834668759 
---
0 48 18.568784700801974 6.0 5
4 4 13 1 5 1 0.8785295925054621 
3 4 13 12 7 0 0.2910511036168404 
8 0 13 2 1 1 0.29552154257981544 
2 7 7 0 2 0 0.6800385707868685 
7 7 4 8 4 1 0.1764573834668759 
1 1 1 2 7 0 0.3581258772863982 
---
0 49 18.589348139008845 5.0 5
7 7 4 8 4 1 0.1764573834668759 
12 7 8 0 0 1 0.0762275481922543 
2 7 7 4 2 0 0.6824276052104636 
1 1 1 1 7 0 0.5346204201177093 
1 1 1 2 7 0 0.3581258772863982 
---
0 50 18.013571869216534 7.0 5
7 7 4 8 4 1 0.1764573834668759 
3 4 13 12 7 0 0.2910511036168404 
2 7 7 0 2 0 0.6800385707868685 
4 4 13 1 5 1 0.8785295925054621 
1 1 1 2 7 0 0.3581258772863982 
8 0 13 2 1 1 0.29552154257981544 
7 4 4 5 4 1 0.18836717665720082 
---
1 0 29.38515319761464 1.0 5
2 4 0 1 1 0 0.6275828981275668 
---
1 1 17.869627801768456 17.0 5
7 7 8 1 8 1 0.49734270965255867 
8 12 13 4 1 1 0.24082164379144522 
11 7 9 4 7 0 0.46093092110214484 
2 7 8 7 4 0 0.4127155391990591 
1 2 9 14 11 1 0.9588376432667685 
1 0 7 7 1 0 0.83644268890647 
4 1 13 4 4 1 0.12564431572909718 
7 7 8 1 8 1 0.49734270965255867 
1 0 7 5 11 0 0.05312098843444035 
1 2 2 1 4 0 0.4425322184048821 
7 8 4 5 7 1 0.23739505177864217 
2 7 5 8 4 1 0.35930573222858464 
11 7 5 1 11 0 0.6173831549895279 
7 11 0 12 1 1 0.23666974239421745 
7 1 8 4 6 1 0.04862955583055517 
11 4 13 4 4 0 0.12798221378332397 
8 2 12 2 6 0 0.598550598952206 
---
1 2 20.913016656384947 2.0 5
7 7 8 8 2 1 0.3772403594281748 
1 1 2 0 4 0 0.17849748253722808 
---
1 3 19.843717869627802 5.0 5
1 0 7 7 1 0 0.83644268890647 
7 11 0 12 1 1 0.23666974239421745 
7 7 8 1 8 1 0.49734270965255867 
1 2 2 1 4 0 0.4425322184048821 
7 8 4 5 7 1 0.23739505177864217 
---
1 4 18.85667283569813 6.0 5
11 7 5 1 11 0 0.6173831549895279 
7 8 4 5 7 1 0.23739505177864217 
1 2 2 1 4 0 0.4425322184048821 
1 0 7 7 1 0 0.83644268890647 
7 7 8 1 8 1 0.49734270965255867 
7 11 0 12 1 1 0.23666974239421745 
---
1 5 20.913016656384947 2.0 5
1 1 2 0 4 0 0.17849748253722808 
7 7 8 8 2 1 0.3772403594281748 
---
1 6 20.33724038659264 3.0 5
11 4 5 2 7 0 0.34866930640658533 
7 7 8 8 2 1 0.3772403594281748 
1 1 2 0 4 0 0.17849748253722808 
---
1 7 19.843717869627802 5.0 5
1 0 7 7 1 0 0.83644268890647 
7 11 0 12 1 1 0.23666974239421745 
7 7 8 1 8 1 0.49734270965255867 
1 2 2 1 4 0 0.4425322184048821 
7 8 4 5 7 1 0.23739505177864217 
---
1 8 18.85667283569813 6.0 5
7 8 4 5 7 1 0.23739505177864217 
1 2 2 1 4 0 0.4425322184048821 
1 0 7 7 1 0 0.83644268890647 
7 11 0 12 1 1 0.23666974239421745 
11 7 5 1 11 0 0.6173831549895279 
7 7 8 1 8 1 0.49734270965255867 
---
1 9 18.651038453629447 7.0 5
7 8 4 5 7 1 0.23739505177864217 
1 0 7 7 1 0 0.83644268890647 
1 2 2 1 4 0 0.4425322184048821 
11 7 5 1 11 0 0.6173831549895279 
7 7 8 1 8 1 0.49734270965255867 
7 11 0 12 1 1 0.23666974239421745 
8 12 13 4 1 1 0.24082164379144522 
---
1 10 18.651038453629447 7.0 5
7 8 4 5 7 1 0.23739505177864217 
1 0 7 7 1 0 0.83644268890647 
1 2 2 1 4 0 0.4425322184048821 
11 7 5 1 11 0 0.6173831549895279 
7 7 8 1 8 1 0.49734270965255867 
7 11 0 12 1 1 0.23666974239421745 
8 12 13 4 1 1 0.24082164379144522 
---
1 11 17.993008431009667 8.0 5
7 11 0 12 1 1 0.23666974239421745 
11 7 5 1 11 0 0.6173831549895279 
2 1 4 1 2 0 0.5140782033180813 
7 7 8 1 8 1 0.49734270965255867 
1 0 7 7 1 0 0.83644268890647 
1 2 2 1 4 0 0.4425322184048821 
8 12 13 4 1 1 0.24082164379144522 
7 8 4 5 7 1 0.23739505177864217 
---
1 12 20.33724038659264 3.0 5
11 4 5 2 7 0 0.34866930640658533 
7 7 8 8 2 1 0.3772403594281748 
1 1 2 0 4 0 0.17849748253722808 
---
1 13 17.993008431009667 8.0 5
7 11 0 12 1 1 0.23666974239421745 
11 7 5 1 11 0 0.6173831549895279 
2 1 4 1 2 0 0.5140782033180813 
7 7 8 1 8 1 0.49734270965255867 
1 0 7 7 1 0 0.83644268890647 
1 2 2 1 4 0 0.4425322184048821 
8 12 13 4 1 1 0.24082164379144522 
7 8 4 5 7 1 0.23739505177864217 
---
1 14 17.869627801768456 17.0 5
7 7 8 1 8 1 0.49734270965255867 
8 12 13 4 1 1 0.24082164379144522 
11 7 9 4 7 0 0.46093092110214484 
2 7 8 7 4 0 0.4127155391990591 
1 2 9 14 11 1 0.9588376432667685 
1 0 7 7 1 0 0.83644268890647 
4 1 13 4 4 1 0.12564431572909718 
7 7 8 1 8 1 0.49734270965255867 
1 0 7 5 11 0 0.05312098843444035 
1 2 2 1 4 0 0.4425322184048821 
7 8 4 5 7 1 0.23739505177864217 
2 7 5 8 4 1 0.35930573222858464 
11 7 5 1 11 0 0.6173831549895279 
7 11 0 12 1 1 0.23666974239421745 
7 1 8 4 6 1 0.04862955583055517 
11 4 13 4 4 0 0.12798221378332397 
8 2 12 2 6 0 0.598550598952206 
---
1 15 20.913016656384947 2.0 5
7 7 8 8 2 1 0.3772403594281748 
1 1 2 0 4 0 0.17849748253722808 
---
1 16 19.843717869627802 5.0 5
1 0 7 7 1 0 0.83644268890647 
7 11 0 12 1 1 0.23666974239421745 
7 7 8 1 8 1 0.49734270965255867 
1 2 2 1 4 0 0.4425322184048821 
7 8 4 5 7 1 0.23739505177864217 
---
1 17 18.85667283569813 6.0 5
11 7 5 1 11 0 0.6173831549895279 
7 8 4 5 7 1 0.23739505177864217 
1 2 2 1 4 0 0.4425322184048821 
1 0 7 7 1 0 0.83644268890647 
7 7 8 1 8 1 0.49734270965255867 
7 11 0 12 1 1 0.23666974239421745 
---
1 18 18.651038453629447 7.0 5
7 8 4 5 7 1 0.23739505177864217 
1 0 7 7 1 0 0.83644268890647 
1 2 2 1 4 0 0.4425322184048821 
11 7 5 1 11 0 0.6173831549895279 
7 7 8 1 8 1 0.49734270965255867 
7 11 0 12 1 1 0.23666974239421745 
8 12 13 4 1 1 0.24082164379144522 
---
1 19 20.33724038659264 3.0 5
11 4 5 2 7 0 0.34866930640658533 
7 7 8 8 2 1 0.3772403594281748 
1 1 2 0 4 0 0.17849748253722808 
---
1 20 17.993008431009667 8.0 5
7 11 0 12 1 1 0.23666974239421745 
11 7 5 1 11 0 0.6173831549895279 
2 1 4 1 2 0 0.5140782033180813 
7 7 8 1 8 1 0.49734270965255867 
1 0 7 7 1 0 0.83644268890647 
1 2 2 1 4 0 0.4425322184048821 
8 12 13 4 1 1 0.24082164379144522 
7 8 4 5 7 1 0.23739505177864217 
---
1 21 17.869627801768456 17.0 5
7 7 8 1 8 1 0.49734270965255867 
8 12 13 4 1 1 0.24082164379144522 
11 7 9 4 7 0 0.46093092110214484 
2 7 8 7 4 0 0.4127155391990591 
1 2 9 14 11 1 0.9588376432667685 
1 0 7 7 1 0 0.83644268890647 
4 1 13 4 4 1 0.12564431572909718 
7 7 8 1 8 1 0.49734270965255867 
1 0 7 5 11 0 0.05312098843444035 
1 2 2 1 4 0 0.4425322184048821 
7 8 4 5 7 1 0.23739505177864217 
2 7 5 8 4 1 0.35930573222858464 
11 7 5 1 11 0 0.6173831549895279 
7 11 0 12 1 1 0.23666974239421745 
7 1 8 4 6 1 0.04862955583055517 
11 4 13 4 4 0 0.12798221378332397 
8 2 12 2 6 0 0.598550598952206 
---
1 22 20.913016656384947 2.0 5
1 1 2 0 4 0 0.17849748253722808 
7 7 8 8 2 1 0.3772403594281748 
---
1 23 19.843717869627802 5.0 5
1 0 7 7 1 0 0.83644268890647 
7 11 0 12 1 1 0.23666974239421745 
7 7 8 1 8 1 0.49734270965255867 
1 2 2 1 4 0 0.4425322184048821 
7 8 4 5 7 1 0.23739505177864217 
---
1 24 18.85667283569813 6.0 5
7 8 4 5 7 1 0.23739505177864217 
1 2 2 1 4 0 0.4425322184048821 
1 0 7 7 1 0 0.83644268890647 
7 11 0 12 1 1 0.23666974239421745 
11 7 5 1 11 0 0.6173831549895279 
7 7 8 1 8 1 0.49734270965255867 
---
1 25 18.651038453629447 7.0 5
7 8 4 5 7 1 0.23739505177864217 
1 0 7 7 1 0 0.83644268890647 
1 2 2 1 4 0 0.4425322184048821 
11 7 5 1 11 0 0.6173831549895279 
7 7 8 1 8 1 0.49734270965255867 
7 11 0 12 1 1 0.23666974239421745 
8 12 13 4 1 1 0.24082164379144522 
---
1 26 20.33724038659264 3.0 5
11 4 5 2 7 0 0.34866930640658533 
7 7 8 8 2 1 0.3772403594281748 
1 1 2 0 4 0 0.17849748253722808 
---
1 27 17.993008431009667 8.0 5
7 11 0 12 1 1 0.23666974239421745 
11 7 5 1 11 0 0.6173831549895279 
2 1 4 1 2 0 0.5140782033180813 
7 7 8 1 8 1 0.49734270965255867 
1 0 7 7 1 0 0.83644268890647 
1 2 2 1 4 0 0.4425322184048821 
8 12 13 4 1 1 0.24082164379144522 
7 8 4 5 7 1 0.23739505177864217 
---
2 0 29.38515319761464 1.0 5
1 0 0 0 1 0 0.376009233052798 
---
2 1 21.36541229693605 2.0 5
4 7 8 8 0 1 0.2802386810732549 
4 1 0 1 1 0 0.47214188305007765 
---
2 2 21.056960723833022 3.0 5
4 1 0 1 1 0 0.47214188305007765 
4 7 8 8 0 1 0.2802386810732549 
4 11 1 2 1 0 0.18475297761101772 
---
2 3 19.18568784700802 4.0 5
11 1 2 1 11 0 0.5052466094697665 
12 4 13 2 1 1 0.1611955703310024 
1 7 8 8 1 1 0.19883047901002238 
2 2 2 2 1 0 0.31693090351225406 
---
2 4 19.18568784700802 4.0 5
11 1 2 1 11 0 0.5052466094697665 
12 4 13 2 1 1 0.1611955703310024 
1 7 8 8 1 1 0.19883047901002238 
2 2 2 2 1 0 0.31693090351225406 
---
2 5 18.32202344231956 5.0 5
12 4 13 2 1 1 0.1611955703310024 
2 2 2 2 1 0 0.31693090351225406 
11 1 2 1 11 0 0.5052466094697665 
4 11 1 2 1 0 0.18475297761101772 
1 7 8 8 1 1 0.19883047901002238 
---
2 6 15.792720542874768 26.0 5
13 2 4 1 7 0 0.9854293054415654 
7 11 4 4 8 1 0.45312986626961904 
11 4 12 8 2 1 0.26404937468140877 
1 12 4 5 4 1 0.2678475095461317 
7 7 5 2 7 0 0.13712277421157326 
4 4 13 0 10 1 0.33360124156896154 
12 4 13 4 1 1 0.0708163050214885 
1 12 4 1 13 1 0.2003941625257768 
12 7 4 2 1 0 0.08260242086037084 
4 11 1 2 1 0 0.18475297761101772 
4 11 1 13 7 1 0.12539867920933245 
7 4 7 11 13 0 0.5505505968186999 
4 1 2 12 12 0 0.06300822074007795 
12 1 8 8 11 1 0.15155425737892214 
12 12 12 10 4 1 0.2130390836377909 
11 11 13 4 8 1 0.45174210242013313 
1 7 8 8 1 1 0.19883047901002238 
3 6 8 8 1 0 0.22964222359845987 
11 7 13 2 7 0 0.1665190975376134 
11 4 4 4 2 0 0.13741267855947048 
11 12 5 1 11 0 0.6590865840522201 
12 7 13 2 1 1 0.25001593816032797 
12 8 4 13 11 0 0.08678626014198731 
7 6 7 1 1 0 0.1723480915658735 
1 2 7 13 3 1 0.07971378728651457 
12 7 13 2 1 1 0.25001593816032797 
---
2 7 18.32202344231956 5.0 5
12 4 13 2 1 1 0.1611955703310024 
2 2 2 2 1 0 0.31693090351225406 
11 1 2 1 11 0 0.5052466094697665 
4 11 1 2 1 0 0.18475297761101772 
1 7 8 8 1 1 0.19883047901002238 
---
2 8 17.334978408389883 9.0 5
11 4 4 4 2 0 0.13741267855947048 
13 2 2 2 1 0 0.9580536785511187 
11 12 5 1 11 0 0.6590865840522201 
1 7 8 8 1 1 0.19883047901002238 
11 7 1 4 8 1 0.41876305677739767 
4 11 1 2 1 0 0.18475297761101772 
12 4 13 2 1 1 0.1611955703310024 
11 7 13 2 7 0 0.1665190975376134 
8 4 2 8 1 0 0.19876774247542417 
---
2 9 16.985399958873124 10.0 5
11 4 4 4 2 0 0.13741267855947048 
12 4 13 2 1 1 0.1611955703310024 
11 7 13 2 7 0 0.1665190975376134 
7 11 4 4 8 1 0.45312986626961904 
12 7 4 2 1 0 0.08260242086037084 
1 7 8 8 1 1 0.19883047901002238 
11 12 5 1 11 0 0.6590865840522201 
13 2 2 7 7 0 0.9815715754141636 
4 4 13 0 10 1 0.33360124156896154 
4 11 1 2 1 0 0.18475297761101772 
---
2 10 17.849064363561588 7.0 5
11 7 13 2 7 0 0.1665190975376134 
12 4 13 2 1 1 0.1611955703310024 
3 1 12 12 8 1 0.4521042949104537 
11 2 2 1 11 0 0.6047124028414044 
4 11 1 2 1 0 0.18475297761101772 
1 7 8 8 1 1 0.19883047901002238 
2 2 2 2 1 0 0.31693090351225406 
---
2 11 21.36541229693605 2.0 5
4 7 8 8 0 1 0.2802386810732549 
4 1 0 1 1 0 0.47214188305007765 
---
2 12 17.849064363561588 7.0 5
11 7 13 2 7 0 0.1665190975376134 
12 4 13 2 1 1 0.1611955703310024 
3 1 12 12 8 1 0.4521042949104537 
11 2 2 1 11 0 0.6047124028414044 
4 11 1 2 1 0 0.18475297761101772 
1 7 8 8 1 1 0.19883047901002238 
2 2 2 2 1 0 0.31693090351225406 
---
2 13 21.056960723833022 3.0 5
4 1 0 1 1 0 0.47214188305007765 
4 7 8 8 0 1 0.2802386810732549 
4 11 1 2 1 0 0.18475297761101772 
---
2 14 17.622866543286037 8.0 5
4 4 13 0 10 1 0.33360124156896154 
2 2 2 2 1 0 0.31693090351225406 
11 2 2 1 11 0 0.6047124028414044 
4 11 1 2 1 0 0.18475297761101772 
1 7 8 8 1 1 0.19883047901002238 
11 7 13 2 7 0 0.1665190975376134 
3 1 12 12 8 1 0.4521042949104537 
12 4 13 2 1 1 0.1611955703310024 
---
2 15 16.985399958873124 10.0 5
11 4 4 4 2 0 0.13741267855947048 
12 4 13 2 1 1 0.1611955703310024 
11 7 13 2 7 0 0.1665190975376134 
7 11 4 4 8 1 0.45312986626961904 
12 7 4 2 1 0 0.08260242086037084 
1 7 8 8 1 1 0.19883047901002238 
11 12 5 1 11 0 0.6590865840522201 
13 2 2 7 7 0 0.9815715754141636 
4 4 13 0 10 1 0.33360124156896154 
4 11 1 2 1 0 0.18475297761101772 
---
2 16 16.841455891425046 14.0 5
1 12 4 5 4 1 0.2678475095461317 
12 8 4 13 11 0 0.08678626014198731 
12 7 4 2 1 0 0.08260242086037084 
11 12 5 1 11 0 0.6590865840522201 
7 11 4 4 8 1 0.45312986626961904 
11 7 13 2 7 0 0.1665190975376134 
4 11 1 2 1 0 0.18475297761101772 
1 7 8 8 1 1 0.19883047901002238 
4 4 13 0 10 1 0.33360124156896154 
13 2 2 7 7 0 0.9815715754141636 
12 4 13 4 1 1 0.0708163050214885 
11 4 4 4 2 0 0.13741267855947048 
12 1 8 8 11 1 0.15155425737892214 
7 4 7 11 13 0 0.5505505968186999 
---
2 17 16.841455891425046 14.0 5
1 12 4 5 4 1 0.2678475095461317 
12 8 4 13 11 0 0.08678626014198731 
12 7 4 2 1 0 0.08260242086037084 
11 12 5 1 11 0 0.6590865840522201 
7 11 4 4 8 1 0.45312986626961904 
11 7 13 2 7 0 0.1665190975376134 
4 11 1 2 1 0 0.18475297761101772 
1 7 8 8 1 1 0.19883047901002238 
4 4 13 0 10 1 0.33360124156896154 
13 2 2 7 7 0 0.9815715754141636 
12 4 13 4 1 1 0.0708163050214885 
11 4 4 4 2 0 0.13741267855947048 
12 1 8 8 11 1 0.15155425737892214 
7 4 7 11 13 0 0.5505505968186999 
---
2 18 16.43018712728768 15.0 5
11 4 12 8 2 1 0.26404937468140877 
12 8 4 13 11 0 0.08678626014198731 
12 1 8 8 11 1 0.15155425737892214 
1 7 8 8 1 1 0.19883047901002238 
11 4 4 4 2 0 0.13741267855947048 
4 4 13 0 10 1 0.33360124156896154 
7 4 7 11 13 0 0.5505505968186999 
12 7 4 2 1 0 0.08260242086037084 
12 4 13 4 1 1 0.0708163050214885 
7 11 4 4 8 1 0.45312986626961904 
11 7 13 2 7 0 0.1665190975376134 
4 11 1 2 1 0 0.18475297761101772 
11 12 5 1 11 0 0.6590865840522201 
12 7 13 2 1 1 0.25001593816032797 
13 2 2 7 7 0 0.9815715754141636 
---
2 19 17.622866543286037 8.0 5
4 4 13 0 10 1 0.33360124156896154 
2 2 2 2 1 0 0.31693090351225406 
11 2 2 1 11 0 0.6047124028414044 
4 11 1 2 1 0 0.18475297761101772 
1 7 8 8 1 1 0.19883047901002238 
11 7 13 2 7 0 0.1665190975376134 
3 1 12 12 8 1 0.4521042949104537 
12 4 13 2 1 1 0.1611955703310024 
---
2 20 17.334978408389883 9.0 5
11 4 4 4 2 0 0.13741267855947048 
13 2 2 2 1 0 0.9580536785511187 
11 12 5 1 11 0 0.6590865840522201 
1 7 8 8 1 1 0.19883047901002238 
11 7 1 4 8 1 0.41876305677739767 
4 11 1 2 1 0 0.18475297761101772 
12 4 13 2 1 1 0.1611955703310024 
11 7 13 2 7 0 0.1665190975376134 
8 4 2 8 1 0 0.19876774247542417 
---
2 21 16.43018712728768 15.0 5
11 4 12 8 2 1 0.26404937468140877 
12 8 4 13 11 0 0.08678626014198731 
12 1 8 8 11 1 0.15155425737892214 
1 7 8 8 1 1 0.19883047901002238 
11 4 4 4 2 0 0.13741267855947048 
4 4 13 0 10 1 0.33360124156896154 
7 4 7 11 13 0 0.5505505968186999 
12 7 4 2 1 0 0.08260242086037084 
12 4 13 4 1 1 0.0708163050214885 
7 11 4 4 8 1 0.45312986626961904 
11 7 13 2 7 0 0.1665190975376134 
4 11 1 2 1 0 0.18475297761101772 
11 12 5 1 11 0 0.6590865840522201 
12 7 13 2 1 1 0.25001593816032797 
13 2 2 7 7 0 0.9815715754141636 
---
2 22 16.409623689080817 18.0 5
11 11 13 4 8 1 0.45174210242013313 
7 11 4 4 8 1 0.45312986626961904 
7 4 7 11 13 0 0.5505505968186999 
1 12 4 5 4 1 0.2678475095461317 
11 4 12 8 2 1 0.26404937468140877 
12 8 4 13 11 0 0.08678626014198731 
12 4 13 4 1 1 0.0708163050214885 
4 11 1 2 1 0 0.18475297761101772 
11 4 4 4 2 0 0.13741267855947048 
11 12 5 1 11 0 0.6590865840522201 
4 4 13 0 10 1 0.33360124156896154 
12 7 13 2 1 1 0.25001593816032797 
12 1 8 8 11 1 0.15155425737892214 
11 7 13 2 7 0 0.1665190975376134 
12 7 4 2 1 0 0.08260242086037084 
13 2 2 7 7 0 0.9815715754141636 
1 7 8 8 1 1 0.19883047901002238 
4 11 1 13 7 1 0.12539867920933245 
---
2 23 16.409623689080817 18.0 5
11 11 13 4 8 1 0.45174210242013313 
7 11 4 4 8 1 0.45312986626961904 
7 4 7 11 13 0 0.5505505968186999 
1 12 4 5 4 1 0.2678475095461317 
11 4 12 8 2 1 0.26404937468140877 
12 8 4 13 11 0 0.08678626014198731 
12 4 13 4 1 1 0.0708163050214885 
4 11 1 2 1 0 0.18475297761101772 
11 4 4 4 2 0 0.13741267855947048 
11 12 5 1 11 0 0.6590865840522201 
4 4 13 0 10 1 0.33360124156896154 
12 7 13 2 1 1 0.25001593816032797 
12 1 8 8 11 1 0.15155425737892214 
11 7 13 2 7 0 0.1665190975376134 
12 7 4 2 1 0 0.08260242086037084 
13 2 2 7 7 0 0.9815715754141636 
1 7 8 8 1 1 0.19883047901002238 
4 11 1 13 7 1 0.12539867920933245 
---
2 24 16.389060250873946 19.0 5
13 1 2 7 7 0 0.9889172235491974 
11 4 4 4 2 0 0.13741267855947048 
11 12 5 1 11 0 0.6590865840522201 
1 7 8 8 1 1 0.19883047901002238 
7 11 4 4 8 1 0.45312986626961904 
4 11 1 2 1 0 0.18475297761101772 
12 7 13 2 1 1 0.25001593816032797 
11 11 13 4 8 1 0.45174210242013313 
12 7 4 2 1 0 0.08260242086037084 
12 1 8 8 11 1 0.15155425737892214 
7 4 7 11 13 0 0.5505505968186999 
11 4 12 8 2 1 0.26404937468140877 
12 4 13 4 1 1 0.0708163050214885 
12 8 4 13 11 0 0.08678626014198731 
4 4 13 0 10 1 0.33360124156896154 
11 7 13 2 7 0 0.1665190975376134 
1 12 4 5 4 1 0.2678475095461317 
4 11 1 13 7 1 0.12539867920933245 
12 12 12 10 4 1 0.2130390836377909 
---
2 25 15.854410857495374 23.0 5
4 11 1 2 1 0 0.18475297761101772 
12 7 13 2 1 1 0.25001593816032797 
12 7 4 2 1 0 0.08260242086037084 
12 8 4 13 11 0 0.08678626014198731 
7 7 5 2 7 0 0.13712277421157326 
4 1 2 12 12 0 0.06300822074007795 
4 4 13 0 10 1 0.33360124156896154 
1 7 8 8 1 1 0.19883047901002238 
11 12 5 1 11 0 0.6590865840522201 
12 4 13 4 1 1 0.0708163050214885 
11 7 13 2 7 0 0.1665190975376134 
12 1 8 8 11 1 0.15155425737892214 
11 11 13 4 8 1 0.45174210242013313 
7 4 7 11 13 0 0.5505505968186999 
1 12 4 5 4 1 0.2678475095461317 
11 4 4 4 2 0 0.13741267855947048 
3 6 8 8 1 0 0.22964222359845987 
4 11 1 13 7 1 0.12539867920933245 
7 11 4 4 8 1 0.45312986626961904 
11 4 12 8 2 1 0.26404937468140877 
7 6 7 1 1 0 0.1723480915658735 
12 12 12 10 4 1 0.2130390836377909 
13 2 4 1 7 0 0.9854293054415654 
---
2 26 15.587086160806088 27.0 5
11 4 4 4 6 0 0.1147447946585688 
11 12 5 1 11 0 0.6590865840522201 
13 2 2 2 7 0 0.9706021586965909 
1 7 8 8 1 1 0.19883047901002238 
7 11 4 4 8 1 0.45312986626961904 
4 11 1 2 1 0 0.18475297761101772 
12 7 13 2 1 1 0.25001593816032797 
13 8 2 2 7 0 0.9480898530560065 
12 7 4 2 1 0 0.08260242086037084 
11 11 13 4 8 1 0.45174210242013313 
7 4 7 11 13 0 0.5505505968186999 
11 4 12 8 2 1 0.26404937468140877 
12 1 8 8 11 1 0.15155425737892214 
12 4 13 4 1 1 0.0708163050214885 
12 8 4 13 11 0 0.08678626014198731 
4 4 13 0 10 1 0.33360124156896154 
11 7 13 2 7 0 0.1665190975376134 
4 8 13 13 11 1 0.32536968628025564 
4 1 2 12 12 0 0.06300822074007795 
1 12 4 1 13 1 0.2003941625257768 
1 12 4 5 4 1 0.2678475095461317 
1 4 8 8 10 1 0.3201670530072065 
4 11 1 13 7 1 0.12539867920933245 
7 7 5 2 7 0 0.13712277421157326 
4 10 13 0 7 0 1.0 
12 12 12 10 4 1 0.2130390836377909 
11 4 4 4 2 0 0.13741267855947048 
---
2 27 15.874974295702241 21.0 5
1 12 4 5 4 1 0.2678475095461317 
11 11 13 4 8 1 0.45174210242013313 
13 2 4 1 7 0 0.9854293054415654 
4 1 2 12 12 0 0.06300822074007795 
7 11 4 4 8 1 0.45312986626961904 
12 7 13 2 1 1 0.25001593816032797 
7 6 7 1 1 0 0.1723480915658735 
1 7 8 8 1 1 0.19883047901002238 
11 7 13 2 7 0 0.1665190975376134 
4 11 1 2 1 0 0.18475297761101772 
11 12 5 1 11 0 0.6590865840522201 
12 12 12 10 4 1 0.2130390836377909 
7 4 7 11 13 0 0.5505505968186999 
4 4 13 0 10 1 0.33360124156896154 
4 11 1 13 7 1 0.12539867920933245 
11 4 4 4 2 0 0.13741267855947048 
12 8 4 13 11 0 0.08678626014198731 
11 4 12 8 2 1 0.26404937468140877 
12 1 8 8 11 1 0.15155425737892214 
12 4 13 4 1 1 0.0708163050214885 
12 7 4 2 1 0 0.08260242086037084 
---
2 28 16.389060250873946 19.0 5
13 1 2 7 7 0 0.9889172235491974 
11 4 4 4 2 0 0.13741267855947048 
11 12 5 1 11 0 0.6590865840522201 
1 7 8 8 1 1 0.19883047901002238 
7 11 4 4 8 1 0.45312986626961904 
4 11 1 2 1 0 0.18475297761101772 
12 7 13 2 1 1 0.25001593816032797 
11 11 13 4 8 1 0.45174210242013313 
12 7 4 2 1 0 0.08260242086037084 
12 1 8 8 11 1 0.15155425737892214 
7 4 7 11 13 0 0.5505505968186999 
11 4 12 8 2 1 0.26404937468140877 
12 4 13 4 1 1 0.0708163050214885 
12 8 4 13 11 0 0.08678626014198731 
4 4 13 0 10 1 0.33360124156896154 
11 7 13 2 7 0 0.1665190975376134 
1 12 4 5 4 1 0.2678475095461317 
4 11 1 13 7 1 0.12539867920933245 
12 12 12 10 4 1 0.2130390836377909 
---
2 29 15.792720542874768 26.0 5
13 2 4 1 7 0 0.9854293054415654 
7 11 4 4 8 1 0.45312986626961904 
11 4 12 8 2 1 0.26404937468140877 
1 12 4 5 4 1 0.2678475095461317 
7 7 5 2 7 0 0.13712277421157326 
4 4 13 0 10 1 0.33360124156896154 
12 4 13 4 1 1 0.0708163050214885 
1 12 4 1 13 1 0.2003941625257768 
12 7 4 2 1 0 0.08260242086037084 
4 11 1 2 1 0 0.18475297761101772 
4 11 1 13 7 1 0.12539867920933245 
7 4 7 11 13 0 0.5505505968186999 
4 1 2 12 12 0 0.06300822074007795 
12 1 8 8 11 1 0.15155425737892214 
12 12 12 10 4 1 0.2130390836377909 
11 11 13 4 8 1 0.45174210242013313 
1 7 8 8 1 1 0.19883047901002238 
3 6 8 8 1 0 0.22964222359845987 
11 7 13 2 7 0 0.1665190975376134 
11 4 4 4 2 0 0.13741267855947048 
11 12 5 1 11 0 0.6590865840522201 
12 7 13 2 1 1 0.25001593816032797 
12 8 4 13 11 0 0.08678626014198731 
7 6 7 1 1 0 0.1723480915658735 
1 2 7 13 3 1 0.07971378728651457 
12 7 13 2 1 1 0.25001593816032797 
---
2 30 15.587086160806088 27.0 5
11 4 4 4 6 0 0.1147447946585688 
11 12 5 1 11 0 0.6590865840522201 
13 2 2 2 7 0 0.9706021586965909 
1 7 8 8 1 1 0.19883047901002238 
7 11 4 4 8 1 0.45312986626961904 
4 11 1 2 1 0 0.18475297761101772 
12 7 13 2 1 1 0.25001593816032797 
13 8 2 2 7 0 0.9480898530560065 
12 7 4 2 1 0 0.08260242086037084 
11 11 13 4 8 1 0.45174210242013313 
7 4 7 11 13 0 0.5505505968186999 
11 4 12 8 2 1 0.26404937468140877 
12 1 8 8 11 1 0.15155425737892214 
12 4 13 4 1 1 0.0708163050214885 
12 8 4 13 11 0 0.08678626014198731 
4 4 13 0 10 1 0.33360124156896154 
11 7 13 2 7 0 0.1665190975376134 
4 8 13 13 11 1 0.32536968628025564 
4 1 2 12 12 0 0.06300822074007795 
1 12 4 1 13 1 0.2003941625257768 
1 12 4 5 4 1 0.2678475095461317 
1 4 8 8 10 1 0.3201670530072065 
4 11 1 13 7 1 0.12539867920933245 
7 7 5 2 7 0 0.13712277421157326 
4 10 13 0 7 0 1.0 
12 12 12 10 4 1 0.2130390836377909 
11 4 4 4 2 0 0.13741267855947048 
---
2 31 16.306806498046473 20.0 5
12 8 4 13 11 0 0.08678626014198731 
11 4 12 8 2 1 0.26404937468140877 
4 11 1 2 1 0 0.18475297761101772 
11 4 4 4 2 0 0.13741267855947048 
11 11 13 4 8 1 0.45174210242013313 
1 12 4 5 4 1 0.2678475095461317 
11 7 13 2 7 0 0.1665190975376134 
12 7 4 2 1 0 0.08260242086037084 
7 4 7 11 13 0 0.5505505968186999 
12 4 13 4 1 1 0.0708163050214885 
12 7 13 2 1 1 0.25001593816032797 
11 12 5 1 11 0 0.6590865840522201 
13 11 2 7 7 0 0.9969251265933672 
7 1 8 8 10 1 0.2783017613354861 
13 13 2 7 7 0 0.9857627846579663 
12 1 8 8 11 1 0.15155425737892214 
4 11 1 13 7 1 0.12539867920933245 
1 7 8 8 1 1 0.19883047901002238 
7 11 4 4 8 1 0.45312986626961904 
4 4 13 0 10 1 0.33360124156896154 
---
2 32 16.306806498046473 20.0 5
12 8 4 13 11 0 0.08678626014198731 
11 4 12 8 2 1 0.26404937468140877 
4 11 1 2 1 0 0.18475297761101772 
11 4 4 4 2 0 0.13741267855947048 
11 11 13 4 8 1 0.45174210242013313 
1 12 4 5 4 1 0.2678475095461317 
11 7 13 2 7 0 0.1665190975376134 
12 7 4 2 1 0 0.08260242086037084 
7 4 7 11 13 0 0.5505505968186999 
12 4 13 4 1 1 0.0708163050214885 
12 7 13 2 1 1 0.25001593816032797 
11 12 5 1 11 0 0.6590865840522201 
13 11 2 7 7 0 0.9969251265933672 
7 1 8 8 10 1 0.2783017613354861 
13 13 2 7 7 0 0.9857627846579663 
12 1 8 8 11 1 0.15155425737892214 
4 11 1 13 7 1 0.12539867920933245 
1 7 8 8 1 1 0.19883047901002238 
7 11 4 4 8 1 0.45312986626961904 
4 4 13 0 10 1 0.33360124156896154 
---
2 33 15.854410857495374 23.0 5
4 11 1 2 1 0 0.18475297761101772 
12 7 13 2 1 1 0.25001593816032797 
12 7 4 2 1 0 0.08260242086037084 
12 8 4 13 11 0 0.08678626014198731 
7 7 5 2 7 0 0.13712277421157326 
4 1 2 12 12 0 0.06300822074007795 
4 4 13 0 10 1 0.33360124156896154 
1 7 8 8 1 1 0.19883047901002238 
11 12 5 1 11 0 0.6590865840522201 
12 4 13 4 1 1 0.0708163050214885 
11 7 13 2 7 0 0.1665190975376134 
12 1 8 8 11 1 0.15155425737892214 
11 11 13 4 8 1 0.45174210242013313 
7 4 7 11 13 0 0.5505505968186999 
1 12 4 5 4 1 0.2678475095461317 
11 4 4 4 2 0 0.13741267855947048 
3 6 8 8 1 0 0.22964222359845987 
4 11 1 13 7 1 0.12539867920933245 
7 11 4 4 8 1 0.45312986626961904 
11 4 12 8 2 1 0.26404937468140877 
7 6 7 1 1 0 0.1723480915658735 
12 12 12 10 4 1 0.2130390836377909 
13 2 4 1 7 0 0.9854293054415654 
---
2 34 15.874974295702241 21.0 5
1 12 4 5 4 1 0.2678475095461317 
11 11 13 4 8 1 0.45174210242013313 
13 2 4 1 7 0 0.9854293054415654 
4 1 2 12 12 0 0.06300822074007795 
7 11 4 4 8 1 0.45312986626961904 
12 7 13 2 1 1 0.25001593816032797 
7 6 7 1 1 0 0.1723480915658735 
1 7 8 8 1 1 0.19883047901002238 
11 7 13 2 7 0 0.1665190975376134 
4 11 1 2 1 0 0.18475297761101772 
11 12 5 1 11 0 0.6590865840522201 
12 12 12 10 4 1 0.2130390836377909 
7 4 7 11 13 0 0.5505505968186999 
4 4 13 0 10 1 0.33360124156896154 
4 11 1 13 7 1 0.12539867920933245 
11 4 4 4 2 0 0.13741267855947048 
12 8 4 13 11 0 0.08678626014198731 
11 4 12 8 2 1 0.26404937468140877 
12 1 8 8 11 1 0.15155425737892214 
12 4 13 4 1 1 0.0708163050214885 
12 7 4 2 1 0 0.08260242086037084 
---
2 35 29.38515319761464 1.0 5
1 0 0 0 1 0 0.376009233052798 
---
3 0 29.36458975940777 1.0 5
2 2 2 1 2 0 0.48594448532292944 
---
3 1 17.663993419699775 15.0 5
7 7 12 8 1 1 0.19184517812397406 
7 12 11 5 1 1 0.3708445506695246 
1 7 2 2 11 0 0.22220911965014722 
12 1 4 2 11 0 0.34326465093948433 
12 4 8 5 1 1 0.27965517516753324 
11 3 1 10 2 1 0.4227697774121635 
12 4 8 13 1 1 0.3041212102340398 
4 11 7 12 2 0 0.4654230742997132 
11 1 4 2 11 0 0.16838031425545918 
2 1 4 2 3 0 0.34745576699787395 
11 12 4 7 2 0 0.5224530153241924 
2 7 5 4 7 0 0.3105050554099342 
0 1 11 4 8 0 0.7153967495191862 
1 2 10 6 7 1 0.49753905670159626 
7 1 8 4 8 1 0.38677940645403186 
---
3 2 22.044005757762697 2.0 5
7 7 8 8 4 1 0.11817216002536546 
1 1 2 1 4 0 0.3442008740128364 
---
3 3 22.044005757762697 2.0 5
7 7 8 8 4 1 0.11817216002536546 
1 1 2 1 4 0 0.3442008740128364 
---
3 4 19.884844746041537 3.0 5
0 2 2 4 2 0 0.3425931893130578 
7 1 8 4 8 1 0.38677940645403186 
7 7 8 8 4 1 0.11817216002536546 
---
3 5 19.884844746041537 3.0 5
7 7 8 8 4 1 0.11817216002536546 
0 2 2 4 2 0 0.3425931893130578 
7 1 8 4 8 1 0.38677940645403186 
---
3 6 19.391322229076703 4.0 5
1 11 7 4 2 0 0.2581482537912736 
7 1 8 4 8 1 0.38677940645403186 
7 7 8 8 4 1 0.11817216002536546 
0 2 2 4 2 0 0.3425931893130578 
---
3 7 18.28089656590582 7.0 5
7 1 8 4 8 1 0.38677940645403186 
12 1 4 2 11 0 0.34326465093948433 
0 2 2 4 2 0 0.3425931893130578 
7 7 12 8 1 1 0.19184517812397406 
12 4 8 13 1 1 0.3041212102340398 
1 7 2 2 11 0 0.22220911965014722 
4 11 7 12 2 0 0.4654230742997132 
---
3 8 18.877236273904995 5.0 5
1 1 4 2 11 0 0.2825553424621776 
12 4 8 5 1 1 0.27965517516753324 
0 1 11 4 8 0 0.7153967495191862 
11 3 1 10 2 1 0.4227697774121635 
7 7 12 8 1 1 0.19184517812397406 
---
3 9 19.391322229076703 4.0 5
1 11 7 4 2 0 0.2581482537912736 
7 1 8 4 8 1 0.38677940645403186 
7 7 8 8 4 1 0.11817216002536546 
0 2 2 4 2 0 0.3425931893130578 
---
3 10 18.877236273904995 5.0 5
1 1 4 2 11 0 0.2825553424621776 
12 4 8 5 1 1 0.27965517516753324 
0 1 11 4 8 0 0.7153967495191862 
11 3 1 10 2 1 0.4227697774121635 
7 7 12 8 1 1 0.19184517812397406 
---
3 11 18.28089656590582 7.0 5
7 1 8 4 8 1 0.38677940645403186 
12 1 4 2 11 0 0.34326465093948433 
0 2 2 4 2 0 0.3425931893130578 
7 7 12 8 1 1 0.19184517812397406 
12 4 8 13 1 1 0.3041212102340398 
1 7 2 2 11 0 0.22220911965014722 
4 11 7 12 2 0 0.4654230742997132 
---
3 12 18.178079374871476 8.0 5
12 1 4 2 11 0 0.34326465093948433 
7 7 12 8 1 1 0.19184517812397406 
1 2 10 6 7 1 0.49753905670159626 
12 4 8 13 1 1 0.3041212102340398 
0 2 2 4 2 0 0.3425931893130578 
4 11 7 12 2 0 0.4654230742997132 
1 7 2 2 11 0 0.22220911965014722 
7 1 8 4 8 1 0.38677940645403186 
---
3 13 18.178079374871476 8.0 5
12 1 4 2 11 0 0.34326465093948433 
7 7 12 8 1 1 0.19184517812397406 
1 2 10 6 7 1 0.49753905670159626 
12 4 8 13 1 1 0.3041212102340398 
0 2 2 4 2 0 0.3425931893130578 
4 11 7 12 2 0 0.4654230742997132 
1 7 2 2 11 0 0.22220911965014722 
7 1 8 4 8 1 0.38677940645403186 
---
3 14 18.075262183837136 10.0 5
0 2 2 4 2 0 0.3425931893130578 
4 11 7 12 2 0 0.4654230742997132 
1 7 2 2 11 0 0.22220911965014722 
7 12 11 5 1 1 0.3708445506695246 
12 4 8 13 1 1 0.3041212102340398 
7 1 8 4 8 1 0.38677940645403186 
11 3 1 10 2 1 0.4227697774121635 
1 11 7 4 2 0 0.2581482537912736 
7 7 12 8 1 1 0.19184517812397406 
12 1 4 2 11 0 0.34326465093948433 
---
3 15 17.684556857906642 14.0 5
11 12 4 7 2 0 0.5224530153241924 
2 7 5 4 7 0 0.3105050554099342 
7 7 12 8 1 1 0.19184517812397406 
0 1 11 4 8 0 0.7153967495191862 
11 1 4 2 11 0 0.16838031425545918 
12 4 8 5 1 1 0.27965517516753324 
11 3 1 10 2 1 0.4227697774121635 
4 11 7 12 2 0 0.4654230742997132 
1 7 2 2 11 0 0.22220911965014722 
2 1 4 2 3 0 0.34745576699787395 
7 12 11 5 1 1 0.3708445506695246 
12 4 8 13 1 1 0.3041212102340398 
12 1 4 2 11 0 0.34326465093948433 
7 1 8 4 8 1 0.38677940645403186 
---
3 16 17.91075467818219 11.0 5
11 3 1 10 2 1 0.4227697774121635 
1 11 7 4 2 0 0.2581482537912736 
0 2 2 4 2 0 0.3425931893130578 
12 4 8 13 1 1 0.3041212102340398 
1 7 2 2 11 0 0.22220911965014722 
12 1 4 2 11 0 0.34326465093948433 
7 12 11 5 1 1 0.3708445506695246 
12 4 8 5 1 1 0.27965517516753324 
7 7 12 8 1 1 0.19184517812397406 
4 11 7 12 2 0 0.4654230742997132 
7 1 8 4 8 1 0.38677940645403186 
---
3 17 17.91075467818219 11.0 5
11 3 1 10 2 1 0.4227697774121635 
1 11 7 4 2 0 0.2581482537912736 
0 2 2 4 2 0 0.3425931893130578 
12 4 8 13 1 1 0.3041212102340398 
1 7 2 2 11 0 0.22220911965014722 
12 1 4 2 11 0 0.34326465093948433 
7 12 11 5 1 1 0.3708445506695246 
12 4 8 5 1 1 0.27965517516753324 
7 7 12 8 1 1 0.19184517812397406 
4 11 7 12 2 0 0.4654230742997132 
7 1 8 4 8 1 0.38677940645403186 
---
3 18 18.075262183837136 10.0 5
0 2 2 4 2 0 0.3425931893130578 
4 11 7 12 2 0 0.4654230742997132 
1 7 2 2 11 0 0.22220911965014722 
7 12 11 5 1 1 0.3708445506695246 
12 4 8 13 1 1 0.3041212102340398 
7 1 8 4 8 1 0.38677940645403186 
11 3 1 10 2 1 0.4227697774121635 
1 11 7 4 2 0 0.2581482537912736 
7 7 12 8 1 1 0.19184517812397406 
12 1 4 2 11 0 0.34326465093948433 
---
3 19 17.787374048940983 12.0 5
7 12 11 5 1 1 0.3708445506695246 
11 3 1 10 2 1 0.4227697774121635 
11 1 4 2 11 0 0.16838031425545918 
12 4 8 13 1 1 0.3041212102340398 
0 2 2 4 2 0 0.3425931893130578 
4 11 7 12 2 0 0.4654230742997132 
7 7 12 8 1 1 0.19184517812397406 
12 1 4 2 11 0 0.34326465093948433 
1 11 7 4 2 0 0.2581482537912736 
7 1 8 4 8 1 0.38677940645403186 
1 7 2 2 11 0 0.22220911965014722 
12 4 8 5 1 1 0.27965517516753324 
---
3 20 17.684556857906642 14.0 5
11 12 4 7 2 0 0.5224530153241924 
2 7 5 4 7 0 0.3105050554099342 
7 7 12 8 1 1 0.19184517812397406 
0 1 11 4 8 0 0.7153967495191862 
11 1 4 2 11 0 0.16838031425545918 
12 4 8 5 1 1 0.27965517516753324 
11 3 1 10 2 1 0.4227697774121635 
4 11 7 12 2 0 0.4654230742997132 
1 7 2 2 11 0 0.22220911965014722 
2 1 4 2 3 0 0.34745576699787395 
7 12 11 5 1 1 0.3708445506695246 
12 4 8 13 1 1 0.3041212102340398 
12 1 4 2 11 0 0.34326465093948433 
7 1 8 4 8 1 0.38677940645403186 
---
3 21 17.787374048940983 12.0 5
1 11 7 4 2 0 0.2581482537912736 
4 11 7 12 2 0 0.4654230742997132 
11 1 4 2 11 0 0.16838031425545918 
0 2 2 4 2 0 0.3425931893130578 
12 4 8 13 1 1 0.3041212102340398 
7 1 8 4 8 1 0.38677940645403186 
7 12 11 5 1 1 0.3708445506695246 
12 1 4 2 11 0 0.34326465093948433 
1 7 2 2 11 0 0.22220911965014722 
7 7 12 8 1 1 0.19184517812397406 
11 3 1 10 2 1 0.4227697774121635 
12 4 8 5 1 1 0.27965517516753324 
---
3 22 29.36458975940777 1.0 5
2 2 2 1 2 0 0.48594448532292944 
---
3 23 17.663993419699775 15.0 5
7 7 12 8 1 1 0.19184517812397406 
7 12 11 5 1 1 0.3708445506695246 
1 7 2 2 11 0 0.22220911965014722 
12 1 4 2 11 0 0.34326465093948433 
12 4 8 5 1 1 0.27965517516753324 
11 3 1 10 2 1 0.4227697774121635 
12 4 8 13 1 1 0.3041212102340398 
4 11 7 12 2 0 0.4654230742997132 
11 1 4 2 11 0 0.16838031425545918 
2 1 4 2 3 0 0.34745576699787395 
11 12 4 7 2 0 0.5224530153241924 
2 7 5 4 7 0 0.3105050554099342 
0 1 11 4 8 0 0.7153967495191862 
1 2 10 6 7 1 0.49753905670159626 
7 1 8 4 8 1 0.38677940645403186 
---
3 24 22.044005757762697 2.0 5
7 7 8 8 4 1 0.11817216002536546 
1 1 2 1 4 0 0.3442008740128364 
---
3 25 19.884844746041537 3.0 5
0 2 2 4 2 0 0.3425931893130578 
7 1 8 4 8 1 0.38677940645403186 
7 7 8 8 4 1 0.11817216002536546 
---
3 26 19.391322229076703 4.0 5
1 11 7 4 2 0 0.2581482537912736 
7 1 8 4 8 1 0.38677940645403186 
7 7 8 8 4 1 0.11817216002536546 
0 2 2 4 2 0 0.3425931893130578 
---
3 27 18.877236273904995 5.0 5
1 1 4 2 11 0 0.2825553424621776 
12 4 8 5 1 1 0.27965517516753324 
0 1 11 4 8 0 0.7153967495191862 
11 3 1 10 2 1 0.4227697774121635 
7 7 12 8 1 1 0.19184517812397406 
---
3 28 18.28089656590582 7.0 5
7 1 8 4 8 1 0.38677940645403186 
12 1 4 2 11 0 0.34326465093948433 
0 2 2 4 2 0 0.3425931893130578 
7 7 12 8 1 1 0.19184517812397406 
12 4 8 13 1 1 0.3041212102340398 
1 7 2 2 11 0 0.22220911965014722 
4 11 7 12 2 0 0.4654230742997132 
---
3 29 18.178079374871476 8.0 5
12 1 4 2 11 0 0.34326465093948433 
7 7 12 8 1 1 0.19184517812397406 
1 2 10 6 7 1 0.49753905670159626 
12 4 8 13 1 1 0.3041212102340398 
0 2 2 4 2 0 0.3425931893130578 
4 11 7 12 2 0 0.4654230742997132 
1 7 2 2 11 0 0.22220911965014722 
7 1 8 4 8 1 0.38677940645403186 
---
3 30 17.91075467818219 11.0 5
11 3 1 10 2 1 0.4227697774121635 
1 11 7 4 2 0 0.2581482537912736 
0 2 2 4 2 0 0.3425931893130578 
12 4 8 13 1 1 0.3041212102340398 
1 7 2 2 11 0 0.22220911965014722 
12 1 4 2 11 0 0.34326465093948433 
7 12 11 5 1 1 0.3708445506695246 
12 4 8 5 1 1 0.27965517516753324 
7 7 12 8 1 1 0.19184517812397406 
4 11 7 12 2 0 0.4654230742997132 
7 1 8 4 8 1 0.38677940645403186 
---
3 31 18.075262183837136 10.0 5
0 2 2 4 2 0 0.3425931893130578 
4 11 7 12 2 0 0.4654230742997132 
1 7 2 2 11 0 0.22220911965014722 
7 12 11 5 1 1 0.3708445506695246 
12 4 8 13 1 1 0.3041212102340398 
7 1 8 4 8 1 0.38677940645403186 
11 3 1 10 2 1 0.4227697774121635 
1 11 7 4 2 0 0.2581482537912736 
7 7 12 8 1 1 0.19184517812397406 
12 1 4 2 11 0 0.34326465093948433 
---
3 32 17.684556857906642 14.0 5
11 12 4 7 2 0 0.5224530153241924 
2 7 5 4 7 0 0.3105050554099342 
7 7 12 8 1 1 0.19184517812397406 
0 1 11 4 8 0 0.7153967495191862 
11 1 4 2 11 0 0.16838031425545918 
12 4 8 5 1 1 0.27965517516753324 
11 3 1 10 2 1 0.4227697774121635 
4 11 7 12 2 0 0.4654230742997132 
1 7 2 2 11 0 0.22220911965014722 
2 1 4 2 3 0 0.34745576699787395 
7 12 11 5 1 1 0.3708445506695246 
12 4 8 13 1 1 0.3041212102340398 
12 1 4 2 11 0 0.34326465093948433 
7 1 8 4 8 1 0.38677940645403186 
---
3 33 17.787374048940983 12.0 5
1 11 7 4 2 0 0.2581482537912736 
4 11 7 12 2 0 0.4654230742997132 
11 1 4 2 11 0 0.16838031425545918 
0 2 2 4 2 0 0.3425931893130578 
12 4 8 13 1 1 0.3041212102340398 
7 1 8 4 8 1 0.38677940645403186 
7 12 11 5 1 1 0.3708445506695246 
12 1 4 2 11 0 0.34326465093948433 
1 7 2 2 11 0 0.22220911965014722 
7 7 12 8 1 1 0.19184517812397406 
11 3 1 10 2 1 0.4227697774121635 
12 4 8 5 1 1 0.27965517516753324 
---
3 34 29.36458975940777 1.0 5
2 2 2 1 2 0 0.48594448532292944 
---
3 35 17.663993419699775 15.0 5
7 7 12 8 1 1 0.19184517812397406 
7 12 11 5 1 1 0.3708445506695246 
1 7 2 2 11 0 0.22220911965014722 
12 1 4 2 11 0 0.34326465093948433 
12 4 8 5 1 1 0.27965517516753324 
11 3 1 10 2 1 0.4227697774121635 
12 4 8 13 1 1 0.3041212102340398 
4 11 7 12 2 0 0.4654230742997132 
11 1 4 2 11 0 0.16838031425545918 
2 1 4 2 3 0 0.34745576699787395 
11 12 4 7 2 0 0.5224530153241924 
2 7 5 4 7 0 0.3105050554099342 
0 1 11 4 8 0 0.7153967495191862 
1 2 10 6 7 1 0.49753905670159626 
7 1 8 4 8 1 0.38677940645403186 
---
3 36 22.044005757762697 2.0 5
7 7 8 8 4 1 0.11817216002536546 
1 1 2 1 4 0 0.3442008740128364 
---
3 37 19.884844746041537 3.0 5
0 2 2 4 2 0 0.3425931893130578 
7 1 8 4 8 1 0.38677940645403186 
7 7 8 8 4 1 0.11817216002536546 
---
3 38 19.391322229076703 4.0 5
1 11 7 4 2 0 0.2581482537912736 
7 1 8 4 8 1 0.38677940645403186 
7 7 8 8 4 1 0.11817216002536546 
0 2 2 4 2 0 0.3425931893130578 
---
3 39 18.877236273904995 5.0 5
1 1 4 2 11 0 0.2825553424621776 
12 4 8 5 1 1 0.27965517516753324 
0 1 11 4 8 0 0.7153967495191862 
11 3 1 10 2 1 0.4227697774121635 
7 7 12 8 1 1 0.19184517812397406 
---
3 40 18.28089656590582 7.0 5
7 1 8 4 8 1 0.38677940645403186 
12 1 4 2 11 0 0.34326465093948433 
0 2 2 4 2 0 0.3425931893130578 
7 7 12 8 1 1 0.19184517812397406 
12 4 8 13 1 1 0.3041212102340398 
1 7 2 2 11 0 0.22220911965014722 
4 11 7 12 2 0 0.4654230742997132 
---
3 41 18.178079374871476 8.0 5
12 1 4 2 11 0 0.34326465093948433 
7 7 12 8 1 1 0.19184517812397406 
1 2 10 6 7 1 0.49753905670159626 
12 4 8 13 1 1 0.3041212102340398 
0 2 2 4 2 0 0.3425931893130578 
4 11 7 12 2 0 0.4654230742997132 
1 7 2 2 11 0 0.22220911965014722 
7 1 8 4 8 1 0.38677940645403186 
---
3 42 17.91075467818219 11.0 5
11 3 1 10 2 1 0.4227697774121635 
1 11 7 4 2 0 0.2581482537912736 
0 2 2 4 2 0 0.3425931893130578 
12 4 8 13 1 1 0.3041212102340398 
1 7 2 2 11 0 0.22220911965014722 
12 1 4 2 11 0 0.34326465093948433 
7 12 11 5 1 1 0.3708445506695246 
12 4 8 5 1 1 0.27965517516753324 
7 7 12 8 1 1 0.19184517812397406 
4 11 7 12 2 0 0.4654230742997132 
7 1 8 4 8 1 0.38677940645403186 
---
3 43 18.075262183837136 10.0 5
0 2 2 4 2 0 0.3425931893130578 
4 11 7 12 2 0 0.4654230742997132 
1 7 2 2 11 0 0.22220911965014722 
7 12 11 5 1 1 0.3708445506695246 
12 4 8 13 1 1 0.3041212102340398 
7 1 8 4 8 1 0.38677940645403186 
11 3 1 10 2 1 0.4227697774121635 
1 11 7 4 2 0 0.2581482537912736 
7 7 12 8 1 1 0.19184517812397406 
12 1 4 2 11 0 0.34326465093948433 
---
3 44 17.684556857906642 14.0 5
11 12 4 7 2 0 0.5224530153241924 
2 7 5 4 7 0 0.3105050554099342 
7 7 12 8 1 1 0.19184517812397406 
0 1 11 4 8 0 0.7153967495191862 
11 1 4 2 11 0 0.16838031425545918 
12 4 8 5 1 1 0.27965517516753324 
11 3 1 10 2 1 0.4227697774121635 
4 11 7 12 2 0 0.4654230742997132 
1 7 2 2 11 0 0.22220911965014722 
2 1 4 2 3 0 0.34745576699787395 
7 12 11 5 1 1 0.3708445506695246 
12 4 8 13 1 1 0.3041212102340398 
12 1 4 2 11 0 0.34326465093948433 
7 1 8 4 8 1 0.38677940645403186 
---
3 45 17.787374048940983 12.0 5
1 11 7 4 2 0 0.2581482537912736 
4 11 7 12 2 0 0.4654230742997132 
11 1 4 2 11 0 0.16838031425545918 
0 2 2 4 2 0 0.3425931893130578 
12 4 8 13 1 1 0.3041212102340398 
7 1 8 4 8 1 0.38677940645403186 
7 12 11 5 1 1 0.3708445506695246 
12 1 4 2 11 0 0.34326465093948433 
1 7 2 2 11 0 0.22220911965014722 
7 7 12 8 1 1 0.19184517812397406 
11 3 1 10 2 1 0.4227697774121635 
12 4 8 5 1 1 0.27965517516753324 
---
3 46 17.663993419699775 15.0 5
7 7 12 8 1 1 0.19184517812397406 
7 12 11 5 1 1 0.3708445506695246 
1 7 2 2 11 0 0.22220911965014722 
12 1 4 2 11 0 0.34326465093948433 
12 4 8 5 1 1 0.27965517516753324 
11 3 1 10 2 1 0.4227697774121635 
12 4 8 13 1 1 0.3041212102340398 
4 11 7 12 2 0 0.4654230742997132 
11 1 4 2 11 0 0.16838031425545918 
2 1 4 2 3 0 0.34745576699787395 
11 12 4 7 2 0 0.5224530153241924 
2 7 5 4 7 0 0.3105050554099342 
0 1 11 4 8 0 0.7153967495191862 
1 2 10 6 7 1 0.49753905670159626 
7 1 8 4 8 1 0.38677940645403186 
---
4 0 14.99074645280691 14.0 5
3 4 13 0 7 0 0.3990815593687065 
8 4 11 0 2 0 0.9308132516934249 
2 4 1 0 2 0 0.5638622052626091 
7 1 7 0 2 0 0.39382235885791084 
7 7 4 8 4 1 0.1730685101957833 
12 4 13 2 0 1 0.22615372211819462 
2 2 1 4 2 0 0.6357464814203564 
4 7 8 1 8 1 0.43246749140173035 
8 4 1 11 2 0 0.8424429838338939 
7 4 4 4 8 1 0.21372363724568988 
7 7 4 2 13 1 0.31325642704389334 
4 12 1 13 3 1 0.18081846100533872 
3 7 2 2 6 1 0.09094707097081556 
7 11 13 12 7 1 0.14925710897220634 
---
4 1 21.612173555418465 2.0 5
2 1 2 0 0 0 0.33323963545111845 
12 7 8 8 0 1 0.32578506370653426 
---
4 2 20.378367263006375 3.0 5
12 7 8 8 0 1 0.32578506370653426 
2 1 2 0 0 0 0.33323963545111845 
4 7 8 1 8 1 0.43246749140173035 
---
4 3 17.622866543286037 4.0 5
12 4 13 2 0 1 0.22615372211819462 
1 2 7 4 2 0 0.6822888163903333 
3 4 13 0 7 0 0.3990815593687065 
7 7 4 8 4 1 0.1730685101957833 
---
4 4 17.622866543286037 4.0 5
12 4 13 2 0 1 0.22615372211819462 
1 2 7 4 2 0 0.6822888163903333 
3 4 13 0 7 0 0.3990815593687065 
7 7 4 8 4 1 0.1730685101957833 
---
4 5 16.224552745219 5.0 5
7 7 4 8 4 1 0.1730685101957833 
12 4 13 2 0 1 0.22615372211819462 
4 1 7 0 2 0 0.6115142623877488 
4 7 8 1 8 1 0.43246749140173035 
3 4 13 0 7 0 0.3990815593687065 
---
4 6 21.612173555418465 2.0 5
2 1 2 0 0 0 0.33323963545111845 
12 7 8 8 0 1 0.32578506370653426 
---
4 7 20.378367263006375 3.0 5
12 7 8 8 0 1 0.32578506370653426 
4 7 8 1 8 1 0.43246749140173035 
2 1 2 0 0 0 0.33323963545111845 
---
4 8 16.224552745219 5.0 5
7 7 4 8 4 1 0.1730685101957833 
12 4 13 2 0 1 0.22615372211819462 
4 1 7 0 2 0 0.6115142623877488 
4 7 8 1 8 1 0.43246749140173035 
3 4 13 0 7 0 0.3990815593687065 
---
4 9 16.183425868805266 6.0 5
7 7 4 8 4 1 0.1730685101957833 
12 4 13 2 0 1 0.22615372211819462 
3 4 13 0 7 0 0.3990815593687065 
8 4 1 0 2 0 0.7427201711065925 
4 0 8 1 8 1 0.3789373801163707 
7 1 7 0 2 0 0.39382235885791084 
---
4 10 15.114127082048118 8.0 5
12 4 13 2 0 1 0.22615372211819462 
4 7 8 1 8 1 0.43246749140173035 
7 7 4 2 13 1 0.31325642704389334 
7 7 4 8 4 1 0.1730685101957833 
3 4 13 0 7 0 0.3990815593687065 
7 4 4 4 8 1 0.21372363724568988 
2 4 1 0 2 0 0.5638622052626091 
7 1 7 0 2 0 0.39382235885791084 
---
4 11 15.093563643841252 9.0 5
4 7 8 1 8 1 0.43246749140173035 
12 4 13 2 0 1 0.22615372211819462 
7 7 4 8 4 1 0.1730685101957833 
7 4 4 4 8 1 0.21372363724568988 
8 4 1 11 2 0 0.8424429838338939 
2 4 1 0 2 0 0.5638622052626091 
7 1 7 0 2 0 0.39382235885791084 
3 4 13 0 7 0 0.3990815593687065 
7 7 4 2 13 1 0.31325642704389334 
---
4 12 16.183425868805266 6.0 5
12 4 13 2 0 1 0.22615372211819462 
3 4 13 0 7 0 0.3990815593687065 
8 4 1 0 2 0 0.7427201711065925 
7 7 4 8 4 1 0.1730685101957833 
4 0 8 1 8 1 0.3789373801163707 
7 1 7 0 2 0 0.39382235885791084 
---
4 13 15.751593666461034 7.0 5
7 7 4 2 13 1 0.31325642704389334 
8 4 1 0 2 0 0.7427201711065925 
7 7 4 8 4 1 0.1730685101957833 
12 4 13 2 0 1 0.22615372211819462 
4 0 8 1 8 1 0.3789373801163707 
3 4 13 0 7 0 0.3990815593687065 
7 1 7 0 2 0 0.39382235885791084 
---
4 14 15.093563643841252 9.0 5
4 7 8 1 8 1 0.43246749140173035 
12 4 13 2 0 1 0.22615372211819462 
7 7 4 8 4 1 0.1730685101957833 
7 4 4 4 8 1 0.21372363724568988 
8 4 1 11 2 0 0.8424429838338939 
2 4 1 0 2 0 0.5638622052626091 
7 1 7 0 2 0 0.39382235885791084 
3 4 13 0 7 0 0.3990815593687065 
7 7 4 2 13 1 0.31325642704389334 
---
4 15 15.751593666461034 7.0 5
7 7 4 2 13 1 0.31325642704389334 
8 4 1 0 2 0 0.7427201711065925 
7 7 4 8 4 1 0.1730685101957833 
12 4 13 2 0 1 0.22615372211819462 
4 0 8 1 8 1 0.3789373801163707 
3 4 13 0 7 0 0.3990815593687065 
7 1 7 0 2 0 0.39382235885791084 
---
4 16 15.114127082048118 8.0 5
12 4 13 2 0 1 0.22615372211819462 
4 7 8 1 8 1 0.43246749140173035 
7 7 4 2 13 1 0.31325642704389334 
7 7 4 8 4 1 0.1730685101957833 
3 4 13 0 7 0 0.3990815593687065 
7 4 4 4 8 1 0.21372363724568988 
2 4 1 0 2 0 0.5638622052626091 
7 1 7 0 2 0 0.39382235885791084 
---
4 17 14.99074645280691 14.0 5
3 4 13 0 7 0 0.3990815593687065 
8 4 11 0 2 0 0.9308132516934249 
2 4 1 0 2 0 0.5638622052626091 
7 1 7 0 2 0 0.39382235885791084 
7 7 4 8 4 1 0.1730685101957833 
12 4 13 2 0 1 0.22615372211819462 
2 2 1 4 2 0 0.6357464814203564 
4 7 8 1 8 1 0.43246749140173035 
8 4 1 11 2 0 0.8424429838338939 
7 4 4 4 8 1 0.21372363724568988 
7 7 4 2 13 1 0.31325642704389334 
4 12 1 13 3 1 0.18081846100533872 
3 7 2 2 6 1 0.09094707097081556 
7 11 13 12 7 1 0.14925710897220634 
---
4 18 17.622866543286037 4.0 5
1 2 7 4 2 0 0.6822888163903333 
12 4 13 2 0 1 0.22615372211819462 
3 4 13 0 7 0 0.3990815593687065 
7 7 4 8 4 1 0.1730685101957833 
---
4 19 21.612173555418465 2.0 5
2 1 2 0 0 0 0.33323963545111845 
12 7 8 8 0 1 0.32578506370653426 
---
4 20 20.378367263006375 3.0 5
12 7 8 8 0 1 0.32578506370653426 
2 1 2 0 0 0 0.33323963545111845 
4 7 8 1 8 1 0.43246749140173035 
---
4 21 16.224552745219 5.0 5
4 7 8 1 8 1 0.43246749140173035 
3 4 13 0 7 0 0.3990815593687065 
12 4 13 2 0 1 0.22615372211819462 
7 7 4 8 4 1 0.1730685101957833 
4 1 7 0 2 0 0.6115142623877488 
---
4 22 16.183425868805266 6.0 5
7 7 4 8 4 1 0.1730685101957833 
12 4 13 2 0 1 0.22615372211819462 
3 4 13 0 7 0 0.3990815593687065 
8 4 1 0 2 0 0.7427201711065925 
4 0 8 1 8 1 0.3789373801163707 
7 1 7 0 2 0 0.39382235885791084 
---
4 23 15.093563643841252 9.0 5
4 7 8 1 8 1 0.43246749140173035 
12 4 13 2 0 1 0.22615372211819462 
7 7 4 8 4 1 0.1730685101957833 
7 4 4 4 8 1 0.21372363724568988 
8 4 1 11 2 0 0.8424429838338939 
2 4 1 0 2 0 0.5638622052626091 
7 1 7 0 2 0 0.39382235885791084 
3 4 13 0 7 0 0.3990815593687065 
7 7 4 2 13 1 0.31325642704389334 
---
4 24 15.751593666461034 7.0 5
7 7 4 2 13 1 0.31325642704389334 
8 4 1 0 2 0 0.7427201711065925 
7 7 4 8 4 1 0.1730685101957833 
12 4 13 2 0 1 0.22615372211819462 
4 0 8 1 8 1 0.3789373801163707 
3 4 13 0 7 0 0.3990815593687065 
7 1 7 0 2 0 0.39382235885791084 
---
4 25 15.114127082048118 8.0 5
12 4 13 2 0 1 0.22615372211819462 
4 7 8 1 8 1 0.43246749140173035 
7 7 4 2 13 1 0.31325642704389334 
7 7 4 8 4 1 0.1730685101957833 
3 4 13 0 7 0 0.3990815593687065 
7 4 4 4 8 1 0.21372363724568988 
2 4 1 0 2 0 0.5638622052626091 
7 1 7 0 2 0 0.39382235885791084 
---
4 26 14.99074645280691 14.0 5
3 4 13 0 7 0 0.3990815593687065 
8 4 11 0 2 0 0.9308132516934249 
2 4 1 0 2 0 0.5638622052626091 
7 1 7 0 2 0 0.39382235885791084 
7 7 4 8 4 1 0.1730685101957833 
12 4 13 2 0 1 0.22615372211819462 
2 2 1 4 2 0 0.6357464814203564 
4 7 8 1 8 1 0.43246749140173035 
8 4 1 11 2 0 0.8424429838338939 
7 4 4 4 8 1 0.21372363724568988 
7 7 4 2 13 1 0.31325642704389334 
4 12 1 13 3 1 0.18081846100533872 
3 7 2 2 6 1 0.09094707097081556 
7 11 13 12 7 1 0.14925710897220634 
---
4 27 17.622866543286037 4.0 5
1 2 7 4 2 0 0.6822888163903333 
12 4 13 2 0 1 0.22615372211819462 
3 4 13 0 7 0 0.3990815593687065 
7 7 4 8 4 1 0.1730685101957833 
---
4 28 21.612173555418465 2.0 5
2 1 2 0 0 0 0.33323963545111845 
12 7 8 8 0 1 0.32578506370653426 
---
4 29 20.378367263006375 3.0 5
4 7 8 1 8 1 0.43246749140173035 
2 1 2 0 0 0 0.33323963545111845 
12 7 8 8 0 1 0.32578506370653426 
---
4 30 16.224552745219 5.0 5
4 7 8 1 8 1 0.43246749140173035 
3 4 13 0 7 0 0.3990815593687065 
12 4 13 2 0 1 0.22615372211819462 
7 7 4 8 4 1 0.1730685101957833 
4 1 7 0 2 0 0.6115142623877488 
---
4 31 16.183425868805266 6.0 5
7 7 4 8 4 1 0.1730685101957833 
12 4 13 2 0 1 0.22615372211819462 
3 4 13 0 7 0 0.3990815593687065 
8 4 1 0 2 0 0.7427201711065925 
4 0 8 1 8 1 0.3789373801163707 
7 1 7 0 2 0 0.39382235885791084 
---
4 32 15.093563643841252 9.0 5
4 7 8 1 8 1 0.43246749140173035 
12 4 13 2 0 1 0.22615372211819462 
7 7 4 8 4 1 0.1730685101957833 
7 4 4 4 8 1 0.21372363724568988 
8 4 1 11 2 0 0.8424429838338939 
2 4 1 0 2 0 0.5638622052626091 
7 1 7 0 2 0 0.39382235885791084 
3 4 13 0 7 0 0.3990815593687065 
7 7 4 2 13 1 0.31325642704389334 
---
4 33 15.751593666461034 7.0 5
7 7 4 2 13 1 0.31325642704389334 
8 4 1 0 2 0 0.7427201711065925 
7 7 4 8 4 1 0.1730685101957833 
12 4 13 2 0 1 0.22615372211819462 
4 0 8 1 8 1 0.3789373801163707 
3 4 13 0 7 0 0.3990815593687065 
7 1 7 0 2 0 0.39382235885791084 
---
4 34 15.114127082048118 8.0 5
12 4 13 2 0 1 0.22615372211819462 
4 7 8 1 8 1 0.43246749140173035 
7 7 4 2 13 1 0.31325642704389334 
7 7 4 8 4 1 0.1730685101957833 
3 4 13 0 7 0 0.3990815593687065 
7 4 4 4 8 1 0.21372363724568988 
2 4 1 0 2 0 0.5638622052626091 
7 1 7 0 2 0 0.39382235885791084 
---
4 35 29.40571663582151 1.0 5
1 2 2 4 0 0 0.33406657608726587 
---
4 36 14.99074645280691 14.0 5
3 4 13 0 7 0 0.3990815593687065 
8 4 11 0 2 0 0.9308132516934249 
2 4 1 0 2 0 0.5638622052626091 
7 1 7 0 2 0 0.39382235885791084 
7 7 4 8 4 1 0.1730685101957833 
12 4 13 2 0 1 0.22615372211819462 
2 2 1 4 2 0 0.6357464814203564 
4 7 8 1 8 1 0.43246749140173035 
8 4 1 11 2 0 0.8424429838338939 
7 4 4 4 8 1 0.21372363724568988 
7 7 4 2 13 1 0.31325642704389334 
4 12 1 13 3 1 0.18081846100533872 
3 7 2 2 6 1 0.09094707097081556 
7 11 13 12 7 1 0.14925710897220634 
---
4 37 17.622866543286037 4.0 5
12 4 13 2 0 1 0.22615372211819462 
1 2 7 4 2 0 0.6822888163903333 
3 4 13 0 7 0 0.3990815593687065 
7 7 4 8 4 1 0.1730685101957833 
---
4 38 21.612173555418465 2.0 5
2 1 2 0 0 0 0.33323963545111845 
12 7 8 8 0 1 0.32578506370653426 
---
4 39 20.378367263006375 3.0 5
2 1 2 0 0 0 0.33323963545111845 
12 7 8 8 0 1 0.32578506370653426 
4 7 8 1 8 1 0.43246749140173035 
---
4 40 16.224552745219 5.0 5
7 7 4 8 4 1 0.1730685101957833 
12 4 13 2 0 1 0.22615372211819462 
4 1 7 0 2 0 0.6115142623877488 
4 7 8 1 8 1 0.43246749140173035 
3 4 13 0 7 0 0.3990815593687065 
