---
0 0 21.155427631578945 2.0 5
4 7 2 8 0 1 0.19509266893833543 
2 0 2 1 1 0 0.5041263967266398 
---
0 1 19.305098684210524 5.0 5
2 1 12 1 3 0 0.6210228311399287 
7 7 4 8 3 1 0.17452163900481898 
4 4 5 2 2 1 0.16084410870687438 
11 8 13 7 11 0 0.6837160572626183 
4 4 3 2 2 0 0.8335637685852162 
---
0 2 18.667763157894736 6.0 5
4 4 3 2 2 0 0.8335637685852162 
8 0 13 0 0 1 0.19224356464426462 
1 12 13 0 13 1 0.9160213517740519 
2 1 12 1 3 0 0.6210228311399287 
11 8 13 7 7 0 0.6866269206195685 
7 7 4 8 3 1 0.17452163900481898 
---
0 3 20.620888157894736 3.0 5
1 12 13 0 13 1 0.9160213517740519 
4 7 2 8 0 1 0.19509266893833543 
2 0 2 1 1 0 0.5041263967266398 
---
0 4 19.551809210526315 4.0 5
11 8 13 7 7 0 0.6866269206195685 
7 7 4 8 0 1 0.21833443557501164 
2 1 7 0 1 0 0.7461115683145676 
8 0 13 0 0 1 0.19224356464426462 
---
0 5 21.155427631578945 2.0 5
4 7 2 8 0 1 0.19509266893833543 
2 0 2 1 1 0 0.5041263967266398 
---
0 6 20.620888157894736 3.0 5
2 0 2 1 1 0 0.5041263967266398 
1 12 13 0 13 1 0.9160213517740519 
4 7 2 8 0 1 0.19509266893833543 
---
0 7 19.551809210526315 4.0 5
11 8 13 7 7 0 0.6866269206195685 
7 7 4 8 0 1 0.21833443557501164 
2 1 7 0 1 0 0.7461115683145676 
8 0 13 0 0 1 0.19224356464426462 
---
0 8 19.305098684210524 5.0 5
2 1 12 1 3 0 0.6210228311399287 
7 7 4 8 3 1 0.17452163900481898 
4 4 5 2 2 1 0.16084410870687438 
11 8 13 7 11 0 0.6837160572626183 
4 4 3 2 2 0 0.8335637685852162 
---
0 9 18.667763157894736 6.0 5
4 4 3 2 2 0 0.8335637685852162 
8 0 13 0 0 1 0.19224356464426462 
1 12 13 0 13 1 0.9160213517740519 
2 1 12 1 3 0 0.6210228311399287 
11 8 13 7 7 0 0.6866269206195685 
7 7 4 8 3 1 0.17452163900481898 
---
0 10 18.215460526315788 7.0 5
8 0 13 0 0 1 0.19224356464426462 
11 8 13 7 7 0 0.6866269206195685 
7 7 4 8 3 1 0.17452163900481898 
1 12 13 0 13 1 0.9160213517740519 
11 8 12 13 8 1 0.9561352092106559 
2 1 12 1 3 0 0.6210228311399287 
4 4 3 2 2 0 0.8335637685852162 
---
0 11 18.030427631578945 9.0 5
2 1 12 1 3 0 0.6210228311399287 
11 8 13 7 7 0 0.6866269206195685 
4 4 3 2 2 0 0.8335637685852162 
7 7 4 8 3 1 0.17452163900481898 
1 12 13 0 13 1 0.9160213517740519 
2 7 12 2 3 0 0.29965355316547115 
8 0 13 0 0 1 0.19224356464426462 
11 8 12 13 8 1 0.9561352092106559 
1 6 4 11 6 1 0.19916184068362797 
---
0 12 17.927631578947366 10.0 5
11 8 13 7 7 0 0.6866269206195685 
8 0 13 0 0 1 0.19224356464426462 
7 7 4 8 3 1 0.17452163900481898 
11 8 12 13 8 1 0.9561352092106559 
1 6 4 11 6 1 0.19916184068362797 
2 1 12 1 3 0 0.6210228311399287 
1 12 13 0 13 1 0.9160213517740519 
4 4 3 2 2 0 0.8335637685852162 
2 7 12 2 3 0 0.29965355316547115 
1 7 12 1 3 0 0.25661297174596553 
---
0 13 18.030427631578945 9.0 5
2 1 12 1 3 0 0.6210228311399287 
11 8 13 7 7 0 0.6866269206195685 
4 4 3 2 2 0 0.8335637685852162 
7 7 4 8 3 1 0.17452163900481898 
1 12 13 0 13 1 0.9160213517740519 
2 7 12 2 3 0 0.29965355316547115 
8 0 13 0 0 1 0.19224356464426462 
11 8 12 13 8 1 0.9561352092106559 
1 6 4 11 6 1 0.19916184068362797 
---
0 14 17.927631578947366 10.0 5
11 8 13 7 7 0 0.6866269206195685 
8 0 13 0 0 1 0.19224356464426462 
7 7 4 8 3 1 0.17452163900481898 
11 8 12 13 8 1 0.9561352092106559 
1 6 4 11 6 1 0.19916184068362797 
2 1 12 1 3 0 0.6210228311399287 
1 12 13 0 13 1 0.9160213517740519 
4 4 3 2 2 0 0.8335637685852162 
2 7 12 2 3 0 0.29965355316547115 
1 7 12 1 3 0 0.25661297174596553 
---
0 15 17.804276315789476 11.0 5
1 6 4 11 6 1 0.19916184068362797 
1 7 12 1 3 0 0.25661297174596553 
1 12 13 0 13 1 0.9160213517740519 
2 1 12 1 3 0 0.6210228311399287 
8 0 13 0 0 1 0.19224356464426462 
7 7 4 8 3 1 0.17452163900481898 
2 7 12 2 3 0 0.29965355316547115 
11 8 12 13 8 1 0.9561352092106559 
4 4 3 2 2 0 0.8335637685852162 
11 8 13 7 7 0 0.6866269206195685 
7 12 4 10 1 0 0.5293301609969963 
---
0 16 17.331414473684212 13.0 5
1 6 4 11 6 1 0.19916184068362797 
11 8 12 13 8 1 0.9561352092106559 
11 8 13 7 7 0 0.6866269206195685 
4 4 3 2 2 0 0.8335637685852162 
2 7 12 2 3 0 0.29965355316547115 
2 1 12 1 5 0 0.11493749642896578 
8 0 13 0 0 1 0.19224356464426462 
1 7 12 1 3 0 0.25661297174596553 
2 1 12 1 3 0 0.6210228311399287 
3 7 8 4 2 1 0.12586695008833204 
1 4 13 4 4 0 0.045896803044901846 
7 7 4 8 3 1 0.17452163900481898 
1 12 13 0 13 1 0.9160213517740519 
---
0 17 17.495888157894736 12.0 5
13 1 12 1 3 0 0.9740858347931256 
7 7 4 8 3 1 0.17452163900481898 
8 0 13 0 0 1 0.19224356464426462 
4 4 3 2 2 0 0.8335637685852162 
1 12 13 0 13 1 0.9160213517740519 
7 12 4 10 1 0 0.5293301609969963 
2 1 12 1 3 0 0.6210228311399287 
2 7 12 2 3 0 0.29965355316547115 
1 6 4 11 6 1 0.19916184068362797 
11 8 13 7 7 0 0.6866269206195685 
11 8 12 13 8 1 0.9561352092106559 
1 7 12 1 3 0 0.25661297174596553 
---
0 18 17.023026315789476 14.0 5
4 4 3 2 2 0 0.8335637685852162 
1 7 12 1 3 0 0.25661297174596553 
13 1 12 1 3 0 0.9740858347931256 
1 6 4 11 6 1 0.19916184068362797 
2 7 12 2 3 0 0.29965355316547115 
11 8 12 13 8 1 0.9561352092106559 
2 1 12 1 3 0 0.6210228311399287 
11 8 13 7 7 0 0.6866269206195685 
8 0 13 0 0 1 0.19224356464426462 
2 1 12 1 5 0 0.11493749642896578 
1 12 13 0 13 1 0.9160213517740519 
1 4 13 4 4 0 0.045896803044901846 
3 7 8 4 2 1 0.12586695008833204 
7 7 4 8 3 1 0.17452163900481898 
---
0 19 17.804276315789476 11.0 5
1 6 4 11 6 1 0.19916184068362797 
1 7 12 1 3 0 0.25661297174596553 
1 12 13 0 13 1 0.9160213517740519 
2 1 12 1 3 0 0.6210228311399287 
8 0 13 0 0 1 0.19224356464426462 
7 7 4 8 3 1 0.17452163900481898 
2 7 12 2 3 0 0.29965355316547115 
11 8 12 13 8 1 0.9561352092106559 
4 4 3 2 2 0 0.8335637685852162 
11 8 13 7 7 0 0.6866269206195685 
7 12 4 10 1 0 0.5293301609969963 
---
0 20 17.495888157894736 12.0 5
13 1 12 1 3 0 0.9740858347931256 
7 7 4 8 3 1 0.17452163900481898 
8 0 13 0 0 1 0.19224356464426462 
4 4 3 2 2 0 0.8335637685852162 
1 12 13 0 13 1 0.9160213517740519 
7 12 4 10 1 0 0.5293301609969963 
2 1 12 1 3 0 0.6210228311399287 
2 7 12 2 3 0 0.29965355316547115 
1 6 4 11 6 1 0.19916184068362797 
11 8 13 7 7 0 0.6866269206195685 
11 8 12 13 8 1 0.9561352092106559 
1 7 12 1 3 0 0.25661297174596553 
---
0 21 17.331414473684212 13.0 5
1 6 4 11 6 1 0.19916184068362797 
11 8 12 13 8 1 0.9561352092106559 
11 8 13 7 7 0 0.6866269206195685 
4 4 3 2 2 0 0.8335637685852162 
2 7 12 2 3 0 0.29965355316547115 
2 1 12 1 5 0 0.11493749642896578 
8 0 13 0 0 1 0.19224356464426462 
1 7 12 1 3 0 0.25661297174596553 
2 1 12 1 3 0 0.6210228311399287 
3 7 8 4 2 1 0.12586695008833204 
1 4 13 4 4 0 0.045896803044901846 
7 7 4 8 3 1 0.17452163900481898 
1 12 13 0 13 1 0.9160213517740519 
---
0 22 17.023026315789476 14.0 5
4 4 3 2 2 0 0.8335637685852162 
1 7 12 1 3 0 0.25661297174596553 
13 1 12 1 3 0 0.9740858347931256 
1 6 4 11 6 1 0.19916184068362797 
2 7 12 2 3 0 0.29965355316547115 
11 8 12 13 8 1 0.9561352092106559 
2 1 12 1 3 0 0.6210228311399287 
11 8 13 7 7 0 0.6866269206195685 
8 0 13 0 0 1 0.19224356464426462 
2 1 12 1 5 0 0.11493749642896578 
1 12 13 0 13 1 0.9160213517740519 
1 4 13 4 4 0 0.045896803044901846 
3 7 8 4 2 1 0.12586695008833204 
7 7 4 8 3 1 0.17452163900481898 
---
0 23 29.399671052631575 1.0 5
1 2 4 1 1 0 0.5240101580679668 
---
0 24 21.155427631578945 2.0 5
4 7 2 8 0 1 0.19509266893833543 
2 0 2 1 1 0 0.5041263967266398 
---
0 25 20.620888157894736 3.0 5
1 12 13 0 13 1 0.9160213517740519 
4 7 2 8 0 1 0.19509266893833543 
2 0 2 1 1 0 0.5041263967266398 
---
0 26 19.551809210526315 4.0 5
8 0 13 0 0 1 0.19224356464426462 
11 8 13 7 7 0 0.6866269206195685 
7 7 4 8 0 1 0.21833443557501164 
2 1 7 0 1 0 0.7461115683145676 
---
0 27 19.305098684210524 5.0 5
2 1 12 1 3 0 0.6210228311399287 
7 7 4 8 3 1 0.17452163900481898 
4 4 5 2 2 1 0.16084410870687438 
11 8 13 7 11 0 0.6837160572626183 
4 4 3 2 2 0 0.8335637685852162 
---
0 28 18.667763157894736 6.0 5
4 4 3 2 2 0 0.8335637685852162 
8 0 13 0 0 1 0.19224356464426462 
1 12 13 0 13 1 0.9160213517740519 
2 1 12 1 3 0 0.6210228311399287 
11 8 13 7 7 0 0.6866269206195685 
7 7 4 8 3 1 0.17452163900481898 
---
0 29 18.215460526315788 7.0 5
8 0 13 0 0 1 0.19224356464426462 
11 8 13 7 7 0 0.6866269206195685 
7 7 4 8 3 1 0.17452163900481898 
1 12 13 0 13 1 0.9160213517740519 
11 8 12 13 8 1 0.9561352092106559 
2 1 12 1 3 0 0.6210228311399287 
4 4 3 2 2 0 0.8335637685852162 
---
0 30 18.030427631578945 9.0 5
2 1 12 1 3 0 0.6210228311399287 
11 8 13 7 7 0 0.6866269206195685 
4 4 3 2 2 0 0.8335637685852162 
7 7 4 8 3 1 0.17452163900481898 
1 12 13 0 13 1 0.9160213517740519 
2 7 12 2 3 0 0.29965355316547115 
8 0 13 0 0 1 0.19224356464426462 
11 8 12 13 8 1 0.9561352092106559 
1 6 4 11 6 1 0.19916184068362797 
---
0 31 17.927631578947366 10.0 5
11 8 13 7 7 0 0.6866269206195685 
8 0 13 0 0 1 0.19224356464426462 
7 7 4 8 3 1 0.17452163900481898 
11 8 12 13 8 1 0.9561352092106559 
1 6 4 11 6 1 0.19916184068362797 
2 1 12 1 3 0 0.6210228311399287 
1 12 13 0 13 1 0.9160213517740519 
4 4 3 2 2 0 0.8335637685852162 
2 7 12 2 3 0 0.29965355316547115 
1 7 12 1 3 0 0.25661297174596553 
---
0 32 17.804276315789476 11.0 5
1 6 4 11 6 1 0.19916184068362797 
1 7 12 1 3 0 0.25661297174596553 
1 12 13 0 13 1 0.9160213517740519 
2 1 12 1 3 0 0.6210228311399287 
8 0 13 0 0 1 0.19224356464426462 
7 7 4 8 3 1 0.17452163900481898 
2 7 12 2 3 0 0.29965355316547115 
11 8 12 13 8 1 0.9561352092106559 
4 4 3 2 2 0 0.8335637685852162 
11 8 13 7 7 0 0.6866269206195685 
7 12 4 10 1 0 0.5293301609969963 
---
0 33 17.495888157894736 12.0 5
13 1 12 1 3 0 0.9740858347931256 
7 7 4 8 3 1 0.17452163900481898 
8 0 13 0 0 1 0.19224356464426462 
4 4 3 2 2 0 0.8335637685852162 
1 12 13 0 13 1 0.9160213517740519 
7 12 4 10 1 0 0.5293301609969963 
2 1 12 1 3 0 0.6210228311399287 
2 7 12 2 3 0 0.29965355316547115 
1 6 4 11 6 1 0.19916184068362797 
11 8 13 7 7 0 0.6866269206195685 
11 8 12 13 8 1 0.9561352092106559 
1 7 12 1 3 0 0.25661297174596553 
---
0 34 17.331414473684212 13.0 5
1 6 4 11 6 1 0.19916184068362797 
11 8 12 13 8 1 0.9561352092106559 
11 8 13 7 7 0 0.6866269206195685 
4 4 3 2 2 0 0.8335637685852162 
2 7 12 2 3 0 0.29965355316547115 
2 1 12 1 5 0 0.11493749642896578 
8 0 13 0 0 1 0.19224356464426462 
1 7 12 1 3 0 0.25661297174596553 
2 1 12 1 3 0 0.6210228311399287 
3 7 8 4 2 1 0.12586695008833204 
1 4 13 4 4 0 0.045896803044901846 
7 7 4 8 3 1 0.17452163900481898 
1 12 13 0 13 1 0.9160213517740519 
---
0 35 17.023026315789476 14.0 5
4 4 3 2 2 0 0.8335637685852162 
1 7 12 1 3 0 0.25661297174596553 
13 1 12 1 3 0 0.9740858347931256 
1 6 4 11 6 1 0.19916184068362797 
2 7 12 2 3 0 0.29965355316547115 
11 8 12 13 8 1 0.9561352092106559 
2 1 12 1 3 0 0.6210228311399287 
11 8 13 7 7 0 0.6866269206195685 
8 0 13 0 0 1 0.19224356464426462 
2 1 12 1 5 0 0.11493749642896578 
1 12 13 0 13 1 0.9160213517740519 
1 4 13 4 4 0 0.045896803044901846 
3 7 8 4 2 1 0.12586695008833204 
7 7 4 8 3 1 0.17452163900481898 
---
0 36 21.155427631578945 2.0 5
4 7 2 8 0 1 0.19509266893833543 
2 0 2 1 1 0 0.5041263967266398 
---
0 37 20.620888157894736 3.0 5
2 0 2 1 1 0 0.5041263967266398 
4 7 2 8 0 1 0.19509266893833543 
1 12 13 0 13 1 0.9160213517740519 
---
0 38 19.551809210526315 4.0 5
11 8 13 7 7 0 0.6866269206195685 
7 7 4 8 0 1 0.21833443557501164 
2 1 7 0 1 0 0.7461115683145676 
8 0 13 0 0 1 0.19224356464426462 
---
0 39 19.305098684210524 5.0 5
2 1 12 1 3 0 0.6210228311399287 
7 7 4 8 3 1 0.17452163900481898 
4 4 5 2 2 1 0.16084410870687438 
11 8 13 7 11 0 0.6837160572626183 
4 4 3 2 2 0 0.8335637685852162 
---
0 40 18.667763157894736 6.0 5
4 4 3 2 2 0 0.8335637685852162 
8 0 13 0 0 1 0.19224356464426462 
1 12 13 0 13 1 0.9160213517740519 
2 1 12 1 3 0 0.6210228311399287 
11 8 13 7 7 0 0.6866269206195685 
7 7 4 8 3 1 0.17452163900481898 
---
0 41 18.030427631578945 9.0 5
2 1 12 1 3 0 0.6210228311399287 
11 8 13 7 7 0 0.6866269206195685 
4 4 3 2 2 0 0.8335637685852162 
7 7 4 8 3 1 0.17452163900481898 
1 12 13 0 13 1 0.9160213517740519 
2 7 12 2 3 0 0.29965355316547115 
8 0 13 0 0 1 0.19224356464426462 
11 8 12 13 8 1 0.9561352092106559 
1 6 4 11 6 1 0.19916184068362797 
---
0 42 17.927631578947366 10.0 5
11 8 13 7 7 0 0.6866269206195685 
8 0 13 0 0 1 0.19224356464426462 
7 7 4 8 3 1 0.17452163900481898 
11 8 12 13 8 1 0.9561352092106559 
1 6 4 11 6 1 0.19916184068362797 
2 1 12 1 3 0 0.6210228311399287 
1 12 13 0 13 1 0.9160213517740519 
4 4 3 2 2 0 0.8335637685852162 
2 7 12 2 3 0 0.29965355316547115 
1 7 12 1 3 0 0.25661297174596553 
---
0 43 17.804276315789476 11.0 5
1 6 4 11 6 1 0.19916184068362797 
1 7 12 1 3 0 0.25661297174596553 
1 12 13 0 13 1 0.9160213517740519 
2 1 12 1 3 0 0.6210228311399287 
8 0 13 0 0 1 0.19224356464426462 
7 7 4 8 3 1 0.17452163900481898 
2 7 12 2 3 0 0.29965355316547115 
11 8 12 13 8 1 0.9561352092106559 
4 4 3 2 2 0 0.8335637685852162 
11 8 13 7 7 0 0.6866269206195685 
7 12 4 10 1 0 0.5293301609969963 
---
0 44 17.495888157894736 12.0 5
13 1 12 1 3 0 0.9740858347931256 
7 7 4 8 3 1 0.17452163900481898 
8 0 13 0 0 1 0.19224356464426462 
4 4 3 2 2 0 0.8335637685852162 
1 12 13 0 13 1 0.9160213517740519 
7 12 4 10 1 0 0.5293301609969963 
2 1 12 1 3 0 0.6210228311399287 
2 7 12 2 3 0 0.29965355316547115 
1 6 4 11 6 1 0.19916184068362797 
11 8 13 7 7 0 0.6866269206195685 
11 8 12 13 8 1 0.9561352092106559 
1 7 12 1 3 0 0.25661297174596553 
---
0 45 17.331414473684212 13.0 5
1 6 4 11 6 1 0.19916184068362797 
11 8 12 13 8 1 0.9561352092106559 
11 8 13 7 7 0 0.6866269206195685 
4 4 3 2 2 0 0.8335637685852162 
2 7 12 2 3 0 0.29965355316547115 
2 1 12 1 5 0 0.11493749642896578 
8 0 13 0 0 1 0.19224356464426462 
1 7 12 1 3 0 0.25661297174596553 
2 1 12 1 3 0 0.6210228311399287 
3 7 8 4 2 1 0.12586695008833204 
1 4 13 4 4 0 0.045896803044901846 
7 7 4 8 3 1 0.17452163900481898 
1 12 13 0 13 1 0.9160213517740519 
---
0 46 17.023026315789476 14.0 5
4 4 3 2 2 0 0.8335637685852162 
1 7 12 1 3 0 0.25661297174596553 
13 1 12 1 3 0 0.9740858347931256 
1 6 4 11 6 1 0.19916184068362797 
2 7 12 2 3 0 0.29965355316547115 
11 8 12 13 8 1 0.9561352092106559 
2 1 12 1 3 0 0.6210228311399287 
11 8 13 7 7 0 0.6866269206195685 
8 0 13 0 0 1 0.19224356464426462 
2 1 12 1 5 0 0.11493749642896578 
1 12 13 0 13 1 0.9160213517740519 
1 4 13 4 4 0 0.045896803044901846 
3 7 8 4 2 1 0.12586695008833204 
7 7 4 8 3 1 0.17452163900481898 
---
1 0 29.420230263157894 1.0 5
2 2 2 4 2 0 0.3543032183483895 
---
1 1 20.867598684210524 2.0 5
12 7 8 8 0 1 0.322217446790936 
2 0 2 1 1 0 0.5259916503594686 
---
1 2 20.867598684210524 2.0 5
12 7 8 8 0 1 0.322217446790936 
2 0 2 1 1 0 0.5259916503594686 
---
1 3 19.736842105263158 3.0 5
8 1 7 1 0 0 0.9631008924743882 
12 7 8 2 0 1 0.1867780526336349 
11 2 2 2 7 0 0.3379333816906107 
---
1 4 19.736842105263158 3.0 5
8 1 7 1 0 0 0.9631008924743882 
12 7 8 2 0 1 0.1867780526336349 
11 2 2 2 7 0 0.3379333816906107 
---
1 5 18.585526315789476 4.0 5
7 7 12 8 12 1 0.3827704722476586 
8 1 7 1 0 0 0.9631008924743882 
12 7 8 2 0 1 0.1867780526336349 
11 2 2 2 7 0 0.3379333816906107 
---
1 6 17.701480263157894 6.0 5
2 4 1 2 2 0 0.4532236569173489 
11 2 13 4 1 0 0.2994725329923391 
12 7 13 2 0 1 0.29230631414271446 
7 4 8 13 12 1 0.43399332717730255 
7 7 5 2 11 0 0.3343258991203335 
7 11 8 12 3 1 0.2765085784424708 
---
1 7 17.125822368421055 7.0 5
7 7 5 2 11 0 0.3343258991203335 
11 2 13 4 1 0 0.2994725329923391 
7 11 8 12 3 1 0.2765085784424708 
12 7 13 2 0 1 0.29230631414271446 
2 1 1 2 2 0 0.40382754679794597 
7 4 8 13 12 1 0.43399332717730255 
4 0 13 8 1 1 0.16175070863366048 
---
1 8 15.439967105263158 24.0 5
7 7 5 2 11 0 0.3343258991203335 
1 1 2 8 2 1 0.25952692493960683 
12 7 8 2 4 1 0.2223916097557317 
4 11 7 7 2 0 0.6679947197875624 
12 11 4 14 3 0 0.09006513845010367 
4 11 7 7 4 0 0.7179054392311865 
7 3 12 11 8 1 0.3498016234557324 
8 1 7 8 0 0 0.8248685645142411 
4 11 7 7 3 0 0.7644106296197701 
12 0 8 8 10 1 0.2745310161590876 
11 2 13 4 1 0 0.2994725329923391 
2 1 7 2 2 0 0.610790071866375 
0 1 2 12 13 1 0.47505580005037595 
12 0 13 8 1 1 0.2469017735412029 
12 0 2 12 8 1 0.2793143635600259 
11 2 7 13 11 1 0.12272482205031054 
7 4 8 13 12 1 0.43399332717730255 
12 7 13 2 0 1 0.29230631414271446 
12 2 7 12 8 0 0.5713987701976199 
7 11 8 12 3 1 0.2765085784424708 
7 11 4 12 1 1 0.22874689890098043 
12 7 13 8 1 1 0.3192319946234532 
11 2 7 7 4 0 0.7541999005834097 
11 2 7 3 4 0 0.7447591705982199 
---
1 9 17.125822368421055 7.0 5
7 7 5 2 11 0 0.3343258991203335 
11 2 13 4 1 0 0.2994725329923391 
7 11 8 12 3 1 0.2765085784424708 
12 7 13 2 0 1 0.29230631414271446 
2 1 1 2 2 0 0.40382754679794597 
7 4 8 13 12 1 0.43399332717730255 
4 0 13 8 1 1 0.16175070863366048 
---
1 10 18.359375 5.0 5
7 8 8 13 0 1 0.21310414195468264 
11 2 2 2 7 0 0.3379333816906107 
8 2 7 2 0 0 0.9147220543895558 
7 7 12 8 12 1 0.3827704722476586 
12 7 8 2 0 1 0.1867780526336349 
---
1 11 17.701480263157894 6.0 5
11 2 13 4 1 0 0.2994725329923391 
7 11 8 12 3 1 0.2765085784424708 
2 4 1 2 2 0 0.4532236569173489 
12 7 13 2 0 1 0.29230631414271446 
7 4 8 13 12 1 0.43399332717730255 
7 7 5 2 11 0 0.3343258991203335 
---
1 12 16.817434210526315 8.0 5
7 4 8 13 12 1 0.43399332717730255 
4 0 13 8 1 1 0.16175070863366048 
11 2 13 4 1 0 0.2994725329923391 
2 1 1 2 2 0 0.40382754679794597 
12 7 13 2 0 1 0.29230631414271446 
7 7 5 2 11 0 0.3343258991203335 
7 11 8 12 3 1 0.2765085784424708 
8 1 7 1 1 0 0.9655371784830148 
---
1 13 16.817434210526315 8.0 5
7 4 8 13 12 1 0.43399332717730255 
4 0 13 8 1 1 0.16175070863366048 
11 2 13 4 1 0 0.2994725329923391 
2 1 1 2 2 0 0.40382754679794597 
12 7 13 2 0 1 0.29230631414271446 
7 7 5 2 11 0 0.3343258991203335 
7 11 8 12 3 1 0.2765085784424708 
8 1 7 1 1 0 0.9655371784830148 
---
1 14 16.632401315789476 9.0 5
7 3 12 11 8 1 0.3498016234557324 
11 2 13 4 1 0 0.2994725329923391 
7 4 8 13 12 1 0.43399332717730255 
7 11 8 12 3 1 0.2765085784424708 
12 7 13 2 0 1 0.29230631414271446 
2 1 1 2 2 0 0.40382754679794597 
7 7 5 2 11 0 0.3343258991203335 
8 12 7 2 7 0 0.9415149222060029 
4 0 13 8 1 1 0.16175070863366048 
---
1 15 16.632401315789476 9.0 5
7 3 12 11 8 1 0.3498016234557324 
11 2 13 4 1 0 0.2994725329923391 
7 4 8 13 12 1 0.43399332717730255 
7 11 8 12 3 1 0.2765085784424708 
12 7 13 2 0 1 0.29230631414271446 
2 1 1 2 2 0 0.40382754679794597 
7 7 5 2 11 0 0.3343258991203335 
8 12 7 2 7 0 0.9415149222060029 
4 0 13 8 1 1 0.16175070863366048 
---
1 16 16.077302631578945 10.0 5
7 7 5 2 11 0 0.3343258991203335 
4 0 13 8 1 1 0.16175070863366048 
8 12 7 2 7 0 0.9415149222060029 
12 7 8 2 4 1 0.2223916097557317 
11 2 13 4 1 0 0.2994725329923391 
12 0 8 8 10 1 0.2745310161590876 
12 7 13 2 0 1 0.29230631414271446 
7 11 8 12 3 1 0.2765085784424708 
7 4 8 13 12 1 0.43399332717730255 
2 1 7 2 2 0 0.610790071866375 
---
1 17 18.585526315789476 4.0 5
7 7 12 8 12 1 0.3827704722476586 
8 1 7 1 0 0 0.9631008924743882 
12 7 8 2 0 1 0.1867780526336349 
11 2 2 2 7 0 0.3379333816906107 
---
1 18 18.359375 5.0 5
7 8 8 13 0 1 0.21310414195468264 
11 2 2 2 7 0 0.3379333816906107 
8 2 7 2 0 0 0.9147220543895558 
7 7 12 8 12 1 0.3827704722476586 
12 7 8 2 0 1 0.1867780526336349 
---
1 19 16.077302631578945 10.0 5
7 7 5 2 11 0 0.3343258991203335 
4 0 13 8 1 1 0.16175070863366048 
8 12 7 2 7 0 0.9415149222060029 
12 7 8 2 4 1 0.2223916097557317 
11 2 13 4 1 0 0.2994725329923391 
12 0 8 8 10 1 0.2745310161590876 
12 7 13 2 0 1 0.29230631414271446 
7 11 8 12 3 1 0.2765085784424708 
7 4 8 13 12 1 0.43399332717730255 
2 1 7 2 2 0 0.610790071866375 
---
1 20 15.707236842105262 11.0 5
7 4 8 13 12 1 0.43399332717730255 
7 11 8 12 3 1 0.2765085784424708 
8 1 7 2 7 0 0.9499173036335988 
7 7 5 2 11 0 0.3343258991203335 
2 1 7 2 2 0 0.610790071866375 
12 7 8 2 4 1 0.2223916097557317 
4 11 7 7 3 0 0.7644106296197701 
12 0 13 8 1 1 0.2469017735412029 
12 7 13 2 0 1 0.29230631414271446 
11 2 13 4 1 0 0.2994725329923391 
12 0 8 8 10 1 0.2745310161590876 
---
1 21 15.707236842105262 11.0 5
7 4 8 13 12 1 0.43399332717730255 
7 11 8 12 3 1 0.2765085784424708 
8 1 7 2 7 0 0.9499173036335988 
7 7 5 2 11 0 0.3343258991203335 
2 1 7 2 2 0 0.610790071866375 
12 7 8 2 4 1 0.2223916097557317 
4 11 7 7 3 0 0.7644106296197701 
12 0 13 8 1 1 0.2469017735412029 
12 7 13 2 0 1 0.29230631414271446 
11 2 13 4 1 0 0.2994725329923391 
12 0 8 8 10 1 0.2745310161590876 
---
1 22 15.686677631578947 12.0 5
12 7 13 2 0 1 0.29230631414271446 
7 7 5 2 11 0 0.3343258991203335 
11 2 13 4 1 0 0.2994725329923391 
12 7 8 2 4 1 0.2223916097557317 
12 0 8 8 10 1 0.2745310161590876 
8 1 7 2 7 0 0.9499173036335988 
2 1 7 2 2 0 0.610790071866375 
12 0 13 8 1 1 0.2469017735412029 
7 4 8 13 12 1 0.43399332717730255 
11 2 7 13 11 1 0.12272482205031054 
4 11 7 7 3 0 0.7644106296197701 
7 11 8 12 3 1 0.2765085784424708 
---
1 23 15.686677631578947 12.0 5
12 7 13 2 0 1 0.29230631414271446 
7 7 5 2 11 0 0.3343258991203335 
11 2 13 4 1 0 0.2994725329923391 
12 7 8 2 4 1 0.2223916097557317 
12 0 8 8 10 1 0.2745310161590876 
8 1 7 2 7 0 0.9499173036335988 
2 1 7 2 2 0 0.610790071866375 
12 0 13 8 1 1 0.2469017735412029 
7 4 8 13 12 1 0.43399332717730255 
11 2 7 13 11 1 0.12272482205031054 
4 11 7 7 3 0 0.7644106296197701 
7 11 8 12 3 1 0.2765085784424708 
---
1 24 15.439967105263158 24.0 5
7 7 5 2 11 0 0.3343258991203335 
1 1 2 8 2 1 0.25952692493960683 
12 7 8 2 4 1 0.2223916097557317 
4 11 7 7 2 0 0.6679947197875624 
12 11 4 14 3 0 0.09006513845010367 
4 11 7 7 4 0 0.7179054392311865 
7 3 12 11 8 1 0.3498016234557324 
8 1 7 8 0 0 0.8248685645142411 
4 11 7 7 3 0 0.7644106296197701 
12 0 8 8 10 1 0.2745310161590876 
11 2 13 4 1 0 0.2994725329923391 
2 1 7 2 2 0 0.610790071866375 
0 1 2 12 13 1 0.47505580005037595 
12 0 13 8 1 1 0.2469017735412029 
12 0 2 12 8 1 0.2793143635600259 
11 2 7 13 11 1 0.12272482205031054 
7 4 8 13 12 1 0.43399332717730255 
12 7 13 2 0 1 0.29230631414271446 
12 2 7 12 8 0 0.5713987701976199 
7 11 8 12 3 1 0.2765085784424708 
7 11 4 12 1 1 0.22874689890098043 
12 7 13 8 1 1 0.3192319946234532 
11 2 7 7 4 0 0.7541999005834097 
11 2 7 3 4 0 0.7447591705982199 
---
1 25 15.501644736842104 23.0 5
12 0 13 8 1 1 0.2469017735412029 
4 11 7 7 3 0 0.7644106296197701 
4 11 7 7 2 0 0.6679947197875624 
2 1 7 2 2 0 0.610790071866375 
11 2 7 7 4 0 0.7541999005834097 
12 0 2 12 8 1 0.2793143635600259 
1 1 2 8 2 1 0.25952692493960683 
12 7 13 8 1 1 0.3192319946234532 
4 11 7 7 4 0 0.7179054392311865 
7 7 5 2 11 0 0.3343258991203335 
12 7 8 2 4 1 0.2223916097557317 
7 4 8 13 12 1 0.43399332717730255 
8 1 7 8 0 0 0.8248685645142411 
11 2 13 4 1 0 0.2994725329923391 
7 11 4 12 1 1 0.22874689890098043 
11 2 7 13 11 1 0.12272482205031054 
11 2 7 3 4 0 0.7447591705982199 
12 2 7 12 8 0 0.5713987701976199 
12 11 4 14 3 0 0.09006513845010367 
0 1 2 12 13 1 0.47505580005037595 
7 3 12 11 8 1 0.3498016234557324 
12 7 13 2 0 1 0.29230631414271446 
12 0 8 8 10 1 0.2745310161590876 
---
1 26 15.501644736842104 23.0 5
12 0 13 8 1 1 0.2469017735412029 
4 11 7 7 3 0 0.7644106296197701 
4 11 7 7 2 0 0.6679947197875624 
2 1 7 2 2 0 0.610790071866375 
11 2 7 7 4 0 0.7541999005834097 
12 0 2 12 8 1 0.2793143635600259 
1 1 2 8 2 1 0.25952692493960683 
12 7 13 8 1 1 0.3192319946234532 
4 11 7 7 4 0 0.7179054392311865 
7 7 5 2 11 0 0.3343258991203335 
12 7 8 2 4 1 0.2223916097557317 
7 4 8 13 12 1 0.43399332717730255 
8 1 7 8 0 0 0.8248685645142411 
11 2 13 4 1 0 0.2994725329923391 
7 11 4 12 1 1 0.22874689890098043 
11 2 7 13 11 1 0.12272482205031054 
11 2 7 3 4 0 0.7447591705982199 
12 2 7 12 8 0 0.5713987701976199 
12 11 4 14 3 0 0.09006513845010367 
0 1 2 12 13 1 0.47505580005037595 
7 3 12 11 8 1 0.3498016234557324 
12 7 13 2 0 1 0.29230631414271446 
12 0 8 8 10 1 0.2745310161590876 
---
1 27 29.420230263157894 1.0 5
2 2 2 4 2 0 0.3543032183483895 
---
1 28 20.867598684210524 2.0 5
12 7 8 8 0 1 0.322217446790936 
2 0 2 1 1 0 0.5259916503594686 
---
1 29 19.736842105263158 3.0 5
8 1 7 1 0 0 0.9631008924743882 
12 7 8 2 0 1 0.1867780526336349 
11 2 2 2 7 0 0.3379333816906107 
---
1 30 17.125822368421055 7.0 5
7 7 5 2 11 0 0.3343258991203335 
11 2 13 4 1 0 0.2994725329923391 
7 11 8 12 3 1 0.2765085784424708 
12 7 13 2 0 1 0.29230631414271446 
2 1 1 2 2 0 0.40382754679794597 
7 4 8 13 12 1 0.43399332717730255 
4 0 13 8 1 1 0.16175070863366048 
---
1 31 17.701480263157894 6.0 5
2 4 1 2 2 0 0.4532236569173489 
11 2 13 4 1 0 0.2994725329923391 
12 7 13 2 0 1 0.29230631414271446 
7 4 8 13 12 1 0.43399332717730255 
7 7 5 2 11 0 0.3343258991203335 
7 11 8 12 3 1 0.2765085784424708 
---
1 32 16.817434210526315 8.0 5
7 4 8 13 12 1 0.43399332717730255 
4 0 13 8 1 1 0.16175070863366048 
11 2 13 4 1 0 0.2994725329923391 
2 1 1 2 2 0 0.40382754679794597 
12 7 13 2 0 1 0.29230631414271446 
7 7 5 2 11 0 0.3343258991203335 
7 11 8 12 3 1 0.2765085784424708 
8 1 7 1 1 0 0.9655371784830148 
---
1 33 16.632401315789476 9.0 5
7 3 12 11 8 1 0.3498016234557324 
11 2 13 4 1 0 0.2994725329923391 
7 4 8 13 12 1 0.43399332717730255 
7 11 8 12 3 1 0.2765085784424708 
12 7 13 2 0 1 0.29230631414271446 
2 1 1 2 2 0 0.40382754679794597 
7 7 5 2 11 0 0.3343258991203335 
8 12 7 2 7 0 0.9415149222060029 
4 0 13 8 1 1 0.16175070863366048 
---
1 34 18.585526315789476 4.0 5
7 7 12 8 12 1 0.3827704722476586 
8 1 7 1 0 0 0.9631008924743882 
12 7 8 2 0 1 0.1867780526336349 
11 2 2 2 7 0 0.3379333816906107 
---
1 35 18.359375 5.0 5
7 8 8 13 0 1 0.21310414195468264 
11 2 2 2 7 0 0.3379333816906107 
8 2 7 2 0 0 0.9147220543895558 
7 7 12 8 12 1 0.3827704722476586 
12 7 8 2 0 1 0.1867780526336349 
---
1 36 16.077302631578945 10.0 5
7 7 5 2 11 0 0.3343258991203335 
4 0 13 8 1 1 0.16175070863366048 
8 12 7 2 7 0 0.9415149222060029 
12 7 8 2 4 1 0.2223916097557317 
11 2 13 4 1 0 0.2994725329923391 
12 0 8 8 10 1 0.2745310161590876 
12 7 13 2 0 1 0.29230631414271446 
7 11 8 12 3 1 0.2765085784424708 
7 4 8 13 12 1 0.43399332717730255 
2 1 7 2 2 0 0.610790071866375 
---
1 37 15.707236842105262 11.0 5
7 4 8 13 12 1 0.43399332717730255 
7 11 8 12 3 1 0.2765085784424708 
8 1 7 2 7 0 0.9499173036335988 
7 7 5 2 11 0 0.3343258991203335 
2 1 7 2 2 0 0.610790071866375 
12 7 8 2 4 1 0.2223916097557317 
4 11 7 7 3 0 0.7644106296197701 
12 0 13 8 1 1 0.2469017735412029 
12 7 13 2 0 1 0.29230631414271446 
11 2 13 4 1 0 0.2994725329923391 
12 0 8 8 10 1 0.2745310161590876 
---
1 38 15.686677631578947 12.0 5
12 7 13 2 0 1 0.29230631414271446 
7 7 5 2 11 0 0.3343258991203335 
11 2 13 4 1 0 0.2994725329923391 
12 7 8 2 4 1 0.2223916097557317 
12 0 8 8 10 1 0.2745310161590876 
8 1 7 2 7 0 0.9499173036335988 
2 1 7 2 2 0 0.610790071866375 
12 0 13 8 1 1 0.2469017735412029 
7 4 8 13 12 1 0.43399332717730255 
11 2 7 13 11 1 0.12272482205031054 
4 11 7 7 3 0 0.7644106296197701 
7 11 8 12 3 1 0.2765085784424708 
---
1 39 15.439967105263158 24.0 5
7 7 5 2 11 0 0.3343258991203335 
1 1 2 8 2 1 0.25952692493960683 
12 7 8 2 4 1 0.2223916097557317 
4 11 7 7 2 0 0.6679947197875624 
12 11 4 14 3 0 0.09006513845010367 
4 11 7 7 4 0 0.7179054392311865 
7 3 12 11 8 1 0.3498016234557324 
8 1 7 8 0 0 0.8248685645142411 
4 11 7 7 3 0 0.7644106296197701 
12 0 8 8 10 1 0.2745310161590876 
11 2 13 4 1 0 0.2994725329923391 
2 1 7 2 2 0 0.610790071866375 
0 1 2 12 13 1 0.47505580005037595 
12 0 13 8 1 1 0.2469017735412029 
12 0 2 12 8 1 0.2793143635600259 
11 2 7 13 11 1 0.12272482205031054 
7 4 8 13 12 1 0.43399332717730255 
12 7 13 2 0 1 0.29230631414271446 
12 2 7 12 8 0 0.5713987701976199 
7 11 8 12 3 1 0.2765085784424708 
7 11 4 12 1 1 0.22874689890098043 
12 7 13 8 1 1 0.3192319946234532 
11 2 7 7 4 0 0.7541999005834097 
11 2 7 3 4 0 0.7447591705982199 
---
2 0 29.399671052631575 1.0 5
0 4 1 0 1 0 0.5461295214379336 
---
2 1 15.995065789473683 22.0 5
7 7 4 8 7 1 0.12616188642477177 
4 4 8 8 1 1 0.15951810030512004 
12 11 13 4 1 1 0.3109297125357544 
11 0 2 2 7 0 0.23920494503326029 
4 7 13 8 13 1 0.8168735969509995 
4 8 12 6 4 0 0.6293978803517701 
13 4 0 2 11 0 0.9809388685279622 
7 9 13 12 1 1 0.5214018976411787 
3 2 7 1 1 0 0.65662098807609 
11 3 1 1 10 1 0.2001555948864897 
11 7 13 1 10 1 0.26123317848506655 
4 7 13 2 13 1 0.8118673940599279 
8 1 1 1 7 0 0.9035436538405899 
4 12 8 13 1 1 0.33875667470394477 
8 5 1 1 7 0 0.8479977363790498 
1 12 8 2 11 0 0.21467437775760612 
7 11 13 9 1 1 0.15775507759902574 
12 11 5 4 12 1 0.41476902236322 
3 2 8 1 11 0 0.5063983114675237 
11 11 4 7 11 0 0.28081400932840883 
7 11 7 4 12 1 0.11927446972045819 
3 8 4 11 7 0 0.9000463529117997 
---
2 2 21.751644736842106 2.0 5
1 1 4 0 2 0 0.189956577154488 
7 7 2 8 2 1 0.3447124121401486 
---
2 3 19.901315789473685 4.0 5
2 1 4 0 2 0 0.42367967448316013 
11 0 2 2 7 0 0.23920494503326029 
7 7 4 8 2 1 0.34370005020869154 
4 4 8 8 1 1 0.15951810030512004 
---
2 4 17.516447368421055 5.0 5
11 0 2 2 7 0 0.23920494503326029 
4 4 8 8 1 1 0.15951810030512004 
7 11 2 2 12 1 0.26065399581808113 
8 2 1 2 1 0 0.7699810670941911 
7 7 4 8 7 1 0.12616188642477177 
---
2 5 21.751644736842106 2.0 5
1 1 4 0 2 0 0.189956577154488 
7 7 2 8 2 1 0.3447124121401486 
---
2 6 21.032072368421055 3.0 5
7 7 2 8 2 1 0.3447124121401486 
1 1 4 0 2 0 0.189956577154488 
4 4 13 2 8 1 0.5001207597630746 
---
2 7 19.901315789473685 4.0 5
2 1 4 0 2 0 0.42367967448316013 
11 0 2 2 7 0 0.23920494503326029 
7 7 4 8 2 1 0.34370005020869154 
4 4 8 8 1 1 0.15951810030512004 
---
2 8 21.032072368421055 3.0 5
4 4 13 2 8 1 0.5001207597630746 
7 7 2 8 2 1 0.3447124121401486 
1 1 4 0 2 0 0.189956577154488 
---
2 9 16.324013157894736 16.0 5
12 11 13 4 1 1 0.3109297125357544 
7 11 7 4 12 1 0.11927446972045819 
11 3 1 1 10 1 0.2001555948864897 
7 11 13 9 1 1 0.15775507759902574 
11 11 4 7 11 0 0.28081400932840883 
12 11 5 4 12 1 0.41476902236322 
11 0 2 2 7 0 0.23920494503326029 
13 4 0 2 11 0 0.9809388685279622 
4 12 8 13 1 1 0.33875667470394477 
4 8 12 6 4 0 0.6293978803517701 
4 7 13 2 13 1 0.8118673940599279 
7 9 13 12 1 1 0.5214018976411787 
7 7 4 8 7 1 0.12616188642477177 
8 1 1 1 7 0 0.9035436538405899 
4 4 8 8 1 1 0.15951810030512004 
3 2 7 1 1 0 0.65662098807609 
---
2 10 17.516447368421055 5.0 5
11 0 2 2 7 0 0.23920494503326029 
4 4 8 8 1 1 0.15951810030512004 
7 11 2 2 12 1 0.26065399581808113 
8 2 1 2 1 0 0.7699810670941911 
7 7 4 8 7 1 0.12616188642477177 
---
2 11 17.023026315789476 7.0 5
4 4 8 8 1 1 0.15951810030512004 
7 11 2 2 12 1 0.26065399581808113 
8 1 1 2 7 0 0.8613046202588526 
3 2 7 1 1 0 0.65662098807609 
4 11 13 4 1 1 0.1820331734315832 
7 7 4 8 7 1 0.12616188642477177 
11 0 2 2 7 0 0.23920494503326029 
---
2 12 17.023026315789476 7.0 5
4 4 8 8 1 1 0.15951810030512004 
7 11 2 2 12 1 0.26065399581808113 
8 1 1 2 7 0 0.8613046202588526 
3 2 7 1 1 0 0.65662098807609 
4 11 13 4 1 1 0.1820331734315832 
7 7 4 8 7 1 0.12616188642477177 
11 0 2 2 7 0 0.23920494503326029 
---
2 13 16.920230263157894 8.0 5
4 11 13 4 1 1 0.1820331734315832 
11 11 4 7 11 0 0.28081400932840883 
4 4 8 8 1 1 0.15951810030512004 
3 2 7 1 1 0 0.65662098807609 
11 0 2 2 7 0 0.23920494503326029 
8 1 1 2 7 0 0.8613046202588526 
7 11 2 2 12 1 0.26065399581808113 
7 7 4 8 7 1 0.12616188642477177 
---
2 14 16.735197368421055 10.0 5
7 7 4 8 7 1 0.12616188642477177 
3 2 7 1 1 0 0.65662098807609 
4 4 8 8 1 1 0.15951810030512004 
7 11 2 2 12 1 0.26065399581808113 
11 0 2 2 7 0 0.23920494503326029 
8 1 1 2 7 0 0.8613046202588526 
8 1 1 3 7 0 0.920949396017686 
11 11 4 7 11 0 0.28081400932840883 
4 11 13 4 1 1 0.1820331734315832 
7 11 13 9 1 1 0.15775507759902574 
---
2 15 16.920230263157894 8.0 5
4 11 13 4 1 1 0.1820331734315832 
11 11 4 7 11 0 0.28081400932840883 
4 4 8 8 1 1 0.15951810030512004 
3 2 7 1 1 0 0.65662098807609 
11 0 2 2 7 0 0.23920494503326029 
8 1 1 2 7 0 0.8613046202588526 
7 11 2 2 12 1 0.26065399581808113 
7 7 4 8 7 1 0.12616188642477177 
---
2 16 16.776315789473685 9.0 5
11 0 2 2 7 0 0.23920494503326029 
4 11 13 4 1 1 0.1820331734315832 
11 11 4 7 11 0 0.28081400932840883 
3 2 7 1 1 0 0.65662098807609 
8 1 1 2 7 0 0.8613046202588526 
4 4 8 8 1 1 0.15951810030512004 
7 11 2 2 12 1 0.26065399581808113 
7 11 13 9 1 1 0.15775507759902574 
7 7 4 8 7 1 0.12616188642477177 
---
2 17 16.735197368421055 10.0 5
7 7 4 8 7 1 0.12616188642477177 
3 2 7 1 1 0 0.65662098807609 
4 4 8 8 1 1 0.15951810030512004 
7 11 2 2 12 1 0.26065399581808113 
11 0 2 2 7 0 0.23920494503326029 
8 1 1 2 7 0 0.8613046202588526 
8 1 1 3 7 0 0.920949396017686 
11 11 4 7 11 0 0.28081400932840883 
4 11 13 4 1 1 0.1820331734315832 
7 11 13 9 1 1 0.15775507759902574 
---
2 18 16.714638157894736 11.0 5
4 11 13 4 1 1 0.1820331734315832 
8 1 1 3 7 0 0.920949396017686 
4 4 8 8 1 1 0.15951810030512004 
11 11 4 7 11 0 0.28081400932840883 
8 1 1 2 7 0 0.8613046202588526 
7 7 4 8 7 1 0.12616188642477177 
7 11 13 9 1 1 0.15775507759902574 
7 11 2 2 12 1 0.26065399581808113 
3 2 7 1 1 0 0.65662098807609 
11 0 2 2 7 0 0.23920494503326029 
7 9 13 12 1 1 0.5214018976411787 
---
2 19 16.714638157894736 11.0 5
4 11 13 4 1 1 0.1820331734315832 
8 1 1 3 7 0 0.920949396017686 
4 4 8 8 1 1 0.15951810030512004 
11 11 4 7 11 0 0.28081400932840883 
8 1 1 2 7 0 0.8613046202588526 
7 7 4 8 7 1 0.12616188642477177 
7 11 13 9 1 1 0.15775507759902574 
7 11 2 2 12 1 0.26065399581808113 
3 2 7 1 1 0 0.65662098807609 
11 0 2 2 7 0 0.23920494503326029 
7 9 13 12 1 1 0.5214018976411787 
---
2 20 16.611842105263158 12.0 5
7 7 4 8 7 1 0.12616188642477177 
4 11 13 4 1 1 0.1820331734315832 
11 0 2 2 7 0 0.23920494503326029 
7 11 2 2 12 1 0.26065399581808113 
4 4 8 8 1 1 0.15951810030512004 
11 3 1 1 10 1 0.2001555948864897 
3 2 7 1 1 0 0.65662098807609 
8 1 1 2 7 0 0.8613046202588526 
8 1 1 3 7 0 0.920949396017686 
11 11 4 7 11 0 0.28081400932840883 
7 11 7 4 12 1 0.11927446972045819 
7 11 13 9 1 1 0.15775507759902574 
---
2 21 16.611842105263158 12.0 5
7 7 4 8 7 1 0.12616188642477177 
4 11 13 4 1 1 0.1820331734315832 
11 0 2 2 7 0 0.23920494503326029 
7 11 2 2 12 1 0.26065399581808113 
4 4 8 8 1 1 0.15951810030512004 
11 3 1 1 10 1 0.2001555948864897 
3 2 7 1 1 0 0.65662098807609 
8 1 1 2 7 0 0.8613046202588526 
8 1 1 3 7 0 0.920949396017686 
11 11 4 7 11 0 0.28081400932840883 
7 11 7 4 12 1 0.11927446972045819 
7 11 13 9 1 1 0.15775507759902574 
---
2 22 16.282894736842106 20.0 5
4 4 8 8 1 1 0.15951810030512004 
4 7 13 8 13 1 0.8168735969509995 
11 11 4 7 11 0 0.28081400932840883 
7 11 7 4 12 1 0.11927446972045819 
7 11 13 9 1 1 0.15775507759902574 
8 1 1 1 7 0 0.9035436538405899 
11 7 13 1 10 1 0.26123317848506655 
13 4 0 2 11 0 0.9809388685279622 
4 7 13 2 13 1 0.8118673940599279 
3 8 4 11 7 0 0.9000463529117997 
3 2 7 1 1 0 0.65662098807609 
12 11 13 4 1 1 0.3109297125357544 
11 3 1 1 10 1 0.2001555948864897 
3 2 8 1 11 0 0.5063983114675237 
7 9 13 12 1 1 0.5214018976411787 
12 11 5 4 12 1 0.41476902236322 
4 12 8 13 1 1 0.33875667470394477 
11 0 2 2 7 0 0.23920494503326029 
7 7 4 8 7 1 0.12616188642477177 
4 8 12 6 4 0 0.6293978803517701 
---
2 23 16.262335526315788 21.0 5
7 7 4 8 7 1 0.12616188642477177 
4 7 13 8 13 1 0.8168735969509995 
7 11 7 4 12 1 0.11927446972045819 
7 9 13 12 1 1 0.5214018976411787 
4 7 13 2 13 1 0.8118673940599279 
11 0 2 2 7 0 0.23920494503326029 
12 11 5 4 12 1 0.41476902236322 
3 2 8 1 11 0 0.5063983114675237 
3 2 7 1 1 0 0.65662098807609 
4 12 8 13 1 1 0.33875667470394477 
4 4 8 8 1 1 0.15951810030512004 
11 3 1 1 10 1 0.2001555948864897 
11 11 4 7 11 0 0.28081400932840883 
8 1 1 1 7 0 0.9035436538405899 
8 5 1 1 7 0 0.8479977363790498 
3 8 4 11 7 0 0.9000463529117997 
7 11 13 9 1 1 0.15775507759902574 
12 11 13 4 1 1 0.3109297125357544 
4 8 12 6 4 0 0.6293978803517701 
11 7 13 1 10 1 0.26123317848506655 
13 4 0 2 11 0 0.9809388685279622 
---
2 24 16.324013157894736 16.0 5
12 11 13 4 1 1 0.3109297125357544 
7 11 7 4 12 1 0.11927446972045819 
11 3 1 1 10 1 0.2001555948864897 
7 11 13 9 1 1 0.15775507759902574 
11 11 4 7 11 0 0.28081400932840883 
12 11 5 4 12 1 0.41476902236322 
11 0 2 2 7 0 0.23920494503326029 
13 4 0 2 11 0 0.9809388685279622 
4 12 8 13 1 1 0.33875667470394477 
4 8 12 6 4 0 0.6293978803517701 
4 7 13 2 13 1 0.8118673940599279 
7 9 13 12 1 1 0.5214018976411787 
7 7 4 8 7 1 0.12616188642477177 
8 1 1 1 7 0 0.9035436538405899 
4 4 8 8 1 1 0.15951810030512004 
3 2 7 1 1 0 0.65662098807609 
---
2 25 16.262335526315788 21.0 5
7 7 4 8 7 1 0.12616188642477177 
4 7 13 8 13 1 0.8168735969509995 
7 11 7 4 12 1 0.11927446972045819 
7 9 13 12 1 1 0.5214018976411787 
4 7 13 2 13 1 0.8118673940599279 
11 0 2 2 7 0 0.23920494503326029 
12 11 5 4 12 1 0.41476902236322 
3 2 8 1 11 0 0.5063983114675237 
3 2 7 1 1 0 0.65662098807609 
4 12 8 13 1 1 0.33875667470394477 
4 4 8 8 1 1 0.15951810030512004 
11 3 1 1 10 1 0.2001555948864897 
11 11 4 7 11 0 0.28081400932840883 
8 1 1 1 7 0 0.9035436538405899 
8 5 1 1 7 0 0.8479977363790498 
3 8 4 11 7 0 0.9000463529117997 
7 11 13 9 1 1 0.15775507759902574 
12 11 13 4 1 1 0.3109297125357544 
4 8 12 6 4 0 0.6293978803517701 
11 7 13 1 10 1 0.26123317848506655 
13 4 0 2 11 0 0.9809388685279622 
---
2 26 16.282894736842106 20.0 5
4 4 8 8 1 1 0.15951810030512004 
4 7 13 8 13 1 0.8168735969509995 
11 11 4 7 11 0 0.28081400932840883 
7 11 7 4 12 1 0.11927446972045819 
7 11 13 9 1 1 0.15775507759902574 
8 1 1 1 7 0 0.9035436538405899 
11 7 13 1 10 1 0.26123317848506655 
13 4 0 2 11 0 0.9809388685279622 
4 7 13 2 13 1 0.8118673940599279 
3 8 4 11 7 0 0.9000463529117997 
3 2 7 1 1 0 0.65662098807609 
12 11 13 4 1 1 0.3109297125357544 
11 3 1 1 10 1 0.2001555948864897 
3 2 8 1 11 0 0.5063983114675237 
7 9 13 12 1 1 0.5214018976411787 
12 11 5 4 12 1 0.41476902236322 
4 12 8 13 1 1 0.33875667470394477 
11 0 2 2 7 0 0.23920494503326029 
7 7 4 8 7 1 0.12616188642477177 
4 8 12 6 4 0 0.6293978803517701 
---
2 27 29.399671052631575 1.0 5
0 1 1 0 4 0 0.4882983642554459 
---
2 28 15.995065789473683 22.0 5
7 7 4 8 7 1 0.12616188642477177 
4 4 8 8 1 1 0.15951810030512004 
12 11 13 4 1 1 0.3109297125357544 
11 0 2 2 7 0 0.23920494503326029 
4 7 13 8 13 1 0.8168735969509995 
4 8 12 6 4 0 0.6293978803517701 
13 4 0 2 11 0 0.9809388685279622 
7 9 13 12 1 1 0.5214018976411787 
3 2 7 1 1 0 0.65662098807609 
11 3 1 1 10 1 0.2001555948864897 
11 7 13 1 10 1 0.26123317848506655 
4 7 13 2 13 1 0.8118673940599279 
8 1 1 1 7 0 0.9035436538405899 
4 12 8 13 1 1 0.33875667470394477 
8 5 1 1 7 0 0.8479977363790498 
1 12 8 2 11 0 0.21467437775760612 
7 11 13 9 1 1 0.15775507759902574 
12 11 5 4 12 1 0.41476902236322 
3 2 8 1 11 0 0.5063983114675237 
11 11 4 7 11 0 0.28081400932840883 
7 11 7 4 12 1 0.11927446972045819 
3 8 4 11 7 0 0.9000463529117997 
---
2 29 21.751644736842106 2.0 5
1 1 4 0 2 0 0.189956577154488 
7 7 2 8 2 1 0.3447124121401486 
---
2 30 21.032072368421055 3.0 5
7 7 2 8 2 1 0.3447124121401486 
1 1 4 0 2 0 0.189956577154488 
4 4 13 2 8 1 0.5001207597630746 
---
2 31 19.901315789473685 4.0 5
11 0 2 2 7 0 0.23920494503326029 
4 4 8 8 1 1 0.15951810030512004 
2 1 4 0 2 0 0.42367967448316013 
7 7 4 8 2 1 0.34370005020869154 
---
2 32 17.516447368421055 5.0 5
11 0 2 2 7 0 0.23920494503326029 
4 4 8 8 1 1 0.15951810030512004 
7 11 2 2 12 1 0.26065399581808113 
8 2 1 2 1 0 0.7699810670941911 
7 7 4 8 7 1 0.12616188642477177 
---
2 33 17.023026315789476 7.0 5
4 4 8 8 1 1 0.15951810030512004 
7 11 2 2 12 1 0.26065399581808113 
8 1 1 2 7 0 0.8613046202588526 
3 2 7 1 1 0 0.65662098807609 
4 11 13 4 1 1 0.1820331734315832 
7 7 4 8 7 1 0.12616188642477177 
11 0 2 2 7 0 0.23920494503326029 
---
2 34 16.920230263157894 8.0 5
4 11 13 4 1 1 0.1820331734315832 
11 11 4 7 11 0 0.28081400932840883 
4 4 8 8 1 1 0.15951810030512004 
3 2 7 1 1 0 0.65662098807609 
11 0 2 2 7 0 0.23920494503326029 
8 1 1 2 7 0 0.8613046202588526 
7 11 2 2 12 1 0.26065399581808113 
7 7 4 8 7 1 0.12616188642477177 
---
2 35 16.735197368421055 10.0 5
7 7 4 8 7 1 0.12616188642477177 
3 2 7 1 1 0 0.65662098807609 
4 4 8 8 1 1 0.15951810030512004 
7 11 2 2 12 1 0.26065399581808113 
11 0 2 2 7 0 0.23920494503326029 
8 1 1 2 7 0 0.8613046202588526 
8 1 1 3 7 0 0.920949396017686 
11 11 4 7 11 0 0.28081400932840883 
4 11 13 4 1 1 0.1820331734315832 
7 11 13 9 1 1 0.15775507759902574 
---
2 36 16.714638157894736 11.0 5
4 11 13 4 1 1 0.1820331734315832 
8 1 1 3 7 0 0.920949396017686 
4 4 8 8 1 1 0.15951810030512004 
11 11 4 7 11 0 0.28081400932840883 
8 1 1 2 7 0 0.8613046202588526 
7 7 4 8 7 1 0.12616188642477177 
7 11 13 9 1 1 0.15775507759902574 
7 11 2 2 12 1 0.26065399581808113 
3 2 7 1 1 0 0.65662098807609 
11 0 2 2 7 0 0.23920494503326029 
7 9 13 12 1 1 0.5214018976411787 
---
2 37 16.611842105263158 12.0 5
7 7 4 8 7 1 0.12616188642477177 
4 11 13 4 1 1 0.1820331734315832 
11 0 2 2 7 0 0.23920494503326029 
7 11 2 2 12 1 0.26065399581808113 
4 4 8 8 1 1 0.15951810030512004 
11 3 1 1 10 1 0.2001555948864897 
3 2 7 1 1 0 0.65662098807609 
8 1 1 2 7 0 0.8613046202588526 
8 1 1 3 7 0 0.920949396017686 
11 11 4 7 11 0 0.28081400932840883 
7 11 7 4 12 1 0.11927446972045819 
7 11 13 9 1 1 0.15775507759902574 
---
2 38 16.324013157894736 16.0 5
12 11 13 4 1 1 0.3109297125357544 
7 11 7 4 12 1 0.11927446972045819 
11 3 1 1 10 1 0.2001555948864897 
7 11 13 9 1 1 0.15775507759902574 
11 11 4 7 11 0 0.28081400932840883 
12 11 5 4 12 1 0.41476902236322 
11 0 2 2 7 0 0.23920494503326029 
13 4 0 2 11 0 0.9809388685279622 
4 12 8 13 1 1 0.33875667470394477 
4 8 12 6 4 0 0.6293978803517701 
4 7 13 2 13 1 0.8118673940599279 
7 9 13 12 1 1 0.5214018976411787 
7 7 4 8 7 1 0.12616188642477177 
8 1 1 1 7 0 0.9035436538405899 
4 4 8 8 1 1 0.15951810030512004 
3 2 7 1 1 0 0.65662098807609 
---
2 39 16.262335526315788 21.0 5
7 7 4 8 7 1 0.12616188642477177 
4 7 13 8 13 1 0.8168735969509995 
7 11 7 4 12 1 0.11927446972045819 
7 9 13 12 1 1 0.5214018976411787 
4 7 13 2 13 1 0.8118673940599279 
11 0 2 2 7 0 0.23920494503326029 
12 11 5 4 12 1 0.41476902236322 
3 2 8 1 11 0 0.5063983114675237 
3 2 7 1 1 0 0.65662098807609 
4 12 8 13 1 1 0.33875667470394477 
4 4 8 8 1 1 0.15951810030512004 
11 3 1 1 10 1 0.2001555948864897 
11 11 4 7 11 0 0.28081400932840883 
8 1 1 1 7 0 0.9035436538405899 
8 5 1 1 7 0 0.8479977363790498 
3 8 4 11 7 0 0.9000463529117997 
7 11 13 9 1 1 0.15775507759902574 
12 11 13 4 1 1 0.3109297125357544 
4 8 12 6 4 0 0.6293978803517701 
11 7 13 1 10 1 0.26123317848506655 
13 4 0 2 11 0 0.9809388685279622 
---
3 0 29.399671052631575 1.0 5
1 4 2 1 1 0 0.48338340352709097 
---
3 1 15.316611842105262 46.0 5
1 1 9 7 12 0 0.41713440567667615 
11 7 4 8 1 1 0.09419703600829865 
12 11 4 8 1 1 0.15300094183839907 
13 12 1 11 1 0 0.9926723528047843 
4 7 12 5 4 1 0.22209782838338055 
8 2 3 12 2 0 0.9736831839083189 
7 12 1 13 11 1 0.17414219061072855 
8 0 5 2 0 1 0.24030721376153874 
7 10 7 4 0 0 0.7300660887337631 
4 11 11 10 1 1 0.6542442581485812 
12 11 13 4 4 1 0.19741648418417657 
0 8 8 13 4 1 0.27776980780355687 
13 2 1 2 11 0 0.9906787484282049 
8 0 5 2 0 1 0.24030721376153874 
11 1 5 2 5 1 0.815767956983273 
11 10 8 4 7 1 0.826897927033216 
8 4 4 13 7 0 0.21103266106047402 
12 11 8 8 1 1 0.1860810005674729 
4 12 13 13 6 1 0.37401033712291687 
11 1 7 1 2 0 0.3089379735054987 
11 11 6 1 11 1 0.5145838606110011 
7 4 2 2 10 1 0.15919474254704746 
11 1 8 2 7 0 0.21972255126292506 
11 2 8 2 1 0 0.17888941065017794 
12 7 13 4 4 1 0.11726733774444376 
4 4 13 5 1 1 0.16680378083705616 
11 1 5 2 7 0 0.4466961263100644 
4 12 13 13 6 1 0.37401033712291687 
1 12 7 7 13 0 0.6147788085386197 
11 1 2 2 7 0 0.2661844510474327 
11 1 2 2 1 0 0.14497113803010797 
8 11 12 13 1 0 0.46122398687415767 
7 7 1 2 1 0 0.022029441120209103 
11 1 2 2 7 0 0.2661844510474327 
7 11 2 4 3 0 0.10503890395390592 
4 7 12 13 4 1 0.20703608424584008 
7 7 7 8 7 1 0.07811457021054602 
11 8 7 8 11 0 0.4486981997998223 
4 7 2 2 1 0 0.10619344910373019 
12 1 12 13 1 1 0.16309837766713386 
1 11 12 12 6 1 0.17344030460442028 
13 1 1 8 7 0 0.9838434409955352 
11 7 12 13 7 1 0.12989795945752936 
4 8 13 8 8 1 0.38368337889803816 
12 4 12 8 1 0 0.05600776068254132 
7 11 8 7 8 1 0.4113170674157127 
---
3 2 23.519736842105264 2.0 5
7 0 8 13 0 1 0.15712699344174386 
1 0 2 2 1 0 0.21354596678657511 
---
3 3 20.60032894736842 3.0 5
11 7 4 8 1 1 0.09419703600829865 
1 0 2 1 2 0 0.3213967911731139 
7 0 8 1 8 1 0.35133288360344594 
---
3 4 19.366776315789476 4.0 5
2 1 7 1 2 0 0.7514084948705573 
7 4 12 13 4 1 0.246470583110322 
11 1 2 2 7 0 0.2661844510474327 
12 1 13 4 2 1 0.20047255995987556 
---
3 5 23.519736842105264 2.0 5
7 0 8 13 0 1 0.15712699344174386 
1 0 2 2 1 0 0.21354596678657511 
---
3 6 20.60032894736842 3.0 5
11 7 4 8 1 1 0.09419703600829865 
1 0 2 1 2 0 0.3213967911731139 
7 0 8 1 8 1 0.35133288360344594 
---
3 7 15.460526315789474 33.0 5
11 1 7 9 2 1 0.3233274499497094 
11 1 5 2 7 0 0.4466961263100644 
13 12 1 11 1 0 0.9926723528047843 
11 1 8 2 7 0 0.21972255126292506 
11 8 7 8 11 0 0.4486981997998223 
13 1 1 8 7 0 0.9838434409955352 
4 7 12 13 4 1 0.20703608424584008 
7 11 8 7 8 1 0.4113170674157127 
11 1 2 2 7 0 0.2661844510474327 
11 7 4 8 1 1 0.09419703600829865 
13 2 1 2 11 0 0.9906787484282049 
12 12 7 2 6 0 0.3418070222320624 
11 2 8 2 1 0 0.17888941065017794 
12 7 13 4 4 1 0.11726733774444376 
8 0 5 2 0 1 0.24030721376153874 
4 8 13 8 8 1 0.38368337889803816 
4 7 2 2 1 0 0.10619344910373019 
11 7 12 13 7 1 0.12989795945752936 
0 8 8 13 4 1 0.27776980780355687 
4 7 12 5 4 1 0.22209782838338055 
1 1 9 7 12 0 0.41713440567667615 
12 11 8 8 1 1 0.1860810005674729 
4 12 13 13 6 1 0.37401033712291687 
7 4 2 2 10 1 0.15919474254704746 
12 4 12 8 1 0 0.05600776068254132 
11 1 2 2 1 0 0.14497113803010797 
10 1 11 4 7 0 1.0 
7 7 7 8 7 1 0.07811457021054602 
11 11 6 1 11 1 0.5145838606110011 
7 10 7 4 0 0 0.7300660887337631 
4 4 13 5 1 1 0.16680378083705616 
11 10 8 4 7 1 0.826897927033216 
11 1 7 1 2 0 0.3089379735054987 
---
3 8 18.688322368421055 5.0 5
11 7 4 8 1 1 0.09419703600829865 
11 1 2 2 7 0 0.2661844510474327 
2 1 7 1 2 0 0.7514084948705573 
12 1 13 4 2 1 0.20047255995987556 
7 4 12 13 4 1 0.246470583110322 
---
3 9 18.112664473684212 6.0 5
7 4 12 13 4 1 0.246470583110322 
13 4 12 2 0 0 0.977754111037551 
7 11 8 7 8 1 0.4113170674157127 
2 1 7 1 2 0 0.7514084948705573 
8 0 5 2 0 1 0.24030721376153874 
11 1 2 2 7 0 0.2661844510474327 
---
3 10 15.625 27.0 5
11 2 8 2 1 0 0.17888941065017794 
7 7 7 8 7 1 0.07811457021054602 
11 1 7 1 2 0 0.3089379735054987 
4 4 13 5 1 1 0.16680378083705616 
11 10 8 4 7 1 0.826897927033216 
7 11 8 7 8 1 0.4113170674157127 
12 11 8 8 1 1 0.1860810005674729 
4 7 2 2 1 0 0.10619344910373019 
11 7 12 13 7 1 0.12989795945752936 
0 8 8 13 4 1 0.27776980780355687 
13 4 12 2 0 0 0.977754111037551 
12 7 13 4 4 1 0.11726733774444376 
11 7 4 8 1 1 0.09419703600829865 
4 12 13 13 6 1 0.37401033712291687 
12 4 12 8 1 0 0.05600776068254132 
4 7 12 5 4 1 0.22209782838338055 
8 0 5 2 0 1 0.24030721376153874 
11 1 2 2 1 0 0.14497113803010797 
11 8 7 8 11 0 0.4486981997998223 
11 11 6 1 11 1 0.5145838606110011 
4 7 12 13 4 1 0.20703608424584008 
1 1 9 7 12 0 0.41713440567667615 
4 8 13 8 8 1 0.38368337889803816 
11 1 2 2 7 0 0.2661844510474327 
13 12 1 11 1 0 0.9926723528047843 
11 1 5 2 7 0 0.4466961263100644 
7 4 2 2 10 1 0.15919474254704746 
---
3 11 18.112664473684212 6.0 5
7 4 12 13 4 1 0.246470583110322 
13 4 12 2 0 0 0.977754111037551 
7 11 8 7 8 1 0.4113170674157127 
2 1 7 1 2 0 0.7514084948705573 
8 0 5 2 0 1 0.24030721376153874 
11 1 2 2 7 0 0.2661844510474327 
---
3 12 17.96875 7.0 5
11 1 2 2 7 0 0.2661844510474327 
7 11 8 7 8 1 0.4113170674157127 
2 1 7 1 2 0 0.7514084948705573 
13 4 12 2 0 0 0.977754111037551 
7 4 12 13 4 1 0.246470583110322 
11 11 6 1 11 1 0.5145838606110011 
8 0 5 2 0 1 0.24030721376153874 
---
3 13 19.366776315789476 4.0 5
2 1 7 1 2 0 0.7514084948705573 
7 4 12 13 4 1 0.246470583110322 
11 1 2 2 7 0 0.2661844510474327 
12 1 13 4 2 1 0.20047255995987556 
---
3 14 18.688322368421055 5.0 5
11 7 4 8 1 1 0.09419703600829865 
2 1 7 1 2 0 0.7514084948705573 
7 4 12 13 4 1 0.246470583110322 
11 1 2 2 7 0 0.2661844510474327 
12 1 13 4 2 1 0.20047255995987556 
---
3 15 15.583881578947366 30.0 5
13 2 1 2 11 0 0.9906787484282049 
12 7 13 4 4 1 0.11726733774444376 
11 1 2 2 7 0 0.2661844510474327 
11 8 7 8 11 0 0.4486981997998223 
4 12 13 13 6 1 0.37401033712291687 
7 11 8 7 8 1 0.4113170674157127 
4 7 12 13 4 1 0.20703608424584008 
4 7 12 5 4 1 0.22209782838338055 
4 8 13 8 8 1 0.38368337889803816 
7 7 7 8 7 1 0.07811457021054602 
11 1 7 1 2 0 0.3089379735054987 
8 0 5 2 0 1 0.24030721376153874 
11 1 5 2 7 0 0.4466961263100644 
12 4 12 8 1 0 0.05600776068254132 
13 12 1 11 1 0 0.9926723528047843 
0 8 8 13 4 1 0.27776980780355687 
11 10 8 4 7 1 0.826897927033216 
7 4 2 2 10 1 0.15919474254704746 
11 2 8 2 1 0 0.17888941065017794 
4 7 2 2 1 0 0.10619344910373019 
12 12 7 2 6 0 0.3418070222320624 
13 1 1 8 7 0 0.9838434409955352 
1 1 9 7 12 0 0.41713440567667615 
11 1 2 2 1 0 0.14497113803010797 
11 7 12 13 7 1 0.12989795945752936 
11 11 6 1 11 1 0.5145838606110011 
4 4 13 5 1 1 0.16680378083705616 
11 7 4 8 1 1 0.09419703600829865 
12 11 8 8 1 1 0.1860810005674729 
11 9 8 2 7 0 0.6300673136809135 
---
3 16 16.036184210526315 21.0 5
12 11 8 8 1 1 0.1860810005674729 
11 2 8 2 1 0 0.17888941065017794 
11 7 12 13 7 1 0.12989795945752936 
12 4 12 8 1 0 0.05600776068254132 
2 11 7 1 2 0 0.67683045052083 
4 7 12 5 4 1 0.22209782838338055 
13 4 12 2 0 0 0.977754111037551 
13 12 1 11 1 0 0.9926723528047843 
11 1 9 10 7 0 0.8776598584344273 
11 7 4 8 1 1 0.09419703600829865 
7 4 2 2 10 1 0.15919474254704746 
4 8 13 8 8 1 0.38368337889803816 
11 1 2 2 1 0 0.14497113803010797 
4 4 13 5 1 1 0.16680378083705616 
11 1 2 2 7 0 0.2661844510474327 
4 7 12 13 4 1 0.20703608424584008 
8 0 5 2 0 1 0.24030721376153874 
11 10 8 1 2 1 0.879284691125281 
7 11 8 7 8 1 0.4113170674157127 
0 8 8 13 4 1 0.27776980780355687 
11 11 6 1 11 1 0.5145838606110011 
---
3 17 17.96875 7.0 5
11 1 2 2 7 0 0.2661844510474327 
7 11 8 7 8 1 0.4113170674157127 
2 1 7 1 2 0 0.7514084948705573 
13 4 12 2 0 0 0.977754111037551 
7 4 12 13 4 1 0.246470583110322 
11 11 6 1 11 1 0.5145838606110011 
8 0 5 2 0 1 0.24030721376153874 
---
3 18 17.742598684210524 8.0 5
11 1 9 10 7 0 0.8776598584344273 
8 0 5 2 0 1 0.24030721376153874 
7 11 8 7 8 1 0.4113170674157127 
2 1 7 1 2 0 0.7514084948705573 
11 1 2 2 7 0 0.2661844510474327 
11 11 6 1 11 1 0.5145838606110011 
7 4 12 13 4 1 0.246470583110322 
13 4 12 2 0 0 0.977754111037551 
---
3 19 15.933388157894738 23.0 5
4 7 12 5 4 1 0.22209782838338055 
7 4 2 2 10 1 0.15919474254704746 
7 11 8 7 8 1 0.4113170674157127 
11 11 6 1 11 1 0.5145838606110011 
11 1 2 2 1 0 0.14497113803010797 
4 8 13 8 8 1 0.38368337889803816 
0 8 8 13 4 1 0.27776980780355687 
11 2 8 2 1 0 0.17888941065017794 
11 1 2 2 7 0 0.2661844510474327 
12 11 8 8 1 1 0.1860810005674729 
4 4 13 5 1 1 0.16680378083705616 
11 7 12 13 7 1 0.12989795945752936 
2 11 7 1 2 0 0.67683045052083 
4 7 12 13 4 1 0.20703608424584008 
13 12 1 11 1 0 0.9926723528047843 
11 1 9 10 7 0 0.8776598584344273 
11 7 4 8 1 1 0.09419703600829865 
12 4 12 8 1 0 0.05600776068254132 
13 4 12 2 0 0 0.977754111037551 
8 0 5 2 0 1 0.24030721376153874 
11 8 7 8 11 0 0.4486981997998223 
7 7 7 8 7 1 0.07811457021054602 
11 10 8 2 7 1 0.826897927033216 
---
3 20 17.742598684210524 8.0 5
11 1 9 10 7 0 0.8776598584344273 
8 0 5 2 0 1 0.24030721376153874 
7 11 8 7 8 1 0.4113170674157127 
2 1 7 1 2 0 0.7514084948705573 
11 1 2 2 7 0 0.2661844510474327 
11 11 6 1 11 1 0.5145838606110011 
7 4 12 13 4 1 0.246470583110322 
13 4 12 2 0 0 0.977754111037551 
---
3 21 17.269736842105264 9.0 5
11 1 2 2 7 0 0.2661844510474327 
2 1 7 1 2 0 0.7514084948705573 
13 4 12 2 0 0 0.977754111037551 
4 12 13 13 6 1 0.37401033712291687 
7 4 12 13 4 1 0.246470583110322 
8 0 5 2 0 1 0.24030721376153874 
11 11 6 1 11 1 0.5145838606110011 
7 11 8 7 8 1 0.4113170674157127 
11 1 9 10 7 0 0.8776598584344273 
---
3 22 16.11842105263158 15.0 5
11 2 8 2 1 0 0.17888941065017794 
11 7 4 8 1 1 0.09419703600829865 
0 8 8 13 4 1 0.27776980780355687 
7 4 2 2 10 1 0.15919474254704746 
11 11 6 1 11 1 0.5145838606110011 
4 7 12 13 4 1 0.20703608424584008 
13 4 12 2 1 0 0.9807243699017848 
2 11 7 1 2 0 0.67683045052083 
7 11 8 7 8 1 0.4113170674157127 
11 1 2 2 7 0 0.2661844510474327 
12 4 12 8 1 0 0.05600776068254132 
11 1 2 2 1 0 0.14497113803010797 
12 11 8 8 1 1 0.1860810005674729 
11 1 9 10 7 0 0.8776598584344273 
8 0 5 2 0 1 0.24030721376153874 
---
3 23 16.776315789473685 10.0 5
11 7 4 8 1 1 0.09419703600829865 
7 4 12 13 4 1 0.246470583110322 
7 11 8 7 8 1 0.4113170674157127 
8 0 5 2 0 1 0.24030721376153874 
4 12 13 13 6 1 0.37401033712291687 
11 1 9 10 7 0 0.8776598584344273 
2 1 7 1 2 0 0.7514084948705573 
11 11 6 1 11 1 0.5145838606110011 
11 1 2 2 7 0 0.2661844510474327 
13 4 12 2 1 0 0.9807243699017848 
---
3 24 16.714638157894736 11.0 5
7 11 8 7 8 1 0.4113170674157127 
8 0 5 2 0 1 0.24030721376153874 
7 4 12 13 4 1 0.246470583110322 
0 8 8 13 4 1 0.27776980780355687 
11 7 4 8 1 1 0.09419703600829865 
11 1 2 2 7 0 0.2661844510474327 
11 1 9 10 7 0 0.8776598584344273 
13 4 12 2 1 0 0.9807243699017848 
11 11 6 1 11 1 0.5145838606110011 
2 1 7 1 2 0 0.7514084948705573 
11 2 8 2 1 0 0.17888941065017794 
---
3 25 16.714638157894736 11.0 5
7 11 8 7 8 1 0.4113170674157127 
8 0 5 2 0 1 0.24030721376153874 
7 4 12 13 4 1 0.246470583110322 
0 8 8 13 4 1 0.27776980780355687 
11 7 4 8 1 1 0.09419703600829865 
11 1 2 2 7 0 0.2661844510474327 
11 1 9 10 7 0 0.8776598584344273 
13 4 12 2 1 0 0.9807243699017848 
11 11 6 1 11 1 0.5145838606110011 
2 1 7 1 2 0 0.7514084948705573 
11 2 8 2 1 0 0.17888941065017794 
---
3 26 16.30345394736842 12.0 5
11 1 2 2 7 0 0.2661844510474327 
2 1 7 1 2 0 0.7514084948705573 
7 11 8 7 8 1 0.4113170674157127 
11 1 9 10 7 0 0.8776598584344273 
8 0 5 2 0 1 0.24030721376153874 
4 4 13 5 1 1 0.16680378083705616 
11 7 4 8 1 1 0.09419703600829865 
11 11 6 1 11 1 0.5145838606110011 
13 4 12 2 1 0 0.9807243699017848 
7 4 12 13 4 1 0.246470583110322 
11 2 8 2 1 0 0.17888941065017794 
0 8 8 13 4 1 0.27776980780355687 
---
3 27 17.269736842105264 9.0 5
11 1 2 2 7 0 0.2661844510474327 
2 1 7 1 2 0 0.7514084948705573 
13 4 12 2 0 0 0.977754111037551 
4 12 13 13 6 1 0.37401033712291687 
7 4 12 13 4 1 0.246470583110322 
8 0 5 2 0 1 0.24030721376153874 
11 11 6 1 11 1 0.5145838606110011 
7 11 8 7 8 1 0.4113170674157127 
11 1 9 10 7 0 0.8776598584344273 
---
3 28 16.776315789473685 10.0 5
11 7 4 8 1 1 0.09419703600829865 
13 4 12 2 1 0 0.9807243699017848 
11 1 2 2 7 0 0.2661844510474327 
7 11 8 7 8 1 0.4113170674157127 
11 1 9 10 7 0 0.8776598584344273 
7 4 12 13 4 1 0.246470583110322 
4 12 13 13 6 1 0.37401033712291687 
2 1 7 1 2 0 0.7514084948705573 
11 11 6 1 11 1 0.5145838606110011 
8 0 5 2 0 1 0.24030721376153874 
---
3 29 15.933388157894738 23.0 5
4 7 12 5 4 1 0.22209782838338055 
7 4 2 2 10 1 0.15919474254704746 
7 11 8 7 8 1 0.4113170674157127 
11 11 6 1 11 1 0.5145838606110011 
11 1 2 2 1 0 0.14497113803010797 
4 8 13 8 8 1 0.38368337889803816 
0 8 8 13 4 1 0.27776980780355687 
11 2 8 2 1 0 0.17888941065017794 
11 1 2 2 7 0 0.2661844510474327 
12 11 8 8 1 1 0.1860810005674729 
4 4 13 5 1 1 0.16680378083705616 
11 7 12 13 7 1 0.12989795945752936 
2 11 7 1 2 0 0.67683045052083 
4 7 12 13 4 1 0.20703608424584008 
13 12 1 11 1 0 0.9926723528047843 
11 1 9 10 7 0 0.8776598584344273 
11 7 4 8 1 1 0.09419703600829865 
12 4 12 8 1 0 0.05600776068254132 
13 4 12 2 0 0 0.977754111037551 
8 0 5 2 0 1 0.24030721376153874 
11 8 7 8 11 0 0.4486981997998223 
7 7 7 8 7 1 0.07811457021054602 
11 10 8 2 7 1 0.826897927033216 
---
3 30 16.30345394736842 12.0 5
11 1 2 2 7 0 0.2661844510474327 
2 1 7 1 2 0 0.7514084948705573 
7 11 8 7 8 1 0.4113170674157127 
11 1 9 10 7 0 0.8776598584344273 
8 0 5 2 0 1 0.24030721376153874 
4 4 13 5 1 1 0.16680378083705616 
11 7 4 8 1 1 0.09419703600829865 
11 11 6 1 11 1 0.5145838606110011 
13 4 12 2 1 0 0.9807243699017848 
7 4 12 13 4 1 0.246470583110322 
11 2 8 2 1 0 0.17888941065017794 
0 8 8 13 4 1 0.27776980780355687 
---
3 31 15.625 27.0 5
11 2 8 2 1 0 0.17888941065017794 
7 7 7 8 7 1 0.07811457021054602 
11 1 7 1 2 0 0.3089379735054987 
4 4 13 5 1 1 0.16680378083705616 
11 10 8 4 7 1 0.826897927033216 
7 11 8 7 8 1 0.4113170674157127 
12 11 8 8 1 1 0.1860810005674729 
4 7 2 2 1 0 0.10619344910373019 
11 7 12 13 7 1 0.12989795945752936 
0 8 8 13 4 1 0.27776980780355687 
13 4 12 2 0 0 0.977754111037551 
12 7 13 4 4 1 0.11726733774444376 
11 7 4 8 1 1 0.09419703600829865 
4 12 13 13 6 1 0.37401033712291687 
12 4 12 8 1 0 0.05600776068254132 
4 7 12 5 4 1 0.22209782838338055 
8 0 5 2 0 1 0.24030721376153874 
11 1 2 2 1 0 0.14497113803010797 
11 8 7 8 11 0 0.4486981997998223 
11 11 6 1 11 1 0.5145838606110011 
4 7 12 13 4 1 0.20703608424584008 
1 1 9 7 12 0 0.41713440567667615 
4 8 13 8 8 1 0.38368337889803816 
11 1 2 2 7 0 0.2661844510474327 
13 12 1 11 1 0 0.9926723528047843 
11 1 5 2 7 0 0.4466961263100644 
7 4 2 2 10 1 0.15919474254704746 
---
4 0 29.379111842105267 1.0 5
1 0 2 1 4 0 0.3502983199617288 
---
4 1 17.310855263157894 20.0 5
7 7 12 1 5 0 0.14238049564232425 
1 7 4 8 1 1 0.12937559538753307 
4 11 13 2 2 1 0.34186316518285675 
13 2 8 2 1 0 0.8809143347617604 
1 12 2 13 1 1 0.2223061246663085 
13 1 2 0 12 0 0.9438908646991802 
2 8 7 1 0 0 0.8792472632267225 
4 11 11 0 2 0 0.6693649569444817 
4 11 8 0 1 1 0.06942714180599685 
4 11 11 0 7 0 0.7631614054730487 
12 7 13 4 11 1 0.07481579066570343 
11 1 2 1 12 0 0.11638709990608609 
11 4 14 1 7 0 0.6444563842154809 
7 0 11 1 2 0 0.8122024580724042 
1 11 1 0 1 0 0.14140474837112116 
7 12 12 1 13 1 0.3047950548606102 
2 3 12 11 12 0 0.6378633472707704 
12 11 8 13 12 1 0.24865006262227185 
4 11 11 0 1 0 0.6732363108117094 
3 4 2 2 11 0 0.3058274574408957 
---
4 2 22.018914473684212 2.0 5
12 7 0 8 4 1 0.16718138129447802 
2 1 1 2 4 0 0.4961667721213998 
---
4 3 19.962993421052634 3.0 5
2 2 1 1 1 0 0.7372852021854346 
12 7 0 8 1 1 0.15728053821486299 
7 1 13 2 11 0 0.13851930268011126 
---
4 4 19.325657894736842 4.0 5
2 2 1 1 1 0 0.7372852021854346 
4 11 11 0 1 0 0.6732363108117094 
12 7 0 8 1 1 0.15728053821486299 
7 1 13 2 11 0 0.13851930268011126 
---
4 5 17.331414473684212 18.0 5
13 2 8 2 1 0 0.8809143347617604 
4 11 13 2 2 1 0.34186316518285675 
1 11 1 0 1 0 0.14140474837112116 
2 3 12 11 12 0 0.6378633472707704 
3 4 2 2 11 0 0.3058274574408957 
7 12 12 1 13 1 0.3047950548606102 
7 7 12 1 5 0 0.14238049564232425 
1 12 2 13 1 1 0.2223061246663085 
1 7 4 8 1 1 0.12937559538753307 
13 1 2 0 12 0 0.9438908646991802 
11 4 14 1 7 0 0.6444563842154809 
12 7 13 4 11 1 0.07481579066570343 
2 8 7 1 0 0 0.8792472632267225 
11 1 2 1 12 0 0.11638709990608609 
7 0 11 1 2 0 0.8122024580724042 
4 11 11 0 7 0 0.7631614054730487 
4 11 11 0 1 0 0.6732363108117094 
4 11 8 0 1 1 0.06942714180599685 
---
4 6 22.018914473684212 2.0 5
12 7 0 8 4 1 0.16718138129447802 
2 1 1 2 4 0 0.4961667721213998 
---
4 7 19.962993421052634 3.0 5
2 2 1 1 1 0 0.7372852021854346 
12 7 0 8 1 1 0.15728053821486299 
7 1 13 2 11 0 0.13851930268011126 
---
4 8 18.606085526315788 5.0 5
1 7 4 8 1 1 0.12937559538753307 
3 0 8 2 11 0 0.2240835451967026 
0 0 3 0 1 0 0.8334759438136781 
4 11 13 2 2 1 0.34186316518285675 
13 2 8 2 1 0 0.8809143347617604 
---
4 9 18.503289473684212 6.0 5
0 0 3 0 1 0 0.8334759438136781 
4 11 13 2 2 1 0.34186316518285675 
3 0 8 2 11 0 0.2240835451967026 
13 2 8 2 1 0 0.8809143347617604 
1 7 4 8 1 1 0.12937559538753307 
12 7 13 4 11 1 0.07481579066570343 
---
4 10 19.325657894736842 4.0 5
2 2 1 1 1 0 0.7372852021854346 
4 11 11 0 1 0 0.6732363108117094 
12 7 0 8 1 1 0.15728053821486299 
7 1 13 2 11 0 0.13851930268011126 
---
4 11 18.606085526315788 5.0 5
1 7 4 8 1 1 0.12937559538753307 
3 0 8 2 11 0 0.2240835451967026 
0 0 3 0 1 0 0.8334759438136781 
4 11 13 2 2 1 0.34186316518285675 
13 2 8 2 1 0 0.8809143347617604 
---
4 12 17.639802631578945 11.0 5
4 11 11 0 1 0 0.6732363108117094 
13 2 8 2 1 0 0.8809143347617604 
1 11 1 0 1 0 0.14140474837112116 
7 0 11 1 2 0 0.8122024580724042 
1 7 4 8 1 1 0.12937559538753307 
3 4 2 2 11 0 0.3058274574408957 
11 4 14 1 7 0 0.6444563842154809 
1 12 2 13 1 1 0.2223061246663085 
12 7 13 4 11 1 0.07481579066570343 
4 11 8 0 1 1 0.06942714180599685 
4 0 11 2 7 0 0.8583493597474086 
---
4 13 17.454769736842106 12.0 5
4 11 8 0 1 1 0.06942714180599685 
1 7 4 8 1 1 0.12937559538753307 
12 7 13 4 11 1 0.07481579066570343 
7 12 12 1 13 1 0.3047950548606102 
1 11 1 0 1 0 0.14140474837112116 
4 11 11 0 7 0 0.7631614054730487 
1 12 2 13 1 1 0.2223061246663085 
3 4 2 2 11 0 0.3058274574408957 
7 0 11 1 2 0 0.8122024580724042 
2 8 7 1 0 0 0.8792472632267225 
13 2 8 2 1 0 0.8809143347617604 
11 4 14 1 7 0 0.6444563842154809 
---
4 14 18.503289473684212 6.0 5
0 0 3 0 1 0 0.8334759438136781 
4 11 13 2 2 1 0.34186316518285675 
3 0 8 2 11 0 0.2240835451967026 
13 2 8 2 1 0 0.8809143347617604 
1 7 4 8 1 1 0.12937559538753307 
12 7 13 4 11 1 0.07481579066570343 
---
4 15 18.400493421052634 8.0 5
13 2 8 2 1 0 0.8809143347617604 
7 0 11 1 2 0 0.8122024580724042 
4 11 11 0 1 0 0.6732363108117094 
1 7 4 8 1 1 0.12937559538753307 
3 0 8 2 11 0 0.2240835451967026 
4 11 13 2 2 1 0.34186316518285675 
4 0 11 2 7 0 0.8583493597474086 
12 7 13 4 11 1 0.07481579066570343 
---
4 16 18.07154605263158 9.0 5
1 7 4 8 1 1 0.12937559538753307 
4 11 11 0 1 0 0.6732363108117094 
1 12 2 13 1 1 0.2223061246663085 
13 2 8 2 1 0 0.8809143347617604 
3 4 2 2 11 0 0.3058274574408957 
7 0 11 1 2 0 0.8122024580724042 
4 11 8 0 1 1 0.06942714180599685 
11 4 14 1 7 0 0.6444563842154809 
12 7 13 4 11 1 0.07481579066570343 
---
4 17 18.07154605263158 9.0 5
1 7 4 8 1 1 0.12937559538753307 
4 11 11 0 1 0 0.6732363108117094 
1 12 2 13 1 1 0.2223061246663085 
13 2 8 2 1 0 0.8809143347617604 
3 4 2 2 11 0 0.3058274574408957 
7 0 11 1 2 0 0.8122024580724042 
4 11 8 0 1 1 0.06942714180599685 
11 4 14 1 7 0 0.6444563842154809 
12 7 13 4 11 1 0.07481579066570343 
---
4 18 18.400493421052634 8.0 5
13 2 8 2 1 0 0.8809143347617604 
7 0 11 1 2 0 0.8122024580724042 
4 11 11 0 1 0 0.6732363108117094 
1 7 4 8 1 1 0.12937559538753307 
3 0 8 2 11 0 0.2240835451967026 
4 11 13 2 2 1 0.34186316518285675 
4 0 11 2 7 0 0.8583493597474086 
12 7 13 4 11 1 0.07481579066570343 
---
4 19 17.763157894736842 10.0 5
1 12 2 13 1 1 0.2223061246663085 
4 11 11 0 7 0 0.7631614054730487 
4 11 11 0 1 0 0.6732363108117094 
13 2 8 2 1 0 0.8809143347617604 
7 0 11 1 2 0 0.8122024580724042 
11 4 14 1 7 0 0.6444563842154809 
3 0 8 2 11 0 0.2240835451967026 
1 7 4 8 1 1 0.12937559538753307 
12 7 13 4 11 1 0.07481579066570343 
4 11 8 0 1 1 0.06942714180599685 
---
4 20 17.454769736842106 12.0 5
4 11 8 0 1 1 0.06942714180599685 
1 7 4 8 1 1 0.12937559538753307 
12 7 13 4 11 1 0.07481579066570343 
7 12 12 1 13 1 0.3047950548606102 
1 11 1 0 1 0 0.14140474837112116 
4 11 11 0 7 0 0.7631614054730487 
1 12 2 13 1 1 0.2223061246663085 
3 4 2 2 11 0 0.3058274574408957 
7 0 11 1 2 0 0.8122024580724042 
2 8 7 1 0 0 0.8792472632267225 
13 2 8 2 1 0 0.8809143347617604 
11 4 14 1 7 0 0.6444563842154809 
---
4 21 17.763157894736842 10.0 5
1 12 2 13 1 1 0.2223061246663085 
4 11 11 0 7 0 0.7631614054730487 
4 11 11 0 1 0 0.6732363108117094 
13 2 8 2 1 0 0.8809143347617604 
7 0 11 1 2 0 0.8122024580724042 
11 4 14 1 7 0 0.6444563842154809 
3 0 8 2 11 0 0.2240835451967026 
1 7 4 8 1 1 0.12937559538753307 
12 7 13 4 11 1 0.07481579066570343 
4 11 8 0 1 1 0.06942714180599685 
---
4 22 17.639802631578945 11.0 5
4 11 11 0 1 0 0.6732363108117094 
13 2 8 2 1 0 0.8809143347617604 
1 11 1 0 1 0 0.14140474837112116 
7 0 11 1 2 0 0.8122024580724042 
1 7 4 8 1 1 0.12937559538753307 
3 4 2 2 11 0 0.3058274574408957 
11 4 14 1 7 0 0.6444563842154809 
1 12 2 13 1 1 0.2223061246663085 
12 7 13 4 11 1 0.07481579066570343 
4 11 8 0 1 1 0.06942714180599685 
4 0 11 2 7 0 0.8583493597474086 
---
4 23 17.331414473684212 18.0 5
13 2 8 2 1 0 0.8809143347617604 
4 11 13 2 2 1 0.34186316518285675 
1 11 1 0 1 0 0.14140474837112116 
2 3 12 11 12 0 0.6378633472707704 
3 4 2 2 11 0 0.3058274574408957 
7 12 12 1 13 1 0.3047950548606102 
7 7 12 1 5 0 0.14238049564232425 
1 12 2 13 1 1 0.2223061246663085 
1 7 4 8 1 1 0.12937559538753307 
13 1 2 0 12 0 0.9438908646991802 
11 4 14 1 7 0 0.6444563842154809 
12 7 13 4 11 1 0.07481579066570343 
2 8 7 1 0 0 0.8792472632267225 
11 1 2 1 12 0 0.11638709990608609 
7 0 11 1 2 0 0.8122024580724042 
4 11 11 0 7 0 0.7631614054730487 
4 11 11 0 1 0 0.6732363108117094 
4 11 8 0 1 1 0.06942714180599685 
---
4 24 29.379111842105267 1.0 5
1 0 2 1 4 0 0.3502983199617288 
---
4 25 17.310855263157894 20.0 5
7 7 12 1 5 0 0.14238049564232425 
1 7 4 8 1 1 0.12937559538753307 
4 11 13 2 2 1 0.34186316518285675 
13 2 8 2 1 0 0.8809143347617604 
1 12 2 13 1 1 0.2223061246663085 
13 1 2 0 12 0 0.9438908646991802 
2 8 7 1 0 0 0.8792472632267225 
4 11 11 0 2 0 0.6693649569444817 
4 11 8 0 1 1 0.06942714180599685 
4 11 11 0 7 0 0.7631614054730487 
12 7 13 4 11 1 0.07481579066570343 
11 1 2 1 12 0 0.11638709990608609 
11 4 14 1 7 0 0.6444563842154809 
7 0 11 1 2 0 0.8122024580724042 
1 11 1 0 1 0 0.14140474837112116 
7 12 12 1 13 1 0.3047950548606102 
2 3 12 11 12 0 0.6378633472707704 
12 11 8 13 12 1 0.24865006262227185 
4 11 11 0 1 0 0.6732363108117094 
3 4 2 2 11 0 0.3058274574408957 
---
4 26 22.018914473684212 2.0 5
12 7 0 8 4 1 0.16718138129447802 
2 1 1 2 4 0 0.4961667721213998 
---
4 27 19.962993421052634 3.0 5
2 2 1 1 1 0 0.7372852021854346 
12 7 0 8 1 1 0.15728053821486299 
7 1 13 2 11 0 0.13851930268011126 
---
4 28 19.325657894736842 4.0 5
2 2 1 1 1 0 0.7372852021854346 
4 11 11 0 1 0 0.6732363108117094 
12 7 0 8 1 1 0.15728053821486299 
7 1 13 2 11 0 0.13851930268011126 
---
4 29 18.606085526315788 5.0 5
1 7 4 8 1 1 0.12937559538753307 
3 0 8 2 11 0 0.2240835451967026 
0 0 3 0 1 0 0.8334759438136781 
4 11 13 2 2 1 0.34186316518285675 
13 2 8 2 1 0 0.8809143347617604 
---
4 30 18.503289473684212 6.0 5
0 0 3 0 1 0 0.8334759438136781 
4 11 13 2 2 1 0.34186316518285675 
3 0 8 2 11 0 0.2240835451967026 
13 2 8 2 1 0 0.8809143347617604 
1 7 4 8 1 1 0.12937559538753307 
12 7 13 4 11 1 0.07481579066570343 
---
4 31 18.07154605263158 9.0 5
1 7 4 8 1 1 0.12937559538753307 
4 11 11 0 1 0 0.6732363108117094 
1 12 2 13 1 1 0.2223061246663085 
13 2 8 2 1 0 0.8809143347617604 
3 4 2 2 11 0 0.3058274574408957 
7 0 11 1 2 0 0.8122024580724042 
4 11 8 0 1 1 0.06942714180599685 
11 4 14 1 7 0 0.6444563842154809 
12 7 13 4 11 1 0.07481579066570343 
---
4 32 18.400493421052634 8.0 5
13 2 8 2 1 0 0.8809143347617604 
7 0 11 1 2 0 0.8122024580724042 
4 11 11 0 1 0 0.6732363108117094 
1 7 4 8 1 1 0.12937559538753307 
3 0 8 2 11 0 0.2240835451967026 
4 11 13 2 2 1 0.34186316518285675 
4 0 11 2 7 0 0.8583493597474086 
12 7 13 4 11 1 0.07481579066570343 
---
4 33 17.454769736842106 12.0 5
4 11 8 0 1 1 0.06942714180599685 
1 7 4 8 1 1 0.12937559538753307 
12 7 13 4 11 1 0.07481579066570343 
7 12 12 1 13 1 0.3047950548606102 
1 11 1 0 1 0 0.14140474837112116 
4 11 11 0 7 0 0.7631614054730487 
1 12 2 13 1 1 0.2223061246663085 
3 4 2 2 11 0 0.3058274574408957 
7 0 11 1 2 0 0.8122024580724042 
2 8 7 1 0 0 0.8792472632267225 
13 2 8 2 1 0 0.8809143347617604 
11 4 14 1 7 0 0.6444563842154809 
---
4 34 17.763157894736842 10.0 5
1 12 2 13 1 1 0.2223061246663085 
4 11 11 0 7 0 0.7631614054730487 
4 11 11 0 1 0 0.6732363108117094 
13 2 8 2 1 0 0.8809143347617604 
7 0 11 1 2 0 0.8122024580724042 
11 4 14 1 7 0 0.6444563842154809 
3 0 8 2 11 0 0.2240835451967026 
1 7 4 8 1 1 0.12937559538753307 
12 7 13 4 11 1 0.07481579066570343 
4 11 8 0 1 1 0.06942714180599685 
---
4 35 17.639802631578945 11.0 5
4 11 11 0 1 0 0.6732363108117094 
13 2 8 2 1 0 0.8809143347617604 
1 11 1 0 1 0 0.14140474837112116 
7 0 11 1 2 0 0.8122024580724042 
1 7 4 8 1 1 0.12937559538753307 
3 4 2 2 11 0 0.3058274574408957 
11 4 14 1 7 0 0.6444563842154809 
1 12 2 13 1 1 0.2223061246663085 
12 7 13 4 11 1 0.07481579066570343 
4 11 8 0 1 1 0.06942714180599685 
4 0 11 2 7 0 0.8583493597474086 
---
4 36 17.331414473684212 18.0 5
13 2 8 2 1 0 0.8809143347617604 
4 11 13 2 2 1 0.34186316518285675 
1 11 1 0 1 0 0.14140474837112116 
2 3 12 11 12 0 0.6378633472707704 
3 4 2 2 11 0 0.3058274574408957 
7 12 12 1 13 1 0.3047950548606102 
7 7 12 1 5 0 0.14238049564232425 
1 12 2 13 1 1 0.2223061246663085 
1 7 4 8 1 1 0.12937559538753307 
13 1 2 0 12 0 0.9438908646991802 
11 4 14 1 7 0 0.6444563842154809 
12 7 13 4 11 1 0.07481579066570343 
2 8 7 1 0 0 0.8792472632267225 
11 1 2 1 12 0 0.11638709990608609 
7 0 11 1 2 0 0.8122024580724042 
4 11 11 0 7 0 0.7631614054730487 
4 11 11 0 1 0 0.6732363108117094 
4 11 8 0 1 1 0.06942714180599685 
---
4 37 29.379111842105267 1.0 5
1 0 2 1 1 0 0.39957621713983604 
---
4 38 17.310855263157894 20.0 5
7 7 12 1 5 0 0.14238049564232425 
1 7 4 8 1 1 0.12937559538753307 
4 11 13 2 2 1 0.34186316518285675 
13 2 8 2 1 0 0.8809143347617604 
1 12 2 13 1 1 0.2223061246663085 
13 1 2 0 12 0 0.9438908646991802 
2 8 7 1 0 0 0.8792472632267225 
4 11 11 0 2 0 0.6693649569444817 
4 11 8 0 1 1 0.06942714180599685 
4 11 11 0 7 0 0.7631614054730487 
12 7 13 4 11 1 0.07481579066570343 
11 1 2 1 12 0 0.11638709990608609 
11 4 14 1 7 0 0.6444563842154809 
7 0 11 1 2 0 0.8122024580724042 
1 11 1 0 1 0 0.14140474837112116 
7 12 12 1 13 1 0.3047950548606102 
2 3 12 11 12 0 0.6378633472707704 
12 11 8 13 12 1 0.24865006262227185 
4 11 11 0 1 0 0.6732363108117094 
3 4 2 2 11 0 0.3058274574408957 
---
4 39 22.018914473684212 2.0 5
12 7 0 8 4 1 0.16718138129447802 
2 1 1 2 4 0 0.4961667721213998 
---
4 40 19.962993421052634 3.0 5
2 2 1 1 1 0 0.7372852021854346 
12 7 0 8 1 1 0.15728053821486299 
7 1 13 2 11 0 0.13851930268011126 
---
4 41 19.325657894736842 4.0 5
2 2 1 1 1 0 0.7372852021854346 
4 11 11 0 1 0 0.6732363108117094 
12 7 0 8 1 1 0.15728053821486299 
7 1 13 2 11 0 0.13851930268011126 
