---
0 14.589088397790057 28.0 36 
0 0 0 0 7 0 0 0 0 4 1 0 0 0 11 1 4 4 0 0 0 0 0 11 0 0 0 11 1 0 1 0 0 0 0 0 5 0.7642516591217994
0 0 0 12 0 0 0 0 7 2 0 0 7 0 0 0 0 8 5 2 0 0 0 0 1 0 0 0 0 0 0 0 0 0 0 0 0 0.9422310639036082
0 0 7 0 0 0 12 0 12 0 0 0 0 0 0 0 0 0 0 0 8 0 0 2 0 8 0 0 0 0 4 7 0 0 12 7 3 0.2115223734234959
4 0 0 0 3 0 0 0 0 6 2 0 0 0 0 0 0 0 0 0 0 0 0 0 0 0 0 0 0 0 0 0 0 0 0 0 1 0.8242875245353725
0 0 0 0 4 0 0 0 0 8 1 0 0 0 7 11 4 4 0 7 0 0 0 7 0 0 0 11 1 0 1 0 0 0 0 0 5 0.549298729787584
3 0 0 0 0 0 0 0 0 0 0 0 0 0 0 0 0 0 0 0 0 0 0 0 0 4 0 0 0 2 0 0 6 0 0 0 0 0.6442281639170983
0 12 0 0 3 0 1 7 0 0 12 0 0 0 0 0 0 0 0 0 0 4 2 0 0 0 0 0 0 0 0 0 0 0 0 0 0 0.6542258414005342
4 0 0 0 7 0 0 0 0 11 0 0 0 11 0 0 0 0 0 0 0 0 0 12 0 0 0 0 0 0 0 0 0 0 0 0 4 0.7696499900647233
0 0 0 0 7 1 3 0 0 4 1 0 12 0 1 0 4 0 0 0 0 0 0 11 0 0 0 0 0 0 0 0 0 0 0 0 5 0.7495441409139756
0 12 0 0 3 0 1 7 0 0 12 0 0 0 0 0 0 0 0 0 0 4 1 0 0 0 0 0 0 0 0 0 0 0 0 0 0 0.5906616309297731
0 0 0 0 0 0 0 0 0 0 0 0 0 11 0 0 0 0 0 0 0 0 0 0 0 4 0 0 0 11 0 0 0 0 0 0 4 0.10514945789268859
0 0 0 0 0 0 0 0 7 0 0 1 0 0 0 0 0 0 0 0 12 0 11 0 8 0 0 0 0 0 0 11 8 0 1 7 5 0.5704359220084487
4 0 0 0 7 0 0 0 0 11 0 0 0 0 0 0 0 0 0 0 0 0 0 0 0 0 0 12 0 0 0 0 1 0 0 0 4 0.2249086252544823
0 0 0 0 0 0 0 0 0 0 3 0 0 0 0 0 0 0 0 0 0 0 0 0 0 0 0 0 0 11 0 0 6 0 0 0 4 0.48799397508647224
0 12 0 0 0 0 0 0 7 2 0 0 0 0 0 0 0 0 5 2 0 4 1 0 0 0 0 0 0 0 0 0 0 0 0 0 0 0.5050065438198892
4 0 0 0 7 0 0 0 0 0 0 0 0 0 0 0 0 0 0 0 0 3 0 0 0 0 0 2 6 0 0 0 0 0 0 0 1 0.5404457832405829
4 0 0 0 0 0 0 0 0 0 2 0 0 0 0 0 0 0 0 0 0 3 0 0 0 0 0 2 0 0 0 0 0 0 0 0 1 0.4175863070780852
0 0 0 0 0 0 0 0 0 0 0 0 0 0 0 0 0 0 0 11 0 0 0 0 0 0 0 12 0 0 7 0 1 6 0 0 4 0.7769169841084185
1 0 0 0 0 0 0 0 0 0 0 0 0 11 8 0 0 0 0 0 0 1 0 0 0 10 0 0 0 11 0 0 0 0 0 0 1 0.8531941817548241
0 0 0 7 0 12 0 0 0 7 0 0 0 0 0 0 0 0 0 0 0 0 0 7 0 14 0 0 0 0 0 0 0 2 0 0 2 0.22519721469483278
0 0 0 0 14 0 0 0 0 4 1 0 0 0 4 1 4 4 0 0 0 0 0 11 0 0 0 11 1 0 0 0 0 4 0 0 2 0.46436018681813995
3 0 0 0 0 0 0 0 0 0 0 0 0 11 0 0 0 0 0 0 0 0 0 0 0 4 0 0 0 11 0 0 0 0 0 0 4 0.1461168381526574
0 0 0 0 0 4 0 0 0 0 0 0 0 0 0 2 0 0 0 0 12 7 0 0 0 0 0 0 4 0 12 0 0 12 7 0 5 0.04235477602614934
0 0 0 0 0 0 0 0 0 0 0 0 0 0 1 0 0 4 0 0 0 3 0 0 0 0 0 0 0 0 0 0 0 11 0 0 4 0.20415047356557925
0 11 0 2 0 0 0 0 0 0 7 4 0 0 0 0 5 13 0 4 0 0 0 0 0 0 0 0 0 0 0 0 0 2 0 0 2 0.6013835657691986
4 0 0 0 7 0 0 0 4 11 0 0 0 0 0 0 8 0 0 0 0 0 0 0 0 9 0 12 0 0 0 0 0 0 0 0 2 0.5364328015027866
4 0 0 0 2 0 0 0 0 11 0 0 0 0 0 0 0 0 5 0 0 0 11 0 0 0 0 0 0 0 0 0 0 0 0 0 4 0.4497756589826094
0 0 0 0 0 0 1 2 8 0 1 0 0 0 8 0 0 13 0 7 0 13 0 0 2 13 0 0 0 0 4 4 0 8 0 4 2 0.6155772541725815
---
1 15.676795580110497 22.0 36 
0 0 0 0 0 0 4 0 0 0 0 0 0 8 12 0 0 13 0 2 0 2 1 4 5 0 0 4 0 0 0 0 0 8 0 0 2 0.5881147126900172
0 0 6 0 0 4 0 0 7 0 0 0 12 0 0 0 12 4 1 0 0 0 11 0 0 0 0 0 4 0 0 0 12 0 0 0 5 0.9759913971207043
1 0 3 0 0 4 0 0 1 0 0 0 0 0 4 0 11 0 6 0 0 0 0 0 0 0 0 0 3 0 0 0 0 0 0 0 4 0.323222689665566
0 4 0 0 0 4 0 0 7 0 0 0 12 0 0 0 12 0 1 0 0 0 11 11 0 0 0 0 7 0 0 11 2 0 0 11 5 0.8281167151266404
0 0 0 6 4 0 0 0 13 0 0 0 0 0 0 0 0 0 0 0 0 8 0 0 0 0 0 0 0 0 0 0 12 0 4 0 5 0.35512872979780696
0 0 0 0 0 0 4 0 0 0 0 0 0 8 12 0 0 13 0 2 0 2 1 12 5 0 0 4 0 0 0 0 0 8 0 0 2 0.6617722907035124
0 0 0 12 0 7 0 0 0 0 0 0 4 3 0 0 7 0 0 0 0 7 0 0 0 0 4 0 0 0 0 0 0 0 0 12 4 0.6785690752587168
0 0 11 0 0 0 0 0 12 4 0 0 0 0 0 0 0 0 0 0 0 1 0 11 0 0 1 0 7 0 0 11 2 0 0 7 5 0.8088575966120304
0 0 0 0 0 0 8 0 0 0 4 0 0 3 0 4 11 3 8 0 0 0 0 0 0 0 8 0 0 0 4 0 0 0 0 0 1 0.9175573882124274
0 0 8 0 0 0 0 0 0 0 0 0 8 0 0 0 0 0 0 0 0 0 0 0 0 0 0 0 0 0 0 13 1 12 0 0 4 0.5390611377431151
5 0 12 0 0 0 0 0 0 0 0 0 0 0 0 0 0 0 0 0 0 0 0 1 13 0 0 8 0 8 0 1 2 0 0 0 2 0.6635630227140907
0 0 11 0 4 0 0 0 0 0 0 0 0 0 0 0 0 0 0 0 13 7 0 0 0 0 0 12 0 0 0 0 0 2 0 0 5 0.4432994669414393
0 0 4 0 0 12 4 0 0 0 7 0 0 0 0 0 13 0 12 0 0 4 0 0 0 12 0 0 0 0 0 0 0 0 0 0 3 0.17231215544875944
14 0 0 0 0 4 0 0 0 0 0 0 0 0 0 0 0 0 0 0 0 0 0 1 14 0 0 4 0 0 0 0 0 0 0 0 2 0.9123471583182183
0 4 4 0 6 4 0 0 7 0 0 0 0 0 0 0 11 0 0 0 0 0 0 0 0 0 0 0 3 0 0 12 0 0 0 0 0 0.8263869716936114
0 0 0 1 0 4 0 0 8 0 0 0 12 4 0 2 0 4 7 0 0 4 0 0 0 0 0 0 4 0 0 0 12 0 0 0 5 0.3934906948369751
0 0 0 0 0 0 0 0 5 0 0 0 0 0 0 0 0 0 0 7 0 7 0 0 0 0 0 4 0 0 0 11 0 1 0 0 5 0.5438083771183928
0 9 0 0 0 0 0 0 7 0 0 0 0 0 0 0 11 0 0 0 0 0 0 0 0 0 0 0 0 0 0 12 0 0 0 0 0 1.0
1 0 4 0 0 4 0 0 1 0 0 7 0 0 0 0 0 0 1 0 0 0 0 0 0 0 0 0 3 6 0 0 0 0 0 0 1 0.17872695569641062
1 0 4 0 0 0 0 0 1 0 0 1 0 0 0 0 0 0 2 0 11 0 0 0 0 0 0 0 7 8 0 0 1 0 0 12 0 0.8031724632062724
0 0 0 0 0 0 0 0 0 0 0 0 4 0 0 0 0 0 0 0 0 0 0 0 0 11 4 0 0 0 0 0 0 3 0 7 4 0.33799392004243045
0 0 8 0 11 0 0 2 0 3 0 0 0 0 0 0 0 0 0 0 0 0 0 0 0 0 0 0 2 0 0 0 7 0 0 0 1 0.3540144241936639
---
2 19.026243093922652 9.0 36 
0 0 0 0 0 0 0 12 0 0 0 4 0 0 0 0 0 0 0 0 11 0 0 0 0 0 12 0 0 0 0 7 0 0 0 0 0 0.6550364589347253
0 0 0 3 0 0 0 0 0 0 0 0 0 0 0 0 0 11 0 0 0 0 0 0 0 0 0 0 1 0 0 7 0 11 0 0 4 0.7608033616366924
0 0 0 0 0 0 0 0 0 0 0 8 0 6 0 0 0 0 0 0 0 0 0 0 1 0 0 0 0 0 0 0 0 0 0 1 1 0.9012413182720986
0 0 0 0 0 0 0 0 0 0 4 0 0 0 0 0 0 0 0 0 0 0 0 0 1 8 0 0 7 0 8 0 7 0 2 4 0 0.833659988429699
0 0 2 0 0 0 8 4 0 0 0 0 0 8 0 0 0 0 6 0 0 0 0 0 0 0 0 0 0 0 0 0 0 1 0 0 4 0.5915182037773199
7 0 0 0 1 0 0 0 0 0 0 0 0 0 0 0 0 0 0 0 3 0 0 0 0 0 0 0 0 0 0 4 0 1 0 5 1 0.9452610503502223
0 4 0 3 0 0 0 0 0 0 0 0 0 0 0 0 12 12 0 0 0 0 0 0 0 0 0 0 4 0 0 0 0 4 0 0 5 0.5453270733665556
0 0 0 0 0 0 0 11 0 0 1 0 0 0 0 0 0 12 0 0 0 0 0 0 0 0 0 0 4 0 0 11 0 4 0 0 5 0.6032103054020883
0 0 4 0 0 0 0 0 0 0 0 0 13 0 0 7 0 0 0 0 0 0 0 0 2 1 0 12 0 0 0 0 0 0 8 0 2 0.4074926489677093
---
3 16.453729281767956 12.0 36 
0 0 0 0 0 0 12 0 0 0 4 0 0 0 0 0 13 0 12 0 0 0 4 11 12 0 12 1 0 0 0 0 0 0 0 0 3 0.25807507997257684
0 0 0 0 0 0 0 0 0 3 5 0 0 0 8 0 0 0 0 0 0 0 0 0 0 0 0 0 0 0 0 0 0 0 0 0 1 0.9734807659635312
0 0 0 0 0 0 0 0 0 0 0 0 0 0 0 0 0 0 0 0 0 0 0 11 0 0 7 0 0 0 1 0 0 6 0 0 4 0.90066701136878
0 0 0 0 0 4 0 0 2 12 0 0 0 0 7 0 12 0 0 0 4 0 1 11 1 0 7 0 0 0 1 0 0 0 0 0 5 0.7392549044848555
0 0 0 0 0 6 0 0 0 0 0 0 0 0 7 4 0 11 0 0 0 0 0 11 0 0 0 2 0 0 1 0 0 0 0 0 4 0.8454687303203383
1 0 0 12 0 0 2 4 1 0 0 12 0 4 0 0 0 0 0 4 0 2 2 12 0 0 2 0 0 0 0 4 4 8 0 0 0 0.7244089850656412
12 0 0 0 0 0 0 0 0 0 0 11 5 0 0 0 0 12 0 0 0 0 0 0 0 0 0 0 0 0 0 0 0 0 0 0 5 0.03976586794532144
0 0 0 0 0 0 0 0 0 0 0 0 0 0 0 0 0 0 0 0 0 0 0 0 0 0 7 2 0 0 1 0 0 6 0 0 4 0.10138908507044331
1 0 0 12 0 0 2 4 1 0 0 12 0 10 0 0 0 0 0 4 0 2 2 12 0 0 2 0 0 0 0 4 4 8 0 0 1 0.9995129612799354
8 0 0 2 0 8 0 2 0 0 8 2 0 0 8 0 13 0 4 0 13 0 0 0 0 0 0 0 0 0 0 0 0 0 0 0 2 0.8114692124358421
0 0 0 0 0 0 0 0 0 0 0 0 0 0 8 0 0 0 0 0 0 0 0 0 0 0 0 0 0 7 0 0 0 6 0 0 1 0.8559840556311477
0 0 0 0 2 0 0 7 2 0 0 0 0 2 0 0 12 0 0 0 2 0 4 0 1 0 7 0 4 0 4 0 0 0 0 0 5 0.22711883603447636
---
4 18.491022099447513 12.0 36 
0 0 0 0 0 0 0 4 0 0 0 0 0 0 0 0 0 2 2 0 2 0 0 0 0 0 2 4 0 0 0 0 0 0 0 8 2 0.09502184820674564
0 0 0 0 1 2 0 0 0 0 0 0 0 0 0 2 0 2 0 0 4 0 0 12 0 0 2 4 0 0 0 0 7 0 0 0 0 0.8229116391518326
0 0 0 0 0 0 0 0 0 0 0 0 4 0 0 0 0 7 0 0 0 0 0 0 0 0 0 0 0 0 0 0 0 11 0 0 4 0.09544947231131684
0 0 0 0 0 0 0 0 4 7 0 0 0 0 0 11 0 0 0 0 0 0 0 0 2 0 1 0 4 4 0 0 7 7 0 0 5 0.6137504462867647
0 0 0 0 0 0 0 0 4 0 0 0 0 0 7 1 0 0 0 0 1 0 0 0 2 4 0 0 4 0 0 0 4 4 0 0 5 0.4298182669391626
2 11 0 0 0 11 0 0 0 0 0 0 0 0 0 0 0 0 0 0 0 0 0 0 0 0 0 0 0 0 0 0 0 0 0 0 4 0.1616323907455004
0 0 0 0 0 0 0 0 0 5 0 0 0 0 0 0 0 0 0 12 0 0 0 7 0 5 2 0 0 0 0 0 0 0 0 7 2 0.2982094111727559
0 0 0 12 0 0 0 0 0 8 0 0 0 0 0 0 3 0 0 0 11 0 0 0 0 0 0 0 0 0 0 0 0 0 0 0 0 0.9139574616990098
0 0 0 0 0 0 0 0 0 0 0 0 4 0 0 0 0 0 0 0 0 0 0 14 0 0 0 0 0 0 0 0 0 11 0 0 1 1.0
0 0 0 0 0 0 4 0 0 0 0 0 0 0 8 0 3 0 0 4 0 0 0 0 0 0 0 0 0 0 0 13 0 0 0 0 1 0.9032645661611911
0 0 0 0 0 0 0 0 4 5 0 0 0 0 0 0 0 0 2 0 2 0 0 0 4 0 0 0 0 0 0 8 0 0 0 8 0 0.26783073263437374
0 0 0 0 1 0 0 0 0 0 2 0 0 0 0 12 8 2 0 0 0 0 0 0 2 0 0 4 13 0 0 0 2 0 0 0 2 0.5954605091936538
---
5 15.107044198895029 14.0 36 
0 2 0 0 0 0 0 0 0 0 0 0 0 0 0 12 0 13 0 0 0 0 0 1 0 0 8 0 0 2 2 4 5 4 0 0 2 0.8596482248755315
1 0 0 0 0 0 0 1 0 0 0 1 0 0 0 11 12 0 0 11 0 12 0 0 0 0 0 0 0 7 1 0 0 0 0 1 5 0.6941391457561421
0 4 0 0 0 0 0 0 0 0 0 2 0 2 0 0 0 2 8 0 1 0 0 4 1 8 0 12 0 0 0 0 0 0 0 0 0 0.6760320870797031
0 11 0 0 7 0 0 0 0 0 0 4 0 11 0 0 0 0 0 0 4 0 7 0 0 0 0 4 0 0 0 0 0 0 0 0 4 0.4416642442612351
0 4 0 0 0 0 0 4 0 0 0 2 0 8 0 0 1 0 0 0 1 0 0 0 1 8 0 12 1 0 0 0 0 0 0 0 0 0.8389887767878238
0 0 0 0 0 0 0 0 0 0 0 0 0 0 0 2 0 0 0 0 0 1 2 0 0 0 0 0 0 10 2 0 0 0 0 0 1 0.9982902645893261
0 0 0 0 0 0 12 0 0 0 0 0 0 8 0 7 0 0 0 0 0 0 12 0 12 0 0 0 0 0 0 11 0 2 7 0 3 0.18559649005702195
0 0 0 0 0 0 0 0 0 0 0 5 0 0 4 0 0 0 0 0 0 3 0 0 0 0 0 0 0 0 0 0 0 0 0 0 1 0.9854703737308802
0 0 12 0 0 0 0 0 0 0 1 0 4 0 7 0 0 12 0 0 8 0 0 0 0 0 0 0 0 0 0 0 0 0 0 0 5 0.06923194978407365
6 4 12 0 0 0 0 0 0 0 0 0 0 0 0 0 0 0 0 0 7 0 0 0 0 2 0 0 0 0 0 0 0 0 0 0 0 0.5706805436622566
0 1 0 0 0 0 0 7 0 4 0 0 4 4 0 1 2 12 0 1 0 0 0 7 0 0 0 7 0 2 0 0 0 0 0 0 5 0.2895652692822135
0 1 0 0 0 0 0 1 0 0 0 0 0 0 3 0 0 0 0 11 0 0 0 0 0 0 0 0 0 0 4 0 0 13 0 0 5 0.3951398977278877
0 0 0 0 0 0 0 0 0 0 0 0 0 0 2 2 0 0 4 0 0 3 2 0 0 0 0 0 0 0 2 0 0 0 0 0 1 0.8938279071812979
0 1 0 0 0 0 0 7 0 4 0 0 14 0 0 0 2 0 0 1 0 0 0 0 0 0 0 7 0 0 4 0 0 0 0 0 2 0.9121385193525389
---
6 18.162983425414364 10.0 36 
0 0 4 2 0 2 2 0 0 0 4 0 0 0 4 0 5 2 0 0 0 0 0 4 0 0 0 7 0 0 4 12 0 2 0 0 2 0.7035610548622735
0 8 0 0 7 4 0 12 0 8 0 4 0 0 0 0 0 0 0 0 0 0 0 0 0 0 2 12 7 0 0 12 0 0 0 0 0 0.810552298932574
0 4 0 0 0 0 0 3 0 0 0 0 0 0 0 11 0 0 0 11 4 0 0 11 7 0 0 1 0 0 0 0 7 0 0 0 5 0.8181947497025799
0 4 0 0 0 0 0 3 0 0 0 0 0 0 0 0 0 0 0 11 4 7 0 11 0 0 0 1 0 0 0 0 7 0 0 0 5 0.7376920394505037
0 0 0 0 0 0 0 0 0 0 0 0 1 6 0 2 0 0 0 0 0 0 0 0 0 0 0 0 0 0 0 0 0 0 0 0 1 0.8609883780620655
0 0 0 0 0 0 0 0 0 0 0 0 0 0 0 0 0 0 0 0 0 0 0 7 0 11 0 12 0 0 0 0 0 0 0 0 4 0.5957063123263981
0 0 0 0 0 6 0 0 0 0 0 0 0 1 0 0 0 0 0 0 0 0 0 0 0 0 0 0 0 0 0 2 0 0 0 0 1 0.8616803214758726
0 0 0 0 0 0 0 0 1 0 0 0 0 0 0 0 0 0 0 0 0 11 0 7 0 0 0 0 0 0 0 0 0 0 0 0 4 0.21673820034722135
0 0 0 0 0 0 0 0 0 0 11 0 0 8 12 0 0 0 0 0 0 13 0 0 0 0 4 0 0 0 0 0 0 0 0 0 3 0.4231514042308828
0 12 0 0 0 0 0 0 0 0 0 0 0 0 0 0 3 0 0 0 0 0 0 0 0 0 0 7 6 0 0 0 0 0 0 0 0 0.6217454896728329
