---
0 18.494215161457433 14.0 36 
0 1 0 0 0 0 0 0 0 3 0 0 0 0 0 0 0 0 0 4 0 0 0 0 0 0 0 0 1 0 0 0 1 0 0 0 1 0.4838260711207153
0 0 0 0 0 0 0 0 0 8 4 0 0 0 0 0 0 0 0 0 0 0 0 0 0 0 0 0 0 3 0 0 0 0 13 8 1 0.7662116759847479
0 0 8 0 0 0 0 0 0 0 0 0 0 5 0 0 9 0 0 0 0 0 0 0 0 0 0 0 0 0 1 0 0 0 0 0 2 0.9515789338158662
0 0 0 0 11 11 0 0 0 0 0 0 0 0 0 0 1 11 0 0 7 0 0 0 0 0 0 0 0 0 0 0 0 0 0 7 4 0.7204717166787973
0 5 0 0 0 0 0 0 0 0 0 0 4 0 0 0 0 0 0 0 0 0 0 0 7 0 0 0 0 0 0 0 0 0 6 0 4 0.5272910260918804
0 0 0 0 4 0 0 0 0 0 2 4 0 7 1 11 0 0 0 0 0 0 0 0 0 0 0 0 0 0 0 0 0 0 0 0 5 0.3013268114185541
0 0 0 0 11 11 0 0 0 0 0 0 0 0 0 0 0 7 0 0 4 0 0 0 0 0 0 0 0 0 0 0 0 0 0 0 4 0.3104147424054866
0 0 4 0 0 0 0 7 0 0 0 0 0 0 4 0 8 13 0 0 0 0 0 0 0 0 12 0 0 0 0 0 0 0 0 11 3 0.12647873659368236
0 0 4 0 0 0 0 0 0 0 0 12 1 0 0 7 0 0 2 0 0 0 0 4 0 2 4 0 7 0 0 0 0 0 0 0 0 0.48210345172550273
0 0 0 0 0 6 0 0 0 0 0 0 0 1 0 0 0 0 0 0 0 1 0 0 0 0 0 0 0 0 0 0 0 0 0 0 1 0.7308272414163545
0 0 0 0 0 0 0 0 0 0 0 0 0 0 0 0 0 0 0 7 0 0 3 0 0 0 0 0 0 0 0 0 0 7 0 0 5 0.1398439524729791
0 0 0 0 0 0 8 4 0 13 4 0 0 0 0 0 13 0 0 0 5 0 0 0 0 0 13 4 0 4 4 0 0 0 0 0 2 0.8659105598218368
0 0 0 0 0 0 0 0 0 0 0 11 0 11 0 0 1 11 0 0 0 0 0 0 0 7 0 0 0 0 0 0 0 0 0 0 4 0.5863407500523743
0 0 1 0 0 0 0 0 7 0 11 0 0 0 0 11 0 4 0 0 4 0 1 0 0 0 0 0 0 0 0 0 0 0 0 0 5 0.5394282896192875
---
1 15.316871006734589 22.0 36 
0 0 0 0 0 11 0 0 0 0 0 0 0 0 7 0 0 7 0 0 0 0 0 0 0 0 0 0 0 0 0 0 3 0 0 0 4 0.29196069552070847
0 0 0 0 0 0 0 2 7 0 0 0 0 2 0 2 0 0 0 12 0 0 0 1 0 0 0 2 0 5 0 0 0 0 0 0 0 0.8085276005079607
0 0 0 0 0 0 0 0 0 8 0 0 0 0 4 0 0 2 0 4 0 13 8 4 0 5 0 0 5 13 0 0 4 8 0 0 2 0.7194607883887467
0 0 0 0 0 0 0 2 4 0 0 8 1 0 0 0 0 8 0 0 0 0 0 0 1 0 0 4 0 0 4 0 0 4 0 0 0 0.512425092005925
0 0 12 7 0 0 0 0 0 0 11 0 0 0 0 0 0 13 4 0 0 0 0 0 0 0 0 0 8 0 12 0 0 0 0 0 3 0.38806193529649546
0 0 0 0 4 4 0 7 4 0 0 4 0 0 0 0 0 4 0 0 0 0 1 0 0 4 7 0 4 0 0 11 2 0 0 0 5 0.4524621414580312
0 0 2 0 0 10 0 0 0 0 0 0 0 0 0 0 7 0 0 0 0 0 0 0 0 0 0 0 0 0 0 0 0 2 0 0 1 0.5894797361644932
0 0 0 0 0 0 0 0 0 0 0 0 0 11 0 0 0 0 0 0 0 0 0 0 0 7 0 0 0 0 0 7 0 0 12 0 4 0.1746992418392037
0 0 0 0 0 0 0 0 0 0 0 0 0 0 0 0 7 0 0 0 0 0 0 0 0 0 0 0 7 10 8 0 0 0 0 0 1 0.8802747231024299
0 0 0 0 0 11 0 0 0 0 0 0 0 0 7 0 0 0 0 0 0 0 0 0 0 0 0 0 0 11 0 0 3 0 0 0 4 0.6216072918249029
0 0 1 0 4 4 0 11 0 0 0 0 0 0 0 0 0 4 0 0 0 0 1 0 0 4 0 0 0 0 0 4 8 0 0 0 5 0.2956738276164066
0 0 13 7 13 0 4 0 0 4 0 0 9 0 0 0 0 0 0 12 0 0 0 0 0 0 8 0 0 0 0 0 0 0 0 0 2 0.7967595627256734
0 0 0 0 0 11 0 0 0 0 0 0 0 3 7 0 0 7 0 0 0 0 0 0 0 0 0 0 0 0 0 0 0 0 0 0 4 0.3067493126716683
0 0 7 0 0 0 0 0 0 0 0 0 0 0 0 0 0 0 0 0 1 0 0 0 0 0 0 0 0 12 0 0 6 0 0 0 0 0.62337266647877
0 0 0 0 4 4 0 7 0 0 0 0 0 0 11 0 0 4 0 0 0 0 1 0 0 4 0 0 0 0 7 11 8 0 4 0 5 0.5898787677724202
0 0 0 0 0 0 0 0 0 8 0 0 0 0 4 0 0 8 0 0 0 8 0 12 0 5 0 0 5 0 4 4 8 8 0 12 2 0.6448199621334703
0 0 0 0 0 0 0 0 0 0 0 0 0 0 0 4 0 0 0 0 0 0 0 0 0 0 0 9 0 0 2 0 0 0 0 0 1 1.0
0 8 0 0 7 0 0 7 7 0 0 8 7 12 0 0 0 8 0 0 0 0 0 0 0 0 0 7 0 0 0 0 0 0 0 0 0 0.9106194018111683
0 0 13 0 13 0 0 0 4 0 0 0 0 0 0 0 0 0 12 0 0 0 0 0 12 0 12 0 2 0 0 0 0 0 0 0 2 0.1527458573395064
0 0 0 0 0 0 0 7 0 0 0 0 0 0 0 0 0 0 0 0 0 0 1 0 0 0 0 0 0 0 0 0 8 0 11 6 5 0.732419310935351
0 0 0 0 0 3 4 0 0 0 0 13 0 0 0 0 0 0 0 0 0 0 0 0 8 0 0 0 0 0 0 1 0 0 12 0 1 1.0
0 0 1 0 0 7 0 0 0 0 0 0 4 0 0 0 0 0 0 0 4 0 0 0 0 1 3 0 0 0 0 0 0 0 0 0 5 0.5011506892381303
---
2 16.283888792954585 10.0 36 
0 0 0 0 0 0 0 0 0 7 7 0 0 0 12 0 0 11 0 7 4 7 0 4 0 0 0 0 0 0 0 0 0 0 0 0 4 0.2890356337385189
0 0 0 0 0 11 0 7 0 0 0 0 11 11 0 0 4 0 0 0 0 0 0 0 11 0 0 0 0 0 0 0 0 0 4 0 4 0.589177396376501
0 0 0 2 0 0 0 0 0 0 13 0 8 0 0 7 2 13 2 0 5 0 8 0 13 0 0 0 13 0 0 0 2 0 0 0 2 0.9595284241915436
0 0 0 0 0 0 0 1 4 0 0 0 0 1 0 11 0 0 0 11 0 0 0 11 0 4 0 11 0 0 0 0 4 4 0 0 5 0.6247543761974562
2 0 12 1 0 0 0 0 0 0 0 0 0 13 0 0 0 0 0 2 0 0 1 0 0 0 0 0 0 0 0 7 0 0 0 0 2 0.07221952979918789
0 1 0 0 0 0 0 0 0 0 0 0 0 0 1 0 0 0 0 0 0 11 0 0 7 0 1 0 11 0 0 0 0 0 0 0 4 0.47606320848481753
0 0 0 0 0 0 0 2 0 4 0 0 0 0 0 0 0 0 0 0 0 0 0 0 0 0 0 0 0 0 0 0 0 3 0 5 1 0.9166988950376275
1 0 0 0 0 6 0 2 0 0 0 0 0 0 0 0 0 0 0 0 0 0 0 2 0 0 0 0 0 0 0 0 0 0 0 1 1 0.8808708232853419
1 0 0 0 0 0 0 0 0 1 0 0 0 0 0 0 0 0 8 0 0 0 0 4 0 0 0 0 7 0 0 0 0 0 0 0 0 0.030689329614541627
0 0 0 0 11 0 0 0 0 12 0 0 3 0 1 0 0 0 0 0 0 0 0 0 1 0 0 0 0 0 0 0 0 0 0 0 0 0.2634550230881605
---
3 17.59627007425315 11.0 36 
0 0 0 0 0 0 0 0 0 0 0 0 0 3 0 8 0 0 2 1 0 0 4 2 0 0 0 0 0 0 0 0 0 0 0 0 1 0.8781203213560874
0 8 2 12 13 0 2 0 0 0 0 0 0 12 13 0 0 9 1 0 0 0 0 0 4 4 0 0 0 0 0 0 0 5 0 0 2 0.8853180275604173
0 0 0 0 0 0 0 0 0 0 8 0 0 12 0 0 0 0 0 0 0 11 0 0 0 0 0 4 0 8 0 0 0 7 0 0 1 0.13054366103502346
0 0 0 4 0 0 0 0 0 0 0 7 9 0 0 0 0 0 0 0 0 0 0 0 0 0 0 0 2 0 5 0 0 0 0 0 2 0.9510943940259124
0 0 0 0 0 0 0 0 0 0 0 0 0 1 0 0 0 0 0 0 1 0 0 0 0 0 4 0 0 0 7 0 0 11 0 1 4 0.2658433935800564
0 0 0 1 0 0 0 0 4 0 0 4 0 0 4 11 0 7 1 0 0 0 0 0 0 4 1 1 0 0 0 0 4 4 0 0 5 0.59481062927443
0 0 0 1 0 12 0 11 12 0 0 0 0 13 0 11 0 8 0 0 0 0 0 7 0 0 4 0 0 0 0 0 0 0 0 0 3 0.25271251560617736
0 0 0 0 2 0 0 0 0 0 0 0 0 0 13 1 0 9 13 0 0 0 0 0 4 8 0 8 0 0 0 0 4 0 0 0 0 0.2954611748654483
0 8 0 12 2 0 0 0 0 0 0 0 5 0 13 0 0 0 13 0 0 0 0 0 13 8 0 0 0 0 0 0 0 0 0 0 2 0.914688693410281
4 0 0 1 0 0 0 4 12 0 0 0 0 0 11 11 0 0 11 0 0 0 0 0 0 0 4 11 0 0 7 0 0 4 0 1 5 0.8917415208246255
0 0 1 0 0 0 0 0 0 0 0 12 0 0 0 0 0 2 0 0 3 0 0 0 0 0 0 0 11 0 0 0 0 0 0 7 0 0.8038486976339114
---
4 17.02642030737351 16.0 36 
0 0 1 0 0 0 0 0 0 0 0 0 0 0 0 0 5 13 0 0 0 0 0 4 0 0 0 0 2 4 0 0 2 0 0 0 2 0.6166666191397701
11 0 0 0 0 0 0 0 0 0 0 0 0 0 0 0 0 3 0 0 0 0 0 0 0 0 7 0 0 0 0 0 0 11 0 0 4 0.5910956969528076
0 0 0 0 0 0 0 4 0 10 1 0 0 0 0 0 0 0 0 0 0 0 0 0 0 0 0 0 0 0 0 0 0 0 0 0 1 0.7797654121048114
0 0 0 12 0 0 0 0 0 0 1 0 1 0 0 0 1 0 0 0 0 0 0 0 0 0 0 0 0 0 0 7 0 0 0 0 0 0.12858006800363087
7 0 0 0 0 0 0 0 7 0 0 0 0 0 0 12 0 9 5 0 0 0 0 0 0 0 0 0 0 0 0 0 0 0 0 0 0 0.9586018965321161
0 0 0 0 11 0 0 0 0 0 0 0 0 0 0 0 0 0 0 7 0 8 0 0 0 0 0 0 3 0 0 0 0 0 0 0 0 0.673406887694525
0 0 0 12 0 0 0 0 5 0 0 0 5 0 0 0 0 0 0 0 0 0 2 0 0 0 0 0 0 0 0 0 0 8 4 0 2 0.7005656593474436
4 0 0 0 0 0 0 0 0 0 0 0 0 12 0 0 12 0 0 0 4 0 0 7 4 4 7 0 0 4 0 11 0 0 1 0 5 0.6474075812752078
0 0 0 0 0 0 0 0 0 0 0 0 0 0 0 0 0 0 0 0 0 0 0 0 0 0 0 0 0 12 9 0 0 0 0 0 4 0.302043566135187
0 0 0 1 0 0 0 0 2 0 0 0 4 4 7 0 0 0 0 0 4 0 0 0 4 0 7 0 0 4 0 0 0 0 0 7 5 0.5641066329780684
0 0 0 0 0 0 0 0 0 0 0 0 0 0 0 0 1 0 0 0 0 0 0 0 0 0 12 0 0 0 1 7 6 12 0 0 0 0.9445016897324702
0 0 0 0 0 0 0 0 0 0 0 0 0 0 0 0 0 7 0 4 0 11 0 0 0 0 0 0 0 0 0 7 0 0 0 0 4 0.1861486419508438
0 3 0 0 1 0 0 4 0 0 1 0 0 0 0 8 0 0 0 0 0 0 0 0 0 0 0 0 0 1 0 0 0 0 0 0 1 0.8026877738932205
7 0 0 0 0 0 0 0 0 0 0 0 0 0 4 0 0 0 0 0 0 0 11 0 0 0 0 0 0 4 11 0 7 0 0 1 5 0.4585419023460755
0 0 0 0 0 0 0 0 0 10 0 0 0 0 0 0 0 0 0 0 0 0 5 2 0 0 0 0 0 0 0 0 0 0 0 0 1 0.9889312094214073
0 0 0 12 0 0 9 0 7 0 0 0 1 0 0 0 0 0 0 0 0 0 0 0 0 0 0 0 0 0 0 7 0 0 0 0 0 0.8815729845201092
---
5 16.00759799689173 26.0 36 
2 0 0 0 0 0 0 0 0 11 0 0 0 0 0 1 0 0 0 0 7 0 0 0 0 0 0 12 0 0 0 0 2 0 0 7 4 0.47738842732393694
0 0 0 0 8 0 0 8 0 0 0 0 0 0 8 0 8 4 0 0 0 0 0 0 0 0 0 12 9 0 0 0 0 0 0 4 2 0.8972009926042658
0 0 8 0 2 0 8 2 0 8 0 4 0 2 0 0 4 0 0 8 0 0 0 12 0 2 0 0 7 0 0 0 0 0 0 0 0 0.9180870486472844
0 0 0 0 0 0 7 0 0 0 0 0 0 0 0 0 0 3 0 0 0 4 0 0 0 0 0 0 0 0 0 0 0 0 0 1 4 0.032869618684517654
4 0 0 0 4 0 0 0 0 0 0 0 4 0 0 0 0 4 0 0 0 0 0 0 11 8 0 0 7 5 0 0 0 0 0 0 0 0.9376828314793313
0 0 1 0 8 0 0 0 0 0 0 0 0 0 8 0 0 4 0 0 13 13 0 0 0 0 0 12 9 0 0 0 0 0 0 0 2 0.8603270481083223
0 0 0 0 0 0 2 0 0 4 0 12 0 2 0 0 1 0 0 12 0 0 0 4 1 0 0 0 1 0 0 0 4 4 0 0 0 0.6336493647934974
5 0 4 0 8 0 2 0 0 4 13 0 0 0 0 0 0 0 0 7 0 0 0 0 0 0 0 0 0 0 0 0 2 0 0 0 2 0.7498409834868687
0 0 0 0 0 0 0 0 1 2 0 4 0 2 0 0 3 0 0 0 0 0 0 7 0 0 0 0 0 0 0 0 0 0 0 1 0 0.3350905472828991
0 0 8 0 13 0 0 0 0 0 0 0 0 0 4 0 0 0 0 0 0 0 0 0 5 0 0 0 0 0 0 3 0 0 0 0 2 0.32135805325713196
0 11 0 0 0 0 0 0 0 0 4 0 0 0 2 0 0 0 0 0 0 6 0 8 0 0 0 0 0 0 0 0 0 0 0 0 1 0.9196975923343289
0 4 0 0 4 0 0 11 7 7 0 0 0 0 4 0 8 0 0 0 0 0 4 11 0 0 0 0 0 0 0 3 0 0 0 0 5 0.691561630991642
0 0 0 0 0 0 1 0 0 0 0 0 0 0 0 1 0 0 0 12 0 0 0 0 0 0 0 0 0 0 0 0 0 11 0 0 4 0.22033221677743897
0 0 12 0 5 0 0 0 0 0 0 0 0 0 0 0 0 0 0 0 0 4 0 0 0 0 0 0 0 0 0 0 0 0 0 0 2 0.033309349549274
0 0 0 0 0 0 1 0 0 0 0 0 0 0 0 0 0 3 0 12 4 4 0 0 0 0 0 0 0 0 0 0 0 0 0 0 4 0.3234462985607871
0 0 4 0 0 0 0 0 0 10 0 0 0 0 0 0 0 0 0 0 0 4 0 0 0 8 11 0 0 4 0 0 0 0 0 0 3 0.11912173789740255
0 0 0 0 0 0 0 8 0 0 0 0 0 0 0 12 0 14 0 0 0 0 0 0 0 0 0 12 9 0 0 7 0 0 0 4 2 0.9735680332784331
0 12 0 0 0 0 0 3 0 0 0 0 0 12 11 0 12 0 0 7 12 0 0 0 0 0 0 0 0 0 0 3 0 0 0 4 5 0.8106506959201851
0 0 0 0 2 0 2 0 12 0 2 0 0 0 0 0 0 4 0 11 0 0 0 0 0 4 0 0 0 0 0 0 0 0 0 0 5 0.1923079611040417
0 0 0 7 0 6 0 0 0 10 0 0 0 0 2 0 0 0 0 0 0 6 0 8 0 0 0 0 0 0 0 0 0 0 0 0 1 0.9914245374526456
0 0 0 0 0 0 0 0 0 11 0 0 0 0 0 13 3 0 0 0 0 0 7 0 0 0 0 1 0 0 0 0 0 0 0 0 1 0.9430274385290967
4 0 0 0 0 0 0 1 12 12 0 0 0 12 11 0 12 0 11 1 0 4 0 11 0 0 0 0 0 0 0 7 0 0 0 0 5 0.9005861105559783
0 0 0 0 10 0 0 0 0 0 0 0 0 0 0 0 0 8 0 0 0 0 2 0 0 0 0 0 0 0 0 0 0 0 0 0 0 0.9779009526637823
0 0 0 11 0 0 0 0 0 0 0 12 13 0 0 0 0 0 0 0 0 12 0 0 0 0 12 0 0 0 0 0 0 0 0 0 3 0.2713750408855671
1 0 0 0 0 7 2 0 0 0 0 0 0 4 0 0 0 12 0 0 0 0 7 0 0 0 0 0 0 0 0 0 6 0 0 0 0 0.6040554829692212
0 0 0 0 2 0 2 0 12 0 2 0 0 0 0 0 0 4 0 11 0 0 0 0 0 6 0 0 0 0 0 0 0 0 0 0 4 0.6937276137994312
---
6 16.09393887066137 13.0 36 
0 0 0 12 0 0 0 0 0 0 0 0 4 2 0 0 7 0 0 0 0 0 8 4 0 2 1 12 0 2 0 12 0 0 0 0 0 0.8819565352296541
4 4 0 0 0 4 0 0 0 0 0 0 0 0 1 11 0 4 0 0 2 0 1 3 0 0 0 0 0 0 0 0 0 0 0 1 5 0.636855189998077
0 0 0 0 0 0 0 0 0 0 0 0 0 4 0 0 9 0 13 0 0 0 0 0 0 0 0 7 0 0 0 7 0 0 0 0 2 0.9161374259482447
0 0 0 12 0 0 0 0 0 0 0 0 0 0 0 0 0 0 0 8 0 0 0 0 0 0 0 0 13 1 2 0 13 0 0 0 2 0.8424972965611934
0 0 0 0 0 3 0 0 0 0 0 0 0 0 2 0 0 0 0 0 0 0 0 13 0 0 0 0 0 0 0 0 0 0 0 0 1 0.9943597620913298
1 0 0 0 0 0 0 0 0 0 0 0 0 0 1 0 6 4 0 0 0 0 7 0 0 0 0 0 0 0 0 0 0 0 0 0 0 0.33828603409040103
4 4 0 0 0 4 0 0 0 0 0 0 0 0 1 11 0 4 0 0 2 0 1 3 0 0 0 0 0 0 0 11 0 0 0 1 5 0.7029988456353695
0 0 0 0 0 11 4 0 0 0 7 0 0 0 0 0 0 3 0 0 0 0 0 0 0 0 0 0 0 0 0 0 0 0 0 0 4 0.433773521228774
8 0 0 0 0 12 0 0 0 12 0 7 0 0 7 0 13 0 0 0 0 0 0 0 0 0 0 0 0 0 0 0 0 0 0 0 3 0.16507215853762158
4 4 0 0 4 4 0 0 2 0 0 0 0 0 1 11 12 4 0 0 2 0 4 0 0 0 0 0 0 0 0 1 0 0 0 1 5 0.42858840936591314
0 0 0 0 0 0 4 0 0 0 7 0 0 0 0 0 0 3 0 0 0 0 0 0 0 0 0 4 0 0 0 0 0 0 0 7 4 0.25930463102169665
0 0 0 0 0 11 4 0 0 0 0 0 0 0 0 0 0 0 0 0 0 11 1 0 0 0 0 0 3 0 0 0 0 0 0 0 4 0.449933484273612
0 0 0 0 0 0 0 0 0 0 0 0 0 3 0 0 0 0 0 0 0 0 0 0 0 0 0 0 0 0 1 5 0 0 0 8 1 0.9977579241765073
