---
0 24.48627180107063 6.0 36 
0 0 0 0 0 0 7 0 0 2 0 0 0 0 7 0 0 0 0 0 0 0 0 0 0 0 12 0 0 4 12 0 0 0 8 0 3 0.13382993110047658
0 0 0 0 0 0 0 0 0 0 0 0 0 0 0 0 0 1 8 0 0 0 0 0 0 0 0 0 6 0 0 0 0 0 0 0 1 0.9699069350961096
0 8 0 0 2 4 4 12 0 0 4 0 0 0 0 8 0 0 0 0 8 0 8 0 0 0 8 0 0 0 0 1 13 0 0 0 2 0.861789728953794
0 0 0 0 0 0 0 0 0 0 0 0 0 0 0 0 0 7 0 11 0 0 3 0 0 0 0 11 0 12 0 0 0 12 7 0 5 0.7736625193367104
0 0 0 0 0 0 0 0 0 0 0 0 0 0 0 0 0 1 4 0 11 11 0 0 0 0 0 0 0 0 0 0 0 0 0 1 4 0.5772911935924738
0 0 0 0 7 0 0 0 0 0 0 4 0 0 0 0 0 0 0 0 0 0 0 4 7 0 0 2 0 0 2 4 0 13 8 4 0 0.9898630576229697
---
1 22.431359005353137 19.0 36 
0 13 0 0 0 4 0 0 0 0 2 4 0 13 0 0 0 2 0 0 0 0 2 0 0 8 0 4 0 5 8 4 7 0 0 12 0 0.9810460576372309
0 0 0 0 0 8 0 0 0 0 0 1 0 13 0 0 8 0 0 0 0 0 4 0 5 0 0 0 9 0 1 12 0 0 0 0 2 0.7969480353935492
0 0 0 7 0 0 0 0 0 0 0 7 0 0 0 0 0 11 0 0 0 0 0 0 0 0 0 0 0 0 0 0 0 0 0 0 4 0.40636472857757244
0 0 0 0 0 0 0 0 0 4 0 0 0 0 1 11 0 0 11 0 0 4 0 11 0 4 11 0 0 0 0 0 4 0 0 3 5 0.8498022767333286
0 12 4 0 0 2 0 0 11 8 0 0 0 0 0 0 0 0 0 0 11 0 0 0 0 0 0 0 0 0 0 0 0 0 0 0 0 0.7934970935280576
0 13 0 0 0 0 1 0 0 0 0 0 8 0 0 2 0 2 0 0 2 0 0 0 0 0 0 0 0 0 0 1 0 0 0 2 2 0.3464716445031728
0 0 0 0 0 0 0 0 0 0 5 0 0 1 0 0 0 0 0 0 0 11 0 0 0 0 0 0 0 0 0 0 0 0 0 0 1 0.9055338398055908
0 0 1 0 0 0 0 3 4 0 0 0 0 0 0 0 0 0 0 0 0 0 0 3 12 0 0 0 0 0 0 11 0 0 0 0 5 0.7319951198813611
11 0 0 13 0 0 0 0 0 0 0 0 0 0 0 0 0 0 0 0 0 0 0 0 0 0 13 0 6 0 0 0 0 0 0 0 1 0.9993124885698639
8 0 12 0 0 0 0 0 12 0 0 0 0 8 0 0 4 0 0 0 0 0 0 0 0 0 0 0 0 0 2 0 13 13 0 0 3 0.21594545526585063
0 0 7 0 0 0 0 0 7 0 0 0 8 0 0 0 0 0 0 0 0 0 1 0 0 0 0 0 0 0 0 0 0 0 11 0 5 0.6196363981327171
0 0 0 0 0 0 0 0 4 0 0 0 0 0 1 11 0 0 0 0 0 7 0 0 1 0 0 0 0 0 0 11 0 0 0 0 5 0.44645128293945024
0 0 0 0 0 0 0 0 4 0 0 0 0 0 1 11 0 0 0 0 0 7 0 0 12 0 0 0 0 8 0 11 0 0 0 0 5 0.6378989381292823
0 0 4 0 0 0 0 0 12 0 3 0 0 0 0 0 0 0 0 4 0 0 0 0 0 13 8 0 0 0 0 0 0 0 0 0 3 0.2763470327534552
7 0 0 0 0 0 0 0 0 0 0 8 0 0 11 0 0 0 0 0 12 0 0 0 0 0 0 0 0 0 0 0 0 12 0 0 3 0.46481502031728095
6 12 4 0 0 0 12 0 0 0 7 0 0 0 0 0 3 0 0 0 0 0 0 0 0 0 0 0 0 0 0 0 0 0 0 0 0 0.9576598501232725
0 13 0 0 0 0 1 0 0 0 0 0 0 0 0 2 0 2 0 0 2 0 0 0 0 0 0 0 0 0 4 1 0 0 0 2 2 0.17483935837163656
0 0 0 0 0 0 0 0 4 0 0 0 7 0 0 0 0 0 3 0 0 0 0 0 0 0 0 0 0 2 1 0 0 0 0 0 5 0.5174405672623512
0 11 0 0 0 0 0 0 1 0 0 0 0 0 0 0 0 0 0 0 0 0 0 0 0 0 0 0 0 0 0 2 0 0 4 7 4 0.2410500587777782
---
2 19.513037471939214 11.0 36 
0 8 0 0 0 0 0 11 2 0 0 0 0 0 0 11 1 0 0 11 0 0 7 11 4 0 0 0 0 0 0 0 0 4 0 0 5 0.82245577147667
0 0 4 0 1 0 0 8 0 0 0 0 0 0 0 0 0 0 0 0 0 3 0 0 0 0 0 1 0 1 0 0 0 0 0 0 1 0.8217018875413175
2 2 0 0 0 0 0 0 0 0 0 0 0 0 0 1 5 0 0 7 0 0 4 7 0 2 0 4 2 0 13 0 2 2 0 0 2 0.8560563711208153
7 0 0 0 1 0 0 7 0 0 4 0 0 0 0 0 0 0 0 0 0 1 0 0 0 0 0 0 0 11 0 0 0 0 0 0 4 0.4576213711971687
0 0 0 0 1 0 0 0 0 0 0 0 0 0 0 13 0 0 0 0 0 1 0 0 0 0 0 0 0 1 0 0 0 0 0 0 1 0.9820380548088126
0 0 0 0 0 0 13 0 7 2 0 0 0 0 0 0 12 0 0 0 8 0 0 12 0 0 0 0 4 2 0 0 0 5 0 0 0 0.9932343846971745
0 0 0 0 0 0 0 0 12 0 0 0 0 0 4 0 0 0 0 0 0 0 0 0 0 0 7 0 0 0 0 0 8 13 0 0 3 0.16853395971648366
0 0 0 0 0 0 0 0 1 0 0 4 0 0 0 0 0 0 0 0 0 0 0 12 0 0 0 0 0 0 0 0 3 0 0 0 0 0.5178381013205069
0 8 0 0 0 0 0 11 2 0 0 0 0 0 0 11 1 0 0 11 0 0 1 11 4 0 0 0 0 0 0 0 0 4 0 0 5 0.814006592408586
2 13 2 12 1 0 0 7 0 0 0 0 0 0 0 0 0 0 13 0 5 0 0 0 0 0 0 0 0 0 0 0 0 0 0 0 2 0.7999917689005716
0 4 0 6 0 0 0 11 2 0 0 0 0 0 0 0 0 0 0 0 2 0 0 0 0 0 0 0 0 0 0 0 0 4 0 0 5 0.8568140347282664
---
3 18.805042307028145 12.0 36 
0 10 0 0 0 0 0 0 0 0 0 0 0 0 0 13 0 0 0 0 0 0 0 1 0 0 0 0 0 0 0 0 0 0 4 1 1 0.9994628985536416
0 0 0 12 0 12 0 0 0 0 0 0 1 0 0 0 1 0 0 7 0 0 0 0 0 0 7 0 3 0 0 0 0 0 0 2 0 0.6939980638284573
0 0 0 0 0 0 0 0 0 0 0 0 0 0 0 0 7 0 0 0 0 7 13 0 0 0 0 4 0 0 0 0 7 0 0 1 4 0.3926862597426495
12 0 0 0 12 0 0 0 5 0 4 0 0 0 0 4 0 4 0 4 0 0 0 0 0 0 7 0 0 0 0 0 0 0 0 0 5 0.17093680444495973
0 0 12 0 0 0 12 7 0 0 0 0 0 0 0 0 0 0 0 0 8 0 0 0 8 13 11 0 0 0 0 0 0 0 7 0 3 0.6261749847474447
0 0 0 0 0 7 0 0 7 3 0 0 7 11 0 0 0 0 0 0 0 0 0 0 0 0 0 0 0 0 12 0 0 0 0 0 4 0.599456177723417
0 0 0 0 7 11 0 0 0 0 0 0 2 0 0 12 0 3 0 0 0 0 0 3 0 0 0 0 0 0 0 7 0 0 0 0 4 0.5088211518104881
0 8 0 0 0 0 2 0 0 0 0 0 7 0 0 12 0 4 0 0 7 0 0 12 0 8 0 0 0 0 2 12 0 0 0 0 0 0.6422424725714855
0 0 0 2 0 0 0 0 0 0 0 0 0 0 12 4 0 0 0 0 0 0 0 0 0 0 0 0 0 0 0 0 0 10 4 0 1 0.9946278636627779
12 0 11 0 0 7 0 0 0 0 0 11 12 0 0 0 0 0 3 4 0 0 0 0 0 0 0 11 0 0 0 0 2 0 0 0 5 0.8375099167891464
0 1 1 0 0 0 0 2 0 0 0 2 8 0 0 7 0 13 8 0 0 2 0 0 0 2 0 0 2 0 0 0 0 2 0 0 2 0.5644076551913443
0 0 0 0 0 0 0 0 0 0 0 0 1 0 0 0 1 0 0 0 0 0 0 0 0 0 0 9 0 0 0 0 0 0 12 2 1 1.0
---
4 18.89138318079779 8.0 36 
13 0 0 0 0 0 0 0 0 0 0 0 2 2 0 0 0 0 0 0 0 8 0 12 0 0 0 0 13 2 4 0 0 0 0 0 2 0.7933161125523369
0 0 3 0 0 3 0 0 0 11 7 4 0 0 0 0 0 0 0 0 0 0 0 0 0 0 0 0 0 0 0 0 0 0 0 0 4 0.5134802516270308
0 0 0 0 0 0 0 0 0 0 0 0 0 4 0 0 0 2 0 11 12 0 0 11 0 0 0 0 0 4 0 7 0 0 0 0 5 0.4161641632840639
0 0 0 0 0 0 0 2 0 10 0 0 0 1 0 0 0 2 0 0 0 0 0 0 0 0 0 0 0 0 0 0 0 0 0 0 1 0.856901076162072
0 0 0 0 0 0 0 0 0 0 0 0 0 1 0 0 0 0 13 0 0 0 0 0 0 3 0 0 0 0 0 0 0 0 0 0 1 0.9858358667776287
0 0 0 0 0 0 0 0 0 0 0 0 0 0 11 0 0 0 0 0 0 0 0 8 0 2 0 0 0 0 0 0 13 0 0 0 5 0.5796234153789088
0 0 0 0 0 0 0 0 0 0 0 0 0 4 0 0 0 2 0 11 12 0 0 0 0 0 0 0 0 4 0 0 0 0 0 13 3 0.7389274431069145
0 0 0 0 0 0 0 0 0 0 0 0 0 0 0 0 0 0 0 12 1 0 0 0 0 0 0 4 0 0 0 0 0 8 0 0 0 0.08234812048261508
---
5 16.611984113279227 15.0 36 
0 0 0 7 2 0 0 0 8 0 0 0 0 0 0 0 0 5 8 2 0 0 8 0 0 1 0 0 0 2 2 4 0 2 2 0 2 0.608517410690134
0 0 0 0 0 12 0 11 7 0 0 0 0 0 11 0 7 4 0 0 0 0 0 0 0 4 0 11 0 0 11 3 0 0 11 11 5 0.95155634466323
0 0 0 0 1 0 0 0 4 2 0 4 0 0 2 0 0 2 2 0 7 0 0 0 0 0 0 0 7 0 0 12 2 0 2 0 0 0.8523623265745535
0 0 0 0 0 2 0 4 0 0 0 0 3 0 0 0 3 0 0 0 0 12 0 0 0 0 0 0 0 4 0 0 3 0 0 0 0 0.8427591789438443
0 0 0 0 0 0 0 0 0 10 0 0 0 0 0 0 0 0 8 0 0 0 0 0 0 0 0 0 0 0 0 0 0 0 0 0 1 0.9889177091916999
2 0 7 0 0 0 0 0 0 0 0 0 4 0 0 0 0 13 0 11 12 2 0 0 0 0 0 0 0 0 4 0 0 0 0 0 3 0.1900238811712205
0 0 0 0 0 0 0 0 11 7 0 0 0 0 0 0 0 3 0 0 0 0 0 0 0 0 1 0 0 0 0 0 0 0 0 11 4 0.3120422500411828
2 0 7 0 0 2 0 0 0 0 0 7 4 4 0 0 0 4 0 11 12 2 0 0 0 0 0 3 0 2 0 0 0 0 0 0 5 0.4821749789505132
12 0 0 0 0 0 0 0 12 4 0 0 0 0 0 0 0 12 0 0 0 0 0 0 0 0 6 0 0 12 0 0 0 0 0 0 5 0.8896374878898392
0 0 0 0 0 0 0 0 0 0 0 0 0 4 0 0 0 1 0 0 0 0 0 0 0 11 0 0 0 0 0 0 11 0 0 0 4 0.06599463348936041
0 12 0 0 1 0 0 8 12 0 0 0 2 0 0 0 0 0 0 0 0 0 0 0 0 0 0 0 0 0 0 4 0 11 0 0 4 0.6575628348601265
7 0 2 0 0 0 0 0 0 0 0 0 0 6 0 0 7 0 0 7 1 0 0 0 0 0 0 3 0 0 0 0 0 0 0 0 4 0.6849172159243062
0 0 0 8 0 0 0 0 0 0 0 0 7 0 0 0 12 0 1 0 13 0 0 0 0 8 0 0 0 0 13 0 0 4 0 0 4 0.4260677126375776
0 0 1 3 0 0 0 0 0 0 0 0 0 4 0 0 0 0 1 0 0 0 0 0 0 0 0 0 0 0 0 0 0 14 0 0 2 0.3415831704300736
0 4 0 0 0 0 0 0 0 0 3 10 0 0 0 0 13 0 0 0 0 0 0 0 0 0 0 0 0 0 0 0 0 0 0 0 2 1.0
---
6 14.280780521498878 20.0 36 
0 0 2 0 2 0 1 0 0 0 13 0 0 0 1 0 8 13 4 0 0 8 0 0 0 0 0 0 8 13 0 0 0 13 4 0 2 0.7112270520858166
0 0 0 0 12 0 12 0 0 0 7 0 4 0 0 7 0 13 0 0 0 0 0 0 0 0 4 11 4 0 0 0 0 0 0 0 3 0.32279906593649743
0 0 0 0 0 0 0 0 0 0 0 0 0 0 0 0 0 0 0 0 4 6 0 0 0 0 0 0 0 0 0 12 0 0 0 2 1 0.6223563587209876
0 0 0 0 0 0 0 0 0 0 0 4 0 0 0 0 0 0 0 0 0 0 0 0 0 6 0 0 0 0 2 8 0 0 0 1 1 0.755149151026175
0 0 0 0 0 0 11 0 0 0 0 3 0 7 0 0 0 0 11 0 0 12 0 0 0 0 4 0 0 4 0 0 0 0 0 0 5 0.7089363323105102
1 0 0 4 0 2 0 0 0 0 0 0 0 2 0 0 1 0 4 0 0 0 0 12 7 0 2 0 0 0 0 2 0 0 0 12 0 0.7728891188256239
0 0 0 0 0 0 0 0 0 0 0 0 0 6 0 0 0 0 0 0 0 0 0 0 0 0 8 0 0 0 0 9 0 0 0 0 1 0.9880286429626
0 0 0 0 0 4 0 0 0 0 0 3 0 0 0 0 0 4 0 0 12 7 0 0 0 0 0 0 0 0 1 0 0 4 11 0 5 0.7266893061178141
0 0 0 0 12 0 3 0 0 0 0 0 0 0 0 0 8 0 0 0 8 0 0 0 0 0 0 1 1 0 0 0 0 0 0 0 5 0.3553840675028238
0 0 0 0 0 4 0 1 0 0 0 0 12 12 0 1 0 0 0 11 0 0 0 4 0 0 1 0 0 1 0 0 0 0 0 4 5 0.3592983055513841
1 0 0 4 0 2 0 0 0 0 0 0 0 2 0 0 1 0 4 7 0 0 0 12 7 0 0 0 0 0 0 0 0 0 0 12 0 0.6647981187754132
0 0 0 13 11 0 0 0 0 0 0 0 0 0 0 0 0 0 0 0 0 0 0 0 0 0 0 0 0 0 0 0 0 0 0 11 1 0.25761560584273036
0 0 0 0 0 0 0 0 0 0 0 0 10 6 0 0 0 0 0 0 0 0 0 0 0 0 8 0 0 0 0 8 0 0 0 0 1 0.9651985452809684
0 4 11 1 0 0 0 0 0 0 0 0 12 12 0 0 0 0 0 0 0 0 0 0 0 0 1 0 0 1 0 0 0 0 0 4 5 0.6338791981720728
0 0 2 0 2 0 1 0 0 0 0 0 0 0 1 0 8 13 4 0 0 8 0 0 0 0 0 0 8 13 0 0 0 13 4 0 2 0.5469186465264053
1 4 0 0 0 0 0 0 6 0 0 0 0 0 0 0 0 0 0 7 0 0 0 7 0 0 0 0 0 0 0 0 0 0 0 1 0 0.45657183225788645
0 0 0 0 0 0 0 0 0 0 0 0 0 7 0 0 0 3 0 0 0 0 0 0 0 0 0 0 0 0 0 0 0 0 0 12 4 0.13202347170802575
0 11 0 0 0 0 0 0 0 0 4 0 0 11 0 0 0 0 0 0 0 0 0 0 0 0 0 0 0 0 0 0 0 0 0 0 4 0.19712904465555947
0 0 12 0 0 0 0 10 0 0 0 0 0 0 0 0 0 0 0 0 0 0 10 0 0 0 0 0 0 0 0 0 0 0 1 0 4 0.7485099298765057
1 2 0 4 0 2 0 0 0 0 0 0 0 2 0 0 1 0 4 0 2 4 0 7 0 0 2 0 7 0 0 2 0 0 0 12 0 0.6442081265785706
