0 0 76.17403314917127 76.20528771384136 1 7
1 0 12.465469613259668 13.21928460342146 10 86
2 0 52.96961325966851 53.03265940902022 2 28
3 0 52.96961325966851 53.03265940902022 2 28
4 0 33.062845303867405 32.8149300155521 3 43
5 0 33.062845303867405 32.8149300155521 3 43
6 0 23.394337016574585 23.79471228615863 4 46
7 0 16.108425414364643 15.552099533437014 6 59
8 0 13.138812154696133 13.841368584758943 9 80
9 0 23.394337016574585 23.79471228615863 4 46
10 0 17.714088397790057 17.573872472783826 5 51
11 0 17.714088397790057 17.573872472783826 5 51
12 0 15.26243093922652 16.018662519440124 8 74
13 0 15.555939226519335 15.707620528771384 7 73
14 0 15.26243093922652 16.018662519440124 8 74
15 0 15.935773480662984 15.552099533437014 7 72
16 0 76.17403314917127 76.20528771384136 1 7
17 0 12.465469613259668 13.21928460342146 10 86
18 0 52.96961325966851 53.03265940902022 2 28
19 0 33.14917127071823 32.8149300155521 3 43
20 0 23.394337016574585 23.79471228615863 4 46
21 0 17.714088397790057 17.573872472783826 5 51
22 0 15.26243093922652 16.018662519440124 8 74
23 0 15.555939226519335 15.707620528771384 7 73
24 0 76.17403314917127 76.20528771384136 1 7
25 0 12.465469613259668 13.21928460342146 10 86
26 0 52.96961325966851 53.03265940902022 2 28
27 0 33.062845303867405 32.8149300155521 3 43
28 0 23.394337016574585 23.79471228615863 4 46
29 0 17.714088397790057 17.573872472783826 5 51
30 0 15.26243093922652 16.018662519440124 8 74
31 0 15.935773480662984 15.552099533437014 7 72
32 0 76.17403314917127 76.20528771384136 1 7
33 0 12.465469613259668 13.21928460342146 10 86
34 0 52.96961325966851 53.03265940902022 2 28
35 0 33.14917127071823 32.8149300155521 3 43
36 0 23.394337016574585 23.79471228615863 4 46
37 0 17.627762430939224 17.573872472783826 5 51
38 0 15.26243093922652 16.018662519440124 8 74
39 0 15.935773480662984 15.552099533437014 7 72
40 0 76.17403314917127 76.20528771384136 1 7
41 0 12.465469613259668 13.21928460342146 10 86
42 0 52.96961325966851 53.03265940902022 2 28
43 0 23.394337016574585 23.79471228615863 4 47
44 0 17.627762430939224 17.573872472783826 5 51
45 0 15.26243093922652 16.018662519440124 8 74
46 0 15.555939226519335 15.707620528771384 7 73
47 0 76.17403314917127 76.20528771384136 1 8
48 0 12.465469613259668 13.21928460342146 10 86
49 0 52.96961325966851 53.03265940902022 2 28
50 0 17.714088397790057 17.573872472783826 5 51
51 0 15.26243093922652 16.018662519440124 8 74
52 0 76.17403314917127 76.20528771384136 1 7
53 0 12.465469613259668 13.21928460342146 10 86
54 0 52.96961325966851 53.03265940902022 2 28
55 0 17.714088397790057 17.573872472783826 5 51
56 0 15.26243093922652 16.018662519440124 8 74
57 0 76.17403314917127 76.20528771384136 1 7
58 0 12.465469613259668 13.21928460342146 10 86
59 0 52.96961325966851 53.03265940902022 2 28
60 0 76.17403314917127 76.20528771384136 1 4
61 0 12.465469613259668 13.21928460342146 10 85
62 0 52.90055248618785 52.87713841368584 2 29
63 0 52.90055248618785 52.87713841368584 2 29
64 0 33.235497237569064 32.8149300155521 3 45
65 0 33.25276243093923 32.8149300155521 3 45
66 0 23.566988950276244 23.79471228615863 4 48
67 0 15.65953038674033 16.329704510108865 6 60
68 0 15.26243093922652 16.018662519440124 8 74
69 0 23.584254143646408 23.79471228615863 4 48
70 0 17.834944751381215 17.573872472783826 5 52
71 0 17.834944751381215 17.573872472783826 5 52
72 0 13.017955801104971 13.530326594090203 9 78
73 0 15.65953038674033 16.329704510108865 6 60
74 0 15.26243093922652 16.018662519440124 8 74
75 0 13.017955801104971 13.530326594090203 9 78
76 0 76.17403314917127 76.20528771384136 1 6
77 0 12.465469613259668 13.21928460342146 10 85
78 0 52.90055248618785 52.87713841368584 2 29
79 0 33.235497237569064 32.8149300155521 3 45
80 0 23.566988950276244 23.79471228615863 4 48
81 0 17.834944751381215 17.573872472783826 5 52
82 0 15.65953038674033 16.329704510108865 6 60
83 0 15.26243093922652 16.018662519440124 8 74
84 0 13.017955801104971 13.530326594090203 9 78
85 0 76.17403314917127 76.20528771384136 1 6
86 0 12.465469613259668 13.21928460342146 10 85
87 0 52.90055248618785 52.87713841368584 2 29
88 0 33.235497237569064 32.8149300155521 3 45
89 0 23.584254143646408 23.79471228615863 4 48
90 0 17.834944751381215 17.573872472783826 5 52
91 0 15.65953038674033 16.329704510108865 6 60
92 0 15.26243093922652 16.018662519440124 8 74
93 0 13.017955801104971 13.530326594090203 9 78
94 0 76.17403314917127 76.20528771384136 1 4
95 0 12.465469613259668 13.21928460342146 10 85
96 0 52.90055248618785 52.87713841368584 2 29
97 0 33.235497237569064 32.8149300155521 3 45
98 0 23.584254143646408 23.79471228615863 4 48
99 0 17.834944751381215 17.573872472783826 5 52
100 0 15.65953038674033 16.329704510108865 6 60
101 0 15.26243093922652 16.018662519440124 8 74
102 0 13.017955801104971 13.530326594090203 9 78
103 0 76.17403314917127 76.20528771384136 1 5
104 0 12.465469613259668 13.21928460342146 10 85
105 0 52.90055248618785 52.87713841368584 2 29
106 0 33.235497237569064 32.8149300155521 3 45
107 0 23.566988950276244 23.79471228615863 4 48
108 0 17.834944751381215 17.573872472783826 5 52
109 0 15.26243093922652 16.018662519440124 8 74
110 0 13.173342541436464 13.996889580093313 9 78
111 0 76.17403314917127 76.20528771384136 1 6
112 0 12.465469613259668 13.21928460342146 10 85
113 0 52.90055248618785 52.87713841368584 2 29
114 0 33.235497237569064 32.8149300155521 3 45
115 0 23.566988950276244 23.79471228615863 4 48
116 0 17.834944751381215 17.573872472783826 5 52
117 0 15.26243093922652 16.018662519440124 8 74
118 0 13.173342541436464 13.996889580093313 9 78
119 0 76.17403314917127 76.20528771384136 1 7
120 0 76.17403314917127 76.20528771384136 1 10
121 0 12.828038674033149 12.597200622083982 20 170
122 0 53.021408839779006 53.18818040435459 2 29
123 0 53.021408839779006 53.18818040435459 2 29
124 0 33.062845303867405 32.8149300155521 3 43
125 0 12.724447513812153 12.752721617418352 14 125
126 0 33.062845303867405 32.8149300155521 3 43
127 0 23.394337016574585 23.79471228615863 4 46
128 0 17.66229281767956 17.573872472783826 5 50
129 0 16.246546961325965 16.018662519440124 7 64
130 0 23.394337016574585 23.79471228615863 4 46
131 0 14.209254143646408 13.996889580093313 8 69
132 0 12.776243093922652 13.21928460342146 12 104
133 0 12.828038674033149 13.21928460342146 10 83
134 0 13.156077348066297 13.685847589424572 9 79
135 0 12.845303867403315 12.752721617418352 13 112
136 0 12.724447513812153 12.752721617418352 14 125
137 0 12.845303867403315 12.752721617418352 13 112
138 0 13.06975138121547 13.685847589424572 9 80
139 0 12.931629834254144 13.685847589424572 10 85
140 0 12.776243093922652 13.21928460342146 12 104
141 0 17.66229281767956 17.573872472783826 5 50
142 0 76.17403314917127 76.20528771384136 1 11
143 0 12.828038674033149 12.597200622083982 20 170
144 0 53.021408839779006 53.18818040435459 2 29
145 0 33.062845303867405 32.8149300155521 3 43
146 0 23.394337016574585 23.79471228615863 4 46
147 0 12.724447513812153 12.752721617418352 14 125
148 0 12.70718232044199 12.908242612752721 13 111
149 0 13.156077348066297 13.685847589424572 9 79
150 0 12.828038674033149 13.21928460342146 10 83
151 0 12.828038674033149 13.685847589424572 12 103
152 0 17.66229281767956 17.573872472783826 5 50
153 0 76.17403314917127 76.20528771384136 1 11
154 0 12.828038674033149 12.597200622083982 20 170
155 0 53.021408839779006 53.18818040435459 2 29
156 0 33.062845303867405 32.8149300155521 3 43
157 0 23.394337016574585 23.79471228615863 4 46
158 0 12.724447513812153 12.752721617418352 14 125
159 0 12.845303867403315 12.752721617418352 13 112
160 0 13.06975138121547 13.685847589424572 9 80
161 0 12.828038674033149 13.21928460342146 10 83
162 0 12.776243093922652 13.21928460342146 12 104
163 0 17.66229281767956 17.573872472783826 5 50
164 0 76.17403314917127 76.20528771384136 1 12
165 0 53.021408839779006 53.18818040435459 2 29
166 0 33.062845303867405 32.8149300155521 3 43
167 0 23.394337016574585 23.79471228615863 4 46
168 0 12.845303867403315 12.752721617418352 13 112
169 0 13.156077348066297 13.685847589424572 9 79
170 0 12.828038674033149 13.21928460342146 10 83
171 0 12.776243093922652 13.21928460342146 12 104
172 0 17.66229281767956 17.573872472783826 5 50
173 0 76.17403314917127 76.20528771384136 1 11
174 0 53.021408839779006 53.18818040435459 2 29
175 0 33.062845303867405 32.8149300155521 3 43
176 0 23.394337016574585 23.79471228615863 4 46
177 0 12.845303867403315 12.752721617418352 17 141
178 0 82.16505524861878 82.73716951788491 1 5
179 0 66.66091160220995 67.34059097978226 2 17
180 0 76.17403314917127 76.20528771384136 1 11
181 0 12.310082872928177 13.063763608087092 16 136
182 0 53.055939226519335 53.03265940902022 2 29
183 0 52.95234806629834 53.03265940902022 2 28
184 0 33.408149171270715 32.97045101088647 3 43
185 0 33.47720994475138 32.97045101088647 3 44
186 0 23.7396408839779 23.950233281493002 4 46
187 0 12.396408839779005 13.063763608087092 13 104
188 0 23.7396408839779 23.950233281493002 4 46
189 0 22.013121546961326 21.461897356143076 5 52
190 0 12.724447513812153 13.063763608087092 12 98
191 0 13.656767955801104 14.930015552099535 11 96
192 0 12.94889502762431 13.530326594090203 9 78
193 0 22.013121546961326 21.461897356143076 5 52
194 0 20.73549723756906 21.928460342146188 6 56
195 0 20.73549723756906 21.928460342146188 6 56
196 0 17.714088397790057 18.35147744945568 7 59
197 0 17.714088397790057 18.35147744945568 7 59
198 0 14.209254143646408 14.463452566096425 8 64
199 0 14.209254143646408 14.463452566096425 8 64
200 0 12.396408839779005 13.063763608087092 13 104
201 0 12.94889502762431 13.530326594090203 9 78
202 0 13.656767955801104 14.930015552099535 11 96
203 0 76.3121546961326 76.36080870917574 1 12
204 0 12.310082872928177 13.063763608087092 16 136
205 0 53.055939226519335 53.03265940902022 2 29
206 0 33.39088397790056 32.97045101088647 3 43
207 0 23.7396408839779 23.950233281493002 4 46
208 0 22.013121546961326 21.461897356143076 5 52
209 0 17.714088397790057 18.35147744945568 7 59
210 0 14.209254143646408 14.463452566096425 8 64
211 0 12.396408839779005 13.063763608087092 13 104
212 0 12.94889502762431 13.530326594090203 9 78
213 0 13.72582872928177 14.774494556765164 11 95
214 0 76.24309392265194 76.67185069984448 1 13
215 0 12.310082872928177 13.063763608087092 16 136
216 0 53.15953038674033 53.03265940902022 2 28
217 0 23.7396408839779 23.950233281493002 4 46
218 0 22.013121546961326 21.461897356143076 5 52
219 0 17.714088397790057 18.35147744945568 7 59
220 0 14.209254143646408 14.463452566096425 8 64
221 0 12.396408839779005 13.063763608087092 13 104
222 0 12.94889502762431 13.530326594090203 9 78
223 0 13.656767955801104 14.930015552099535 11 96
224 0 76.17403314917127 76.20528771384136 1 11
225 0 12.689917127071823 13.685847589424572 16 145
226 0 52.95234806629834 53.03265940902022 2 28
227 0 23.7396408839779 23.950233281493002 4 46
228 0 22.013121546961326 21.461897356143076 5 52
229 0 14.209254143646408 14.463452566096425 8 64
230 0 12.396408839779005 13.063763608087092 13 104
231 0 12.94889502762431 13.530326594090203 9 78
232 0 13.812154696132598 15.085536547433904 11 95
233 0 76.3121546961326 76.36080870917574 1 12
234 0 53.055939226519335 53.03265940902022 2 29
235 0 23.722375690607738 23.950233281493002 4 46
236 0 22.013121546961326 21.461897356143076 5 52
237 0 14.209254143646408 14.463452566096425 8 64
238 0 12.396408839779005 13.063763608087092 13 104
239 0 12.94889502762431 13.530326594090203 9 78
240 0 76.17403314917127 76.20528771384136 1 11
241 0 12.569060773480665 13.374805598755831 15 141
242 0 53.24585635359116 53.03265940902022 2 31
243 0 53.24585635359116 53.03265940902022 2 31
244 0 33.062845303867405 32.8149300155521 3 43
245 0 12.551795580110497 13.21928460342146 10 86
246 0 33.20096685082873 33.12597200622084 3 45
247 0 23.515193370165747 24.10575427682737 4 48
248 0 12.672651933701657 13.21928460342146 14 130
249 0 12.292817679558011 13.063763608087092 12 107
250 0 12.292817679558011 13.063763608087092 12 107
251 0 23.515193370165747 24.10575427682737 4 48
252 0 17.93853591160221 17.729393468118197 5 51
253 0 17.93853591160221 17.729393468118197 5 51
254 0 15.745856353591158 15.552099533437014 6 61
255 0 15.745856353591158 15.552099533437014 6 61
256 0 17.420580110497237 18.506998444790046 7 63
257 0 15.970303867403315 17.418351477449455 8 76
258 0 13.052486187845306 13.685847589424572 9 80
259 0 17.420580110497237 18.506998444790046 7 63
260 0 15.970303867403315 17.418351477449455 8 76
261 0 13.052486187845306 13.685847589424572 9 80
262 0 12.70718232044199 13.374805598755831 14 131
263 0 76.22582872928176 76.20528771384136 1 10
264 0 12.569060773480665 13.374805598755831 15 141
265 0 53.07320441988951 53.18818040435459 2 30
266 0 12.292817679558011 13.063763608087092 12 107
267 0 23.394337016574585 23.79471228615863 4 46
268 0 17.93853591160221 17.729393468118197 5 51
269 0 17.420580110497237 18.506998444790046 7 63
270 0 15.970303867403315 17.418351477449455 8 76
271 0 13.052486187845306 13.685847589424572 9 80
272 0 12.672651933701657 13.21928460342146 14 130
273 0 76.19129834254143 76.20528771384136 1 12
274 0 12.569060773480665 13.374805598755831 15 141
275 0 53.07320441988951 53.18818040435459 2 30
276 0 12.292817679558011 13.063763608087092 12 107
277 0 23.394337016574585 23.79471228615863 4 46
278 0 17.420580110497237 18.506998444790046 7 63
279 0 15.970303867403315 17.418351477449455 8 76
280 0 13.052486187845306 13.685847589424572 9 80
281 0 12.672651933701657 13.21928460342146 14 130
282 0 76.17403314917127 76.20528771384136 1 12
283 0 52.93508287292818 53.03265940902022 2 30
284 0 12.292817679558011 13.063763608087092 12 107
285 0 23.515193370165747 24.10575427682737 4 48
286 0 15.970303867403315 17.418351477449455 8 76
287 0 76.17403314917127 76.20528771384136 1 11
288 0 53.07320441988951 53.18818040435459 2 30
289 0 23.515193370165747 24.10575427682737 4 48
290 0 15.970303867403315 17.418351477449455 8 76
291 0 12.292817679558011 13.063763608087092 12 107
292 0 76.17403314917127 76.20528771384136 1 12
293 0 53.021408839779006 53.18818040435459 2 28
294 0 23.515193370165747 24.10575427682737 4 48
295 0 15.970303867403315 17.418351477449455 8 76
296 0 12.292817679558011 13.063763608087092 12 107
297 0 53.07320441988951 53.18818040435459 2 30
298 0 23.394337016574585 23.79471228615863 4 46
299 0 53.021408839779006 53.18818040435459 2 28
