0 0 76.17403314917127 76.20528771384136 1 6
1 0 13.242403314917128 13.530326594090203 12 118
2 0 53.17679558011049 52.87713841368584 2 32
3 0 53.28038674033149 52.87713841368584 2 32
4 0 33.63259668508287 32.8149300155521 3 55
5 0 18.318370165745858 17.573872472783826 5 63
6 0 33.598066298342545 32.8149300155521 3 56
7 0 24.01588397790055 23.17262830482115 4 59
8 0 24.01588397790055 23.17262830482115 4 59
9 0 17.24792817679558 16.796267496111973 6 70
10 0 16.31560773480663 15.396578538102643 7 83
11 0 17.24792817679558 16.796267496111973 6 70
12 0 16.31560773480663 15.396578538102643 7 83
13 0 16.004834254143645 15.707620528771384 8 90
14 0 16.004834254143645 15.707620528771384 8 90
15 0 13.328729281767956 13.685847589424572 9 93
16 0 13.328729281767956 13.685847589424572 9 93
17 0 13.259668508287293 13.685847589424572 10 99
18 0 13.328729281767956 13.530326594090203 11 116
19 0 13.259668508287293 13.685847589424572 10 99
20 0 13.328729281767956 13.530326594090203 11 116
21 0 76.17403314917127 76.20528771384136 1 6
22 0 13.242403314917128 13.530326594090203 12 118
23 0 53.17679558011049 52.87713841368584 2 32
24 0 33.598066298342545 32.8149300155521 3 56
25 0 24.01588397790055 23.17262830482115 4 59
26 0 17.24792817679558 16.796267496111973 6 70
27 0 16.31560773480663 15.396578538102643 7 83
28 0 16.004834254143645 15.707620528771384 8 90
29 0 13.328729281767956 13.685847589424572 9 93
30 0 13.087016574585636 13.21928460342146 11 114
31 0 76.34668508287292 76.20528771384136 1 15
32 0 13.242403314917128 13.530326594090203 12 118
33 0 53.31491712707182 52.87713841368584 2 34
34 0 33.598066298342545 32.8149300155521 3 56
35 0 24.084944751381215 23.017107309486782 4 60
36 0 17.24792817679558 16.796267496111973 6 70
37 0 16.31560773480663 15.396578538102643 7 83
38 0 16.004834254143645 15.707620528771384 8 90
39 0 13.328729281767956 13.685847589424572 9 93
40 0 76.34668508287292 76.20528771384136 1 15
41 0 13.242403314917128 13.530326594090203 12 118
42 0 53.15953038674033 52.87713841368584 2 32
43 0 33.68439226519337 32.8149300155521 3 56
44 0 24.01588397790055 23.17262830482115 4 59
45 0 17.24792817679558 16.796267496111973 6 70
46 0 16.31560773480663 15.396578538102643 7 83
47 0 16.004834254143645 15.707620528771384 8 90
48 0 13.328729281767956 13.685847589424572 9 93
49 0 76.34668508287292 76.20528771384136 1 16
50 0 13.242403314917128 13.530326594090203 12 118
51 0 53.107734806629836 52.87713841368584 2 32
52 0 33.598066298342545 32.8149300155521 3 56
53 0 24.084944751381215 23.017107309486782 4 60
54 0 16.31560773480663 15.396578538102643 7 83
55 0 16.004834254143645 15.707620528771384 8 90
56 0 13.328729281767956 13.685847589424572 9 93
57 0 76.17403314917127 76.20528771384136 1 13
58 0 53.17679558011049 52.87713841368584 2 32
59 0 33.63259668508287 32.8149300155521 3 55
60 0 76.17403314917127 76.20528771384136 1 9
61 0 13.190607734806632 13.21928460342146 11 98
62 0 52.96961325966851 52.87713841368584 2 36
63 0 52.96961325966851 52.87713841368584 2 36
64 0 33.13190607734807 32.8149300155521 3 57
65 0 14.261049723756905 13.996889580093313 8 88
66 0 33.13190607734807 32.8149300155521 3 57
67 0 23.601519337016576 23.32814930015552 4 60
68 0 16.212016574585636 16.174183514774494 6 68
69 0 23.566988950276244 23.17262830482115 4 60
70 0 17.78314917127072 17.418351477449455 5 63
71 0 16.212016574585636 16.174183514774494 6 68
72 0 17.78314917127072 17.418351477449455 5 63
73 0 13.915745856353592 14.463452566096425 9 91
74 0 13.173342541436464 13.530326594090203 10 93
75 0 13.915745856353592 14.463452566096425 9 91
76 0 13.173342541436464 13.530326594090203 10 93
77 0 76.17403314917127 76.20528771384136 1 9
78 0 13.190607734806632 13.21928460342146 11 98
79 0 52.96961325966851 52.87713841368584 2 36
80 0 33.13190607734807 32.8149300155521 3 57
81 0 23.566988950276244 23.17262830482115 4 60
82 0 16.453729281767956 16.485225505443236 6 68
83 0 17.78314917127072 17.418351477449455 5 63
84 0 13.915745856353592 14.463452566096425 9 91
85 0 76.17403314917127 76.20528771384136 1 11
86 0 13.190607734806632 13.21928460342146 11 98
87 0 52.96961325966851 52.87713841368584 2 36
88 0 33.1664364640884 32.97045101088647 3 57
89 0 17.78314917127072 17.418351477449455 5 63
90 0 76.17403314917127 76.20528771384136 1 9
91 0 13.190607734806632 13.21928460342146 11 98
92 0 52.96961325966851 52.87713841368584 2 36
93 0 33.1664364640884 32.97045101088647 3 57
94 0 17.78314917127072 17.418351477449455 5 63
95 0 76.17403314917127 76.20528771384136 1 9
96 0 13.190607734806632 13.21928460342146 11 98
97 0 52.96961325966851 52.87713841368584 2 36
98 0 33.13190607734807 32.8149300155521 3 57
99 0 17.78314917127072 17.418351477449455 5 63
100 0 76.17403314917127 76.20528771384136 1 10
101 0 13.190607734806632 13.21928460342146 11 98
102 0 52.98687845303868 52.87713841368584 2 37
103 0 33.13190607734807 32.8149300155521 3 57
104 0 76.17403314917127 76.20528771384136 1 9
105 0 13.190607734806632 13.21928460342146 11 98
106 0 52.96961325966851 52.72161741835147 2 36
107 0 33.13190607734807 32.8149300155521 3 57
108 0 76.17403314917127 76.20528771384136 1 11
109 0 13.190607734806632 13.21928460342146 11 98
110 0 52.96961325966851 52.72161741835147 2 36
111 0 33.13190607734807 32.8149300155521 3 57
112 0 76.17403314917127 76.20528771384136 1 10
113 0 13.190607734806632 13.21928460342146 11 98
114 0 52.96961325966851 52.87713841368584 2 36
115 0 33.13190607734807 32.8149300155521 3 57
116 0 76.19129834254143 76.20528771384136 1 12
117 0 13.190607734806632 13.21928460342146 11 98
118 0 52.95234806629834 52.72161741835147 2 36
119 0 33.13190607734807 32.8149300155521 3 57
120 0 76.17403314917127 76.20528771384136 1 7
121 0 13.846685082872929 13.21928460342146 10 95
122 0 53.03867403314917 52.72161741835147 2 30
123 0 53.055939226519335 52.72161741835147 2 31
124 0 33.33908839779006 32.34836702954899 3 54
125 0 33.33908839779006 32.34836702954899 3 54
126 0 23.7914364640884 22.70606531881804 4 57
127 0 16.212016574585636 15.707620528771384 6 68
128 0 14.796270718232044 13.685847589424572 8 87
129 0 23.7914364640884 22.70606531881804 4 57
130 0 17.93853591160221 16.951788491446347 5 60
131 0 17.93853591160221 16.951788491446347 5 60
132 0 13.933011049723756 13.374805598755831 9 89
133 0 16.212016574585636 15.707620528771384 6 68
134 0 14.796270718232044 13.685847589424572 8 87
135 0 13.933011049723756 13.374805598755831 9 89
136 0 76.17403314917127 76.20528771384136 1 8
137 0 53.03867403314917 52.87713841368584 2 30
138 0 33.33908839779006 32.34836702954899 3 54
139 0 23.7914364640884 22.70606531881804 4 57
140 0 17.93853591160221 16.951788491446347 5 60
141 0 16.212016574585636 15.707620528771384 6 68
142 0 14.796270718232044 13.685847589424572 8 87
143 0 76.17403314917127 76.20528771384136 1 8
144 0 53.03867403314917 52.72161741835147 2 30
145 0 33.33908839779006 32.34836702954899 3 54
146 0 23.7914364640884 22.70606531881804 4 57
147 0 17.93853591160221 16.951788491446347 5 60
148 0 16.212016574585636 15.707620528771384 6 68
149 0 14.796270718232044 13.685847589424572 8 87
150 0 76.17403314917127 76.20528771384136 1 8
151 0 53.03867403314917 52.87713841368584 2 29
152 0 33.33908839779006 32.34836702954899 3 54
153 0 23.7914364640884 22.70606531881804 4 57
154 0 18.128453038674035 17.418351477449455 5 60
155 0 14.796270718232044 13.685847589424572 8 87
156 0 76.17403314917127 76.20528771384136 1 8
157 0 53.03867403314917 52.87713841368584 2 29
158 0 33.33908839779006 32.34836702954899 3 54
159 0 17.93853591160221 16.951788491446347 5 60
160 0 14.796270718232044 13.685847589424572 8 87
161 0 76.17403314917127 76.20528771384136 1 8
162 0 53.03867403314917 52.87713841368584 2 30
163 0 33.33908839779006 32.34836702954899 3 54
164 0 17.93853591160221 16.951788491446347 5 60
165 0 14.796270718232044 13.685847589424572 8 87
166 0 76.19129834254143 76.20528771384136 1 9
167 0 53.03867403314917 52.72161741835147 2 30
168 0 33.33908839779006 32.34836702954899 3 54
169 0 17.93853591160221 16.951788491446347 5 60
170 0 14.796270718232044 13.685847589424572 8 87
171 0 76.17403314917127 76.20528771384136 1 8
172 0 53.055939226519335 52.72161741835147 2 31
173 0 33.33908839779006 32.34836702954899 3 54
174 0 17.93853591160221 16.951788491446347 5 60
175 0 14.796270718232044 13.685847589424572 8 87
176 0 76.17403314917127 76.20528771384136 1 7
177 0 53.03867403314917 52.87713841368584 2 30
178 0 33.33908839779006 32.34836702954899 3 54
179 0 17.93853591160221 16.951788491446347 5 60
180 0 76.17403314917127 76.20528771384136 1 12
181 0 13.31146408839779 13.21928460342146 10 96
182 0 33.30455801104972 32.19284603421462 3 51
183 0 53.021408839779006 52.72161741835147 2 31
184 0 53.021408839779006 52.72161741835147 2 31
185 0 23.653314917127073 22.55054432348367 4 54
186 0 13.604972375690608 13.374805598755831 9 91
187 0 17.109806629834253 17.107309486780714 7 79
188 0 14.191988950276244 13.530326594090203 8 87
189 0 23.653314917127073 22.55054432348367 4 54
190 0 17.921270718232044 16.951788491446347 5 58
191 0 17.4896408839779 16.796267496111973 6 62
192 0 17.109806629834253 17.107309486780714 7 79
193 0 14.191988950276244 13.530326594090203 8 87
194 0 17.921270718232044 16.951788491446347 5 58
195 0 17.4896408839779 16.796267496111973 6 62
196 0 76.17403314917127 76.20528771384136 1 13
197 0 13.31146408839779 13.21928460342146 10 96
198 0 53.021408839779006 52.72161741835147 2 31
199 0 23.653314917127073 22.55054432348367 4 54
200 0 17.109806629834253 17.107309486780714 7 79
201 0 14.261049723756905 13.530326594090203 8 86
202 0 17.921270718232044 16.951788491446347 5 58
203 0 17.4896408839779 16.796267496111973 6 62
204 0 76.17403314917127 76.20528771384136 1 13
205 0 13.31146408839779 13.21928460342146 10 105
206 0 53.021408839779006 52.72161741835147 2 31
207 0 17.109806629834253 17.107309486780714 7 79
208 0 14.191988950276244 13.530326594090203 8 87
209 0 17.921270718232044 16.951788491446347 5 58
210 0 17.4896408839779 16.796267496111973 6 62
211 0 76.17403314917127 76.20528771384136 1 12
212 0 53.021408839779006 52.72161741835147 2 31
213 0 17.109806629834253 17.107309486780714 7 79
214 0 17.921270718232044 16.951788491446347 5 58
215 0 17.4896408839779 16.796267496111973 6 62
216 0 76.17403314917127 76.20528771384136 1 12
217 0 17.921270718232044 16.951788491446347 5 58
218 0 17.4896408839779 16.796267496111973 6 62
219 0 76.17403314917127 76.20528771384136 1 12
220 0 17.921270718232044 16.951788491446347 5 58
221 0 17.4896408839779 16.796267496111973 6 62
222 0 76.17403314917127 76.20528771384136 1 12
223 0 17.921270718232044 16.951788491446347 5 58
224 0 17.4896408839779 16.796267496111973 6 62
225 0 76.17403314917127 76.20528771384136 1 12
226 0 17.4896408839779 16.796267496111973 6 62
227 0 76.17403314917127 76.20528771384136 1 17
228 0 17.4896408839779 16.796267496111973 6 62
229 0 76.17403314917127 76.20528771384136 1 15
230 0 17.4896408839779 16.796267496111973 6 62
231 0 76.17403314917127 76.20528771384136 1 12
232 0 76.17403314917127 76.20528771384136 1 12
233 0 76.17403314917127 76.20528771384136 1 15
234 0 76.17403314917127 76.20528771384136 1 15
235 0 76.17403314917127 76.20528771384136 1 16
236 0 76.19129834254143 76.20528771384136 1 13
237 0 76.17403314917127 76.20528771384136 1 15
238 0 76.17403314917127 76.20528771384136 1 12
239 0 17.4896408839779 16.796267496111973 6 62
240 0 76.17403314917127 76.20528771384136 1 8
241 0 16.505524861878452 16.174183514774494 10 101
242 0 53.15953038674033 52.87713841368584 2 32
243 0 53.09046961325967 53.03265940902022 2 32
244 0 33.42541436464088 32.50388802488336 3 52
245 0 33.68439226519337 32.8149300155521 3 52
246 0 23.86049723756906 22.70606531881804 4 55
247 0 23.86049723756906 22.70606531881804 4 55
248 0 17.869475138121548 16.640746500777606 5 59
249 0 17.886740331491712 17.107309486780714 5 57
250 0 15.676795580110497 15.707620528771384 6 66
251 0 17.09254143646409 16.640746500777606 7 80
252 0 16.626381215469614 16.329704510108865 8 83
253 0 15.83218232044199 15.552099533437014 6 66
254 0 17.09254143646409 16.640746500777606 7 80
255 0 16.522790055248617 16.018662519440124 9 87
256 0 16.626381215469614 16.329704510108865 8 83
257 0 16.488259668508288 15.863141524105753 9 87
258 0 76.17403314917127 76.20528771384136 1 8
259 0 16.505524861878452 16.174183514774494 10 101
260 0 53.055939226519335 52.72161741835147 2 32
261 0 23.86049723756906 22.70606531881804 4 55
262 0 17.869475138121548 16.640746500777606 5 59
263 0 15.676795580110497 15.707620528771384 6 66
264 0 17.09254143646409 16.640746500777606 7 80
265 0 16.626381215469614 16.329704510108865 8 83
266 0 16.488259668508288 15.863141524105753 9 87
267 0 76.17403314917127 76.20528771384136 1 8
268 0 16.505524861878452 16.174183514774494 10 101
269 0 53.07320441988951 52.87713841368584 2 31
270 0 23.86049723756906 22.70606531881804 4 55
271 0 17.869475138121548 16.640746500777606 5 59
272 0 15.676795580110497 15.707620528771384 6 66
273 0 16.626381215469614 16.329704510108865 8 83
274 0 79.8860497237569 80.248833592535 1 5
275 0 16.505524861878452 16.174183514774494 10 101
276 0 53.07320441988951 52.87713841368584 2 31
277 0 23.86049723756906 22.70606531881804 4 55
278 0 17.886740331491712 16.796267496111973 5 58
279 0 15.676795580110497 15.707620528771384 6 66
280 0 76.17403314917127 76.20528771384136 1 8
281 0 16.505524861878452 16.174183514774494 10 101
282 0 53.09046961325967 52.72161741835147 2 33
283 0 23.86049723756906 22.70606531881804 4 55
284 0 17.869475138121548 16.640746500777606 5 59
285 0 15.83218232044199 15.552099533437014 6 66
286 0 79.8860497237569 80.248833592535 1 5
287 0 16.505524861878452 16.174183514774494 10 101
288 0 53.09046961325967 53.03265940902022 2 32
289 0 23.86049723756906 22.70606531881804 4 55
290 0 17.886740331491712 17.107309486780714 5 57
291 0 15.83218232044199 15.552099533437014 6 66
292 0 76.17403314917127 76.20528771384136 1 9
293 0 53.07320441988951 52.87713841368584 2 31
294 0 17.869475138121548 16.640746500777606 5 59
295 0 15.676795580110497 15.707620528771384 6 66
296 0 76.45027624309392 76.36080870917574 1 10
297 0 53.07320441988951 52.87713841368584 2 31
298 0 17.869475138121548 16.796267496111973 5 58
299 0 76.17403314917127 76.20528771384136 1 10
