0 0 76.18718701433258 76.08695652173914 1 8
1 0 14.349853220514591 14.596273291925465 10 129
2 0 53.41046451390088 52.95031055900621 2 51
3 0 52.875151096529095 52.63975155279503 2 49
4 0 33.189431877050595 33.85093167701863 3 75
5 0 33.189431877050595 33.85093167701863 3 75
6 0 23.48471766534277 24.22360248447205 4 79
7 0 23.48471766534277 24.22360248447205 4 79
8 0 17.59627007425315 18.16770186335404 5 84
9 0 15.575893628043517 15.217391304347828 6 101
10 0 16.163011569677085 17.391304347826086 7 106
11 0 16.163011569677085 17.391304347826086 7 106
12 0 13.624589880849594 14.596273291925465 8 126
13 0 17.59627007425315 18.16770186335404 5 84
14 0 15.575893628043517 15.217391304347828 6 101
15 0 13.624589880849594 14.596273291925465 8 126
16 0 12.916594715938526 13.975155279503104 9 129
17 0 12.916594715938526 13.975155279503104 9 129
18 0 76.18718701433258 76.08695652173914 1 26
19 0 53.341391814885164 52.63975155279503 2 50
20 0 33.24123640131238 33.85093167701863 3 75
21 0 23.48471766534277 24.22360248447205 4 79
22 0 16.163011569677085 17.391304347826086 7 106
23 0 17.59627007425315 18.16770186335404 5 84
24 0 15.575893628043517 15.217391304347828 6 101
25 0 13.538249007079953 14.440993788819876 8 126
26 0 12.916594715938526 13.975155279503104 9 129
27 0 76.18718701433258 76.08695652173914 1 26
28 0 52.926955620790885 52.63975155279503 2 48
29 0 33.189431877050595 33.85093167701863 3 75
30 0 23.48471766534277 24.22360248447205 4 79
31 0 16.163011569677085 17.391304347826086 7 106
32 0 15.575893628043517 15.217391304347828 6 101
33 0 13.624589880849594 14.596273291925465 8 126
34 0 12.916594715938526 13.975155279503104 9 129
35 0 76.18718701433258 76.08695652173914 1 25
36 0 52.9960283198066 52.63975155279503 2 51
37 0 33.189431877050595 33.85093167701863 3 75
38 0 23.48471766534277 24.22360248447205 4 79
39 0 16.163011569677085 17.391304347826086 7 106
40 0 15.575893628043517 15.217391304347828 6 101
41 0 13.538249007079953 14.440993788819876 8 126
42 0 76.44620963564151 76.5527950310559 1 12
43 0 53.06510101882231 52.63975155279503 2 50
44 0 33.189431877050595 33.85093167701863 3 75
45 0 16.163011569677085 17.391304347826086 7 106
46 0 15.575893628043517 15.217391304347828 6 101
47 0 13.624589880849594 14.596273291925465 8 126
48 0 76.18718701433258 76.08695652173914 1 10
49 0 53.341391814885164 52.63975155279503 2 50
50 0 33.24123640131238 33.85093167701863 3 75
51 0 16.163011569677085 17.391304347826086 7 106
52 0 15.575893628043517 15.217391304347828 6 101
53 0 13.624589880849594 14.596273291925465 8 126
54 0 76.18718701433258 76.08695652173914 1 25
55 0 53.168710067345884 52.63975155279503 2 50
56 0 16.163011569677085 17.391304347826086 7 106
57 0 13.624589880849594 14.596273291925465 8 126
58 0 76.18718701433258 76.08695652173914 1 25
59 0 52.909687446036955 52.79503105590062 2 49
60 0 76.18718701433258 76.08695652173914 1 13
61 0 12.657572094629598 12.577639751552795 12 186
62 0 53.047832844068374 52.79503105590062 2 42
63 0 53.047832844068374 52.79503105590062 2 45
64 0 33.3103091003281 34.006211180124225 3 68
65 0 12.847522016922811 12.888198757763975 10 146
66 0 33.3103091003281 34.006211180124225 3 68
67 0 23.674667587635987 23.75776397515528 4 71
68 0 16.059402521153515 15.217391304347828 7 115
69 0 22.793990675185633 23.136645962732917 5 90
70 0 16.163011569677085 15.217391304347828 6 95
71 0 23.674667587635987 23.75776397515528 4 71
72 0 22.793990675185633 23.136645962732917 5 90
73 0 16.54291141426351 15.838509316770185 8 118
74 0 16.54291141426351 15.838509316770185 8 118
75 0 13.382835434294597 13.198757763975156 9 124
76 0 13.382835434294597 13.198757763975156 9 124
77 0 16.163011569677085 15.217391304347828 6 95
78 0 76.18718701433258 76.08695652173914 1 13
79 0 12.657572094629598 12.577639751552795 12 186
80 0 53.03056466931445 52.79503105590062 2 45
81 0 33.41391814885167 34.006211180124225 3 66
82 0 23.674667587635987 23.75776397515528 4 71
83 0 22.793990675185633 23.136645962732917 5 90
84 0 16.163011569677085 15.217391304347828 6 95
85 0 76.18718701433258 76.08695652173914 1 24
86 0 12.657572094629598 12.577639751552795 12 186
87 0 53.099637368330164 52.79503105590062 2 43
88 0 33.3103091003281 34.006211180124225 3 68
89 0 23.605594888620274 24.37888198757764 4 72
90 0 16.163011569677085 15.217391304347828 6 95
91 0 76.18718701433258 76.08695652173914 1 13
92 0 12.657572094629598 12.577639751552795 12 186
93 0 53.03056466931445 52.79503105590062 2 45
94 0 33.3103091003281 34.006211180124225 3 68
95 0 23.605594888620274 24.37888198757764 4 72
96 0 16.163011569677085 15.217391304347828 6 95
97 0 76.18718701433258 76.08695652173914 1 14
98 0 53.03056466931445 52.79503105590062 2 45
99 0 33.3103091003281 34.006211180124225 3 68
100 0 23.674667587635987 23.75776397515528 4 71
101 0 16.163011569677085 15.217391304347828 6 95
102 0 76.18718701433258 76.08695652173914 1 13
103 0 53.03056466931445 52.79503105590062 2 45
104 0 33.3103091003281 34.006211180124225 3 68
105 0 23.674667587635987 23.75776397515528 4 71
106 0 16.163011569677085 15.217391304347828 6 95
107 0 76.18718701433258 76.08695652173914 1 15
108 0 53.03056466931445 52.79503105590062 2 45
109 0 33.3103091003281 34.006211180124225 3 68
110 0 23.674667587635987 23.75776397515528 4 71
111 0 16.163011569677085 15.217391304347828 6 95
112 0 76.18718701433258 76.08695652173914 1 23
113 0 53.06510101882231 52.79503105590062 2 45
114 0 33.3103091003281 34.006211180124225 3 68
115 0 23.674667587635987 23.75776397515528 4 71
116 0 16.163011569677085 15.217391304347828 6 95
117 0 76.18718701433258 76.08695652173914 1 13
118 0 53.06510101882231 52.79503105590062 2 44
119 0 33.3103091003281 34.006211180124225 3 68
120 0 76.18718701433258 76.08695652173914 1 10
121 0 12.86479019167674 12.888198757763975 12 178
122 0 53.22051459160767 52.79503105590062 2 42
123 0 53.18597824209981 52.79503105590062 2 43
124 0 33.60386807114488 33.54037267080746 3 67
125 0 18.252460714902437 18.16770186335404 5 74
126 0 33.60386807114488 33.54037267080746 3 67
127 0 24.503539975824555 25.0 4 70
128 0 24.503539975824555 25.0 4 70
129 0 13.158349162493524 13.975155279503104 10 147
130 0 14.159903298221376 13.043478260869565 8 110
131 0 15.765843550336731 15.217391304347828 6 94
132 0 15.765843550336731 15.217391304347828 6 94
133 0 14.522534968053877 13.819875776397517 7 99
134 0 14.159903298221376 13.043478260869565 8 110
135 0 13.158349162493524 13.975155279503104 10 147
136 0 14.522534968053877 13.819875776397517 7 99
137 0 12.812985667414956 13.043478260869565 11 159
138 0 12.812985667414956 13.043478260869565 11 159
139 0 76.18718701433258 76.08695652173914 1 10
140 0 12.86479019167674 12.888198757763975 12 178
141 0 53.18597824209981 52.79503105590062 2 42
142 0 33.60386807114488 33.54037267080746 3 67
143 0 24.503539975824555 25.0 4 70
144 0 14.159903298221376 13.043478260869565 8 110
145 0 13.158349162493524 13.819875776397517 10 150
146 0 14.522534968053877 13.819875776397517 7 99
147 0 12.812985667414956 13.043478260869565 11 159
148 0 76.18718701433258 76.08695652173914 1 11
149 0 12.86479019167674 12.888198757763975 12 178
150 0 53.22051459160767 52.79503105590062 2 43
151 0 33.60386807114488 33.54037267080746 3 67
152 0 14.159903298221376 13.043478260869565 8 110
153 0 13.158349162493524 13.975155279503104 10 147
154 0 14.522534968053877 13.819875776397517 7 99
155 0 12.830253842168881 12.888198757763975 11 133
156 0 76.18718701433258 76.08695652173914 1 10
157 0 33.60386807114488 33.54037267080746 3 67
158 0 14.159903298221376 13.043478260869565 8 110
159 0 13.158349162493524 13.975155279503104 10 147
160 0 14.522534968053877 13.819875776397517 7 99
161 0 12.812985667414956 13.043478260869565 11 159
162 0 76.18718701433258 76.08695652173914 1 10
163 0 33.60386807114488 33.54037267080746 3 67
164 0 14.159903298221376 13.043478260869565 8 110
165 0 13.175617337247452 13.975155279503104 10 147
166 0 14.522534968053877 13.819875776397517 7 99
167 0 12.812985667414956 13.043478260869565 11 159
168 0 76.18718701433258 76.08695652173914 1 11
169 0 33.60386807114488 33.54037267080746 3 67
170 0 14.159903298221376 13.043478260869565 8 110
171 0 13.158349162493524 13.819875776397517 10 150
172 0 14.522534968053877 13.819875776397517 7 99
173 0 12.812985667414956 13.043478260869565 11 159
174 0 76.18718701433258 76.08695652173914 1 10
175 0 33.60386807114488 33.54037267080746 3 67
176 0 14.159903298221376 13.043478260869565 8 110
177 0 13.158349162493524 13.975155279503104 10 147
178 0 14.522534968053877 13.819875776397517 7 99
179 0 12.812985667414956 13.043478260869565 11 159
180 0 76.18718701433258 76.08695652173914 1 7
181 0 12.726644793645312 13.975155279503104 18 298
182 0 53.20324641685373 52.79503105590062 2 44
183 0 53.20324641685373 52.79503105590062 2 44
184 0 33.89742704196166 34.316770186335404 3 69
185 0 33.89742704196166 34.316770186335404 3 69
186 0 23.916422034190987 24.06832298136646 4 76
187 0 12.847522016922811 13.664596273291925 16 259
188 0 12.847522016922811 13.975155279503104 17 287
189 0 12.882058366430668 13.975155279503104 14 235
190 0 23.950958383698843 24.06832298136646 4 76
191 0 18.20065619064065 18.32298136645963 5 80
192 0 18.20065619064065 18.32298136645963 5 80
193 0 15.541357278535658 15.217391304347828 6 100
194 0 17.50992920048351 16.61490683229814 7 121
195 0 13.831807977896737 14.130434782608695 8 127
196 0 15.541357278535658 15.217391304347828 6 100
197 0 17.50992920048351 16.61490683229814 7 121
198 0 13.831807977896737 14.130434782608695 8 127
199 0 13.555517181833881 14.596273291925465 9 123
200 0 13.279226385771024 14.130434782608695 11 166
201 0 13.227421861509239 13.975155279503104 12 188
202 0 13.555517181833881 14.130434782608695 9 147
203 0 13.296494560524952 14.596273291925465 10 143
204 0 13.400103609048525 14.285714285714285 10 142
205 0 13.279226385771024 14.130434782608695 11 166
206 0 13.227421861509239 13.975155279503104 12 188
207 0 13.054740113969954 14.130434782608695 13 208
208 0 13.054740113969954 14.130434782608695 13 208
209 0 12.882058366430668 13.975155279503104 14 235
210 0 76.18718701433258 76.08695652173914 1 7
211 0 53.168710067345884 52.79503105590062 2 45
212 0 33.63840442065273 33.69565217391305 3 71
213 0 15.541357278535658 15.217391304347828 6 100
214 0 17.50992920048351 16.61490683229814 7 121
215 0 13.831807977896737 14.130434782608695 8 127
216 0 13.555517181833881 14.130434782608695 9 147
217 0 13.572785356587808 13.664596273291925 11 192
218 0 13.227421861509239 13.975155279503104 12 188
219 0 13.054740113969954 14.130434782608695 13 208
220 0 12.882058366430668 13.975155279503104 14 235
221 0 76.18718701433258 76.08695652173914 1 7
222 0 53.20324641685373 52.79503105590062 2 44
223 0 33.89742704196166 34.316770186335404 3 69
224 0 15.541357278535658 15.217391304347828 6 100
225 0 17.50992920048351 16.61490683229814 7 121
226 0 13.279226385771024 14.130434782608695 11 166
227 0 13.227421861509239 13.975155279503104 12 188
228 0 13.054740113969954 14.130434782608695 13 208
229 0 12.882058366430668 13.975155279503104 14 235
230 0 76.18718701433258 76.08695652173914 1 11
231 0 53.168710067345884 52.79503105590062 2 45
232 0 33.89742704196166 34.316770186335404 3 69
233 0 15.541357278535658 15.217391304347828 6 100
234 0 17.50992920048351 16.61490683229814 7 121
235 0 13.279226385771024 14.130434782608695 11 166
236 0 13.227421861509239 14.130434782608695 12 181
237 0 13.054740113969954 14.130434782608695 13 208
238 0 12.882058366430668 13.975155279503104 14 235
239 0 76.18718701433258 76.08695652173914 1 7
240 0 76.18718701433258 76.08695652173914 1 3
241 0 16.059402521153515 15.372670807453417 13 230
242 0 53.25505094111552 52.79503105590062 2 45
243 0 53.25505094111552 52.79503105590062 2 45
244 0 33.724745294422384 34.006211180124225 3 72
245 0 18.027974443101364 18.32298136645963 5 82
246 0 16.43930236573994 15.993788819875776 10 164
247 0 33.724745294422384 34.006211180124225 3 72
248 0 23.933690208944913 24.37888198757764 4 77
249 0 15.662234501813158 15.217391304347828 6 101
250 0 23.933690208944913 24.37888198757764 4 77
251 0 15.109652909687446 14.751552795031056 7 104
252 0 16.663788637541014 16.459627329192546 9 137
253 0 16.02486617164566 15.372670807453417 12 208
254 0 14.850630288378518 14.751552795031056 8 127
255 0 16.02486617164566 15.372670807453417 12 208
256 0 14.850630288378518 14.751552795031056 8 127
257 0 76.18718701433258 76.08695652173914 1 3
258 0 16.12847522016923 15.372670807453417 13 226
259 0 53.25505094111552 52.79503105590062 2 45
260 0 33.724745294422384 34.006211180124225 3 72
261 0 23.933690208944913 24.37888198757764 4 77
262 0 14.850630288378518 14.751552795031056 8 127
263 0 76.18718701433258 76.08695652173914 1 3
264 0 53.25505094111552 52.79503105590062 2 45
265 0 33.724745294422384 34.006211180124225 3 72
266 0 23.933690208944913 24.37888198757764 4 77
267 0 15.144189259195304 14.285714285714285 8 130
268 0 76.18718701433258 76.08695652173914 1 3
269 0 53.25505094111552 52.79503105590062 2 45
270 0 33.690208944914524 34.161490683229815 3 73
271 0 23.933690208944913 24.37888198757764 4 77
272 0 76.18718701433258 76.08695652173914 1 4
273 0 53.25505094111552 52.79503105590062 2 45
274 0 33.672940770160594 33.85093167701863 3 72
275 0 76.18718701433258 76.08695652173914 1 7
276 0 53.25505094111552 52.79503105590062 2 45
277 0 33.75928164393024 34.316770186335404 3 72
278 0 76.29079606285616 76.08695652173914 1 6
279 0 53.25505094111552 52.79503105590062 2 45
280 0 33.75928164393024 34.316770186335404 3 72
281 0 76.18718701433258 76.08695652173914 1 4
282 0 53.25505094111552 52.79503105590062 2 45
283 0 33.672940770160594 33.85093167701863 3 72
284 0 76.41167328613365 76.08695652173914 1 6
285 0 53.25505094111552 52.79503105590062 2 45
286 0 33.724745294422384 34.006211180124225 3 72
287 0 76.18718701433258 76.08695652173914 1 5
288 0 53.25505094111552 52.79503105590062 2 45
289 0 33.672940770160594 33.85093167701863 3 72
290 0 76.18718701433258 76.08695652173914 1 5
291 0 53.25505094111552 52.79503105590062 2 45
292 0 33.724745294422384 34.006211180124225 3 72
293 0 76.30806423761008 76.08695652173914 1 4
294 0 53.25505094111552 52.79503105590062 2 45
295 0 33.724745294422384 34.006211180124225 3 72
296 0 76.18718701433258 76.08695652173914 1 4
297 0 53.25505094111552 52.79503105590062 2 45
298 0 33.75928164393024 34.316770186335404 3 72
299 0 76.18718701433258 76.08695652173914 1 4
