0 0 76.18718701433258 76.08695652173914 1 8
1 0 12.0531859782421 13.975155279503104 7 80
2 0 52.82334657226732 52.63975155279503 2 28
3 0 52.80607839751338 52.63975155279503 2 28
4 0 33.448454498359524 34.47204968944099 3 44
5 0 33.448454498359524 34.47204968944099 3 44
6 0 23.08754964600242 23.91304347826087 4 54
7 0 23.08754964600242 23.91304347826087 4 54
8 0 15.541357278535658 16.459627329192546 5 63
9 0 15.541357278535658 16.459627329192546 5 63
10 0 12.502158521844242 14.440993788819876 6 76
11 0 12.502158521844242 14.440993788819876 6 76
12 0 76.18718701433258 76.08695652173914 1 9
13 0 12.0531859782421 13.975155279503104 7 80
14 0 52.875151096529095 52.79503105590062 2 27
15 0 33.448454498359524 34.47204968944099 3 44
16 0 23.08754964600242 23.91304347826087 4 54
17 0 15.541357278535658 16.459627329192546 5 63
18 0 12.502158521844242 14.440993788819876 6 76
19 0 76.18718701433258 76.08695652173914 1 15
20 0 12.0531859782421 13.975155279503104 7 80
21 0 52.80607839751338 52.63975155279503 2 28
22 0 33.56933172163703 34.78260869565217 3 44
23 0 23.08754964600242 23.91304347826087 4 54
24 0 15.541357278535658 16.459627329192546 5 63
25 0 12.502158521844242 14.440993788819876 6 76
26 0 76.18718701433258 76.08695652173914 1 8
27 0 12.0531859782421 13.975155279503104 7 80
28 0 52.82334657226732 52.63975155279503 2 28
29 0 33.56933172163703 34.62732919254658 3 43
30 0 23.08754964600242 23.91304347826087 4 54
31 0 15.541357278535658 16.459627329192546 5 63
32 0 12.502158521844242 14.440993788819876 6 76
33 0 76.18718701433258 76.08695652173914 1 8
34 0 12.0531859782421 13.975155279503104 7 80
35 0 52.89241927128302 52.95031055900621 2 28
36 0 33.56933172163703 34.78260869565217 3 44
37 0 23.29476774304956 23.91304347826087 4 54
38 0 15.541357278535658 16.459627329192546 5 63
39 0 12.502158521844242 14.440993788819876 6 76
40 0 76.18718701433258 76.08695652173914 1 8
41 0 12.0531859782421 13.975155279503104 7 80
42 0 52.80607839751338 52.63975155279503 2 28
43 0 33.56933172163703 34.62732919254658 3 43
44 0 23.208426869279915 24.22360248447205 4 54
45 0 15.541357278535658 16.459627329192546 5 63
46 0 12.502158521844242 14.440993788819876 6 76
47 0 76.18718701433258 76.08695652173914 1 9
48 0 12.0531859782421 13.975155279503104 7 80
49 0 52.89241927128302 52.95031055900621 2 28
50 0 33.56933172163703 34.62732919254658 3 43
51 0 23.08754964600242 23.91304347826087 4 54
52 0 15.541357278535658 16.459627329192546 5 63
53 0 12.502158521844242 14.440993788819876 6 76
54 0 76.18718701433258 76.08695652173914 1 17
55 0 12.0531859782421 13.975155279503104 7 80
56 0 52.80607839751338 52.63975155279503 2 28
57 0 33.724745294422384 34.78260869565217 3 45
58 0 23.208426869279915 24.22360248447205 4 54
59 0 15.541357278535658 16.459627329192546 5 63
60 0 76.18718701433258 76.08695652173914 1 8
61 0 12.0531859782421 13.975155279503104 7 80
62 0 52.82334657226732 52.63975155279503 2 27
63 0 52.82334657226732 52.63975155279503 2 27
64 0 33.396649974097734 34.316770186335404 3 43
65 0 33.396649974097734 34.316770186335404 3 43
66 0 23.139354170264205 23.91304347826087 4 53
67 0 23.139354170264205 23.91304347826087 4 53
68 0 16.00759799689173 16.459627329192546 5 62
69 0 16.00759799689173 16.459627329192546 5 62
70 0 12.64030391987567 14.596273291925465 6 76
71 0 12.64030391987567 14.596273291925465 6 76
72 0 76.18718701433258 76.08695652173914 1 16
73 0 12.0531859782421 13.975155279503104 7 80
74 0 52.82334657226732 52.63975155279503 2 27
75 0 33.655672595406664 34.47204968944099 3 43
76 0 23.139354170264205 23.91304347826087 4 53
77 0 16.00759799689173 16.459627329192546 5 62
78 0 12.64030391987567 14.596273291925465 6 76
79 0 76.18718701433258 76.08695652173914 1 16
80 0 12.0531859782421 13.975155279503104 7 80
81 0 52.82334657226732 52.63975155279503 2 27
82 0 33.396649974097734 34.316770186335404 3 43
83 0 23.139354170264205 23.91304347826087 4 53
84 0 16.00759799689173 16.459627329192546 5 62
85 0 76.18718701433258 76.08695652173914 1 16
86 0 12.0531859782421 13.975155279503104 7 80
87 0 52.80607839751338 52.63975155279503 2 27
88 0 23.139354170264205 23.91304347826087 4 53
89 0 16.00759799689173 16.459627329192546 5 62
90 0 76.18718701433258 76.08695652173914 1 16
91 0 12.0531859782421 13.975155279503104 7 80
92 0 52.80607839751338 52.63975155279503 2 27
93 0 23.139354170264205 23.91304347826087 4 53
94 0 16.00759799689173 16.459627329192546 5 62
95 0 76.18718701433258 76.08695652173914 1 16
96 0 12.0531859782421 13.975155279503104 7 80
97 0 52.978760145052675 52.63975155279503 2 27
98 0 16.00759799689173 16.459627329192546 5 62
99 0 76.18718701433258 76.08695652173914 1 15
100 0 12.0531859782421 13.975155279503104 7 80
101 0 52.82334657226732 52.63975155279503 2 27
102 0 16.00759799689173 16.459627329192546 5 62
103 0 76.18718701433258 76.08695652173914 1 15
104 0 12.0531859782421 13.975155279503104 7 80
105 0 52.82334657226732 52.63975155279503 2 27
106 0 16.00759799689173 16.459627329192546 5 62
107 0 76.18718701433258 76.08695652173914 1 16
108 0 12.0531859782421 13.975155279503104 7 80
109 0 52.82334657226732 52.63975155279503 2 27
110 0 16.00759799689173 16.459627329192546 5 62
111 0 76.18718701433258 76.08695652173914 1 15
112 0 12.0531859782421 13.975155279503104 7 80
113 0 52.82334657226732 52.63975155279503 2 27
114 0 16.00759799689173 16.459627329192546 5 62
115 0 76.18718701433258 76.08695652173914 1 15
116 0 12.0531859782421 13.975155279503104 7 80
117 0 52.82334657226732 52.63975155279503 2 27
118 0 16.00759799689173 16.459627329192546 5 62
119 0 76.18718701433258 76.08695652173914 1 15
120 0 76.18718701433258 76.08695652173914 1 10
121 0 12.225867725781384 13.819875776397517 9 108
122 0 52.84061474702124 52.79503105590062 2 28
123 0 52.80607839751338 52.63975155279503 2 28
124 0 33.448454498359524 34.47204968944099 3 44
125 0 33.448454498359524 34.47204968944099 3 44
126 0 23.001208772232776 23.75776397515528 4 53
127 0 12.0531859782421 13.975155279503104 7 80
128 0 23.08754964600242 23.91304347826087 4 54
129 0 15.541357278535658 16.459627329192546 5 63
130 0 15.541357278535658 16.459627329192546 5 63
131 0 12.502158521844242 14.440993788819876 6 76
132 0 12.502158521844242 14.440993788819876 6 76
133 0 12.0531859782421 13.975155279503104 7 80
134 0 76.18718701433258 76.08695652173914 1 15
135 0 12.225867725781384 13.819875776397517 9 108
136 0 52.84061474702124 52.79503105590062 2 28
137 0 33.448454498359524 34.47204968944099 3 44
138 0 23.001208772232776 23.75776397515528 4 53
139 0 15.886720773614229 16.925465838509314 5 63
140 0 12.502158521844242 14.440993788819876 6 76
141 0 12.0531859782421 13.975155279503104 7 80
142 0 76.18718701433258 76.08695652173914 1 11
143 0 52.80607839751338 52.63975155279503 2 28
144 0 33.448454498359524 34.47204968944099 3 44
145 0 23.08754964600242 23.91304347826087 4 54
146 0 15.541357278535658 16.459627329192546 5 63
147 0 12.502158521844242 14.440993788819876 6 76
148 0 12.0531859782421 13.975155279503104 7 80
149 0 76.18718701433258 76.08695652173914 1 15
150 0 52.82334657226732 52.63975155279503 2 28
151 0 33.396649974097734 34.78260869565217 3 44
152 0 23.001208772232776 23.75776397515528 4 53
153 0 15.541357278535658 16.459627329192546 5 63
154 0 12.502158521844242 14.440993788819876 6 76
155 0 12.0531859782421 13.975155279503104 7 80
156 0 76.18718701433258 76.08695652173914 1 10
157 0 52.80607839751338 52.63975155279503 2 28
158 0 33.448454498359524 34.47204968944099 3 44
159 0 23.001208772232776 23.75776397515528 4 53
160 0 15.886720773614229 16.925465838509314 5 63
161 0 12.502158521844242 14.440993788819876 6 76
162 0 12.0531859782421 13.975155279503104 7 80
163 0 76.18718701433258 76.08695652173914 1 11
164 0 52.80607839751338 52.63975155279503 2 28
165 0 33.448454498359524 34.47204968944099 3 44
166 0 23.08754964600242 23.91304347826087 4 54
167 0 15.541357278535658 16.459627329192546 5 63
168 0 12.502158521844242 14.440993788819876 6 76
169 0 12.0531859782421 13.975155279503104 7 80
170 0 76.18718701433258 76.08695652173914 1 10
171 0 52.857882921775165 52.63975155279503 2 31
172 0 33.448454498359524 34.47204968944099 3 44
173 0 23.001208772232776 23.75776397515528 4 53
174 0 15.541357278535658 16.459627329192546 5 63
175 0 12.502158521844242 14.440993788819876 6 76
176 0 12.0531859782421 13.975155279503104 7 80
177 0 76.18718701433258 76.08695652173914 1 15
178 0 52.80607839751338 52.63975155279503 2 28
179 0 33.448454498359524 34.47204968944099 3 44
180 0 76.18718701433258 76.08695652173914 1 6
181 0 12.0531859782421 13.975155279503104 8 96
182 0 52.80607839751338 52.63975155279503 2 28
183 0 52.80607839751338 52.63975155279503 2 28
184 0 33.41391814885167 34.161490683229815 3 43
185 0 33.41391814885167 34.161490683229815 3 43
186 0 23.05301329649456 23.60248447204969 4 53
187 0 23.05301329649456 23.60248447204969 4 53
188 0 15.541357278535658 16.459627329192546 5 63
189 0 15.541357278535658 16.459627329192546 5 63
190 0 12.502158521844242 14.440993788819876 6 76
191 0 12.502158521844242 14.440993788819876 6 76
192 0 12.0531859782421 13.975155279503104 7 80
193 0 12.0531859782421 13.975155279503104 7 80
194 0 76.18718701433258 76.08695652173914 1 14
195 0 12.0531859782421 13.975155279503104 8 96
196 0 52.80607839751338 52.63975155279503 2 28
197 0 33.41391814885167 34.161490683229815 3 43
198 0 23.05301329649456 23.60248447204969 4 53
199 0 15.541357278535658 16.459627329192546 5 63
200 0 12.502158521844242 14.440993788819876 6 76
201 0 12.0531859782421 13.975155279503104 7 80
202 0 76.18718701433258 76.08695652173914 1 7
203 0 12.0531859782421 13.975155279503104 8 96
204 0 52.80607839751338 52.63975155279503 2 28
205 0 33.41391814885167 34.161490683229815 3 43
206 0 23.05301329649456 23.60248447204969 4 53
207 0 15.541357278535658 16.459627329192546 5 63
208 0 12.502158521844242 14.440993788819876 6 76
209 0 12.0531859782421 13.975155279503104 7 80
210 0 76.18718701433258 76.08695652173914 1 6
211 0 52.80607839751338 52.63975155279503 2 28
212 0 33.41391814885167 34.161490683229815 3 43
213 0 23.05301329649456 23.60248447204969 4 53
214 0 15.541357278535658 16.459627329192546 5 63
215 0 12.502158521844242 14.440993788819876 6 76
216 0 12.0531859782421 13.975155279503104 7 80
217 0 76.18718701433258 76.08695652173914 1 6
218 0 52.80607839751338 52.63975155279503 2 28
219 0 33.41391814885167 34.161490683229815 3 43
220 0 23.05301329649456 23.60248447204969 4 53
221 0 15.541357278535658 16.459627329192546 5 63
222 0 12.502158521844242 14.440993788819876 6 76
223 0 12.0531859782421 13.975155279503104 7 80
224 0 76.18718701433258 76.08695652173914 1 6
225 0 52.80607839751338 52.63975155279503 2 28
226 0 33.41391814885167 34.161490683229815 3 43
227 0 23.05301329649456 23.60248447204969 4 53
228 0 15.541357278535658 16.459627329192546 5 63
229 0 12.502158521844242 14.440993788819876 6 76
230 0 12.0531859782421 13.975155279503104 7 80
231 0 76.18718701433258 76.08695652173914 1 6
232 0 52.80607839751338 52.63975155279503 2 28
233 0 33.41391814885167 34.161490683229815 3 43
234 0 23.05301329649456 23.60248447204969 4 53
235 0 15.541357278535658 16.459627329192546 5 63
236 0 12.502158521844242 14.440993788819876 6 76
237 0 12.0531859782421 13.975155279503104 7 80
238 0 76.18718701433258 76.08695652173914 1 14
239 0 52.80607839751338 52.63975155279503 2 27
240 0 76.18718701433258 76.08695652173914 1 5
241 0 12.882058366430668 13.664596273291925 10 123
242 0 52.80607839751338 52.63975155279503 2 30
243 0 52.80607839751338 52.63975155279503 2 30
244 0 33.51752719737524 33.85093167701863 3 43
245 0 33.51752719737524 33.85093167701863 3 43
246 0 23.156622345018132 23.29192546583851 4 53
247 0 23.156622345018132 23.29192546583851 4 53
248 0 15.593161802797445 16.459627329192546 5 64
249 0 12.571231220859955 14.130434782608695 8 93
250 0 15.593161802797445 16.459627329192546 5 64
251 0 12.553963046106025 14.440993788819876 6 77
252 0 12.553963046106025 14.440993788819876 6 77
253 0 12.104990502503886 13.975155279503104 7 81
254 0 12.519426696598169 14.130434782608695 8 96
255 0 12.104990502503886 13.975155279503104 7 81
256 0 76.18718701433258 76.08695652173914 1 5
257 0 12.882058366430668 13.664596273291925 10 123
258 0 52.80607839751338 52.63975155279503 2 30
259 0 33.51752719737524 33.85093167701863 3 43
260 0 15.593161802797445 16.459627329192546 5 64
261 0 12.553963046106025 14.440993788819876 6 77
262 0 12.571231220859955 14.130434782608695 8 93
263 0 12.104990502503886 13.975155279503104 7 81
264 0 76.22172336384044 76.08695652173914 1 6
265 0 52.80607839751338 52.63975155279503 2 30
266 0 33.51752719737524 33.85093167701863 3 43
267 0 15.593161802797445 16.459627329192546 5 64
268 0 12.553963046106025 14.440993788819876 6 77
269 0 12.519426696598169 14.130434782608695 8 96
270 0 12.104990502503886 13.975155279503104 7 81
271 0 76.18718701433258 76.08695652173914 1 16
272 0 52.80607839751338 52.63975155279503 2 30
273 0 15.593161802797445 16.459627329192546 5 64
274 0 12.553963046106025 14.440993788819876 6 77
275 0 12.571231220859955 14.130434782608695 8 93
276 0 12.104990502503886 13.975155279503104 7 81
277 0 76.18718701433258 76.08695652173914 1 16
278 0 52.80607839751338 52.63975155279503 2 30
279 0 15.593161802797445 16.459627329192546 5 64
280 0 12.553963046106025 14.440993788819876 6 77
281 0 12.571231220859955 14.130434782608695 8 93
282 0 12.104990502503886 13.975155279503104 7 81
283 0 76.18718701433258 76.08695652173914 1 5
284 0 52.80607839751338 52.63975155279503 2 30
285 0 15.593161802797445 16.459627329192546 5 64
286 0 12.553963046106025 14.440993788819876 6 77
287 0 12.104990502503886 13.975155279503104 7 81
288 0 76.18718701433258 76.08695652173914 1 5
289 0 52.80607839751338 52.63975155279503 2 30
290 0 15.593161802797445 16.459627329192546 5 64
291 0 12.553963046106025 14.440993788819876 6 77
292 0 12.104990502503886 13.975155279503104 7 81
293 0 76.18718701433258 76.08695652173914 1 5
294 0 52.80607839751338 52.63975155279503 2 30
295 0 15.593161802797445 16.459627329192546 5 64
296 0 12.553963046106025 14.440993788819876 6 77
297 0 12.104990502503886 13.975155279503104 7 81
298 0 76.18718701433258 76.08695652173914 1 5
299 0 52.80607839751338 52.63975155279503 2 30
