0 0 76.16991883957866 76.24223602484473 1 10
1 0 12.605767570367812 14.285714285714285 12 137
2 0 52.9960283198066 53.105590062111794 2 36
3 0 53.099637368330164 53.41614906832298 2 36
4 0 33.37938179934381 34.006211180124225 3 60
5 0 33.37938179934381 34.006211180124225 3 60
6 0 23.916422034190987 23.91304347826087 4 64
7 0 12.899326541184596 15.062111801242237 10 114
8 0 23.916422034190987 23.91304347826087 4 64
9 0 18.615092384734933 20.031055900621116 5 49
10 0 18.615092384734933 20.031055900621116 5 49
11 0 16.076670695907442 16.61490683229814 6 67
12 0 16.076670695907442 16.61490683229814 6 67
13 0 15.075116560179588 16.61490683229814 7 74
14 0 13.054740113969954 14.440993788819876 8 85
15 0 12.709376618891383 14.285714285714285 9 97
16 0 15.075116560179588 16.61490683229814 7 74
17 0 13.054740113969954 14.440993788819876 8 85
18 0 12.899326541184596 15.062111801242237 10 114
19 0 12.709376618891383 14.285714285714285 9 97
20 0 76.16991883957866 76.24223602484473 1 10
21 0 12.605767570367812 14.285714285714285 12 157
22 0 53.03056466931445 53.105590062111794 2 36
23 0 33.37938179934381 34.006211180124225 3 60
24 0 23.916422034190987 23.91304347826087 4 64
25 0 18.615092384734933 20.031055900621116 5 49
26 0 13.054740113969954 14.440993788819876 8 85
27 0 12.899326541184596 15.062111801242237 10 114
28 0 12.709376618891383 14.285714285714285 9 97
29 0 76.16991883957866 76.24223602484473 1 11
30 0 12.605767570367812 14.285714285714285 12 137
31 0 53.01329649456052 53.2608695652174 2 37
32 0 33.37938179934381 34.006211180124225 3 60
33 0 23.916422034190987 23.91304347826087 4 64
34 0 18.615092384734933 20.031055900621116 5 49
35 0 13.054740113969954 14.440993788819876 8 85
36 0 12.709376618891383 14.285714285714285 9 97
37 0 76.16991883957866 76.24223602484473 1 12
38 0 53.01329649456052 53.2608695652174 2 37
39 0 33.37938179934381 34.006211180124225 3 60
40 0 23.916422034190987 23.91304347826087 4 64
41 0 18.615092384734933 20.031055900621116 5 49
42 0 13.054740113969954 14.440993788819876 8 85
43 0 12.709376618891383 14.285714285714285 9 97
44 0 76.16991883957866 76.24223602484473 1 11
45 0 53.01329649456052 53.2608695652174 2 37
46 0 33.37938179934381 34.006211180124225 3 60
47 0 23.916422034190987 23.91304347826087 4 64
48 0 18.615092384734933 20.031055900621116 5 49
49 0 13.054740113969954 14.440993788819876 8 85
50 0 76.16991883957866 76.24223602484473 1 9
51 0 53.01329649456052 53.2608695652174 2 37
52 0 33.37938179934381 34.006211180124225 3 60
53 0 23.916422034190987 23.91304347826087 4 64
54 0 18.615092384734933 20.031055900621116 5 49
55 0 13.054740113969954 14.440993788819876 8 85
56 0 76.16991883957866 76.24223602484473 1 9
57 0 53.03056466931445 53.105590062111794 2 36
58 0 33.37938179934381 34.006211180124225 3 60
59 0 23.916422034190987 23.91304347826087 4 64
60 0 76.16991883957866 76.24223602484473 1 10
61 0 12.553963046106025 14.285714285714285 10 114
62 0 23.8646175099292 23.75776397515528 4 65
63 0 52.96149197029874 52.95031055900621 2 35
64 0 52.96149197029874 52.95031055900621 2 35
65 0 33.32757727508203 33.85093167701863 3 61
66 0 33.32757727508203 33.85093167701863 3 61
67 0 18.16611984113279 21.27329192546584 5 52
68 0 18.16611984113279 21.27329192546584 5 52
69 0 16.629252288033154 17.857142857142858 6 60
70 0 16.629252288033154 17.857142857142858 6 60
71 0 13.659126230357451 15.993788819875776 7 81
72 0 13.659126230357451 15.993788819875776 7 81
73 0 13.054740113969954 14.440993788819876 8 85
74 0 13.054740113969954 14.440993788819876 8 85
75 0 12.657572094629598 14.285714285714285 9 97
76 0 12.657572094629598 14.285714285714285 9 97
77 0 76.16991883957866 76.24223602484473 1 12
78 0 12.553963046106025 14.285714285714285 10 114
79 0 52.96149197029874 52.95031055900621 2 35
80 0 33.32757727508203 33.85093167701863 3 61
81 0 18.16611984113279 21.27329192546584 5 52
82 0 17.009152132619583 18.32298136645963 6 61
83 0 13.659126230357451 15.993788819875776 7 81
84 0 13.054740113969954 14.440993788819876 8 85
85 0 12.657572094629598 14.285714285714285 9 97
86 0 76.325332412364 76.3975155279503 1 17
87 0 12.553963046106025 14.285714285714285 10 114
88 0 52.9960283198066 53.105590062111794 2 35
89 0 33.32757727508203 33.85093167701863 3 61
90 0 18.16611984113279 21.27329192546584 5 52
91 0 17.009152132619583 18.32298136645963 6 61
92 0 13.659126230357451 15.993788819875776 7 81
93 0 13.054740113969954 14.440993788819876 8 85
94 0 12.674840269383525 14.285714285714285 9 97
95 0 76.34260058711794 76.3975155279503 1 17
96 0 12.553963046106025 14.285714285714285 10 114
97 0 52.96149197029874 52.95031055900621 2 35
98 0 33.32757727508203 33.85093167701863 3 61
99 0 18.16611984113279 21.27329192546584 5 52
100 0 16.629252288033154 17.857142857142858 6 60
101 0 13.659126230357451 15.993788819875776 7 81
102 0 13.054740113969954 14.440993788819876 8 85
103 0 12.657572094629598 14.285714285714285 9 97
104 0 76.325332412364 76.3975155279503 1 18
105 0 12.553963046106025 14.285714285714285 10 114
106 0 53.01329649456052 52.95031055900621 2 36
107 0 33.32757727508203 33.85093167701863 3 61
108 0 18.16611984113279 21.27329192546584 5 52
109 0 13.659126230357451 15.993788819875776 7 81
110 0 13.054740113969954 14.440993788819876 8 85
111 0 12.657572094629598 14.285714285714285 9 97
112 0 76.325332412364 76.3975155279503 1 17
113 0 12.553963046106025 14.285714285714285 10 114
114 0 52.96149197029874 52.95031055900621 2 35
115 0 33.32757727508203 33.85093167701863 3 61
116 0 18.16611984113279 21.27329192546584 5 52
117 0 13.659126230357451 15.993788819875776 7 81
118 0 13.072008288723882 14.440993788819876 8 85
119 0 12.657572094629598 14.285714285714285 9 97
120 0 76.16991883957866 76.24223602484473 1 7
121 0 12.657572094629598 14.285714285714285 9 97
122 0 53.01329649456052 53.105590062111794 2 39
123 0 53.03056466931445 53.2608695652174 2 38
124 0 33.51752719737524 34.006211180124225 3 62
125 0 33.51752719737524 34.006211180124225 3 62
126 0 24.071835606976343 23.91304347826087 4 66
127 0 24.071835606976343 23.91304347826087 4 66
128 0 18.18338801588672 21.428571428571427 5 52
129 0 18.30426523916422 21.428571428571427 5 52
130 0 15.627698152305303 18.16770186335404 6 70
131 0 15.627698152305303 18.16770186335404 6 70
132 0 15.040580210671731 16.61490683229814 7 74
133 0 15.040580210671731 16.61490683229814 7 74
134 0 13.054740113969954 14.440993788819876 8 85
135 0 13.054740113969954 14.440993788819876 8 85
136 0 76.16991883957866 76.24223602484473 1 7
137 0 12.657572094629598 14.285714285714285 9 97
138 0 52.926955620790885 53.105590062111794 2 40
139 0 33.51752719737524 34.006211180124225 3 62
140 0 24.071835606976343 23.91304347826087 4 66
141 0 18.252460714902437 20.96273291925466 5 52
142 0 15.627698152305303 18.16770186335404 6 70
143 0 15.040580210671731 16.61490683229814 7 74
144 0 13.054740113969954 14.440993788819876 8 85
145 0 76.16991883957866 76.24223602484473 1 9
146 0 12.657572094629598 14.285714285714285 9 97
147 0 52.926955620790885 53.105590062111794 2 40
148 0 33.51752719737524 34.006211180124225 3 62
149 0 24.071835606976343 23.91304347826087 4 66
150 0 18.18338801588672 21.428571428571427 5 52
151 0 15.627698152305303 18.16770186335404 6 70
152 0 13.054740113969954 14.440993788819876 8 85
153 0 76.16991883957866 76.24223602484473 1 8
154 0 12.657572094629598 14.285714285714285 9 97
155 0 52.978760145052675 53.105590062111794 2 39
156 0 33.51752719737524 34.006211180124225 3 62
157 0 24.071835606976343 23.91304347826087 4 66
158 0 18.18338801588672 21.428571428571427 5 52
159 0 15.627698152305303 18.16770186335404 6 70
160 0 13.054740113969954 14.440993788819876 8 85
161 0 76.16991883957866 76.24223602484473 1 7
162 0 12.657572094629598 14.285714285714285 9 97
163 0 53.01329649456052 53.105590062111794 2 39
164 0 33.51752719737524 34.006211180124225 3 62
165 0 24.071835606976343 23.91304347826087 4 66
166 0 18.18338801588672 21.428571428571427 5 52
167 0 15.627698152305303 18.16770186335404 6 70
168 0 13.054740113969954 14.440993788819876 8 85
169 0 76.16991883957866 76.24223602484473 1 7
170 0 12.657572094629598 14.285714285714285 9 97
171 0 53.01329649456052 53.105590062111794 2 39
172 0 33.51752719737524 34.006211180124225 3 62
173 0 24.071835606976343 23.91304347826087 4 66
174 0 18.18338801588672 21.428571428571427 5 52
175 0 15.627698152305303 18.16770186335404 6 70
176 0 13.054740113969954 14.440993788819876 8 85
177 0 76.16991883957866 76.24223602484473 1 8
178 0 12.657572094629598 14.285714285714285 9 97
179 0 53.01329649456052 53.105590062111794 2 39
180 0 76.16991883957866 76.24223602484473 1 11
181 0 12.96839924020031 14.596273291925465 9 108
182 0 33.690208944914524 34.006211180124225 3 63
183 0 52.9960283198066 53.105590062111794 2 39
184 0 52.9960283198066 53.105590062111794 2 39
185 0 13.555517181833881 16.149068322981368 7 80
186 0 24.261785529269556 23.91304347826087 4 67
187 0 24.261785529269556 23.91304347826087 4 67
188 0 18.16611984113279 21.428571428571427 5 52
189 0 15.627698152305303 18.16770186335404 6 70
190 0 18.16611984113279 21.428571428571427 5 52
191 0 15.627698152305303 18.16770186335404 6 70
192 0 13.555517181833881 16.149068322981368 7 80
193 0 76.16991883957866 76.24223602484473 1 12
194 0 12.96839924020031 14.596273291925465 9 108
195 0 52.9960283198066 53.105590062111794 2 39
196 0 24.261785529269556 23.91304347826087 4 67
197 0 18.252460714902437 21.27329192546584 5 51
198 0 15.627698152305303 18.16770186335404 6 70
199 0 13.555517181833881 16.149068322981368 7 80
200 0 76.16991883957866 76.24223602484473 1 11
201 0 12.96839924020031 14.596273291925465 9 108
202 0 53.099637368330164 53.105590062111794 2 39
203 0 24.261785529269556 23.91304347826087 4 67
204 0 18.16611984113279 21.428571428571427 5 52
205 0 15.765843550336731 17.857142857142858 6 69
206 0 13.555517181833881 16.149068322981368 7 80
207 0 76.16991883957866 76.24223602484473 1 16
208 0 12.96839924020031 14.596273291925465 9 108
209 0 52.9960283198066 53.105590062111794 2 39
210 0 24.261785529269556 23.91304347826087 4 67
211 0 18.16611984113279 21.428571428571427 5 52
212 0 15.627698152305303 18.16770186335404 6 70
213 0 13.555517181833881 16.149068322981368 7 80
214 0 76.16991883957866 76.24223602484473 1 11
215 0 52.9960283198066 53.105590062111794 2 39
216 0 15.765843550336731 17.857142857142858 6 69
217 0 13.555517181833881 16.149068322981368 7 80
218 0 76.325332412364 76.24223602484473 1 15
219 0 52.9960283198066 53.105590062111794 2 40
220 0 15.627698152305303 18.16770186335404 6 70
221 0 13.555517181833881 16.149068322981368 7 80
222 0 76.16991883957866 76.24223602484473 1 11
223 0 53.151441892591954 53.2608695652174 2 40
224 0 15.627698152305303 18.16770186335404 6 70
225 0 13.555517181833881 16.149068322981368 7 80
226 0 76.16991883957866 76.24223602484473 1 11
227 0 52.9960283198066 53.105590062111794 2 39
228 0 15.627698152305303 18.16770186335404 6 70
229 0 76.16991883957866 76.24223602484473 1 16
230 0 13.555517181833881 16.149068322981368 7 80
231 0 52.978760145052675 53.105590062111794 2 39
232 0 15.627698152305303 18.16770186335404 6 70
233 0 76.16991883957866 76.24223602484473 1 11
234 0 13.555517181833881 16.149068322981368 7 80
235 0 52.9960283198066 53.105590062111794 2 39
236 0 15.627698152305303 18.16770186335404 6 70
237 0 76.16991883957866 76.24223602484473 1 12
238 0 52.9960283198066 53.105590062111794 2 39
239 0 15.627698152305303 18.16770186335404 6 70
240 0 76.16991883957866 76.24223602484473 1 9
241 0 12.657572094629598 14.596273291925465 11 124
242 0 52.926955620790885 52.95031055900621 2 36
243 0 52.926955620790885 52.95031055900621 2 36
244 0 33.206700051804525 33.54037267080746 3 60
245 0 13.641858055603523 15.993788819875776 7 81
246 0 33.206700051804525 33.54037267080746 3 60
247 0 23.88188568468313 23.60248447204969 4 65
248 0 23.88188568468313 23.60248447204969 4 65
249 0 22.189604558798134 22.67080745341615 5 63
250 0 12.657572094629598 14.285714285714285 9 97
251 0 22.189604558798134 22.67080745341615 5 63
252 0 15.696770851321014 18.478260869565215 6 70
253 0 15.696770851321014 18.16770186335404 6 70
254 0 12.657572094629598 14.285714285714285 9 97
255 0 12.657572094629598 14.440993788819876 10 106
256 0 12.657572094629598 14.440993788819876 10 106
257 0 76.16991883957866 76.24223602484473 1 10
258 0 12.657572094629598 14.596273291925465 11 124
259 0 52.926955620790885 52.95031055900621 2 36
260 0 33.206700051804525 33.54037267080746 3 60
261 0 23.88188568468313 23.60248447204969 4 65
262 0 21.481609393887066 22.51552795031056 5 63
263 0 15.696770851321014 18.478260869565215 6 70
264 0 12.674840269383525 14.285714285714285 9 97
265 0 12.657572094629598 14.440993788819876 10 106
266 0 76.325332412364 76.3975155279503 1 18
267 0 12.657572094629598 14.596273291925465 11 124
268 0 52.926955620790885 52.95031055900621 2 36
269 0 33.206700051804525 33.54037267080746 3 60
270 0 23.88188568468313 23.60248447204969 4 65
271 0 22.189604558798134 22.67080745341615 5 63
272 0 15.696770851321014 18.16770186335404 6 70
273 0 12.657572094629598 14.440993788819876 10 106
274 0 76.16991883957866 76.24223602484473 1 11
275 0 12.657572094629598 14.596273291925465 11 124
276 0 52.926955620790885 52.95031055900621 2 36
277 0 33.206700051804525 33.54037267080746 3 60
278 0 23.88188568468313 23.60248447204969 4 65
279 0 22.189604558798134 22.67080745341615 5 63
280 0 15.696770851321014 18.16770186335404 6 70
281 0 12.657572094629598 14.440993788819876 10 106
282 0 76.48074598514937 76.3975155279503 1 18
283 0 12.657572094629598 14.596273291925465 11 124
284 0 52.926955620790885 52.95031055900621 2 36
285 0 33.206700051804525 33.54037267080746 3 60
286 0 23.88188568468313 23.60248447204969 4 65
287 0 22.189604558798134 22.67080745341615 5 63
288 0 15.696770851321014 18.16770186335404 6 70
289 0 12.657572094629598 14.440993788819876 10 106
290 0 76.27352788810224 76.24223602484473 1 11
291 0 12.657572094629598 14.596273291925465 11 124
292 0 52.926955620790885 52.95031055900621 2 36
293 0 33.206700051804525 33.54037267080746 3 60
294 0 23.88188568468313 23.60248447204969 4 65
295 0 22.189604558798134 22.67080745341615 5 63
296 0 15.696770851321014 18.16770186335404 6 70
297 0 12.657572094629598 14.440993788819876 10 106
298 0 76.16991883957866 76.24223602484473 1 10
299 0 12.657572094629598 14.596273291925465 11 124
