0 0 76.17403314917127 76.20528771384136 1 5
1 0 12.517265193370166 14.774494556765164 8 73
2 0 23.066298342541437 23.017107309486782 4 45
3 0 52.74516574585635 52.87713841368584 2 32
4 0 52.74516574585635 52.87713841368584 2 32
5 0 33.47720994475138 33.592534992223946 3 39
6 0 13.604972375690608 16.329704510108865 6 65
7 0 33.47720994475138 33.592534992223946 3 39
8 0 15.210635359116024 18.040435458786934 5 51
9 0 15.210635359116024 18.040435458786934 5 51
10 0 12.931629834254144 15.863141524105753 7 69
11 0 12.931629834254144 15.863141524105753 7 69
12 0 76.22582872928176 76.20528771384136 1 8
13 0 12.517265193370166 14.774494556765164 8 73
14 0 52.74516574585635 52.87713841368584 2 32
15 0 33.47720994475138 33.592534992223946 3 39
16 0 15.210635359116024 18.040435458786934 5 51
17 0 76.22582872928176 76.20528771384136 1 9
18 0 12.517265193370166 14.774494556765164 8 73
19 0 52.74516574585635 52.87713841368584 2 32
20 0 33.47720994475138 33.592534992223946 3 39
21 0 15.210635359116024 18.040435458786934 5 51
22 0 76.17403314917127 76.20528771384136 1 6
23 0 12.517265193370166 14.774494556765164 8 73
24 0 52.74516574585635 52.87713841368584 2 32
25 0 33.47720994475138 33.592534992223946 3 39
26 0 15.210635359116024 18.040435458786934 5 51
27 0 76.17403314917127 76.20528771384136 1 18
28 0 52.74516574585635 52.87713841368584 2 32
29 0 33.47720994475138 33.592534992223946 3 39
30 0 15.210635359116024 18.040435458786934 5 51
31 0 76.17403314917127 76.20528771384136 1 6
32 0 52.74516574585635 52.87713841368584 2 32
33 0 33.47720994475138 33.592534992223946 3 39
34 0 15.210635359116024 18.040435458786934 5 51
35 0 76.17403314917127 76.20528771384136 1 17
36 0 52.74516574585635 52.87713841368584 2 32
37 0 33.47720994475138 33.592534992223946 3 39
38 0 15.210635359116024 18.040435458786934 5 51
39 0 76.17403314917127 76.20528771384136 1 16
40 0 52.74516574585635 52.87713841368584 2 32
41 0 15.210635359116024 18.040435458786934 5 51
42 0 76.17403314917127 76.20528771384136 1 6
43 0 52.74516574585635 52.87713841368584 2 32
44 0 15.210635359116024 18.040435458786934 5 51
45 0 76.17403314917127 76.20528771384136 1 5
46 0 52.74516574585635 52.87713841368584 2 32
47 0 15.210635359116024 18.040435458786934 5 51
48 0 76.17403314917127 76.20528771384136 1 5
49 0 52.74516574585635 52.87713841368584 2 32
50 0 15.279696132596685 18.195956454121305 5 51
51 0 76.17403314917127 76.20528771384136 1 5
52 0 52.74516574585635 52.87713841368584 2 32
53 0 15.210635359116024 18.040435458786934 5 51
54 0 76.17403314917127 76.20528771384136 1 5
55 0 52.74516574585635 52.87713841368584 2 32
56 0 15.210635359116024 18.040435458786934 5 51
57 0 76.17403314917127 76.20528771384136 1 16
58 0 52.74516574585635 52.87713841368584 2 32
59 0 15.210635359116024 18.040435458786934 5 51
60 0 76.17403314917127 76.20528771384136 1 6
61 0 12.620856353591158 15.085536547433904 7 73
62 0 52.81422651933701 52.87713841368584 2 23
63 0 52.81422651933701 52.87713841368584 2 23
64 0 33.27002762430939 33.12597200622084 3 38
65 0 33.27002762430939 33.12597200622084 3 38
66 0 22.910911602209943 23.17262830482115 4 44
67 0 22.910911602209943 23.17262830482115 4 44
68 0 15.08977900552486 17.573872472783826 5 50
69 0 15.08977900552486 17.573872472783826 5 50
70 0 12.638121546961326 15.085536547433904 6 62
71 0 12.638121546961326 14.930015552099535 6 62
72 0 76.17403314917127 76.20528771384136 1 13
73 0 12.620856353591158 15.085536547433904 7 73
74 0 52.81422651933701 52.87713841368584 2 23
75 0 33.27002762430939 33.12597200622084 3 38
76 0 22.910911602209943 23.17262830482115 4 44
77 0 15.08977900552486 17.573872472783826 5 50
78 0 12.638121546961326 14.930015552099535 6 62
79 0 76.17403314917127 76.20528771384136 1 13
80 0 12.620856353591158 15.085536547433904 7 73
81 0 52.81422651933701 52.87713841368584 2 23
82 0 33.27002762430939 33.12597200622084 3 38
83 0 22.910911602209943 23.17262830482115 4 44
84 0 15.08977900552486 17.573872472783826 5 50
85 0 12.638121546961326 15.085536547433904 6 62
86 0 76.24309392265194 76.51632970451011 1 13
87 0 12.620856353591158 15.085536547433904 7 73
88 0 52.81422651933701 52.87713841368584 2 23
89 0 33.27002762430939 33.12597200622084 3 38
90 0 22.910911602209943 23.17262830482115 4 44
91 0 15.08977900552486 17.573872472783826 5 50
92 0 12.638121546961326 15.085536547433904 6 62
93 0 76.17403314917127 76.20528771384136 1 13
94 0 12.620856353591158 15.241057542768274 7 73
95 0 52.81422651933701 52.87713841368584 2 23
96 0 33.27002762430939 33.12597200622084 3 38
97 0 22.910911602209943 23.17262830482115 4 44
98 0 15.08977900552486 17.573872472783826 5 50
99 0 12.638121546961326 15.085536547433904 6 62
100 0 76.17403314917127 76.20528771384136 1 13
101 0 52.81422651933701 52.87713841368584 2 23
102 0 33.27002762430939 33.12597200622084 3 38
103 0 22.910911602209943 23.17262830482115 4 44
104 0 15.08977900552486 17.573872472783826 5 50
105 0 12.638121546961326 15.085536547433904 6 62
106 0 76.17403314917127 76.20528771384136 1 13
107 0 52.81422651933701 52.87713841368584 2 23
108 0 33.27002762430939 33.12597200622084 3 38
109 0 22.910911602209943 23.17262830482115 4 44
110 0 15.210635359116024 17.262830482115085 5 51
111 0 12.638121546961326 15.085536547433904 6 62
112 0 76.17403314917127 76.20528771384136 1 12
113 0 52.81422651933701 52.87713841368584 2 23
114 0 33.27002762430939 33.12597200622084 3 38
115 0 22.910911602209943 23.17262830482115 4 44
116 0 15.210635359116024 17.262830482115085 5 51
117 0 12.638121546961326 15.085536547433904 6 62
118 0 76.17403314917127 76.20528771384136 1 13
119 0 52.81422651933701 52.87713841368584 2 23
120 0 76.17403314917127 76.20528771384136 1 6
121 0 12.758977900552487 15.396578538102643 9 92
122 0 52.84875690607734 52.87713841368584 2 25
123 0 52.81422651933701 52.87713841368584 2 23
124 0 33.30455801104972 33.12597200622084 3 39
125 0 12.603591160220995 15.396578538102643 6 62
126 0 33.30455801104972 33.12597200622084 3 39
127 0 23.34254143646409 24.57231726283048 4 44
128 0 23.34254143646409 24.57231726283048 4 44
129 0 15.14157458563536 17.418351477449455 5 50
130 0 15.26243093922652 18.506998444790046 5 50
131 0 12.603591160220995 15.396578538102643 6 62
132 0 76.17403314917127 76.20528771384136 1 13
133 0 52.883287292817684 52.87713841368584 2 25
134 0 33.30455801104972 33.12597200622084 3 39
135 0 23.34254143646409 24.57231726283048 4 44
136 0 15.14157458563536 17.418351477449455 5 50
137 0 12.603591160220995 15.396578538102643 6 62
138 0 76.17403314917127 76.20528771384136 1 13
139 0 52.81422651933701 52.87713841368584 2 23
140 0 33.30455801104972 33.12597200622084 3 39
141 0 23.34254143646409 24.57231726283048 4 44
142 0 15.14157458563536 17.418351477449455 5 50
143 0 76.17403314917127 76.20528771384136 1 13
144 0 52.81422651933701 52.87713841368584 2 23
145 0 33.30455801104972 33.12597200622084 3 39
146 0 23.34254143646409 24.57231726283048 4 44
147 0 15.14157458563536 17.418351477449455 5 50
148 0 76.17403314917127 76.20528771384136 1 13
149 0 52.81422651933701 52.87713841368584 2 23
150 0 33.598066298342545 34.3701399688958 3 38
151 0 23.34254143646409 24.57231726283048 4 44
152 0 15.14157458563536 17.418351477449455 5 50
153 0 76.17403314917127 76.20528771384136 1 14
154 0 52.81422651933701 52.87713841368584 2 23
155 0 33.30455801104972 33.12597200622084 3 39
156 0 23.221685082872927 24.10575427682737 4 44
157 0 15.14157458563536 17.418351477449455 5 50
158 0 76.17403314917127 76.20528771384136 1 6
159 0 52.84875690607734 52.87713841368584 2 24
160 0 33.30455801104972 33.12597200622084 3 39
161 0 23.34254143646409 24.57231726283048 4 44
162 0 15.14157458563536 17.418351477449455 5 50
163 0 76.17403314917127 76.20528771384136 1 12
164 0 52.90055248618785 52.87713841368584 2 24
165 0 33.30455801104972 33.12597200622084 3 39
166 0 23.34254143646409 24.57231726283048 4 44
167 0 15.14157458563536 17.418351477449455 5 50
168 0 76.17403314917127 76.20528771384136 1 13
169 0 52.84875690607734 52.87713841368584 2 25
170 0 33.30455801104972 33.12597200622084 3 39
171 0 23.25621546961326 23.79471228615863 4 45
172 0 15.14157458563536 17.418351477449455 5 50
173 0 76.17403314917127 76.20528771384136 1 12
174 0 52.81422651933701 52.87713841368584 2 23
175 0 33.30455801104972 33.12597200622084 3 39
176 0 23.34254143646409 24.57231726283048 4 44
177 0 15.14157458563536 17.418351477449455 5 50
178 0 76.2085635359116 76.36080870917574 1 15
179 0 52.81422651933701 52.87713841368584 2 23
180 0 76.17403314917127 76.20528771384136 1 6
181 0 12.638121546961326 15.396578538102643 8 88
182 0 52.91781767955801 52.87713841368584 2 24
183 0 53.09046961325967 53.03265940902022 2 23
184 0 33.49447513812155 33.28149300155521 3 39
185 0 33.47720994475138 33.43701399688958 3 40
186 0 23.0835635359116 23.32814930015552 4 45
187 0 12.879834254143645 16.174183514774494 7 76
188 0 23.0835635359116 23.32814930015552 4 45
189 0 15.072513812154694 17.573872472783826 5 50
190 0 15.072513812154694 17.573872472783826 5 50
191 0 13.31146408839779 16.174183514774494 6 64
192 0 13.31146408839779 16.174183514774494 6 64
193 0 76.17403314917127 76.20528771384136 1 7
194 0 52.81422651933701 52.87713841368584 2 23
195 0 23.0835635359116 23.32814930015552 4 45
196 0 15.072513812154694 17.573872472783826 5 50
197 0 13.31146408839779 16.174183514774494 6 64
198 0 76.17403314917127 76.20528771384136 1 11
199 0 52.81422651933701 52.87713841368584 2 25
200 0 22.92817679558011 23.17262830482115 4 44
201 0 15.072513812154694 17.573872472783826 5 50
202 0 13.31146408839779 16.174183514774494 6 64
203 0 76.17403314917127 76.20528771384136 1 6
204 0 53.09046961325967 52.87713841368584 2 23
205 0 22.92817679558011 23.17262830482115 4 44
206 0 15.072513812154694 17.573872472783826 5 50
207 0 13.31146408839779 16.174183514774494 6 64
208 0 76.17403314917127 76.20528771384136 1 12
209 0 52.83149171270718 52.87713841368584 2 25
210 0 22.92817679558011 23.17262830482115 4 44
211 0 15.072513812154694 17.573872472783826 5 50
212 0 76.17403314917127 76.20528771384136 1 12
213 0 52.91781767955801 52.87713841368584 2 24
214 0 23.1353591160221 23.48367029548989 4 45
215 0 15.072513812154694 17.573872472783826 5 50
216 0 76.17403314917127 76.20528771384136 1 12
217 0 52.83149171270718 52.87713841368584 2 25
218 0 22.92817679558011 23.17262830482115 4 44
219 0 15.072513812154694 17.573872472783826 5 50
220 0 76.17403314917127 76.20528771384136 1 7
221 0 53.09046961325967 52.87713841368584 2 23
222 0 22.92817679558011 23.17262830482115 4 44
223 0 15.072513812154694 17.573872472783826 5 50
224 0 76.17403314917127 76.20528771384136 1 12
225 0 52.91781767955801 52.87713841368584 2 24
226 0 22.92817679558011 23.17262830482115 4 44
227 0 15.072513812154694 17.573872472783826 5 50
228 0 76.17403314917127 76.20528771384136 1 12
229 0 52.83149171270718 52.87713841368584 2 25
230 0 22.92817679558011 23.17262830482115 4 44
231 0 15.072513812154694 17.573872472783826 5 50
232 0 76.17403314917127 76.20528771384136 1 6
233 0 52.81422651933701 52.87713841368584 2 23
234 0 22.92817679558011 23.17262830482115 4 44
235 0 15.072513812154694 17.573872472783826 5 50
236 0 76.17403314917127 76.20528771384136 1 13
237 0 52.83149171270718 52.87713841368584 2 25
238 0 22.92817679558011 23.17262830482115 4 44
239 0 15.072513812154694 17.573872472783826 5 50
240 0 76.17403314917127 76.20528771384136 1 3
241 0 12.603591160220995 15.552099533437014 7 74
242 0 52.81422651933701 52.87713841368584 2 23
243 0 52.81422651933701 52.87713841368584 2 23
244 0 33.408149171270715 33.903576982892695 3 40
245 0 12.638121546961326 15.863141524105753 6 64
246 0 33.408149171270715 33.903576982892695 3 40
247 0 23.01450276243094 23.63919129082426 4 46
248 0 23.01450276243094 23.63919129082426 4 46
249 0 15.072513812154694 18.040435458786934 5 50
250 0 15.072513812154694 18.040435458786934 5 50
251 0 76.17403314917127 76.20528771384136 1 12
252 0 12.603591160220995 15.552099533437014 7 76
253 0 52.81422651933701 52.87713841368584 2 23
254 0 33.408149171270715 33.903576982892695 3 40
255 0 76.17403314917127 76.20528771384136 1 13
256 0 12.603591160220995 15.552099533437014 7 76
257 0 52.81422651933701 52.87713841368584 2 23
258 0 33.408149171270715 33.903576982892695 3 40
259 0 76.57113259668509 76.67185069984448 1 6
260 0 52.81422651933701 52.87713841368584 2 23
261 0 33.408149171270715 33.903576982892695 3 40
262 0 76.17403314917127 76.20528771384136 1 11
263 0 52.81422651933701 52.87713841368584 2 23
264 0 33.408149171270715 33.903576982892695 3 40
265 0 76.17403314917127 76.20528771384136 1 12
266 0 52.81422651933701 52.87713841368584 2 23
267 0 33.408149171270715 33.903576982892695 3 40
268 0 76.17403314917127 76.20528771384136 1 13
269 0 52.81422651933701 52.87713841368584 2 23
270 0 33.408149171270715 33.903576982892695 3 40
271 0 76.17403314917127 76.20528771384136 1 13
272 0 52.81422651933701 52.87713841368584 2 23
273 0 33.408149171270715 33.903576982892695 3 40
274 0 76.17403314917127 76.20528771384136 1 13
275 0 52.81422651933701 52.87713841368584 2 23
276 0 33.408149171270715 33.903576982892695 3 40
277 0 76.17403314917127 76.20528771384136 1 13
278 0 52.883287292817684 52.87713841368584 2 24
279 0 33.408149171270715 33.903576982892695 3 40
280 0 76.17403314917127 76.20528771384136 1 16
281 0 52.81422651933701 52.87713841368584 2 23
282 0 33.408149171270715 33.903576982892695 3 40
283 0 76.17403314917127 76.20528771384136 1 13
284 0 52.81422651933701 52.87713841368584 2 23
285 0 33.408149171270715 33.903576982892695 3 40
286 0 76.57113259668509 76.67185069984448 1 6
287 0 52.81422651933701 52.87713841368584 2 23
288 0 33.408149171270715 33.903576982892695 3 40
289 0 76.17403314917127 76.20528771384136 1 13
290 0 52.883287292817684 52.87713841368584 2 24
291 0 33.408149171270715 33.903576982892695 3 40
292 0 76.3121546961326 76.36080870917574 1 13
293 0 52.81422651933701 52.87713841368584 2 23
294 0 33.408149171270715 33.903576982892695 3 40
295 0 76.3121546961326 76.36080870917574 1 12
296 0 52.81422651933701 52.87713841368584 2 23
297 0 76.17403314917127 76.20528771384136 1 12
298 0 52.81422651933701 52.87713841368584 2 23
299 0 76.29488950276243 76.51632970451011 1 12
