0 0 76.16991883957866 76.24223602484473 1 8
1 0 13.10654463823174 15.683229813664596 6 50
2 0 52.80607839751338 52.79503105590062 2 18
3 0 52.77154204800553 52.79503105590062 2 18
4 0 33.24123640131238 34.161490683229815 3 28
5 0 33.24123640131238 34.161490683229815 3 28
6 0 22.86306337420135 23.60248447204969 4 36
7 0 22.93213607321706 23.60248447204969 4 36
8 0 15.64496632705923 17.546583850931675 5 43
9 0 15.64496632705923 17.546583850931675 5 43
10 0 76.16991883957866 76.24223602484473 1 9
11 0 13.10654463823174 15.683229813664596 6 50
12 0 52.77154204800553 52.79503105590062 2 18
13 0 33.24123640131238 34.161490683229815 3 28
14 0 22.93213607321706 23.60248447204969 4 36
15 0 76.16991883957866 76.24223602484473 1 9
16 0 13.10654463823174 15.683229813664596 6 50
17 0 52.77154204800553 52.79503105590062 2 18
18 0 33.24123640131238 34.161490683229815 3 28
19 0 22.93213607321706 23.60248447204969 4 36
20 0 76.16991883957866 76.24223602484473 1 9
21 0 13.10654463823174 15.683229813664596 6 50
22 0 52.77154204800553 52.79503105590062 2 18
23 0 33.24123640131238 34.161490683229815 3 28
24 0 22.93213607321706 23.60248447204969 4 36
25 0 76.16991883957866 76.24223602484473 1 9
26 0 13.10654463823174 15.683229813664596 6 50
27 0 52.89241927128302 52.79503105590062 2 17
28 0 33.24123640131238 34.161490683229815 3 28
29 0 22.93213607321706 23.60248447204969 4 36
30 0 76.16991883957866 76.24223602484473 1 8
31 0 13.10654463823174 15.683229813664596 6 50
32 0 52.77154204800553 52.79503105590062 2 18
33 0 33.24123640131238 34.161490683229815 3 28
34 0 22.93213607321706 23.60248447204969 4 36
35 0 76.16991883957866 76.24223602484473 1 10
36 0 13.10654463823174 15.683229813664596 6 50
37 0 52.77154204800553 52.79503105590062 2 18
38 0 33.24123640131238 34.161490683229815 3 28
39 0 22.86306337420135 23.60248447204969 4 36
40 0 76.16991883957866 76.24223602484473 1 8
41 0 13.10654463823174 15.683229813664596 6 50
42 0 52.77154204800553 52.79503105590062 2 18
43 0 33.24123640131238 34.161490683229815 3 28
44 0 22.93213607321706 23.60248447204969 4 36
45 0 76.16991883957866 76.24223602484473 1 10
46 0 13.10654463823174 15.683229813664596 6 50
47 0 52.77154204800553 52.79503105590062 2 18
48 0 33.24123640131238 34.161490683229815 3 28
49 0 22.86306337420135 23.60248447204969 4 36
50 0 76.16991883957866 76.24223602484473 1 9
51 0 13.10654463823174 15.683229813664596 6 50
52 0 52.77154204800553 52.79503105590062 2 18
53 0 33.24123640131238 34.161490683229815 3 28
54 0 22.93213607321706 23.60248447204969 4 36
55 0 76.16991883957866 76.24223602484473 1 9
56 0 13.10654463823174 15.683229813664596 6 50
57 0 52.77154204800553 52.79503105590062 2 18
58 0 33.24123640131238 34.161490683229815 3 28
59 0 76.16991883957866 76.24223602484473 1 9
60 0 76.16991883957866 76.24223602484473 1 5
61 0 13.31376273527888 15.372670807453417 8 69
62 0 52.78881022275945 52.79503105590062 2 18
63 0 52.78881022275945 52.79503105590062 2 18
64 0 33.206700051804525 34.47204968944099 3 28
65 0 33.206700051804525 34.47204968944099 3 28
66 0 22.84579519944742 23.91304347826087 4 36
67 0 22.84579519944742 23.91304347826087 4 36
68 0 15.593161802797445 17.857142857142858 5 43
69 0 15.593161802797445 17.857142857142858 5 43
70 0 13.10654463823174 15.683229813664596 6 50
71 0 13.10654463823174 15.683229813664596 6 50
72 0 13.365567259540667 16.149068322981368 7 57
73 0 13.365567259540667 16.149068322981368 7 57
74 0 76.16991883957866 76.24223602484473 1 5
75 0 52.78881022275945 52.79503105590062 2 18
76 0 33.206700051804525 34.47204968944099 3 28
77 0 22.84579519944742 23.91304347826087 4 36
78 0 15.593161802797445 17.857142857142858 5 43
79 0 13.10654463823174 15.683229813664596 6 50
80 0 13.365567259540667 16.149068322981368 7 57
81 0 76.16991883957866 76.24223602484473 1 10
82 0 52.78881022275945 52.79503105590062 2 18
83 0 33.206700051804525 34.47204968944099 3 28
84 0 22.84579519944742 23.91304347826087 4 36
85 0 15.593161802797445 17.857142857142858 5 43
86 0 13.10654463823174 15.683229813664596 6 50
87 0 76.16991883957866 76.24223602484473 1 10
88 0 52.78881022275945 52.79503105590062 2 18
89 0 33.206700051804525 34.47204968944099 3 28
90 0 22.84579519944742 23.91304347826087 4 36
91 0 15.593161802797445 17.857142857142858 5 43
92 0 13.10654463823174 15.683229813664596 6 50
93 0 76.16991883957866 76.24223602484473 1 9
94 0 52.78881022275945 52.79503105590062 2 18
95 0 33.206700051804525 34.47204968944099 3 28
96 0 22.84579519944742 23.91304347826087 4 36
97 0 15.593161802797445 17.857142857142858 5 43
98 0 13.10654463823174 15.683229813664596 6 50
99 0 76.16991883957866 76.24223602484473 1 9
100 0 52.78881022275945 52.79503105590062 2 18
101 0 33.206700051804525 34.47204968944099 3 28
102 0 22.84579519944742 23.91304347826087 4 36
103 0 15.593161802797445 17.857142857142858 5 43
104 0 13.10654463823174 15.683229813664596 6 50
105 0 76.16991883957866 76.24223602484473 1 6
106 0 52.78881022275945 52.79503105590062 2 18
107 0 33.206700051804525 34.47204968944099 3 28
108 0 22.84579519944742 23.91304347826087 4 36
109 0 15.593161802797445 17.857142857142858 5 43
110 0 76.16991883957866 76.24223602484473 1 5
111 0 52.78881022275945 52.79503105590062 2 18
112 0 33.206700051804525 34.47204968944099 3 28
113 0 22.84579519944742 23.91304347826087 4 36
114 0 15.593161802797445 17.857142857142858 5 43
115 0 76.16991883957866 76.24223602484473 1 9
116 0 33.206700051804525 34.47204968944099 3 28
117 0 22.84579519944742 23.91304347826087 4 36
118 0 15.593161802797445 17.857142857142858 5 43
119 0 76.16991883957866 76.24223602484473 1 6
120 0 76.16991883957866 76.24223602484473 1 10
121 0 13.175617337247452 16.459627329192546 7 58
122 0 52.875151096529095 52.95031055900621 2 18
123 0 52.875151096529095 52.95031055900621 2 18
124 0 33.24123640131238 34.161490683229815 3 29
125 0 33.24123640131238 34.161490683229815 3 29
126 0 22.880331548955276 23.60248447204969 4 37
127 0 22.880331548955276 23.60248447204969 4 37
128 0 15.714039026074945 17.546583850931675 5 44
129 0 13.227421861509239 15.372670807453417 6 50
130 0 15.714039026074945 17.546583850931675 5 44
131 0 13.227421861509239 15.372670807453417 6 50
132 0 76.16991883957866 76.24223602484473 1 10
133 0 13.175617337247452 16.459627329192546 7 58
134 0 52.875151096529095 52.95031055900621 2 18
135 0 33.24123640131238 34.161490683229815 3 29
136 0 22.880331548955276 23.60248447204969 4 37
137 0 15.714039026074945 17.546583850931675 5 44
138 0 13.227421861509239 15.372670807453417 6 50
139 0 76.16991883957866 76.24223602484473 1 11
140 0 13.175617337247452 16.459627329192546 7 58
141 0 52.926955620790885 52.95031055900621 2 18
142 0 33.24123640131238 34.161490683229815 3 29
143 0 22.880331548955276 23.60248447204969 4 37
144 0 15.714039026074945 17.546583850931675 5 44
145 0 13.227421861509239 15.372670807453417 6 50
146 0 76.22172336384044 76.24223602484473 1 9
147 0 52.875151096529095 52.95031055900621 2 18
148 0 33.24123640131238 34.161490683229815 3 29
149 0 22.880331548955276 23.60248447204969 4 37
150 0 13.227421861509239 15.372670807453417 6 50
151 0 76.16991883957866 76.24223602484473 1 11
152 0 52.875151096529095 52.95031055900621 2 18
153 0 33.24123640131238 34.161490683229815 3 29
154 0 22.880331548955276 23.60248447204969 4 37
155 0 13.227421861509239 15.372670807453417 6 50
156 0 76.16991883957866 76.24223602484473 1 9
157 0 52.875151096529095 52.95031055900621 2 18
158 0 33.24123640131238 34.161490683229815 3 29
159 0 22.880331548955276 23.60248447204969 4 37
160 0 76.16991883957866 76.24223602484473 1 9
161 0 52.875151096529095 52.95031055900621 2 18
162 0 33.24123640131238 34.161490683229815 3 29
163 0 22.880331548955276 23.60248447204969 4 37
164 0 76.22172336384044 76.24223602484473 1 9
165 0 52.875151096529095 52.95031055900621 2 18
166 0 33.24123640131238 34.161490683229815 3 29
167 0 22.880331548955276 23.60248447204969 4 37
168 0 76.16991883957866 76.24223602484473 1 10
169 0 52.875151096529095 52.95031055900621 2 18
170 0 33.24123640131238 34.161490683229815 3 29
171 0 22.880331548955276 23.60248447204969 4 37
172 0 76.22172336384044 76.24223602484473 1 9
173 0 52.875151096529095 52.95031055900621 2 18
174 0 33.24123640131238 34.161490683229815 3 29
175 0 22.880331548955276 23.60248447204969 4 37
176 0 76.16991883957866 76.24223602484473 1 9
177 0 52.875151096529095 52.95031055900621 2 18
178 0 33.24123640131238 34.161490683229815 3 29
179 0 22.880331548955276 23.60248447204969 4 37
180 0 76.16991883957866 76.24223602484473 1 11
181 0 13.31376273527888 15.527950310559005 6 51
182 0 52.909687446036955 52.95031055900621 2 17
183 0 52.909687446036955 52.95031055900621 2 17
184 0 33.37938179934381 34.316770186335404 3 29
185 0 33.37938179934381 34.316770186335404 3 29
186 0 23.035745121740632 23.75776397515528 4 37
187 0 23.035745121740632 23.75776397515528 4 37
188 0 16.594715938525297 17.857142857142858 5 44
189 0 16.594715938525297 17.857142857142858 5 44
190 0 76.16991883957866 76.24223602484473 1 9
191 0 13.31376273527888 15.527950310559005 6 51
192 0 52.909687446036955 52.95031055900621 2 17
193 0 33.37938179934381 34.316770186335404 3 29
194 0 23.035745121740632 23.75776397515528 4 37
195 0 16.594715938525297 17.857142857142858 5 44
196 0 76.16991883957866 76.24223602484473 1 9
197 0 13.31376273527888 15.527950310559005 6 51
198 0 52.875151096529095 52.95031055900621 2 17
199 0 33.37938179934381 34.316770186335404 3 29
200 0 23.035745121740632 23.75776397515528 4 37
201 0 16.594715938525297 17.857142857142858 5 44
202 0 76.16991883957866 76.24223602484473 1 9
203 0 13.31376273527888 15.527950310559005 6 51
204 0 52.909687446036955 52.95031055900621 2 17
205 0 33.37938179934381 34.316770186335404 3 29
206 0 23.035745121740632 23.75776397515528 4 37
207 0 16.594715938525297 17.857142857142858 5 44
208 0 76.16991883957866 76.24223602484473 1 9
209 0 13.31376273527888 15.527950310559005 6 51
210 0 52.875151096529095 52.95031055900621 2 17
211 0 33.37938179934381 34.316770186335404 3 29
212 0 23.035745121740632 23.75776397515528 4 37
213 0 16.594715938525297 17.857142857142858 5 44
214 0 76.16991883957866 76.24223602484473 1 10
215 0 13.31376273527888 15.527950310559005 6 51
216 0 52.875151096529095 52.95031055900621 2 17
217 0 33.37938179934381 34.316770186335404 3 29
218 0 23.035745121740632 23.75776397515528 4 37
219 0 76.16991883957866 76.24223602484473 1 9
220 0 13.31376273527888 15.527950310559005 6 51
221 0 52.909687446036955 52.95031055900621 2 17
222 0 33.37938179934381 34.316770186335404 3 29
223 0 23.035745121740632 23.75776397515528 4 37
224 0 76.22172336384044 76.24223602484473 1 9
225 0 13.31376273527888 15.527950310559005 6 51
226 0 52.875151096529095 52.95031055900621 2 17
227 0 33.37938179934381 34.316770186335404 3 29
228 0 23.035745121740632 23.75776397515528 4 37
229 0 76.16991883957866 76.24223602484473 1 9
230 0 13.31376273527888 15.527950310559005 6 51
231 0 52.909687446036955 52.95031055900621 2 17
232 0 33.37938179934381 34.316770186335404 3 29
233 0 23.035745121740632 23.75776397515528 4 37
234 0 76.16991883957866 76.24223602484473 1 9
235 0 13.31376273527888 15.527950310559005 6 51
236 0 52.909687446036955 52.95031055900621 2 17
237 0 33.37938179934381 34.316770186335404 3 29
238 0 23.035745121740632 23.75776397515528 4 37
239 0 76.16991883957866 76.24223602484473 1 11
240 0 76.16991883957866 76.24223602484473 1 12
241 0 13.417371783802452 15.683229813664596 6 48
242 0 52.80607839751338 52.79503105590062 2 18
243 0 52.80607839751338 52.79503105590062 2 18
244 0 33.36211362458988 34.316770186335404 3 30
245 0 33.25850457606631 34.161490683229815 3 29
246 0 23.018476946986706 23.91304347826087 4 38
247 0 23.018476946986706 23.91304347826087 4 38
248 0 15.679502676567086 17.391304347826086 5 43
249 0 15.679502676567086 17.391304347826086 5 43
250 0 76.16991883957866 76.24223602484473 1 13
251 0 52.80607839751338 52.79503105590062 2 18
252 0 33.36211362458988 34.316770186335404 3 30
253 0 23.018476946986706 23.91304347826087 4 38
254 0 15.679502676567086 17.391304347826086 5 43
255 0 76.16991883957866 76.24223602484473 1 12
256 0 52.80607839751338 52.79503105590062 2 18
257 0 33.36211362458988 34.316770186335404 3 30
258 0 15.679502676567086 17.391304347826086 5 43
259 0 76.16991883957866 76.24223602484473 1 11
260 0 33.36211362458988 34.316770186335404 3 30
261 0 15.679502676567086 17.391304347826086 5 43
262 0 76.16991883957866 76.24223602484473 1 13
263 0 33.36211362458988 34.316770186335404 3 30
264 0 15.679502676567086 17.391304347826086 5 43
265 0 76.16991883957866 76.24223602484473 1 13
266 0 33.36211362458988 34.316770186335404 3 30
267 0 15.679502676567086 17.391304347826086 5 43
268 0 76.16991883957866 76.24223602484473 1 11
269 0 33.36211362458988 34.316770186335404 3 30
270 0 15.679502676567086 17.391304347826086 5 43
271 0 76.16991883957866 76.24223602484473 1 12
272 0 15.679502676567086 17.391304347826086 5 43
273 0 76.16991883957866 76.24223602484473 1 11
274 0 15.679502676567086 17.391304347826086 5 43
275 0 76.16991883957866 76.24223602484473 1 9
276 0 15.679502676567086 17.391304347826086 5 43
277 0 76.16991883957866 76.24223602484473 1 13
278 0 15.679502676567086 17.391304347826086 5 43
279 0 76.16991883957866 76.24223602484473 1 9
280 0 15.679502676567086 17.391304347826086 5 43
281 0 15.679502676567086 17.391304347826086 5 43
282 0 13.417371783802452 15.217391304347828 7 57
283 0 76.3771369366258 76.3975155279503 1 13
284 0 55.482645484372306 55.12422360248447 2 19
285 0 33.13762735278881 34.161490683229815 3 29
286 0 22.880331548955276 23.60248447204969 5 44
287 0 23.571058539112418 24.22360248447205 4 37
288 0 13.141080987739596 15.527950310559005 6 50
289 0 13.141080987739596 15.527950310559005 6 50
290 0 13.417371783802452 15.217391304347828 7 57
291 0 13.141080987739596 15.527950310559005 6 50
292 0 13.417371783802452 15.217391304347828 7 57
293 0 13.141080987739596 15.527950310559005 6 50
294 0 13.417371783802452 15.217391304347828 7 57
295 0 13.141080987739596 15.527950310559005 6 50
296 0 13.417371783802452 15.217391304347828 7 57
297 0 13.141080987739596 15.527950310559005 6 50
298 0 13.417371783802452 15.217391304347828 7 57
299 0 13.141080987739596 15.527950310559005 6 50
