0 0 76.18718701433258 76.08695652173914 1 12
1 0 12.692108444137453 11.490683229813664 9 96
2 0 52.926955620790885 52.79503105590062 2 33
3 0 53.2377827663616 52.95031055900621 2 34
4 0 33.34484544983595 33.85093167701863 3 49
5 0 33.34484544983595 33.85093167701863 3 49
6 0 23.778276636159557 23.75776397515528 4 53
7 0 23.691935762389914 24.06832298136646 4 54
8 0 17.40632015195994 17.857142857142858 5 59
9 0 17.59627007425315 17.857142857142858 5 58
10 0 14.764289414608875 14.906832298136646 6 70
11 0 14.747021239854947 14.906832298136646 6 70
12 0 13.10654463823174 11.645962732919255 7 76
13 0 13.10654463823174 11.645962732919255 7 76
14 0 12.657572094629598 11.490683229813664 8 81
15 0 12.657572094629598 11.490683229813664 8 81
16 0 76.34260058711794 76.24223602484473 1 16
17 0 12.692108444137453 11.490683229813664 9 96
18 0 52.926955620790885 52.79503105590062 2 33
19 0 33.36211362458988 33.85093167701863 3 49
20 0 23.691935762389914 24.06832298136646 4 54
21 0 17.63080642376101 18.012422360248447 5 56
22 0 14.747021239854947 14.906832298136646 6 70
23 0 13.10654463823174 11.645962732919255 7 76
24 0 12.657572094629598 11.490683229813664 8 81
25 0 76.34260058711794 76.24223602484473 1 16
26 0 12.692108444137453 11.490683229813664 9 96
27 0 53.2377827663616 52.95031055900621 2 34
28 0 33.34484544983595 33.85093167701863 3 49
29 0 23.933690208944913 23.4472049689441 4 53
30 0 17.59627007425315 18.012422360248447 5 58
31 0 14.747021239854947 14.906832298136646 6 67
32 0 13.10654463823174 11.645962732919255 7 76
33 0 12.657572094629598 11.490683229813664 8 81
34 0 76.34260058711794 76.24223602484473 1 15
35 0 12.692108444137453 11.490683229813664 9 96
36 0 52.926955620790885 52.79503105590062 2 33
37 0 33.36211362458988 33.85093167701863 3 49
38 0 23.726472111897774 24.06832298136646 4 54
39 0 17.440856501467795 17.857142857142858 5 54
40 0 14.747021239854947 14.906832298136646 6 70
41 0 13.10654463823174 11.645962732919255 7 76
42 0 12.657572094629598 11.490683229813664 8 81
43 0 76.34260058711794 76.24223602484473 1 15
44 0 12.692108444137453 11.490683229813664 9 96
45 0 52.9960283198066 52.79503105590062 2 33
46 0 33.34484544983595 33.85093167701863 3 49
47 0 23.795544810913487 23.75776397515528 4 53
48 0 17.440856501467795 17.857142857142858 5 54
49 0 14.747021239854947 14.906832298136646 6 70
50 0 13.10654463823174 11.645962732919255 7 76
51 0 12.657572094629598 11.490683229813664 8 81
52 0 76.34260058711794 76.24223602484473 1 18
53 0 12.692108444137453 11.490683229813664 9 96
54 0 52.9960283198066 52.79503105590062 2 33
55 0 33.34484544983595 33.85093167701863 3 49
56 0 23.622863063374204 23.60248447204969 4 49
57 0 17.458124676221722 17.857142857142858 5 59
58 0 14.764289414608875 14.906832298136646 6 70
59 0 13.10654463823174 11.645962732919255 7 76
60 0 76.18718701433258 76.08695652173914 1 8
61 0 12.64030391987567 11.024844720496894 9 100
62 0 52.94422379554481 52.79503105590062 2 31
63 0 23.553790364358488 23.75776397515528 4 52
64 0 52.94422379554481 52.79503105590062 2 31
65 0 33.3103091003281 33.85093167701863 3 45
66 0 17.38905197720601 17.857142857142858 5 56
67 0 33.3103091003281 33.85093167701863 3 45
68 0 14.747021239854947 14.906832298136646 6 69
69 0 14.712484890347092 14.596273291925465 6 67
70 0 13.08927646347781 11.180124223602485 7 76
71 0 12.64030391987567 11.024844720496894 8 81
72 0 13.08927646347781 11.180124223602485 7 76
73 0 12.64030391987567 11.024844720496894 8 81
74 0 76.18718701433258 76.08695652173914 1 8
75 0 12.64030391987567 11.024844720496894 9 100
76 0 52.94422379554481 52.79503105590062 2 31
77 0 33.3103091003281 33.85093167701863 3 45
78 0 14.747021239854947 14.906832298136646 6 69
79 0 13.08927646347781 11.180124223602485 7 76
80 0 12.64030391987567 11.024844720496894 8 81
81 0 76.18718701433258 76.08695652173914 1 8
82 0 12.64030391987567 11.024844720496894 9 100
83 0 52.94422379554481 52.79503105590062 2 31
84 0 33.3103091003281 33.85093167701863 3 45
85 0 14.747021239854947 14.906832298136646 6 69
86 0 13.08927646347781 11.180124223602485 7 76
87 0 12.64030391987567 11.024844720496894 8 81
88 0 76.18718701433258 76.08695652173914 1 10
89 0 12.64030391987567 11.024844720496894 9 100
90 0 14.747021239854947 14.906832298136646 6 69
91 0 13.08927646347781 11.180124223602485 7 76
92 0 12.64030391987567 11.024844720496894 8 81
93 0 76.18718701433258 76.08695652173914 1 9
94 0 12.64030391987567 11.024844720496894 9 100
95 0 14.747021239854947 14.906832298136646 6 69
96 0 13.08927646347781 11.180124223602485 7 76
97 0 12.64030391987567 11.024844720496894 8 81
98 0 76.18718701433258 76.08695652173914 1 8
99 0 12.64030391987567 11.024844720496894 9 100
100 0 14.747021239854947 14.906832298136646 6 69
101 0 13.08927646347781 11.180124223602485 7 76
102 0 12.64030391987567 11.024844720496894 8 81
103 0 76.18718701433258 76.08695652173914 1 14
104 0 12.64030391987567 11.024844720496894 9 100
105 0 14.747021239854947 14.906832298136646 6 69
106 0 13.08927646347781 11.180124223602485 7 76
107 0 12.64030391987567 11.024844720496894 8 81
108 0 76.18718701433258 76.08695652173914 1 14
109 0 12.64030391987567 11.024844720496894 9 100
110 0 14.747021239854947 14.906832298136646 6 69
111 0 13.08927646347781 11.180124223602485 7 76
112 0 12.64030391987567 11.024844720496894 8 81
113 0 12.64030391987567 11.024844720496894 8 81
114 0 76.34260058711794 76.24223602484473 1 14
115 0 12.64030391987567 11.024844720496894 14 152
116 0 44.292868243826625 45.03105590062112 3 34
117 0 53.116905543084094 52.95031055900621 2 34
118 0 23.571058539112418 23.60248447204969 4 51
119 0 12.64030391987567 11.024844720496894 12 123
120 0 76.18718701433258 76.08695652173914 1 5
121 0 13.348299084786738 11.180124223602485 7 77
122 0 52.978760145052675 52.95031055900621 2 30
123 0 52.978760145052675 52.95031055900621 2 30
124 0 33.37938179934381 33.85093167701863 3 46
125 0 33.37938179934381 33.85093167701863 3 46
126 0 23.51925401485063 23.60248447204969 4 52
127 0 23.51925401485063 23.60248447204969 4 52
128 0 17.354515627698152 18.012422360248447 5 58
129 0 17.354515627698152 18.012422360248447 5 58
130 0 14.798825764116733 14.596273291925465 6 69
131 0 14.850630288378518 14.751552795031056 6 69
132 0 76.18718701433258 76.08695652173914 1 15
133 0 13.348299084786738 11.180124223602485 7 77
134 0 53.047832844068374 52.95031055900621 2 30
135 0 23.51925401485063 23.60248447204969 4 52
136 0 17.354515627698152 18.012422360248447 5 58
137 0 76.18718701433258 76.08695652173914 1 15
138 0 13.348299084786738 11.180124223602485 7 77
139 0 52.9960283198066 52.79503105590062 2 31
140 0 23.51925401485063 23.60248447204969 4 52
141 0 17.354515627698152 18.012422360248447 5 58
142 0 76.18718701433258 76.08695652173914 1 5
143 0 13.348299084786738 11.180124223602485 7 77
144 0 53.047832844068374 53.105590062111794 2 30
145 0 23.51925401485063 23.60248447204969 4 52
146 0 17.354515627698152 18.012422360248447 5 58
147 0 76.18718701433258 76.08695652173914 1 5
148 0 13.348299084786738 11.180124223602485 7 77
149 0 52.9960283198066 52.79503105590062 2 31
150 0 23.51925401485063 23.60248447204969 4 52
151 0 17.354515627698152 18.012422360248447 5 58
152 0 76.18718701433258 76.08695652173914 1 16
153 0 13.348299084786738 11.180124223602485 7 77
154 0 52.978760145052675 52.95031055900621 2 30
155 0 23.51925401485063 23.60248447204969 4 52
156 0 17.354515627698152 18.012422360248447 5 58
157 0 76.18718701433258 76.08695652173914 1 5
158 0 13.348299084786738 11.180124223602485 7 77
159 0 52.978760145052675 52.79503105590062 2 31
160 0 23.51925401485063 23.60248447204969 4 52
161 0 17.354515627698152 18.012422360248447 5 58
162 0 76.18718701433258 76.08695652173914 1 5
163 0 13.348299084786738 11.180124223602485 7 77
164 0 52.978760145052675 52.95031055900621 2 30
165 0 23.51925401485063 23.60248447204969 4 52
166 0 76.18718701433258 76.08695652173914 1 5
167 0 13.348299084786738 11.180124223602485 7 77
168 0 52.978760145052675 52.95031055900621 2 32
169 0 23.51925401485063 23.60248447204969 4 52
170 0 76.18718701433258 76.08695652173914 1 15
171 0 13.348299084786738 11.180124223602485 7 77
172 0 52.978760145052675 52.95031055900621 2 30
173 0 23.51925401485063 23.60248447204969 4 52
174 0 76.18718701433258 76.08695652173914 1 5
175 0 13.348299084786738 11.180124223602485 7 77
176 0 52.978760145052675 52.95031055900621 2 30
177 0 23.51925401485063 23.60248447204969 4 52
178 0 76.18718701433258 76.08695652173914 1 16
179 0 13.348299084786738 11.180124223602485 7 77
180 0 76.18718701433258 76.08695652173914 1 6
181 0 12.830253842168881 11.490683229813664 9 90
182 0 52.96149197029874 52.95031055900621 2 31
183 0 52.926955620790885 52.79503105590062 2 33
184 0 33.396649974097734 34.161490683229815 3 47
185 0 17.440856501467795 18.32298136645963 5 57
186 0 13.158349162493524 11.335403726708075 8 81
187 0 33.396649974097734 34.161490683229815 3 47
188 0 23.622863063374204 24.06832298136646 4 52
189 0 23.622863063374204 24.06832298136646 4 52
190 0 14.919702987394231 14.285714285714285 6 68
191 0 13.762735278881022 11.956521739130435 7 80
192 0 14.919702987394231 14.285714285714285 6 68
193 0 13.762735278881022 11.956521739130435 7 80
194 0 76.18718701433258 76.08695652173914 1 8
195 0 52.96149197029874 52.95031055900621 2 31
196 0 33.396649974097734 34.161490683229815 3 47
197 0 23.622863063374204 24.06832298136646 4 52
198 0 14.919702987394231 14.285714285714285 6 68
199 0 13.762735278881022 11.956521739130435 7 80
200 0 76.29079606285616 76.24223602484473 1 9
201 0 52.94422379554481 52.79503105590062 2 32
202 0 33.396649974097734 34.161490683229815 3 47
203 0 14.83336211362459 14.440993788819876 6 69
204 0 13.762735278881022 11.956521739130435 7 80
205 0 76.18718701433258 76.08695652173914 1 7
206 0 52.96149197029874 52.79503105590062 2 31
207 0 33.396649974097734 34.161490683229815 3 47
208 0 14.919702987394231 14.285714285714285 6 68
209 0 13.762735278881022 11.956521739130435 7 80
210 0 76.18718701433258 76.08695652173914 1 6
211 0 52.926955620790885 52.79503105590062 2 33
212 0 33.396649974097734 34.161490683229815 3 47
213 0 17.907097219823864 16.149068322981368 6 72
214 0 13.762735278881022 11.956521739130435 7 80
215 0 76.18718701433258 76.08695652173914 1 8
216 0 52.94422379554481 52.79503105590062 2 30
217 0 33.396649974097734 34.161490683229815 3 47
218 0 14.83336211362459 14.440993788819876 6 69
219 0 13.762735278881022 11.956521739130435 7 80
220 0 76.18718701433258 76.08695652173914 1 9
221 0 52.909687446036955 52.79503105590062 2 31
222 0 33.396649974097734 34.161490683229815 3 47
223 0 14.83336211362459 14.440993788819876 6 69
224 0 13.762735278881022 11.956521739130435 7 80
225 0 76.18718701433258 76.08695652173914 1 8
226 0 52.96149197029874 52.95031055900621 2 31
227 0 33.396649974097734 34.161490683229815 3 47
228 0 14.919702987394231 14.285714285714285 6 68
229 0 76.18718701433258 76.08695652173914 1 7
230 0 52.96149197029874 52.95031055900621 2 31
231 0 14.83336211362459 14.440993788819876 6 69
232 0 76.18718701433258 76.08695652173914 1 6
233 0 52.94422379554481 52.79503105590062 2 31
234 0 14.83336211362459 14.440993788819876 6 69
235 0 76.18718701433258 76.08695652173914 1 7
236 0 52.96149197029874 52.95031055900621 2 31
237 0 14.919702987394231 14.285714285714285 6 68
238 0 76.18718701433258 76.08695652173914 1 6
239 0 52.909687446036955 52.79503105590062 2 31
240 0 76.18718701433258 76.08695652173914 1 8
241 0 13.935417026420307 13.198757763975156 12 123
242 0 53.51407356242445 53.57142857142857 2 28
243 0 53.51407356242445 53.57142857142857 2 28
244 0 33.60386807114488 34.62732919254658 3 48
245 0 33.60386807114488 34.62732919254658 3 48
246 0 23.830081160421344 24.53416149068323 4 53
247 0 23.830081160421344 24.53416149068323 4 53
248 0 17.354515627698152 18.012422360248447 5 57
249 0 13.382835434294597 11.180124223602485 10 115
250 0 17.354515627698152 18.012422360248447 5 57
251 0 14.608875841823519 14.596273291925465 6 69
252 0 17.458124676221722 18.012422360248447 8 87
253 0 18.010706268347434 16.925465838509314 9 98
254 0 14.47073044379209 12.577639751552795 9 100
255 0 13.175617337247452 11.645962732919255 7 78
256 0 15.955793472629942 16.77018633540373 8 99
257 0 13.382835434294597 11.180124223602485 10 115
258 0 14.608875841823519 14.596273291925465 6 69
259 0 13.175617337247452 11.645962732919255 7 78
260 0 76.48074598514937 76.3975155279503 1 9
261 0 53.51407356242445 53.57142857142857 2 28
262 0 33.60386807114488 34.62732919254658 3 48
263 0 23.830081160421344 24.53416149068323 4 53
264 0 17.354515627698152 18.012422360248447 5 57
265 0 13.072008288723882 11.180124223602485 8 96
266 0 14.608875841823519 14.596273291925465 6 69
267 0 13.175617337247452 11.645962732919255 7 78
268 0 76.18718701433258 76.08695652173914 1 8
269 0 33.60386807114488 34.62732919254658 3 48
270 0 23.830081160421344 24.53416149068323 4 53
271 0 17.354515627698152 18.012422360248447 5 57
272 0 17.458124676221722 18.012422360248447 8 87
273 0 14.608875841823519 14.596273291925465 6 69
274 0 13.175617337247452 11.645962732919255 7 78
275 0 76.18718701433258 76.08695652173914 1 10
276 0 33.60386807114488 34.62732919254658 3 48
277 0 17.354515627698152 18.012422360248447 5 57
278 0 14.608875841823519 14.596273291925465 6 69
279 0 13.175617337247452 11.645962732919255 7 78
280 0 76.18718701433258 76.08695652173914 1 10
281 0 33.60386807114488 34.62732919254658 3 48
282 0 17.354515627698152 18.012422360248447 5 57
283 0 14.608875841823519 14.596273291925465 6 69
284 0 13.175617337247452 11.645962732919255 7 78
285 0 76.18718701433258 76.08695652173914 1 7
286 0 33.60386807114488 34.62732919254658 3 48
287 0 17.354515627698152 18.012422360248447 5 57
288 0 14.608875841823519 14.596273291925465 6 69
289 0 13.175617337247452 11.645962732919255 7 78
290 0 76.6188913831808 77.32919254658384 1 10
291 0 33.60386807114488 34.62732919254658 3 48
292 0 17.354515627698152 18.012422360248447 5 57
293 0 14.608875841823519 14.596273291925465 6 69
294 0 13.175617337247452 11.645962732919255 7 78
295 0 76.6188913831808 77.32919254658384 1 10
296 0 33.60386807114488 34.62732919254658 3 48
297 0 14.608875841823519 14.596273291925465 6 69
298 0 13.175617337247452 11.645962732919255 7 78
299 0 76.6188913831808 77.32919254658384 1 10
