0 0 76.17403314917127 76.20528771384136 1 9
1 0 13.415055248618785 16.640746500777606 7 53
2 0 52.96961325966851 52.87713841368584 2 18
3 0 52.96961325966851 52.87713841368584 2 18
4 0 33.114640883977906 34.52566096423017 3 26
5 0 33.114640883977906 34.52566096423017 3 26
6 0 22.824585635359114 24.10575427682737 4 30
7 0 22.824585635359114 24.10575427682737 4 30
8 0 15.435082872928177 17.573872472783826 5 36
9 0 15.435082872928177 17.573872472783826 5 36
10 0 13.656767955801104 16.796267496111973 6 45
11 0 13.656767955801104 16.796267496111973 6 45
12 0 76.17403314917127 76.20528771384136 1 10
13 0 13.415055248618785 16.640746500777606 7 53
14 0 52.96961325966851 52.87713841368584 2 18
15 0 33.114640883977906 34.52566096423017 3 26
16 0 22.824585635359114 24.10575427682737 4 30
17 0 15.435082872928177 17.573872472783826 5 36
18 0 13.656767955801104 16.796267496111973 6 45
19 0 76.17403314917127 76.20528771384136 1 9
20 0 13.415055248618785 16.640746500777606 7 53
21 0 52.96961325966851 52.87713841368584 2 18
22 0 33.114640883977906 34.52566096423017 3 26
23 0 22.824585635359114 24.10575427682737 4 30
24 0 15.435082872928177 17.573872472783826 5 36
25 0 13.656767955801104 16.796267496111973 6 45
26 0 76.17403314917127 76.20528771384136 1 9
27 0 13.415055248618785 16.640746500777606 7 53
28 0 52.96961325966851 52.87713841368584 2 18
29 0 33.114640883977906 34.52566096423017 3 26
30 0 22.824585635359114 24.10575427682737 4 30
31 0 15.435082872928177 17.573872472783826 5 36
32 0 13.656767955801104 16.796267496111973 6 45
33 0 76.17403314917127 76.20528771384136 1 10
34 0 13.415055248618785 16.640746500777606 7 53
35 0 52.96961325966851 52.87713841368584 2 18
36 0 33.114640883977906 34.52566096423017 3 26
37 0 22.824585635359114 24.10575427682737 4 30
38 0 15.435082872928177 17.573872472783826 5 36
39 0 13.656767955801104 16.796267496111973 6 45
40 0 76.17403314917127 76.20528771384136 1 9
41 0 13.415055248618785 16.640746500777606 7 53
42 0 52.96961325966851 52.87713841368584 2 18
43 0 33.114640883977906 34.52566096423017 3 26
44 0 22.824585635359114 24.10575427682737 4 30
45 0 15.435082872928177 17.573872472783826 5 36
46 0 13.656767955801104 16.796267496111973 6 45
47 0 76.17403314917127 76.20528771384136 1 9
48 0 13.415055248618785 16.640746500777606 7 53
49 0 52.96961325966851 52.87713841368584 2 18
50 0 33.114640883977906 34.52566096423017 3 26
51 0 22.824585635359114 24.10575427682737 4 30
52 0 15.435082872928177 17.573872472783826 5 36
53 0 13.656767955801104 16.796267496111973 6 45
54 0 76.17403314917127 76.20528771384136 1 9
55 0 13.415055248618785 16.640746500777606 7 53
56 0 52.96961325966851 52.87713841368584 2 18
57 0 33.114640883977906 34.52566096423017 3 26
58 0 22.824585635359114 24.10575427682737 4 30
59 0 15.435082872928177 17.573872472783826 5 36
60 0 76.17403314917127 76.20528771384136 1 5
61 0 13.604972375690608 16.329704510108865 8 61
62 0 52.96961325966851 53.03265940902022 2 21
63 0 52.96961325966851 53.03265940902022 2 21
64 0 33.14917127071823 34.21461897356143 3 25
65 0 13.898480662983426 16.796267496111973 6 46
66 0 33.14917127071823 34.21461897356143 3 25
67 0 22.772790055248617 24.10575427682737 4 30
68 0 22.772790055248617 24.10575427682737 4 30
69 0 15.435082872928177 17.573872472783826 5 36
70 0 15.435082872928177 17.573872472783826 5 36
71 0 13.898480662983426 16.796267496111973 6 46
72 0 76.17403314917127 76.20528771384136 1 8
73 0 52.96961325966851 53.03265940902022 2 21
74 0 33.14917127071823 34.21461897356143 3 25
75 0 22.824585635359114 24.10575427682737 4 30
76 0 15.435082872928177 17.573872472783826 5 36
77 0 13.898480662983426 16.796267496111973 6 46
78 0 76.17403314917127 76.20528771384136 1 8
79 0 52.96961325966851 53.03265940902022 2 21
80 0 33.14917127071823 34.21461897356143 3 25
81 0 22.772790055248617 24.10575427682737 4 30
82 0 15.435082872928177 17.573872472783826 5 36
83 0 76.17403314917127 76.20528771384136 1 8
84 0 52.96961325966851 53.03265940902022 2 21
85 0 33.14917127071823 34.21461897356143 3 25
86 0 23.238950276243095 24.57231726283048 4 30
87 0 15.435082872928177 17.573872472783826 5 36
88 0 76.17403314917127 76.20528771384136 1 7
89 0 52.96961325966851 53.03265940902022 2 21
90 0 33.14917127071823 34.21461897356143 3 25
91 0 22.824585635359114 24.10575427682737 4 30
92 0 15.435082872928177 17.573872472783826 5 36
93 0 76.17403314917127 76.20528771384136 1 13
94 0 52.96961325966851 53.03265940902022 2 21
95 0 33.14917127071823 34.21461897356143 3 25
96 0 22.824585635359114 24.261275272161743 4 29
97 0 15.435082872928177 17.573872472783826 5 36
98 0 76.17403314917127 76.20528771384136 1 13
99 0 52.90055248618785 52.87713841368584 2 20
100 0 33.14917127071823 34.21461897356143 3 25
101 0 22.824585635359114 24.10575427682737 4 30
102 0 15.435082872928177 17.573872472783826 5 36
103 0 76.17403314917127 76.20528771384136 1 13
104 0 52.96961325966851 53.03265940902022 2 21
105 0 33.14917127071823 34.21461897356143 3 25
106 0 22.824585635359114 24.261275272161743 4 29
107 0 15.435082872928177 17.573872472783826 5 36
108 0 76.17403314917127 76.20528771384136 1 6
109 0 52.96961325966851 53.03265940902022 2 21
110 0 33.14917127071823 34.21461897356143 3 25
111 0 22.824585635359114 24.10575427682737 4 30
112 0 15.435082872928177 17.573872472783826 5 36
113 0 76.17403314917127 76.20528771384136 1 12
114 0 52.96961325966851 53.03265940902022 2 21
115 0 33.14917127071823 34.21461897356143 3 25
116 0 22.824585635359114 24.10575427682737 4 30
117 0 76.17403314917127 76.20528771384136 1 6
118 0 33.14917127071823 34.21461897356143 3 25
119 0 22.824585635359114 24.10575427682737 4 30
120 0 76.17403314917127 76.20528771384136 1 12
121 0 13.415055248618785 16.640746500777606 7 53
122 0 22.910911602209943 24.57231726283048 4 31
123 0 52.883287292817684 52.87713841368584 2 20
124 0 52.883287292817684 52.87713841368584 2 19
125 0 33.14917127071823 34.21461897356143 3 26
126 0 33.14917127071823 34.21461897356143 3 26
127 0 15.59046961325967 17.573872472783826 5 36
128 0 15.59046961325967 17.573872472783826 5 36
129 0 13.656767955801104 16.796267496111973 6 45
130 0 13.604972375690608 16.485225505443236 6 45
131 0 76.22582872928176 76.20528771384136 1 11
132 0 13.415055248618785 16.640746500777606 7 53
133 0 52.93508287292818 52.72161741835147 2 20
134 0 33.14917127071823 34.21461897356143 3 26
135 0 15.59046961325967 17.573872472783826 5 36
136 0 13.656767955801104 16.796267496111973 6 45
137 0 76.17403314917127 76.20528771384136 1 14
138 0 13.415055248618785 16.640746500777606 7 53
139 0 52.93508287292818 52.72161741835147 2 20
140 0 33.14917127071823 34.21461897356143 3 26
141 0 15.435082872928177 17.573872472783826 5 36
142 0 13.656767955801104 16.796267496111973 6 45
143 0 76.17403314917127 76.20528771384136 1 12
144 0 13.415055248618785 16.640746500777606 7 53
145 0 52.93508287292818 52.72161741835147 2 20
146 0 33.14917127071823 34.21461897356143 3 26
147 0 15.435082872928177 17.573872472783826 5 36
148 0 13.656767955801104 16.796267496111973 6 45
149 0 76.17403314917127 76.20528771384136 1 13
150 0 13.415055248618785 16.640746500777606 7 53
151 0 52.93508287292818 52.72161741835147 2 20
152 0 33.14917127071823 34.21461897356143 3 26
153 0 15.435082872928177 17.573872472783826 5 36
154 0 13.656767955801104 16.796267496111973 6 45
155 0 76.17403314917127 76.20528771384136 1 13
156 0 13.415055248618785 16.640746500777606 7 53
157 0 52.93508287292818 52.72161741835147 2 20
158 0 33.14917127071823 34.21461897356143 3 26
159 0 15.59046961325967 17.573872472783826 5 36
160 0 13.656767955801104 16.796267496111973 6 45
161 0 76.22582872928176 76.20528771384136 1 11
162 0 13.415055248618785 16.640746500777606 7 53
163 0 52.93508287292818 52.72161741835147 2 20
164 0 33.14917127071823 34.21461897356143 3 26
165 0 15.59046961325967 17.573872472783826 5 36
166 0 13.656767955801104 16.796267496111973 6 45
167 0 76.17403314917127 76.20528771384136 1 13
168 0 13.415055248618785 16.640746500777606 7 53
169 0 52.93508287292818 52.72161741835147 2 20
170 0 33.14917127071823 34.21461897356143 3 26
171 0 15.59046961325967 17.573872472783826 5 36
172 0 76.17403314917127 76.20528771384136 1 12
173 0 13.415055248618785 16.640746500777606 7 53
174 0 33.14917127071823 34.21461897356143 3 26
175 0 33.14917127071823 34.21461897356143 3 26
176 0 76.43301104972376 76.82737169517885 1 12
177 0 13.415055248618785 16.640746500777606 8 66
178 0 55.62845303867403 55.05443234836703 2 17
179 0 34.892955801104975 34.68118195956454 3 27
180 0 76.17403314917127 76.20528771384136 1 4
181 0 13.898480662983426 16.640746500777606 9 70
182 0 23.16988950276243 25.194401244167963 4 32
183 0 52.96961325966851 52.87713841368584 2 18
184 0 53.91919889502762 54.12130637636081 2 22
185 0 33.459944751381215 34.99222395023328 3 27
186 0 33.459944751381215 34.99222395023328 3 27
187 0 14.796270718232044 17.573872472783826 6 47
188 0 13.415055248618785 16.640746500777606 7 53
189 0 15.435082872928177 17.573872472783826 5 36
190 0 15.435082872928177 17.573872472783826 5 36
191 0 13.432320441988951 16.640746500777606 7 54
192 0 76.17403314917127 76.20528771384136 1 12
193 0 13.898480662983426 16.485225505443236 9 75
194 0 52.90055248618785 53.03265940902022 2 20
195 0 33.459944751381215 34.99222395023328 3 27
196 0 15.435082872928177 17.573872472783826 5 36
197 0 13.432320441988951 16.640746500777606 7 54
198 0 76.17403314917127 76.20528771384136 1 7
199 0 13.898480662983426 16.640746500777606 9 70
200 0 52.91781767955801 52.87713841368584 2 21
201 0 33.459944751381215 34.99222395023328 3 27
202 0 15.435082872928177 17.573872472783826 5 36
203 0 13.415055248618785 16.640746500777606 7 53
204 0 76.19129834254143 76.36080870917574 1 12
205 0 13.898480662983426 16.485225505443236 9 75
206 0 53.91919889502762 54.12130637636081 2 22
207 0 33.459944751381215 34.99222395023328 3 27
208 0 15.435082872928177 17.573872472783826 5 36
209 0 13.415055248618785 16.640746500777606 7 53
210 0 76.17403314917127 76.20528771384136 1 6
211 0 52.91781767955801 52.87713841368584 2 21
212 0 33.459944751381215 34.99222395023328 3 27
213 0 15.435082872928177 17.573872472783826 5 36
214 0 13.415055248618785 16.640746500777606 7 53
215 0 76.19129834254143 76.20528771384136 1 13
216 0 52.95234806629834 53.18818040435459 2 20
217 0 33.459944751381215 34.99222395023328 3 27
218 0 15.435082872928177 17.573872472783826 5 36
219 0 13.415055248618785 16.640746500777606 7 53
220 0 76.17403314917127 76.20528771384136 1 12
221 0 52.90055248618785 53.03265940902022 2 20
222 0 33.459944751381215 34.99222395023328 3 27
223 0 13.415055248618785 16.640746500777606 7 53
224 0 76.17403314917127 76.20528771384136 1 11
225 0 53.901933701657455 54.58786936236392 2 21
226 0 13.415055248618785 16.640746500777606 7 53
227 0 76.19129834254143 76.36080870917574 1 12
228 0 52.90055248618785 53.03265940902022 2 20
229 0 13.432320441988951 16.640746500777606 7 54
230 0 76.17403314917127 76.20528771384136 1 6
231 0 53.91919889502762 54.12130637636081 2 22
232 0 13.415055248618785 16.640746500777606 7 53
233 0 76.17403314917127 76.20528771384136 1 4
234 0 53.91919889502762 54.12130637636081 2 22
235 0 76.17403314917127 76.20528771384136 1 13
236 0 52.96961325966851 52.87713841368584 2 18
237 0 76.17403314917127 76.20528771384136 1 12
238 0 53.988259668508285 53.96578538102644 2 21
239 0 52.91781767955801 52.87713841368584 2 21
240 0 76.17403314917127 76.20528771384136 1 11
241 0 13.415055248618785 16.640746500777606 8 65
242 0 52.883287292817684 52.72161741835147 2 19
243 0 52.883287292817684 52.72161741835147 2 19
244 0 33.14917127071823 34.21461897356143 3 25
245 0 33.14917127071823 34.21461897356143 3 25
246 0 22.824585635359114 24.10575427682737 4 30
247 0 22.824585635359114 24.10575427682737 4 30
248 0 15.435082872928177 17.573872472783826 5 36
249 0 15.435082872928177 17.573872472783826 5 36
250 0 14.24378453038674 16.640746500777606 6 46
251 0 14.071132596685082 16.796267496111973 6 46
252 0 13.432320441988951 16.640746500777606 7 54
253 0 13.432320441988951 16.640746500777606 7 54
254 0 76.17403314917127 76.20528771384136 1 9
255 0 13.415055248618785 16.640746500777606 8 65
256 0 52.90055248618785 52.87713841368584 2 18
257 0 33.14917127071823 34.21461897356143 3 25
258 0 22.824585635359114 24.10575427682737 4 30
259 0 15.435082872928177 17.573872472783826 5 36
260 0 14.071132596685082 16.796267496111973 6 46
261 0 13.432320441988951 16.640746500777606 7 54
262 0 76.17403314917127 76.20528771384136 1 10
263 0 13.415055248618785 16.640746500777606 8 65
264 0 52.90055248618785 52.87713841368584 2 19
265 0 33.14917127071823 34.21461897356143 3 25
266 0 22.824585635359114 24.10575427682737 4 30
267 0 15.435082872928177 17.573872472783826 5 36
268 0 14.071132596685082 16.796267496111973 6 46
269 0 13.432320441988951 16.640746500777606 7 54
270 0 76.24309392265194 76.67185069984448 1 10
271 0 13.415055248618785 16.640746500777606 8 65
272 0 52.883287292817684 52.72161741835147 2 19
273 0 33.14917127071823 34.21461897356143 3 25
274 0 22.824585635359114 24.10575427682737 4 30
275 0 15.435082872928177 17.573872472783826 5 36
276 0 14.071132596685082 16.796267496111973 6 46
277 0 13.432320441988951 16.640746500777606 7 54
278 0 76.17403314917127 76.20528771384136 1 10
279 0 13.415055248618785 16.640746500777606 8 65
280 0 52.90055248618785 52.87713841368584 2 19
281 0 33.14917127071823 34.21461897356143 3 25
282 0 22.824585635359114 24.10575427682737 4 30
283 0 15.435082872928177 17.573872472783826 5 36
284 0 14.071132596685082 16.796267496111973 6 46
285 0 13.432320441988951 16.640746500777606 7 54
286 0 76.17403314917127 76.20528771384136 1 9
287 0 13.415055248618785 16.640746500777606 8 65
288 0 52.90055248618785 52.87713841368584 2 19
289 0 33.14917127071823 34.21461897356143 3 25
290 0 22.824585635359114 24.10575427682737 4 30
291 0 15.435082872928177 17.573872472783826 5 36
292 0 14.071132596685082 16.796267496111973 6 46
293 0 13.432320441988951 16.640746500777606 7 54
294 0 76.17403314917127 76.20528771384136 1 9
295 0 13.415055248618785 16.640746500777606 8 65
296 0 52.883287292817684 52.87713841368584 2 20
297 0 33.14917127071823 34.21461897356143 3 25
298 0 22.824585635359114 24.10575427682737 4 30
299 0 15.435082872928177 17.573872472783826 5 36
