0 0 76.17403314917127 76.20528771384136 1 5
1 0 11.96477900552486 12.130637636080872 9 81
2 0 52.74516574585635 53.03265940902022 2 30
3 0 23.34254143646409 24.261275272161743 4 48
4 0 52.762430939226526 53.03265940902022 2 30
5 0 33.062845303867405 33.748055987558324 3 43
6 0 33.062845303867405 33.748055987558324 3 43
7 0 17.075276243093924 17.884914463452567 5 52
8 0 17.075276243093924 17.884914463452567 5 52
9 0 14.295580110497239 15.552099533437014 6 64
10 0 13.55317679558011 14.930015552099535 7 68
11 0 12.689917127071823 12.908242612752721 8 77
12 0 12.689917127071823 12.908242612752721 8 77
13 0 14.295580110497239 15.552099533437014 6 64
14 0 13.55317679558011 14.930015552099535 7 68
15 0 76.17403314917127 76.20528771384136 1 15
16 0 11.96477900552486 12.130637636080872 9 81
17 0 52.74516574585635 53.03265940902022 2 30
18 0 33.062845303867405 33.748055987558324 3 43
19 0 17.075276243093924 17.884914463452567 5 52
20 0 12.689917127071823 12.908242612752721 8 77
21 0 14.295580110497239 15.552099533437014 6 64
22 0 13.55317679558011 14.930015552099535 7 68
23 0 76.17403314917127 76.20528771384136 1 15
24 0 11.96477900552486 12.130637636080872 9 81
25 0 52.762430939226526 53.03265940902022 2 30
26 0 33.062845303867405 33.748055987558324 3 43
27 0 17.075276243093924 17.884914463452567 5 52
28 0 12.689917127071823 12.908242612752721 8 77
29 0 14.295580110497239 15.552099533437014 6 64
30 0 13.55317679558011 14.930015552099535 7 68
31 0 76.17403314917127 76.20528771384136 1 15
32 0 11.96477900552486 12.130637636080872 9 81
33 0 52.762430939226526 53.03265940902022 2 30
34 0 33.062845303867405 33.748055987558324 3 43
35 0 17.075276243093924 17.884914463452567 5 52
36 0 12.689917127071823 12.908242612752721 8 77
37 0 14.295580110497239 15.552099533437014 6 64
38 0 13.55317679558011 14.930015552099535 7 68
39 0 76.17403314917127 76.20528771384136 1 15
40 0 11.96477900552486 12.130637636080872 9 81
41 0 52.762430939226526 53.03265940902022 2 30
42 0 33.062845303867405 33.748055987558324 3 43
43 0 17.075276243093924 17.884914463452567 5 52
44 0 12.689917127071823 12.908242612752721 8 77
45 0 14.295580110497239 15.552099533437014 6 64
46 0 13.55317679558011 14.930015552099535 7 68
47 0 76.17403314917127 76.20528771384136 1 5
48 0 11.96477900552486 12.130637636080872 9 81
49 0 52.762430939226526 53.03265940902022 2 30
50 0 33.062845303867405 33.748055987558324 3 43
51 0 17.075276243093924 17.884914463452567 5 52
52 0 12.689917127071823 12.908242612752721 8 77
53 0 14.295580110497239 15.552099533437014 6 64
54 0 11.96477900552486 12.130637636080872 10 93
55 0 76.39848066298343 76.20528771384136 1 16
56 0 55.76657458563537 56.143079315707624 2 31
57 0 33.114640883977906 33.748055987558324 3 44
58 0 17.852209944751383 17.573872472783826 6 57
59 0 23.308011049723756 23.79471228615863 4 47
60 0 76.17403314917127 76.20528771384136 1 10
61 0 12.033839779005524 12.130637636080872 13 120
62 0 52.77969613259669 53.03265940902022 2 30
63 0 52.762430939226526 53.03265940902022 2 31
64 0 33.20096685082873 33.748055987558324 3 46
65 0 11.96477900552486 12.130637636080872 9 81
66 0 33.20096685082873 33.748055987558324 3 46
67 0 23.601519337016576 23.950233281493002 4 49
68 0 14.450966850828728 15.552099533437014 6 65
69 0 23.446132596685082 23.63919129082426 4 48
70 0 17.109806629834253 17.884914463452567 5 53
71 0 17.109806629834253 17.884914463452567 5 53
72 0 13.55317679558011 14.930015552099535 7 68
73 0 13.570441988950277 14.930015552099535 8 83
74 0 13.55317679558011 14.930015552099535 7 68
75 0 13.570441988950277 14.930015552099535 8 83
76 0 11.96477900552486 12.130637636080872 9 81
77 0 76.17403314917127 76.20528771384136 1 15
78 0 52.762430939226526 53.03265940902022 2 31
79 0 33.28729281767956 33.748055987558324 3 46
80 0 23.446132596685082 23.63919129082426 4 48
81 0 17.109806629834253 17.884914463452567 5 53
82 0 13.570441988950277 14.930015552099535 8 83
83 0 11.96477900552486 12.130637636080872 9 81
84 0 76.17403314917127 76.20528771384136 1 10
85 0 52.79696132596685 53.03265940902022 2 31
86 0 33.28729281767956 33.748055987558324 3 46
87 0 23.446132596685082 23.63919129082426 4 48
88 0 17.109806629834253 17.884914463452567 5 53
89 0 13.570441988950277 14.930015552099535 8 83
90 0 11.96477900552486 12.130637636080872 9 81
91 0 76.17403314917127 76.20528771384136 1 15
92 0 52.762430939226526 53.03265940902022 2 31
93 0 33.20096685082873 33.748055987558324 3 46
94 0 17.109806629834253 17.884914463452567 5 53
95 0 11.96477900552486 12.130637636080872 9 81
96 0 76.17403314917127 76.20528771384136 1 15
97 0 52.79696132596685 53.03265940902022 2 31
98 0 33.20096685082873 33.748055987558324 3 46
99 0 17.109806629834253 17.884914463452567 5 53
100 0 11.96477900552486 12.130637636080872 9 81
101 0 76.17403314917127 76.20528771384136 1 14
102 0 52.79696132596685 53.03265940902022 2 31
103 0 33.28729281767956 33.748055987558324 3 46
104 0 17.109806629834253 17.884914463452567 5 53
105 0 11.96477900552486 12.130637636080872 9 81
106 0 76.17403314917127 76.20528771384136 1 14
107 0 52.79696132596685 53.03265940902022 2 31
108 0 33.28729281767956 33.748055987558324 3 46
109 0 17.109806629834253 17.884914463452567 5 53
110 0 11.96477900552486 12.130637636080872 9 81
111 0 76.17403314917127 76.20528771384136 1 15
112 0 52.79696132596685 53.03265940902022 2 31
113 0 33.28729281767956 33.748055987558324 3 46
114 0 17.109806629834253 17.884914463452567 5 53
115 0 11.96477900552486 12.130637636080872 9 81
116 0 76.17403314917127 76.20528771384136 1 15
117 0 52.79696132596685 53.03265940902022 2 31
118 0 33.28729281767956 33.748055987558324 3 46
119 0 17.109806629834253 17.884914463452567 5 53
120 0 76.17403314917127 76.20528771384136 1 4
121 0 11.96477900552486 12.130637636080872 9 81
122 0 52.74516574585635 53.03265940902022 2 28
123 0 23.756906077348066 24.416796267496114 4 49
124 0 52.762430939226526 53.03265940902022 2 27
125 0 33.49447513812155 34.3701399688958 3 45
126 0 33.49447513812155 34.3701399688958 3 45
127 0 17.714088397790057 20.06220839813375 5 56
128 0 17.61049723756906 19.751166407465007 5 55
129 0 14.623618784530388 15.241057542768274 6 65
130 0 14.589088397790057 15.552099533437014 7 72
131 0 12.689917127071823 12.908242612752721 8 77
132 0 12.689917127071823 12.908242612752721 8 77
133 0 14.623618784530388 15.241057542768274 6 65
134 0 14.520027624309392 15.863141524105753 7 73
135 0 76.17403314917127 76.20528771384136 1 15
136 0 11.96477900552486 12.130637636080872 9 81
137 0 52.74516574585635 53.03265940902022 2 28
138 0 33.49447513812155 34.3701399688958 3 45
139 0 17.52417127071823 18.973561430793158 5 56
140 0 12.689917127071823 12.908242612752721 8 77
141 0 14.57182320441989 15.396578538102643 6 65
142 0 14.520027624309392 15.863141524105753 7 73
143 0 76.17403314917127 76.20528771384136 1 19
144 0 11.96477900552486 12.130637636080872 9 81
145 0 52.74516574585635 53.03265940902022 2 28
146 0 33.49447513812155 34.3701399688958 3 45
147 0 17.61049723756906 19.751166407465007 5 55
148 0 12.689917127071823 12.908242612752721 8 77
149 0 14.623618784530388 15.241057542768274 6 65
150 0 76.17403314917127 76.20528771384136 1 15
151 0 11.96477900552486 12.130637636080872 9 81
152 0 52.74516574585635 53.03265940902022 2 28
153 0 33.49447513812155 34.3701399688958 3 45
154 0 17.52417127071823 18.973561430793158 5 56
155 0 14.623618784530388 15.241057542768274 6 65
156 0 76.17403314917127 76.20528771384136 1 4
157 0 11.96477900552486 12.130637636080872 9 81
158 0 52.74516574585635 53.03265940902022 2 28
159 0 33.49447513812155 34.3701399688958 3 45
160 0 14.623618784530388 15.241057542768274 6 65
161 0 76.17403314917127 76.20528771384136 1 15
162 0 11.96477900552486 12.130637636080872 9 81
163 0 52.74516574585635 53.03265940902022 2 28
164 0 33.2182320441989 34.05909797822706 3 46
165 0 14.623618784530388 15.241057542768274 6 65
166 0 76.17403314917127 76.20528771384136 1 4
167 0 11.96477900552486 12.130637636080872 9 81
168 0 52.74516574585635 53.03265940902022 2 28
169 0 33.49447513812155 34.3701399688958 3 45
170 0 14.623618784530388 15.241057542768274 6 65
171 0 76.17403314917127 76.20528771384136 1 4
172 0 11.96477900552486 12.130637636080872 9 81
173 0 52.74516574585635 53.03265940902022 2 28
174 0 33.18370165745856 33.748055987558324 3 44
175 0 76.17403314917127 76.20528771384136 1 15
176 0 11.96477900552486 12.130637636080872 9 81
177 0 52.74516574585635 53.03265940902022 2 28
178 0 76.55386740331491 76.67185069984448 1 14
179 0 11.947513812154696 12.130637636080872 10 97
180 0 76.17403314917127 76.20528771384136 1 7
181 0 12.70718232044199 12.130637636080872 11 111
182 0 52.84875690607734 53.03265940902022 2 29
183 0 52.762430939226526 53.03265940902022 2 27
184 0 33.114640883977906 33.903576982892695 3 45
185 0 12.914364640883976 12.28615863141524 9 81
186 0 33.114640883977906 33.903576982892695 3 45
187 0 23.37707182320442 23.79471228615863 4 49
188 0 23.37707182320442 23.79471228615863 4 49
189 0 17.178867403314918 17.884914463452567 5 51
190 0 17.178867403314918 17.884914463452567 5 51
191 0 14.865331491712707 15.863141524105753 6 65
192 0 14.865331491712707 15.863141524105753 6 65
193 0 16.125690607734807 16.174183514774494 7 74
194 0 13.328729281767956 13.21928460342146 8 79
195 0 16.125690607734807 16.174183514774494 7 74
196 0 13.328729281767956 13.21928460342146 8 79
197 0 76.17403314917127 76.20528771384136 1 15
198 0 12.70718232044199 12.130637636080872 11 111
199 0 52.762430939226526 53.03265940902022 2 27
200 0 33.114640883977906 33.903576982892695 3 45
201 0 23.37707182320442 23.79471228615863 4 49
202 0 17.178867403314918 17.884914463452567 5 51
203 0 16.125690607734807 16.174183514774494 7 74
204 0 76.17403314917127 76.20528771384136 1 15
205 0 52.77969613259669 53.03265940902022 2 27
206 0 23.37707182320442 23.79471228615863 4 49
207 0 17.178867403314918 17.884914463452567 5 51
208 0 16.125690607734807 16.174183514774494 7 74
209 0 76.17403314917127 76.20528771384136 1 16
210 0 52.762430939226526 53.03265940902022 2 27
211 0 23.37707182320442 23.79471228615863 4 49
212 0 17.178867403314918 17.884914463452567 5 51
213 0 76.17403314917127 76.20528771384136 1 16
214 0 53.07320441988951 53.18818040435459 2 30
215 0 23.359806629834253 23.79471228615863 4 48
216 0 17.178867403314918 17.884914463452567 5 51
217 0 76.17403314917127 76.20528771384136 1 15
218 0 53.17679558011049 53.34370139968896 2 29
219 0 23.37707182320442 23.79471228615863 4 49
220 0 17.178867403314918 17.884914463452567 5 51
221 0 76.17403314917127 76.20528771384136 1 15
222 0 52.762430939226526 53.03265940902022 2 27
223 0 23.359806629834253 23.950233281493002 4 49
224 0 17.178867403314918 17.884914463452567 5 51
225 0 76.17403314917127 76.20528771384136 1 7
226 0 53.17679558011049 53.34370139968896 2 29
227 0 23.359806629834253 23.950233281493002 4 49
228 0 17.178867403314918 17.884914463452567 5 51
229 0 76.17403314917127 76.20528771384136 1 7
230 0 53.17679558011049 53.34370139968896 2 29
231 0 23.37707182320442 23.79471228615863 4 49
232 0 76.17403314917127 76.20528771384136 1 16
233 0 52.93508287292818 53.18818040435459 2 29
234 0 23.359806629834253 23.950233281493002 4 49
235 0 76.17403314917127 76.20528771384136 1 16
236 0 53.07320441988951 53.18818040435459 2 30
237 0 23.37707182320442 23.79471228615863 4 49
238 0 76.17403314917127 76.20528771384136 1 7
239 0 52.93508287292818 53.03265940902022 2 29
240 0 76.17403314917127 76.20528771384136 1 11
241 0 11.947513812154696 12.130637636080872 9 82
242 0 52.72790055248618 52.87713841368584 2 28
243 0 52.72790055248618 52.87713841368584 2 28
244 0 33.1664364640884 33.748055987558324 3 44
245 0 33.1664364640884 33.748055987558324 3 44
246 0 23.722375690607738 23.79471228615863 4 46
247 0 23.308011049723756 23.79471228615863 4 47
248 0 17.075276243093924 17.884914463452567 5 52
249 0 17.09254143646409 17.884914463452567 5 52
250 0 14.261049723756905 15.552099533437014 6 64
251 0 13.55317679558011 14.930015552099535 7 68
252 0 12.70718232044199 12.908242612752721 8 77
253 0 12.70718232044199 12.908242612752721 8 77
254 0 14.261049723756905 15.552099533437014 6 64
255 0 13.55317679558011 14.930015552099535 7 68
256 0 76.17403314917127 76.20528771384136 1 11
257 0 11.947513812154696 12.130637636080872 9 82
258 0 52.72790055248618 52.87713841368584 2 28
259 0 33.062845303867405 33.748055987558324 3 43
260 0 23.722375690607738 23.79471228615863 4 46
261 0 17.075276243093924 17.884914463452567 5 52
262 0 12.70718232044199 12.908242612752721 8 77
263 0 14.261049723756905 15.552099533437014 6 64
264 0 13.55317679558011 14.930015552099535 7 68
265 0 76.17403314917127 76.20528771384136 1 15
266 0 11.947513812154696 12.130637636080872 9 82
267 0 52.77969613259669 53.03265940902022 2 27
268 0 33.235497237569064 33.592534992223946 3 43
269 0 23.41160220994475 23.79471228615863 4 48
270 0 17.075276243093924 17.884914463452567 5 52
271 0 12.70718232044199 12.908242612752721 8 77
272 0 14.261049723756905 15.552099533437014 6 64
273 0 13.55317679558011 14.930015552099535 7 68
274 0 76.17403314917127 76.20528771384136 1 15
275 0 11.947513812154696 12.130637636080872 9 82
276 0 52.72790055248618 52.87713841368584 2 28
277 0 33.235497237569064 33.592534992223946 3 43
278 0 23.670580110497237 23.79471228615863 4 46
279 0 17.075276243093924 17.884914463452567 5 52
280 0 12.70718232044199 12.908242612752721 8 77
281 0 14.261049723756905 15.552099533437014 6 64
282 0 76.17403314917127 76.20528771384136 1 11
283 0 11.947513812154696 12.130637636080872 9 82
284 0 52.762430939226526 53.03265940902022 2 27
285 0 33.1664364640884 33.748055987558324 3 44
286 0 23.722375690607738 23.79471228615863 4 46
287 0 17.075276243093924 17.884914463452567 5 52
288 0 12.70718232044199 12.908242612752721 8 77
289 0 14.261049723756905 15.552099533437014 6 64
290 0 76.17403314917127 76.20528771384136 1 15
291 0 11.947513812154696 12.130637636080872 9 82
292 0 52.77969613259669 53.03265940902022 2 26
293 0 33.1664364640884 33.748055987558324 3 44
294 0 23.308011049723756 23.79471228615863 4 47
295 0 17.09254143646409 17.884914463452567 5 52
296 0 12.70718232044199 12.908242612752721 8 77
297 0 14.261049723756905 15.552099533437014 6 64
298 0 76.17403314917127 76.20528771384136 1 11
299 0 11.947513812154696 12.130637636080872 9 82
