0 0 76.18718701433258 76.08695652173914 1 13
1 0 12.484890347090312 12.732919254658384 9 84
2 0 52.978760145052675 53.2608695652174 2 25
3 0 52.978760145052675 53.2608695652174 2 25
4 0 33.27577275082024 34.006211180124225 3 42
5 0 17.50992920048351 17.857142857142858 5 51
6 0 33.27577275082024 34.006211180124225 3 42
7 0 22.96667242272492 23.29192546583851 4 47
8 0 22.96667242272492 23.29192546583851 4 47
9 0 14.764289414608875 13.975155279503104 6 57
10 0 14.764289414608875 13.975155279503104 6 57
11 0 13.123812812985665 12.888198757763975 7 63
12 0 13.123812812985665 12.888198757763975 7 63
13 0 12.502158521844242 12.732919254658384 8 70
14 0 12.502158521844242 12.732919254658384 8 70
15 0 76.18718701433258 76.08695652173914 1 14
16 0 12.484890347090312 12.732919254658384 9 84
17 0 52.96149197029874 53.105590062111794 2 25
18 0 33.17216370229667 33.69565217391305 3 42
19 0 22.96667242272492 23.29192546583851 4 47
20 0 14.764289414608875 13.975155279503104 6 57
21 0 13.123812812985665 12.888198757763975 7 63
22 0 12.502158521844242 12.732919254658384 8 70
23 0 76.18718701433258 76.08695652173914 1 13
24 0 12.484890347090312 12.732919254658384 9 84
25 0 52.96149197029874 53.105590062111794 2 25
26 0 33.189431877050595 33.69565217391305 3 42
27 0 22.96667242272492 23.29192546583851 4 47
28 0 14.764289414608875 13.975155279503104 6 57
29 0 13.123812812985665 12.888198757763975 7 63
30 0 12.502158521844242 12.732919254658384 8 70
31 0 76.18718701433258 76.08695652173914 1 13
32 0 12.484890347090312 12.732919254658384 9 84
33 0 52.96149197029874 53.105590062111794 2 25
34 0 33.189431877050595 33.69565217391305 3 42
35 0 22.96667242272492 23.29192546583851 4 47
36 0 14.764289414608875 13.975155279503104 6 57
37 0 13.123812812985665 12.888198757763975 7 63
38 0 12.502158521844242 12.732919254658384 8 70
39 0 76.18718701433258 76.08695652173914 1 13
40 0 52.909687446036955 53.105590062111794 2 25
41 0 33.189431877050595 33.69565217391305 3 42
42 0 22.96667242272492 23.29192546583851 4 47
43 0 14.764289414608875 13.975155279503104 6 57
44 0 13.123812812985665 12.888198757763975 7 63
45 0 12.502158521844242 12.732919254658384 8 70
46 0 76.18718701433258 76.08695652173914 1 13
47 0 52.978760145052675 53.2608695652174 2 25
48 0 33.27577275082024 34.006211180124225 3 42
49 0 22.86306337420135 22.981366459627328 4 47
50 0 14.764289414608875 13.975155279503104 6 57
51 0 13.123812812985665 12.888198757763975 7 63
52 0 12.502158521844242 12.732919254658384 8 70
53 0 76.18718701433258 76.08695652173914 1 13
54 0 52.926955620790885 53.105590062111794 2 25
55 0 33.27577275082024 34.006211180124225 3 42
56 0 22.96667242272492 23.29192546583851 4 47
57 0 14.764289414608875 13.975155279503104 6 57
58 0 12.502158521844242 12.732919254658384 8 70
59 0 76.18718701433258 76.08695652173914 1 13
60 0 76.18718701433258 76.08695652173914 1 7
61 0 12.484890347090312 12.732919254658384 12 125
62 0 52.926955620790885 53.105590062111794 2 25
63 0 52.926955620790885 53.105590062111794 2 25
64 0 33.431186323605594 33.85093167701863 3 42
65 0 33.431186323605594 33.85093167701863 3 42
66 0 22.93213607321706 22.82608695652174 4 46
67 0 22.914867898463132 22.82608695652174 4 46
68 0 17.613538249007078 17.857142857142858 5 50
69 0 12.519426696598169 12.732919254658384 8 70
70 0 12.467622172336384 12.732919254658384 10 97
71 0 12.467622172336384 12.732919254658384 10 89
72 0 17.613538249007078 17.857142857142858 5 50
73 0 14.764289414608875 13.975155279503104 6 57
74 0 14.764289414608875 13.975155279503104 6 57
75 0 13.417371783802452 13.509316770186336 7 63
76 0 13.417371783802452 13.509316770186336 7 63
77 0 12.519426696598169 12.732919254658384 8 70
78 0 76.18718701433258 76.08695652173914 1 9
79 0 52.926955620790885 53.105590062111794 2 25
80 0 33.27577275082024 33.69565217391305 3 42
81 0 22.914867898463132 22.82608695652174 4 46
82 0 12.467622172336384 12.732919254658384 10 96
83 0 17.613538249007078 17.857142857142858 5 50
84 0 14.764289414608875 13.975155279503104 6 57
85 0 13.417371783802452 13.509316770186336 7 63
86 0 12.519426696598169 12.732919254658384 8 70
87 0 76.18718701433258 76.08695652173914 1 8
88 0 52.926955620790885 53.105590062111794 2 25
89 0 33.27577275082024 33.54037267080746 3 41
90 0 22.93213607321706 22.82608695652174 4 46
91 0 12.467622172336384 12.732919254658384 10 96
92 0 17.613538249007078 17.857142857142858 5 50
93 0 14.764289414608875 13.975155279503104 6 57
94 0 13.417371783802452 13.509316770186336 7 63
95 0 12.519426696598169 12.732919254658384 8 70
96 0 76.18718701433258 76.08695652173914 1 8
97 0 52.978760145052675 53.105590062111794 2 26
98 0 33.27577275082024 33.54037267080746 3 41
99 0 22.914867898463132 22.82608695652174 4 46
100 0 17.613538249007078 17.857142857142858 5 50
101 0 14.764289414608875 13.975155279503104 6 57
102 0 13.417371783802452 13.509316770186336 7 63
103 0 12.519426696598169 12.732919254658384 8 70
104 0 76.18718701433258 76.08695652173914 1 9
105 0 12.467622172336384 12.732919254658384 10 89
106 0 52.978760145052675 53.105590062111794 2 26
107 0 33.27577275082024 33.54037267080746 3 41
108 0 23.104817820756345 23.136645962732917 4 47
109 0 17.613538249007078 17.857142857142858 5 50
110 0 14.764289414608875 13.975155279503104 6 57
111 0 13.417371783802452 13.509316770186336 7 63
112 0 12.519426696598169 12.732919254658384 8 70
113 0 76.18718701433258 76.08695652173914 1 8
114 0 12.467622172336384 12.732919254658384 10 89
115 0 52.978760145052675 53.105590062111794 2 26
116 0 33.27577275082024 33.54037267080746 3 41
117 0 23.104817820756345 23.136645962732917 4 47
118 0 17.613538249007078 17.857142857142858 5 50
119 0 14.764289414608875 13.975155279503104 6 57
120 0 76.18718701433258 76.08695652173914 1 8
121 0 12.502158521844242 12.732919254658384 8 70
122 0 52.926955620790885 53.105590062111794 2 24
123 0 53.06510101882231 53.105590062111794 2 26
124 0 33.27577275082024 33.54037267080746 3 40
125 0 33.27577275082024 33.54037267080746 3 40
126 0 22.93213607321706 22.82608695652174 4 45
127 0 22.914867898463132 22.82608695652174 4 45
128 0 17.57900189949922 17.70186335403727 5 49
129 0 17.59627007425315 17.70186335403727 5 49
130 0 14.781557589362803 13.975155279503104 6 57
131 0 13.072008288723882 12.732919254658384 7 64
132 0 14.781557589362803 13.975155279503104 6 57
133 0 13.486444482818166 13.664596273291925 7 64
134 0 76.18718701433258 76.08695652173914 1 9
135 0 12.502158521844242 12.732919254658384 8 70
136 0 53.27231911586945 53.72670807453416 2 25
137 0 33.27577275082024 33.54037267080746 3 40
138 0 22.914867898463132 22.82608695652174 4 45
139 0 17.57900189949922 17.70186335403727 5 49
140 0 14.781557589362803 13.975155279503104 6 57
141 0 13.072008288723882 12.732919254658384 7 64
142 0 76.18718701433258 76.08695652173914 1 9
143 0 12.502158521844242 12.732919254658384 8 70
144 0 52.926955620790885 53.105590062111794 2 24
145 0 33.27577275082024 33.54037267080746 3 40
146 0 22.914867898463132 22.82608695652174 4 45
147 0 17.57900189949922 17.70186335403727 5 49
148 0 14.781557589362803 13.975155279503104 6 57
149 0 13.072008288723882 12.732919254658384 7 64
150 0 76.18718701433258 76.08695652173914 1 9
151 0 12.502158521844242 12.732919254658384 8 70
152 0 52.926955620790885 53.105590062111794 2 24
153 0 33.27577275082024 33.54037267080746 3 40
154 0 22.914867898463132 22.82608695652174 4 45
155 0 14.764289414608875 13.975155279503104 6 57
156 0 13.486444482818166 13.664596273291925 7 64
157 0 76.18718701433258 76.08695652173914 1 10
158 0 12.519426696598169 12.732919254658384 8 70
159 0 53.06510101882231 53.105590062111794 2 26
160 0 22.914867898463132 22.82608695652174 4 45
161 0 14.764289414608875 13.975155279503104 6 57
162 0 13.054740113969954 12.732919254658384 7 64
163 0 76.18718701433258 76.08695652173914 1 8
164 0 12.502158521844242 12.732919254658384 8 70
165 0 52.978760145052675 53.41614906832298 2 25
166 0 22.914867898463132 22.82608695652174 4 45
167 0 14.781557589362803 13.975155279503104 6 57
168 0 13.072008288723882 12.732919254658384 7 64
169 0 76.18718701433258 76.08695652173914 1 9
170 0 12.502158521844242 12.732919254658384 8 70
171 0 52.926955620790885 53.105590062111794 2 25
172 0 22.93213607321706 22.82608695652174 4 45
173 0 14.850630288378518 14.130434782608695 6 56
174 0 13.072008288723882 12.732919254658384 7 64
175 0 76.18718701433258 76.08695652173914 1 10
176 0 12.502158521844242 12.732919254658384 8 70
177 0 53.06510101882231 53.105590062111794 2 26
178 0 22.914867898463132 22.82608695652174 4 45
179 0 14.781557589362803 13.975155279503104 6 57
180 0 76.18718701433258 76.08695652173914 1 7
181 0 13.469176308064238 11.956521739130435 7 67
182 0 52.926955620790885 53.105590062111794 2 25
183 0 19.47850112243136 18.788819875776397 5 54
184 0 52.9960283198066 53.41614906832298 2 26
185 0 33.27577275082024 33.54037267080746 3 41
186 0 33.27577275082024 33.54037267080746 3 41
187 0 22.914867898463132 22.82608695652174 4 46
188 0 22.914867898463132 22.82608695652174 4 46
189 0 16.266620618200655 14.906832298136646 6 60
190 0 16.266620618200655 14.906832298136646 6 60
191 0 76.18718701433258 76.08695652173914 1 7
192 0 13.469176308064238 11.956521739130435 7 67
193 0 52.926955620790885 53.105590062111794 2 25
194 0 33.27577275082024 33.54037267080746 3 41
195 0 22.914867898463132 22.82608695652174 4 46
196 0 16.266620618200655 14.906832298136646 6 60
197 0 76.18718701433258 76.08695652173914 1 8
198 0 52.9960283198066 53.41614906832298 2 26
199 0 22.914867898463132 22.82608695652174 4 46
200 0 16.266620618200655 14.906832298136646 6 60
201 0 76.18718701433258 76.08695652173914 1 8
202 0 53.06510101882231 53.57142857142857 2 26
203 0 22.914867898463132 22.82608695652174 4 46
204 0 16.266620618200655 14.906832298136646 6 60
205 0 76.18718701433258 76.08695652173914 1 8
206 0 52.926955620790885 53.105590062111794 2 25
207 0 16.266620618200655 14.906832298136646 6 60
208 0 76.18718701433258 76.08695652173914 1 7
209 0 52.96149197029874 53.105590062111794 2 27
210 0 16.266620618200655 14.906832298136646 6 60
211 0 76.18718701433258 76.08695652173914 1 8
212 0 52.9960283198066 53.41614906832298 2 26
213 0 16.266620618200655 14.906832298136646 6 60
214 0 76.18718701433258 76.08695652173914 1 10
215 0 53.047832844068374 53.57142857142857 2 26
216 0 16.266620618200655 14.906832298136646 6 60
217 0 76.18718701433258 76.08695652173914 1 9
218 0 52.926955620790885 53.105590062111794 2 25
219 0 16.266620618200655 14.906832298136646 6 60
220 0 76.30806423761008 76.5527950310559 1 16
221 0 52.978760145052675 53.41614906832298 2 26
222 0 16.266620618200655 14.906832298136646 6 60
223 0 76.30806423761008 76.5527950310559 1 16
224 0 53.01329649456052 53.41614906832298 2 27
225 0 16.266620618200655 14.906832298136646 6 60
226 0 76.18718701433258 76.08695652173914 1 10
227 0 53.01329649456052 53.41614906832298 2 27
228 0 16.266620618200655 14.906832298136646 6 60
229 0 76.18718701433258 76.08695652173914 1 8
230 0 52.9960283198066 53.41614906832298 2 26
231 0 76.18718701433258 76.08695652173914 1 7
232 0 52.926955620790885 53.105590062111794 2 25
233 0 76.18718701433258 76.08695652173914 1 7
234 0 52.978760145052675 53.41614906832298 2 26
235 0 76.18718701433258 76.08695652173914 1 7
236 0 53.01329649456052 53.41614906832298 2 27
237 0 76.18718701433258 76.08695652173914 1 8
238 0 53.047832844068374 53.57142857142857 2 26
239 0 53.047832844068374 53.57142857142857 2 26
240 0 76.18718701433258 76.08695652173914 1 14
241 0 12.502158521844242 12.732919254658384 8 70
242 0 52.926955620790885 53.105590062111794 2 25
243 0 52.96149197029874 53.105590062111794 2 25
244 0 33.32757727508203 33.54037267080746 3 40
245 0 33.24123640131238 33.38509316770186 3 40
246 0 22.96667242272492 22.82608695652174 4 45
247 0 22.96667242272492 22.82608695652174 4 45
248 0 19.09860127784493 18.788819875776397 5 53
249 0 19.09860127784493 18.788819875776397 5 53
250 0 16.31842514246244 14.751552795031056 6 60
251 0 16.31842514246244 14.751552795031056 6 60
252 0 13.123812812985665 12.577639751552795 7 64
253 0 13.072008288723882 12.732919254658384 7 64
254 0 76.18718701433258 76.08695652173914 1 13
255 0 12.502158521844242 12.732919254658384 8 70
256 0 52.926955620790885 53.105590062111794 2 25
257 0 33.25850457606631 33.38509316770186 3 40
258 0 22.880331548955276 22.67080745341615 4 45
259 0 19.09860127784493 18.788819875776397 5 53
260 0 16.266620618200655 14.906832298136646 6 60
261 0 13.072008288723882 12.732919254658384 7 64
262 0 76.18718701433258 76.08695652173914 1 14
263 0 12.502158521844242 12.732919254658384 8 70
264 0 52.94422379554481 53.105590062111794 2 24
265 0 33.448454498359524 33.69565217391305 3 42
266 0 22.93213607321706 22.82608695652174 4 46
267 0 16.31842514246244 14.751552795031056 6 60
268 0 13.072008288723882 12.732919254658384 7 64
269 0 76.18718701433258 76.08695652173914 1 16
270 0 12.502158521844242 12.732919254658384 8 70
271 0 52.94422379554481 53.105590062111794 2 24
272 0 33.29304092557417 33.54037267080746 3 41
273 0 22.93213607321706 22.82608695652174 4 46
274 0 16.31842514246244 14.751552795031056 6 60
275 0 13.072008288723882 12.732919254658384 7 64
276 0 76.18718701433258 76.08695652173914 1 14
277 0 12.502158521844242 12.732919254658384 8 70
278 0 52.94422379554481 53.105590062111794 2 24
279 0 33.448454498359524 33.69565217391305 3 42
280 0 22.880331548955276 22.67080745341615 4 45
281 0 16.31842514246244 14.751552795031056 6 60
282 0 13.072008288723882 12.732919254658384 7 64
283 0 76.18718701433258 76.08695652173914 1 15
284 0 12.502158521844242 12.732919254658384 8 70
285 0 52.926955620790885 53.105590062111794 2 25
286 0 33.36211362458988 33.85093167701863 3 41
287 0 22.96667242272492 22.82608695652174 4 45
288 0 16.31842514246244 14.751552795031056 6 60
289 0 13.072008288723882 12.732919254658384 7 64
290 0 76.18718701433258 76.08695652173914 1 14
291 0 12.502158521844242 12.732919254658384 8 70
292 0 52.926955620790885 53.105590062111794 2 25
293 0 33.29304092557417 33.54037267080746 3 41
294 0 22.96667242272492 22.82608695652174 4 45
295 0 16.31842514246244 14.751552795031056 6 60
296 0 13.072008288723882 12.732919254658384 7 64
297 0 76.18718701433258 76.08695652173914 1 14
298 0 12.502158521844242 12.732919254658384 8 70
299 0 52.926955620790885 53.105590062111794 2 25
