0 0 76.17403314917127 76.20528771384136 1 9
1 0 12.051104972375692 15.552099533437014 9 77
2 0 52.95234806629834 53.18818040435459 2 24
3 0 52.91781767955801 53.03265940902022 2 23
4 0 33.857044198895025 34.68118195956454 3 38
5 0 14.191988950276244 16.018662519440124 6 54
6 0 33.89157458563536 34.83670295489891 3 38
7 0 23.964088397790057 24.10575427682737 4 40
8 0 23.964088397790057 24.10575427682737 4 40
9 0 16.453729281767956 18.040435458786934 5 43
10 0 16.453729281767956 18.040435458786934 5 43
11 0 12.603591160220995 15.085536547433904 7 57
12 0 12.603591160220995 15.085536547433904 7 57
13 0 11.982044198895029 15.552099533437014 8 66
14 0 11.982044198895029 15.552099533437014 8 66
15 0 76.2085635359116 76.36080870917574 1 15
16 0 52.95234806629834 53.18818040435459 2 24
17 0 33.89157458563536 34.83670295489891 3 38
18 0 23.964088397790057 24.10575427682737 4 40
19 0 16.453729281767956 18.040435458786934 5 43
20 0 12.603591160220995 15.085536547433904 7 57
21 0 11.982044198895029 15.552099533437014 8 66
22 0 76.17403314917127 76.20528771384136 1 9
23 0 52.91781767955801 53.03265940902022 2 23
24 0 23.964088397790057 24.10575427682737 4 40
25 0 16.453729281767956 18.040435458786934 5 43
26 0 12.603591160220995 15.085536547433904 7 57
27 0 11.982044198895029 15.552099533437014 8 66
28 0 76.17403314917127 76.20528771384136 1 9
29 0 52.91781767955801 53.03265940902022 2 23
30 0 24.22306629834254 24.10575427682737 4 40
31 0 16.453729281767956 18.040435458786934 5 43
32 0 12.603591160220995 15.085536547433904 7 57
33 0 76.17403314917127 76.20528771384136 1 9
34 0 11.982044198895029 15.552099533437014 8 66
35 0 52.91781767955801 53.03265940902022 2 23
36 0 23.964088397790057 24.10575427682737 4 40
37 0 16.453729281767956 18.040435458786934 5 43
38 0 12.603591160220995 15.085536547433904 7 57
39 0 76.17403314917127 76.20528771384136 1 9
40 0 11.982044198895029 15.552099533437014 8 66
41 0 52.91781767955801 53.03265940902022 2 23
42 0 16.453729281767956 18.040435458786934 5 43
43 0 12.603591160220995 15.085536547433904 7 57
44 0 76.19129834254143 76.20528771384136 1 11
45 0 11.982044198895029 15.552099533437014 8 66
46 0 52.91781767955801 53.03265940902022 2 23
47 0 16.453729281767956 18.040435458786934 5 43
48 0 12.603591160220995 15.085536547433904 7 57
49 0 76.19129834254143 76.20528771384136 1 13
50 0 11.982044198895029 15.552099533437014 8 66
51 0 53.03867403314917 53.03265940902022 2 24
52 0 16.453729281767956 18.040435458786934 5 43
53 0 12.603591160220995 15.085536547433904 7 57
54 0 76.19129834254143 76.20528771384136 1 14
55 0 11.982044198895029 15.552099533437014 8 66
56 0 52.91781767955801 53.03265940902022 2 23
57 0 16.453729281767956 18.040435458786934 5 43
58 0 12.603591160220995 15.085536547433904 7 57
59 0 76.17403314917127 76.20528771384136 1 9
60 0 76.17403314917127 76.20528771384136 1 9
61 0 12.413674033149173 14.618973561430792 11 103
62 0 53.03867403314917 53.18818040435459 2 27
63 0 52.93508287292818 53.34370139968896 2 27
64 0 33.7189226519337 35.14774494556765 3 41
65 0 11.982044198895029 15.552099533437014 8 66
66 0 33.7189226519337 35.14774494556765 3 41
67 0 23.964088397790057 25.038880248833596 4 46
68 0 23.964088397790057 25.038880248833596 4 46
69 0 17.21339779005525 18.818040435458787 5 42
70 0 17.21339779005525 18.818040435458787 5 42
71 0 13.950276243093922 15.241057542768274 6 53
72 0 13.950276243093922 15.241057542768274 6 53
73 0 13.225138121546962 15.396578538102643 7 65
74 0 13.225138121546962 15.396578538102643 7 65
75 0 11.982044198895029 15.552099533437014 8 66
76 0 76.17403314917127 76.20528771384136 1 9
77 0 53.03867403314917 53.18818040435459 2 27
78 0 33.7189226519337 35.14774494556765 3 41
79 0 23.964088397790057 25.038880248833596 4 46
80 0 17.21339779005525 18.818040435458787 5 42
81 0 13.950276243093922 15.241057542768274 6 53
82 0 13.225138121546962 15.396578538102643 7 65
83 0 11.982044198895029 15.552099533437014 8 66
84 0 76.2603591160221 76.20528771384136 1 16
85 0 52.93508287292818 53.34370139968896 2 27
86 0 33.7189226519337 35.14774494556765 3 41
87 0 23.964088397790057 25.038880248833596 4 46
88 0 17.351519337016576 18.662519440124417 5 43
89 0 13.950276243093922 15.241057542768274 6 53
90 0 13.225138121546962 15.396578538102643 7 65
91 0 11.982044198895029 15.552099533437014 8 66
92 0 76.2603591160221 76.20528771384136 1 16
93 0 53.03867403314917 53.18818040435459 2 27
94 0 33.7189226519337 35.14774494556765 3 41
95 0 23.964088397790057 25.038880248833596 4 46
96 0 17.21339779005525 18.818040435458787 5 42
97 0 13.950276243093922 15.241057542768274 6 53
98 0 13.225138121546962 15.396578538102643 7 65
99 0 11.982044198895029 15.552099533437014 8 66
100 0 76.19129834254143 76.20528771384136 1 15
101 0 52.93508287292818 53.03265940902022 2 28
102 0 33.7189226519337 35.14774494556765 3 41
103 0 23.964088397790057 25.038880248833596 4 46
104 0 17.21339779005525 18.818040435458787 5 42
105 0 13.950276243093922 15.241057542768274 6 53
106 0 13.225138121546962 15.396578538102643 7 65
107 0 11.982044198895029 15.552099533437014 8 66
108 0 76.19129834254143 76.20528771384136 1 9
109 0 52.93508287292818 53.03265940902022 2 28
110 0 33.7189226519337 35.14774494556765 3 41
111 0 23.964088397790057 25.038880248833596 4 46
112 0 17.21339779005525 18.818040435458787 5 42
113 0 13.950276243093922 15.241057542768274 6 53
114 0 11.982044198895029 15.552099533437014 8 66
115 0 76.17403314917127 76.20528771384136 1 9
116 0 52.93508287292818 53.34370139968896 2 27
117 0 33.7189226519337 35.14774494556765 3 41
118 0 23.964088397790057 25.038880248833596 4 46
119 0 17.21339779005525 18.818040435458787 5 42
120 0 76.17403314917127 76.20528771384136 1 7
121 0 11.96477900552486 15.552099533437014 9 74
122 0 52.98687845303868 53.34370139968896 2 20
123 0 52.98687845303868 53.34370139968896 2 21
124 0 33.6671270718232 34.99222395023328 3 36
125 0 33.6671270718232 34.99222395023328 3 36
126 0 23.964088397790057 24.883359253499222 4 42
127 0 23.964088397790057 24.883359253499222 4 42
128 0 17.21339779005525 18.818040435458787 5 42
129 0 17.21339779005525 18.818040435458787 5 42
130 0 13.950276243093922 15.241057542768274 6 53
131 0 13.950276243093922 15.241057542768274 6 53
132 0 12.758977900552487 16.174183514774494 7 61
133 0 12.758977900552487 16.174183514774494 7 61
134 0 11.982044198895029 15.552099533437014 8 66
135 0 11.982044198895029 15.552099533437014 8 66
136 0 76.17403314917127 76.20528771384136 1 13
137 0 11.96477900552486 15.552099533437014 9 74
138 0 52.98687845303868 53.34370139968896 2 21
139 0 33.6671270718232 34.99222395023328 3 36
140 0 23.964088397790057 24.883359253499222 4 42
141 0 17.21339779005525 18.818040435458787 5 42
142 0 13.950276243093922 15.241057542768274 6 53
143 0 12.758977900552487 16.174183514774494 7 61
144 0 11.982044198895029 15.552099533437014 8 66
145 0 76.17403314917127 76.20528771384136 1 13
146 0 53.07320441988951 53.499222395023324 2 22
147 0 24.102209944751383 25.038880248833596 4 41
148 0 17.21339779005525 18.818040435458787 5 42
149 0 13.950276243093922 15.241057542768274 6 53
150 0 12.758977900552487 16.174183514774494 7 61
151 0 11.982044198895029 15.552099533437014 8 66
152 0 76.17403314917127 76.20528771384136 1 14
153 0 52.98687845303868 53.34370139968896 2 21
154 0 23.964088397790057 24.883359253499222 4 42
155 0 17.21339779005525 18.818040435458787 5 42
156 0 13.950276243093922 15.241057542768274 6 53
157 0 12.758977900552487 16.174183514774494 7 61
158 0 11.982044198895029 15.552099533437014 8 66
159 0 76.17403314917127 76.20528771384136 1 7
160 0 53.07320441988951 53.499222395023324 2 22
161 0 24.102209944751383 25.038880248833596 4 41
162 0 17.21339779005525 18.818040435458787 5 42
163 0 13.950276243093922 15.241057542768274 6 53
164 0 12.758977900552487 16.174183514774494 7 61
165 0 11.982044198895029 15.552099533437014 8 66
166 0 76.17403314917127 76.20528771384136 1 14
167 0 53.07320441988951 53.499222395023324 2 22
168 0 23.964088397790057 24.883359253499222 4 42
169 0 17.21339779005525 18.818040435458787 5 42
170 0 13.950276243093922 15.241057542768274 6 53
171 0 12.758977900552487 16.174183514774494 7 61
172 0 11.982044198895029 15.552099533437014 8 66
173 0 76.17403314917127 76.20528771384136 1 9
174 0 52.883287292817684 52.87713841368584 2 23
175 0 23.964088397790057 24.883359253499222 4 42
176 0 13.950276243093922 15.241057542768274 6 53
177 0 12.758977900552487 16.174183514774494 7 61
178 0 11.982044198895029 15.552099533437014 8 66
179 0 76.17403314917127 76.20528771384136 1 7
180 0 76.17403314917127 76.20528771384136 1 14
181 0 11.93024861878453 15.396578538102643 9 78
182 0 52.883287292817684 52.87713841368584 2 24
183 0 52.77969613259669 52.87713841368584 2 25
184 0 33.598066298342545 34.68118195956454 3 39
185 0 33.598066298342545 34.68118195956454 3 39
186 0 24.274861878453038 25.194401244167963 4 40
187 0 24.274861878453038 25.194401244167963 4 40
188 0 17.12707182320442 19.440124416796266 5 43
189 0 17.12707182320442 19.440124416796266 5 43
190 0 13.950276243093922 15.241057542768274 6 53
191 0 13.950276243093922 15.241057542768274 6 53
192 0 12.793508287292818 16.329704510108865 7 62
193 0 12.793508287292818 16.329704510108865 7 62
194 0 11.999309392265193 15.552099533437014 8 66
195 0 11.999309392265193 15.552099533437014 8 66
196 0 76.19129834254143 76.20528771384136 1 14
197 0 11.93024861878453 15.396578538102643 9 78
198 0 52.77969613259669 52.87713841368584 2 25
199 0 24.274861878453038 25.194401244167963 4 40
200 0 17.12707182320442 19.440124416796266 5 43
201 0 13.950276243093922 15.241057542768274 6 53
202 0 12.793508287292818 16.329704510108865 7 62
203 0 11.999309392265193 15.552099533437014 8 66
204 0 76.19129834254143 76.20528771384136 1 16
205 0 11.93024861878453 15.396578538102643 9 78
206 0 52.83149171270718 53.03265940902022 2 23
207 0 24.274861878453038 25.194401244167963 4 40
208 0 17.12707182320442 19.440124416796266 5 43
209 0 13.950276243093922 15.241057542768274 6 53
210 0 12.793508287292818 16.329704510108865 7 62
211 0 11.999309392265193 15.552099533437014 8 66
212 0 76.19129834254143 76.20528771384136 1 13
213 0 11.93024861878453 15.396578538102643 9 78
214 0 52.77969613259669 52.87713841368584 2 25
215 0 24.274861878453038 25.194401244167963 4 40
216 0 17.12707182320442 19.440124416796266 5 43
217 0 13.950276243093922 15.241057542768274 6 53
218 0 12.793508287292818 16.329704510108865 7 62
219 0 11.999309392265193 15.552099533437014 8 66
220 0 76.17403314917127 76.20528771384136 1 14
221 0 11.93024861878453 15.396578538102643 9 78
222 0 52.77969613259669 52.87713841368584 2 25
223 0 13.950276243093922 15.241057542768274 6 53
224 0 12.793508287292818 16.329704510108865 7 62
225 0 11.999309392265193 15.552099533437014 8 66
226 0 76.19129834254143 76.20528771384136 1 15
227 0 11.93024861878453 15.396578538102643 9 78
228 0 52.77969613259669 52.87713841368584 2 25
229 0 13.950276243093922 15.241057542768274 6 53
230 0 12.793508287292818 16.329704510108865 7 62
231 0 11.999309392265193 15.552099533437014 8 66
232 0 76.19129834254143 76.20528771384136 1 15
233 0 11.93024861878453 15.396578538102643 9 78
234 0 52.77969613259669 52.87713841368584 2 25
235 0 13.950276243093922 15.241057542768274 6 53
236 0 12.793508287292818 16.329704510108865 7 62
237 0 11.999309392265193 15.552099533437014 8 66
238 0 76.19129834254143 76.20528771384136 1 13
239 0 11.93024861878453 15.396578538102643 9 78
240 0 76.17403314917127 76.20528771384136 1 7
241 0 11.982044198895029 15.552099533437014 8 66
242 0 24.050414364640886 25.038880248833596 4 40
243 0 52.883287292817684 52.87713841368584 2 21
244 0 52.883287292817684 52.87713841368584 2 21
245 0 33.908839779005525 35.30326594090202 3 35
246 0 33.908839779005525 35.30326594090202 3 35
247 0 17.12707182320442 19.284603421461895 5 43
248 0 17.24792817679558 18.973561430793158 5 43
249 0 13.950276243093922 15.241057542768274 6 53
250 0 13.950276243093922 15.241057542768274 6 53
251 0 12.793508287292818 16.329704510108865 7 62
252 0 12.793508287292818 16.329704510108865 7 62
253 0 76.17403314917127 76.20528771384136 1 12
254 0 11.982044198895029 15.552099533437014 8 66
255 0 52.883287292817684 52.87713841368584 2 21
256 0 13.950276243093922 15.241057542768274 6 53
257 0 12.793508287292818 16.329704510108865 7 62
258 0 76.17403314917127 76.20528771384136 1 15
259 0 11.982044198895029 15.552099533437014 8 66
260 0 52.883287292817684 52.87713841368584 2 21
261 0 13.950276243093922 15.241057542768274 6 53
262 0 12.793508287292818 16.329704510108865 7 62
263 0 76.17403314917127 76.20528771384136 1 10
264 0 11.982044198895029 15.552099533437014 8 66
265 0 52.883287292817684 52.87713841368584 2 21
266 0 13.950276243093922 15.241057542768274 6 53
267 0 12.793508287292818 16.329704510108865 7 62
268 0 76.17403314917127 76.20528771384136 1 9
269 0 11.982044198895029 15.552099533437014 8 66
270 0 52.883287292817684 52.87713841368584 2 21
271 0 13.950276243093922 15.241057542768274 6 53
272 0 12.793508287292818 16.329704510108865 7 62
273 0 76.17403314917127 76.20528771384136 1 14
274 0 11.982044198895029 15.552099533437014 8 66
275 0 52.883287292817684 52.87713841368584 2 21
276 0 13.950276243093922 15.241057542768274 6 53
277 0 12.793508287292818 16.329704510108865 7 62
278 0 76.17403314917127 76.20528771384136 1 12
279 0 11.982044198895029 15.552099533437014 8 66
280 0 52.883287292817684 52.87713841368584 2 21
281 0 13.950276243093922 15.241057542768274 6 53
282 0 12.793508287292818 16.329704510108865 7 62
283 0 76.17403314917127 76.20528771384136 1 14
284 0 11.982044198895029 15.552099533437014 8 66
285 0 52.883287292817684 52.87713841368584 2 21
286 0 13.950276243093922 15.241057542768274 6 53
287 0 12.793508287292818 16.329704510108865 7 62
288 0 76.17403314917127 76.20528771384136 1 14
289 0 11.982044198895029 15.552099533437014 8 66
290 0 52.883287292817684 52.87713841368584 2 21
291 0 12.793508287292818 16.329704510108865 7 62
292 0 76.17403314917127 76.20528771384136 1 9
293 0 11.982044198895029 15.552099533437014 8 66
294 0 52.883287292817684 52.87713841368584 2 21
295 0 12.793508287292818 16.329704510108865 7 62
296 0 76.17403314917127 76.20528771384136 1 12
297 0 52.883287292817684 52.87713841368584 2 21
298 0 76.17403314917127 76.20528771384136 1 12
299 0 52.883287292817684 52.87713841368584 2 21
