0 0 76.17403314917127 76.20528771384136 1 7
1 0 12.344613259668508 15.707620528771384 10 100
2 0 53.15953038674033 53.03265940902022 2 28
3 0 53.15953038674033 53.03265940902022 2 28
4 0 33.546270718232044 33.748055987558324 3 45
5 0 25.62154696132597 25.816485225505442 4 47
6 0 18.335635359116022 18.662519440124417 6 55
7 0 13.535911602209943 16.640746500777606 8 80
8 0 33.546270718232044 33.748055987558324 3 45
9 0 20.545580110497237 21.61741835147745 5 46
10 0 16.47099447513812 16.951788491446347 7 72
11 0 16.47099447513812 16.951788491446347 7 72
12 0 21.823204419889503 22.86158631415241 5 44
13 0 12.413674033149173 15.863141524105753 9 85
14 0 12.413674033149173 15.863141524105753 9 85
15 0 76.17403314917127 76.20528771384136 1 7
16 0 12.344613259668508 15.707620528771384 10 100
17 0 53.15953038674033 53.03265940902022 2 28
18 0 33.546270718232044 33.748055987558324 3 45
19 0 16.47099447513812 16.951788491446347 7 72
20 0 20.545580110497237 21.61741835147745 5 46
21 0 12.413674033149173 15.863141524105753 9 85
22 0 76.17403314917127 76.20528771384136 1 8
23 0 12.344613259668508 15.707620528771384 10 100
24 0 53.15953038674033 53.03265940902022 2 28
25 0 33.546270718232044 33.748055987558324 3 45
26 0 20.545580110497237 21.61741835147745 5 46
27 0 12.413674033149173 15.863141524105753 9 85
28 0 76.3121546961326 76.51632970451011 1 9
29 0 12.344613259668508 15.707620528771384 10 100
30 0 53.15953038674033 53.03265940902022 2 28
31 0 21.823204419889503 22.86158631415241 5 44
32 0 12.413674033149173 15.863141524105753 9 85
33 0 76.32941988950276 76.67185069984448 1 11
34 0 12.344613259668508 15.707620528771384 10 100
35 0 53.15953038674033 53.03265940902022 2 28
36 0 21.823204419889503 22.86158631415241 5 44
37 0 12.413674033149173 15.863141524105753 9 85
38 0 76.17403314917127 76.20528771384136 1 7
39 0 12.344613259668508 15.707620528771384 10 100
40 0 53.15953038674033 53.03265940902022 2 28
41 0 20.545580110497237 21.61741835147745 5 46
42 0 12.413674033149173 15.863141524105753 9 85
43 0 76.17403314917127 76.20528771384136 1 7
44 0 12.344613259668508 15.707620528771384 10 100
45 0 53.15953038674033 53.03265940902022 2 28
46 0 21.823204419889503 22.86158631415241 5 44
47 0 12.413674033149173 15.863141524105753 9 85
48 0 76.17403314917127 76.20528771384136 1 9
49 0 53.15953038674033 53.03265940902022 2 28
50 0 20.545580110497237 21.61741835147745 5 46
51 0 12.413674033149173 15.863141524105753 9 85
52 0 76.17403314917127 76.20528771384136 1 7
53 0 53.15953038674033 53.03265940902022 2 28
54 0 20.545580110497237 21.61741835147745 5 46
55 0 12.413674033149173 15.863141524105753 9 85
56 0 76.17403314917127 76.20528771384136 1 7
57 0 53.194060773480665 53.18818040435459 2 30
58 0 12.413674033149173 15.863141524105753 9 85
59 0 76.17403314917127 76.20528771384136 1 7
60 0 76.17403314917127 76.20528771384136 1 10
61 0 12.879834254143645 15.085536547433904 9 85
62 0 52.98687845303868 53.18818040435459 2 26
63 0 52.98687845303868 53.18818040435459 2 26
64 0 33.56353591160221 33.748055987558324 3 43
65 0 33.56353591160221 33.748055987558324 3 43
66 0 24.378453038674035 24.72783825816485 4 48
67 0 24.46477900552486 24.883359253499222 4 47
68 0 20.441988950276244 21.61741835147745 5 44
69 0 20.441988950276244 21.61741835147745 5 44
70 0 18.404696132596683 20.52877138413686 6 54
71 0 18.404696132596683 20.52877138413686 6 54
72 0 14.520027624309392 17.262830482115085 7 64
73 0 15.41781767955801 17.107309486780714 7 65
74 0 14.692679558011049 16.485225505443236 8 79
75 0 14.692679558011049 16.485225505443236 8 79
76 0 76.17403314917127 76.20528771384136 1 11
77 0 12.879834254143645 15.085536547433904 9 85
78 0 52.98687845303868 53.18818040435459 2 26
79 0 33.56353591160221 33.748055987558324 3 43
80 0 24.447513812154696 24.72783825816485 4 48
81 0 20.441988950276244 21.61741835147745 5 44
82 0 18.404696132596683 20.52877138413686 6 54
83 0 76.17403314917127 76.20528771384136 1 12
84 0 12.879834254143645 15.085536547433904 9 85
85 0 53.228591160220994 53.654743390357694 2 28
86 0 33.56353591160221 33.748055987558324 3 43
87 0 24.378453038674035 24.72783825816485 4 48
88 0 20.441988950276244 21.61741835147745 5 44
89 0 17.52417127071823 20.21772939346812 6 55
90 0 76.17403314917127 76.20528771384136 1 11
91 0 12.879834254143645 15.085536547433904 9 85
92 0 52.98687845303868 53.18818040435459 2 26
93 0 33.56353591160221 33.748055987558324 3 43
94 0 17.52417127071823 20.21772939346812 6 55
95 0 76.17403314917127 76.20528771384136 1 11
96 0 12.879834254143645 15.085536547433904 9 85
97 0 53.228591160220994 53.654743390357694 2 28
98 0 33.56353591160221 33.748055987558324 3 43
99 0 17.52417127071823 20.21772939346812 6 55
100 0 76.17403314917127 76.20528771384136 1 12
101 0 12.879834254143645 15.085536547433904 9 85
102 0 52.98687845303868 53.18818040435459 2 26
103 0 33.56353591160221 33.748055987558324 3 43
104 0 17.52417127071823 20.21772939346812 6 55
105 0 76.17403314917127 76.20528771384136 1 12
106 0 12.879834254143645 15.085536547433904 9 85
107 0 52.98687845303868 53.18818040435459 2 26
108 0 33.56353591160221 33.748055987558324 3 43
109 0 17.52417127071823 20.21772939346812 6 55
110 0 76.17403314917127 76.20528771384136 1 12
111 0 52.98687845303868 53.18818040435459 2 26
112 0 33.56353591160221 33.748055987558324 3 43
113 0 17.52417127071823 20.21772939346812 6 55
114 0 76.17403314917127 76.20528771384136 1 12
115 0 53.07320441988951 53.499222395023324 2 28
116 0 33.56353591160221 33.748055987558324 3 43
117 0 18.404696132596683 20.52877138413686 6 54
118 0 76.17403314917127 76.20528771384136 1 11
119 0 52.98687845303868 53.18818040435459 2 26
120 0 76.17403314917127 76.20528771384136 1 5
121 0 12.051104972375692 15.552099533437014 11 109
122 0 53.21132596685083 53.654743390357694 2 31
123 0 53.194060773480665 53.654743390357694 2 31
124 0 33.58080110497237 33.903576982892695 3 46
125 0 33.58080110497237 33.903576982892695 3 46
126 0 24.75828729281768 24.883359253499222 4 51
127 0 14.485497237569062 16.485225505443236 8 84
128 0 12.085635359116022 15.396578538102643 10 97
129 0 24.75828729281768 24.883359253499222 4 51
130 0 21.253453038674035 21.461897356143076 5 48
131 0 21.253453038674035 21.461897356143076 5 48
132 0 17.36878453038674 17.729393468118197 6 57
133 0 17.36878453038674 17.729393468118197 6 57
134 0 14.675414364640885 16.796267496111973 7 66
135 0 12.37914364640884 15.552099533437014 9 83
136 0 14.675414364640885 16.796267496111973 7 66
137 0 12.37914364640884 15.552099533437014 9 83
138 0 76.17403314917127 76.20528771384136 1 5
139 0 33.58080110497237 33.903576982892695 3 46
140 0 24.75828729281768 24.883359253499222 4 51
141 0 17.36878453038674 17.729393468118197 6 57
142 0 14.675414364640885 16.796267496111973 7 66
143 0 76.22582872928176 76.20528771384136 1 6
144 0 33.58080110497237 33.903576982892695 3 46
145 0 24.75828729281768 24.883359253499222 4 51
146 0 17.36878453038674 17.729393468118197 6 57
147 0 14.675414364640885 16.796267496111973 7 66
148 0 76.17403314917127 76.20528771384136 1 5
149 0 33.58080110497237 33.903576982892695 3 46
150 0 17.36878453038674 17.729393468118197 6 57
151 0 14.675414364640885 16.796267496111973 7 66
152 0 76.17403314917127 76.20528771384136 1 7
153 0 33.58080110497237 33.903576982892695 3 46
154 0 17.36878453038674 17.729393468118197 6 57
155 0 14.675414364640885 16.796267496111973 7 66
156 0 76.17403314917127 76.20528771384136 1 6
157 0 33.58080110497237 33.903576982892695 3 46
158 0 17.36878453038674 17.729393468118197 6 57
159 0 76.22582872928176 76.20528771384136 1 6
160 0 33.58080110497237 33.903576982892695 3 46
161 0 17.36878453038674 17.729393468118197 6 57
162 0 76.22582872928176 76.20528771384136 1 6
163 0 33.58080110497237 33.903576982892695 3 46
164 0 17.36878453038674 17.729393468118197 6 57
165 0 76.17403314917127 76.20528771384136 1 6
166 0 33.58080110497237 33.903576982892695 3 46
167 0 17.36878453038674 17.729393468118197 6 57
168 0 76.17403314917127 76.20528771384136 1 5
169 0 17.36878453038674 17.729393468118197 6 57
170 0 76.17403314917127 76.20528771384136 1 5
171 0 76.17403314917127 76.20528771384136 1 6
172 0 76.17403314917127 76.20528771384136 1 5
173 0 76.17403314917127 76.20528771384136 1 5
174 0 76.17403314917127 76.20528771384136 1 7
175 0 76.17403314917127 76.20528771384136 1 5
176 0 76.17403314917127 76.20528771384136 1 6
177 0 76.17403314917127 76.20528771384136 1 5
178 0 76.17403314917127 76.20528771384136 1 6
179 0 76.17403314917127 76.20528771384136 1 6
180 0 76.17403314917127 76.20528771384136 1 11
181 0 12.189226519337018 15.552099533437014 9 83
182 0 53.125 53.499222395023324 2 35
183 0 53.107734806629836 53.654743390357694 2 35
184 0 33.822513812154696 33.903576982892695 3 52
185 0 21.391574585635357 21.461897356143076 5 46
186 0 33.70165745856354 33.748055987558324 3 52
187 0 24.879143646408842 25.34992223950233 4 57
188 0 24.810082872928177 25.194401244167963 4 56
189 0 17.506906077348066 20.21772939346812 6 55
190 0 17.506906077348066 20.21772939346812 6 55
191 0 15.08977900552486 17.262830482115085 7 65
192 0 13.466850828729282 15.863141524105753 8 70
193 0 15.08977900552486 17.262830482115085 7 65
194 0 13.466850828729282 15.863141524105753 8 70
195 0 76.32941988950276 76.51632970451011 1 15
196 0 12.189226519337018 15.552099533437014 9 83
197 0 53.021408839779006 53.654743390357694 2 35
198 0 33.70165745856354 33.748055987558324 3 52
199 0 24.810082872928177 25.194401244167963 4 57
200 0 17.506906077348066 20.21772939346812 6 55
201 0 15.08977900552486 17.262830482115085 7 65
202 0 13.466850828729282 15.863141524105753 8 70
203 0 76.32941988950276 76.51632970451011 1 14
204 0 12.189226519337018 15.552099533437014 9 83
205 0 53.07320441988951 53.499222395023324 2 34
206 0 33.70165745856354 33.748055987558324 3 52
207 0 24.810082872928177 25.194401244167963 4 57
208 0 17.506906077348066 20.21772939346812 6 55
209 0 13.466850828729282 15.863141524105753 8 70
210 0 76.32941988950276 76.51632970451011 1 13
211 0 12.189226519337018 15.552099533437014 9 83
212 0 53.07320441988951 53.499222395023324 2 34
213 0 33.70165745856354 33.748055987558324 3 52
214 0 24.810082872928177 25.194401244167963 4 56
215 0 17.506906077348066 20.21772939346812 6 55
216 0 13.466850828729282 15.863141524105753 8 70
217 0 76.32941988950276 76.51632970451011 1 15
218 0 12.189226519337018 15.552099533437014 9 83
219 0 53.366712707182316 53.810264385692065 2 35
220 0 33.6671270718232 33.748055987558324 3 51
221 0 24.810082872928177 25.194401244167963 4 57
222 0 13.466850828729282 15.863141524105753 8 70
223 0 76.17403314917127 76.20528771384136 1 12
224 0 12.189226519337018 15.552099533437014 9 83
225 0 53.07320441988951 53.499222395023324 2 34
226 0 33.6671270718232 33.748055987558324 3 51
227 0 24.810082872928177 25.194401244167963 4 57
228 0 13.466850828729282 15.863141524105753 8 70
229 0 76.32941988950276 76.51632970451011 1 13
230 0 12.189226519337018 15.552099533437014 9 83
231 0 53.07320441988951 53.499222395023324 2 34
232 0 33.70165745856354 33.748055987558324 3 52
233 0 24.879143646408842 25.34992223950233 4 57
234 0 13.466850828729282 15.863141524105753 8 70
235 0 76.17403314917127 76.20528771384136 1 12
236 0 12.189226519337018 15.552099533437014 9 83
237 0 53.09046961325967 53.499222395023324 2 35
238 0 33.822513812154696 33.903576982892695 3 52
239 0 24.810082872928177 25.194401244167963 4 56
240 0 76.17403314917127 76.20528771384136 1 12
241 0 12.292817679558011 15.863141524105753 12 118
242 0 34.18508287292818 34.21461897356143 3 42
243 0 53.194060773480665 53.18818040435459 2 25
244 0 12.344613259668508 16.018662519440124 9 85
245 0 53.194060773480665 53.18818040435459 2 25
246 0 24.982734806629832 25.194401244167963 4 47
247 0 17.4378453038674 18.195956454121305 6 56
248 0 14.502762430939226 16.640746500777606 7 66
249 0 24.982734806629832 25.194401244167963 4 47
250 0 21.840469613259668 24.416796267496114 5 58
251 0 21.840469613259668 24.416796267496114 5 58
252 0 17.4378453038674 18.195956454121305 6 56
253 0 14.502762430939226 16.640746500777606 7 66
254 0 13.570441988950277 15.707620528771384 8 71
255 0 13.570441988950277 15.707620528771384 8 71
256 0 76.17403314917127 76.20528771384136 1 14
257 0 12.310082872928177 15.707620528771384 12 114
258 0 53.194060773480665 53.18818040435459 2 25
259 0 24.982734806629832 25.194401244167963 4 47
260 0 21.840469613259668 24.416796267496114 5 58
261 0 17.4378453038674 18.195956454121305 6 56
262 0 14.502762430939226 16.640746500777606 7 66
263 0 13.570441988950277 15.707620528771384 8 71
264 0 76.17403314917127 76.20528771384136 1 12
265 0 12.310082872928177 15.707620528771384 12 114
266 0 53.194060773480665 53.18818040435459 2 25
267 0 24.982734806629832 25.194401244167963 4 47
268 0 17.4378453038674 18.195956454121305 6 56
269 0 14.502762430939226 16.640746500777606 7 66
270 0 76.17403314917127 76.20528771384136 1 14
271 0 12.292817679558011 15.863141524105753 12 118
272 0 53.194060773480665 53.18818040435459 2 25
273 0 24.982734806629832 25.194401244167963 4 47
274 0 17.4378453038674 18.195956454121305 6 56
275 0 14.502762430939226 16.640746500777606 7 66
276 0 76.17403314917127 76.20528771384136 1 13
277 0 12.292817679558011 15.863141524105753 12 118
278 0 53.194060773480665 53.18818040435459 2 25
279 0 17.4378453038674 18.195956454121305 6 56
280 0 14.502762430939226 16.640746500777606 7 66
281 0 76.17403314917127 76.20528771384136 1 12
282 0 53.194060773480665 53.18818040435459 2 25
283 0 17.4378453038674 18.195956454121305 6 56
284 0 14.502762430939226 16.640746500777606 7 66
285 0 76.17403314917127 76.20528771384136 1 12
286 0 53.194060773480665 53.18818040435459 2 25
287 0 17.4378453038674 18.195956454121305 6 56
288 0 76.17403314917127 76.20528771384136 1 12
289 0 53.194060773480665 53.18818040435459 2 25
290 0 17.4378453038674 18.195956454121305 6 56
291 0 76.17403314917127 76.20528771384136 1 12
292 0 53.194060773480665 53.18818040435459 2 25
293 0 17.4378453038674 18.195956454121305 6 56
294 0 76.17403314917127 76.20528771384136 1 12
295 0 53.194060773480665 53.18818040435459 2 25
296 0 17.4378453038674 18.195956454121305 6 56
297 0 76.17403314917127 76.20528771384136 1 13
298 0 53.194060773480665 53.18818040435459 2 25
299 0 17.4378453038674 18.195956454121305 6 56
