0 0 76.17403314917127 76.20528771384136 1 2
1 0 13.846685082872929 15.863141524105753 7 74
2 0 53.107734806629836 53.654743390357694 2 29
3 0 52.96961325966851 53.654743390357694 2 29
4 0 33.42541436464088 34.52566096423017 3 49
5 0 16.004834254143645 16.485225505443236 6 64
6 0 33.42541436464088 34.52566096423017 3 49
7 0 23.37707182320442 25.194401244167963 4 58
8 0 23.37707182320442 25.194401244167963 4 58
9 0 17.886740331491712 18.506998444790046 5 56
10 0 17.869475138121548 18.662519440124417 5 57
11 0 76.17403314917127 76.20528771384136 1 2
12 0 52.96961325966851 53.654743390357694 2 29
13 0 33.42541436464088 34.52566096423017 3 49
14 0 23.37707182320442 25.194401244167963 4 58
15 0 17.886740331491712 18.506998444790046 5 56
16 0 76.17403314917127 76.20528771384136 1 2
17 0 53.47030386740331 53.810264385692065 2 28
18 0 23.359806629834253 25.038880248833596 4 57
19 0 17.817679558011047 18.506998444790046 5 57
20 0 76.17403314917127 76.20528771384136 1 2
21 0 52.96961325966851 53.654743390357694 2 29
22 0 23.359806629834253 25.038880248833596 4 57
23 0 17.817679558011047 18.506998444790046 5 57
24 0 76.17403314917127 76.20528771384136 1 3
25 0 53.47030386740331 53.810264385692065 2 28
26 0 23.359806629834253 25.038880248833596 4 57
27 0 17.886740331491712 18.506998444790046 5 56
28 0 76.17403314917127 76.20528771384136 1 7
29 0 53.107734806629836 53.654743390357694 2 29
30 0 23.359806629834253 25.038880248833596 4 57
31 0 76.17403314917127 76.20528771384136 1 2
32 0 53.107734806629836 53.654743390357694 2 29
33 0 23.359806629834253 25.038880248833596 4 57
34 0 76.3121546961326 76.51632970451011 1 13
35 0 53.107734806629836 53.654743390357694 2 29
36 0 23.359806629834253 25.038880248833596 4 57
37 0 76.17403314917127 76.20528771384136 1 6
38 0 53.107734806629836 53.654743390357694 2 29
39 0 76.17403314917127 76.20528771384136 1 3
40 0 53.107734806629836 53.654743390357694 2 29
41 0 76.17403314917127 76.20528771384136 1 3
42 0 53.107734806629836 53.654743390357694 2 29
43 0 76.17403314917127 76.20528771384136 1 3
44 0 53.107734806629836 53.654743390357694 2 29
45 0 17.817679558011047 18.506998444790046 5 57
46 0 76.17403314917127 76.20528771384136 1 4
47 0 13.604972375690608 15.863141524105753 9 115
48 0 76.55386740331491 76.67185069984448 1 16
49 0 54.76519337016575 55.83203732503888 2 31
50 0 33.75345303867403 35.30326594090202 3 49
51 0 28.314917127071826 29.082426127527217 4 48
52 0 20.28660220994475 20.52877138413686 5 58
53 0 13.535911602209943 15.085536547433904 7 74
54 0 13.674033149171272 15.085536547433904 8 79
55 0 15.935773480662984 16.329704510108865 6 65
56 0 15.935773480662984 16.329704510108865 6 65
57 0 77.05455801104972 77.60497667185071 1 7
58 0 16.022099447513813 16.329704510108865 6 65
59 0 15.935773480662984 16.329704510108865 6 65
60 0 76.17403314917127 76.20528771384136 1 5
61 0 13.225138121546962 15.396578538102643 8 88
62 0 53.15953038674033 53.96578538102644 2 27
63 0 53.194060773480665 53.810264385692065 2 28
64 0 33.114640883977906 34.68118195956454 3 48
65 0 33.114640883977906 34.68118195956454 3 48
66 0 23.1353591160221 25.194401244167963 4 56
67 0 14.968922651933703 16.018662519440124 6 66
68 0 13.276933701657459 14.774494556765164 7 72
69 0 23.1353591160221 25.194401244167963 4 56
70 0 21.011740331491712 23.32814930015552 5 62
71 0 21.011740331491712 23.32814930015552 5 62
72 0 14.968922651933703 16.018662519440124 6 66
73 0 13.276933701657459 14.774494556765164 7 72
74 0 76.17403314917127 76.20528771384136 1 7
75 0 13.225138121546962 15.396578538102643 8 88
76 0 52.91781767955801 53.654743390357694 2 29
77 0 33.114640883977906 34.68118195956454 3 48
78 0 21.011740331491712 23.32814930015552 5 62
79 0 14.968922651933703 16.018662519440124 6 66
80 0 13.276933701657459 14.774494556765164 7 72
81 0 76.17403314917127 76.20528771384136 1 7
82 0 13.225138121546962 15.396578538102643 8 88
83 0 53.194060773480665 53.810264385692065 2 28
84 0 33.114640883977906 34.68118195956454 3 48
85 0 14.968922651933703 16.018662519440124 6 66
86 0 13.276933701657459 14.774494556765164 7 72
87 0 76.17403314917127 76.20528771384136 1 8
88 0 13.225138121546962 15.396578538102643 8 88
89 0 52.91781767955801 53.654743390357694 2 29
90 0 33.114640883977906 34.68118195956454 3 48
91 0 14.968922651933703 16.018662519440124 6 66
92 0 13.276933701657459 14.774494556765164 7 72
93 0 76.17403314917127 76.20528771384136 1 7
94 0 13.225138121546962 15.396578538102643 8 88
95 0 52.91781767955801 53.654743390357694 2 29
96 0 33.114640883977906 34.68118195956454 3 48
97 0 14.968922651933703 16.018662519440124 6 66
98 0 13.276933701657459 14.774494556765164 7 72
99 0 76.17403314917127 76.20528771384136 1 7
100 0 13.225138121546962 15.396578538102643 8 88
101 0 52.91781767955801 53.654743390357694 2 29
102 0 33.114640883977906 34.68118195956454 3 48
103 0 14.968922651933703 16.018662519440124 6 66
104 0 13.276933701657459 14.774494556765164 7 72
105 0 76.17403314917127 76.20528771384136 1 7
106 0 13.225138121546962 15.396578538102643 8 88
107 0 53.15953038674033 53.96578538102644 2 27
108 0 33.114640883977906 34.68118195956454 3 48
109 0 14.968922651933703 16.018662519440124 6 66
110 0 76.17403314917127 76.20528771384136 1 7
111 0 13.225138121546962 15.396578538102643 8 88
112 0 52.91781767955801 53.654743390357694 2 29
113 0 33.114640883977906 34.68118195956454 3 47
114 0 14.968922651933703 16.018662519440124 6 66
115 0 76.17403314917127 76.20528771384136 1 7
116 0 52.91781767955801 53.654743390357694 2 29
117 0 33.114640883977906 34.68118195956454 3 48
118 0 14.968922651933703 16.018662519440124 6 66
119 0 76.17403314917127 76.20528771384136 1 7
120 0 76.17403314917127 76.20528771384136 1 7
121 0 13.207872928176794 14.930015552099535 7 73
122 0 53.07320441988951 53.499222395023324 2 24
123 0 53.07320441988951 53.34370139968896 2 24
124 0 33.408149171270715 34.68118195956454 3 44
125 0 17.748618784530386 18.195956454121305 5 57
126 0 33.408149171270715 34.68118195956454 3 44
127 0 23.41160220994475 24.416796267496114 4 50
128 0 23.41160220994475 24.416796267496114 4 50
129 0 15.158839779005525 16.951788491446347 6 65
130 0 15.158839779005525 16.951788491446347 6 65
131 0 76.17403314917127 76.20528771384136 1 8
132 0 13.207872928176794 14.930015552099535 7 73
133 0 53.07320441988951 53.34370139968896 2 24
134 0 33.408149171270715 34.68118195956454 3 44
135 0 23.41160220994475 24.416796267496114 4 50
136 0 15.158839779005525 16.951788491446347 6 65
137 0 76.17403314917127 76.20528771384136 1 7
138 0 13.207872928176794 14.930015552099535 7 73
139 0 53.107734806629836 53.810264385692065 2 24
140 0 33.408149171270715 34.83670295489891 3 44
141 0 23.41160220994475 24.416796267496114 4 50
142 0 15.158839779005525 16.951788491446347 6 65
143 0 76.17403314917127 76.20528771384136 1 7
144 0 13.207872928176794 14.930015552099535 7 73
145 0 53.107734806629836 53.810264385692065 2 24
146 0 33.408149171270715 34.68118195956454 3 44
147 0 23.41160220994475 24.416796267496114 4 50
148 0 15.158839779005525 16.951788491446347 6 65
149 0 76.17403314917127 76.20528771384136 1 8
150 0 13.207872928176794 14.930015552099535 7 73
151 0 53.07320441988951 53.34370139968896 2 26
152 0 33.408149171270715 34.68118195956454 3 44
153 0 23.41160220994475 24.416796267496114 4 50
154 0 76.17403314917127 76.20528771384136 1 7
155 0 13.207872928176794 14.930015552099535 7 73
156 0 53.07320441988951 53.34370139968896 2 26
157 0 33.408149171270715 34.68118195956454 3 44
158 0 23.41160220994475 24.416796267496114 4 50
159 0 76.17403314917127 76.20528771384136 1 7
160 0 13.207872928176794 14.930015552099535 7 73
161 0 53.07320441988951 53.34370139968896 2 24
162 0 33.408149171270715 34.68118195956454 3 44
163 0 23.41160220994475 24.416796267496114 4 50
164 0 76.17403314917127 76.20528771384136 1 7
165 0 13.207872928176794 14.930015552099535 7 73
166 0 53.07320441988951 53.499222395023324 2 24
167 0 33.408149171270715 34.68118195956454 3 44
168 0 23.41160220994475 24.416796267496114 4 50
169 0 76.17403314917127 76.20528771384136 1 7
170 0 13.207872928176794 14.930015552099535 7 73
171 0 53.142265193370164 53.810264385692065 2 25
172 0 33.408149171270715 34.68118195956454 3 44
173 0 23.41160220994475 24.416796267496114 4 50
174 0 76.17403314917127 76.20528771384136 1 7
175 0 13.207872928176794 14.930015552099535 7 73
176 0 53.07320441988951 53.34370139968896 2 24
177 0 33.408149171270715 34.68118195956454 3 44
178 0 23.41160220994475 24.416796267496114 4 50
179 0 76.17403314917127 76.20528771384136 1 7
180 0 76.17403314917127 76.20528771384136 1 5
181 0 13.466850828729282 16.174183514774494 8 100
182 0 33.47720994475138 34.99222395023328 3 47
183 0 53.21132596685083 53.654743390357694 2 26
184 0 53.21132596685083 53.654743390357694 2 26
185 0 23.221685082872927 24.416796267496114 4 52
186 0 23.221685082872927 24.416796267496114 4 52
187 0 17.817679558011047 18.195956454121305 5 58
188 0 17.817679558011047 18.195956454121305 5 58
189 0 15.555939226519335 18.35147744945568 6 70
190 0 15.555939226519335 18.35147744945568 6 70
191 0 14.278314917127071 16.329704510108865 7 80
192 0 14.278314917127071 16.329704510108865 7 80
193 0 76.17403314917127 76.20528771384136 1 5
194 0 53.21132596685083 53.654743390357694 2 26
195 0 23.221685082872927 24.416796267496114 4 52
196 0 17.817679558011047 18.195956454121305 5 58
197 0 15.555939226519335 18.35147744945568 6 70
198 0 76.17403314917127 76.20528771384136 1 5
199 0 53.21132596685083 53.654743390357694 2 26
200 0 23.221685082872927 24.416796267496114 4 52
201 0 15.555939226519335 18.35147744945568 6 70
202 0 76.17403314917127 76.20528771384136 1 6
203 0 53.21132596685083 53.654743390357694 2 26
204 0 15.555939226519335 18.35147744945568 6 70
205 0 76.17403314917127 76.20528771384136 1 7
206 0 53.21132596685083 53.654743390357694 2 26
207 0 15.555939226519335 18.35147744945568 6 70
208 0 76.17403314917127 76.20528771384136 1 5
209 0 53.21132596685083 53.654743390357694 2 26
210 0 15.555939226519335 18.35147744945568 6 70
211 0 76.17403314917127 76.20528771384136 1 7
212 0 53.21132596685083 53.654743390357694 2 26
213 0 15.555939226519335 18.35147744945568 6 70
214 0 76.17403314917127 76.20528771384136 1 6
215 0 15.555939226519335 18.35147744945568 6 70
216 0 76.17403314917127 76.20528771384136 1 7
217 0 76.17403314917127 76.20528771384136 1 6
218 0 76.17403314917127 76.20528771384136 1 6
219 0 76.22582872928176 76.20528771384136 1 12
220 0 76.17403314917127 76.20528771384136 1 8
221 0 76.17403314917127 76.20528771384136 1 5
222 0 76.17403314917127 76.20528771384136 1 6
223 0 76.17403314917127 76.20528771384136 1 5
224 0 76.22582872928176 76.20528771384136 1 13
225 0 76.22582872928176 76.20528771384136 1 13
226 0 76.22582872928176 76.20528771384136 1 12
227 0 76.22582872928176 76.20528771384136 1 13
228 0 76.17403314917127 76.20528771384136 1 11
229 0 76.17403314917127 76.20528771384136 1 8
230 0 76.22582872928176 76.20528771384136 1 13
231 0 76.17403314917127 76.20528771384136 1 8
232 0 76.17403314917127 76.20528771384136 1 5
233 0 76.17403314917127 76.20528771384136 1 5
234 0 76.22582872928176 76.20528771384136 1 13
235 0 76.17403314917127 76.20528771384136 1 6
236 0 76.22582872928176 76.20528771384136 1 14
237 0 14.174723756906078 16.174183514774494 8 100
238 0 77.19267955801105 77.29393468118197 1 14
239 0 54.3853591160221 54.898911353032666 2 20
240 0 76.17403314917127 76.20528771384136 1 4
241 0 21.909530386740332 22.3950233281493 10 103
242 0 53.107734806629836 53.654743390357694 2 22
243 0 53.107734806629836 53.654743390357694 2 22
244 0 33.52900552486188 35.45878693623639 3 41
245 0 17.36878453038674 18.195956454121305 5 56
246 0 33.52900552486188 35.45878693623639 3 41
247 0 23.221685082872927 25.660964230171075 4 53
248 0 23.221685082872927 25.660964230171075 4 53
249 0 19.302486187845304 19.59564541213064 8 86
250 0 18.853591160220994 20.52877138413686 6 69
251 0 18.853591160220994 20.52877138413686 6 69
252 0 19.492403314917127 19.59564541213064 7 75
253 0 19.492403314917127 19.59564541213064 7 75
254 0 19.302486187845304 19.59564541213064 8 86
255 0 79.90331491712708 79.93779160186625 1 8
256 0 53.09046961325967 53.654743390357694 2 23
257 0 33.52900552486188 35.45878693623639 3 41
258 0 23.221685082872927 25.660964230171075 4 53
259 0 18.853591160220994 20.52877138413686 6 69
260 0 19.492403314917127 19.59564541213064 7 75
261 0 19.302486187845304 19.59564541213064 8 86
262 0 76.29488950276243 76.51632970451011 1 6
263 0 53.107734806629836 53.654743390357694 2 22
264 0 33.52900552486188 35.45878693623639 3 41
265 0 23.221685082872927 25.660964230171075 4 53
266 0 19.492403314917127 19.59564541213064 7 75
267 0 76.29488950276243 76.51632970451011 1 7
268 0 53.107734806629836 53.654743390357694 2 22
269 0 23.221685082872927 25.660964230171075 4 53
270 0 19.492403314917127 19.59564541213064 7 75
271 0 76.29488950276243 76.51632970451011 1 7
272 0 53.107734806629836 53.654743390357694 2 22
273 0 23.221685082872927 25.660964230171075 4 53
274 0 19.492403314917127 19.59564541213064 7 75
275 0 76.17403314917127 76.20528771384136 1 4
276 0 53.107734806629836 53.654743390357694 2 22
277 0 23.221685082872927 25.660964230171075 4 53
278 0 19.492403314917127 19.59564541213064 7 75
279 0 76.58839779005525 76.82737169517885 1 9
280 0 53.107734806629836 53.499222395023324 2 21
281 0 81.04281767955801 81.64852255054433 1 8
282 0 53.09046961325967 53.654743390357694 2 22
283 0 76.17403314917127 76.20528771384136 1 4
284 0 53.107734806629836 53.654743390357694 2 22
285 0 76.29488950276243 76.51632970451011 1 8
286 0 53.107734806629836 53.654743390357694 2 22
287 0 76.17403314917127 76.20528771384136 1 9
288 0 76.29488950276243 76.51632970451011 1 6
289 0 76.17403314917127 76.20528771384136 1 4
290 0 76.17403314917127 76.20528771384136 1 6
291 0 76.29488950276243 76.51632970451011 1 8
292 0 76.29488950276243 76.20528771384136 1 8
293 0 76.29488950276243 76.51632970451011 1 6
294 0 76.29488950276243 76.51632970451011 1 6
295 0 76.17403314917127 76.20528771384136 1 4
296 0 76.38121546961327 76.36080870917574 1 8
297 0 76.29488950276243 76.51632970451011 1 8
298 0 79.90331491712708 79.93779160186625 1 8
299 0 76.2603591160221 76.36080870917574 1 5
