0 0 76.17403314917127 76.20528771384136 1 6
1 0 12.292817679558011 13.374805598755831 8 81
2 0 52.93508287292818 53.03265940902022 2 36
3 0 52.93508287292818 53.03265940902022 2 36
4 0 33.2182320441989 33.592534992223946 3 57
5 0 13.34599447513812 15.241057542768274 7 77
6 0 33.2182320441989 33.592534992223946 3 57
7 0 23.92955801104972 24.72783825816485 4 61
8 0 23.92955801104972 24.72783825816485 4 61
9 0 18.95718232044199 20.52877138413686 5 47
10 0 16.40193370165746 17.729393468118197 6 65
11 0 18.95718232044199 20.52877138413686 5 47
12 0 16.40193370165746 17.729393468118197 6 65
13 0 76.17403314917127 76.20528771384136 1 6
14 0 12.292817679558011 13.374805598755831 8 81
15 0 52.93508287292818 53.03265940902022 2 35
16 0 23.92955801104972 24.72783825816485 4 61
17 0 18.95718232044199 20.52877138413686 5 47
18 0 16.40193370165746 17.729393468118197 6 65
19 0 76.17403314917127 76.20528771384136 1 20
20 0 12.292817679558011 13.374805598755831 8 81
21 0 52.93508287292818 53.03265940902022 2 35
22 0 23.92955801104972 24.72783825816485 4 61
23 0 18.95718232044199 20.52877138413686 5 47
24 0 16.40193370165746 17.729393468118197 6 65
25 0 76.17403314917127 76.20528771384136 1 6
26 0 12.292817679558011 13.374805598755831 8 81
27 0 52.93508287292818 53.03265940902022 2 36
28 0 23.92955801104972 24.72783825816485 4 61
29 0 18.95718232044199 20.52877138413686 5 47
30 0 16.40193370165746 17.729393468118197 6 65
31 0 76.17403314917127 76.20528771384136 1 20
32 0 12.292817679558011 13.374805598755831 8 81
33 0 52.93508287292818 53.03265940902022 2 36
34 0 23.92955801104972 24.72783825816485 4 61
35 0 16.40193370165746 17.729393468118197 6 65
36 0 76.17403314917127 76.20528771384136 1 20
37 0 12.292817679558011 13.374805598755831 8 81
38 0 52.93508287292818 53.03265940902022 2 36
39 0 23.92955801104972 24.72783825816485 4 61
40 0 76.17403314917127 76.20528771384136 1 6
41 0 12.292817679558011 13.374805598755831 8 81
42 0 52.93508287292818 53.03265940902022 2 36
43 0 23.92955801104972 24.72783825816485 4 61
44 0 76.17403314917127 76.20528771384136 1 6
45 0 12.292817679558011 13.374805598755831 8 81
46 0 52.93508287292818 53.03265940902022 2 36
47 0 23.92955801104972 24.72783825816485 4 61
48 0 76.17403314917127 76.20528771384136 1 6
49 0 12.292817679558011 13.374805598755831 8 81
50 0 52.93508287292818 53.03265940902022 2 36
51 0 23.92955801104972 24.72783825816485 4 61
52 0 76.17403314917127 76.20528771384136 1 6
53 0 12.292817679558011 13.374805598755831 8 81
54 0 52.93508287292818 53.03265940902022 2 36
55 0 23.92955801104972 24.72783825816485 4 61
56 0 76.17403314917127 76.20528771384136 1 6
57 0 12.292817679558011 13.374805598755831 8 81
58 0 52.93508287292818 53.03265940902022 2 36
59 0 23.92955801104972 24.72783825816485 4 61
60 0 76.17403314917127 76.20528771384136 1 10
61 0 12.931629834254144 13.21928460342146 8 84
62 0 52.91781767955801 53.03265940902022 2 37
63 0 52.91781767955801 53.03265940902022 2 37
64 0 33.35635359116022 33.592534992223946 3 58
65 0 14.675414364640885 14.463452566096425 7 79
66 0 33.35635359116022 33.592534992223946 3 58
67 0 23.94682320441989 25.505443234836704 4 62
68 0 23.94682320441989 25.505443234836704 4 62
69 0 19.647790055248617 20.839813374805598 5 48
70 0 16.76450276243094 17.107309486780714 6 66
71 0 19.647790055248617 20.839813374805598 5 48
72 0 16.76450276243094 17.107309486780714 6 66
73 0 76.22582872928176 76.36080870917574 1 14
74 0 12.931629834254144 13.21928460342146 8 84
75 0 52.91781767955801 53.03265940902022 2 37
76 0 33.35635359116022 33.592534992223946 3 58
77 0 24.01588397790055 25.194401244167963 4 63
78 0 76.19129834254143 76.20528771384136 1 13
79 0 12.931629834254144 13.21928460342146 8 84
80 0 53.00414364640884 53.03265940902022 2 36
81 0 33.35635359116022 33.592534992223946 3 58
82 0 24.01588397790055 25.194401244167963 4 63
83 0 76.19129834254143 76.20528771384136 1 13
84 0 12.931629834254144 13.21928460342146 8 84
85 0 52.91781767955801 53.03265940902022 2 37
86 0 33.35635359116022 33.592534992223946 3 58
87 0 23.94682320441989 25.505443234836704 4 62
88 0 76.22582872928176 76.36080870917574 1 16
89 0 12.931629834254144 13.21928460342146 8 84
90 0 52.93508287292818 53.03265940902022 2 38
91 0 33.35635359116022 33.592534992223946 3 58
92 0 24.01588397790055 25.194401244167963 4 63
93 0 76.22582872928176 76.36080870917574 1 15
94 0 12.931629834254144 13.21928460342146 8 84
95 0 52.91781767955801 53.03265940902022 2 37
96 0 33.18370165745856 33.748055987558324 3 59
97 0 24.01588397790055 25.194401244167963 4 63
98 0 76.22582872928176 76.36080870917574 1 14
99 0 12.931629834254144 13.21928460342146 8 84
100 0 52.91781767955801 53.03265940902022 2 37
101 0 33.35635359116022 33.592534992223946 3 58
102 0 76.19129834254143 76.20528771384136 1 14
103 0 12.931629834254144 13.21928460342146 8 84
104 0 52.91781767955801 53.03265940902022 2 37
105 0 33.35635359116022 33.592534992223946 3 58
106 0 76.22582872928176 76.36080870917574 1 14
107 0 12.931629834254144 13.21928460342146 8 84
108 0 52.98687845303868 53.18818040435459 2 35
109 0 33.35635359116022 33.592534992223946 3 58
110 0 76.17403314917127 76.20528771384136 1 10
111 0 12.931629834254144 13.21928460342146 8 84
112 0 52.91781767955801 53.03265940902022 2 37
113 0 33.35635359116022 33.592534992223946 3 58
114 0 76.17403314917127 76.20528771384136 1 9
115 0 12.931629834254144 13.21928460342146 8 84
116 0 52.91781767955801 53.03265940902022 2 37
117 0 33.35635359116022 33.592534992223946 3 58
118 0 76.17403314917127 76.20528771384136 1 10
119 0 52.91781767955801 53.03265940902022 2 37
120 0 76.17403314917127 76.20528771384136 1 14
121 0 12.137430939226519 13.21928460342146 12 126
122 0 53.00414364640884 53.03265940902022 2 39
123 0 52.98687845303868 53.03265940902022 2 38
124 0 33.459944751381215 33.903576982892695 3 58
125 0 12.102900552486188 13.374805598755831 9 89
126 0 33.30455801104972 33.748055987558324 3 59
127 0 23.895027624309392 25.038880248833596 4 62
128 0 23.895027624309392 25.038880248833596 4 62
129 0 22.68646408839779 24.416796267496114 5 60
130 0 22.68646408839779 24.416796267496114 5 60
131 0 16.47099447513812 17.729393468118197 6 65
132 0 16.47099447513812 17.729393468118197 6 65
133 0 15.279696132596685 16.329704510108865 7 70
134 0 15.26243093922652 16.329704510108865 7 70
135 0 12.171961325966851 13.374805598755831 8 82
136 0 12.102900552486188 13.374805598755831 9 89
137 0 12.154696132596685 13.374805598755831 8 82
138 0 76.17403314917127 76.20528771384136 1 16
139 0 52.96961325966851 53.03265940902022 2 38
140 0 33.30455801104972 33.748055987558324 3 59
141 0 23.895027624309392 25.038880248833596 4 62
142 0 22.68646408839779 24.416796267496114 5 60
143 0 16.47099447513812 17.729393468118197 6 65
144 0 15.26243093922652 16.329704510108865 7 70
145 0 12.171961325966851 13.374805598755831 8 82
146 0 76.17403314917127 76.20528771384136 1 14
147 0 12.102900552486188 13.374805598755831 9 89
148 0 52.98687845303868 53.03265940902022 2 38
149 0 33.459944751381215 33.903576982892695 3 58
150 0 23.91229281767956 25.038880248833596 4 62
151 0 22.68646408839779 24.416796267496114 5 60
152 0 16.47099447513812 17.729393468118197 6 65
153 0 15.26243093922652 16.329704510108865 7 70
154 0 12.171961325966851 13.374805598755831 8 82
155 0 76.17403314917127 76.20528771384136 1 17
156 0 12.102900552486188 13.374805598755831 9 89
157 0 52.91781767955801 53.03265940902022 2 37
158 0 33.30455801104972 33.748055987558324 3 59
159 0 23.91229281767956 25.038880248833596 4 62
160 0 22.68646408839779 24.416796267496114 5 60
161 0 16.47099447513812 17.729393468118197 6 65
162 0 12.171961325966851 13.374805598755831 8 82
163 0 76.17403314917127 76.20528771384136 1 17
164 0 52.96961325966851 53.03265940902022 2 38
165 0 33.30455801104972 33.748055987558324 3 59
166 0 23.895027624309392 25.038880248833596 4 62
167 0 22.68646408839779 24.416796267496114 5 60
168 0 12.154696132596685 13.374805598755831 8 82
169 0 76.17403314917127 76.20528771384136 1 15
170 0 52.93508287292818 53.03265940902022 2 37
171 0 33.30455801104972 33.748055987558324 3 59
172 0 23.91229281767956 25.038880248833596 4 62
173 0 22.68646408839779 24.416796267496114 5 60
174 0 12.154696132596685 13.374805598755831 8 82
175 0 76.17403314917127 76.20528771384136 1 17
176 0 52.96961325966851 53.03265940902022 2 38
177 0 33.30455801104972 33.748055987558324 3 59
178 0 23.895027624309392 25.038880248833596 4 62
179 0 22.68646408839779 24.416796267496114 5 60
180 0 76.17403314917127 76.20528771384136 1 10
181 0 12.154696132596685 13.374805598755831 8 82
182 0 52.95234806629834 53.03265940902022 2 38
183 0 52.93508287292818 53.03265940902022 2 40
184 0 33.321823204419886 33.748055987558324 3 59
185 0 33.321823204419886 33.748055987558324 3 59
186 0 24.067679558011047 25.038880248833596 4 63
187 0 24.067679558011047 25.038880248833596 4 63
188 0 21.06353591160221 22.86158631415241 5 60
189 0 16.47099447513812 17.729393468118197 6 65
190 0 13.449585635359115 14.618973561430792 7 78
191 0 21.06353591160221 22.86158631415241 5 60
192 0 16.47099447513812 17.729393468118197 6 65
193 0 13.449585635359115 14.618973561430792 7 78
194 0 76.43301104972376 76.51632970451011 1 20
195 0 12.154696132596685 13.374805598755831 8 82
196 0 53.07320441988951 53.03265940902022 2 39
197 0 33.321823204419886 33.748055987558324 3 59
198 0 24.067679558011047 25.038880248833596 4 63
199 0 21.06353591160221 22.86158631415241 5 60
200 0 16.47099447513812 17.729393468118197 6 65
201 0 13.449585635359115 14.618973561430792 7 78
202 0 76.17403314917127 76.20528771384136 1 10
203 0 12.154696132596685 13.374805598755831 8 82
204 0 52.93508287292818 53.03265940902022 2 40
205 0 33.321823204419886 33.748055987558324 3 59
206 0 24.067679558011047 25.038880248833596 4 63
207 0 21.06353591160221 22.86158631415241 5 60
208 0 16.453729281767956 17.418351477449455 6 65
209 0 13.449585635359115 14.618973561430792 7 78
210 0 76.32941988950276 76.36080870917574 1 18
211 0 12.154696132596685 13.374805598755831 8 82
212 0 52.95234806629834 53.03265940902022 2 38
213 0 33.321823204419886 33.748055987558324 3 59
214 0 24.067679558011047 25.038880248833596 4 63
215 0 16.47099447513812 17.729393468118197 6 65
216 0 13.449585635359115 14.618973561430792 7 78
217 0 76.32941988950276 76.36080870917574 1 18
218 0 12.154696132596685 13.374805598755831 8 82
219 0 52.95234806629834 53.03265940902022 2 38
220 0 33.321823204419886 33.748055987558324 3 59
221 0 24.067679558011047 25.038880248833596 4 63
222 0 16.47099447513812 17.729393468118197 6 65
223 0 13.449585635359115 14.618973561430792 7 78
224 0 76.17403314917127 76.20528771384136 1 11
225 0 12.154696132596685 13.374805598755831 8 82
226 0 52.95234806629834 53.03265940902022 2 38
227 0 33.321823204419886 33.748055987558324 3 59
228 0 24.067679558011047 25.038880248833596 4 63
229 0 16.47099447513812 17.729393468118197 6 65
230 0 76.17403314917127 76.20528771384136 1 10
231 0 12.154696132596685 13.374805598755831 8 82
232 0 52.95234806629834 53.03265940902022 2 38
233 0 33.321823204419886 33.748055987558324 3 59
234 0 24.067679558011047 25.038880248833596 4 63
235 0 16.47099447513812 17.729393468118197 6 65
236 0 76.17403314917127 76.20528771384136 1 10
237 0 12.154696132596685 13.374805598755831 8 82
238 0 53.055939226519335 53.03265940902022 2 39
239 0 33.321823204419886 33.748055987558324 3 59
240 0 76.17403314917127 76.20528771384136 1 7
241 0 12.051104972375692 13.374805598755831 10 121
242 0 53.00414364640884 53.03265940902022 2 39
243 0 53.00414364640884 53.03265940902022 2 39
244 0 33.2182320441989 33.592534992223946 3 59
245 0 24.084944751381215 24.72783825816485 4 64
246 0 13.190607734806632 15.241057542768274 7 78
247 0 33.2182320441989 33.592534992223946 3 59
248 0 18.853591160220994 21.61741835147745 5 47
249 0 15.814917127071823 18.35147744945568 6 60
250 0 18.853591160220994 21.61741835147745 5 47
251 0 15.814917127071823 18.35147744945568 6 60
252 0 12.154696132596685 13.374805598755831 8 82
253 0 12.154696132596685 13.374805598755831 8 82
254 0 12.085635359116022 13.063763608087092 9 103
255 0 12.085635359116022 13.063763608087092 9 103
256 0 76.17403314917127 76.20528771384136 1 7
257 0 12.051104972375692 13.374805598755831 10 121
258 0 53.00414364640884 53.03265940902022 2 39
259 0 33.1664364640884 33.748055987558324 3 60
260 0 18.853591160220994 21.61741835147745 5 47
261 0 15.814917127071823 18.35147744945568 6 60
262 0 12.154696132596685 13.374805598755831 8 82
263 0 12.085635359116022 13.063763608087092 9 103
264 0 76.17403314917127 76.20528771384136 1 8
265 0 12.051104972375692 13.374805598755831 10 121
266 0 53.00414364640884 53.03265940902022 2 39
267 0 33.1664364640884 33.748055987558324 3 60
268 0 15.814917127071823 18.35147744945568 6 60
269 0 12.154696132596685 13.374805598755831 8 82
270 0 12.085635359116022 13.063763608087092 9 103
271 0 76.17403314917127 76.20528771384136 1 7
272 0 12.051104972375692 13.374805598755831 10 121
273 0 53.00414364640884 53.03265940902022 2 39
274 0 33.33908839779006 33.592534992223946 3 60
275 0 15.814917127071823 18.35147744945568 6 60
276 0 12.154696132596685 13.374805598755831 8 82
277 0 12.085635359116022 13.063763608087092 9 103
278 0 76.17403314917127 76.20528771384136 1 7
279 0 12.051104972375692 13.374805598755831 10 121
280 0 53.00414364640884 53.03265940902022 2 39
281 0 33.1664364640884 33.748055987558324 3 60
282 0 15.814917127071823 18.35147744945568 6 60
283 0 12.154696132596685 13.374805598755831 8 82
284 0 12.085635359116022 13.063763608087092 9 103
285 0 76.17403314917127 76.20528771384136 1 8
286 0 12.051104972375692 13.374805598755831 10 121
287 0 53.00414364640884 53.03265940902022 2 39
288 0 33.1664364640884 33.748055987558324 3 60
289 0 15.814917127071823 18.35147744945568 6 60
290 0 12.154696132596685 13.374805598755831 8 82
291 0 12.085635359116022 13.063763608087092 9 103
292 0 76.17403314917127 76.20528771384136 1 7
293 0 12.051104972375692 13.374805598755831 10 108
294 0 53.00414364640884 53.03265940902022 2 39
295 0 33.1664364640884 33.748055987558324 3 60
296 0 15.814917127071823 18.35147744945568 6 60
297 0 12.154696132596685 13.374805598755831 8 82
298 0 12.085635359116022 13.063763608087092 9 103
299 0 76.17403314917127 76.20528771384136 1 8
