0 0 76.18718701433258 76.08695652173914 1 5
1 0 11.915040580210672 13.198757763975156 11 111
2 0 52.89241927128302 52.95031055900621 2 25
3 0 52.89241927128302 52.95031055900621 2 25
4 0 33.396649974097734 33.38509316770186 3 40
5 0 33.396649974097734 33.38509316770186 3 40
6 0 24.3481264030392 23.4472049689441 4 47
7 0 14.522534968053877 15.372670807453417 9 91
8 0 13.710930754619236 14.130434782608695 7 65
9 0 24.3481264030392 23.4472049689441 4 47
10 0 18.356069763426007 16.925465838509314 5 51
11 0 18.356069763426007 16.925465838509314 5 51
12 0 14.919702987394231 14.906832298136646 6 60
13 0 12.104990502503886 12.732919254658384 10 95
14 0 14.936971162148161 14.906832298136646 6 60
15 0 13.590053531341736 13.975155279503104 7 64
16 0 14.522534968053877 15.372670807453417 9 91
17 0 12.104990502503886 12.732919254658384 10 95
18 0 76.18718701433258 76.08695652173914 1 14
19 0 12.104990502503886 12.732919254658384 11 108
20 0 52.89241927128302 52.95031055900621 2 25
21 0 33.396649974097734 33.38509316770186 3 40
22 0 24.3481264030392 23.4472049689441 4 47
23 0 18.356069763426007 16.925465838509314 5 51
24 0 14.936971162148161 14.906832298136646 6 60
25 0 13.590053531341736 13.975155279503104 7 64
26 0 12.104990502503886 12.732919254658384 10 95
27 0 76.18718701433258 76.08695652173914 1 14
28 0 11.915040580210672 13.198757763975156 11 111
29 0 52.89241927128302 52.95031055900621 2 25
30 0 33.396649974097734 33.38509316770186 3 40
31 0 24.3481264030392 23.4472049689441 4 47
32 0 18.356069763426007 16.925465838509314 5 51
33 0 14.919702987394231 14.906832298136646 6 60
34 0 13.590053531341736 13.975155279503104 7 64
35 0 12.104990502503886 12.732919254658384 10 95
36 0 76.18718701433258 76.08695652173914 1 14
37 0 11.915040580210672 13.198757763975156 11 111
38 0 52.89241927128302 52.95031055900621 2 25
39 0 33.396649974097734 33.38509316770186 3 40
40 0 24.3481264030392 23.4472049689441 4 47
41 0 14.919702987394231 14.906832298136646 6 60
42 0 13.590053531341736 13.975155279503104 7 64
43 0 76.18718701433258 76.08695652173914 1 14
44 0 11.915040580210672 13.198757763975156 11 111
45 0 52.89241927128302 52.95031055900621 2 25
46 0 33.396649974097734 33.38509316770186 3 40
47 0 14.919702987394231 14.906832298136646 6 60
48 0 13.710930754619236 14.130434782608695 7 65
49 0 76.18718701433258 76.08695652173914 1 14
50 0 11.915040580210672 13.198757763975156 11 111
51 0 33.396649974097734 33.38509316770186 3 40
52 0 14.919702987394231 14.906832298136646 6 60
53 0 13.590053531341736 13.975155279503104 7 64
54 0 76.18718701433258 76.08695652173914 1 14
55 0 11.915040580210672 13.198757763975156 11 111
56 0 33.396649974097734 33.38509316770186 3 40
57 0 14.919702987394231 14.906832298136646 6 60
58 0 13.590053531341736 13.975155279503104 7 64
59 0 76.18718701433258 76.08695652173914 1 13
60 0 76.18718701433258 76.08695652173914 1 8
61 0 11.915040580210672 13.198757763975156 10 96
62 0 24.279053704023486 24.53416149068323 4 42
63 0 52.94422379554481 52.95031055900621 2 24
64 0 53.08236919357624 53.105590062111794 2 25
65 0 33.27577275082024 33.22981366459628 3 38
66 0 33.27577275082024 33.22981366459628 3 38
67 0 13.607321706095664 14.285714285714285 8 70
68 0 18.338801588672077 18.16770186335404 5 48
69 0 18.338801588672077 18.16770186335404 5 48
70 0 15.092384734933518 15.372670807453417 6 60
71 0 13.607321706095664 14.285714285714285 8 78
72 0 15.092384734933518 15.372670807453417 6 60
73 0 13.607321706095664 14.130434782608695 7 64
74 0 13.607321706095664 14.130434782608695 7 64
75 0 76.22172336384044 76.08695652173914 1 12
76 0 11.915040580210672 13.198757763975156 10 96
77 0 52.94422379554481 52.95031055900621 2 24
78 0 33.27577275082024 33.22981366459628 3 38
79 0 13.607321706095664 14.285714285714285 8 70
80 0 15.092384734933518 15.372670807453417 6 60
81 0 13.607321706095664 14.130434782608695 7 64
82 0 76.18718701433258 76.08695652173914 1 9
83 0 11.915040580210672 13.198757763975156 10 96
84 0 52.94422379554481 52.95031055900621 2 24
85 0 13.607321706095664 14.285714285714285 8 70
86 0 15.092384734933518 15.372670807453417 6 60
87 0 13.607321706095664 14.130434782608695 7 64
88 0 76.18718701433258 76.08695652173914 1 14
89 0 11.915040580210672 13.198757763975156 10 96
90 0 52.94422379554481 52.95031055900621 2 24
91 0 13.607321706095664 14.285714285714285 8 78
92 0 15.092384734933518 15.372670807453417 6 60
93 0 13.607321706095664 14.130434782608695 7 64
94 0 76.22172336384044 76.08695652173914 1 11
95 0 11.915040580210672 13.198757763975156 10 96
96 0 53.06510101882231 52.95031055900621 2 24
97 0 13.607321706095664 14.285714285714285 8 78
98 0 15.092384734933518 15.372670807453417 6 60
99 0 13.762735278881022 14.130434782608695 7 65
100 0 76.22172336384044 76.08695652173914 1 10
101 0 11.915040580210672 13.198757763975156 10 96
102 0 52.94422379554481 52.95031055900621 2 24
103 0 13.607321706095664 14.285714285714285 8 78
104 0 15.092384734933518 15.372670807453417 6 60
105 0 13.762735278881022 14.130434782608695 7 65
106 0 76.18718701433258 76.08695652173914 1 12
107 0 11.915040580210672 13.198757763975156 10 96
108 0 52.9960283198066 52.95031055900621 2 25
109 0 13.607321706095664 14.285714285714285 8 78
110 0 15.092384734933518 15.372670807453417 6 60
111 0 13.762735278881022 14.130434782608695 7 65
112 0 76.18718701433258 76.08695652173914 1 14
113 0 11.915040580210672 13.198757763975156 10 96
114 0 15.092384734933518 15.372670807453417 6 60
115 0 13.607321706095664 14.130434782608695 7 64
116 0 76.18718701433258 76.08695652173914 1 9
117 0 11.915040580210672 13.198757763975156 10 96
118 0 15.092384734933518 15.372670807453417 6 60
119 0 13.607321706095664 14.130434782608695 7 64
120 0 76.18718701433258 76.08695652173914 1 12
121 0 12.1740632015196 13.198757763975156 13 130
122 0 52.926955620790885 52.95031055900621 2 28
123 0 52.926955620790885 52.95031055900621 2 28
124 0 33.41391814885167 33.07453416149068 3 43
125 0 18.459678811949576 17.857142857142858 5 50
126 0 33.58659989639095 33.22981366459628 3 44
127 0 24.538076325332412 24.37888198757764 4 48
128 0 24.5898808495942 24.53416149068323 4 48
129 0 12.1740632015196 13.043478260869565 11 102
130 0 15.075116560179588 16.304347826086957 6 60
131 0 14.902434812640303 15.838509316770185 6 61
132 0 13.555517181833881 14.285714285714285 7 67
133 0 13.486444482818166 15.062111801242237 9 91
134 0 12.312208599551028 13.198757763975156 10 98
135 0 13.538249007079953 13.975155279503104 8 82
136 0 13.382835434294597 14.906832298136646 9 91
137 0 11.915040580210672 13.198757763975156 10 96
138 0 12.1740632015196 13.043478260869565 11 102
139 0 13.555517181833881 14.285714285714285 7 67
140 0 13.607321706095664 13.975155279503104 8 83
141 0 76.18718701433258 76.08695652173914 1 15
142 0 12.1740632015196 13.198757763975156 13 131
143 0 52.926955620790885 52.95031055900621 2 28
144 0 33.48299084786738 33.07453416149068 3 43
145 0 24.5898808495942 24.53416149068323 4 48
146 0 15.075116560179588 16.304347826086957 6 60
147 0 13.382835434294597 14.906832298136646 9 91
148 0 12.312208599551028 13.198757763975156 10 98
149 0 12.1740632015196 13.043478260869565 11 102
150 0 13.555517181833881 14.285714285714285 7 67
151 0 13.607321706095664 13.975155279503104 8 83
152 0 76.18718701433258 76.08695652173914 1 12
153 0 12.1740632015196 13.198757763975156 13 131
154 0 52.926955620790885 52.95031055900621 2 28
155 0 33.41391814885167 33.07453416149068 3 43
156 0 24.5898808495942 24.53416149068323 4 48
157 0 14.902434812640303 15.838509316770185 6 61
158 0 13.382835434294597 14.906832298136646 9 91
159 0 11.915040580210672 13.198757763975156 10 96
160 0 12.1740632015196 13.043478260869565 11 102
161 0 13.555517181833881 14.285714285714285 7 67
162 0 13.607321706095664 13.975155279503104 8 72
163 0 76.18718701433258 76.08695652173914 1 12
164 0 12.1740632015196 13.198757763975156 13 130
165 0 52.926955620790885 52.95031055900621 2 28
166 0 33.41391814885167 33.07453416149068 3 43
167 0 24.5898808495942 24.53416149068323 4 48
168 0 14.902434812640303 15.838509316770185 6 61
169 0 13.486444482818166 15.062111801242237 9 91
170 0 11.915040580210672 13.198757763975156 10 96
171 0 13.555517181833881 14.285714285714285 7 67
172 0 13.607321706095664 13.975155279503104 8 83
173 0 76.18718701433258 76.08695652173914 1 14
174 0 52.926955620790885 52.79503105590062 2 29
175 0 33.41391814885167 33.07453416149068 3 43
176 0 11.915040580210672 13.198757763975156 10 96
177 0 33.41391814885167 33.07453416149068 3 43
178 0 76.49801415990329 76.3975155279503 1 16
179 0 12.087722327749956 13.198757763975156 11 107
180 0 76.18718701433258 76.08695652173914 1 8
181 0 11.880504230702815 12.732919254658384 15 151
182 0 52.875151096529095 52.79503105590062 2 27
183 0 52.875151096529095 52.79503105590062 2 26
184 0 33.431186323605594 33.22981366459628 3 41
185 0 33.431186323605594 33.22981366459628 3 41
186 0 24.48627180107063 23.60248447204969 4 47
187 0 13.33103091003281 14.906832298136646 9 90
188 0 24.417199102054912 23.91304347826087 4 47
189 0 18.476946986703506 17.080745341614907 5 52
190 0 13.659126230357451 14.440993788819876 7 66
191 0 12.035917803488172 12.732919254658384 12 123
192 0 11.984113279226385 12.732919254658384 13 125
193 0 18.476946986703506 17.080745341614907 5 52
194 0 14.867898463132448 14.906832298136646 6 61
195 0 13.520980832326025 13.975155279503104 7 65
196 0 13.33103091003281 14.906832298136646 9 90
197 0 12.0531859782421 13.198757763975156 10 96
198 0 14.971507511656018 15.372670807453417 6 62
199 0 11.984113279226385 12.732919254658384 13 125
200 0 12.0531859782421 13.198757763975156 10 96
201 0 11.915040580210672 13.043478260869565 11 111
202 0 11.915040580210672 13.043478260869565 11 111
203 0 76.18718701433258 76.08695652173914 1 15
204 0 52.875151096529095 52.79503105590062 2 27
205 0 33.431186323605594 33.22981366459628 3 41
206 0 24.48627180107063 23.75776397515528 4 46
207 0 18.476946986703506 17.080745341614907 5 52
208 0 13.520980832326025 13.975155279503104 7 65
209 0 13.31376273527888 15.062111801242237 9 91
210 0 14.971507511656018 15.372670807453417 6 62
211 0 12.0531859782421 13.198757763975156 10 96
212 0 11.915040580210672 13.043478260869565 11 111
213 0 76.18718701433258 76.08695652173914 1 10
214 0 52.875151096529095 52.79503105590062 2 27
215 0 33.431186323605594 33.22981366459628 3 41
216 0 24.417199102054912 23.91304347826087 4 47
217 0 18.476946986703506 17.080745341614907 5 52
218 0 13.520980832326025 13.975155279503104 7 65
219 0 13.31376273527888 15.062111801242237 9 91
220 0 14.971507511656018 15.372670807453417 6 62
221 0 12.0531859782421 13.198757763975156 10 96
222 0 11.915040580210672 13.043478260869565 11 111
223 0 76.18718701433258 76.08695652173914 1 14
224 0 52.875151096529095 52.79503105590062 2 27
225 0 24.417199102054912 23.91304347826087 4 47
226 0 18.476946986703506 17.080745341614907 5 52
227 0 13.520980832326025 13.975155279503104 7 65
228 0 13.33103091003281 14.906832298136646 9 90
229 0 14.971507511656018 15.372670807453417 6 62
230 0 12.0531859782421 13.198757763975156 10 96
231 0 11.915040580210672 13.043478260869565 11 111
232 0 76.18718701433258 76.08695652173914 1 9
233 0 52.875151096529095 52.79503105590062 2 27
234 0 24.417199102054912 23.91304347826087 4 47
235 0 18.476946986703506 17.080745341614907 5 52
236 0 13.520980832326025 13.975155279503104 7 65
237 0 13.31376273527888 15.062111801242237 9 91
238 0 14.971507511656018 15.372670807453417 6 62
239 0 12.0531859782421 13.198757763975156 10 96
240 0 76.18718701433258 76.08695652173914 1 9
241 0 12.018649628734243 12.888198757763975 11 100
242 0 52.82334657226732 52.95031055900621 2 27
243 0 52.84061474702124 52.79503105590062 2 26
244 0 33.55206354688309 33.54037267080746 3 40
245 0 33.55206354688309 33.54037267080746 3 40
246 0 24.36539457779313 24.84472049689441 4 45
247 0 13.624589880849594 14.596273291925465 7 65
248 0 24.36539457779313 24.84472049689441 4 45
249 0 18.407874287687793 17.236024844720497 5 51
250 0 18.407874287687793 17.236024844720497 5 51
251 0 14.885166637886377 16.459627329192546 6 60
252 0 14.885166637886377 16.459627329192546 6 60
253 0 13.451908133310308 14.751552795031056 9 91
254 0 12.018649628734243 12.888198757763975 10 95
255 0 13.849076152650666 14.285714285714285 8 85
256 0 13.451908133310308 14.751552795031056 9 91
257 0 12.018649628734243 12.888198757763975 10 95
258 0 13.849076152650666 14.285714285714285 8 85
259 0 76.39440511137973 76.08695652173914 1 17
260 0 12.018649628734243 12.888198757763975 11 100
261 0 52.82334657226732 52.79503105590062 2 27
262 0 24.36539457779313 24.84472049689441 4 45
263 0 18.407874287687793 17.236024844720497 5 51
264 0 14.885166637886377 16.459627329192546 6 60
265 0 13.451908133310308 14.751552795031056 9 91
266 0 12.018649628734243 12.888198757763975 10 95
267 0 76.39440511137973 76.08695652173914 1 17
268 0 12.018649628734243 12.888198757763975 11 100
269 0 52.84061474702124 52.79503105590062 2 26
270 0 24.36539457779313 24.84472049689441 4 45
271 0 18.407874287687793 17.236024844720497 5 51
272 0 14.885166637886377 16.459627329192546 6 60
273 0 13.451908133310308 14.751552795031056 9 91
274 0 12.277672250043171 13.043478260869565 10 97
275 0 76.18718701433258 76.08695652173914 1 15
276 0 12.1740632015196 13.043478260869565 11 101
277 0 52.82334657226732 52.95031055900621 2 26
278 0 24.36539457779313 24.84472049689441 4 45
279 0 18.407874287687793 17.236024844720497 5 51
280 0 14.885166637886377 16.459627329192546 6 60
281 0 13.451908133310308 14.751552795031056 9 91
282 0 12.39854947332067 13.198757763975156 10 97
283 0 76.39440511137973 76.08695652173914 1 17
284 0 12.364013123812812 13.043478260869565 11 114
285 0 52.82334657226732 52.95031055900621 2 26
286 0 24.36539457779313 24.84472049689441 4 45
287 0 13.451908133310308 14.751552795031056 9 91
288 0 12.018649628734243 12.888198757763975 10 95
289 0 76.18718701433258 76.08695652173914 1 19
290 0 12.018649628734243 12.888198757763975 11 100
291 0 52.82334657226732 52.95031055900621 2 26
292 0 24.36539457779313 24.84472049689441 4 45
293 0 13.451908133310308 14.751552795031056 9 91
294 0 12.018649628734243 12.888198757763975 10 95
295 0 52.82334657226732 52.95031055900621 2 26
296 0 24.36539457779313 24.84472049689441 4 45
297 0 52.82334657226732 52.95031055900621 2 26
298 0 76.58435503367295 76.5527950310559 1 12
299 0 13.227421861509239 14.906832298136646 12 124
