0 0 76.16991883957866 76.24223602484473 1 12
1 0 12.329476774304956 12.267080745341614 11 136
2 0 52.94422379554481 52.95031055900621 2 33
3 0 52.94422379554481 52.95031055900621 2 33
4 0 33.05128647901917 33.69565217391305 3 51
5 0 20.73907787946814 19.25465838509317 5 55
6 0 15.52408910378173 15.372670807453417 7 83
7 0 33.05128647901917 33.69565217391305 3 51
8 0 23.450181315834918 23.29192546583851 4 55
9 0 17.04368848212744 16.61490683229814 6 66
10 0 17.04368848212744 16.61490683229814 6 66
11 0 12.916594715938526 12.888198757763975 8 94
12 0 12.882058366430668 12.732919254658384 9 112
13 0 12.364013123812812 12.422360248447205 10 109
14 0 23.450181315834918 23.29192546583851 4 55
15 0 12.364013123812812 12.422360248447205 10 109
16 0 12.916594715938526 12.888198757763975 8 94
17 0 12.812985667414956 12.888198757763975 9 112
18 0 76.16991883957866 76.24223602484473 1 13
19 0 12.329476774304956 12.267080745341614 11 136
20 0 52.94422379554481 52.95031055900621 2 33
21 0 33.05128647901917 33.69565217391305 3 51
22 0 23.450181315834918 23.29192546583851 4 55
23 0 12.364013123812812 12.422360248447205 10 109
24 0 12.916594715938526 12.888198757763975 8 94
25 0 12.882058366430668 12.732919254658384 9 112
26 0 76.16991883957866 76.24223602484473 1 14
27 0 12.329476774304956 12.267080745341614 11 136
28 0 52.94422379554481 52.95031055900621 2 33
29 0 23.450181315834918 23.29192546583851 4 55
30 0 12.916594715938526 12.888198757763975 8 94
31 0 12.882058366430668 12.732919254658384 9 106
32 0 76.16991883957866 76.24223602484473 1 15
33 0 12.329476774304956 12.267080745341614 11 136
34 0 52.94422379554481 52.95031055900621 2 33
35 0 23.450181315834918 23.29192546583851 4 55
36 0 12.916594715938526 12.888198757763975 8 94
37 0 12.882058366430668 12.732919254658384 9 110
38 0 76.16991883957866 76.24223602484473 1 14
39 0 12.329476774304956 12.267080745341614 11 136
40 0 52.94422379554481 52.95031055900621 2 33
41 0 23.450181315834918 23.29192546583851 4 55
42 0 12.916594715938526 12.888198757763975 8 94
43 0 12.882058366430668 12.732919254658384 9 110
44 0 76.16991883957866 76.24223602484473 1 13
45 0 12.329476774304956 12.267080745341614 11 136
46 0 52.94422379554481 52.95031055900621 2 33
47 0 23.450181315834918 23.29192546583851 4 55
48 0 12.916594715938526 12.888198757763975 8 94
49 0 12.882058366430668 12.732919254658384 9 112
50 0 76.16991883957866 76.24223602484473 1 12
51 0 12.329476774304956 12.267080745341614 11 136
52 0 52.94422379554481 52.95031055900621 2 33
53 0 23.450181315834918 23.29192546583851 4 55
54 0 12.882058366430668 12.732919254658384 9 106
55 0 12.329476774304956 12.267080745341614 11 136
56 0 52.94422379554481 52.95031055900621 2 33
57 0 52.94422379554481 52.95031055900621 2 33
58 0 12.329476774304956 12.267080745341614 15 191
59 0 76.60162320842687 76.5527950310559 1 18
60 0 76.16991883957866 76.24223602484473 1 7
61 0 13.123812812985665 13.043478260869565 11 112
62 0 33.016750129511315 33.69565217391305 3 52
63 0 52.926955620790885 52.95031055900621 2 33
64 0 52.926955620790885 52.95031055900621 2 33
65 0 23.674667587635987 23.60248447204969 4 55
66 0 20.51459160766707 19.25465838509317 5 57
67 0 17.872560870316008 16.61490683229814 6 66
68 0 17.872560870316008 16.61490683229814 6 66
69 0 14.14263512346745 13.975155279503104 7 77
70 0 23.3811086168192 23.4472049689441 4 56
71 0 20.51459160766707 19.25465838509317 5 57
72 0 13.227421861509239 13.354037267080745 10 122
73 0 14.14263512346745 13.975155279503104 7 77
74 0 12.76118114315317 12.888198757763975 8 95
75 0 12.76118114315317 12.888198757763975 8 95
76 0 13.227421861509239 13.664596273291925 9 111
77 0 13.227421861509239 13.664596273291925 9 111
78 0 13.227421861509239 13.354037267080745 10 122
79 0 76.16991883957866 76.24223602484473 1 8
80 0 52.94422379554481 52.95031055900621 2 33
81 0 18.010706268347434 16.925465838509314 6 67
82 0 23.3811086168192 23.4472049689441 4 56
83 0 20.51459160766707 19.25465838509317 5 57
84 0 14.14263512346745 13.975155279503104 7 77
85 0 12.76118114315317 12.888198757763975 8 95
86 0 13.227421861509239 13.664596273291925 9 111
87 0 76.16991883957866 76.24223602484473 1 7
88 0 52.926955620790885 52.95031055900621 2 33
89 0 17.872560870316008 16.61490683229814 6 66
90 0 23.450181315834918 23.60248447204969 4 57
91 0 20.51459160766707 19.25465838509317 5 57
92 0 14.14263512346745 13.975155279503104 7 77
93 0 12.76118114315317 12.888198757763975 8 95
94 0 76.16991883957866 76.24223602484473 1 7
95 0 52.909687446036955 53.105590062111794 2 34
96 0 17.872560870316008 16.61490683229814 6 66
97 0 23.3811086168192 23.4472049689441 4 56
98 0 20.51459160766707 19.25465838509317 5 57
99 0 14.14263512346745 13.975155279503104 7 77
100 0 12.76118114315317 12.888198757763975 8 95
101 0 76.16991883957866 76.24223602484473 1 7
102 0 52.909687446036955 53.105590062111794 2 34
103 0 18.010706268347434 16.925465838509314 6 67
104 0 23.674667587635987 23.60248447204969 4 55
105 0 20.51459160766707 19.25465838509317 5 57
106 0 14.14263512346745 13.975155279503104 7 77
107 0 12.76118114315317 12.888198757763975 8 95
108 0 76.16991883957866 76.24223602484473 1 7
109 0 52.926955620790885 52.95031055900621 2 33
110 0 17.872560870316008 16.61490683229814 6 66
111 0 23.674667587635987 23.60248447204969 4 55
112 0 20.51459160766707 19.25465838509317 5 57
113 0 12.76118114315317 12.888198757763975 8 95
114 0 76.16991883957866 76.24223602484473 1 7
115 0 52.926955620790885 52.95031055900621 2 33
116 0 17.872560870316008 16.61490683229814 6 66
117 0 23.674667587635987 23.60248447204969 4 55
118 0 20.51459160766707 19.25465838509317 5 57
119 0 12.76118114315317 12.888198757763975 8 95
120 0 76.16991883957866 76.24223602484473 1 10
121 0 12.415817648074597 12.732919254658384 9 104
122 0 33.36211362458988 33.69565217391305 3 53
123 0 52.96149197029874 53.2608695652174 2 35
124 0 52.94422379554481 53.105590062111794 2 34
125 0 23.415644966327058 23.75776397515528 4 56
126 0 12.86479019167674 13.043478260869565 8 96
127 0 23.432913141080988 23.4472049689441 4 56
128 0 20.808150578483854 19.72049689440994 5 55
129 0 20.808150578483854 19.72049689440994 5 55
130 0 17.078224831635296 16.925465838509314 6 66
131 0 17.078224831635296 16.925465838509314 6 66
132 0 13.762735278881022 13.664596273291925 7 77
133 0 13.762735278881022 13.664596273291925 7 77
134 0 76.18718701433258 76.5527950310559 1 16
135 0 12.502158521844242 12.267080745341614 9 104
136 0 53.03056466931445 52.95031055900621 2 33
137 0 23.432913141080988 23.4472049689441 4 56
138 0 20.808150578483854 19.72049689440994 5 55
139 0 13.762735278881022 13.664596273291925 7 77
140 0 76.18718701433258 76.24223602484473 1 11
141 0 12.502158521844242 12.267080745341614 9 104
142 0 52.9960283198066 53.105590062111794 2 35
143 0 23.432913141080988 23.4472049689441 4 56
144 0 20.808150578483854 19.72049689440994 5 55
145 0 13.762735278881022 13.664596273291925 7 77
146 0 76.16991883957866 76.24223602484473 1 11
147 0 12.415817648074597 12.732919254658384 9 104
148 0 52.96149197029874 52.95031055900621 2 34
149 0 23.432913141080988 23.4472049689441 4 56
150 0 20.808150578483854 19.72049689440994 5 55
151 0 13.762735278881022 13.664596273291925 7 77
152 0 76.16991883957866 76.24223602484473 1 11
153 0 52.96149197029874 52.95031055900621 2 34
154 0 23.432913141080988 23.4472049689441 4 56
155 0 20.808150578483854 19.72049689440994 5 55
156 0 13.762735278881022 13.664596273291925 7 77
157 0 76.16991883957866 76.24223602484473 1 11
158 0 52.96149197029874 53.2608695652174 2 35
159 0 23.432913141080988 23.4472049689441 4 56
160 0 20.808150578483854 19.72049689440994 5 55
161 0 13.762735278881022 13.664596273291925 7 77
162 0 76.16991883957866 76.24223602484473 1 13
163 0 52.94422379554481 53.105590062111794 2 34
164 0 23.415644966327058 23.75776397515528 4 56
165 0 20.808150578483854 19.72049689440994 5 55
166 0 13.762735278881022 13.664596273291925 7 77
167 0 76.16991883957866 76.24223602484473 1 10
168 0 52.978760145052675 53.105590062111794 2 34
169 0 23.432913141080988 23.4472049689441 4 56
170 0 20.808150578483854 19.72049689440994 5 55
171 0 76.16991883957866 76.24223602484473 1 11
172 0 52.978760145052675 53.105590062111794 2 35
173 0 76.16991883957866 76.24223602484473 1 10
174 0 52.978760145052675 53.105590062111794 2 35
175 0 76.16991883957866 76.24223602484473 1 10
176 0 52.96149197029874 53.2608695652174 2 35
177 0 76.16991883957866 76.24223602484473 1 10
178 0 23.415644966327058 23.75776397515528 4 56
179 0 12.433085822828527 12.577639751552795 10 122
180 0 76.16991883957866 76.24223602484473 1 4
181 0 13.279226385771024 13.198757763975156 10 123
182 0 53.047832844068374 53.2608695652174 2 33
183 0 53.06510101882231 53.2608695652174 2 37
184 0 33.448454498359524 34.62732919254658 3 50
185 0 13.175617337247452 13.198757763975156 8 93
186 0 34.1046451390088 34.78260869565217 3 50
187 0 24.4690036263167 24.53416149068323 4 54
188 0 24.4690036263167 24.53416149068323 4 54
189 0 21.291659471593853 20.341614906832298 5 57
190 0 21.291659471593853 20.341614906832298 5 57
191 0 17.64807459851494 16.61490683229814 6 67
192 0 17.64807459851494 16.61490683229814 6 67
193 0 14.349853220514591 13.354037267080745 7 77
194 0 14.349853220514591 13.354037267080745 7 77
195 0 76.6188913831808 76.3975155279503 1 16
196 0 13.279226385771024 13.198757763975156 10 123
197 0 53.669487135209806 53.57142857142857 2 32
198 0 34.1046451390088 34.78260869565217 3 50
199 0 23.76100846140563 24.06832298136646 4 54
200 0 21.274391296839923 20.341614906832298 5 57
201 0 17.64807459851494 16.61490683229814 6 67
202 0 76.6188913831808 76.3975155279503 1 16
203 0 52.96149197029874 53.105590062111794 2 32
204 0 34.1046451390088 34.78260869565217 3 50
205 0 24.4690036263167 24.53416149068323 4 54
206 0 20.84268692799171 20.18633540372671 5 57
207 0 17.64807459851494 16.61490683229814 6 67
208 0 76.42894146088759 76.5527950310559 1 16
209 0 54.04938697979623 53.72670807453416 2 31
210 0 34.1046451390088 34.78260869565217 3 50
211 0 24.4690036263167 24.53416149068323 4 54
212 0 21.291659471593853 20.341614906832298 5 57
213 0 17.64807459851494 16.61490683229814 6 67
214 0 76.42894146088759 76.5527950310559 1 16
215 0 54.04938697979623 53.72670807453416 2 31
216 0 33.448454498359524 34.62732919254658 3 50
217 0 24.4690036263167 24.53416149068323 4 54
218 0 21.291659471593853 20.341614906832298 5 57
219 0 17.64807459851494 16.61490683229814 6 67
220 0 76.16991883957866 76.24223602484473 1 4
221 0 53.01329649456052 53.2608695652174 2 34
222 0 24.4690036263167 24.53416149068323 4 54
223 0 21.291659471593853 20.341614906832298 5 57
224 0 17.64807459851494 16.61490683229814 6 67
225 0 76.42894146088759 76.5527950310559 1 16
226 0 52.96149197029874 53.105590062111794 2 32
227 0 21.291659471593853 20.341614906832298 5 57
228 0 17.64807459851494 16.61490683229814 6 67
229 0 76.16991883957866 76.24223602484473 1 3
230 0 53.2377827663616 53.41614906832298 2 32
231 0 76.16991883957866 76.24223602484473 1 4
232 0 52.96149197029874 53.105590062111794 2 32
233 0 76.42894146088759 76.5527950310559 1 16
234 0 52.96149197029874 53.105590062111794 2 32
235 0 76.16991883957866 76.24223602484473 1 5
236 0 53.01329649456052 53.2608695652174 2 34
237 0 76.35986876187188 76.5527950310559 1 19
238 0 52.96149197029874 53.105590062111794 2 34
239 0 76.58435503367295 76.5527950310559 1 19
240 0 76.16991883957866 76.24223602484473 1 11
241 0 12.346744949058884 12.888198757763975 11 133
242 0 33.24123640131238 33.69565217391305 3 56
243 0 52.909687446036955 53.105590062111794 2 36
244 0 53.047832844068374 53.2608695652174 2 36
245 0 23.622863063374204 23.4472049689441 4 59
246 0 12.916594715938526 13.354037267080745 9 104
247 0 17.13002935589708 17.080745341614907 6 67
248 0 13.935417026420307 13.819875776397517 7 78
249 0 19.323087549646004 19.565217391304348 5 71
250 0 17.13002935589708 17.080745341614907 6 67
251 0 23.605594888620274 23.4472049689441 4 59
252 0 19.323087549646004 19.565217391304348 5 71
253 0 13.935417026420307 13.819875776397517 7 78
254 0 12.933862890692454 13.354037267080745 8 96
255 0 12.933862890692454 13.354037267080745 8 96
256 0 12.605767570367812 12.888198757763975 10 116
257 0 12.605767570367812 12.888198757763975 10 116
258 0 76.16991883957866 76.24223602484473 1 13
259 0 12.346744949058884 12.888198757763975 11 133
260 0 52.96149197029874 53.2608695652174 2 36
261 0 17.13002935589708 17.080745341614907 6 67
262 0 23.622863063374204 23.4472049689441 4 59
263 0 19.323087549646004 19.565217391304348 5 71
264 0 13.935417026420307 13.819875776397517 7 78
265 0 12.933862890692454 13.354037267080745 8 96
266 0 12.605767570367812 12.888198757763975 10 116
267 0 76.18718701433258 76.5527950310559 1 15
268 0 12.346744949058884 12.888198757763975 11 133
269 0 53.047832844068374 53.2608695652174 2 36
270 0 17.13002935589708 17.080745341614907 6 67
271 0 23.622863063374204 23.4472049689441 4 59
272 0 13.935417026420307 13.819875776397517 7 78
273 0 12.933862890692454 13.354037267080745 8 96
274 0 12.605767570367812 12.888198757763975 10 116
275 0 76.18718701433258 76.5527950310559 1 15
276 0 12.346744949058884 12.888198757763975 11 133
277 0 53.047832844068374 53.2608695652174 2 36
278 0 17.13002935589708 17.080745341614907 6 67
279 0 23.622863063374204 23.4472049689441 4 59
280 0 13.935417026420307 13.819875776397517 7 78
281 0 12.933862890692454 13.354037267080745 8 96
282 0 12.605767570367812 12.888198757763975 10 116
283 0 76.16991883957866 76.24223602484473 1 17
284 0 12.346744949058884 12.888198757763975 11 133
285 0 52.926955620790885 53.105590062111794 2 36
286 0 17.13002935589708 17.080745341614907 6 67
287 0 23.622863063374204 23.4472049689441 4 59
288 0 13.935417026420307 13.819875776397517 7 78
289 0 12.933862890692454 13.354037267080745 8 96
290 0 76.16991883957866 76.24223602484473 1 16
291 0 12.346744949058884 12.888198757763975 11 133
292 0 52.96149197029874 53.2608695652174 2 36
293 0 17.13002935589708 17.080745341614907 6 67
294 0 23.622863063374204 23.4472049689441 4 59
295 0 13.935417026420307 13.819875776397517 7 78
296 0 12.933862890692454 13.354037267080745 8 96
297 0 76.16991883957866 76.24223602484473 1 13
298 0 12.346744949058884 12.888198757763975 11 133
299 0 52.96149197029874 53.2608695652174 2 36
