0 0 76.18718701433258 76.08695652173914 1 12
1 0 12.519426696598169 11.645962732919255 12 122
2 0 53.116905543084094 53.105590062111794 2 35
3 0 53.047832844068374 53.105590062111794 2 35
4 0 33.24123640131238 33.38509316770186 3 52
5 0 17.371783802452082 16.77018633540373 6 55
6 0 12.502158521844242 11.490683229813664 9 84
7 0 33.3103091003281 33.38509316770186 3 52
8 0 23.48471766534277 24.53416149068323 4 56
9 0 12.933862890692454 11.645962732919255 8 71
10 0 20.652737005698498 20.80745341614907 5 53
11 0 13.88361250215852 12.888198757763975 7 65
12 0 23.48471766534277 24.53416149068323 4 56
13 0 20.652737005698498 20.80745341614907 5 53
14 0 13.88361250215852 12.888198757763975 7 65
15 0 12.502158521844242 11.490683229813664 9 84
16 0 76.18718701433258 76.08695652173914 1 12
17 0 53.06510101882231 53.105590062111794 2 35
18 0 33.24123640131238 33.38509316770186 3 52
19 0 23.48471766534277 24.53416149068323 4 56
20 0 20.652737005698498 20.80745341614907 5 53
21 0 13.88361250215852 12.888198757763975 7 65
22 0 12.502158521844242 11.490683229813664 9 84
23 0 76.18718701433258 76.08695652173914 1 18
24 0 53.047832844068374 53.105590062111794 2 35
25 0 33.24123640131238 33.38509316770186 3 52
26 0 23.48471766534277 24.53416149068323 4 56
27 0 20.652737005698498 20.80745341614907 5 53
28 0 12.502158521844242 11.490683229813664 9 84
29 0 76.18718701433258 76.08695652173914 1 12
30 0 53.047832844068374 53.105590062111794 2 35
31 0 33.24123640131238 33.38509316770186 3 52
32 0 20.96356415126921 20.96273291925466 5 50
33 0 12.502158521844242 11.490683229813664 9 84
34 0 76.18718701433258 76.08695652173914 1 12
35 0 53.047832844068374 53.105590062111794 2 35
36 0 33.3103091003281 33.38509316770186 3 52
37 0 20.652737005698498 20.80745341614907 5 53
38 0 12.502158521844242 11.490683229813664 9 84
39 0 76.18718701433258 76.08695652173914 1 12
40 0 53.047832844068374 53.105590062111794 2 35
41 0 33.3103091003281 33.38509316770186 3 52
42 0 20.652737005698498 20.80745341614907 5 53
43 0 12.502158521844242 11.490683229813664 9 84
44 0 76.18718701433258 76.08695652173914 1 17
45 0 53.047832844068374 53.105590062111794 2 35
46 0 20.652737005698498 20.80745341614907 5 53
47 0 12.502158521844242 11.490683229813664 9 84
48 0 76.18718701433258 76.08695652173914 1 17
49 0 53.116905543084094 53.105590062111794 2 35
50 0 20.652737005698498 20.80745341614907 5 53
51 0 76.18718701433258 76.08695652173914 1 17
52 0 53.06510101882231 53.105590062111794 2 35
53 0 20.652737005698498 20.80745341614907 5 53
54 0 76.18718701433258 76.08695652173914 1 12
55 0 53.047832844068374 53.105590062111794 2 35
56 0 20.652737005698498 20.80745341614907 5 53
57 0 76.18718701433258 76.08695652173914 1 18
58 0 20.652737005698498 20.80745341614907 5 53
59 0 76.18718701433258 76.08695652173914 1 17
60 0 76.18718701433258 76.08695652173914 1 5
61 0 13.227421861509239 11.645962732919255 8 69
62 0 52.978760145052675 52.63975155279503 2 35
63 0 52.978760145052675 52.63975155279503 2 35
64 0 33.465722673113454 33.54037267080746 3 48
65 0 18.010706268347434 17.391304347826086 6 61
66 0 33.32757727508203 33.54037267080746 3 48
67 0 23.709203937143844 24.53416149068323 4 51
68 0 23.709203937143844 24.53416149068323 4 51
69 0 21.10170954930064 21.8944099378882 5 52
70 0 20.566396131928855 20.496894409937887 5 51
71 0 13.503712657572095 12.577639751552795 7 66
72 0 13.503712657572095 12.577639751552795 7 66
73 0 76.18718701433258 76.08695652173914 1 9
74 0 52.978760145052675 52.63975155279503 2 35
75 0 33.32757727508203 33.54037267080746 3 48
76 0 23.709203937143844 24.53416149068323 4 51
77 0 20.566396131928855 20.496894409937887 5 51
78 0 13.503712657572095 12.577639751552795 7 66
79 0 76.18718701433258 76.08695652173914 1 8
80 0 52.978760145052675 52.63975155279503 2 35
81 0 33.465722673113454 33.54037267080746 3 48
82 0 23.709203937143844 24.53416149068323 4 51
83 0 20.566396131928855 20.496894409937887 5 51
84 0 13.503712657572095 12.577639751552795 7 66
85 0 76.18718701433258 76.08695652173914 1 6
86 0 53.13417371783803 53.105590062111794 2 34
87 0 33.465722673113454 33.54037267080746 3 48
88 0 23.709203937143844 24.53416149068323 4 51
89 0 20.566396131928855 20.496894409937887 5 51
90 0 13.503712657572095 12.577639751552795 7 66
91 0 76.18718701433258 76.08695652173914 1 6
92 0 52.978760145052675 52.63975155279503 2 35
93 0 33.32757727508203 33.54037267080746 3 48
94 0 23.709203937143844 24.53416149068323 4 51
95 0 20.566396131928855 20.496894409937887 5 51
96 0 13.503712657572095 12.577639751552795 7 66
97 0 76.18718701433258 76.08695652173914 1 7
98 0 52.978760145052675 52.63975155279503 2 35
99 0 23.709203937143844 24.53416149068323 4 51
100 0 20.566396131928855 20.496894409937887 5 51
101 0 13.503712657572095 12.577639751552795 7 66
102 0 76.18718701433258 76.08695652173914 1 7
103 0 53.13417371783803 53.105590062111794 2 34
104 0 23.709203937143844 24.53416149068323 4 51
105 0 20.566396131928855 20.496894409937887 5 51
106 0 13.503712657572095 12.577639751552795 7 66
107 0 76.18718701433258 76.08695652173914 1 7
108 0 52.978760145052675 52.63975155279503 2 35
109 0 23.709203937143844 24.53416149068323 4 51
110 0 20.566396131928855 20.496894409937887 5 51
111 0 76.18718701433258 76.08695652173914 1 5
112 0 76.18718701433258 76.08695652173914 1 6
113 0 12.76118114315317 11.801242236024844 9 84
114 0 76.56708685891901 76.5527950310559 1 18
115 0 56.67414954239337 56.67701863354038 2 34
116 0 37.86910723536522 36.80124223602485 3 50
117 0 30.702814712484887 29.81366459627329 4 47
118 0 23.709203937143844 24.53416149068323 5 69
119 0 19.668451044724574 20.496894409937887 6 69
120 0 76.18718701433258 76.08695652173914 1 9
121 0 12.519426696598169 11.180124223602485 9 86
122 0 53.168710067345884 53.105590062111794 2 32
123 0 53.168710067345884 53.105590062111794 2 32
124 0 33.25850457606631 33.54037267080746 3 48
125 0 33.25850457606631 33.54037267080746 3 48
126 0 23.51925401485063 24.53416149068323 4 52
127 0 23.51925401485063 24.53416149068323 4 52
128 0 20.566396131928855 20.496894409937887 5 51
129 0 20.566396131928855 20.496894409937887 5 51
130 0 16.957347608357797 16.304347826086957 6 56
131 0 16.957347608357797 16.304347826086957 6 56
132 0 13.503712657572095 12.577639751552795 7 66
133 0 13.503712657572095 12.577639751552795 7 66
134 0 12.778449317907098 11.490683229813664 8 69
135 0 12.778449317907098 11.490683229813664 8 69
136 0 76.18718701433258 76.08695652173914 1 13
137 0 12.519426696598169 11.180124223602485 9 86
138 0 53.32412364013124 53.105590062111794 2 29
139 0 33.25850457606631 33.54037267080746 3 48
140 0 23.51925401485063 24.53416149068323 4 52
141 0 20.566396131928855 20.496894409937887 5 51
142 0 16.957347608357797 16.304347826086957 6 56
143 0 13.503712657572095 12.577639751552795 7 66
144 0 12.778449317907098 11.490683229813664 8 69
145 0 76.18718701433258 76.24223602484473 1 11
146 0 12.519426696598169 11.180124223602485 9 86
147 0 53.168710067345884 53.105590062111794 2 32
148 0 23.51925401485063 24.53416149068323 4 52
149 0 20.566396131928855 20.496894409937887 5 51
150 0 16.957347608357797 16.304347826086957 6 56
151 0 13.503712657572095 12.577639751552795 7 66
152 0 12.778449317907098 11.490683229813664 8 69
153 0 76.18718701433258 76.08695652173914 1 14
154 0 12.519426696598169 11.180124223602485 9 86
155 0 53.168710067345884 53.105590062111794 2 30
156 0 23.51925401485063 24.53416149068323 4 52
157 0 20.566396131928855 20.496894409937887 5 51
158 0 16.957347608357797 16.304347826086957 6 56
159 0 13.503712657572095 12.577639751552795 7 66
160 0 12.778449317907098 11.490683229813664 8 69
161 0 76.18718701433258 76.08695652173914 1 9
162 0 12.519426696598169 11.180124223602485 9 86
163 0 53.168710067345884 53.105590062111794 2 30
164 0 23.51925401485063 24.53416149068323 4 52
165 0 20.566396131928855 20.496894409937887 5 51
166 0 16.957347608357797 16.304347826086957 6 56
167 0 13.503712657572095 12.577639751552795 7 66
168 0 12.778449317907098 11.490683229813664 8 69
169 0 76.18718701433258 76.08695652173914 1 9
170 0 12.519426696598169 11.180124223602485 9 86
171 0 53.168710067345884 53.105590062111794 2 30
172 0 23.51925401485063 24.53416149068323 4 52
173 0 20.566396131928855 20.496894409937887 5 51
174 0 16.957347608357797 16.304347826086957 6 56
175 0 13.503712657572095 12.577639751552795 7 66
176 0 12.778449317907098 11.490683229813664 8 69
177 0 76.18718701433258 76.08695652173914 1 14
178 0 12.519426696598169 11.180124223602485 9 86
179 0 53.168710067345884 53.105590062111794 2 32
180 0 76.18718701433258 76.08695652173914 1 4
181 0 12.64030391987567 11.645962732919255 10 101
182 0 53.61768261094802 53.2608695652174 2 29
183 0 53.06510101882231 53.105590062111794 2 31
184 0 33.79381799343809 33.54037267080746 3 46
185 0 33.79381799343809 33.54037267080746 3 46
186 0 24.020031082714556 24.689440993788818 4 50
187 0 12.86479019167674 11.645962732919255 8 69
188 0 24.020031082714556 24.689440993788818 4 50
189 0 20.60093248143671 20.652173913043477 5 51
190 0 20.60093248143671 20.652173913043477 5 51
191 0 17.216370229666726 16.925465838509314 6 61
192 0 17.216370229666726 16.925465838509314 6 61
193 0 13.590053531341736 12.732919254658384 7 66
194 0 13.590053531341736 12.732919254658384 7 66
195 0 12.86479019167674 11.645962732919255 8 69
196 0 76.18718701433258 76.08695652173914 1 4
197 0 12.64030391987567 11.645962732919255 10 101
198 0 53.58314626144016 53.2608695652174 2 30
199 0 33.79381799343809 33.54037267080746 3 46
200 0 20.60093248143671 20.652173913043477 5 51
201 0 17.216370229666726 16.925465838509314 6 61
202 0 13.590053531341736 12.732919254658384 7 66
203 0 12.86479019167674 11.645962732919255 8 69
204 0 76.44620963564151 76.3975155279503 1 14
205 0 12.64030391987567 11.645962732919255 10 101
206 0 53.06510101882231 53.105590062111794 2 30
207 0 33.79381799343809 33.54037267080746 3 46
208 0 20.60093248143671 20.652173913043477 5 51
209 0 17.216370229666726 16.925465838509314 6 61
210 0 13.590053531341736 12.732919254658384 7 66
211 0 12.86479019167674 11.645962732919255 8 69
212 0 76.18718701433258 76.08695652173914 1 4
213 0 12.64030391987567 11.645962732919255 10 101
214 0 53.06510101882231 53.105590062111794 2 30
215 0 33.79381799343809 33.54037267080746 3 46
216 0 20.60093248143671 20.652173913043477 5 51
217 0 13.590053531341736 12.732919254658384 7 66
218 0 12.86479019167674 11.645962732919255 8 69
219 0 76.44620963564151 76.3975155279503 1 14
220 0 53.06510101882231 53.105590062111794 2 31
221 0 33.79381799343809 33.54037267080746 3 46
222 0 20.60093248143671 20.652173913043477 5 51
223 0 13.590053531341736 12.732919254658384 7 66
224 0 12.86479019167674 11.645962732919255 8 69
225 0 76.44620963564151 76.3975155279503 1 14
226 0 53.06510101882231 53.105590062111794 2 31
227 0 33.84562251769988 33.54037267080746 3 45
228 0 20.60093248143671 20.652173913043477 5 51
229 0 13.590053531341736 12.732919254658384 7 66
230 0 12.86479019167674 11.645962732919255 8 69
231 0 76.18718701433258 76.08695652173914 1 5
232 0 53.06510101882231 53.105590062111794 2 31
233 0 33.79381799343809 33.54037267080746 3 46
234 0 20.60093248143671 20.652173913043477 5 51
235 0 13.590053531341736 12.732919254658384 7 66
236 0 12.86479019167674 11.645962732919255 8 69
237 0 76.44620963564151 76.3975155279503 1 14
238 0 53.06510101882231 53.105590062111794 2 31
239 0 20.60093248143671 20.652173913043477 5 51
240 0 76.18718701433258 76.24223602484473 1 10
241 0 12.830253842168881 11.801242236024844 15 167
242 0 53.151441892591954 53.105590062111794 2 29
243 0 53.116905543084094 53.105590062111794 2 30
244 0 33.34484544983595 33.54037267080746 3 47
245 0 12.86479019167674 11.335403726708075 12 130
246 0 33.34484544983595 33.54037267080746 3 47
247 0 23.622863063374204 24.22360248447205 4 50
248 0 13.555517181833881 12.422360248447205 8 83
249 0 17.078224831635296 16.459627329192546 6 57
250 0 13.676394405111381 12.577639751552795 7 67
251 0 22.051459160766708 22.049689440993788 5 61
252 0 17.078224831635296 16.459627329192546 6 57
253 0 23.622863063374204 24.22360248447205 4 50
254 0 22.051459160766708 22.049689440993788 5 61
255 0 13.676394405111381 12.577639751552795 7 67
256 0 12.847522016922811 11.801242236024844 10 99
257 0 12.899326541184596 11.335403726708075 11 115
258 0 12.933862890692454 11.956521739130435 9 87
259 0 12.726644793645312 11.490683229813664 11 103
260 0 12.86479019167674 11.335403726708075 12 130
261 0 12.933862890692454 11.956521739130435 9 87
262 0 13.175617337247452 11.490683229813664 10 94
263 0 76.18718701433258 76.24223602484473 1 11
264 0 53.099637368330164 53.105590062111794 2 29
265 0 33.34484544983595 33.54037267080746 3 47
266 0 17.078224831635296 16.459627329192546 6 57
267 0 23.622863063374204 24.22360248447205 4 50
268 0 13.676394405111381 12.577639751552795 7 67
269 0 12.726644793645312 11.490683229813664 11 103
270 0 12.86479019167674 11.335403726708075 12 130
271 0 12.933862890692454 11.956521739130435 9 87
272 0 76.18718701433258 76.24223602484473 1 10
273 0 53.151441892591954 53.105590062111794 2 29
274 0 33.34484544983595 33.54037267080746 3 47
275 0 17.078224831635296 16.459627329192546 6 57
276 0 23.622863063374204 24.22360248447205 4 50
277 0 13.676394405111381 12.577639751552795 7 67
278 0 12.726644793645312 11.490683229813664 11 103
279 0 12.933862890692454 11.956521739130435 9 87
280 0 76.18718701433258 76.08695652173914 1 11
281 0 53.099637368330164 53.105590062111794 2 29
282 0 33.34484544983595 33.54037267080746 3 47
283 0 17.078224831635296 16.459627329192546 6 57
284 0 23.622863063374204 24.22360248447205 4 50
285 0 13.676394405111381 12.577639751552795 7 67
286 0 12.933862890692454 11.956521739130435 9 87
287 0 76.18718701433258 76.08695652173914 1 10
288 0 53.151441892591954 53.105590062111794 2 29
289 0 33.34484544983595 33.54037267080746 3 47
290 0 17.078224831635296 16.459627329192546 6 57
291 0 23.622863063374204 24.22360248447205 4 50
292 0 13.676394405111381 12.577639751552795 7 67
293 0 12.933862890692454 11.956521739130435 9 87
294 0 76.18718701433258 76.24223602484473 1 10
295 0 53.151441892591954 53.105590062111794 2 29
296 0 33.34484544983595 33.54037267080746 3 47
297 0 17.078224831635296 16.459627329192546 6 57
298 0 23.622863063374204 24.22360248447205 4 50
299 0 13.676394405111381 12.577639751552795 7 67
