0 0 76.16991883957866 76.24223602484473 1 6
1 0 12.657572094629598 14.285714285714285 10 137
2 0 23.76100846140563 24.84472049689441 4 55
3 0 52.80607839751338 52.79503105590062 2 34
4 0 52.89241927128302 52.79503105590062 2 35
5 0 33.56933172163703 33.85093167701863 3 51
6 0 17.475392850975652 18.788819875776397 5 60
7 0 12.882058366430668 14.285714285714285 7 86
8 0 33.56933172163703 33.85093167701863 3 51
9 0 15.886720773614229 17.236024844720497 6 73
10 0 15.886720773614229 17.236024844720497 6 73
11 0 12.882058366430668 14.285714285714285 7 86
12 0 76.16991883957866 76.24223602484473 1 18
13 0 12.657572094629598 14.285714285714285 10 137
14 0 52.909687446036955 52.79503105590062 2 35
15 0 33.56933172163703 33.85093167701863 3 51
16 0 15.886720773614229 17.236024844720497 6 73
17 0 12.882058366430668 14.285714285714285 7 86
18 0 76.16991883957866 76.24223602484473 1 18
19 0 52.909687446036955 52.79503105590062 2 35
20 0 33.56933172163703 33.85093167701863 3 51
21 0 15.886720773614229 17.236024844720497 6 73
22 0 12.882058366430668 14.285714285714285 7 86
23 0 76.16991883957866 76.24223602484473 1 18
24 0 53.099637368330164 52.79503105590062 2 35
25 0 34.018304265239166 33.69565217391305 3 52
26 0 15.886720773614229 17.236024844720497 6 73
27 0 12.882058366430668 14.285714285714285 7 86
28 0 76.16991883957866 76.24223602484473 1 18
29 0 52.909687446036955 52.79503105590062 2 35
30 0 33.56933172163703 33.85093167701863 3 51
31 0 15.886720773614229 17.236024844720497 6 73
32 0 12.882058366430668 14.285714285714285 7 86
33 0 76.16991883957866 76.24223602484473 1 17
34 0 52.89241927128302 52.79503105590062 2 35
35 0 15.886720773614229 17.236024844720497 6 73
36 0 12.882058366430668 14.285714285714285 7 86
37 0 76.16991883957866 76.24223602484473 1 6
38 0 52.89241927128302 52.79503105590062 2 35
39 0 15.886720773614229 17.236024844720497 6 73
40 0 76.16991883957866 76.24223602484473 1 19
41 0 12.882058366430668 14.285714285714285 7 86
42 0 52.80607839751338 52.79503105590062 2 34
43 0 15.886720773614229 17.236024844720497 6 73
44 0 76.16991883957866 76.24223602484473 1 19
45 0 12.882058366430668 14.285714285714285 7 86
46 0 52.80607839751338 52.79503105590062 2 34
47 0 15.886720773614229 17.236024844720497 6 73
48 0 76.16991883957866 76.24223602484473 1 19
49 0 12.882058366430668 14.285714285714285 7 86
50 0 52.80607839751338 52.79503105590062 2 34
51 0 76.16991883957866 76.24223602484473 1 18
52 0 12.882058366430668 14.285714285714285 7 86
53 0 52.89241927128302 52.79503105590062 2 35
54 0 76.16991883957866 76.24223602484473 1 6
55 0 12.882058366430668 14.285714285714285 7 86
56 0 52.80607839751338 52.79503105590062 2 34
57 0 76.18718701433258 76.24223602484473 1 18
58 0 12.882058366430668 14.285714285714285 7 86
59 0 52.80607839751338 52.79503105590062 2 34
60 0 76.16991883957866 76.24223602484473 1 9
61 0 13.486444482818166 14.751552795031056 13 168
62 0 52.89241927128302 53.105590062111794 2 34
63 0 52.926955620790885 52.79503105590062 2 37
64 0 33.88015886720774 34.006211180124225 3 54
65 0 13.10654463823174 14.751552795031056 9 119
66 0 18.356069763426007 20.031055900621116 5 66
67 0 33.88015886720774 34.006211180124225 3 54
68 0 23.933690208944913 25.0 4 54
69 0 14.14263512346745 15.683229813664596 8 104
70 0 23.933690208944913 25.0 4 54
71 0 15.610429977551373 17.236024844720497 6 83
72 0 15.610429977551373 17.236024844720497 6 83
73 0 13.33103091003281 14.285714285714285 7 87
74 0 13.33103091003281 14.285714285714285 7 87
75 0 13.10654463823174 14.751552795031056 9 119
76 0 76.16991883957866 76.24223602484473 1 9
77 0 52.89241927128302 53.105590062111794 2 34
78 0 33.88015886720774 34.006211180124225 3 54
79 0 23.933690208944913 25.0 4 54
80 0 15.610429977551373 17.236024844720497 6 83
81 0 13.10654463823174 14.751552795031056 9 119
82 0 76.16991883957866 76.24223602484473 1 9
83 0 52.89241927128302 53.105590062111794 2 34
84 0 23.933690208944913 25.0 4 54
85 0 15.610429977551373 17.236024844720497 6 83
86 0 13.10654463823174 14.751552795031056 9 119
87 0 76.16991883957866 76.24223602484473 1 8
88 0 52.89241927128302 53.105590062111794 2 34
89 0 23.933690208944913 25.0 4 54
90 0 15.610429977551373 17.236024844720497 6 83
91 0 13.10654463823174 14.751552795031056 9 119
92 0 76.16991883957866 76.24223602484473 1 8
93 0 23.933690208944913 25.0 4 54
94 0 13.10654463823174 14.751552795031056 9 119
95 0 76.16991883957866 76.24223602484473 1 15
96 0 23.933690208944913 25.0 4 54
97 0 76.16991883957866 76.24223602484473 1 16
98 0 23.933690208944913 25.0 4 54
99 0 76.16991883957866 76.24223602484473 1 17
100 0 76.16991883957866 76.24223602484473 1 17
101 0 76.16991883957866 76.24223602484473 1 18
102 0 76.16991883957866 76.24223602484473 1 17
103 0 76.16991883957866 76.24223602484473 1 17
104 0 76.16991883957866 76.24223602484473 1 16
105 0 76.16991883957866 76.24223602484473 1 16
106 0 76.16991883957866 76.24223602484473 1 17
107 0 76.16991883957866 76.24223602484473 1 8
108 0 76.16991883957866 76.24223602484473 1 18
109 0 76.16991883957866 76.24223602484473 1 16
110 0 76.16991883957866 76.24223602484473 1 15
111 0 76.16991883957866 76.24223602484473 1 18
112 0 76.16991883957866 76.24223602484473 1 18
113 0 76.16991883957866 76.24223602484473 1 8
114 0 76.16991883957866 76.24223602484473 1 15
115 0 76.16991883957866 76.24223602484473 1 16
116 0 76.16991883957866 76.24223602484473 1 17
117 0 13.10654463823174 14.751552795031056 16 208
118 0 76.30806423761008 76.5527950310559 1 9
119 0 53.03056466931445 53.105590062111794 2 33
120 0 76.16991883957866 76.24223602484473 1 7
121 0 12.847522016922811 13.819875776397517 9 123
122 0 24.244517354515626 25.465838509316768 4 57
123 0 52.84061474702124 52.79503105590062 2 38
124 0 52.78881022275945 52.79503105590062 2 37
125 0 34.05284061474702 34.47204968944099 3 53
126 0 34.018304265239166 34.161490683229815 3 53
127 0 12.812985667414956 13.819875776397517 7 87
128 0 18.18338801588672 19.099378881987576 5 63
129 0 18.18338801588672 19.099378881987576 5 63
130 0 14.574339492315664 15.683229813664596 6 75
131 0 14.574339492315664 15.683229813664596 6 75
132 0 12.812985667414956 13.819875776397517 7 87
133 0 76.16991883957866 76.24223602484473 1 7
134 0 12.847522016922811 13.819875776397517 9 123
135 0 52.78881022275945 52.79503105590062 2 37
136 0 34.05284061474702 34.47204968944099 3 53
137 0 14.574339492315664 15.683229813664596 6 75
138 0 12.812985667414956 13.819875776397517 7 87
139 0 76.16991883957866 76.24223602484473 1 20
140 0 52.78881022275945 52.79503105590062 2 37
141 0 34.05284061474702 34.47204968944099 3 53
142 0 14.574339492315664 15.683229813664596 6 75
143 0 12.812985667414956 13.819875776397517 7 87
144 0 76.16991883957866 76.24223602484473 1 21
145 0 52.78881022275945 52.79503105590062 2 37
146 0 34.05284061474702 34.47204968944099 3 53
147 0 76.16991883957866 76.24223602484473 1 8
148 0 12.812985667414956 13.819875776397517 7 87
149 0 52.80607839751338 52.79503105590062 2 36
150 0 76.16991883957866 76.24223602484473 1 20
151 0 12.812985667414956 13.819875776397517 7 87
152 0 52.80607839751338 52.79503105590062 2 38
153 0 76.18718701433258 76.24223602484473 1 9
154 0 12.812985667414956 13.819875776397517 7 87
155 0 52.78881022275945 52.79503105590062 2 37
156 0 76.18718701433258 76.24223602484473 1 8
157 0 12.812985667414956 13.819875776397517 7 87
158 0 52.78881022275945 52.79503105590062 2 37
159 0 76.16991883957866 76.24223602484473 1 7
160 0 12.812985667414956 13.819875776397517 7 87
161 0 52.78881022275945 52.79503105590062 2 37
162 0 76.16991883957866 76.24223602484473 1 9
163 0 12.812985667414956 13.819875776397517 7 87
164 0 52.78881022275945 52.79503105590062 2 37
165 0 76.16991883957866 76.24223602484473 1 20
166 0 12.812985667414956 13.819875776397517 7 87
167 0 52.78881022275945 52.79503105590062 2 37
168 0 76.16991883957866 76.24223602484473 1 20
169 0 12.812985667414956 13.819875776397517 7 87
170 0 52.78881022275945 52.79503105590062 2 38
171 0 76.16991883957866 76.24223602484473 1 7
172 0 52.80607839751338 52.79503105590062 2 38
173 0 76.16991883957866 76.24223602484473 1 7
174 0 52.84061474702124 52.79503105590062 2 38
175 0 76.18718701433258 76.24223602484473 1 8
176 0 52.78881022275945 52.79503105590062 2 37
177 0 76.16991883957866 76.24223602484473 1 7
178 0 52.78881022275945 52.79503105590062 2 37
179 0 76.16991883957866 76.24223602484473 1 20
180 0 76.16991883957866 76.24223602484473 1 9
181 0 12.812985667414956 14.130434782608695 10 131
182 0 33.62113624589881 33.85093167701863 3 51
183 0 52.84061474702124 52.95031055900621 2 37
184 0 52.84061474702124 52.95031055900621 2 37
185 0 12.812985667414956 14.130434782608695 7 85
186 0 23.933690208944913 25.310559006211182 4 58
187 0 24.071835606976343 25.15527950310559 4 53
188 0 17.95890174408565 20.341614906832298 5 66
189 0 17.95890174408565 20.341614906832298 5 66
190 0 14.608875841823519 16.925465838509314 6 80
191 0 14.850630288378518 17.391304347826086 6 80
192 0 12.812985667414956 14.130434782608695 7 85
193 0 76.16991883957866 76.24223602484473 1 20
194 0 52.84061474702124 52.95031055900621 2 37
195 0 24.054567432222417 25.465838509316768 4 54
196 0 17.95890174408565 20.341614906832298 5 66
197 0 14.608875841823519 16.925465838509314 6 80
198 0 12.812985667414956 14.130434782608695 7 85
199 0 76.16991883957866 76.24223602484473 1 20
200 0 52.84061474702124 52.95031055900621 2 37
201 0 24.054567432222417 25.465838509316768 4 54
202 0 17.95890174408565 20.341614906832298 5 66
203 0 14.608875841823519 16.925465838509314 6 80
204 0 76.16991883957866 76.24223602484473 1 20
205 0 12.812985667414956 14.130434782608695 7 85
206 0 52.84061474702124 52.95031055900621 2 37
207 0 24.054567432222417 25.465838509316768 4 54
208 0 17.95890174408565 20.341614906832298 5 66
209 0 14.608875841823519 16.925465838509314 6 80
210 0 76.16991883957866 76.24223602484473 1 12
211 0 12.812985667414956 14.130434782608695 7 85
212 0 52.84061474702124 52.95031055900621 2 37
213 0 24.071835606976343 25.15527950310559 4 53
214 0 14.850630288378518 17.391304347826086 6 80
215 0 76.16991883957866 76.24223602484473 1 14
216 0 12.812985667414956 14.130434782608695 7 85
217 0 52.84061474702124 52.95031055900621 2 37
218 0 24.054567432222417 25.465838509316768 4 54
219 0 14.850630288378518 17.391304347826086 6 80
220 0 76.16991883957866 76.24223602484473 1 12
221 0 12.812985667414956 14.130434782608695 7 85
222 0 52.84061474702124 52.95031055900621 2 37
223 0 24.054567432222417 25.465838509316768 4 54
224 0 14.608875841823519 16.925465838509314 6 80
225 0 76.16991883957866 76.24223602484473 1 10
226 0 12.812985667414956 14.130434782608695 7 85
227 0 52.84061474702124 52.95031055900621 2 37
228 0 24.054567432222417 25.465838509316768 4 54
229 0 14.850630288378518 17.391304347826086 6 80
230 0 76.16991883957866 76.24223602484473 1 9
231 0 12.812985667414956 14.130434782608695 7 85
232 0 24.054567432222417 25.465838509316768 4 54
233 0 14.608875841823519 16.925465838509314 6 80
234 0 76.16991883957866 76.24223602484473 1 20
235 0 12.812985667414956 14.130434782608695 7 85
236 0 24.054567432222417 25.465838509316768 4 54
237 0 14.850630288378518 17.391304347826086 6 80
238 0 76.16991883957866 76.24223602484473 1 20
239 0 12.812985667414956 14.130434782608695 7 85
240 0 76.16991883957866 76.24223602484473 1 10
241 0 12.709376618891383 14.130434782608695 8 101
242 0 52.89241927128302 52.79503105590062 2 33
243 0 52.89241927128302 52.79503105590062 2 33
244 0 33.55206354688309 33.85093167701863 3 50
245 0 33.55206354688309 33.85093167701863 3 50
246 0 23.847349335175274 25.0 4 56
247 0 23.847349335175274 25.0 4 56
248 0 17.57900189949922 18.633540372670808 5 58
249 0 17.57900189949922 18.633540372670808 5 58
250 0 15.161457433949233 15.683229813664596 6 74
251 0 14.764289414608875 15.683229813664596 6 74
252 0 12.812985667414956 14.130434782608695 7 85
253 0 12.812985667414956 14.130434782608695 7 85
254 0 76.16991883957866 76.24223602484473 1 17
255 0 12.709376618891383 14.130434782608695 8 101
256 0 52.89241927128302 52.79503105590062 2 33
257 0 33.55206354688309 33.85093167701863 3 50
258 0 23.795544810913487 24.84472049689441 4 54
259 0 17.57900189949922 18.633540372670808 5 58
260 0 14.764289414608875 15.683229813664596 6 74
261 0 12.812985667414956 14.130434782608695 7 85
262 0 76.16991883957866 76.24223602484473 1 15
263 0 12.709376618891383 14.130434782608695 8 101
264 0 52.89241927128302 52.79503105590062 2 33
265 0 33.55206354688309 33.85093167701863 3 50
266 0 23.795544810913487 24.84472049689441 4 54
267 0 17.57900189949922 18.633540372670808 5 58
268 0 14.764289414608875 15.683229813664596 6 74
269 0 12.812985667414956 14.130434782608695 7 85
270 0 76.16991883957866 76.24223602484473 1 15
271 0 12.709376618891383 14.130434782608695 8 101
272 0 52.89241927128302 52.79503105590062 2 33
273 0 33.55206354688309 33.85093167701863 3 50
274 0 17.57900189949922 18.633540372670808 5 58
275 0 14.764289414608875 15.683229813664596 6 74
276 0 12.812985667414956 14.130434782608695 7 85
277 0 76.325332412364 76.86335403726709 1 20
278 0 12.709376618891383 14.130434782608695 8 101
279 0 53.151441892591954 53.57142857142857 2 34
280 0 33.55206354688309 33.85093167701863 3 50
281 0 14.764289414608875 15.683229813664596 6 74
282 0 12.812985667414956 14.130434782608695 7 85
283 0 76.16991883957866 76.24223602484473 1 17
284 0 12.709376618891383 14.130434782608695 8 101
285 0 14.764289414608875 15.683229813664596 6 74
286 0 12.812985667414956 14.130434782608695 7 85
287 0 76.16991883957866 76.24223602484473 1 16
288 0 12.812985667414956 14.130434782608695 7 85
289 0 76.16991883957866 76.24223602484473 1 19
290 0 12.812985667414956 14.130434782608695 7 85
291 0 76.23899153859438 76.3975155279503 1 11
292 0 12.812985667414956 14.130434782608695 7 85
293 0 76.325332412364 76.86335403726709 1 21
294 0 12.812985667414956 14.130434782608695 7 85
295 0 76.16991883957866 76.24223602484473 1 10
296 0 12.812985667414956 14.130434782608695 7 85
297 0 76.16991883957866 76.24223602484473 1 10
298 0 12.812985667414956 14.130434782608695 7 85
299 0 76.16991883957866 76.24223602484473 1 19
