0 0 76.17403314917127 76.20528771384136 1 7
1 0 13.535911602209943 13.21928460342146 10 149
2 0 53.09046961325967 53.03265940902022 2 44
3 0 53.09046961325967 53.03265940902022 2 44
4 0 33.459944751381215 33.28149300155521 3 72
5 0 33.459944751381215 33.28149300155521 3 72
6 0 24.22306629834254 23.17262830482115 4 76
7 0 15.072513812154694 14.463452566096425 6 97
8 0 23.756906077348066 23.48367029548989 4 76
9 0 17.420580110497237 18.040435458786934 5 79
10 0 17.69682320441989 18.195956454121305 5 79
11 0 14.520027624309392 14.618973561430792 7 101
12 0 14.520027624309392 14.618973561430792 7 101
13 0 13.466850828729282 13.374805598755831 8 108
14 0 13.415055248618785 13.530326594090203 8 108
15 0 13.449585635359115 13.374805598755831 9 131
16 0 13.449585635359115 13.374805598755831 9 131
17 0 76.46754143646409 76.36080870917574 1 22
18 0 52.91781767955801 53.03265940902022 2 45
19 0 33.25276243093923 33.43701399688958 3 72
20 0 23.964088397790057 23.32814930015552 4 76
21 0 17.403314917127073 18.040435458786934 5 78
22 0 14.520027624309392 14.618973561430792 7 101
23 0 13.415055248618785 13.530326594090203 8 108
24 0 13.449585635359115 13.374805598755831 9 131
25 0 76.17403314917127 76.20528771384136 1 22
26 0 53.09046961325967 53.03265940902022 2 44
27 0 33.25276243093923 33.43701399688958 3 72
28 0 23.756906077348066 23.48367029548989 4 76
29 0 17.61049723756906 17.729393468118197 5 77
30 0 14.520027624309392 14.618973561430792 7 101
31 0 13.466850828729282 13.374805598755831 8 108
32 0 13.449585635359115 13.374805598755831 9 131
33 0 76.17403314917127 76.20528771384136 1 24
34 0 53.09046961325967 53.03265940902022 2 44
35 0 33.459944751381215 33.28149300155521 3 72
36 0 23.756906077348066 23.48367029548989 4 76
37 0 17.265193370165747 18.040435458786934 5 78
38 0 14.520027624309392 14.618973561430792 7 101
39 0 13.466850828729282 13.374805598755831 8 108
40 0 76.17403314917127 76.20528771384136 1 7
41 0 53.09046961325967 53.03265940902022 2 44
42 0 33.25276243093923 33.43701399688958 3 72
43 0 24.22306629834254 23.17262830482115 4 76
44 0 17.593232044198896 17.884914463452567 5 78
45 0 14.520027624309392 14.618973561430792 7 101
46 0 13.415055248618785 13.530326594090203 8 108
47 0 76.17403314917127 76.20528771384136 1 8
48 0 53.09046961325967 53.03265940902022 2 44
49 0 17.403314917127073 18.040435458786934 5 78
50 0 14.520027624309392 14.618973561430792 7 101
51 0 76.17403314917127 76.20528771384136 1 22
52 0 53.09046961325967 53.03265940902022 2 44
53 0 17.403314917127073 18.040435458786934 5 78
54 0 76.17403314917127 76.20528771384136 1 22
55 0 52.91781767955801 53.03265940902022 2 45
56 0 82.07872928176796 81.80404354587868 1 6
57 0 13.535911602209943 13.21928460342146 13 166
58 0 53.00414364640884 53.03265940902022 2 44
59 0 44.38881215469613 44.94556765163297 3 50
60 0 76.17403314917127 76.20528771384136 1 14
61 0 14.295580110497239 14.463452566096425 11 162
62 0 52.84875690607734 53.03265940902022 2 44
63 0 52.90055248618785 53.03265940902022 2 44
64 0 33.44267955801105 32.65940902021773 3 70
65 0 17.4896408839779 18.195956454121305 5 77
66 0 13.415055248618785 13.530326594090203 8 108
67 0 33.44267955801105 32.65940902021773 3 70
68 0 23.843232044198896 23.017107309486782 4 75
69 0 23.843232044198896 23.017107309486782 4 75
70 0 15.745856353591158 15.085536547433904 6 93
71 0 15.745856353591158 15.085536547433904 6 93
72 0 14.761740331491712 14.307931570762053 7 102
73 0 13.415055248618785 13.530326594090203 8 108
74 0 14.761740331491712 14.307931570762053 7 102
75 0 76.17403314917127 76.36080870917574 1 24
76 0 14.295580110497239 14.463452566096425 11 162
77 0 52.93508287292818 53.34370139968896 2 44
78 0 33.30455801104972 32.97045101088647 3 69
79 0 23.843232044198896 23.017107309486782 4 75
80 0 13.415055248618785 13.530326594090203 8 108
81 0 14.761740331491712 14.307931570762053 7 102
82 0 76.17403314917127 76.20528771384136 1 14
83 0 14.295580110497239 14.463452566096425 11 162
84 0 52.86602209944752 53.03265940902022 2 45
85 0 33.44267955801105 32.65940902021773 3 70
86 0 23.843232044198896 23.017107309486782 4 75
87 0 13.415055248618785 13.530326594090203 8 108
88 0 14.761740331491712 14.307931570762053 7 102
89 0 76.17403314917127 76.20528771384136 1 14
90 0 14.295580110497239 14.463452566096425 11 162
91 0 52.84875690607734 53.03265940902022 2 44
92 0 33.30455801104972 32.97045101088647 3 69
93 0 23.843232044198896 23.017107309486782 4 75
94 0 13.415055248618785 13.530326594090203 8 108
95 0 14.761740331491712 14.307931570762053 7 102
96 0 76.17403314917127 76.36080870917574 1 24
97 0 14.295580110497239 14.463452566096425 11 162
98 0 52.90055248618785 53.03265940902022 2 44
99 0 33.44267955801105 32.65940902021773 3 70
100 0 23.843232044198896 23.017107309486782 4 75
101 0 13.415055248618785 13.530326594090203 8 108
102 0 14.761740331491712 14.307931570762053 7 102
103 0 76.17403314917127 76.20528771384136 1 24
104 0 14.295580110497239 14.463452566096425 11 162
105 0 52.86602209944752 53.03265940902022 2 45
106 0 33.44267955801105 32.65940902021773 3 70
107 0 13.415055248618785 13.530326594090203 8 108
108 0 76.17403314917127 76.36080870917574 1 25
109 0 14.295580110497239 14.463452566096425 11 162
110 0 52.91781767955801 53.03265940902022 2 46
111 0 33.44267955801105 32.65940902021773 3 70
112 0 13.415055248618785 13.530326594090203 8 108
113 0 76.22582872928176 76.20528771384136 1 24
114 0 14.295580110497239 14.463452566096425 11 162
115 0 52.91781767955801 53.03265940902022 2 46
116 0 33.44267955801105 32.65940902021773 3 70
117 0 13.415055248618785 13.530326594090203 8 108
118 0 76.17403314917127 76.36080870917574 1 27
119 0 14.295580110497239 14.463452566096425 11 162
120 0 76.17403314917127 76.20528771384136 1 5
121 0 13.48411602209945 13.374805598755831 11 160
122 0 52.762430939226526 52.72161741835147 2 43
123 0 52.762430939226526 52.72161741835147 2 43
124 0 33.56353591160221 32.65940902021773 3 72
125 0 14.468232044198896 14.307931570762053 7 99
126 0 33.56353591160221 32.65940902021773 3 72
127 0 24.084944751381215 23.017107309486782 4 74
128 0 13.656767955801104 13.530326594090203 9 111
129 0 24.084944751381215 23.017107309486782 4 74
130 0 17.4896408839779 17.729393468118197 5 78
131 0 13.656767955801104 13.530326594090203 9 111
132 0 17.4896408839779 17.729393468118197 5 78
133 0 15.17610497237569 14.618973561430792 6 96
134 0 15.17610497237569 15.085536547433904 6 94
135 0 76.17403314917127 76.20528771384136 1 23
136 0 13.48411602209945 13.374805598755831 11 160
137 0 52.83149171270718 52.72161741835147 2 45
138 0 33.56353591160221 32.65940902021773 3 72
139 0 24.084944751381215 23.017107309486782 4 74
140 0 13.656767955801104 13.530326594090203 9 111
141 0 17.4896408839779 17.729393468118197 5 78
142 0 15.17610497237569 14.618973561430792 6 96
143 0 76.3639502762431 76.36080870917574 1 21
144 0 13.535911602209943 13.841368584758943 11 158
145 0 52.77969613259669 52.72161741835147 2 44
146 0 13.656767955801104 13.530326594090203 9 111
147 0 17.886740331491712 17.884914463452567 5 76
148 0 76.3639502762431 76.36080870917574 1 20
149 0 52.762430939226526 52.72161741835147 2 43
150 0 13.656767955801104 13.530326594090203 9 111
151 0 17.4896408839779 17.729393468118197 5 78
152 0 76.17403314917127 76.20528771384136 1 22
153 0 52.762430939226526 52.72161741835147 2 43
154 0 17.4896408839779 17.729393468118197 5 78
155 0 76.17403314917127 76.20528771384136 1 21
156 0 52.77969613259669 52.72161741835147 2 44
157 0 17.4896408839779 17.729393468118197 5 78
158 0 76.3639502762431 76.36080870917574 1 22
159 0 52.77969613259669 52.72161741835147 2 44
160 0 17.4896408839779 17.729393468118197 5 78
161 0 76.3639502762431 76.36080870917574 1 21
162 0 52.77969613259669 52.72161741835147 2 44
163 0 17.4896408839779 17.729393468118197 5 78
164 0 76.17403314917127 76.20528771384136 1 22
165 0 52.762430939226526 52.72161741835147 2 43
166 0 17.4896408839779 17.729393468118197 5 78
167 0 76.2085635359116 76.20528771384136 1 5
168 0 52.762430939226526 52.72161741835147 2 43
169 0 17.4896408839779 17.729393468118197 5 78
170 0 76.17403314917127 76.20528771384136 1 21
171 0 52.77969613259669 52.72161741835147 2 44
172 0 17.4896408839779 17.729393468118197 5 78
173 0 76.17403314917127 76.20528771384136 1 7
174 0 52.762430939226526 52.72161741835147 2 43
175 0 17.4896408839779 17.729393468118197 5 78
176 0 76.3639502762431 76.36080870917574 1 22
177 0 52.762430939226526 52.72161741835147 2 43
178 0 17.4896408839779 17.729393468118197 5 78
179 0 76.3639502762431 76.36080870917574 1 22
180 0 76.17403314917127 76.20528771384136 1 7
181 0 14.209254143646408 14.152410575427682 10 135
182 0 53.03867403314917 53.03265940902022 2 46
183 0 23.877762430939224 23.17262830482115 4 75
184 0 53.055939226519335 53.34370139968896 2 45
185 0 33.49447513812155 33.28149300155521 3 71
186 0 17.5414364640884 18.195956454121305 5 79
187 0 33.49447513812155 33.28149300155521 3 71
188 0 15.05524861878453 14.152410575427682 6 94
189 0 14.623618784530388 13.996889580093313 7 101
190 0 15.210635359116024 15.241057542768274 8 103
191 0 15.17610497237569 14.307931570762053 6 96
192 0 14.623618784530388 13.996889580093313 7 101
193 0 15.210635359116024 15.241057542768274 8 103
194 0 14.226519337016574 14.152410575427682 9 107
195 0 14.226519337016574 14.152410575427682 9 107
196 0 76.17403314917127 76.20528771384136 1 8
197 0 14.209254143646408 14.152410575427682 10 135
198 0 52.91781767955801 53.03265940902022 2 45
199 0 33.49447513812155 33.28149300155521 3 71
200 0 14.623618784530388 13.996889580093313 7 101
201 0 14.226519337016574 14.152410575427682 9 107
202 0 76.17403314917127 76.20528771384136 1 22
203 0 14.209254143646408 14.152410575427682 10 135
204 0 53.03867403314917 53.03265940902022 2 45
205 0 33.49447513812155 33.28149300155521 3 71
206 0 14.226519337016574 14.152410575427682 9 107
207 0 76.2085635359116 76.20528771384136 1 23
208 0 53.055939226519335 53.34370139968896 2 45
209 0 33.39088397790056 33.12597200622084 3 68
210 0 14.226519337016574 14.152410575427682 9 107
211 0 76.17403314917127 76.20528771384136 1 21
212 0 52.93508287292818 53.03265940902022 2 42
213 0 33.49447513812155 33.28149300155521 3 71
214 0 76.19129834254143 76.20528771384136 1 21
215 0 52.91781767955801 53.03265940902022 2 45
216 0 33.49447513812155 33.28149300155521 3 71
217 0 76.17403314917127 76.20528771384136 1 8
218 0 52.93508287292818 53.03265940902022 2 42
219 0 33.49447513812155 33.28149300155521 3 71
220 0 76.17403314917127 76.20528771384136 1 20
221 0 53.03867403314917 53.03265940902022 2 45
222 0 33.49447513812155 33.28149300155521 3 71
223 0 76.17403314917127 76.20528771384136 1 21
224 0 52.96961325966851 53.03265940902022 2 46
225 0 33.49447513812155 33.28149300155521 3 71
226 0 76.2085635359116 76.20528771384136 1 21
227 0 52.93508287292818 53.03265940902022 2 42
228 0 33.49447513812155 33.28149300155521 3 71
229 0 76.17403314917127 76.20528771384136 1 7
230 0 52.98687845303868 53.03265940902022 2 45
231 0 33.49447513812155 33.28149300155521 3 71
232 0 76.17403314917127 76.20528771384136 1 22
233 0 53.021408839779006 53.18818040435459 2 46
234 0 33.49447513812155 33.28149300155521 3 71
235 0 76.17403314917127 76.20528771384136 1 7
236 0 53.021408839779006 53.18818040435459 2 46
237 0 33.39088397790056 33.12597200622084 3 68
238 0 76.17403314917127 76.20528771384136 1 24
239 0 52.96961325966851 53.03265940902022 2 45
240 0 76.17403314917127 76.20528771384136 1 5
241 0 13.72582872928177 13.996889580093313 11 175
242 0 52.90055248618785 53.03265940902022 2 44
243 0 52.90055248618785 53.03265940902022 2 44
244 0 33.2182320441989 32.97045101088647 3 70
245 0 14.278314917127071 14.463452566096425 7 104
246 0 13.622237569060774 13.996889580093313 10 135
247 0 33.18370165745856 33.12597200622084 3 70
248 0 23.6878453038674 23.17262830482115 4 74
249 0 23.6878453038674 23.17262830482115 4 74
250 0 17.265193370165747 18.040435458786934 5 78
251 0 17.265193370165747 18.040435458786934 5 78
252 0 15.072513812154694 15.241057542768274 6 96
253 0 15.072513812154694 15.241057542768274 6 96
254 0 14.278314917127071 14.463452566096425 7 104
255 0 13.622237569060774 13.996889580093313 10 135
256 0 76.17403314917127 76.20528771384136 1 22
257 0 13.72582872928177 13.996889580093313 11 175
258 0 53.021408839779006 53.03265940902022 2 44
259 0 33.33908839779006 33.12597200622084 3 70
260 0 23.6878453038674 23.17262830482115 4 74
261 0 17.265193370165747 18.040435458786934 5 78
262 0 15.072513812154694 15.241057542768274 6 96
263 0 14.278314917127071 14.463452566096425 7 104
264 0 13.622237569060774 13.996889580093313 10 135
265 0 76.17403314917127 76.20528771384136 1 22
266 0 52.91781767955801 53.03265940902022 2 44
267 0 33.18370165745856 33.12597200622084 3 70
268 0 23.6878453038674 23.17262830482115 4 74
269 0 17.299723756906076 18.040435458786934 5 79
270 0 14.278314917127071 14.463452566096425 7 104
271 0 13.622237569060774 13.996889580093313 10 135
272 0 76.7610497237569 76.20528771384136 1 8
273 0 52.90055248618785 53.03265940902022 2 44
274 0 33.18370165745856 33.12597200622084 3 70
275 0 23.6878453038674 23.17262830482115 4 74
276 0 13.622237569060774 13.996889580093313 10 135
277 0 14.278314917127071 14.463452566096425 7 104
278 0 76.27762430939227 76.20528771384136 1 6
279 0 52.95234806629834 53.03265940902022 2 44
280 0 33.33908839779006 33.12597200622084 3 70
281 0 23.6878453038674 23.17262830482115 4 74
282 0 76.17403314917127 76.20528771384136 1 5
283 0 52.90055248618785 53.03265940902022 2 44
284 0 33.2182320441989 33.12597200622084 3 71
285 0 23.6878453038674 23.17262830482115 4 74
286 0 76.17403314917127 76.20528771384136 1 21
287 0 52.93508287292818 53.03265940902022 2 44
288 0 33.321823204419886 33.28149300155521 3 70
289 0 23.6878453038674 23.17262830482115 4 74
290 0 76.27762430939227 76.20528771384136 1 6
291 0 53.021408839779006 53.03265940902022 2 44
292 0 33.18370165745856 33.12597200622084 3 70
293 0 23.6878453038674 23.17262830482115 4 74
294 0 76.17403314917127 76.20528771384136 1 22
295 0 52.93508287292818 53.03265940902022 2 44
296 0 33.18370165745856 33.12597200622084 3 70
297 0 23.6878453038674 23.17262830482115 4 74
298 0 76.17403314917127 76.20528771384136 1 22
299 0 52.93508287292818 53.03265940902022 2 44
