0 0 76.17403314917127 76.20528771384136 1 3
1 0 13.31146408839779 13.685847589424572 8 108
2 0 52.77969613259669 53.03265940902022 2 30
3 0 52.77969613259669 53.03265940902022 2 30
4 0 33.30455801104972 34.52566096423017 3 52
5 0 33.30455801104972 34.3701399688958 3 51
6 0 22.92817679558011 24.10575427682737 4 59
7 0 22.92817679558011 24.10575427682737 4 59
8 0 15.728591160220995 16.485225505443236 5 65
9 0 15.728591160220995 16.485225505443236 5 65
10 0 13.156077348066297 13.21928460342146 6 78
11 0 13.156077348066297 13.21928460342146 6 78
12 0 13.190607734806632 13.530326594090203 7 93
13 0 13.363259668508288 13.374805598755831 7 99
14 0 76.17403314917127 76.20528771384136 1 4
15 0 13.31146408839779 13.685847589424572 8 108
16 0 52.77969613259669 53.03265940902022 2 30
17 0 33.30455801104972 34.52566096423017 3 52
18 0 22.92817679558011 24.10575427682737 4 59
19 0 15.728591160220995 16.485225505443236 5 65
20 0 13.156077348066297 13.21928460342146 6 78
21 0 13.363259668508288 13.374805598755831 7 99
22 0 76.17403314917127 76.20528771384136 1 3
23 0 13.31146408839779 13.685847589424572 8 108
24 0 52.77969613259669 53.03265940902022 2 30
25 0 33.30455801104972 34.52566096423017 3 52
26 0 22.92817679558011 24.10575427682737 4 59
27 0 15.935773480662984 16.796267496111973 5 65
28 0 13.156077348066297 13.21928460342146 6 78
29 0 13.190607734806632 13.530326594090203 7 93
30 0 76.17403314917127 76.20528771384136 1 3
31 0 13.31146408839779 13.685847589424572 8 108
32 0 52.77969613259669 53.03265940902022 2 30
33 0 33.30455801104972 34.52566096423017 3 52
34 0 22.92817679558011 24.10575427682737 4 59
35 0 15.728591160220995 16.485225505443236 5 65
36 0 13.156077348066297 13.21928460342146 6 78
37 0 13.190607734806632 13.530326594090203 7 93
38 0 76.17403314917127 76.20528771384136 1 4
39 0 52.77969613259669 53.03265940902022 2 30
40 0 33.30455801104972 34.52566096423017 3 52
41 0 13.156077348066297 13.21928460342146 6 78
42 0 13.190607734806632 13.530326594090203 7 93
43 0 76.17403314917127 76.20528771384136 1 4
44 0 52.77969613259669 53.03265940902022 2 30
45 0 33.30455801104972 34.52566096423017 3 52
46 0 13.156077348066297 13.21928460342146 6 78
47 0 13.363259668508288 13.374805598755831 7 99
48 0 76.17403314917127 76.20528771384136 1 3
49 0 52.77969613259669 53.03265940902022 2 30
50 0 33.30455801104972 34.52566096423017 3 52
51 0 13.156077348066297 13.21928460342146 6 78
52 0 13.363259668508288 13.374805598755831 7 99
53 0 76.17403314917127 76.20528771384136 1 6
54 0 52.77969613259669 53.03265940902022 2 30
55 0 33.30455801104972 34.52566096423017 3 52
56 0 13.156077348066297 13.21928460342146 6 78
57 0 13.363259668508288 13.374805598755831 7 99
58 0 76.17403314917127 76.20528771384136 1 5
59 0 52.77969613259669 53.03265940902022 2 30
60 0 76.17403314917127 76.20528771384136 1 12
61 0 13.466850828729282 13.374805598755831 9 126
62 0 52.95234806629834 53.18818040435459 2 30
63 0 52.95234806629834 53.18818040435459 2 30
64 0 33.30455801104972 34.05909797822706 3 51
65 0 33.33908839779006 34.3701399688958 3 52
66 0 22.910911602209943 23.63919129082426 4 58
67 0 22.910911602209943 23.63919129082426 4 58
68 0 15.573204419889503 16.329704510108865 5 65
69 0 15.573204419889503 16.329704510108865 5 65
70 0 13.156077348066297 13.21928460342146 6 78
71 0 13.259668508287293 13.685847589424572 8 101
72 0 13.156077348066297 13.21928460342146 6 78
73 0 13.1042817679558 13.530326594090203 7 94
74 0 13.1042817679558 13.530326594090203 7 94
75 0 13.259668508287293 13.685847589424572 8 109
76 0 76.17403314917127 76.20528771384136 1 12
77 0 52.95234806629834 53.18818040435459 2 30
78 0 33.33908839779006 34.3701399688958 3 52
79 0 22.910911602209943 23.63919129082426 4 58
80 0 15.573204419889503 16.329704510108865 5 65
81 0 13.156077348066297 13.21928460342146 6 78
82 0 13.1042817679558 13.530326594090203 7 94
83 0 13.259668508287293 13.685847589424572 8 101
84 0 76.19129834254143 76.20528771384136 1 16
85 0 52.95234806629834 53.18818040435459 2 30
86 0 33.35635359116022 34.21461897356143 3 52
87 0 22.910911602209943 23.63919129082426 4 58
88 0 15.573204419889503 16.329704510108865 5 65
89 0 13.156077348066297 13.21928460342146 6 78
90 0 13.1042817679558 13.530326594090203 7 94
91 0 13.34599447513812 13.530326594090203 8 108
92 0 76.17403314917127 76.20528771384136 1 13
93 0 52.95234806629834 53.18818040435459 2 30
94 0 33.33908839779006 34.3701399688958 3 52
95 0 22.910911602209943 23.63919129082426 4 58
96 0 15.573204419889503 16.329704510108865 5 65
97 0 13.156077348066297 13.21928460342146 6 78
98 0 13.1042817679558 13.530326594090203 7 94
99 0 13.259668508287293 13.685847589424572 8 101
100 0 76.17403314917127 76.20528771384136 1 12
101 0 52.84875690607734 53.34370139968896 2 31
102 0 33.33908839779006 34.3701399688958 3 52
103 0 22.910911602209943 23.63919129082426 4 58
104 0 15.573204419889503 16.329704510108865 5 65
105 0 13.156077348066297 13.21928460342146 6 78
106 0 13.1042817679558 13.530326594090203 7 94
107 0 13.34599447513812 13.530326594090203 8 108
108 0 76.19129834254143 76.20528771384136 1 19
109 0 52.95234806629834 53.18818040435459 2 30
110 0 33.33908839779006 34.3701399688958 3 52
111 0 22.910911602209943 23.63919129082426 4 58
112 0 15.573204419889503 16.329704510108865 5 65
113 0 13.259668508287293 13.685847589424572 8 101
114 0 33.33908839779006 34.3701399688958 3 52
115 0 15.573204419889503 16.329704510108865 5 65
116 0 13.207872928176794 13.530326594090203 10 142
117 0 76.50207182320442 76.36080870917574 1 17
118 0 33.30455801104972 34.05909797822706 3 50
119 0 53.07320441988951 53.654743390357694 2 31
120 0 76.17403314917127 76.20528771384136 1 6
121 0 13.242403314917128 13.21928460342146 6 78
122 0 52.77969613259669 53.03265940902022 2 31
123 0 52.81422651933701 53.03265940902022 2 29
124 0 33.321823204419886 34.05909797822706 3 51
125 0 33.373618784530386 34.52566096423017 3 51
126 0 22.997237569060776 24.10575427682737 4 58
127 0 22.94544198895028 23.63919129082426 4 58
128 0 15.555939226519335 16.329704510108865 5 65
129 0 15.555939226519335 16.329704510108865 5 65
130 0 76.19129834254143 76.20528771384136 1 16
131 0 13.242403314917128 13.21928460342146 6 78
132 0 52.81422651933701 53.03265940902022 2 29
133 0 33.321823204419886 34.05909797822706 3 51
134 0 22.997237569060776 24.10575427682737 4 58
135 0 15.555939226519335 16.329704510108865 5 65
136 0 76.24309392265194 76.20528771384136 1 17
137 0 13.242403314917128 13.21928460342146 6 78
138 0 52.81422651933701 53.03265940902022 2 29
139 0 33.33908839779006 34.21461897356143 3 53
140 0 22.997237569060776 24.10575427682737 4 58
141 0 15.555939226519335 16.329704510108865 5 65
142 0 76.19129834254143 76.20528771384136 1 17
143 0 13.242403314917128 13.21928460342146 6 78
144 0 52.81422651933701 53.03265940902022 2 29
145 0 33.321823204419886 34.05909797822706 3 51
146 0 22.94544198895028 23.63919129082426 4 58
147 0 15.555939226519335 16.329704510108865 5 65
148 0 76.19129834254143 76.20528771384136 1 19
149 0 13.242403314917128 13.21928460342146 6 78
150 0 52.883287292817684 53.654743390357694 2 29
151 0 22.997237569060776 24.10575427682737 4 58
152 0 15.555939226519335 16.329704510108865 5 65
153 0 76.17403314917127 76.20528771384136 1 6
154 0 13.242403314917128 13.21928460342146 6 78
155 0 52.83149171270718 53.18818040435459 2 30
156 0 22.997237569060776 24.10575427682737 4 58
157 0 15.555939226519335 16.329704510108865 5 65
158 0 76.19129834254143 76.20528771384136 1 19
159 0 13.242403314917128 13.21928460342146 6 78
160 0 53.09046961325967 53.499222395023324 2 30
161 0 22.997237569060776 24.10575427682737 4 58
162 0 15.555939226519335 16.329704510108865 5 65
163 0 76.24309392265194 76.20528771384136 1 16
164 0 13.242403314917128 13.21928460342146 6 78
165 0 52.83149171270718 53.18818040435459 2 30
166 0 22.94544198895028 23.63919129082426 4 58
167 0 15.555939226519335 16.329704510108865 5 65
168 0 76.19129834254143 76.20528771384136 1 16
169 0 13.242403314917128 13.21928460342146 6 78
170 0 52.77969613259669 53.03265940902022 2 31
171 0 22.997237569060776 23.950233281493002 4 59
172 0 15.555939226519335 16.329704510108865 5 65
173 0 76.19129834254143 76.20528771384136 1 14
174 0 13.242403314917128 13.21928460342146 6 78
175 0 52.883287292817684 53.654743390357694 2 29
176 0 22.997237569060776 24.10575427682737 4 58
177 0 15.555939226519335 16.329704510108865 5 65
178 0 76.19129834254143 76.20528771384136 1 15
179 0 13.242403314917128 13.21928460342146 6 78
180 0 76.17403314917127 76.20528771384136 1 5
181 0 13.173342541436464 13.21928460342146 6 79
182 0 52.883287292817684 53.18818040435459 2 32
183 0 52.883287292817684 53.499222395023324 2 30
184 0 33.408149171270715 34.21461897356143 3 51
185 0 33.321823204419886 34.05909797822706 3 51
186 0 22.94544198895028 23.63919129082426 4 58
187 0 22.94544198895028 23.63919129082426 4 58
188 0 15.642265193370166 16.485225505443236 5 66
189 0 15.642265193370166 16.485225505443236 5 66
190 0 76.17403314917127 76.20528771384136 1 16
191 0 13.173342541436464 13.21928460342146 6 79
192 0 52.77969613259669 53.03265940902022 2 33
193 0 33.321823204419886 33.903576982892695 3 52
194 0 22.94544198895028 23.63919129082426 4 58
195 0 15.642265193370166 16.485225505443236 5 66
196 0 76.17403314917127 76.20528771384136 1 15
197 0 13.173342541436464 13.21928460342146 6 79
198 0 52.83149171270718 53.18818040435459 2 31
199 0 33.321823204419886 34.05909797822706 3 51
200 0 22.94544198895028 23.63919129082426 4 58
201 0 15.642265193370166 16.485225505443236 5 66
202 0 76.17403314917127 76.20528771384136 1 15
203 0 13.173342541436464 13.21928460342146 6 79
204 0 52.96961325966851 53.654743390357694 2 31
205 0 33.321823204419886 33.903576982892695 3 52
206 0 22.94544198895028 23.63919129082426 4 58
207 0 15.642265193370166 16.485225505443236 5 66
208 0 76.17403314917127 76.20528771384136 1 5
209 0 13.173342541436464 13.21928460342146 6 79
210 0 53.142265193370164 53.810264385692065 2 30
211 0 33.321823204419886 33.903576982892695 3 52
212 0 22.94544198895028 23.63919129082426 4 58
213 0 15.642265193370166 16.485225505443236 5 66
214 0 76.17403314917127 76.20528771384136 1 15
215 0 13.173342541436464 13.21928460342146 6 79
216 0 52.79696132596685 53.18818040435459 2 33
217 0 33.321823204419886 34.05909797822706 3 51
218 0 22.94544198895028 23.63919129082426 4 58
219 0 15.642265193370166 16.485225505443236 5 66
220 0 76.17403314917127 76.20528771384136 1 15
221 0 13.173342541436464 13.21928460342146 6 79
222 0 52.77969613259669 53.03265940902022 2 33
223 0 33.321823204419886 34.05909797822706 3 51
224 0 22.94544198895028 23.63919129082426 4 58
225 0 15.642265193370166 16.485225505443236 5 66
226 0 76.17403314917127 76.20528771384136 1 15
227 0 13.173342541436464 13.21928460342146 6 79
228 0 52.77969613259669 53.03265940902022 2 33
229 0 33.321823204419886 33.903576982892695 3 52
230 0 22.94544198895028 23.63919129082426 4 58
231 0 15.642265193370166 16.485225505443236 5 66
232 0 76.17403314917127 76.20528771384136 1 15
233 0 13.173342541436464 13.21928460342146 6 79
234 0 52.883287292817684 53.499222395023324 2 30
235 0 33.321823204419886 33.903576982892695 3 52
236 0 22.94544198895028 23.63919129082426 4 58
237 0 15.642265193370166 16.485225505443236 5 66
238 0 76.17403314917127 76.20528771384136 1 15
239 0 13.173342541436464 13.21928460342146 6 79
240 0 76.17403314917127 76.20528771384136 1 3
241 0 13.1042817679558 13.21928460342146 7 94
242 0 52.74516574585635 53.03265940902022 2 33
243 0 52.79696132596685 53.03265940902022 2 33
244 0 33.44267955801105 34.21461897356143 3 53
245 0 33.44267955801105 34.21461897356143 3 53
246 0 22.85911602209945 23.79471228615863 4 58
247 0 22.85911602209945 23.79471228615863 4 58
248 0 15.452348066298343 16.640746500777606 5 65
249 0 15.452348066298343 16.640746500777606 5 65
250 0 13.173342541436464 13.21928460342146 6 79
251 0 13.173342541436464 13.21928460342146 6 79
252 0 76.17403314917127 76.20528771384136 1 17
253 0 13.1042817679558 13.21928460342146 7 94
254 0 52.79696132596685 53.03265940902022 2 34
255 0 33.44267955801105 34.21461897356143 3 53
256 0 22.89364640883978 23.79471228615863 4 59
257 0 15.452348066298343 16.640746500777606 5 65
258 0 13.173342541436464 13.21928460342146 6 79
259 0 76.17403314917127 76.20528771384136 1 20
260 0 13.052486187845306 13.21928460342146 7 95
261 0 52.77969613259669 53.03265940902022 2 33
262 0 33.44267955801105 34.21461897356143 3 53
263 0 22.85911602209945 23.79471228615863 4 58
264 0 15.452348066298343 16.640746500777606 5 65
265 0 13.173342541436464 13.21928460342146 6 79
266 0 76.17403314917127 76.20528771384136 1 3
267 0 13.1042817679558 13.21928460342146 7 94
268 0 52.74516574585635 53.03265940902022 2 34
269 0 33.44267955801105 34.21461897356143 3 53
270 0 22.89364640883978 23.79471228615863 4 59
271 0 15.452348066298343 16.640746500777606 5 65
272 0 13.173342541436464 13.21928460342146 6 79
273 0 76.17403314917127 76.20528771384136 1 3
274 0 13.1042817679558 13.21928460342146 7 94
275 0 52.79696132596685 53.03265940902022 2 34
276 0 33.44267955801105 34.21461897356143 3 53
277 0 22.85911602209945 23.79471228615863 4 58
278 0 15.452348066298343 16.640746500777606 5 65
279 0 13.173342541436464 13.21928460342146 6 79
280 0 76.17403314917127 76.20528771384136 1 20
281 0 13.1042817679558 13.21928460342146 7 94
282 0 52.74516574585635 53.03265940902022 2 33
283 0 22.89364640883978 23.79471228615863 4 59
284 0 15.452348066298343 16.640746500777606 5 65
285 0 13.173342541436464 13.21928460342146 6 79
286 0 76.17403314917127 76.20528771384136 1 3
287 0 13.06975138121547 13.21928460342146 7 85
288 0 52.74516574585635 53.03265940902022 2 33
289 0 22.85911602209945 23.79471228615863 4 58
290 0 15.452348066298343 16.640746500777606 5 65
291 0 13.173342541436464 13.21928460342146 6 79
292 0 76.17403314917127 76.20528771384136 1 18
293 0 13.1042817679558 13.21928460342146 7 94
294 0 52.79696132596685 53.03265940902022 2 33
295 0 22.85911602209945 23.79471228615863 4 58
296 0 15.452348066298343 16.640746500777606 5 65
297 0 13.173342541436464 13.21928460342146 6 79
298 0 76.17403314917127 76.20528771384136 1 17
299 0 13.06975138121547 13.21928460342146 7 85
