0 0 76.17403314917127 76.20528771384136 1 5
1 0 13.087016574585636 14.618973561430792 8 85
2 0 53.194060773480665 53.03265940902022 2 32
3 0 53.45303867403315 53.810264385692065 2 32
4 0 33.6671270718232 34.21461897356143 3 46
5 0 16.246546961325965 16.796267496111973 6 70
6 0 33.408149171270715 33.903576982892695 3 46
7 0 23.1871546961326 23.950233281493002 4 52
8 0 23.152624309392262 24.10575427682737 4 52
9 0 17.403314917127073 17.884914463452567 5 60
10 0 13.72582872928177 15.552099533437014 7 78
11 0 17.386049723756905 17.729393468118197 5 61
12 0 13.72582872928177 15.552099533437014 7 78
13 0 76.17403314917127 76.20528771384136 1 15
14 0 13.087016574585636 14.618973561430792 8 85
15 0 53.03867403314917 53.03265940902022 2 32
16 0 33.408149171270715 33.903576982892695 3 46
17 0 23.1871546961326 23.950233281493002 4 52
18 0 17.403314917127073 17.884914463452567 5 60
19 0 13.72582872928177 15.552099533437014 7 78
20 0 76.17403314917127 76.20528771384136 1 17
21 0 13.087016574585636 14.618973561430792 8 85
22 0 53.53936464088398 53.654743390357694 2 31
23 0 33.92610497237569 34.3701399688958 3 47
24 0 23.1871546961326 23.950233281493002 4 52
25 0 17.593232044198896 18.195956454121305 5 61
26 0 13.846685082872929 15.552099533437014 7 77
27 0 76.17403314917127 76.20528771384136 1 16
28 0 13.087016574585636 14.618973561430792 8 85
29 0 52.98687845303868 53.03265940902022 2 32
30 0 33.6671270718232 34.21461897356143 3 46
31 0 23.1353591160221 23.950233281493002 4 53
32 0 17.386049723756905 17.729393468118197 5 61
33 0 13.72582872928177 15.552099533437014 7 78
34 0 76.17403314917127 76.20528771384136 1 16
35 0 13.087016574585636 14.618973561430792 8 85
36 0 52.762430939226526 52.87713841368584 2 31
37 0 33.408149171270715 33.903576982892695 3 46
38 0 23.152624309392262 24.10575427682737 4 52
39 0 17.403314917127073 17.884914463452567 5 60
40 0 13.72582872928177 15.552099533437014 7 78
41 0 76.17403314917127 76.20528771384136 1 17
42 0 13.087016574585636 14.618973561430792 8 85
43 0 52.83149171270718 52.87713841368584 2 32
44 0 33.805248618784525 34.52566096423017 3 46
45 0 23.152624309392262 24.10575427682737 4 52
46 0 17.593232044198896 18.195956454121305 5 61
47 0 13.72582872928177 15.552099533437014 7 78
48 0 76.17403314917127 76.20528771384136 1 17
49 0 13.087016574585636 14.618973561430792 8 85
50 0 52.96961325966851 53.03265940902022 2 32
51 0 33.6671270718232 34.21461897356143 3 46
52 0 23.37707182320442 24.416796267496114 4 53
53 0 17.386049723756905 17.729393468118197 5 61
54 0 13.72582872928177 15.552099533437014 7 78
55 0 76.17403314917127 76.20528771384136 1 16
56 0 13.087016574585636 14.618973561430792 8 85
57 0 52.96961325966851 53.03265940902022 2 32
58 0 33.6671270718232 34.21461897356143 3 46
59 0 23.152624309392262 24.10575427682737 4 52
60 0 76.17403314917127 76.20528771384136 1 7
61 0 13.1042817679558 14.618973561430792 9 102
62 0 52.79696132596685 52.87713841368584 2 33
63 0 52.79696132596685 52.87713841368584 2 33
64 0 33.373618784530386 33.903576982892695 3 45
65 0 33.373618784530386 33.903576982892695 3 45
66 0 23.221685082872927 23.32814930015552 4 54
67 0 23.221685082872927 23.32814930015552 4 54
68 0 17.403314917127073 17.262830482115085 5 59
69 0 16.212016574585636 16.640746500777606 6 69
70 0 14.019337016574585 14.774494556765164 7 78
71 0 17.403314917127073 17.262830482115085 5 59
72 0 16.212016574585636 16.640746500777606 6 69
73 0 13.622237569060774 15.396578538102643 7 79
74 0 13.087016574585636 14.618973561430792 8 85
75 0 13.087016574585636 14.618973561430792 8 85
76 0 76.17403314917127 76.20528771384136 1 9
77 0 13.1042817679558 14.618973561430792 9 102
78 0 33.35635359116022 33.592534992223946 3 46
79 0 17.403314917127073 17.262830482115085 5 59
80 0 16.212016574585636 16.640746500777606 6 69
81 0 13.622237569060774 15.396578538102643 7 79
82 0 13.087016574585636 14.618973561430792 8 85
83 0 76.17403314917127 76.20528771384136 1 18
84 0 13.1042817679558 14.618973561430792 9 102
85 0 33.511740331491715 33.592534992223946 3 48
86 0 17.403314917127073 17.262830482115085 5 59
87 0 16.212016574585636 16.640746500777606 6 69
88 0 13.622237569060774 15.396578538102643 7 79
89 0 13.087016574585636 14.618973561430792 8 85
90 0 76.17403314917127 76.20528771384136 1 18
91 0 13.1042817679558 14.618973561430792 9 102
92 0 33.35635359116022 33.592534992223946 3 46
93 0 17.403314917127073 17.262830482115085 5 59
94 0 13.622237569060774 15.396578538102643 7 79
95 0 13.087016574585636 14.618973561430792 8 85
96 0 76.17403314917127 76.20528771384136 1 19
97 0 13.1042817679558 14.618973561430792 9 102
98 0 33.35635359116022 33.592534992223946 3 46
99 0 17.403314917127073 17.262830482115085 5 59
100 0 13.622237569060774 15.396578538102643 7 79
101 0 13.087016574585636 14.618973561430792 8 85
102 0 76.17403314917127 76.20528771384136 1 9
103 0 13.1042817679558 14.618973561430792 9 102
104 0 33.35635359116022 33.592534992223946 3 46
105 0 13.622237569060774 15.396578538102643 7 79
106 0 13.087016574585636 14.618973561430792 8 85
107 0 76.17403314917127 76.20528771384136 1 8
108 0 13.1042817679558 14.618973561430792 9 102
109 0 33.35635359116022 33.592534992223946 3 46
110 0 13.622237569060774 15.396578538102643 7 79
111 0 13.087016574585636 14.618973561430792 8 85
112 0 76.17403314917127 76.20528771384136 1 19
113 0 13.1042817679558 14.618973561430792 9 102
114 0 33.373618784530386 33.903576982892695 3 45
115 0 13.622237569060774 15.396578538102643 7 79
116 0 13.087016574585636 14.618973561430792 8 85
117 0 76.17403314917127 76.20528771384136 1 10
118 0 13.1042817679558 14.618973561430792 9 102
119 0 33.511740331491715 33.592534992223946 3 48
120 0 76.17403314917127 76.20528771384136 1 8
121 0 13.156077348066297 14.618973561430792 8 84
122 0 33.408149171270715 33.748055987558324 3 47
123 0 52.79696132596685 52.87713841368584 2 33
124 0 52.83149171270718 52.87713841368584 2 34
125 0 23.066298342541437 23.32814930015552 4 52
126 0 23.066298342541437 23.32814930015552 4 52
127 0 17.334254143646408 17.107309486780714 5 60
128 0 17.334254143646408 17.107309486780714 5 60
129 0 14.882596685082872 16.018662519440124 6 69
130 0 14.882596685082872 16.018662519440124 6 69
131 0 13.691298342541437 15.396578538102643 7 78
132 0 13.691298342541437 15.396578538102643 7 78
133 0 76.17403314917127 76.20528771384136 1 8
134 0 13.604972375690608 15.396578538102643 8 96
135 0 52.83149171270718 52.87713841368584 2 34
136 0 23.066298342541437 23.32814930015552 4 52
137 0 17.334254143646408 17.107309486780714 5 60
138 0 14.882596685082872 16.018662519440124 6 69
139 0 13.691298342541437 15.396578538102643 7 78
140 0 76.17403314917127 76.20528771384136 1 8
141 0 13.604972375690608 15.396578538102643 8 96
142 0 52.77969613259669 52.87713841368584 2 34
143 0 23.066298342541437 23.32814930015552 4 52
144 0 17.334254143646408 17.107309486780714 5 60
145 0 14.882596685082872 16.018662519440124 6 69
146 0 13.691298342541437 15.396578538102643 7 78
147 0 76.17403314917127 76.20528771384136 1 8
148 0 13.604972375690608 15.396578538102643 8 96
149 0 52.83149171270718 52.87713841368584 2 34
150 0 23.066298342541437 23.32814930015552 4 52
151 0 17.334254143646408 17.107309486780714 5 60
152 0 14.882596685082872 16.018662519440124 6 69
153 0 13.691298342541437 15.396578538102643 7 78
154 0 76.17403314917127 76.20528771384136 1 8
155 0 13.604972375690608 15.396578538102643 8 96
156 0 52.79696132596685 52.87713841368584 2 33
157 0 23.066298342541437 23.32814930015552 4 52
158 0 17.334254143646408 17.107309486780714 5 60
159 0 14.882596685082872 16.018662519440124 6 69
160 0 13.691298342541437 15.396578538102643 7 78
161 0 76.17403314917127 76.20528771384136 1 18
162 0 13.604972375690608 15.396578538102643 8 96
163 0 52.79696132596685 52.87713841368584 2 33
164 0 23.066298342541437 23.32814930015552 4 52
165 0 17.334254143646408 17.107309486780714 5 60
166 0 14.882596685082872 16.018662519440124 6 69
167 0 13.691298342541437 15.396578538102643 7 78
168 0 76.17403314917127 76.20528771384136 1 8
169 0 13.604972375690608 15.396578538102643 8 96
170 0 52.79696132596685 52.87713841368584 2 33
171 0 17.334254143646408 17.107309486780714 5 60
172 0 14.882596685082872 16.018662519440124 6 69
173 0 13.691298342541437 15.396578538102643 7 78
174 0 76.17403314917127 76.20528771384136 1 18
175 0 13.156077348066297 14.618973561430792 8 84
176 0 52.77969613259669 52.87713841368584 2 34
177 0 17.334254143646408 17.107309486780714 5 60
178 0 14.882596685082872 16.018662519440124 6 69
179 0 13.691298342541437 15.396578538102643 7 78
180 0 76.17403314917127 76.20528771384136 1 7
181 0 13.1042817679558 14.618973561430792 9 98
182 0 33.28729281767956 33.748055987558324 3 47
183 0 52.90055248618785 53.03265940902022 2 31
184 0 52.90055248618785 53.03265940902022 2 31
185 0 16.108425414364643 16.485225505443236 6 68
186 0 22.979972375690608 23.48367029548989 4 52
187 0 14.002071823204421 15.396578538102643 7 77
188 0 22.979972375690608 23.48367029548989 4 52
189 0 17.316988950276244 17.107309486780714 5 59
190 0 17.316988950276244 17.107309486780714 5 59
191 0 13.1042817679558 14.618973561430792 8 83
192 0 13.1042817679558 14.618973561430792 8 83
193 0 76.17403314917127 76.20528771384136 1 9
194 0 13.121546961325967 14.463452566096425 9 98
195 0 52.90055248618785 53.03265940902022 2 31
196 0 13.1042817679558 14.618973561430792 8 83
197 0 76.17403314917127 76.20528771384136 1 9
198 0 13.1042817679558 14.618973561430792 9 98
199 0 52.90055248618785 53.03265940902022 2 31
200 0 13.1042817679558 14.618973561430792 8 83
201 0 76.17403314917127 76.20528771384136 1 8
202 0 13.121546961325967 14.463452566096425 9 98
203 0 52.90055248618785 53.03265940902022 2 31
204 0 13.1042817679558 14.618973561430792 8 83
205 0 76.17403314917127 76.20528771384136 1 7
206 0 13.1042817679558 14.618973561430792 9 98
207 0 52.90055248618785 53.03265940902022 2 31
208 0 13.1042817679558 14.618973561430792 8 83
209 0 76.17403314917127 76.20528771384136 1 9
210 0 13.121546961325967 14.463452566096425 9 98
211 0 52.90055248618785 53.03265940902022 2 31
212 0 13.1042817679558 14.618973561430792 8 83
213 0 76.17403314917127 76.20528771384136 1 7
214 0 13.1042817679558 14.618973561430792 9 98
215 0 52.90055248618785 53.03265940902022 2 31
216 0 13.1042817679558 14.618973561430792 8 83
217 0 76.17403314917127 76.20528771384136 1 7
218 0 13.1042817679558 14.618973561430792 9 98
219 0 52.90055248618785 53.03265940902022 2 31
220 0 13.1042817679558 14.618973561430792 8 83
221 0 76.17403314917127 76.20528771384136 1 9
222 0 13.1042817679558 14.618973561430792 9 98
223 0 52.90055248618785 53.03265940902022 2 31
224 0 13.1042817679558 14.618973561430792 8 83
225 0 76.17403314917127 76.20528771384136 1 8
226 0 13.1042817679558 14.618973561430792 9 98
227 0 52.90055248618785 53.03265940902022 2 31
228 0 76.17403314917127 76.20528771384136 1 9
229 0 13.121546961325967 14.463452566096425 9 98
230 0 52.90055248618785 53.03265940902022 2 31
231 0 76.17403314917127 76.20528771384136 1 6
232 0 52.90055248618785 53.03265940902022 2 31
233 0 76.17403314917127 76.20528771384136 1 8
234 0 52.90055248618785 53.03265940902022 2 31
235 0 76.17403314917127 76.20528771384136 1 9
236 0 52.90055248618785 53.03265940902022 2 31
237 0 76.17403314917127 76.20528771384136 1 9
238 0 52.90055248618785 53.03265940902022 2 31
239 0 52.90055248618785 53.03265940902022 2 31
240 0 76.17403314917127 76.20528771384136 1 5
241 0 13.017955801104971 14.618973561430792 12 130
242 0 52.95234806629834 53.18818040435459 2 30
243 0 52.79696132596685 52.87713841368584 2 31
244 0 33.58080110497237 33.903576982892695 3 45
245 0 13.087016574585636 14.618973561430792 8 85
246 0 19.751381215469614 20.52877138413686 5 60
247 0 33.58080110497237 33.903576982892695 3 45
248 0 23.221685082872927 23.48367029548989 4 51
249 0 14.796270718232044 16.174183514774494 6 70
250 0 23.10082872928177 23.48367029548989 4 52
251 0 13.087016574585636 14.618973561430792 8 85
252 0 14.796270718232044 16.174183514774494 6 70
253 0 76.89917127071824 76.82737169517885 1 18
254 0 52.79696132596685 52.87713841368584 2 32
255 0 33.58080110497237 33.903576982892695 3 45
256 0 23.25621546961326 23.32814930015552 4 51
257 0 13.087016574585636 14.618973561430792 8 85
258 0 76.89917127071824 76.82737169517885 1 17
259 0 52.79696132596685 52.87713841368584 2 32
260 0 33.58080110497237 33.903576982892695 3 45
261 0 23.221685082872927 23.48367029548989 4 51
262 0 13.087016574585636 14.618973561430792 8 85
263 0 79.76519337016575 80.87091757387248 1 5
264 0 52.79696132596685 52.87713841368584 2 31
265 0 33.58080110497237 33.903576982892695 3 45
266 0 13.087016574585636 14.618973561430792 8 85
267 0 76.17403314917127 76.20528771384136 1 16
268 0 52.79696132596685 52.87713841368584 2 32
269 0 33.58080110497237 33.903576982892695 3 45
270 0 13.087016574585636 14.618973561430792 8 85
271 0 76.89917127071824 76.82737169517885 1 17
272 0 52.79696132596685 52.87713841368584 2 32
273 0 33.546270718232044 34.05909797822706 3 49
274 0 13.087016574585636 14.618973561430792 8 85
275 0 76.17403314917127 76.20528771384136 1 15
276 0 52.95234806629834 53.18818040435459 2 30
277 0 33.35635359116022 33.592534992223946 3 46
278 0 13.087016574585636 14.618973561430792 8 85
279 0 76.17403314917127 76.20528771384136 1 5
280 0 52.79696132596685 52.87713841368584 2 32
281 0 33.58080110497237 33.903576982892695 3 45
282 0 76.17403314917127 76.20528771384136 1 6
283 0 52.79696132596685 52.87713841368584 2 32
284 0 33.58080110497237 33.903576982892695 3 45
285 0 76.17403314917127 76.20528771384136 1 16
286 0 52.96961325966851 53.18818040435459 2 31
287 0 76.89917127071824 76.82737169517885 1 18
288 0 53.988259668508285 53.810264385692065 2 33
289 0 76.89917127071824 76.82737169517885 1 17
290 0 53.52209944751382 53.654743390357694 2 35
291 0 76.17403314917127 76.20528771384136 1 5
292 0 52.79696132596685 52.87713841368584 2 32
293 0 76.65745856353591 76.51632970451011 1 17
294 0 13.017955801104971 14.774494556765164 9 101
295 0 76.57113259668509 76.51632970451011 1 17
296 0 53.366712707182316 53.18818040435459 2 30
297 0 33.44267955801105 34.05909797822706 3 46
298 0 29.88604972375691 31.41524105754277 4 50
299 0 20.82182320441989 22.55054432348367 5 61
