0 0 76.18718701433258 76.08695652173914 1 6
1 0 11.776895182179244 14.751552795031056 10 124
2 0 33.34484544983595 33.22981366459628 3 64
3 0 53.151441892591954 53.2608695652174 2 42
4 0 53.08236919357624 52.95031055900621 2 44
5 0 24.48627180107063 25.15527950310559 4 70
6 0 13.192885512001382 16.149068322981368 8 114
7 0 24.48627180107063 25.15527950310559 4 70
8 0 18.943187705059575 19.40993788819876 5 78
9 0 18.75323778276636 22.82608695652174 6 76
10 0 16.059402521153515 18.16770186335404 7 100
11 0 18.90865135555172 19.40993788819876 5 77
12 0 18.75323778276636 22.67080745341615 6 77
13 0 16.059402521153515 18.16770186335404 7 100
14 0 12.312208599551028 15.372670807453417 9 118
15 0 12.312208599551028 15.372670807453417 9 118
16 0 76.18718701433258 76.08695652173914 1 22
17 0 11.776895182179244 14.751552795031056 10 124
18 0 53.08236919357624 52.95031055900621 2 44
19 0 24.48627180107063 25.15527950310559 4 70
20 0 18.90865135555172 19.40993788819876 5 77
21 0 18.75323778276636 22.82608695652174 6 76
22 0 16.059402521153515 18.16770186335404 7 100
23 0 12.191331376273528 15.372670807453417 9 119
24 0 76.18718701433258 76.08695652173914 1 22
25 0 11.776895182179244 14.751552795031056 10 124
26 0 53.13417371783803 52.95031055900621 2 44
27 0 24.48627180107063 25.15527950310559 4 70
28 0 18.90865135555172 19.40993788819876 5 77
29 0 18.75323778276636 22.67080745341615 6 77
30 0 16.059402521153515 18.16770186335404 7 100
31 0 12.156795026765671 15.372670807453417 9 120
32 0 76.18718701433258 76.08695652173914 1 22
33 0 11.776895182179244 14.751552795031056 10 124
34 0 53.151441892591954 52.95031055900621 2 44
35 0 24.48627180107063 25.15527950310559 4 70
36 0 18.90865135555172 19.40993788819876 5 77
37 0 16.24935244344673 18.012422360248447 7 100
38 0 12.156795026765671 15.372670807453417 9 120
39 0 76.18718701433258 76.08695652173914 1 22
40 0 11.776895182179244 14.751552795031056 10 124
41 0 53.08236919357624 52.95031055900621 2 44
42 0 24.48627180107063 25.15527950310559 4 70
43 0 18.90865135555172 19.40993788819876 5 77
44 0 16.059402521153515 18.16770186335404 7 100
45 0 12.312208599551028 15.372670807453417 9 118
46 0 76.20445518908652 76.08695652173914 1 7
47 0 11.776895182179244 14.751552795031056 10 124
48 0 53.03056466931445 52.95031055900621 2 45
49 0 24.48627180107063 25.15527950310559 4 70
50 0 18.90865135555172 19.40993788819876 5 77
51 0 16.24935244344673 18.012422360248447 7 100
52 0 12.156795026765671 15.372670807453417 9 120
53 0 76.18718701433258 76.08695652173914 1 7
54 0 11.776895182179244 14.751552795031056 10 124
55 0 53.28958729062339 53.2608695652174 2 44
56 0 24.48627180107063 25.15527950310559 4 70
57 0 18.90865135555172 19.40993788819876 5 77
58 0 76.18718701433258 76.08695652173914 1 7
59 0 11.776895182179244 14.751552795031056 10 124
60 0 76.18718701433258 76.08695652173914 1 5
61 0 11.776895182179244 14.751552795031056 10 124
62 0 52.84061474702124 52.95031055900621 2 48
63 0 52.84061474702124 52.95031055900621 2 48
64 0 33.36211362458988 33.54037267080746 3 66
65 0 33.3103091003281 33.38509316770186 3 65
66 0 23.950958383698843 24.53416149068323 4 72
67 0 24.00276290796063 24.53416149068323 4 71
68 0 21.257123122085996 22.36024844720497 5 85
69 0 16.1112070454153 18.16770186335404 7 100
70 0 13.227421861509239 16.149068322981368 8 114
71 0 21.257123122085996 22.36024844720497 5 86
72 0 16.059402521153515 17.236024844720497 6 90
73 0 13.192885512001382 16.149068322981368 8 114
74 0 12.139526852011743 15.217391304347828 9 119
75 0 16.059402521153515 17.236024844720497 6 90
76 0 16.1112070454153 18.16770186335404 7 100
77 0 12.139526852011743 15.217391304347828 9 119
78 0 76.18718701433258 76.08695652173914 1 5
79 0 11.776895182179244 14.751552795031056 10 124
80 0 53.06510101882231 52.95031055900621 2 43
81 0 33.36211362458988 33.54037267080746 3 66
82 0 24.071835606976343 24.53416149068323 4 71
83 0 21.257123122085996 22.36024844720497 5 85
84 0 13.227421861509239 16.149068322981368 8 114
85 0 16.059402521153515 17.236024844720497 6 90
86 0 16.1112070454153 18.16770186335404 7 100
87 0 12.139526852011743 15.217391304347828 9 119
88 0 76.18718701433258 76.08695652173914 1 5
89 0 11.776895182179244 14.751552795031056 10 124
90 0 52.96149197029874 53.105590062111794 2 46
91 0 33.3103091003281 33.38509316770186 3 65
92 0 24.037299257468487 24.53416149068323 4 71
93 0 21.257123122085996 22.36024844720497 5 85
94 0 13.192885512001382 16.149068322981368 8 114
95 0 16.059402521153515 17.236024844720497 6 90
96 0 16.1112070454153 18.16770186335404 7 100
97 0 12.139526852011743 15.217391304347828 9 119
98 0 76.18718701433258 76.08695652173914 1 24
99 0 11.776895182179244 14.751552795031056 10 124
100 0 52.84061474702124 52.95031055900621 2 48
101 0 33.3103091003281 33.38509316770186 3 65
102 0 24.00276290796063 24.53416149068323 4 71
103 0 21.257123122085996 22.36024844720497 5 86
104 0 13.192885512001382 16.149068322981368 8 114
105 0 16.059402521153515 17.236024844720497 6 90
106 0 12.139526852011743 15.217391304347828 9 119
107 0 76.18718701433258 76.08695652173914 1 25
108 0 11.776895182179244 14.751552795031056 10 124
109 0 52.84061474702124 52.95031055900621 2 48
110 0 24.00276290796063 24.53416149068323 4 71
111 0 21.257123122085996 22.36024844720497 5 85
112 0 13.192885512001382 16.149068322981368 8 114
113 0 16.059402521153515 17.236024844720497 6 90
114 0 12.139526852011743 15.217391304347828 9 119
115 0 76.22172336384044 76.24223602484473 1 24
116 0 11.776895182179244 14.751552795031056 10 124
117 0 52.84061474702124 52.95031055900621 2 48
118 0 24.00276290796063 24.53416149068323 4 71
119 0 21.257123122085996 22.36024844720497 5 85
120 0 76.18718701433258 76.08695652173914 1 4
121 0 11.776895182179244 14.751552795031056 10 124
122 0 24.503539975824555 25.310559006211182 4 75
123 0 52.96149197029874 53.105590062111794 2 46
124 0 52.96149197029874 53.105590062111794 2 46
125 0 33.25850457606631 33.54037267080746 3 66
126 0 18.459678811949576 19.40993788819876 5 76
127 0 33.3103091003281 33.54037267080746 3 67
128 0 16.042134346399585 16.925465838509314 6 91
129 0 15.195993783457087 15.993788819875776 7 97
130 0 13.192885512001382 16.149068322981368 8 114
131 0 16.042134346399585 16.925465838509314 6 91
132 0 15.195993783457087 15.993788819875776 7 97
133 0 13.192885512001382 16.149068322981368 8 114
134 0 12.139526852011743 15.217391304347828 9 119
135 0 12.139526852011743 15.217391304347828 9 119
136 0 76.27352788810224 76.24223602484473 1 23
137 0 11.776895182179244 14.751552795031056 10 124
138 0 52.96149197029874 53.105590062111794 2 46
139 0 33.25850457606631 33.54037267080746 3 66
140 0 16.042134346399585 16.925465838509314 6 91
141 0 15.195993783457087 15.993788819875776 7 97
142 0 13.192885512001382 16.149068322981368 8 114
143 0 12.139526852011743 15.217391304347828 9 119
144 0 76.23899153859438 76.08695652173914 1 23
145 0 11.776895182179244 14.751552795031056 10 124
146 0 52.96149197029874 53.105590062111794 2 46
147 0 33.25850457606631 33.54037267080746 3 66
148 0 16.042134346399585 16.925465838509314 6 91
149 0 15.195993783457087 15.993788819875776 7 97
150 0 13.192885512001382 16.149068322981368 8 114
151 0 12.139526852011743 15.217391304347828 9 119
152 0 76.18718701433258 76.08695652173914 1 24
153 0 11.776895182179244 14.751552795031056 10 124
154 0 33.79381799343809 34.161490683229815 3 69
155 0 15.195993783457087 15.993788819875776 7 97
156 0 13.192885512001382 16.149068322981368 8 114
157 0 12.139526852011743 15.217391304347828 9 119
158 0 76.23899153859438 76.08695652173914 1 23
159 0 11.776895182179244 14.751552795031056 10 124
160 0 33.25850457606631 33.54037267080746 3 66
161 0 15.195993783457087 15.993788819875776 7 97
162 0 13.192885512001382 16.149068322981368 8 114
163 0 12.139526852011743 15.217391304347828 9 119
164 0 76.27352788810224 76.24223602484473 1 23
165 0 11.776895182179244 14.751552795031056 10 124
166 0 15.195993783457087 15.993788819875776 7 97
167 0 13.192885512001382 16.149068322981368 8 114
168 0 12.139526852011743 15.217391304347828 9 119
169 0 76.18718701433258 76.08695652173914 1 4
170 0 11.776895182179244 14.751552795031056 10 124
171 0 15.195993783457087 15.993788819875776 7 97
172 0 13.192885512001382 16.149068322981368 8 114
173 0 12.139526852011743 15.217391304347828 9 119
174 0 76.18718701433258 76.08695652173914 1 22
175 0 11.776895182179244 14.751552795031056 10 124
176 0 15.195993783457087 15.993788819875776 7 97
177 0 13.192885512001382 16.149068322981368 8 114
178 0 12.139526852011743 15.217391304347828 9 119
179 0 76.18718701433258 76.08695652173914 1 24
180 0 76.18718701433258 76.24223602484473 1 15
181 0 11.776895182179244 14.751552795031056 10 124
182 0 52.909687446036955 52.79503105590062 2 43
183 0 52.926955620790885 52.79503105590062 2 43
184 0 33.10309100328095 33.69565217391305 3 64
185 0 33.17216370229667 33.54037267080746 3 66
186 0 23.9854947332067 24.53416149068323 4 72
187 0 17.078224831635296 17.70186335403727 6 88
188 0 15.368675530996374 19.25465838509317 7 90
189 0 23.9854947332067 24.53416149068323 4 72
190 0 21.257123122085996 22.36024844720497 5 85
191 0 15.368675530996374 19.25465838509317 7 90
192 0 13.192885512001382 16.149068322981368 8 114
193 0 21.257123122085996 22.36024844720497 5 85
194 0 17.354515627698152 17.546583850931675 6 98
195 0 13.192885512001382 16.149068322981368 8 114
196 0 12.139526852011743 15.217391304347828 9 119
197 0 12.139526852011743 15.217391304347828 9 119
198 0 76.18718701433258 76.08695652173914 1 21
199 0 11.776895182179244 14.751552795031056 10 124
200 0 52.909687446036955 52.79503105590062 2 43
201 0 33.10309100328095 33.69565217391305 3 64
202 0 21.257123122085996 22.36024844720497 5 85
203 0 17.078224831635296 17.70186335403727 6 88
204 0 13.192885512001382 16.149068322981368 8 114
205 0 12.139526852011743 15.217391304347828 9 119
206 0 76.18718701433258 76.08695652173914 1 21
207 0 11.776895182179244 14.751552795031056 10 124
208 0 52.926955620790885 52.79503105590062 2 43
209 0 33.154895527542735 33.38509316770186 3 65
210 0 21.257123122085996 22.36024844720497 5 85
211 0 17.078224831635296 17.70186335403727 6 88
212 0 13.192885512001382 16.149068322981368 8 114
213 0 12.139526852011743 15.217391304347828 9 119
214 0 76.18718701433258 76.24223602484473 1 15
215 0 11.776895182179244 14.751552795031056 10 124
216 0 52.926955620790885 52.79503105590062 2 43
217 0 33.17216370229667 33.54037267080746 3 66
218 0 17.078224831635296 17.70186335403727 6 88
219 0 12.139526852011743 15.217391304347828 9 119
220 0 76.18718701433258 76.08695652173914 1 23
221 0 11.776895182179244 14.751552795031056 10 124
222 0 52.926955620790885 52.79503105590062 2 43
223 0 33.10309100328095 33.69565217391305 3 64
224 0 17.354515627698152 17.546583850931675 6 98
225 0 12.139526852011743 15.217391304347828 9 119
226 0 76.18718701433258 76.24223602484473 1 15
227 0 11.776895182179244 14.751552795031056 10 124
228 0 52.909687446036955 52.79503105590062 2 43
229 0 33.10309100328095 33.69565217391305 3 64
230 0 17.078224831635296 17.70186335403727 6 88
231 0 12.139526852011743 15.217391304347828 9 119
232 0 76.18718701433258 76.08695652173914 1 21
233 0 11.776895182179244 14.751552795031056 10 124
234 0 52.909687446036955 52.79503105590062 2 43
235 0 33.154895527542735 33.38509316770186 3 65
236 0 17.078224831635296 17.70186335403727 6 88
237 0 76.18718701433258 76.08695652173914 1 23
238 0 11.776895182179244 14.751552795031056 10 124
239 0 52.909687446036955 52.79503105590062 2 43
240 0 76.18718701433258 76.08695652173914 1 4
241 0 14.677948540839234 18.32298136645963 12 155
242 0 52.9960283198066 53.2608695652174 2 43
243 0 33.724745294422384 34.006211180124225 3 65
244 0 33.724745294422384 34.006211180124225 3 65
245 0 24.952512519426698 24.22360248447205 4 87
246 0 25.26333966499741 24.37888198757764 4 86
247 0 22.569504403384563 27.018633540372672 5 67
248 0 14.608875841823519 17.857142857142858 10 128
249 0 22.569504403384563 27.018633540372672 5 67
250 0 18.805042307028145 23.75776397515528 6 81
251 0 18.805042307028145 23.75776397515528 6 81
252 0 16.629252288033154 19.875776397515526 7 103
253 0 15.575893628043517 18.633540372670808 8 111
254 0 14.643412191331375 18.012422360248447 9 113
255 0 16.629252288033154 19.875776397515526 7 103
256 0 14.643412191331375 18.012422360248447 9 113
257 0 15.575893628043517 18.633540372670808 8 111
258 0 14.608875841823519 17.857142857142858 10 128
259 0 76.18718701433258 76.08695652173914 1 6
260 0 14.677948540839234 18.32298136645963 12 155
261 0 33.724745294422384 34.006211180124225 3 65
262 0 25.26333966499741 24.37888198757764 4 86
263 0 22.586772578138493 27.32919254658385 5 67
264 0 18.805042307028145 23.75776397515528 6 81
265 0 16.629252288033154 19.875776397515526 7 103
266 0 14.643412191331375 18.012422360248447 9 113
267 0 15.575893628043517 18.633540372670808 8 111
268 0 14.643412191331375 18.012422360248447 10 132
269 0 76.70523225695044 76.70807453416148 1 20
270 0 14.72975306510102 18.32298136645963 12 171
271 0 33.724745294422384 34.006211180124225 3 65
272 0 22.604040752892416 27.32919254658385 5 68
273 0 18.805042307028145 23.75776397515528 6 81
274 0 14.643412191331375 18.012422360248447 9 113
275 0 14.643412191331375 18.012422360248447 10 132
276 0 76.18718701433258 76.08695652173914 1 20
277 0 14.72975306510102 18.32298136645963 12 171
278 0 22.586772578138493 26.86335403726708 5 66
279 0 18.805042307028145 23.75776397515528 6 81
280 0 14.643412191331375 18.012422360248447 9 113
281 0 14.643412191331375 18.012422360248447 10 137
282 0 76.70523225695044 76.70807453416148 1 20
283 0 22.586772578138493 26.86335403726708 5 66
284 0 18.805042307028145 23.75776397515528 6 81
285 0 15.023312035917805 18.16770186335404 9 115
286 0 14.643412191331375 18.012422360248447 10 132
287 0 76.18718701433258 76.08695652173914 1 22
288 0 18.805042307028145 23.75776397515528 6 81
289 0 14.643412191331375 18.012422360248447 10 132
290 0 76.18718701433258 76.08695652173914 1 21
291 0 18.805042307028145 23.75776397515528 6 81
292 0 14.643412191331375 18.012422360248447 10 132
293 0 76.18718701433258 76.08695652173914 1 4
294 0 18.805042307028145 23.75776397515528 6 81
295 0 14.643412191331375 18.012422360248447 10 132
296 0 76.18718701433258 76.08695652173914 1 22
297 0 18.805042307028145 23.75776397515528 6 81
298 0 14.643412191331375 18.012422360248447 10 132
299 0 76.18718701433258 76.08695652173914 1 20
