0 0 76.18718701433258 76.08695652173914 1 3
1 0 13.762735278881022 16.459627329192546 9 111
2 0 53.047832844068374 53.2608695652174 2 29
3 0 33.55206354688309 32.91925465838509 3 49
4 0 13.88361250215852 16.77018633540373 7 81
5 0 23.51925401485063 22.981366459627328 4 57
6 0 23.51925401485063 22.981366459627328 4 57
7 0 18.027974443101364 17.857142857142858 5 64
8 0 18.027974443101364 17.857142857142858 5 64
9 0 16.45657054049387 17.857142857142858 6 75
10 0 16.45657054049387 17.857142857142858 6 75
11 0 76.18718701433258 76.08695652173914 1 4
12 0 14.574339492315664 17.236024844720497 9 103
13 0 23.51925401485063 22.981366459627328 4 57
14 0 18.027974443101364 17.857142857142858 5 64
15 0 16.45657054049387 17.857142857142858 6 75
16 0 76.18718701433258 76.08695652173914 1 3
17 0 13.762735278881022 16.459627329192546 9 111
18 0 23.51925401485063 22.981366459627328 4 57
19 0 18.027974443101364 17.857142857142858 5 64
20 0 76.39440511137973 76.08695652173914 1 5
21 0 13.762735278881022 16.459627329192546 9 111
22 0 23.51925401485063 22.981366459627328 4 57
23 0 18.027974443101364 17.857142857142858 5 64
24 0 76.18718701433258 76.08695652173914 1 4
25 0 23.51925401485063 22.981366459627328 4 57
26 0 76.18718701433258 76.08695652173914 1 4
27 0 23.51925401485063 22.981366459627328 4 57
28 0 76.18718701433258 76.08695652173914 1 5
29 0 23.51925401485063 22.981366459627328 4 57
30 0 76.18718701433258 76.08695652173914 1 8
31 0 23.51925401485063 22.981366459627328 4 57
32 0 76.18718701433258 76.08695652173914 1 4
33 0 23.51925401485063 22.981366459627328 4 57
34 0 76.18718701433258 76.08695652173914 1 4
35 0 76.18718701433258 76.08695652173914 1 3
36 0 76.18718701433258 76.08695652173914 1 4
37 0 76.18718701433258 76.08695652173914 1 4
38 0 76.18718701433258 76.08695652173914 1 6
39 0 76.18718701433258 76.08695652173914 1 4
40 0 76.18718701433258 76.08695652173914 1 4
41 0 76.18718701433258 76.08695652173914 1 4
42 0 76.18718701433258 76.08695652173914 1 3
43 0 76.18718701433258 76.08695652173914 1 7
44 0 76.20445518908652 76.08695652173914 1 6
45 0 13.849076152650666 15.838509316770185 12 148
46 0 56.743222241409086 56.2111801242236 2 35
47 0 33.91469521671559 34.006211180124225 3 49
48 0 13.797271628388879 16.459627329192546 8 97
49 0 23.571058539112418 23.136645962732917 4 55
50 0 17.285442928682436 17.857142857142858 6 76
51 0 23.605594888620274 23.136645962732917 5 69
52 0 14.315316871006733 16.925465838509314 7 75
53 0 13.659126230357451 16.304347826086957 8 98
54 0 14.159903298221376 16.77018633540373 8 97
55 0 14.159903298221376 16.77018633540373 8 97
56 0 13.659126230357451 16.304347826086957 8 98
57 0 13.797271628388879 16.459627329192546 8 97
58 0 13.659126230357451 16.304347826086957 8 98
59 0 13.659126230357451 16.304347826086957 8 98
60 0 76.18718701433258 76.08695652173914 1 7
61 0 14.056294249697807 15.993788819875776 8 100
62 0 33.724745294422384 33.38509316770186 3 53
63 0 53.06510101882231 52.95031055900621 2 31
64 0 53.20324641685373 53.41614906832298 2 32
65 0 23.96822655845277 23.60248447204969 4 61
66 0 23.96822655845277 23.60248447204969 4 61
67 0 18.459678811949576 19.565217391304348 5 66
68 0 18.459678811949576 19.565217391304348 5 66
69 0 16.1112070454153 17.857142857142858 6 74
70 0 16.1112070454153 17.857142857142858 6 74
71 0 13.797271628388879 15.838509316770185 7 86
72 0 13.797271628388879 15.838509316770185 7 86
73 0 76.18718701433258 76.08695652173914 1 8
74 0 53.06510101882231 52.95031055900621 2 32
75 0 23.96822655845277 23.60248447204969 4 61
76 0 18.459678811949576 19.565217391304348 5 66
77 0 16.1112070454153 17.857142857142858 6 74
78 0 13.797271628388879 15.838509316770185 7 86
79 0 76.18718701433258 76.08695652173914 1 8
80 0 53.13417371783803 53.105590062111794 2 32
81 0 23.96822655845277 23.60248447204969 4 61
82 0 18.459678811949576 19.565217391304348 5 66
83 0 16.1112070454153 17.857142857142858 6 74
84 0 13.797271628388879 15.838509316770185 7 86
85 0 76.18718701433258 76.08695652173914 1 8
86 0 53.20324641685373 53.41614906832298 2 32
87 0 23.96822655845277 23.60248447204969 4 61
88 0 18.459678811949576 19.565217391304348 5 66
89 0 16.1112070454153 17.857142857142858 6 74
90 0 13.797271628388879 15.838509316770185 7 86
91 0 76.18718701433258 76.08695652173914 1 7
92 0 53.06510101882231 52.95031055900621 2 31
93 0 23.96822655845277 23.60248447204969 4 61
94 0 18.459678811949576 19.565217391304348 5 66
95 0 16.1112070454153 17.857142857142858 6 74
96 0 13.797271628388879 15.838509316770185 7 86
97 0 76.18718701433258 76.08695652173914 1 8
98 0 53.13417371783803 53.41614906832298 2 32
99 0 23.96822655845277 23.60248447204969 4 61
100 0 18.459678811949576 19.565217391304348 5 66
101 0 16.1112070454153 17.857142857142858 6 74
102 0 13.797271628388879 15.838509316770185 7 86
103 0 76.18718701433258 76.08695652173914 1 8
104 0 53.06510101882231 52.95031055900621 2 32
105 0 18.459678811949576 19.565217391304348 5 66
106 0 16.1112070454153 17.857142857142858 6 74
107 0 13.797271628388879 15.838509316770185 7 86
108 0 76.18718701433258 76.08695652173914 1 7
109 0 53.06510101882231 52.95031055900621 2 31
110 0 18.459678811949576 19.565217391304348 5 66
111 0 16.1112070454153 17.857142857142858 6 74
112 0 13.797271628388879 15.838509316770185 7 86
113 0 76.18718701433258 76.08695652173914 1 7
114 0 53.13417371783803 52.95031055900621 2 31
115 0 18.459678811949576 19.565217391304348 5 66
116 0 16.1112070454153 17.857142857142858 6 74
117 0 13.797271628388879 15.838509316770185 7 86
118 0 76.18718701433258 76.08695652173914 1 7
119 0 53.20324641685373 53.41614906832298 2 32
120 0 76.18718701433258 76.08695652173914 1 4
121 0 13.659126230357451 16.77018633540373 8 90
122 0 53.08236919357624 53.41614906832298 2 28
123 0 53.08236919357624 53.41614906832298 2 28
124 0 33.37938179934381 33.38509316770186 3 47
125 0 33.37938179934381 33.38509316770186 3 47
126 0 23.08754964600242 23.29192546583851 4 55
127 0 23.08754964600242 23.29192546583851 4 55
128 0 18.511483336211363 19.25465838509317 5 63
129 0 18.511483336211363 19.25465838509317 5 63
130 0 15.8694525988603 17.857142857142858 6 71
131 0 15.8694525988603 17.857142857142858 6 71
132 0 13.745467104127092 16.459627329192546 7 83
133 0 13.745467104127092 16.459627329192546 7 83
134 0 76.18718701433258 76.08695652173914 1 4
135 0 13.659126230357451 16.77018633540373 8 90
136 0 53.08236919357624 53.41614906832298 2 28
137 0 33.37938179934381 33.38509316770186 3 47
138 0 23.08754964600242 23.29192546583851 4 55
139 0 18.511483336211363 19.25465838509317 5 63
140 0 15.8694525988603 17.857142857142858 6 71
141 0 13.745467104127092 16.459627329192546 7 83
142 0 76.18718701433258 76.08695652173914 1 7
143 0 53.08236919357624 53.41614906832298 2 28
144 0 33.37938179934381 33.38509316770186 3 47
145 0 23.08754964600242 23.29192546583851 4 55
146 0 18.511483336211363 19.25465838509317 5 63
147 0 15.8694525988603 17.857142857142858 6 71
148 0 13.745467104127092 16.459627329192546 7 83
149 0 76.18718701433258 76.08695652173914 1 6
150 0 53.08236919357624 53.41614906832298 2 28
151 0 33.37938179934381 33.38509316770186 3 47
152 0 23.08754964600242 23.29192546583851 4 55
153 0 18.511483336211363 19.25465838509317 5 63
154 0 15.8694525988603 17.857142857142858 6 71
155 0 13.745467104127092 16.459627329192546 7 83
156 0 76.22172336384044 76.08695652173914 1 7
157 0 53.08236919357624 53.41614906832298 2 28
158 0 33.37938179934381 33.38509316770186 3 47
159 0 23.08754964600242 23.29192546583851 4 55
160 0 18.511483336211363 19.25465838509317 5 63
161 0 15.8694525988603 17.857142857142858 6 71
162 0 13.745467104127092 16.459627329192546 7 83
163 0 76.18718701433258 76.08695652173914 1 6
164 0 53.08236919357624 53.41614906832298 2 28
165 0 33.37938179934381 33.38509316770186 3 47
166 0 23.08754964600242 23.29192546583851 4 55
167 0 18.511483336211363 19.25465838509317 5 63
168 0 15.8694525988603 17.857142857142858 6 71
169 0 13.745467104127092 16.459627329192546 7 83
170 0 76.18718701433258 76.08695652173914 1 6
171 0 53.08236919357624 53.41614906832298 2 28
172 0 33.37938179934381 33.38509316770186 3 47
173 0 23.08754964600242 23.29192546583851 4 55
174 0 18.511483336211363 19.25465838509317 5 63
175 0 15.8694525988603 17.857142857142858 6 71
176 0 13.745467104127092 16.459627329192546 7 83
177 0 76.18718701433258 76.08695652173914 1 6
178 0 53.08236919357624 53.41614906832298 2 28
179 0 33.37938179934381 33.38509316770186 3 47
180 0 76.18718701433258 76.08695652173914 1 9
181 0 14.00448972543602 17.236024844720497 8 95
182 0 53.116905543084094 53.2608695652174 2 28
183 0 53.099637368330164 53.2608695652174 2 29
184 0 33.51752719737524 33.54037267080746 3 49
185 0 33.51752719737524 33.69565217391305 3 48
186 0 23.07028147124849 23.4472049689441 4 56
187 0 23.07028147124849 23.4472049689441 4 56
188 0 17.371783802452082 18.633540372670808 5 63
189 0 17.371783802452082 18.633540372670808 5 63
190 0 15.541357278535658 17.391304347826086 6 71
191 0 13.555517181833881 16.304347826086957 7 83
192 0 15.437748230012089 17.546583850931675 6 71
193 0 13.538249007079953 16.304347826086957 7 83
194 0 76.18718701433258 76.08695652173914 1 10
195 0 14.00448972543602 17.236024844720497 8 95
196 0 53.30685546537731 53.2608695652174 2 28
197 0 33.37938179934381 33.54037267080746 3 48
198 0 23.156622345018132 23.4472049689441 4 56
199 0 17.371783802452082 18.633540372670808 5 63
200 0 15.575893628043517 17.391304347826086 6 72
201 0 16.059402521153515 18.478260869565215 7 82
202 0 76.325332412364 76.3975155279503 1 14
203 0 53.168710067345884 53.2608695652174 2 29
204 0 33.37938179934381 33.54037267080746 3 48
205 0 23.225695044033845 23.60248447204969 4 56
206 0 18.148851666378864 19.099378881987576 5 64
207 0 15.437748230012089 17.546583850931675 6 71
208 0 15.455016404766017 17.391304347826086 7 85
209 0 76.18718701433258 76.08695652173914 1 10
210 0 53.06510101882231 52.95031055900621 2 34
211 0 33.37938179934381 33.54037267080746 3 48
212 0 23.156622345018132 23.4472049689441 4 56
213 0 17.371783802452082 18.633540372670808 5 63
214 0 15.541357278535658 17.391304347826086 6 71
215 0 15.455016404766017 17.391304347826086 7 85
216 0 76.18718701433258 76.08695652173914 1 11
217 0 53.03056466931445 52.95031055900621 2 33
218 0 33.51752719737524 33.54037267080746 3 49
219 0 23.07028147124849 23.4472049689441 4 56
220 0 17.371783802452082 18.633540372670808 5 63
221 0 15.437748230012089 17.546583850931675 6 71
222 0 13.69366257986531 16.304347826086957 7 83
223 0 76.18718701433258 76.08695652173914 1 11
224 0 53.37592816439303 53.2608695652174 2 27
225 0 33.51752719737524 33.54037267080746 3 49
226 0 23.225695044033845 23.60248447204969 4 56
227 0 17.371783802452082 18.633540372670808 5 63
228 0 15.437748230012089 17.546583850931675 6 71
229 0 13.538249007079953 16.304347826086957 7 83
230 0 76.18718701433258 76.08695652173914 1 10
231 0 53.099637368330164 53.2608695652174 2 29
232 0 33.51752719737524 33.54037267080746 3 49
233 0 23.225695044033845 23.60248447204969 4 56
234 0 18.148851666378864 19.099378881987576 5 64
235 0 15.437748230012089 17.546583850931675 6 71
236 0 13.538249007079953 16.304347826086957 7 83
237 0 76.325332412364 76.3975155279503 1 15
238 0 53.06510101882231 52.95031055900621 2 34
239 0 33.51752719737524 33.69565217391305 3 48
240 0 76.18718701433258 76.08695652173914 1 14
241 0 13.572785356587808 16.304347826086957 17 206
242 0 52.96149197029874 52.95031055900621 2 32
243 0 13.624589880849594 15.838509316770185 11 134
244 0 13.244690036263169 16.149068322981368 15 190
245 0 52.978760145052675 52.95031055900621 2 31
246 0 33.50025902262131 33.54037267080746 3 53
247 0 18.701433258504576 20.031055900621116 5 64
248 0 33.50025902262131 33.54037267080746 3 53
249 0 23.139354170264205 22.981366459627328 4 63
250 0 13.90088067691245 15.838509316770185 9 110
251 0 16.076670695907442 16.77018633540373 6 72
252 0 16.076670695907442 16.77018633540373 6 72
253 0 13.624589880849594 16.304347826086957 7 83
254 0 23.139354170264205 22.981366459627328 4 63
255 0 13.469176308064238 16.459627329192546 8 103
256 0 13.624589880849594 16.304347826086957 7 83
257 0 13.641858055603523 16.304347826086957 8 103
258 0 76.18718701433258 76.08695652173914 1 14
259 0 13.572785356587808 16.304347826086957 17 206
260 0 52.96149197029874 52.95031055900621 2 32
261 0 33.50025902262131 33.54037267080746 3 53
262 0 16.266620618200655 17.546583850931675 6 72
263 0 23.139354170264205 22.981366459627328 4 63
264 0 13.624589880849594 16.304347826086957 7 83
265 0 13.469176308064238 16.459627329192546 8 103
266 0 76.18718701433258 76.08695652173914 1 14
267 0 52.978760145052675 52.95031055900621 2 31
268 0 33.50025902262131 33.54037267080746 3 53
269 0 16.076670695907442 16.77018633540373 6 72
270 0 23.139354170264205 22.981366459627328 4 63
271 0 13.624589880849594 16.304347826086957 7 83
272 0 13.469176308064238 16.459627329192546 8 103
273 0 76.18718701433258 76.08695652173914 1 14
274 0 52.96149197029874 52.95031055900621 2 32
275 0 33.50025902262131 33.54037267080746 3 53
276 0 16.076670695907442 16.77018633540373 6 72
277 0 23.139354170264205 22.981366459627328 4 63
278 0 13.624589880849594 16.304347826086957 7 83
279 0 13.469176308064238 16.459627329192546 8 103
280 0 76.18718701433258 76.08695652173914 1 14
281 0 52.96149197029874 52.95031055900621 2 32
282 0 33.50025902262131 33.54037267080746 3 53
283 0 16.266620618200655 17.546583850931675 6 72
284 0 23.139354170264205 22.981366459627328 4 63
285 0 13.624589880849594 16.304347826086957 7 83
286 0 13.572785356587808 16.304347826086957 8 94
287 0 76.18718701433258 76.08695652173914 1 14
288 0 52.96149197029874 52.95031055900621 2 32
289 0 33.50025902262131 33.54037267080746 3 53
290 0 16.266620618200655 17.546583850931675 6 72
291 0 23.139354170264205 22.981366459627328 4 63
292 0 13.624589880849594 16.304347826086957 7 83
293 0 13.469176308064238 16.459627329192546 8 103
294 0 76.18718701433258 76.08695652173914 1 14
295 0 52.96149197029874 52.95031055900621 2 32
296 0 33.50025902262131 33.54037267080746 3 53
297 0 23.139354170264205 22.981366459627328 4 63
298 0 13.624589880849594 16.304347826086957 7 83
299 0 13.469176308064238 16.459627329192546 8 103
