0 0 76.18718701433258 76.08695652173914 1 7
1 0 12.191331376273528 12.732919254658384 9 88
2 0 52.96149197029874 53.2608695652174 2 26
3 0 52.96149197029874 52.95031055900621 2 26
4 0 33.53479537212917 33.07453416149068 3 38
5 0 33.62113624589881 33.22981366459628 3 38
6 0 23.795544810913487 22.82608695652174 4 44
7 0 23.88188568468313 22.981366459627328 4 44
8 0 16.09393887066137 15.372670807453417 5 44
9 0 16.09393887066137 15.372670807453417 5 44
10 0 13.21015368675531 13.198757763975156 6 57
11 0 13.21015368675531 13.198757763975156 6 57
12 0 12.536694871352097 12.888198757763975 7 62
13 0 12.536694871352097 12.888198757763975 7 62
14 0 12.225867725781384 12.732919254658384 8 73
15 0 12.225867725781384 12.732919254658384 8 73
16 0 76.18718701433258 76.08695652173914 1 15
17 0 12.191331376273528 12.732919254658384 9 88
18 0 52.96149197029874 53.2608695652174 2 26
19 0 33.53479537212917 33.07453416149068 3 38
20 0 23.88188568468313 22.981366459627328 4 44
21 0 16.09393887066137 15.372670807453417 5 44
22 0 13.21015368675531 13.198757763975156 6 57
23 0 12.536694871352097 12.888198757763975 7 62
24 0 12.225867725781384 12.732919254658384 8 73
25 0 76.18718701433258 76.08695652173914 1 14
26 0 52.96149197029874 52.95031055900621 2 26
27 0 33.53479537212917 33.07453416149068 3 38
28 0 23.795544810913487 22.82608695652174 4 44
29 0 16.09393887066137 15.372670807453417 5 44
30 0 13.21015368675531 13.198757763975156 6 57
31 0 12.536694871352097 12.888198757763975 7 62
32 0 12.225867725781384 12.732919254658384 8 73
33 0 76.18718701433258 76.08695652173914 1 9
34 0 53.047832844068374 53.2608695652174 2 27
35 0 33.53479537212917 33.07453416149068 3 38
36 0 23.795544810913487 22.82608695652174 4 44
37 0 16.09393887066137 15.372670807453417 5 44
38 0 13.21015368675531 13.198757763975156 6 57
39 0 12.536694871352097 12.888198757763975 7 62
40 0 12.225867725781384 12.732919254658384 8 73
41 0 76.18718701433258 76.08695652173914 1 14
42 0 52.96149197029874 53.2608695652174 2 26
43 0 33.53479537212917 33.07453416149068 3 38
44 0 23.795544810913487 22.82608695652174 4 44
45 0 16.09393887066137 15.372670807453417 5 44
46 0 13.21015368675531 13.198757763975156 6 57
47 0 12.536694871352097 12.888198757763975 7 62
48 0 12.225867725781384 12.732919254658384 8 73
49 0 76.20445518908652 76.08695652173914 1 10
50 0 52.96149197029874 53.2608695652174 2 26
51 0 33.53479537212917 33.07453416149068 3 38
52 0 23.795544810913487 22.82608695652174 4 44
53 0 16.09393887066137 15.372670807453417 5 44
54 0 13.21015368675531 13.198757763975156 6 57
55 0 12.536694871352097 12.888198757763975 7 62
56 0 12.225867725781384 12.732919254658384 8 73
57 0 76.18718701433258 76.08695652173914 1 14
58 0 52.96149197029874 53.2608695652174 2 26
59 0 33.62113624589881 33.22981366459628 3 38
60 0 76.18718701433258 76.08695652173914 1 7
61 0 12.225867725781384 12.732919254658384 8 73
62 0 33.53479537212917 33.22981366459628 3 34
63 0 52.96149197029874 53.105590062111794 2 22
64 0 52.96149197029874 53.105590062111794 2 22
65 0 23.8646175099292 22.82608695652174 4 41
66 0 23.8646175099292 22.82608695652174 4 41
67 0 15.97306164738387 15.683229813664596 5 43
68 0 15.97306164738387 15.683229813664596 5 43
69 0 13.21015368675531 13.198757763975156 6 57
70 0 13.21015368675531 13.198757763975156 6 57
71 0 12.76118114315317 13.509316770186336 7 63
72 0 12.502158521844242 12.888198757763975 7 61
73 0 76.18718701433258 76.08695652173914 1 14
74 0 12.225867725781384 12.732919254658384 8 73
75 0 52.96149197029874 53.105590062111794 2 22
76 0 23.8646175099292 22.82608695652174 4 41
77 0 15.97306164738387 15.683229813664596 5 43
78 0 13.21015368675531 13.198757763975156 6 57
79 0 12.502158521844242 12.888198757763975 7 61
80 0 76.18718701433258 76.08695652173914 1 11
81 0 12.225867725781384 12.732919254658384 8 73
82 0 52.96149197029874 53.105590062111794 2 22
83 0 23.8646175099292 22.82608695652174 4 41
84 0 15.97306164738387 15.683229813664596 5 43
85 0 13.21015368675531 13.198757763975156 6 57
86 0 12.778449317907098 13.509316770186336 7 63
87 0 76.18718701433258 76.08695652173914 1 11
88 0 12.225867725781384 12.732919254658384 8 73
89 0 52.96149197029874 53.105590062111794 2 22
90 0 23.8646175099292 22.82608695652174 4 41
91 0 15.97306164738387 15.683229813664596 5 43
92 0 13.21015368675531 13.198757763975156 6 57
93 0 12.502158521844242 12.888198757763975 7 61
94 0 76.18718701433258 76.08695652173914 1 8
95 0 12.225867725781384 12.732919254658384 8 73
96 0 52.96149197029874 53.105590062111794 2 22
97 0 23.8646175099292 22.82608695652174 4 41
98 0 15.97306164738387 15.683229813664596 5 43
99 0 12.778449317907098 13.509316770186336 7 63
100 0 76.18718701433258 76.08695652173914 1 11
101 0 12.225867725781384 12.732919254658384 8 73
102 0 52.96149197029874 53.105590062111794 2 22
103 0 23.8646175099292 22.82608695652174 4 41
104 0 15.97306164738387 15.683229813664596 5 43
105 0 12.502158521844242 12.888198757763975 7 61
106 0 76.18718701433258 76.08695652173914 1 11
107 0 12.225867725781384 12.732919254658384 8 73
108 0 52.96149197029874 53.105590062111794 2 22
109 0 23.8646175099292 22.82608695652174 4 41
110 0 15.97306164738387 15.683229813664596 5 43
111 0 12.76118114315317 13.509316770186336 7 63
112 0 76.18718701433258 76.08695652173914 1 11
113 0 12.225867725781384 12.732919254658384 8 73
114 0 52.96149197029874 53.105590062111794 2 22
115 0 23.8646175099292 22.82608695652174 4 41
116 0 15.97306164738387 15.683229813664596 5 43
117 0 12.76118114315317 13.509316770186336 7 63
118 0 76.18718701433258 76.08695652173914 1 8
119 0 12.225867725781384 12.732919254658384 8 73
120 0 76.18718701433258 76.08695652173914 1 7
121 0 13.123812812985665 11.956521739130435 10 88
122 0 33.58659989639095 33.38509316770186 3 34
123 0 23.88188568468313 23.136645962732917 4 40
124 0 52.909687446036955 52.79503105590062 2 28
125 0 52.94422379554481 52.95031055900621 2 30
126 0 12.951131065446383 13.043478260869565 8 66
127 0 16.09393887066137 15.372670807453417 5 44
128 0 16.09393887066137 15.372670807453417 5 44
129 0 13.21015368675531 13.198757763975156 6 57
130 0 13.21015368675531 13.198757763975156 6 57
131 0 12.536694871352097 12.888198757763975 7 62
132 0 12.536694871352097 12.888198757763975 7 62
133 0 12.951131065446383 13.043478260869565 8 66
134 0 76.18718701433258 76.08695652173914 1 8
135 0 52.909687446036955 52.79503105590062 2 28
136 0 16.09393887066137 15.372670807453417 5 44
137 0 13.21015368675531 13.198757763975156 6 57
138 0 12.951131065446383 13.043478260869565 8 66
139 0 76.18718701433258 76.08695652173914 1 7
140 0 52.909687446036955 52.79503105590062 2 28
141 0 16.09393887066137 15.372670807453417 5 44
142 0 13.21015368675531 13.198757763975156 6 57
143 0 12.951131065446383 13.043478260869565 8 66
144 0 76.18718701433258 76.08695652173914 1 7
145 0 52.909687446036955 52.79503105590062 2 28
146 0 16.09393887066137 15.372670807453417 5 44
147 0 13.21015368675531 13.198757763975156 6 57
148 0 12.951131065446383 13.043478260869565 8 66
149 0 76.18718701433258 76.08695652173914 1 7
150 0 52.909687446036955 52.79503105590062 2 28
151 0 16.09393887066137 15.372670807453417 5 44
152 0 13.21015368675531 13.198757763975156 6 57
153 0 12.951131065446383 13.043478260869565 8 66
154 0 76.18718701433258 76.08695652173914 1 7
155 0 52.909687446036955 52.79503105590062 2 28
156 0 16.09393887066137 15.372670807453417 5 44
157 0 13.21015368675531 13.198757763975156 6 57
158 0 12.951131065446383 13.043478260869565 8 66
159 0 76.18718701433258 76.08695652173914 1 7
160 0 52.909687446036955 52.79503105590062 2 28
161 0 16.09393887066137 15.372670807453417 5 44
162 0 13.21015368675531 13.198757763975156 6 57
163 0 12.951131065446383 13.043478260869565 8 66
164 0 76.18718701433258 76.08695652173914 1 7
165 0 52.909687446036955 52.79503105590062 2 28
166 0 16.09393887066137 15.372670807453417 5 44
167 0 13.21015368675531 13.198757763975156 6 57
168 0 12.951131065446383 13.043478260869565 8 66
169 0 76.18718701433258 76.08695652173914 1 10
170 0 52.94422379554481 52.95031055900621 2 30
171 0 16.09393887066137 15.372670807453417 5 44
172 0 13.21015368675531 13.198757763975156 6 57
173 0 12.951131065446383 13.043478260869565 8 66
174 0 76.18718701433258 76.08695652173914 1 8
175 0 52.909687446036955 52.79503105590062 2 28
176 0 16.09393887066137 15.372670807453417 5 44
177 0 13.21015368675531 13.198757763975156 6 57
178 0 76.18718701433258 76.08695652173914 1 9
179 0 12.951131065446383 13.043478260869565 8 66
180 0 76.18718701433258 76.08695652173914 1 6
181 0 12.2949404247971 12.732919254658384 11 110
182 0 53.03056466931445 53.2608695652174 2 26
183 0 53.01329649456052 53.105590062111794 2 22
184 0 33.60386807114488 32.91925465838509 3 35
185 0 12.225867725781384 12.732919254658384 8 73
186 0 33.60386807114488 32.91925465838509 3 35
187 0 24.279053704023486 23.60248447204969 4 40
188 0 24.279053704023486 23.60248447204969 4 40
189 0 16.09393887066137 15.372670807453417 5 44
190 0 16.09393887066137 15.372670807453417 5 44
191 0 13.676394405111381 14.130434782608695 6 56
192 0 13.676394405111381 14.130434782608695 6 56
193 0 12.536694871352097 12.888198757763975 7 62
194 0 12.225867725781384 12.732919254658384 8 73
195 0 12.536694871352097 12.888198757763975 7 62
196 0 76.18718701433258 76.08695652173914 1 13
197 0 12.2949404247971 12.732919254658384 11 110
198 0 53.03056466931445 53.2608695652174 2 26
199 0 33.60386807114488 32.91925465838509 3 35
200 0 24.279053704023486 23.60248447204969 4 40
201 0 16.09393887066137 15.372670807453417 5 44
202 0 13.676394405111381 14.130434782608695 6 56
203 0 12.225867725781384 12.732919254658384 8 73
204 0 12.536694871352097 12.888198757763975 7 62
205 0 76.18718701433258 76.08695652173914 1 6
206 0 12.2949404247971 12.732919254658384 11 110
207 0 52.94422379554481 53.105590062111794 2 24
208 0 33.60386807114488 32.91925465838509 3 35
209 0 24.279053704023486 23.60248447204969 4 40
210 0 16.09393887066137 15.372670807453417 5 44
211 0 13.676394405111381 14.130434782608695 6 56
212 0 12.225867725781384 12.732919254658384 8 73
213 0 12.536694871352097 12.888198757763975 7 62
214 0 76.18718701433258 76.08695652173914 1 12
215 0 12.2949404247971 12.732919254658384 11 110
216 0 53.06510101882231 53.2608695652174 2 23
217 0 33.60386807114488 32.91925465838509 3 35
218 0 16.09393887066137 15.372670807453417 5 44
219 0 13.676394405111381 14.130434782608695 6 56
220 0 12.225867725781384 12.732919254658384 8 73
221 0 76.18718701433258 76.08695652173914 1 12
222 0 12.2949404247971 12.732919254658384 11 101
223 0 53.03056466931445 53.2608695652174 2 26
224 0 33.60386807114488 32.91925465838509 3 35
225 0 16.09393887066137 15.372670807453417 5 44
226 0 13.676394405111381 14.130434782608695 6 56
227 0 12.225867725781384 12.732919254658384 8 73
228 0 76.18718701433258 76.08695652173914 1 12
229 0 12.2949404247971 12.732919254658384 11 110
230 0 53.03056466931445 53.2608695652174 2 26
231 0 33.60386807114488 32.91925465838509 3 35
232 0 16.09393887066137 15.372670807453417 5 44
233 0 13.676394405111381 14.130434782608695 6 56
234 0 12.225867725781384 12.732919254658384 8 73
235 0 76.18718701433258 76.08695652173914 1 11
236 0 12.2949404247971 12.732919254658384 11 110
237 0 53.01329649456052 53.105590062111794 2 22
238 0 33.60386807114488 32.91925465838509 3 35
239 0 16.09393887066137 15.372670807453417 5 44
240 0 76.18718701433258 76.08695652173914 1 8
241 0 12.225867725781384 12.732919254658384 8 73
242 0 53.151441892591954 52.95031055900621 2 23
243 0 53.151441892591954 52.95031055900621 2 23
244 0 33.89742704196166 34.006211180124225 3 34
245 0 33.89742704196166 34.006211180124225 3 34
246 0 24.020031082714556 23.4472049689441 4 40
247 0 24.020031082714556 23.4472049689441 4 40
248 0 16.145743394923155 15.527950310559005 5 43
249 0 16.145743394923155 15.527950310559005 5 43
250 0 13.227421861509239 13.198757763975156 6 57
251 0 13.227421861509239 13.198757763975156 6 57
252 0 12.899326541184596 13.043478260869565 7 68
253 0 12.899326541184596 13.043478260869565 7 68
254 0 76.34260058711794 76.24223602484473 1 10
255 0 12.225867725781384 12.732919254658384 8 73
256 0 53.151441892591954 52.95031055900621 2 23
257 0 23.88188568468313 22.981366459627328 4 40
258 0 16.145743394923155 15.527950310559005 5 43
259 0 13.227421861509239 13.198757763975156 6 57
260 0 12.899326541184596 13.043478260869565 7 68
261 0 76.18718701433258 76.08695652173914 1 8
262 0 12.225867725781384 12.732919254658384 8 73
263 0 53.151441892591954 52.95031055900621 2 23
264 0 24.020031082714556 23.4472049689441 4 40
265 0 16.145743394923155 15.527950310559005 5 43
266 0 13.227421861509239 13.198757763975156 6 57
267 0 76.20445518908652 76.08695652173914 1 12
268 0 12.225867725781384 12.732919254658384 8 73
269 0 23.691935762389914 22.82608695652174 4 40
270 0 16.145743394923155 15.527950310559005 5 43
271 0 13.227421861509239 13.198757763975156 6 57
272 0 76.18718701433258 76.08695652173914 1 7
273 0 12.225867725781384 12.732919254658384 8 73
274 0 23.691935762389914 22.82608695652174 4 40
275 0 16.145743394923155 15.527950310559005 5 43
276 0 13.227421861509239 13.198757763975156 6 57
277 0 76.18718701433258 76.08695652173914 1 9
278 0 12.225867725781384 12.732919254658384 8 73
279 0 24.020031082714556 23.4472049689441 4 40
280 0 13.227421861509239 13.198757763975156 6 57
281 0 76.18718701433258 76.08695652173914 1 9
282 0 12.225867725781384 12.732919254658384 8 73
283 0 24.020031082714556 23.4472049689441 4 40
284 0 13.227421861509239 13.198757763975156 6 57
285 0 76.18718701433258 76.08695652173914 1 8
286 0 12.225867725781384 12.732919254658384 8 73
287 0 23.691935762389914 22.82608695652174 4 40
288 0 13.227421861509239 13.198757763975156 6 57
289 0 76.18718701433258 76.08695652173914 1 8
290 0 12.225867725781384 12.732919254658384 8 73
291 0 23.88188568468313 22.981366459627328 4 40
292 0 13.227421861509239 13.198757763975156 6 57
293 0 76.34260058711794 76.24223602484473 1 10
294 0 12.225867725781384 12.732919254658384 8 73
295 0 23.691935762389914 22.82608695652174 4 40
296 0 13.227421861509239 13.198757763975156 6 57
297 0 76.34260058711794 76.24223602484473 1 11
298 0 12.225867725781384 12.732919254658384 8 73
299 0 13.21015368675531 13.198757763975156 6 57
