0 0 76.16991883957866 76.24223602484473 1 3
1 0 15.092384734933518 16.149068322981368 9 115
2 0 53.393196339146954 53.41614906832298 2 39
3 0 53.46226903816267 53.41614906832298 2 38
4 0 33.8628906924538 33.85093167701863 3 62
5 0 15.075116560179588 16.149068322981368 7 81
6 0 21.68882749093421 21.428571428571427 5 59
7 0 33.8628906924538 33.85093167701863 3 62
8 0 24.7107580728717 24.84472049689441 4 66
9 0 17.803488171300295 18.16770186335404 6 66
10 0 24.7107580728717 24.84472049689441 4 66
11 0 17.803488171300295 18.16770186335404 6 66
12 0 76.16991883957866 76.24223602484473 1 23
13 0 53.669487135209806 53.72670807453416 2 42
14 0 33.89742704196166 34.161490683229815 3 62
15 0 24.7107580728717 24.84472049689441 4 66
16 0 17.803488171300295 18.16770186335404 6 66
17 0 76.16991883957866 76.24223602484473 1 23
18 0 53.53134173717839 53.57142857142857 2 42
19 0 33.89742704196166 34.161490683229815 3 62
20 0 24.7107580728717 24.84472049689441 4 66
21 0 17.803488171300295 18.16770186335404 6 66
22 0 76.16991883957866 76.24223602484473 1 23
23 0 53.669487135209806 53.57142857142857 2 41
24 0 33.8628906924538 33.85093167701863 3 62
25 0 24.7107580728717 24.84472049689441 4 66
26 0 17.803488171300295 18.16770186335404 6 66
27 0 76.16991883957866 76.24223602484473 1 23
28 0 53.393196339146954 53.41614906832298 2 39
29 0 33.8628906924538 33.85093167701863 3 62
30 0 24.7107580728717 24.84472049689441 4 66
31 0 17.803488171300295 18.16770186335404 6 66
32 0 76.16991883957866 76.24223602484473 1 3
33 0 53.669487135209806 53.72670807453416 2 42
34 0 33.8628906924538 33.85093167701863 3 62
35 0 17.803488171300295 18.16770186335404 6 66
36 0 76.16991883957866 76.24223602484473 1 23
37 0 53.46226903816267 53.41614906832298 2 38
38 0 33.8628906924538 33.85093167701863 3 62
39 0 17.803488171300295 18.16770186335404 6 66
40 0 76.16991883957866 76.24223602484473 1 23
41 0 52.94422379554481 53.105590062111794 2 40
42 0 33.8628906924538 33.85093167701863 3 62
43 0 17.803488171300295 18.16770186335404 6 66
44 0 76.16991883957866 76.24223602484473 1 23
45 0 53.393196339146954 53.41614906832298 2 39
46 0 17.803488171300295 18.16770186335404 6 66
47 0 76.325332412364 76.3975155279503 1 19
48 0 53.445000863408744 53.41614906832298 2 41
49 0 17.803488171300295 18.16770186335404 6 66
50 0 76.325332412364 76.3975155279503 1 19
51 0 53.669487135209806 53.72670807453416 2 42
52 0 33.8628906924538 33.85093167701863 3 62
53 0 33.8628906924538 33.85093167701863 3 62
54 0 33.8628906924538 33.85093167701863 3 62
55 0 76.16991883957866 76.24223602484473 1 23
56 0 33.8628906924538 33.85093167701863 3 62
57 0 76.325332412364 76.3975155279503 1 19
58 0 33.8628906924538 33.85093167701863 3 62
59 0 15.17872560870316 15.993788819875776 8 95
60 0 76.16991883957866 76.24223602484473 1 7
61 0 13.037471939216024 13.664596273291925 14 177
62 0 52.875151096529095 53.2608695652174 2 43
63 0 52.875151096529095 53.2608695652174 2 43
64 0 33.84562251769988 33.85093167701863 3 63
65 0 33.84562251769988 33.85093167701863 3 63
66 0 24.693489898117768 24.84472049689441 4 67
67 0 23.415644966327058 24.22360248447205 5 74
68 0 13.002935589708168 13.975155279503104 12 170
69 0 18.235192540148507 18.32298136645963 6 64
70 0 15.195993783457087 16.459627329192546 7 82
71 0 15.195993783457087 16.459627329192546 7 82
72 0 13.969953375928165 15.217391304347828 8 82
73 0 18.235192540148507 18.32298136645963 6 64
74 0 24.693489898117768 24.84472049689441 4 67
75 0 13.710930754619236 15.838509316770185 11 150
76 0 13.969953375928165 15.217391304347828 8 82
77 0 13.572785356587808 13.975155279503104 9 105
78 0 13.572785356587808 13.975155279503104 9 105
79 0 13.43463995855638 14.285714285714285 10 130
80 0 13.43463995855638 14.285714285714285 10 130
81 0 13.710930754619236 15.838509316770185 11 150
82 0 13.002935589708168 13.975155279503104 12 170
83 0 76.16991883957866 76.24223602484473 1 22
84 0 13.037471939216024 13.664596273291925 14 177
85 0 52.875151096529095 53.2608695652174 2 42
86 0 33.84562251769988 33.85093167701863 3 63
87 0 15.195993783457087 16.459627329192546 7 82
88 0 18.235192540148507 18.32298136645963 6 64
89 0 13.969953375928165 15.217391304347828 8 82
90 0 13.572785356587808 13.975155279503104 9 105
91 0 13.43463995855638 14.285714285714285 10 130
92 0 76.16991883957866 76.24223602484473 1 21
93 0 52.875151096529095 53.2608695652174 2 43
94 0 33.84562251769988 33.85093167701863 3 63
95 0 15.195993783457087 16.459627329192546 7 82
96 0 18.235192540148507 18.32298136645963 6 64
97 0 13.969953375928165 15.217391304347828 8 82
98 0 13.572785356587808 13.975155279503104 9 105
99 0 13.43463995855638 14.285714285714285 10 130
100 0 76.16991883957866 76.24223602484473 1 8
101 0 52.875151096529095 53.2608695652174 2 43
102 0 33.84562251769988 33.85093167701863 3 63
103 0 18.235192540148507 18.32298136645963 6 64
104 0 15.195993783457087 16.459627329192546 7 82
105 0 76.16991883957866 76.24223602484473 1 21
106 0 52.84061474702124 52.95031055900621 2 43
107 0 33.84562251769988 33.85093167701863 3 63
108 0 18.235192540148507 18.32298136645963 6 64
109 0 15.195993783457087 16.459627329192546 7 82
110 0 76.16991883957866 76.24223602484473 1 9
111 0 52.926955620790885 52.95031055900621 2 45
112 0 33.84562251769988 33.85093167701863 3 63
113 0 18.235192540148507 18.32298136645963 6 64
114 0 15.195993783457087 16.459627329192546 7 82
115 0 76.16991883957866 76.24223602484473 1 21
116 0 52.875151096529095 53.105590062111794 2 43
117 0 33.84562251769988 33.85093167701863 3 63
118 0 18.356069763426007 18.32298136645963 6 66
119 0 15.195993783457087 16.459627329192546 7 82
120 0 76.16991883957866 76.24223602484473 1 2
121 0 12.98566741495424 14.130434782608695 12 174
122 0 52.96149197029874 53.105590062111794 2 43
123 0 52.978760145052675 53.105590062111794 2 43
124 0 33.62113624589881 33.54037267080746 3 67
125 0 33.63840442065273 33.69565217391305 3 68
126 0 24.4690036263167 24.53416149068323 4 71
127 0 24.4690036263167 24.53416149068323 4 71
128 0 21.947850112243135 22.049689440993788 5 59
129 0 18.960455879813505 19.565217391304348 6 76
130 0 15.161457433949233 16.61490683229814 7 83
131 0 21.947850112243135 22.049689440993788 5 59
132 0 19.09860127784493 20.496894409937887 6 76
133 0 15.161457433949233 16.61490683229814 7 83
134 0 13.849076152650666 15.217391304347828 8 86
135 0 13.451908133310308 14.285714285714285 9 109
136 0 13.659126230357451 15.062111801242237 10 132
137 0 13.849076152650666 15.217391304347828 8 86
138 0 13.451908133310308 14.285714285714285 9 109
139 0 13.538249007079953 14.751552795031056 11 153
140 0 13.520980832326025 14.596273291925465 10 133
141 0 13.538249007079953 14.751552795031056 11 153
142 0 76.16991883957866 76.24223602484473 1 2
143 0 12.98566741495424 14.130434782608695 12 174
144 0 52.978760145052675 53.105590062111794 2 43
145 0 33.62113624589881 33.54037267080746 3 67
146 0 24.4690036263167 24.53416149068323 4 71
147 0 21.947850112243135 22.049689440993788 5 59
148 0 18.960455879813505 19.565217391304348 6 76
149 0 15.006043861163876 16.304347826086957 7 83
150 0 13.849076152650666 15.217391304347828 8 86
151 0 13.451908133310308 14.285714285714285 9 109
152 0 13.659126230357451 15.062111801242237 10 132
153 0 13.503712657572095 14.751552795031056 11 136
154 0 76.16991883957866 76.24223602484473 1 3
155 0 12.98566741495424 14.130434782608695 12 174
156 0 52.96149197029874 53.2608695652174 2 42
157 0 33.62113624589881 33.54037267080746 3 67
158 0 24.48627180107063 24.689440993788818 4 72
159 0 21.947850112243135 22.049689440993788 5 59
160 0 19.09860127784493 20.496894409937887 6 76
161 0 13.849076152650666 15.217391304347828 8 86
162 0 13.451908133310308 14.285714285714285 9 109
163 0 13.503712657572095 14.751552795031056 11 136
164 0 76.16991883957866 76.24223602484473 1 2
165 0 12.98566741495424 14.130434782608695 12 174
166 0 52.978760145052675 53.105590062111794 2 43
167 0 33.62113624589881 33.54037267080746 3 67
168 0 24.555344500086342 24.84472049689441 4 72
169 0 22.206872733552064 22.204968944099377 5 62
170 0 18.960455879813505 19.565217391304348 6 76
171 0 13.849076152650666 15.217391304347828 8 86
172 0 13.503712657572095 14.751552795031056 11 157
173 0 76.16991883957866 76.24223602484473 1 4
174 0 52.96149197029874 53.105590062111794 2 43
175 0 33.63840442065273 33.69565217391305 3 68
176 0 24.48627180107063 24.689440993788818 4 72
177 0 21.947850112243135 22.049689440993788 5 59
178 0 13.849076152650666 15.217391304347828 8 86
179 0 13.503712657572095 14.751552795031056 11 136
180 0 76.16991883957866 76.24223602484473 1 8
181 0 13.192885512001382 14.130434782608695 9 104
182 0 33.8628906924538 34.161490683229815 3 67
183 0 52.926955620790885 53.105590062111794 2 46
184 0 24.79709894664134 25.310559006211182 4 72
185 0 52.926955620790885 53.105590062111794 2 46
186 0 18.925919530305645 20.031055900621116 6 74
187 0 14.867898463132448 16.304347826086957 7 81
188 0 23.312035917803488 24.84472049689441 5 84
189 0 18.90865135555172 20.031055900621116 6 74
190 0 23.312035917803488 24.84472049689441 5 84
191 0 14.781557589362803 16.304347826086957 7 81
192 0 13.641858055603523 14.751552795031056 8 83
193 0 13.641858055603523 14.751552795031056 8 83
194 0 76.16991883957866 76.24223602484473 1 21
195 0 13.192885512001382 14.130434782608695 9 104
196 0 52.926955620790885 53.105590062111794 2 46
197 0 18.90865135555172 20.031055900621116 6 74
198 0 23.312035917803488 24.84472049689441 5 84
199 0 14.781557589362803 16.304347826086957 7 81
200 0 13.641858055603523 14.751552795031056 8 83
201 0 76.16991883957866 76.24223602484473 1 11
202 0 13.192885512001382 14.130434782608695 9 104
203 0 53.01329649456052 52.95031055900621 2 44
204 0 18.925919530305645 20.031055900621116 6 74
205 0 23.312035917803488 24.84472049689441 5 84
206 0 14.781557589362803 16.304347826086957 7 81
207 0 13.641858055603523 14.751552795031056 8 83
208 0 76.18718701433258 76.24223602484473 1 21
209 0 13.192885512001382 14.130434782608695 9 104
210 0 53.01329649456052 53.2608695652174 2 45
211 0 18.925919530305645 20.031055900621116 6 74
212 0 23.312035917803488 24.84472049689441 5 84
213 0 14.781557589362803 16.304347826086957 7 81
214 0 13.641858055603523 14.751552795031056 8 83
215 0 76.16991883957866 76.24223602484473 1 20
216 0 13.192885512001382 14.130434782608695 9 104
217 0 52.96149197029874 53.105590062111794 2 45
218 0 18.90865135555172 20.031055900621116 6 74
219 0 23.329304092557418 25.15527950310559 5 84
220 0 14.867898463132448 16.304347826086957 7 81
221 0 13.641858055603523 14.751552795031056 8 83
222 0 76.16991883957866 76.24223602484473 1 19
223 0 13.192885512001382 14.130434782608695 9 104
224 0 53.01329649456052 52.95031055900621 2 44
225 0 23.329304092557418 25.15527950310559 5 84
226 0 13.641858055603523 14.751552795031056 8 83
227 0 76.16991883957866 76.24223602484473 1 21
228 0 13.192885512001382 14.130434782608695 9 104
229 0 52.96149197029874 53.2608695652174 2 45
230 0 23.312035917803488 24.84472049689441 5 84
231 0 13.641858055603523 14.751552795031056 8 83
232 0 76.16991883957866 76.24223602484473 1 19
233 0 13.192885512001382 14.130434782608695 9 104
234 0 52.9960283198066 53.2608695652174 2 45
235 0 23.312035917803488 24.84472049689441 5 84
236 0 13.641858055603523 14.751552795031056 8 83
237 0 76.16991883957866 76.24223602484473 1 22
238 0 13.192885512001382 14.130434782608695 9 104
239 0 52.9960283198066 53.2608695652174 2 45
240 0 76.16991883957866 76.24223602484473 1 7
241 0 18.856846831289932 19.25465838509317 12 155
242 0 26.955620790882406 27.95031055900621 4 65
243 0 53.047832844068374 53.105590062111794 2 42
244 0 52.978760145052675 53.105590062111794 2 41
245 0 33.81108616819202 34.006211180124225 3 60
246 0 25.28060783975134 27.48447204968944 5 59
247 0 20.1692281125885 21.11801242236025 9 108
248 0 33.77654981868417 34.006211180124225 3 60
249 0 19.754791918494217 22.36024844720497 6 71
250 0 19.271283025384218 21.428571428571427 7 85
251 0 20.359178034881715 21.73913043478261 8 89
252 0 19.754791918494217 22.36024844720497 6 71
253 0 18.597824209981002 19.565217391304348 7 78
254 0 19.58211017095493 20.96273291925466 9 117
255 0 20.359178034881715 21.73913043478261 8 89
256 0 76.20445518908652 76.24223602484473 1 10
257 0 52.978760145052675 53.105590062111794 2 41
258 0 34.018304265239166 34.006211180124225 3 60
259 0 19.754791918494217 22.36024844720497 6 71
260 0 18.597824209981002 19.565217391304348 7 78
261 0 20.359178034881715 21.73913043478261 8 89
262 0 20.1692281125885 21.11801242236025 9 108
263 0 76.75703678121224 76.3975155279503 1 8
264 0 52.978760145052675 53.105590062111794 2 41
265 0 33.983767915731306 34.316770186335404 3 61
266 0 18.597824209981002 19.565217391304348 7 78
267 0 20.359178034881715 21.73913043478261 8 89
268 0 20.1692281125885 21.11801242236025 9 108
269 0 76.16991883957866 76.24223602484473 1 9
270 0 53.116905543084094 53.105590062111794 2 42
271 0 33.81108616819202 34.006211180124225 3 60
272 0 18.597824209981002 19.565217391304348 7 78
273 0 76.22172336384044 76.24223602484473 1 11
274 0 52.978760145052675 53.105590062111794 2 41
275 0 34.05284061474702 34.47204968944099 3 62
276 0 18.597824209981002 19.565217391304348 7 78
277 0 76.16991883957866 76.24223602484473 1 8
278 0 53.116905543084094 53.105590062111794 2 42
279 0 33.74201346917631 34.161490683229815 3 60
280 0 18.597824209981002 19.565217391304348 7 78
281 0 76.16991883957866 76.24223602484473 1 9
282 0 53.047832844068374 53.105590062111794 2 42
283 0 33.81108616819202 34.006211180124225 3 60
284 0 76.16991883957866 76.24223602484473 1 8
285 0 53.116905543084094 53.105590062111794 2 42
286 0 33.74201346917631 34.161490683229815 3 60
287 0 76.16991883957866 76.24223602484473 1 7
288 0 52.96149197029874 53.105590062111794 2 41
289 0 33.81108616819202 34.006211180124225 3 60
290 0 76.16991883957866 76.24223602484473 1 8
291 0 53.49680538767052 53.72670807453416 2 43
292 0 33.74201346917631 34.161490683229815 3 60
293 0 76.16991883957866 76.24223602484473 1 7
294 0 53.116905543084094 53.105590062111794 2 42
295 0 34.018304265239166 34.006211180124225 3 60
296 0 76.20445518908652 76.3975155279503 1 10
297 0 52.96149197029874 53.105590062111794 2 43
298 0 34.018304265239166 34.006211180124225 3 60
299 0 76.16991883957866 76.24223602484473 1 8
