0 0 76.16991883957866 76.24223602484473 1 11
1 0 11.828699706441029 12.732919254658384 10 94
2 0 33.88015886720774 34.47204968944099 3 43
3 0 24.054567432222417 24.22360248447205 4 51
4 0 52.857882921775165 52.95031055900621 2 27
5 0 52.857882921775165 52.95031055900621 2 27
6 0 16.577447763771367 17.080745341614907 5 59
7 0 16.577447763771367 17.080745341614907 5 59
8 0 13.762735278881022 13.819875776397517 6 66
9 0 13.762735278881022 13.819875776397517 6 66
10 0 12.98566741495424 13.043478260869565 7 75
11 0 12.98566741495424 13.043478260869565 7 75
12 0 12.191331376273528 13.043478260869565 9 92
13 0 12.623035745121742 12.732919254658384 8 77
14 0 12.623035745121742 12.732919254658384 8 77
15 0 12.191331376273528 13.043478260869565 9 92
16 0 76.16991883957866 76.24223602484473 1 14
17 0 11.828699706441029 12.732919254658384 10 94
18 0 52.857882921775165 52.95031055900621 2 27
19 0 16.577447763771367 17.080745341614907 5 59
20 0 13.762735278881022 13.819875776397517 6 66
21 0 12.98566741495424 13.043478260869565 7 75
22 0 12.623035745121742 12.732919254658384 8 77
23 0 12.191331376273528 13.043478260869565 9 92
24 0 76.2562597133483 76.5527950310559 1 11
25 0 11.828699706441029 12.732919254658384 10 94
26 0 52.857882921775165 52.95031055900621 2 27
27 0 13.762735278881022 13.819875776397517 6 66
28 0 12.98566741495424 13.043478260869565 7 75
29 0 12.623035745121742 12.732919254658384 8 77
30 0 12.191331376273528 13.043478260869565 9 92
31 0 76.2562597133483 76.5527950310559 1 12
32 0 11.828699706441029 12.732919254658384 10 94
33 0 52.84061474702124 52.79503105590062 2 27
34 0 13.762735278881022 13.819875776397517 6 66
35 0 12.98566741495424 13.043478260869565 7 75
36 0 12.623035745121742 12.732919254658384 8 77
37 0 12.191331376273528 13.043478260869565 9 92
38 0 76.2562597133483 76.5527950310559 1 10
39 0 11.828699706441029 12.732919254658384 10 94
40 0 52.82334657226732 52.79503105590062 2 27
41 0 13.762735278881022 13.819875776397517 6 66
42 0 12.98566741495424 13.043478260869565 7 75
43 0 12.623035745121742 12.732919254658384 8 77
44 0 12.191331376273528 13.043478260869565 9 92
45 0 76.16991883957866 76.24223602484473 1 14
46 0 11.828699706441029 12.732919254658384 10 94
47 0 52.78881022275945 52.79503105590062 2 26
48 0 13.762735278881022 13.819875776397517 6 66
49 0 12.98566741495424 13.043478260869565 7 75
50 0 12.623035745121742 12.732919254658384 8 77
51 0 12.191331376273528 13.043478260869565 9 92
52 0 76.16991883957866 76.24223602484473 1 14
53 0 11.828699706441029 12.732919254658384 10 94
54 0 52.78881022275945 52.79503105590062 2 26
55 0 13.762735278881022 13.819875776397517 6 66
56 0 12.98566741495424 13.043478260869565 7 75
57 0 12.623035745121742 12.732919254658384 8 77
58 0 76.16991883957866 76.24223602484473 1 14
59 0 11.828699706441029 12.732919254658384 10 94
60 0 76.16991883957866 76.24223602484473 1 4
61 0 12.122258677257813 12.577639751552795 11 109
62 0 33.949231566223446 34.62732919254658 3 43
63 0 23.7437402866517 24.06832298136646 4 50
64 0 52.875151096529095 52.95031055900621 2 25
65 0 52.875151096529095 52.95031055900621 2 25
66 0 16.42203419098601 16.61490683229814 5 56
67 0 13.123812812985665 13.043478260869565 7 74
68 0 16.42203419098601 16.61490683229814 5 56
69 0 13.935417026420307 14.130434782608695 6 66
70 0 13.935417026420307 14.130434782608695 6 66
71 0 12.692108444137453 13.043478260869565 8 83
72 0 12.692108444137453 13.043478260869565 8 83
73 0 12.070454152996028 12.732919254658384 9 84
74 0 11.828699706441029 12.732919254658384 10 94
75 0 12.070454152996028 12.732919254658384 9 84
76 0 11.828699706441029 12.732919254658384 10 94
77 0 76.16991883957866 76.24223602484473 1 13
78 0 12.122258677257813 12.577639751552795 11 109
79 0 52.875151096529095 52.95031055900621 2 25
80 0 16.42203419098601 16.61490683229814 5 56
81 0 13.935417026420307 14.130434782608695 6 66
82 0 12.692108444137453 13.043478260869565 8 83
83 0 11.915040580210672 12.732919254658384 10 94
84 0 76.18718701433258 76.24223602484473 1 13
85 0 12.122258677257813 12.577639751552795 11 109
86 0 52.875151096529095 52.95031055900621 2 25
87 0 16.42203419098601 16.61490683229814 5 56
88 0 13.935417026420307 14.130434782608695 6 66
89 0 12.692108444137453 13.043478260869565 8 83
90 0 11.915040580210672 12.732919254658384 10 94
91 0 76.16991883957866 76.24223602484473 1 14
92 0 52.857882921775165 52.95031055900621 2 24
93 0 16.42203419098601 16.61490683229814 5 56
94 0 13.935417026420307 14.130434782608695 6 66
95 0 12.692108444137453 13.043478260869565 8 83
96 0 11.915040580210672 12.732919254658384 10 94
97 0 76.16991883957866 76.24223602484473 1 14
98 0 52.875151096529095 52.95031055900621 2 25
99 0 16.42203419098601 16.61490683229814 5 56
100 0 13.935417026420307 14.130434782608695 6 66
101 0 12.692108444137453 13.043478260869565 8 83
102 0 11.828699706441029 12.732919254658384 10 94
103 0 76.16991883957866 76.24223602484473 1 4
104 0 52.857882921775165 52.95031055900621 2 24
105 0 16.42203419098601 16.61490683229814 5 56
106 0 13.935417026420307 14.130434782608695 6 66
107 0 12.692108444137453 13.043478260869565 8 83
108 0 11.828699706441029 12.732919254658384 10 94
109 0 76.16991883957866 76.24223602484473 1 4
110 0 52.875151096529095 52.95031055900621 2 25
111 0 16.42203419098601 16.61490683229814 5 56
112 0 13.935417026420307 14.130434782608695 6 66
113 0 11.828699706441029 12.732919254658384 10 94
114 0 76.16991883957866 76.24223602484473 1 15
115 0 52.875151096529095 52.95031055900621 2 25
116 0 11.915040580210672 12.732919254658384 10 94
117 0 11.915040580210672 12.732919254658384 10 94
118 0 76.56708685891901 76.5527950310559 1 13
119 0 12.122258677257813 12.577639751552795 17 168
120 0 76.16991883957866 76.24223602484473 1 6
121 0 11.880504230702815 12.422360248447205 11 106
122 0 52.78881022275945 52.95031055900621 2 25
123 0 23.622863063374204 23.91304347826087 4 51
124 0 52.80607839751338 52.95031055900621 2 26
125 0 33.8628906924538 34.316770186335404 3 43
126 0 16.43930236573994 16.61490683229814 5 57
127 0 33.8628906924538 34.47204968944099 3 43
128 0 14.021757900189948 13.509316770186336 6 65
129 0 14.021757900189948 13.509316770186336 6 65
130 0 13.192885512001382 13.819875776397517 7 73
131 0 13.192885512001382 13.819875776397517 7 73
132 0 12.812985667414956 13.043478260869565 8 77
133 0 12.812985667414956 13.043478260869565 8 77
134 0 12.070454152996028 12.732919254658384 9 84
135 0 12.070454152996028 12.732919254658384 9 84
136 0 11.828699706441029 12.732919254658384 10 94
137 0 11.828699706441029 12.732919254658384 10 94
138 0 76.16991883957866 76.24223602484473 1 6
139 0 11.880504230702815 12.422360248447205 11 106
140 0 52.78881022275945 52.95031055900621 2 25
141 0 33.8628906924538 34.316770186335404 3 43
142 0 14.021757900189948 13.509316770186336 6 65
143 0 13.192885512001382 13.819875776397517 7 73
144 0 12.070454152996028 12.732919254658384 9 84
145 0 11.828699706441029 12.732919254658384 10 94
146 0 76.16991883957866 76.24223602484473 1 7
147 0 11.949576929718528 12.422360248447205 11 110
148 0 52.78881022275945 52.95031055900621 2 25
149 0 33.8628906924538 34.47204968944099 3 43
150 0 14.021757900189948 13.509316770186336 6 65
151 0 13.192885512001382 13.819875776397517 7 73
152 0 12.070454152996028 12.732919254658384 9 84
153 0 11.828699706441029 12.732919254658384 10 94
154 0 76.16991883957866 76.24223602484473 1 8
155 0 11.880504230702815 12.422360248447205 11 106
156 0 52.78881022275945 52.95031055900621 2 25
157 0 33.8628906924538 34.316770186335404 3 43
158 0 13.192885512001382 13.819875776397517 7 73
159 0 12.070454152996028 12.732919254658384 9 84
160 0 11.828699706441029 12.732919254658384 10 94
161 0 76.16991883957866 76.24223602484473 1 7
162 0 52.78881022275945 52.95031055900621 2 25
163 0 33.8628906924538 34.47204968944099 3 43
164 0 13.192885512001382 13.819875776397517 7 73
165 0 12.070454152996028 12.732919254658384 9 84
166 0 11.828699706441029 12.732919254658384 10 94
167 0 76.16991883957866 76.24223602484473 1 15
168 0 52.78881022275945 52.95031055900621 2 25
169 0 33.8628906924538 34.316770186335404 3 43
170 0 13.192885512001382 13.819875776397517 7 73
171 0 12.070454152996028 12.732919254658384 9 84
172 0 11.828699706441029 12.732919254658384 10 94
173 0 76.16991883957866 76.24223602484473 1 6
174 0 52.78881022275945 52.95031055900621 2 25
175 0 33.8628906924538 34.47204968944099 3 43
176 0 13.192885512001382 13.819875776397517 7 73
177 0 12.070454152996028 12.732919254658384 9 84
178 0 11.828699706441029 12.732919254658384 10 94
179 0 76.16991883957866 76.24223602484473 1 13
180 0 76.16991883957866 76.24223602484473 1 10
181 0 11.828699706441029 12.732919254658384 10 94
182 0 52.80607839751338 52.95031055900621 2 25
183 0 52.80607839751338 52.95031055900621 2 25
184 0 33.8628906924538 34.47204968944099 3 43
185 0 33.8628906924538 34.47204968944099 3 43
186 0 23.691935762389914 23.91304347826087 4 50
187 0 12.191331376273528 13.043478260869565 9 92
188 0 23.691935762389914 23.91304347826087 4 50
189 0 16.3529614919703 16.61490683229814 5 57
190 0 16.3529614919703 16.61490683229814 5 57
191 0 13.762735278881022 13.819875776397517 6 66
192 0 13.192885512001382 13.819875776397517 7 73
193 0 12.74391296839924 13.043478260869565 8 85
194 0 13.762735278881022 13.819875776397517 6 66
195 0 12.74391296839924 13.043478260869565 8 85
196 0 13.192885512001382 13.819875776397517 7 73
197 0 76.16991883957866 76.24223602484473 1 10
198 0 11.828699706441029 12.732919254658384 10 94
199 0 52.82334657226732 52.95031055900621 2 26
200 0 33.8628906924538 34.47204968944099 3 43
201 0 23.691935762389914 23.91304347826087 4 50
202 0 16.3529614919703 16.61490683229814 5 57
203 0 13.762735278881022 13.819875776397517 6 66
204 0 12.74391296839924 13.043478260869565 8 85
205 0 13.192885512001382 13.819875776397517 7 73
206 0 76.16991883957866 76.24223602484473 1 13
207 0 11.828699706441029 12.732919254658384 10 94
208 0 52.80607839751338 52.95031055900621 2 25
209 0 33.8628906924538 34.47204968944099 3 43
210 0 23.691935762389914 23.91304347826087 4 50
211 0 16.3529614919703 16.61490683229814 5 57
212 0 13.762735278881022 13.819875776397517 6 66
213 0 12.74391296839924 13.043478260869565 8 85
214 0 13.192885512001382 13.819875776397517 7 73
215 0 76.16991883957866 76.24223602484473 1 13
216 0 11.828699706441029 12.732919254658384 10 94
217 0 53.06510101882231 53.41614906832298 2 25
218 0 33.8628906924538 34.47204968944099 3 43
219 0 23.691935762389914 23.91304347826087 4 50
220 0 16.3529614919703 16.61490683229814 5 57
221 0 13.762735278881022 13.819875776397517 6 66
222 0 12.74391296839924 13.043478260869565 8 85
223 0 13.192885512001382 13.819875776397517 7 73
224 0 76.16991883957866 76.24223602484473 1 13
225 0 11.828699706441029 12.732919254658384 10 94
226 0 52.78881022275945 52.95031055900621 2 26
227 0 33.8628906924538 34.47204968944099 3 43
228 0 23.691935762389914 23.91304347826087 4 50
229 0 13.762735278881022 13.819875776397517 6 66
230 0 12.74391296839924 13.043478260869565 8 85
231 0 13.192885512001382 13.819875776397517 7 73
232 0 76.16991883957866 76.24223602484473 1 13
233 0 11.828699706441029 12.732919254658384 10 94
234 0 52.78881022275945 52.95031055900621 2 27
235 0 33.8628906924538 34.47204968944099 3 43
236 0 23.691935762389914 23.91304347826087 4 50
237 0 13.762735278881022 13.819875776397517 6 66
238 0 12.74391296839924 13.043478260869565 8 85
239 0 13.192885512001382 13.819875776397517 7 73
240 0 76.16991883957866 76.24223602484473 1 8
241 0 11.828699706441029 12.732919254658384 10 94
242 0 52.84061474702124 52.95031055900621 2 25
243 0 33.82835434294595 34.47204968944099 3 42
244 0 33.88015886720774 34.47204968944099 3 42
245 0 23.657399412882057 23.91304347826087 4 49
246 0 23.657399412882057 23.91304347826087 4 49
247 0 16.283888792954585 16.459627329192546 5 56
248 0 16.283888792954585 16.459627329192546 5 56
249 0 13.762735278881022 13.819875776397517 6 66
250 0 13.469176308064238 13.819875776397517 7 76
251 0 12.830253842168881 13.509316770186336 8 75
252 0 13.762735278881022 13.819875776397517 6 66
253 0 13.469176308064238 13.819875776397517 7 76
254 0 12.812985667414956 13.509316770186336 9 85
255 0 12.830253842168881 13.509316770186336 8 75
256 0 12.812985667414956 13.509316770186336 9 85
257 0 76.16991883957866 76.24223602484473 1 13
258 0 11.828699706441029 12.732919254658384 10 94
259 0 33.88015886720774 34.47204968944099 3 42
260 0 23.657399412882057 23.91304347826087 4 49
261 0 16.283888792954585 16.459627329192546 5 56
262 0 13.762735278881022 13.819875776397517 6 66
263 0 13.469176308064238 13.819875776397517 7 76
264 0 12.812985667414956 13.509316770186336 9 85
265 0 76.16991883957866 76.24223602484473 1 13
266 0 11.828699706441029 12.732919254658384 10 94
267 0 33.88015886720774 34.47204968944099 3 42
268 0 23.657399412882057 23.91304347826087 4 49
269 0 16.283888792954585 16.459627329192546 5 56
270 0 13.762735278881022 13.819875776397517 6 66
271 0 12.812985667414956 13.509316770186336 9 85
272 0 76.16991883957866 76.24223602484473 1 14
273 0 11.828699706441029 12.732919254658384 10 94
274 0 33.82835434294595 34.47204968944099 3 42
275 0 23.657399412882057 23.91304347826087 4 49
276 0 16.283888792954585 16.459627329192546 5 56
277 0 13.762735278881022 13.819875776397517 6 66
278 0 12.812985667414956 13.509316770186336 9 85
279 0 76.16991883957866 76.24223602484473 1 13
280 0 11.828699706441029 12.732919254658384 10 94
281 0 33.88015886720774 34.47204968944099 3 42
282 0 23.657399412882057 23.91304347826087 4 49
283 0 16.283888792954585 16.459627329192546 5 56
284 0 13.762735278881022 13.819875776397517 6 66
285 0 76.16991883957866 76.24223602484473 1 13
286 0 12.536694871352097 13.509316770186336 10 102
287 0 33.82835434294595 34.47204968944099 3 42
288 0 23.657399412882057 23.91304347826087 4 49
289 0 16.283888792954585 16.459627329192546 5 56
290 0 13.762735278881022 13.819875776397517 6 66
291 0 76.16991883957866 76.24223602484473 1 8
292 0 11.828699706441029 12.732919254658384 10 94
293 0 33.88015886720774 34.47204968944099 3 42
294 0 23.657399412882057 23.91304347826087 4 49
295 0 76.16991883957866 76.24223602484473 1 8
296 0 12.536694871352097 13.509316770186336 10 98
297 0 23.657399412882057 23.91304347826087 4 49
298 0 11.828699706441029 12.732919254658384 10 94
299 0 12.812985667414956 13.509316770186336 9 85
