0 0 76.17403314917127 76.20528771384136 1 9
1 0 12.966160220994475 12.908242612752721 10 88
2 0 53.00414364640884 53.03265940902022 2 35
3 0 53.00414364640884 53.03265940902022 2 35
4 0 33.92610497237569 32.97045101088647 3 53
5 0 17.040745856353592 15.552099533437014 6 63
6 0 13.639502762430938 13.530326594090203 8 64
7 0 33.92610497237569 32.97045101088647 3 53
8 0 24.136740331491712 23.32814930015552 4 58
9 0 13.276933701657459 13.21928460342146 9 71
10 0 20.027624309392262 19.751166407465007 5 49
11 0 24.136740331491712 23.32814930015552 4 58
12 0 20.027624309392262 19.751166407465007 5 49
13 0 15.124309392265193 14.307931570762053 7 64
14 0 15.124309392265193 14.307931570762053 7 64
15 0 76.17403314917127 76.20528771384136 1 11
16 0 12.966160220994475 12.908242612752721 10 88
17 0 53.00414364640884 53.03265940902022 2 35
18 0 33.92610497237569 32.97045101088647 3 53
19 0 24.136740331491712 23.32814930015552 4 58
20 0 20.37292817679558 20.684292379471227 5 48
21 0 15.124309392265193 14.307931570762053 7 64
22 0 76.17403314917127 76.20528771384136 1 11
23 0 12.966160220994475 12.908242612752721 10 88
24 0 53.00414364640884 53.03265940902022 2 35
25 0 33.92610497237569 32.97045101088647 3 53
26 0 24.136740331491712 23.32814930015552 4 58
27 0 20.37292817679558 20.684292379471227 5 48
28 0 15.124309392265193 14.307931570762053 7 64
29 0 76.17403314917127 76.20528771384136 1 11
30 0 12.966160220994475 12.908242612752721 10 88
31 0 53.03867403314917 53.03265940902022 2 37
32 0 33.92610497237569 32.97045101088647 3 53
33 0 24.136740331491712 23.32814930015552 4 58
34 0 20.37292817679558 20.684292379471227 5 48
35 0 15.124309392265193 14.307931570762053 7 64
36 0 76.17403314917127 76.20528771384136 1 11
37 0 12.966160220994475 12.908242612752721 10 88
38 0 53.00414364640884 53.03265940902022 2 35
39 0 33.92610497237569 32.97045101088647 3 53
40 0 24.136740331491712 23.32814930015552 4 58
41 0 20.027624309392262 19.751166407465007 5 49
42 0 76.17403314917127 76.20528771384136 1 10
43 0 12.966160220994475 12.908242612752721 10 88
44 0 53.021408839779006 53.03265940902022 2 36
45 0 33.92610497237569 32.97045101088647 3 53
46 0 24.136740331491712 23.32814930015552 4 58
47 0 20.027624309392262 19.751166407465007 5 49
48 0 76.17403314917127 76.20528771384136 1 12
49 0 12.966160220994475 12.908242612752721 10 88
50 0 53.03867403314917 53.03265940902022 2 37
51 0 33.92610497237569 32.97045101088647 3 53
52 0 24.136740331491712 23.32814930015552 4 58
53 0 20.027624309392262 19.751166407465007 5 49
54 0 76.17403314917127 76.20528771384136 1 10
55 0 12.966160220994475 12.908242612752721 10 88
56 0 53.055939226519335 53.03265940902022 2 37
57 0 33.92610497237569 32.97045101088647 3 53
58 0 24.136740331491712 23.32814930015552 4 58
59 0 20.027624309392262 19.751166407465007 5 49
60 0 76.17403314917127 76.20528771384136 1 10
61 0 13.7603591160221 13.21928460342146 12 110
62 0 53.107734806629836 52.87713841368584 2 32
63 0 24.326657458563535 23.17262830482115 4 54
64 0 53.107734806629836 52.87713841368584 2 32
65 0 33.97790055248619 33.28149300155521 3 49
66 0 33.97790055248619 33.28149300155521 3 49
67 0 14.951657458563536 14.774494556765164 8 67
68 0 14.450966850828728 14.618973561430792 10 85
69 0 19.9585635359116 18.506998444790046 5 46
70 0 16.522790055248617 15.085536547433904 6 55
71 0 19.9585635359116 18.506998444790046 5 46
72 0 16.522790055248617 15.085536547433904 6 55
73 0 14.692679558011049 13.21928460342146 7 63
74 0 14.692679558011049 13.21928460342146 7 63
75 0 14.450966850828728 14.618973561430792 10 85
76 0 13.501381215469612 12.908242612752721 9 82
77 0 13.501381215469612 12.908242612752721 9 82
78 0 76.17403314917127 76.20528771384136 1 10
79 0 53.107734806629836 52.87713841368584 2 32
80 0 33.97790055248619 33.28149300155521 3 49
81 0 19.9585635359116 18.506998444790046 5 46
82 0 16.522790055248617 15.085536547433904 6 55
83 0 14.450966850828728 14.618973561430792 10 85
84 0 13.501381215469612 12.908242612752721 9 82
85 0 76.17403314917127 76.20528771384136 1 11
86 0 53.125 52.87713841368584 2 32
87 0 33.97790055248619 33.28149300155521 3 49
88 0 19.9585635359116 18.506998444790046 5 46
89 0 14.450966850828728 14.618973561430792 10 85
90 0 13.501381215469612 12.908242612752721 9 82
91 0 76.17403314917127 76.20528771384136 1 12
92 0 53.107734806629836 52.87713841368584 2 32
93 0 33.97790055248619 33.28149300155521 3 49
94 0 19.9585635359116 18.506998444790046 5 46
95 0 14.450966850828728 14.618973561430792 10 85
96 0 13.501381215469612 12.908242612752721 9 82
97 0 76.17403314917127 76.20528771384136 1 11
98 0 53.125 52.87713841368584 2 33
99 0 33.97790055248619 33.28149300155521 3 49
100 0 19.9585635359116 18.506998444790046 5 46
101 0 14.450966850828728 14.618973561430792 10 85
102 0 13.501381215469612 12.908242612752721 9 82
103 0 76.17403314917127 76.20528771384136 1 11
104 0 53.125 52.87713841368584 2 32
105 0 33.97790055248619 33.28149300155521 3 49
106 0 19.9585635359116 18.506998444790046 5 46
107 0 14.450966850828728 14.618973561430792 10 85
108 0 13.501381215469612 12.908242612752721 9 82
109 0 76.17403314917127 76.20528771384136 1 10
110 0 53.125 52.87713841368584 2 33
111 0 33.97790055248619 33.28149300155521 3 49
112 0 19.9585635359116 18.506998444790046 5 46
113 0 14.450966850828728 14.618973561430792 10 85
114 0 13.501381215469612 12.908242612752721 9 82
115 0 76.17403314917127 76.20528771384136 1 10
116 0 53.125 52.87713841368584 2 32
117 0 14.450966850828728 14.618973561430792 10 85
118 0 13.501381215469612 12.908242612752721 9 82
119 0 76.17403314917127 76.20528771384136 1 10
120 0 76.17403314917127 76.20528771384136 1 8
121 0 13.48411602209945 12.752721617418352 13 129
122 0 53.09046961325967 53.03265940902022 2 40
123 0 53.09046961325967 53.03265940902022 2 40
124 0 34.392265193370164 34.21461897356143 3 62
125 0 34.46132596685083 34.05909797822706 3 61
126 0 24.723756906077348 23.950233281493002 4 68
127 0 14.761740331491712 14.152410575427682 8 83
128 0 21.218922651933703 20.21772939346812 5 48
129 0 16.76450276243094 15.396578538102643 6 57
130 0 13.639502762430938 12.908242612752721 11 101
131 0 16.76450276243094 15.396578538102643 6 57
132 0 14.761740331491712 13.996889580093313 7 67
133 0 24.723756906077348 23.950233281493002 4 68
134 0 21.218922651933703 20.21772939346812 5 48
135 0 13.743093922651934 13.063763608087092 9 83
136 0 13.743093922651934 13.063763608087092 9 83
137 0 13.72582872928177 12.752721617418352 10 93
138 0 13.72582872928177 12.752721617418352 10 93
139 0 14.761740331491712 13.996889580093313 7 67
140 0 13.639502762430938 12.908242612752721 11 101
141 0 76.17403314917127 76.20528771384136 1 8
142 0 13.48411602209945 12.752721617418352 13 129
143 0 53.03867403314917 52.87713841368584 2 40
144 0 34.392265193370164 34.05909797822706 3 62
145 0 16.76450276243094 15.396578538102643 6 57
146 0 24.706491712707184 24.10575427682737 4 67
147 0 21.218922651933703 20.21772939346812 5 48
148 0 13.743093922651934 13.063763608087092 9 83
149 0 14.761740331491712 13.996889580093313 7 67
150 0 13.639502762430938 12.908242612752721 11 101
151 0 76.17403314917127 76.20528771384136 1 8
152 0 52.98687845303868 53.03265940902022 2 40
153 0 34.409530386740336 34.05909797822706 3 61
154 0 17.09254143646409 15.707620528771384 6 57
155 0 24.706491712707184 24.10575427682737 4 67
156 0 21.218922651933703 20.21772939346812 5 48
157 0 13.743093922651934 13.063763608087092 9 83
158 0 14.761740331491712 13.996889580093313 7 67
159 0 13.639502762430938 12.908242612752721 11 101
160 0 76.17403314917127 76.20528771384136 1 9
161 0 52.98687845303868 53.03265940902022 2 40
162 0 34.409530386740336 34.05909797822706 3 61
163 0 16.76450276243094 15.396578538102643 6 57
164 0 24.706491712707184 24.10575427682737 4 67
165 0 21.218922651933703 20.21772939346812 5 48
166 0 13.743093922651934 13.063763608087092 9 83
167 0 14.485497237569062 13.530326594090203 7 65
168 0 76.17403314917127 76.20528771384136 1 8
169 0 53.21132596685083 53.34370139968896 2 40
170 0 34.409530386740336 34.05909797822706 3 61
171 0 17.09254143646409 15.707620528771384 6 57
172 0 21.218922651933703 20.21772939346812 5 48
173 0 13.743093922651934 13.063763608087092 9 83
174 0 14.761740331491712 13.996889580093313 7 67
175 0 76.17403314917127 76.20528771384136 1 10
176 0 53.03867403314917 53.03265940902022 2 40
177 0 34.409530386740336 34.05909797822706 3 61
178 0 16.76450276243094 15.396578538102643 6 57
179 0 21.218922651933703 20.21772939346812 5 48
180 0 76.17403314917127 76.20528771384136 1 9
181 0 13.1042817679558 12.908242612752721 16 152
182 0 53.33218232044199 53.18818040435459 2 47
183 0 53.33218232044199 53.18818040435459 2 47
184 0 33.89157458563536 32.97045101088647 3 63
185 0 13.173342541436464 12.908242612752721 13 121
186 0 33.89157458563536 32.97045101088647 3 63
187 0 24.22306629834254 22.86158631415241 4 70
188 0 13.173342541436464 12.597200622083982 11 108
189 0 24.22306629834254 22.86158631415241 4 70
190 0 20.441988950276244 19.284603421461895 5 48
191 0 20.441988950276244 19.284603421461895 5 48
192 0 17.748618784530386 16.640746500777606 6 55
193 0 17.748618784530386 16.640746500777606 6 55
194 0 14.278314917127071 12.908242612752721 7 63
195 0 13.915745856353592 12.908242612752721 10 114
196 0 14.278314917127071 12.908242612752721 7 63
197 0 13.967541436464087 13.374805598755831 8 72
198 0 13.173342541436464 12.597200622083982 11 108
199 0 13.967541436464087 13.374805598755831 8 72
200 0 13.79488950276243 12.908242612752721 9 83
201 0 13.79488950276243 12.908242612752721 9 83
202 0 13.915745856353592 12.908242612752721 10 114
203 0 76.2603591160221 76.36080870917574 1 11
204 0 53.40124309392266 53.34370139968896 2 47
205 0 33.89157458563536 32.97045101088647 3 63
206 0 20.441988950276244 19.284603421461895 5 48
207 0 17.852209944751383 16.796267496111973 6 55
208 0 14.278314917127071 12.908242612752721 7 63
209 0 13.173342541436464 12.597200622083982 11 108
210 0 76.17403314917127 76.20528771384136 1 9
211 0 53.33218232044199 53.18818040435459 2 47
212 0 33.89157458563536 32.97045101088647 3 63
213 0 20.441988950276244 19.284603421461895 5 48
214 0 14.278314917127071 12.908242612752721 7 63
215 0 13.173342541436464 12.597200622083982 11 108
216 0 76.17403314917127 76.20528771384136 1 9
217 0 53.33218232044199 53.18818040435459 2 47
218 0 33.89157458563536 32.97045101088647 3 63
219 0 20.441988950276244 19.284603421461895 5 48
220 0 14.278314917127071 12.908242612752721 7 63
221 0 13.173342541436464 12.597200622083982 11 108
222 0 76.17403314917127 76.20528771384136 1 10
223 0 53.33218232044199 53.18818040435459 2 47
224 0 33.89157458563536 32.97045101088647 3 63
225 0 20.441988950276244 19.284603421461895 5 48
226 0 14.278314917127071 12.908242612752721 7 63
227 0 13.190607734806632 12.597200622083982 11 115
228 0 76.17403314917127 76.20528771384136 1 9
229 0 53.33218232044199 53.18818040435459 2 47
230 0 33.89157458563536 32.97045101088647 3 63
231 0 20.441988950276244 19.284603421461895 5 48
232 0 14.278314917127071 12.908242612752721 7 63
233 0 13.173342541436464 12.597200622083982 11 108
234 0 76.2603591160221 76.36080870917574 1 12
235 0 53.31491712707182 53.18818040435459 2 48
236 0 14.278314917127071 12.908242612752721 7 63
237 0 13.190607734806632 12.597200622083982 11 115
238 0 76.17403314917127 76.20528771384136 1 9
239 0 13.225138121546962 12.908242612752721 14 137
240 0 76.17403314917127 76.20528771384136 1 9
241 0 13.604972375690608 12.752721617418352 14 131
242 0 52.95234806629834 53.03265940902022 2 45
243 0 52.95234806629834 53.03265940902022 2 45
244 0 34.219613259668506 33.592534992223946 3 39
245 0 13.604972375690608 12.752721617418352 13 120
246 0 13.1042817679558 13.21928460342146 10 90
247 0 34.219613259668506 33.592534992223946 3 39
248 0 24.48204419889503 23.48367029548989 4 44
249 0 17.800414364640886 17.107309486780714 7 61
250 0 24.48204419889503 23.48367029548989 4 44
251 0 19.941298342541437 18.662519440124417 5 48
252 0 14.071132596685082 13.685847589424572 8 71
253 0 13.1042817679558 13.21928460342146 10 90
254 0 19.941298342541437 18.662519440124417 5 48
255 0 18.404696132596683 16.329704510108865 6 55
256 0 18.404696132596683 16.329704510108865 6 55
257 0 14.071132596685082 13.685847589424572 8 71
258 0 76.17403314917127 76.20528771384136 1 10
259 0 52.95234806629834 53.03265940902022 2 45
260 0 34.219613259668506 33.592534992223946 3 39
261 0 24.48204419889503 23.48367029548989 4 44
262 0 13.1042817679558 13.21928460342146 10 90
263 0 19.941298342541437 18.662519440124417 5 48
264 0 76.32941988950276 76.36080870917574 1 12
265 0 52.95234806629834 53.03265940902022 2 45
266 0 34.340469613259664 33.43701399688958 3 39
267 0 24.48204419889503 23.48367029548989 4 44
268 0 13.1042817679558 13.21928460342146 10 90
269 0 19.941298342541437 18.662519440124417 5 48
270 0 76.17403314917127 76.20528771384136 1 9
271 0 52.95234806629834 53.03265940902022 2 45
272 0 34.219613259668506 33.592534992223946 3 39
273 0 24.48204419889503 23.48367029548989 4 44
274 0 13.1042817679558 13.21928460342146 10 90
275 0 19.924033149171272 18.35147744945568 5 49
276 0 76.4157458563536 76.36080870917574 1 14
277 0 52.95234806629834 53.03265940902022 2 45
278 0 34.340469613259664 33.43701399688958 3 39
279 0 13.1042817679558 13.21928460342146 10 90
280 0 19.941298342541437 18.662519440124417 5 48
281 0 76.32941988950276 76.36080870917574 1 12
282 0 52.96961325966851 53.03265940902022 2 45
283 0 34.340469613259664 33.43701399688958 3 39
284 0 13.1042817679558 13.21928460342146 10 90
285 0 19.924033149171272 18.35147744945568 5 49
286 0 76.32941988950276 76.36080870917574 1 12
287 0 52.95234806629834 53.03265940902022 2 45
288 0 34.70303867403315 34.99222395023328 3 40
289 0 13.1042817679558 13.21928460342146 10 90
290 0 19.941298342541437 18.662519440124417 5 48
291 0 76.32941988950276 76.36080870917574 1 21
292 0 52.95234806629834 53.03265940902022 2 45
293 0 34.15055248618785 33.43701399688958 3 39
294 0 13.1042817679558 13.21928460342146 10 90
295 0 19.924033149171272 18.35147744945568 5 49
296 0 76.32941988950276 76.36080870917574 1 12
297 0 52.95234806629834 53.03265940902022 2 45
298 0 13.1042817679558 13.21928460342146 10 90
299 0 19.941298342541437 18.662519440124417 5 48
