0 0 76.17403314917127 76.20528771384136 1 8
1 0 13.017955801104971 13.063763608087092 12 180
2 0 53.24585635359116 53.34370139968896 2 42
3 0 53.21132596685083 53.18818040435459 2 41
4 0 33.63259668508287 33.592534992223946 3 67
5 0 33.63259668508287 33.592534992223946 3 67
6 0 24.602900552486187 23.950233281493002 4 71
7 0 14.502762430939226 13.841368584758943 7 100
8 0 24.533839779005525 23.950233281493002 4 71
9 0 19.181629834254142 18.662519440124417 5 76
10 0 13.156077348066297 13.21928460342146 8 106
11 0 13.207872928176794 13.21928460342146 10 150
12 0 19.11256906077348 18.662519440124417 5 76
13 0 17.45511049723757 15.863141524105753 6 85
14 0 17.45511049723757 15.863141524105753 6 85
15 0 13.380524861878454 13.374805598755831 11 142
16 0 13.156077348066297 13.21928460342146 8 106
17 0 13.276933701657459 13.063763608087092 10 143
18 0 13.380524861878454 13.374805598755831 11 142
19 0 76.32941988950276 76.36080870917574 1 21
20 0 13.000690607734807 13.063763608087092 12 179
21 0 52.98687845303868 52.87713841368584 2 40
22 0 33.61533149171271 33.748055987558324 3 67
23 0 24.775552486187845 24.10575427682737 4 70
24 0 19.181629834254142 18.662519440124417 5 76
25 0 17.627762430939224 16.329704510108865 6 85
26 0 13.156077348066297 13.21928460342146 8 106
27 0 13.121546961325967 12.908242612752721 10 152
28 0 76.32941988950276 76.36080870917574 1 21
29 0 13.017955801104971 13.063763608087092 12 180
30 0 53.107734806629836 53.03265940902022 2 40
31 0 33.7189226519337 34.05909797822706 3 65
32 0 24.533839779005525 23.950233281493002 4 71
33 0 17.45511049723757 15.863141524105753 6 85
34 0 13.156077348066297 13.21928460342146 8 106
35 0 13.207872928176794 13.21928460342146 10 150
36 0 76.17403314917127 76.20528771384136 1 8
37 0 53.09046961325967 53.03265940902022 2 41
38 0 33.61533149171271 34.05909797822706 3 65
39 0 24.654696132596683 24.10575427682737 4 69
40 0 17.45511049723757 15.863141524105753 6 85
41 0 13.156077348066297 13.21928460342146 8 106
42 0 13.276933701657459 13.063763608087092 10 143
43 0 76.17403314917127 76.20528771384136 1 8
44 0 53.142265193370164 53.03265940902022 2 40
45 0 33.7189226519337 34.05909797822706 3 65
46 0 24.499309392265193 23.79471228615863 4 70
47 0 17.45511049723757 15.863141524105753 6 85
48 0 13.156077348066297 13.21928460342146 8 106
49 0 76.32941988950276 76.36080870917574 1 21
50 0 53.142265193370164 53.03265940902022 2 41
51 0 33.7707182320442 34.05909797822706 3 65
52 0 24.55110497237569 24.261275272161743 4 69
53 0 17.45511049723757 15.863141524105753 6 85
54 0 13.156077348066297 13.21928460342146 8 106
55 0 76.32941988950276 76.36080870917574 1 21
56 0 53.194060773480665 53.03265940902022 2 41
57 0 33.7707182320442 34.05909797822706 3 65
58 0 24.499309392265193 23.79471228615863 4 70
59 0 13.156077348066297 13.21928460342146 8 106
60 0 76.17403314917127 76.20528771384136 1 4
61 0 13.466850828729282 13.063763608087092 10 144
62 0 52.96961325966851 53.03265940902022 2 38
63 0 52.96961325966851 53.03265940902022 2 38
64 0 33.73618784530387 33.748055987558324 3 64
65 0 23.34254143646409 23.32814930015552 5 85
66 0 13.604972375690608 13.063763608087092 8 108
67 0 33.73618784530387 33.748055987558324 3 64
68 0 24.896408839779006 24.10575427682737 4 67
69 0 13.51864640883978 13.063763608087092 9 123
70 0 17.316988950276244 15.863141524105753 6 86
71 0 14.502762430939226 13.685847589424572 7 102
72 0 24.896408839779006 24.10575427682737 4 67
73 0 17.316988950276244 15.863141524105753 6 86
74 0 14.502762430939226 13.685847589424572 7 102
75 0 76.17403314917127 76.20528771384136 1 4
76 0 13.51864640883978 13.063763608087092 10 145
77 0 53.00414364640884 53.03265940902022 2 38
78 0 33.73618784530387 33.748055987558324 3 64
79 0 24.896408839779006 24.10575427682737 4 67
80 0 17.316988950276244 15.863141524105753 6 86
81 0 14.502762430939226 13.685847589424572 7 102
82 0 76.17403314917127 76.20528771384136 1 8
83 0 13.51864640883978 13.063763608087092 10 145
84 0 53.055939226519335 53.03265940902022 2 39
85 0 33.73618784530387 33.748055987558324 3 64
86 0 24.896408839779006 24.10575427682737 4 67
87 0 17.316988950276244 15.863141524105753 6 86
88 0 14.502762430939226 13.685847589424572 7 102
89 0 76.17403314917127 76.20528771384136 1 7
90 0 13.466850828729282 13.063763608087092 10 144
91 0 53.00414364640884 53.03265940902022 2 38
92 0 17.316988950276244 15.863141524105753 6 86
93 0 24.896408839779006 24.10575427682737 4 67
94 0 14.502762430939226 13.685847589424572 7 102
95 0 76.17403314917127 76.20528771384136 1 4
96 0 13.51864640883978 13.063763608087092 10 145
97 0 53.00414364640884 53.03265940902022 2 38
98 0 14.502762430939226 13.685847589424572 7 102
99 0 76.17403314917127 76.20528771384136 1 4
100 0 13.466850828729282 13.063763608087092 10 144
101 0 53.00414364640884 53.03265940902022 2 38
102 0 14.502762430939226 13.685847589424572 7 102
103 0 76.17403314917127 76.20528771384136 1 4
104 0 52.96961325966851 53.03265940902022 2 38
105 0 14.502762430939226 13.685847589424572 7 102
106 0 76.17403314917127 76.20528771384136 1 5
107 0 53.00414364640884 53.03265940902022 2 38
108 0 14.502762430939226 13.685847589424572 7 102
109 0 76.17403314917127 76.20528771384136 1 4
110 0 53.07320441988951 53.03265940902022 2 40
111 0 14.502762430939226 13.685847589424572 7 102
112 0 76.17403314917127 76.20528771384136 1 4
113 0 53.07320441988951 53.03265940902022 2 40
114 0 76.17403314917127 76.20528771384136 1 6
115 0 52.96961325966851 53.03265940902022 2 38
116 0 76.17403314917127 76.20528771384136 1 4
117 0 52.96961325966851 53.03265940902022 2 38
118 0 76.17403314917127 76.20528771384136 1 5
119 0 53.00414364640884 53.03265940902022 2 38
120 0 76.17403314917127 76.20528771384136 1 14
121 0 13.967541436464087 13.685847589424572 11 176
122 0 53.15953038674033 53.03265940902022 2 44
123 0 53.107734806629836 53.03265940902022 2 43
124 0 33.7707182320442 33.748055987558324 3 66
125 0 18.577348066298345 17.262830482115085 6 86
126 0 15.521408839779005 13.996889580093313 7 103
127 0 33.7189226519337 33.748055987558324 3 68
128 0 24.982734806629832 24.416796267496114 4 72
129 0 14.899861878453038 14.463452566096425 8 107
130 0 14.019337016574585 13.685847589424572 9 131
131 0 14.002071823204421 13.685847589424572 10 156
132 0 24.982734806629832 24.416796267496114 4 72
133 0 21.167127071823206 19.284603421461895 5 78
134 0 21.167127071823206 19.284603421461895 5 78
135 0 76.17403314917127 76.20528771384136 1 14
136 0 13.967541436464087 13.685847589424572 11 176
137 0 53.107734806629836 53.03265940902022 2 45
138 0 33.7707182320442 33.748055987558324 3 66
139 0 24.982734806629832 24.416796267496114 4 72
140 0 76.17403314917127 76.20528771384136 1 15
141 0 13.967541436464087 13.685847589424572 11 176
142 0 53.17679558011049 53.03265940902022 2 44
143 0 33.7189226519337 33.748055987558324 3 68
144 0 24.982734806629832 24.416796267496114 4 72
145 0 76.17403314917127 76.20528771384136 1 14
146 0 13.967541436464087 13.685847589424572 11 176
147 0 53.107734806629836 53.03265940902022 2 43
148 0 33.7189226519337 33.748055987558324 3 68
149 0 76.4157458563536 76.51632970451011 1 15
150 0 13.967541436464087 13.685847589424572 11 176
151 0 53.107734806629836 53.03265940902022 2 43
152 0 33.7707182320442 33.748055987558324 3 66
153 0 76.17403314917127 76.20528771384136 1 14
154 0 53.15953038674033 53.03265940902022 2 43
155 0 33.7707182320442 33.748055987558324 3 66
156 0 76.17403314917127 76.20528771384136 1 16
157 0 53.15953038674033 53.03265940902022 2 43
158 0 33.7189226519337 33.748055987558324 3 68
159 0 76.17403314917127 76.20528771384136 1 15
160 0 53.29765193370166 53.18818040435459 2 44
161 0 76.17403314917127 76.20528771384136 1 15
162 0 53.09046961325967 53.03265940902022 2 43
163 0 76.17403314917127 76.20528771384136 1 15
164 0 53.31491712707182 53.03265940902022 2 41
165 0 76.17403314917127 76.20528771384136 1 14
166 0 53.29765193370166 53.18818040435459 2 44
167 0 76.17403314917127 76.20528771384136 1 15
168 0 53.29765193370166 53.18818040435459 2 44
169 0 53.15953038674033 53.03265940902022 2 43
170 0 53.31491712707182 53.03265940902022 2 41
171 0 76.67472375690608 76.67185069984448 1 22
172 0 13.639502762430938 13.21928460342146 17 258
173 0 59.21961325966851 59.72006220839814 2 36
174 0 14.019337016574585 13.685847589424572 10 152
175 0 45.562845303867405 44.47900466562986 3 54
176 0 31.508977900552487 29.237947122861584 4 76
177 0 20.355662983425415 18.195956454121305 6 96
178 0 30.455801104972373 28.304821150855364 5 92
179 0 15.41781767955801 13.530326594090203 8 122
180 0 76.17403314917127 76.20528771384136 1 5
181 0 13.225138121546962 14.152410575427682 12 186
182 0 53.07320441988951 53.03265940902022 2 40
183 0 53.07320441988951 53.03265940902022 2 40
184 0 33.56353591160221 33.903576982892695 3 64
185 0 20.165745856353592 18.35147744945568 5 76
186 0 33.7189226519337 34.05909797822706 3 66
187 0 24.706491712707184 24.261275272161743 4 70
188 0 17.403314917127073 16.951788491446347 6 92
189 0 14.830801104972377 14.307931570762053 7 100
190 0 17.403314917127073 16.951788491446347 6 92
191 0 24.706491712707184 24.261275272161743 4 70
192 0 14.830801104972377 14.307931570762053 7 100
193 0 13.535911602209943 14.152410575427682 8 105
194 0 13.156077348066297 13.841368584758943 9 120
195 0 13.190607734806632 13.996889580093313 10 145
196 0 13.535911602209943 14.152410575427682 8 105
197 0 13.156077348066297 13.841368584758943 9 120
198 0 13.156077348066297 13.996889580093313 11 164
199 0 13.190607734806632 13.996889580093313 10 145
200 0 13.156077348066297 13.996889580093313 11 164
201 0 76.17403314917127 76.20528771384136 1 5
202 0 13.225138121546962 14.152410575427682 12 186
203 0 53.07320441988951 53.03265940902022 2 40
204 0 33.56353591160221 33.903576982892695 3 64
205 0 17.403314917127073 16.951788491446347 6 92
206 0 24.706491712707184 24.261275272161743 4 70
207 0 15.26243093922652 14.463452566096425 7 99
208 0 13.535911602209943 14.152410575427682 8 105
209 0 13.156077348066297 13.841368584758943 9 120
210 0 13.190607734806632 13.996889580093313 10 145
211 0 13.1042817679558 13.530326594090203 11 166
212 0 76.17403314917127 76.20528771384136 1 5
213 0 53.055939226519335 53.03265940902022 2 39
214 0 33.7189226519337 34.05909797822706 3 66
215 0 17.403314917127073 16.951788491446347 6 92
216 0 15.26243093922652 14.463452566096425 7 99
217 0 13.535911602209943 14.152410575427682 8 105
218 0 13.156077348066297 13.841368584758943 9 120
219 0 13.156077348066297 13.996889580093313 11 164
220 0 76.17403314917127 76.20528771384136 1 5
221 0 53.07320441988951 53.03265940902022 2 40
222 0 33.56353591160221 33.903576982892695 3 64
223 0 17.403314917127073 16.951788491446347 6 92
224 0 15.26243093922652 14.463452566096425 7 99
225 0 13.156077348066297 13.841368584758943 9 120
226 0 13.156077348066297 13.996889580093313 11 164
227 0 76.17403314917127 76.20528771384136 1 5
228 0 53.055939226519335 53.03265940902022 2 40
229 0 33.56353591160221 33.903576982892695 3 64
230 0 17.403314917127073 16.951788491446347 6 92
231 0 13.156077348066297 13.841368584758943 9 120
232 0 13.156077348066297 13.996889580093313 11 164
233 0 76.17403314917127 76.20528771384136 1 5
234 0 53.07320441988951 53.03265940902022 2 40
235 0 33.7189226519337 34.05909797822706 3 66
236 0 17.4378453038674 16.796267496111973 6 92
237 0 13.156077348066297 13.841368584758943 9 120
238 0 13.156077348066297 13.996889580093313 11 164
239 0 76.22582872928176 76.20528771384136 1 7
240 0 76.17403314917127 76.20528771384136 1 9
241 0 17.575966850828728 16.329704510108865 10 136
242 0 33.63259668508287 33.748055987558324 3 68
243 0 53.03867403314917 53.34370139968896 2 42
244 0 52.96961325966851 53.03265940902022 2 42
245 0 19.82044198895028 17.884914463452567 5 76
246 0 18.318370165745858 16.640746500777606 6 93
247 0 24.723756906077348 24.10575427682737 4 67
248 0 24.723756906077348 24.10575427682737 4 67
249 0 17.4896408839779 16.640746500777606 7 106
250 0 17.4896408839779 16.640746500777606 7 106
251 0 20.528314917127073 18.506998444790046 8 114
252 0 17.575966850828728 16.485225505443236 9 114
253 0 20.528314917127073 18.506998444790046 8 114
254 0 17.575966850828728 16.485225505443236 9 114
255 0 76.17403314917127 76.20528771384136 1 22
256 0 52.96961325966851 53.03265940902022 2 42
257 0 24.723756906077348 24.10575427682737 4 67
258 0 20.528314917127073 18.506998444790046 8 114
259 0 76.17403314917127 76.20528771384136 1 22
260 0 53.15953038674033 53.03265940902022 2 44
261 0 24.723756906077348 24.10575427682737 4 67
262 0 80.2486187845304 79.16018662519441 1 9
263 0 53.03867403314917 53.34370139968896 2 42
264 0 24.723756906077348 24.10575427682737 4 67
265 0 76.17403314917127 76.20528771384136 1 22
266 0 53.15953038674033 53.03265940902022 2 44
267 0 24.723756906077348 24.10575427682737 4 67
268 0 76.17403314917127 76.20528771384136 1 22
269 0 52.95234806629834 53.03265940902022 2 44
270 0 24.723756906077348 24.10575427682737 4 67
271 0 76.67472375690608 76.36080870917574 1 20
272 0 53.40124309392266 53.654743390357694 2 42
273 0 24.723756906077348 24.10575427682737 4 67
274 0 76.17403314917127 76.20528771384136 1 22
275 0 52.98687845303868 53.03265940902022 2 43
276 0 24.723756906077348 24.10575427682737 4 67
277 0 76.17403314917127 76.20528771384136 1 22
278 0 53.03867403314917 53.34370139968896 2 42
279 0 24.723756906077348 24.10575427682737 4 67
280 0 76.17403314917127 76.20528771384136 1 10
281 0 53.15953038674033 53.03265940902022 2 44
282 0 24.723756906077348 24.10575427682737 4 67
283 0 76.19129834254143 76.20528771384136 1 23
284 0 52.96961325966851 53.03265940902022 2 42
285 0 24.723756906077348 24.10575427682737 4 67
286 0 76.19129834254143 76.20528771384136 1 23
287 0 52.96961325966851 53.03265940902022 2 42
288 0 24.723756906077348 24.10575427682737 4 67
289 0 76.17403314917127 76.20528771384136 1 21
290 0 53.15953038674033 53.03265940902022 2 44
291 0 24.723756906077348 24.10575427682737 4 67
292 0 76.19129834254143 76.20528771384136 1 23
293 0 52.96961325966851 53.03265940902022 2 42
294 0 24.723756906077348 24.10575427682737 4 67
295 0 76.17403314917127 76.20528771384136 1 21
296 0 76.17403314917127 76.20528771384136 1 22
297 0 80.2486187845304 79.16018662519441 1 9
298 0 76.17403314917127 76.20528771384136 1 22
299 0 53.021408839779006 53.34370139968896 2 43
