0 0 76.17403314917127 76.20528771384136 1 8
1 0 11.8439226519337 15.241057542768274 11 104
2 0 52.84875690607734 53.03265940902022 2 53
3 0 53.055939226519335 53.34370139968896 2 53
4 0 33.89157458563536 35.61430793157076 3 77
5 0 18.1457182320442 20.99533437013997 5 86
6 0 16.004834254143645 17.418351477449455 6 61
7 0 33.822513812154696 35.769828926905134 3 77
8 0 24.03314917127072 26.594090202177295 4 82
9 0 24.03314917127072 26.594090202177295 4 82
10 0 13.501381215469612 16.640746500777606 7 82
11 0 13.501381215469612 16.640746500777606 7 82
12 0 12.914364640883976 16.018662519440124 8 85
13 0 12.914364640883976 16.018662519440124 8 85
14 0 12.448204419889503 15.552099533437014 9 89
15 0 12.01657458563536 14.930015552099535 10 93
16 0 12.448204419889503 15.552099533437014 9 89
17 0 12.01657458563536 14.930015552099535 10 93
18 0 76.17403314917127 76.20528771384136 1 27
19 0 11.8439226519337 15.241057542768274 11 104
20 0 52.84875690607734 53.03265940902022 2 53
21 0 24.03314917127072 26.594090202177295 4 82
22 0 13.501381215469612 16.640746500777606 7 82
23 0 12.914364640883976 16.018662519440124 8 85
24 0 12.448204419889503 15.552099533437014 9 89
25 0 76.17403314917127 76.20528771384136 1 8
26 0 11.8439226519337 15.241057542768274 11 104
27 0 52.84875690607734 53.03265940902022 2 53
28 0 24.03314917127072 26.594090202177295 4 82
29 0 13.501381215469612 16.640746500777606 7 82
30 0 12.914364640883976 16.018662519440124 8 85
31 0 12.448204419889503 15.552099533437014 9 89
32 0 76.17403314917127 76.20528771384136 1 28
33 0 11.8439226519337 15.241057542768274 11 104
34 0 52.84875690607734 53.03265940902022 2 53
35 0 24.03314917127072 26.594090202177295 4 82
36 0 13.501381215469612 16.640746500777606 7 82
37 0 12.914364640883976 16.018662519440124 8 85
38 0 12.448204419889503 15.552099533437014 9 89
39 0 76.17403314917127 76.20528771384136 1 26
40 0 11.8439226519337 15.241057542768274 11 104
41 0 52.81422651933701 53.03265940902022 2 51
42 0 24.03314917127072 26.594090202177295 4 82
43 0 12.914364640883976 16.018662519440124 8 85
44 0 12.448204419889503 15.552099533437014 9 89
45 0 76.17403314917127 76.20528771384136 1 26
46 0 11.8439226519337 15.241057542768274 11 104
47 0 52.84875690607734 53.03265940902022 2 53
48 0 24.03314917127072 26.594090202177295 4 82
49 0 12.914364640883976 16.018662519440124 8 85
50 0 12.448204419889503 15.552099533437014 9 89
51 0 76.17403314917127 76.20528771384136 1 26
52 0 11.8439226519337 15.241057542768274 11 104
53 0 53.055939226519335 53.34370139968896 2 53
54 0 12.914364640883976 16.018662519440124 8 85
55 0 12.448204419889503 15.552099533437014 9 89
56 0 76.17403314917127 76.20528771384136 1 28
57 0 11.8439226519337 15.241057542768274 11 121
58 0 52.79696132596685 53.03265940902022 2 52
59 0 12.448204419889503 15.552099533437014 9 89
60 0 76.17403314917127 76.20528771384136 1 4
61 0 11.826657458563536 15.396578538102643 12 129
62 0 52.95234806629834 53.34370139968896 2 51
63 0 52.93508287292818 53.34370139968896 2 51
64 0 33.459944751381215 34.68118195956454 3 76
65 0 17.506906077348066 20.37325038880249 5 84
66 0 33.459944751381215 34.68118195956454 3 76
67 0 23.601519337016576 25.660964230171075 4 80
68 0 23.6878453038674 25.505443234836704 4 82
69 0 13.1042817679558 16.174183514774494 8 85
70 0 11.8439226519337 15.241057542768274 10 93
71 0 17.558701657458563 20.21772939346812 6 88
72 0 13.812154696132598 16.640746500777606 7 83
73 0 12.310082872928177 15.707620528771384 9 89
74 0 12.310082872928177 15.707620528771384 9 89
75 0 13.812154696132598 16.640746500777606 7 83
76 0 17.558701657458563 20.21772939346812 6 88
77 0 11.8439226519337 15.241057542768274 10 93
78 0 76.17403314917127 76.20528771384136 1 25
79 0 11.80939226519337 15.241057542768274 12 124
80 0 52.95234806629834 53.34370139968896 2 51
81 0 33.459944751381215 34.68118195956454 3 76
82 0 23.601519337016576 25.660964230171075 4 80
83 0 12.310082872928177 15.707620528771384 9 89
84 0 13.812154696132598 16.640746500777606 7 83
85 0 17.558701657458563 20.21772939346812 6 88
86 0 11.8439226519337 15.241057542768274 10 93
87 0 76.17403314917127 76.20528771384136 1 4
88 0 11.80939226519337 15.241057542768274 12 124
89 0 52.95234806629834 53.34370139968896 2 51
90 0 33.459944751381215 34.68118195956454 3 76
91 0 23.61878453038674 25.505443234836704 4 82
92 0 12.310082872928177 15.707620528771384 9 89
93 0 11.8439226519337 15.241057542768274 10 93
94 0 76.17403314917127 76.20528771384136 1 5
95 0 11.80939226519337 15.241057542768274 12 124
96 0 52.93508287292818 53.34370139968896 2 51
97 0 33.373618784530386 34.83670295489891 3 74
98 0 23.6878453038674 25.505443234836704 4 82
99 0 12.310082872928177 15.707620528771384 9 89
100 0 11.8439226519337 15.241057542768274 10 93
101 0 76.17403314917127 76.20528771384136 1 5
102 0 11.80939226519337 15.241057542768274 12 124
103 0 52.91781767955801 53.34370139968896 2 50
104 0 33.459944751381215 34.68118195956454 3 76
105 0 23.601519337016576 25.660964230171075 4 80
106 0 12.310082872928177 15.707620528771384 9 89
107 0 11.8439226519337 15.241057542768274 10 93
108 0 76.17403314917127 76.20528771384136 1 5
109 0 11.80939226519337 15.241057542768274 12 124
110 0 52.95234806629834 53.34370139968896 2 51
111 0 33.49447513812155 34.3701399688958 3 77
112 0 23.601519337016576 25.660964230171075 4 80
113 0 12.310082872928177 15.707620528771384 9 89
114 0 11.8439226519337 15.241057542768274 10 93
115 0 76.17403314917127 76.20528771384136 1 24
116 0 52.95234806629834 53.34370139968896 2 51
117 0 33.459944751381215 34.68118195956454 3 76
118 0 23.601519337016576 25.660964230171075 4 80
119 0 12.310082872928177 15.707620528771384 9 89
120 0 76.17403314917127 76.20528771384136 1 7
121 0 11.8439226519337 15.241057542768274 10 93
122 0 53.228591160220994 53.18818040435459 2 52
123 0 53.228591160220994 53.18818040435459 2 52
124 0 33.89157458563536 35.14774494556765 3 79
125 0 18.093922651933703 20.37325038880249 5 87
126 0 33.8743093922652 34.99222395023328 3 79
127 0 23.998618784530386 25.816485225505442 4 84
128 0 13.501381215469612 16.174183514774494 8 88
129 0 13.622237569060774 16.018662519440124 7 80
130 0 23.998618784530386 25.816485225505442 4 84
131 0 18.093922651933703 20.37325038880249 5 87
132 0 13.622237569060774 16.018662519440124 7 80
133 0 12.430939226519337 15.396578538102643 9 90
134 0 12.430939226519337 15.396578538102643 9 90
135 0 76.17403314917127 76.20528771384136 1 8
136 0 11.8439226519337 15.241057542768274 10 93
137 0 53.228591160220994 53.18818040435459 2 52
138 0 33.78798342541437 34.83670295489891 3 77
139 0 23.998618784530386 25.816485225505442 4 84
140 0 18.093922651933703 20.37325038880249 5 87
141 0 13.622237569060774 16.018662519440124 7 80
142 0 12.430939226519337 15.396578538102643 9 90
143 0 76.17403314917127 76.20528771384136 1 7
144 0 11.8439226519337 15.241057542768274 10 93
145 0 53.228591160220994 53.18818040435459 2 52
146 0 33.89157458563536 35.14774494556765 3 79
147 0 23.998618784530386 25.816485225505442 4 84
148 0 18.093922651933703 20.37325038880249 5 87
149 0 13.622237569060774 16.018662519440124 7 80
150 0 12.430939226519337 15.396578538102643 9 90
151 0 76.17403314917127 76.20528771384136 1 7
152 0 11.8439226519337 15.241057542768274 10 93
153 0 53.228591160220994 53.18818040435459 2 52
154 0 33.89157458563536 35.14774494556765 3 79
155 0 23.998618784530386 25.816485225505442 4 84
156 0 18.093922651933703 20.37325038880249 5 87
157 0 13.622237569060774 16.018662519440124 7 80
158 0 12.430939226519337 15.396578538102643 9 90
159 0 76.17403314917127 76.20528771384136 1 9
160 0 11.8439226519337 15.241057542768274 10 93
161 0 53.228591160220994 53.18818040435459 2 52
162 0 33.89157458563536 35.14774494556765 3 79
163 0 23.998618784530386 25.816485225505442 4 84
164 0 18.093922651933703 20.37325038880249 5 87
165 0 13.622237569060774 16.018662519440124 7 80
166 0 12.430939226519337 15.396578538102643 9 90
167 0 76.17403314917127 76.20528771384136 1 8
168 0 11.8439226519337 15.241057542768274 10 93
169 0 53.228591160220994 53.18818040435459 2 52
170 0 33.89157458563536 35.14774494556765 3 79
171 0 24.102209944751383 25.660964230171075 4 83
172 0 18.093922651933703 20.37325038880249 5 87
173 0 13.622237569060774 16.018662519440124 7 80
174 0 12.430939226519337 15.396578538102643 9 90
175 0 76.17403314917127 76.20528771384136 1 8
176 0 11.8439226519337 15.241057542768274 10 93
177 0 53.228591160220994 53.18818040435459 2 52
178 0 33.8743093922652 34.99222395023328 3 79
179 0 23.998618784530386 25.816485225505442 4 84
180 0 76.17403314917127 76.20528771384136 1 9
181 0 11.792127071823204 15.241057542768274 11 115
182 0 52.95234806629834 53.18818040435459 2 46
183 0 23.480662983425415 25.972006220839816 4 74
184 0 52.84875690607734 53.34370139968896 2 45
185 0 33.25276243093923 35.14774494556765 3 69
186 0 33.321823204419886 35.14774494556765 3 70
187 0 12.310082872928177 15.707620528771384 9 89
188 0 17.76588397790055 20.37325038880249 5 76
189 0 17.73135359116022 20.52877138413686 5 77
190 0 15.935773480662984 17.418351477449455 6 61
191 0 15.935773480662984 17.418351477449455 6 61
192 0 13.639502762430938 16.174183514774494 7 81
193 0 11.8439226519337 15.241057542768274 10 93
194 0 13.639502762430938 16.174183514774494 7 81
195 0 13.121546961325967 15.863141524105753 8 85
196 0 13.121546961325967 15.863141524105753 8 85
197 0 11.861187845303869 14.930015552099535 10 93
198 0 76.17403314917127 76.20528771384136 1 24
199 0 11.792127071823204 15.241057542768274 11 115
200 0 52.83149171270718 53.34370139968896 2 46
201 0 33.321823204419886 35.14774494556765 3 70
202 0 17.76588397790055 20.37325038880249 5 76
203 0 15.935773480662984 17.418351477449455 6 61
204 0 13.639502762430938 16.174183514774494 7 81
205 0 13.121546961325967 15.863141524105753 8 85
206 0 11.861187845303869 14.930015552099535 10 93
207 0 76.17403314917127 76.20528771384136 1 22
208 0 11.792127071823204 15.241057542768274 11 115
209 0 52.90055248618785 53.18818040435459 2 46
210 0 33.27002762430939 35.14774494556765 3 70
211 0 17.76588397790055 20.37325038880249 5 76
212 0 13.639502762430938 16.174183514774494 7 81
213 0 11.861187845303869 14.930015552099535 10 93
214 0 13.121546961325967 15.863141524105753 8 85
215 0 76.17403314917127 76.20528771384136 1 22
216 0 11.792127071823204 15.241057542768274 11 115
217 0 52.90055248618785 53.18818040435459 2 46
218 0 33.321823204419886 35.14774494556765 3 70
219 0 17.76588397790055 20.37325038880249 5 76
220 0 13.639502762430938 16.174183514774494 7 81
221 0 11.861187845303869 14.930015552099535 10 93
222 0 13.121546961325967 15.863141524105753 8 85
223 0 76.17403314917127 76.20528771384136 1 24
224 0 11.792127071823204 15.241057542768274 11 115
225 0 52.84875690607734 53.18818040435459 2 45
226 0 33.321823204419886 35.14774494556765 3 70
227 0 17.76588397790055 20.37325038880249 5 76
228 0 11.861187845303869 14.930015552099535 10 93
229 0 13.121546961325967 15.863141524105753 8 85
230 0 76.17403314917127 76.20528771384136 1 22
231 0 11.792127071823204 15.241057542768274 11 115
232 0 52.84875690607734 53.18818040435459 2 45
233 0 17.76588397790055 20.37325038880249 5 76
234 0 11.8439226519337 15.241057542768274 10 93
235 0 13.121546961325967 15.863141524105753 8 85
236 0 76.17403314917127 76.20528771384136 1 23
237 0 11.792127071823204 15.241057542768274 11 115
238 0 52.84875690607734 53.18818040435459 2 45
239 0 17.76588397790055 20.37325038880249 5 76
240 0 76.17403314917127 76.20528771384136 1 13
241 0 11.8439226519337 15.241057542768274 10 93
242 0 52.96961325966851 53.03265940902022 2 49
243 0 53.125 53.18818040435459 2 50
244 0 33.75345303867403 35.30326594090202 3 72
245 0 33.73618784530387 34.68118195956454 3 73
246 0 23.998618784530386 25.34992223950233 4 77
247 0 23.998618784530386 25.34992223950233 4 77
248 0 18.05939226519337 19.906687402799378 5 81
249 0 18.05939226519337 19.906687402799378 5 81
250 0 18.111187845303867 20.37325038880249 6 70
251 0 18.111187845303867 20.37325038880249 6 70
252 0 13.622237569060774 16.485225505443236 7 81
253 0 12.448204419889503 15.552099533437014 9 89
254 0 13.622237569060774 16.485225505443236 7 81
255 0 13.03522099447514 16.174183514774494 8 85
256 0 13.03522099447514 16.174183514774494 8 85
257 0 12.448204419889503 15.552099533437014 9 89
258 0 76.17403314917127 76.20528771384136 1 13
259 0 11.8439226519337 15.241057542768274 10 93
260 0 52.95234806629834 53.03265940902022 2 49
261 0 33.73618784530387 34.68118195956454 3 73
262 0 23.998618784530386 25.34992223950233 4 77
263 0 18.05939226519337 19.906687402799378 5 81
264 0 18.111187845303867 20.37325038880249 6 70
265 0 13.622237569060774 16.485225505443236 7 81
266 0 12.448204419889503 15.552099533437014 9 89
267 0 13.03522099447514 16.174183514774494 8 85
268 0 76.46754143646409 76.51632970451011 1 25
269 0 11.8439226519337 15.241057542768274 10 93
270 0 53.125 53.18818040435459 2 50
271 0 33.995165745856355 34.99222395023328 3 73
272 0 23.998618784530386 25.34992223950233 4 77
273 0 18.05939226519337 19.906687402799378 5 81
274 0 18.111187845303867 20.37325038880249 6 70
275 0 13.622237569060774 16.485225505443236 7 81
276 0 12.448204419889503 15.552099533437014 9 89
277 0 13.03522099447514 16.174183514774494 8 85
278 0 76.46754143646409 76.51632970451011 1 25
279 0 11.8439226519337 15.241057542768274 10 93
280 0 52.96961325966851 53.03265940902022 2 49
281 0 33.73618784530387 34.68118195956454 3 73
282 0 23.998618784530386 25.34992223950233 4 77
283 0 18.05939226519337 19.906687402799378 5 81
284 0 18.111187845303867 20.37325038880249 6 70
285 0 13.622237569060774 16.485225505443236 7 81
286 0 12.448204419889503 15.552099533437014 9 89
287 0 13.03522099447514 16.174183514774494 8 85
288 0 76.3121546961326 76.51632970451011 1 25
289 0 11.8439226519337 15.241057542768274 10 93
290 0 52.95234806629834 53.03265940902022 2 49
291 0 33.73618784530387 34.68118195956454 3 73
292 0 23.998618784530386 25.34992223950233 4 77
293 0 18.111187845303867 20.37325038880249 6 70
294 0 13.622237569060774 16.485225505443236 7 81
295 0 12.448204419889503 15.552099533437014 9 89
296 0 13.03522099447514 16.174183514774494 8 85
297 0 76.17403314917127 76.20528771384136 1 13
298 0 11.8439226519337 15.241057542768274 10 93
299 0 52.96961325966851 53.03265940902022 2 49
