---
0 0 76.18718701433258 1.0 36
1 4 0 0 0 0 0 0 0 0 0 1 0 0 0 0 0 0 0 0 0 0 4 0 1 0 2 0 0 0 0 4 1 4 0 0 0 0.35072234037956473 
---
0 1 52.909687446036955 2.0 36
1 0 2 2 0 2 0 4 1 0 2 4 1 2 0 4 1 4 4 12 0 4 0 0 0 4 0 4 0 4 2 12 0 0 0 0 0 0.8301964831949104 
2 0 1 0 2 0 0 0 4 0 0 1 0 0 0 2 4 12 0 7 0 0 0 0 0 0 1 7 2 0 4 2 0 4 2 0 5 0.20196982440533606 
---
0 2 23.657399412882057 4.0 36
1 0 2 2 0 2 0 4 1 0 2 4 1 2 0 4 1 4 4 12 0 4 0 0 0 4 0 4 0 4 2 12 0 0 0 0 0 0.8301964831949104 
1 0 2 0 0 0 0 0 1 0 4 0 0 0 0 0 0 6 8 2 0 1 0 0 0 0 0 0 0 0 0 0 1 0 0 0 1 0.9995637039077783 
0 0 0 7 2 0 4 0 0 0 0 0 8 0 0 0 5 0 8 4 2 0 2 12 0 2 8 2 5 0 4 1 0 8 1 4 2 0.8702355494441152 
2 0 1 0 2 0 0 0 4 0 0 1 0 0 0 2 4 12 0 7 0 0 0 0 0 0 1 7 2 0 4 2 0 4 2 0 5 0.20196982440533606 
---
0 3 17.440856501467795 5.0 36
7 0 0 0 0 0 0 0 0 0 4 0 0 7 0 0 0 6 1 0 0 4 0 0 0 1 0 0 0 0 7 0 0 0 0 0 4 0.9728021241973533 
1 0 2 0 0 0 0 0 1 0 4 0 0 0 0 0 0 6 8 2 0 1 0 0 0 0 0 0 0 0 0 0 1 0 0 0 1 0.9995637039077783 
0 0 0 7 2 0 4 0 0 0 0 0 8 0 0 0 5 0 8 4 2 0 2 12 0 2 8 2 5 0 4 1 0 8 1 4 2 0.9227126438688154 
1 0 2 2 0 2 0 4 1 0 2 4 1 2 0 4 1 4 4 12 0 4 0 0 0 4 0 4 0 4 2 12 0 0 0 0 0 0.8301964831949104 
2 0 1 0 2 0 0 0 4 0 0 1 0 0 0 2 4 12 0 7 0 0 0 0 0 0 1 7 2 0 4 2 0 4 2 0 5 0.20196982440533606 
---
0 4 14.522534968053877 6.0 36
0 0 0 7 2 0 4 0 0 0 0 0 8 0 0 0 5 0 8 4 2 0 2 12 0 2 8 2 5 0 4 1 0 8 1 4 2 0.8702355494441152 
7 0 0 0 0 0 0 0 0 0 4 0 0 7 0 0 0 6 1 0 0 4 0 0 0 1 0 0 0 0 7 0 0 0 0 0 4 0.8340058150261673 
1 0 2 2 0 2 0 4 1 0 2 4 1 2 0 4 1 4 4 12 0 4 0 0 0 4 0 4 0 4 2 12 0 0 0 0 0 0.8301964831949104 
0 0 12 0 4 0 0 7 0 0 12 4 0 5 7 0 0 12 0 0 0 8 7 0 0 0 0 0 0 0 12 2 0 0 0 0 3 0.13219570506187206 
2 0 1 0 2 0 0 0 4 0 0 1 0 0 0 2 4 12 0 7 0 0 0 0 0 0 1 7 2 0 4 2 0 4 2 0 5 0.20196982440533606 
1 0 2 0 0 0 0 0 1 0 4 0 0 0 0 0 0 6 8 2 0 1 0 0 0 0 0 0 0 0 0 0 1 0 0 0 1 0.9995637039077783 
---
0 5 14.522534968053877 6.0 36
0 0 0 7 2 0 4 0 0 0 0 0 8 0 0 0 5 0 8 4 2 0 2 12 0 2 8 2 5 0 4 1 0 8 1 4 2 0.8702355494441152 
7 0 0 0 0 0 0 0 0 0 4 0 0 7 0 0 0 6 1 0 0 4 0 0 0 1 0 0 0 0 7 0 0 0 0 0 4 0.8340058150261673 
1 0 2 2 0 2 0 4 1 0 2 4 1 2 0 4 1 4 4 12 0 4 0 0 0 4 0 4 0 4 2 12 0 0 0 0 0 0.8301964831949104 
0 0 12 0 4 0 0 7 0 0 12 4 0 5 7 0 0 12 0 0 0 8 7 0 0 0 0 0 0 0 12 2 0 0 0 0 3 0.13219570506187206 
2 0 1 0 2 0 0 0 4 0 0 1 0 0 0 2 4 12 0 7 0 0 0 0 0 0 1 7 2 0 4 2 0 4 2 0 5 0.20196982440533606 
1 0 2 0 0 0 0 0 1 0 4 0 0 0 0 0 0 6 8 2 0 1 0 0 0 0 0 0 0 0 0 0 1 0 0 0 1 0.9995637039077783 
---
0 6 76.18718701433258 1.0 36
1 0 2 2 0 2 0 4 1 0 2 4 1 2 0 4 1 4 4 12 0 4 0 0 0 4 0 4 0 4 2 12 0 0 0 0 0 0.9688640119555784 
---
0 7 23.657399412882057 4.0 36
1 0 2 2 0 2 0 4 1 0 2 4 1 2 0 4 1 4 4 12 0 4 0 0 0 4 0 4 0 4 2 12 0 0 0 0 0 0.8301964831949104 
0 0 0 7 2 0 4 0 0 0 0 0 8 0 0 0 5 0 8 4 2 0 2 12 0 2 8 2 5 0 4 1 0 8 1 4 2 0.8702355494441152 
2 0 1 0 2 0 0 0 4 0 0 1 0 0 0 2 4 12 0 7 0 0 0 0 0 0 1 7 2 0 4 2 0 4 2 0 5 0.20196982440533606 
1 0 2 0 0 0 0 0 1 0 4 0 0 0 0 0 0 6 8 2 0 1 0 0 0 0 0 0 0 0 0 0 1 0 0 0 1 0.9995637039077783 
---
0 8 14.522534968053877 6.0 36
2 0 1 0 2 0 0 0 4 0 0 1 0 0 0 2 4 12 0 7 0 0 0 0 0 0 1 7 2 0 4 2 0 4 2 0 5 0.20196982440533606 
1 0 2 0 0 0 0 0 1 0 4 0 0 0 0 0 0 6 8 2 0 1 0 0 0 0 0 0 0 0 0 0 1 0 0 0 1 0.9995637039077783 
0 0 12 0 4 0 0 7 0 0 12 4 0 5 7 0 0 12 0 0 0 8 7 0 0 0 0 0 0 0 12 2 0 0 0 0 3 0.13219570506187206 
7 0 0 0 0 0 0 0 0 0 4 0 0 7 0 0 0 6 1 0 0 4 0 0 0 1 0 0 0 0 7 0 0 0 0 0 4 0.8340058150261673 
1 0 2 2 0 2 0 4 1 0 2 4 1 2 0 4 1 4 4 12 0 4 0 0 0 4 0 4 0 4 2 12 0 0 0 0 0 0.8301964831949104 
0 0 0 7 2 0 4 0 0 0 0 0 8 0 0 0 5 0 8 4 2 0 2 12 0 2 8 2 5 0 4 1 0 8 1 4 2 0.8702355494441152 
---
0 9 76.18718701433258 1.0 36
1 0 2 2 0 4 0 2 2 0 2 4 1 2 0 4 1 4 4 12 0 4 0 0 0 4 0 4 0 4 2 2 0 0 0 0 0 0.887214679146024 
---
0 10 23.657399412882057 4.0 36
1 0 2 2 0 2 0 4 1 0 2 4 1 2 0 4 1 4 4 12 0 4 0 0 0 4 0 4 0 4 2 12 0 0 0 0 0 0.8301964831949104 
0 0 0 7 2 0 4 0 0 0 0 0 8 0 0 0 5 0 8 4 2 0 2 12 0 2 8 2 5 0 4 1 0 8 1 4 2 0.8702355494441152 
2 0 1 0 2 0 0 0 4 0 0 1 0 0 0 2 4 12 0 7 0 0 0 0 0 0 1 7 2 0 4 2 0 4 2 0 5 0.20196982440533606 
1 0 2 0 0 0 0 0 1 0 4 0 0 0 0 0 0 6 8 2 0 1 0 0 0 0 0 0 0 0 0 0 1 0 0 0 1 0.9995637039077783 
---
0 11 14.522534968053877 6.0 36
0 0 0 7 2 0 4 0 0 0 0 0 8 0 0 0 5 0 8 4 2 0 2 12 0 2 8 2 5 0 4 1 0 8 1 4 2 0.8702355494441152 
7 0 0 0 0 0 0 0 0 0 4 0 0 7 0 0 0 6 1 0 0 4 0 0 0 1 0 0 0 0 7 0 0 0 0 0 4 0.8340058150261673 
1 0 2 2 0 2 0 4 1 0 2 4 1 2 0 4 1 4 4 12 0 4 0 0 0 4 0 4 0 4 2 12 0 0 0 0 0 0.8301964831949104 
0 0 12 0 4 0 0 7 0 0 12 4 0 5 7 0 0 12 0 0 0 8 7 0 0 0 0 0 0 0 12 2 0 0 0 0 3 0.13219570506187206 
2 0 1 0 2 0 0 0 4 0 0 1 0 0 0 2 4 12 0 7 0 0 0 0 0 0 1 7 2 0 4 2 0 4 2 0 5 0.20196982440533606 
1 0 2 0 0 0 0 0 1 0 4 0 0 0 0 0 0 6 8 2 0 1 0 0 0 0 0 0 0 0 0 0 1 0 0 0 1 0.9995637039077783 
---
0 12 76.18718701433258 1.0 36
1 0 2 2 0 2 0 4 1 0 2 4 1 2 0 4 1 4 4 12 0 4 0 0 0 4 0 4 0 4 2 12 0 0 4 0 0 0.9687110561954948 
---
0 13 23.657399412882057 4.0 36
1 0 2 2 0 2 0 4 1 0 2 4 1 2 0 4 1 4 4 12 0 4 0 0 0 4 0 4 0 4 2 12 0 0 0 0 0 0.8301964831949104 
0 0 0 7 2 0 4 0 0 0 0 0 8 0 0 0 5 0 8 4 2 0 2 12 0 2 8 2 5 0 4 1 0 8 1 4 2 0.8702355494441152 
2 0 1 0 2 0 0 0 4 0 0 1 0 0 0 2 4 12 0 7 0 0 0 0 0 0 1 7 2 0 4 2 0 4 2 0 5 0.20196982440533606 
1 0 2 0 0 0 0 0 1 0 4 0 0 0 0 0 0 6 8 2 0 1 0 0 0 0 0 0 0 0 0 0 1 0 0 0 1 0.9995637039077783 
---
0 14 14.522534968053877 6.0 36
0 0 0 7 2 0 4 0 0 0 0 0 8 0 0 0 5 0 8 4 2 0 2 12 0 2 8 2 5 0 4 1 0 8 1 4 2 0.8702355494441152 
7 0 0 0 0 0 0 0 0 0 4 0 0 7 0 0 0 6 1 0 0 4 0 0 0 1 0 0 0 0 7 0 0 0 0 0 4 0.8340058150261673 
1 0 2 2 0 2 0 4 1 0 2 4 1 2 0 4 1 4 4 12 0 4 0 0 0 4 0 4 0 4 2 12 0 0 0 0 0 0.8301964831949104 
0 0 12 0 4 0 0 7 0 0 12 4 0 5 7 0 0 12 0 0 0 8 7 0 0 0 0 0 0 0 12 2 0 0 0 0 3 0.13219570506187206 
2 0 1 0 2 0 0 0 4 0 0 1 0 0 0 2 4 12 0 7 0 0 0 0 0 0 1 7 2 0 4 2 0 4 2 0 5 0.20196982440533606 
1 0 2 0 0 0 0 0 1 0 4 0 0 0 0 0 0 6 8 2 0 1 0 0 0 0 0 0 0 0 0 0 1 0 0 0 1 0.9995637039077783 
---
0 15 76.18718701433258 1.0 36
1 0 2 2 0 2 0 4 1 0 2 4 1 2 0 4 1 4 4 12 0 4 0 0 0 4 0 4 0 4 2 12 0 0 0 0 0 0.8301964831949104 
---
0 16 23.657399412882057 4.0 36
1 0 2 2 0 2 0 4 1 0 2 4 1 2 0 4 1 4 4 12 0 4 0 0 0 4 0 4 0 4 2 12 0 0 0 0 0 0.8301964831949104 
1 0 2 0 0 0 0 0 1 0 4 0 0 0 0 0 0 6 8 2 0 1 0 0 0 0 0 0 0 0 0 0 1 0 0 0 1 0.9995637039077783 
0 0 0 7 2 0 4 0 0 0 0 0 8 0 0 0 5 0 8 4 2 0 2 12 0 2 8 2 5 0 4 1 0 8 1 4 2 0.8702355494441152 
2 0 1 0 2 0 0 0 4 0 0 1 0 0 0 2 4 12 0 7 0 0 0 0 0 0 1 7 2 0 4 2 0 4 2 0 5 0.20196982440533606 
---
0 17 14.522534968053877 6.0 36
2 0 1 0 2 0 0 0 4 0 0 1 0 0 0 2 4 12 0 7 0 0 0 0 0 0 1 7 2 0 4 2 0 4 2 0 5 0.20196982440533606 
1 0 2 0 0 0 0 0 1 0 4 0 0 0 0 0 0 6 8 2 0 1 0 0 0 0 0 0 0 0 0 0 1 0 0 0 1 0.9995637039077783 
0 0 12 0 4 0 0 7 0 0 12 4 0 5 7 0 0 12 0 0 0 8 7 0 0 0 0 0 0 0 12 2 0 0 0 0 3 0.13219570506187206 
7 0 0 0 0 0 0 0 0 0 4 0 0 7 0 0 0 6 1 0 0 4 0 0 0 1 0 0 0 0 7 0 0 0 0 0 4 0.8340058150261673 
1 0 2 2 0 2 0 4 1 0 2 4 1 2 0 4 1 4 4 12 0 4 0 0 0 4 0 4 0 4 2 12 0 0 0 0 0 0.8301964831949104 
0 0 0 7 2 0 4 0 0 0 0 0 8 0 0 0 5 0 8 4 2 0 2 12 0 2 8 2 5 0 4 1 0 8 1 4 2 0.8702355494441152 
---
0 18 76.18718701433258 1.0 36
1 0 2 2 0 4 0 2 2 0 2 4 1 2 0 4 1 4 4 12 0 4 0 0 0 4 0 4 0 4 2 2 0 0 0 0 0 0.887214679146024 
---
0 19 33.431186323605594 3.0 36
1 0 2 2 0 2 0 4 1 0 2 4 1 2 0 4 1 4 4 12 0 4 0 0 0 4 0 4 0 4 2 12 0 0 0 0 0 0.8301964831949104 
2 0 1 0 2 0 0 0 4 0 0 1 0 0 0 2 4 12 0 7 0 0 0 0 0 0 1 7 2 0 4 2 0 4 2 0 5 0.20196982440533606 
0 0 0 7 2 0 4 0 0 0 0 0 8 0 0 0 5 0 8 4 2 0 2 12 0 2 8 2 5 0 4 1 0 8 1 4 2 0.9227126438688154 
---
0 20 14.522534968053877 6.0 36
0 0 0 7 2 0 4 0 0 0 0 0 8 0 0 0 5 0 8 4 2 0 2 12 0 2 8 2 5 0 4 1 0 8 1 4 2 0.8702355494441152 
7 0 0 0 0 0 0 0 0 0 4 0 0 7 0 0 0 6 1 0 0 4 0 0 0 1 0 0 0 0 7 0 0 0 0 0 4 0.8340058150261673 
1 0 2 2 0 2 0 4 1 0 2 4 1 2 0 4 1 4 4 12 0 4 0 0 0 4 0 4 0 4 2 12 0 0 0 0 0 0.8301964831949104 
0 0 12 0 4 0 0 7 0 0 12 4 0 5 7 0 0 12 0 0 0 8 7 0 0 0 0 0 0 0 12 2 0 0 0 0 3 0.13219570506187206 
2 0 1 0 2 0 0 0 4 0 0 1 0 0 0 2 4 12 0 7 0 0 0 0 0 0 1 7 2 0 4 2 0 4 2 0 5 0.20196982440533606 
1 0 2 0 0 0 0 0 1 0 4 0 0 0 0 0 0 6 8 2 0 1 0 0 0 0 0 0 0 0 0 0 1 0 0 0 1 0.9995637039077783 
---
1 0 76.18718701433258 1.0 36
0 0 0 0 0 0 0 0 0 0 0 1 0 2 0 0 0 0 0 0 0 4 0 4 0 0 0 0 1 0 0 0 1 0 2 0 0 0.1996071262949286 
---
1 1 14.677948540839234 6.0 36
1 0 2 2 0 2 0 4 1 0 2 4 1 2 0 4 1 4 4 12 0 4 0 0 0 4 0 0 0 4 2 12 0 0 0 0 0 0.5195792299141875 
2 0 1 0 2 0 0 0 4 0 0 1 0 0 0 2 4 12 0 7 0 0 0 0 0 0 1 7 2 0 4 2 0 4 2 0 5 0.20196982440533606 
0 0 0 7 2 0 4 0 0 0 0 0 8 0 0 0 5 0 8 4 2 0 2 12 0 2 8 2 5 0 4 1 0 8 1 4 2 0.9227126438688154 
0 0 12 0 4 0 0 7 0 0 12 4 0 5 7 0 0 12 0 0 0 8 7 0 0 0 0 0 0 0 12 2 0 0 0 0 3 0.13219570506187206 
1 0 2 0 0 0 0 0 1 0 4 0 0 0 0 0 0 6 8 2 0 1 0 0 0 0 0 0 0 0 0 0 1 0 0 0 1 0.9995637039077783 
7 0 0 0 0 0 0 0 0 0 4 0 0 7 0 0 0 6 1 0 0 4 0 0 0 1 0 0 0 0 7 0 0 0 0 0 4 0.9728021241973533 
---
1 2 52.89241927128302 2.0 36
1 0 2 2 0 2 0 4 1 0 2 4 1 2 0 4 1 4 4 12 0 4 0 0 0 4 0 0 0 4 2 12 0 0 0 0 0 0.5195792299141875 
2 0 1 0 2 0 0 0 4 0 0 1 0 0 0 2 4 12 0 7 0 0 0 0 0 0 1 7 2 0 4 2 0 4 2 0 5 0.20196982440533606 
---
1 3 52.89241927128302 2.0 36
2 0 1 0 2 0 0 0 4 0 0 1 0 0 0 2 4 12 0 7 0 0 0 0 0 0 1 7 2 0 4 2 0 4 2 0 5 0.20196982440533606 
1 0 2 2 0 2 0 4 1 0 2 4 1 2 0 4 1 4 2 12 0 4 0 0 0 4 0 0 0 4 2 12 0 0 0 0 0 0.9707400199832326 
---
1 4 33.396649974097734 3.0 36
0 0 0 7 2 0 4 0 0 0 0 0 8 0 0 0 5 0 8 4 2 0 2 12 0 2 8 2 5 0 4 1 0 8 1 4 2 0.9227126438688154 
1 0 2 2 0 2 0 4 1 0 2 4 1 2 0 4 1 4 2 12 0 4 0 0 0 4 0 0 0 4 2 12 0 0 0 0 0 0.9707400199832326 
2 0 1 0 2 0 0 0 4 0 0 1 0 0 0 2 4 12 0 7 0 0 0 0 0 0 1 7 2 0 4 2 0 4 2 0 5 0.20196982440533606 
---
1 5 33.396649974097734 3.0 36
2 0 1 0 2 0 0 0 4 0 0 1 0 0 0 2 4 12 0 7 0 0 0 0 0 0 1 7 2 0 4 2 0 4 2 0 5 0.20196982440533606 
1 0 2 2 0 2 0 4 1 0 2 4 1 2 0 4 1 4 2 12 0 4 0 0 0 4 0 0 0 4 2 12 0 0 0 0 0 0.9707400199832326 
0 0 0 7 2 0 4 0 0 0 0 0 8 0 0 0 5 0 8 4 2 0 2 12 0 2 8 2 5 0 4 1 0 8 1 4 2 0.9227126438688154 
---
1 6 23.588326713866344 4.0 36
1 0 2 0 0 0 0 0 1 0 4 0 0 0 0 0 0 6 8 2 0 1 0 0 0 0 0 0 0 0 0 0 1 0 0 0 1 0.9995637039077783 
2 0 1 0 2 0 0 0 4 0 0 1 0 0 0 2 4 12 0 7 0 0 0 0 0 0 1 7 2 0 4 2 0 4 2 0 5 0.20196982440533606 
0 0 0 7 2 0 4 0 0 0 0 0 8 0 0 0 5 0 8 4 2 0 2 12 0 2 8 2 5 0 4 1 0 8 1 4 2 0.9227126438688154 
1 0 2 2 0 2 0 4 1 0 2 4 1 2 0 4 1 4 2 12 0 4 0 0 0 4 0 0 0 4 2 12 0 0 0 0 0 0.9707400199832326 
---
1 7 23.588326713866344 4.0 36
1 0 2 0 0 0 0 0 1 0 4 0 0 0 0 0 0 6 8 2 0 1 0 0 0 0 0 0 0 0 0 0 1 0 0 0 1 0.9995637039077783 
2 0 1 0 2 0 0 0 4 0 0 1 0 0 0 2 4 12 0 7 0 0 0 0 0 0 1 7 2 0 4 2 0 4 2 0 5 0.20196982440533606 
0 0 0 7 2 0 4 0 0 0 0 0 8 0 0 0 5 0 8 4 2 0 2 12 0 2 8 2 5 0 4 1 0 8 1 4 2 0.9227126438688154 
1 0 2 2 0 2 0 4 1 0 2 4 1 2 0 4 1 4 2 12 0 4 0 0 0 4 0 0 0 4 2 12 0 0 0 0 0 0.9707400199832326 
---
1 8 17.40632015195994 5.0 36
2 0 1 0 2 0 0 0 4 0 0 1 0 0 0 2 4 12 0 7 0 0 0 0 0 0 1 7 2 0 4 2 0 4 2 0 5 0.20196982440533606 
1 0 2 2 0 2 0 4 1 0 2 4 1 2 0 4 1 4 2 12 0 4 0 0 0 4 0 0 0 4 2 12 0 0 0 0 0 0.9707400199832326 
7 0 0 0 0 0 0 0 0 0 4 0 0 7 0 0 0 6 1 0 0 4 0 0 0 1 0 0 0 0 7 0 0 0 0 0 4 0.9728021241973533 
0 0 0 7 2 0 4 0 0 0 0 0 8 0 0 0 5 0 8 4 2 0 2 12 0 2 8 2 5 0 4 1 0 8 1 4 2 0.9227126438688154 
1 0 2 0 0 0 0 0 1 0 4 0 0 0 0 0 0 6 8 2 0 1 0 0 0 0 0 0 0 0 0 0 1 0 0 0 1 0.9995637039077783 
---
1 9 76.18718701433258 1.0 36
1 0 2 2 0 2 0 4 1 2 0 4 1 2 0 4 1 4 2 1 0 4 4 0 0 4 0 0 0 4 2 12 0 0 0 0 0 0.5989081631704771 
---
1 10 14.677948540839234 6.0 36
1 0 2 2 0 2 0 4 1 0 2 4 1 2 0 4 1 4 4 12 0 4 0 0 0 4 0 0 0 4 2 12 0 0 0 0 0 0.5195792299141875 
2 0 1 0 2 0 0 0 4 0 0 1 0 0 0 2 4 12 0 7 0 0 0 0 0 0 1 7 2 0 4 2 0 4 2 0 5 0.20196982440533606 
0 0 0 7 2 0 4 0 0 0 0 0 8 0 0 0 5 0 8 4 2 0 2 12 0 2 8 2 5 0 4 1 0 8 1 4 2 0.9227126438688154 
0 0 12 0 4 0 0 7 0 0 12 4 0 5 7 0 0 12 0 0 0 8 7 0 0 0 0 0 0 0 12 2 0 0 0 0 3 0.13219570506187206 
1 0 2 0 0 0 0 0 1 0 4 0 0 0 0 0 0 6 8 2 0 1 0 0 0 0 0 0 0 0 0 0 1 0 0 0 1 0.9995637039077783 
7 0 0 0 0 0 0 0 0 0 4 0 0 7 0 0 0 6 1 0 0 4 0 0 0 1 0 0 0 0 7 0 0 0 0 0 4 0.9728021241973533 
---
1 11 52.89241927128302 2.0 36
1 0 2 2 0 2 0 4 1 0 2 4 1 2 0 4 1 4 4 12 0 4 0 0 0 4 0 0 0 4 2 12 0 0 0 0 0 0.5195792299141875 
2 0 1 0 2 0 0 0 4 0 0 1 0 0 0 2 4 12 0 7 0 0 0 0 0 0 1 7 2 0 4 2 0 4 2 0 5 0.20196982440533606 
---
1 12 33.396649974097734 3.0 36
2 0 1 0 2 0 0 0 4 0 0 1 0 0 0 2 4 12 0 7 0 0 0 0 0 0 1 7 2 0 4 2 0 4 2 0 5 0.20196982440533606 
0 0 0 7 2 0 4 0 0 0 0 0 8 0 0 0 5 0 8 4 2 0 2 12 0 2 8 2 5 0 4 1 0 8 1 4 2 0.9227126438688154 
1 0 2 2 0 2 0 4 1 0 2 4 1 2 0 4 1 4 2 12 0 4 0 0 0 4 0 0 0 4 2 12 0 0 0 0 0 0.9707400199832326 
---
1 13 23.588326713866344 4.0 36
1 0 2 2 0 2 0 4 1 0 2 4 1 2 0 4 1 4 2 12 0 4 0 0 0 4 0 0 0 4 2 12 0 0 0 0 0 0.9707400199832326 
2 0 1 0 2 0 0 0 4 0 0 1 0 0 0 2 4 12 0 7 0 0 0 0 0 0 1 7 2 0 4 2 0 4 2 0 5 0.20196982440533606 
0 0 0 7 2 0 4 0 0 0 0 0 8 0 0 0 5 0 8 4 2 0 2 12 0 2 8 2 5 0 4 1 0 8 1 4 2 0.9227126438688154 
1 0 2 0 0 0 0 0 1 0 4 0 0 0 0 0 0 6 8 2 0 1 0 0 0 0 0 0 0 0 0 0 1 0 0 0 1 0.9995637039077783 
---
1 14 17.40632015195994 5.0 36
2 0 1 0 2 0 0 0 4 0 0 1 0 0 0 2 4 12 0 7 0 0 0 0 0 0 1 7 2 0 4 2 0 4 2 0 5 0.20196982440533606 
1 0 2 2 0 2 0 4 1 0 2 4 1 2 0 4 1 4 2 12 0 4 0 0 0 4 0 0 0 4 2 12 0 0 0 0 0 0.9707400199832326 
7 0 0 0 0 0 0 0 0 0 4 0 0 7 0 0 0 6 1 0 0 4 0 0 0 1 0 0 0 0 7 0 0 0 0 0 4 0.9728021241973533 
1 0 2 0 0 0 0 0 1 0 4 0 0 0 0 0 0 6 8 2 0 1 0 0 0 0 0 0 0 0 0 0 1 0 0 0 1 0.9995637039077783 
0 0 0 7 2 0 4 0 0 0 0 0 8 0 0 0 5 0 8 4 2 0 2 12 0 2 8 2 5 0 4 1 0 8 1 4 2 0.9227126438688154 
---
1 15 76.18718701433258 1.0 36
0 0 0 0 0 0 0 0 0 0 0 1 0 2 0 0 0 0 0 0 0 4 0 4 0 0 0 0 1 0 0 0 1 0 2 0 0 0.1996071262949286 
---
1 16 14.677948540839234 6.0 36
1 0 2 2 0 2 0 4 1 0 2 4 1 2 0 4 1 4 4 12 0 4 0 0 0 4 0 0 0 4 2 12 0 0 0 0 0 0.5195792299141875 
2 0 1 0 2 0 0 0 4 0 0 1 0 0 0 2 4 12 0 7 0 0 0 0 0 0 1 7 2 0 4 2 0 4 2 0 5 0.20196982440533606 
0 0 0 7 2 0 4 0 0 0 0 0 8 0 0 0 5 0 8 4 2 0 2 12 0 2 8 2 5 0 4 1 0 8 1 4 2 0.9227126438688154 
0 0 12 0 4 0 0 7 0 0 12 4 0 5 7 0 0 12 0 0 0 8 7 0 0 0 0 0 0 0 12 2 0 0 0 0 3 0.13219570506187206 
1 0 2 0 0 0 0 0 1 0 4 0 0 0 0 0 0 6 8 2 0 1 0 0 0 0 0 0 0 0 0 0 1 0 0 0 1 0.9995637039077783 
7 0 0 0 0 0 0 0 0 0 4 0 0 7 0 0 0 6 1 0 0 4 0 0 0 1 0 0 0 0 7 0 0 0 0 0 4 0.9728021241973533 
---
1 17 52.89241927128302 2.0 36
1 0 2 2 0 2 0 4 1 0 2 4 1 2 0 4 1 4 2 12 0 4 0 0 0 4 0 0 0 4 2 12 0 0 0 0 0 0.9707400199832326 
2 0 1 0 2 0 0 0 4 0 0 1 0 0 0 2 4 12 0 7 0 0 0 0 0 0 1 7 2 0 4 2 0 4 2 0 5 0.20196982440533606 
---
1 18 33.396649974097734 3.0 36
2 0 1 0 2 0 0 0 4 0 0 1 0 0 0 2 4 12 0 7 0 0 0 0 0 0 1 7 2 0 4 2 0 4 2 0 5 0.20196982440533606 
1 0 2 2 0 2 0 4 1 0 2 4 1 2 0 4 1 4 2 12 0 4 0 0 0 4 0 0 0 4 2 12 0 0 0 0 0 0.9707400199832326 
0 0 0 7 2 0 4 0 0 0 0 0 8 0 0 0 5 0 8 4 2 0 2 12 0 2 8 2 5 0 4 1 0 8 1 4 2 0.9227126438688154 
---
1 19 23.588326713866344 4.0 36
1 0 2 0 0 0 0 0 1 0 4 0 0 0 0 0 0 6 8 2 0 1 0 0 0 0 0 0 0 0 0 0 1 0 0 0 1 0.9995637039077783 
2 0 1 0 2 0 0 0 4 0 0 1 0 0 0 2 4 12 0 7 0 0 0 0 0 0 1 7 2 0 4 2 0 4 2 0 5 0.20196982440533606 
0 0 0 7 2 0 4 0 0 0 0 0 8 0 0 0 5 0 8 4 2 0 2 12 0 2 8 2 5 0 4 1 0 8 1 4 2 0.9227126438688154 
1 0 2 2 0 2 0 4 1 0 2 4 1 2 0 4 1 4 2 12 0 4 0 0 0 4 0 0 0 4 2 12 0 0 0 0 0 0.9707400199832326 
---
1 20 17.40632015195994 5.0 36
2 0 1 0 2 0 0 0 4 0 0 1 0 0 0 2 4 12 0 7 0 0 0 0 0 0 1 7 2 0 4 2 0 4 2 0 5 0.20196982440533606 
1 0 2 2 0 2 0 4 1 0 2 4 1 2 0 4 1 4 2 12 0 4 0 0 0 4 0 0 0 4 2 12 0 0 0 0 0 0.9707400199832326 
7 0 0 0 0 0 0 0 0 0 4 0 0 7 0 0 0 6 1 0 0 4 0 0 0 1 0 0 0 0 7 0 0 0 0 0 4 0.9728021241973533 
1 0 2 0 0 0 0 0 1 0 4 0 0 0 0 0 0 6 8 2 0 1 0 0 0 0 0 0 0 0 0 0 1 0 0 0 1 0.9995637039077783 
0 0 0 7 2 0 4 0 0 0 0 0 8 0 0 0 5 0 8 4 2 0 2 12 0 2 8 2 5 0 4 1 0 8 1 4 2 0.9227126438688154 
---
1 21 76.18718701433258 1.0 36
0 0 0 0 0 0 0 0 0 0 0 1 0 2 0 0 0 0 0 0 0 4 0 4 0 0 0 0 1 0 0 0 1 0 2 0 0 0.1996071262949286 
---
1 22 14.677948540839234 6.0 36
1 0 2 2 0 2 0 4 1 0 2 4 1 2 0 4 1 4 4 12 0 4 0 0 0 4 0 0 0 4 2 12 0 0 0 0 0 0.5195792299141875 
2 0 1 0 2 0 0 0 4 0 0 1 0 0 0 2 4 12 0 7 0 0 0 0 0 0 1 7 2 0 4 2 0 4 2 0 5 0.20196982440533606 
0 0 0 7 2 0 4 0 0 0 0 0 8 0 0 0 5 0 8 4 2 0 2 12 0 2 8 2 5 0 4 1 0 8 1 4 2 0.9227126438688154 
0 0 12 0 4 0 0 7 0 0 12 4 0 5 7 0 0 12 0 0 0 8 7 0 0 0 0 0 0 0 12 2 0 0 0 0 3 0.13219570506187206 
1 0 2 0 0 0 0 0 1 0 4 0 0 0 0 0 0 6 8 2 0 1 0 0 0 0 0 0 0 0 0 0 1 0 0 0 1 0.9995637039077783 
7 0 0 0 0 0 0 0 0 0 4 0 0 7 0 0 0 6 1 0 0 4 0 0 0 1 0 0 0 0 7 0 0 0 0 0 4 0.9728021241973533 
---
1 23 52.9960283198066 2.0 36
1 0 2 2 0 2 0 4 1 2 0 4 1 2 0 4 1 4 2 12 0 4 4 0 0 4 0 0 0 4 2 12 0 0 0 0 0 0.628825181517845 
2 0 1 0 2 4 0 0 4 0 0 1 0 0 0 2 4 12 0 7 0 0 0 0 0 0 1 7 2 0 4 2 0 4 2 0 5 0.12001586655874619 
---
1 24 33.396649974097734 3.0 36
1 0 2 2 0 2 0 4 1 0 2 4 1 2 0 4 1 4 2 12 0 4 0 0 0 4 0 0 0 4 2 12 0 0 0 0 0 0.9707400199832326 
0 0 0 7 2 0 4 0 0 0 0 0 8 0 0 0 5 0 8 4 2 0 2 12 0 2 8 2 5 0 4 1 0 8 1 4 2 0.9227126438688154 
2 0 1 0 2 0 0 0 4 0 0 1 0 0 0 2 4 12 0 7 0 0 0 0 0 0 1 7 2 0 4 2 0 4 2 0 5 0.20196982440533606 
---
1 25 23.588326713866344 4.0 36
1 0 2 0 0 0 0 0 1 0 4 0 0 0 0 0 0 6 8 2 0 1 0 0 0 0 0 0 0 0 0 0 1 0 0 0 1 0.9995637039077783 
2 0 1 0 2 0 0 0 4 0 0 1 0 0 0 2 4 12 0 7 0 0 0 0 0 0 1 7 2 0 4 2 0 4 2 0 5 0.20196982440533606 
0 0 0 7 2 0 4 0 0 0 0 0 8 0 0 0 5 0 8 4 2 0 2 12 0 2 8 2 5 0 4 1 0 8 1 4 2 0.9227126438688154 
1 0 2 2 0 2 0 4 1 0 2 4 1 2 0 4 1 4 2 12 0 4 0 0 0 4 0 0 0 4 2 12 0 0 0 0 0 0.9707400199832326 
---
1 26 17.40632015195994 5.0 36
2 0 1 0 2 0 0 0 4 0 0 1 0 0 0 2 4 12 0 7 0 0 0 0 0 0 1 7 2 0 4 2 0 4 2 0 5 0.20196982440533606 
7 0 0 0 0 0 0 0 0 0 4 0 0 7 0 0 0 6 1 0 0 4 0 0 0 1 0 0 0 0 7 0 0 0 0 0 4 0.9728021241973533 
1 0 2 0 0 0 0 0 1 0 4 0 0 0 0 0 0 6 8 2 0 1 0 0 0 0 0 0 0 0 0 0 1 0 0 0 1 0.9995637039077783 
0 0 0 7 2 0 4 0 0 0 0 0 8 0 0 0 5 0 8 4 2 0 2 12 0 2 8 2 5 0 4 1 0 8 1 4 2 0.9227126438688154 
1 0 2 2 0 2 0 4 1 0 2 4 1 2 0 4 1 4 2 12 0 4 0 0 0 4 0 0 0 4 2 12 0 0 0 0 0 0.9707400199832326 
---
1 27 76.18718701433258 1.0 36
1 0 2 2 0 2 0 4 1 0 2 4 1 2 0 4 1 4 2 12 0 4 0 0 0 4 0 4 0 4 2 12 0 0 0 0 0 0.4853482357031118 
---
1 28 14.677948540839234 6.0 36
1 0 2 2 0 2 0 4 1 0 2 4 1 2 0 4 1 4 4 12 0 4 0 0 0 4 0 0 0 4 2 12 0 0 0 0 0 0.5195792299141875 
2 0 1 0 2 0 0 0 4 0 0 1 0 0 0 2 4 12 0 7 0 0 0 0 0 0 1 7 2 0 4 2 0 4 2 0 5 0.20196982440533606 
0 0 0 7 2 0 4 0 0 0 0 0 8 0 0 0 5 0 8 4 2 0 2 12 0 2 8 2 5 0 4 1 0 8 1 4 2 0.9227126438688154 
0 0 12 0 4 0 0 7 0 0 12 4 0 5 7 0 0 12 0 0 0 8 7 0 0 0 0 0 0 0 12 2 0 0 0 0 3 0.13219570506187206 
1 0 2 0 0 0 0 0 1 0 4 0 0 0 0 0 0 6 8 2 0 1 0 0 0 0 0 0 0 0 0 0 1 0 0 0 1 0.9995637039077783 
7 0 0 0 0 0 0 0 0 0 4 0 0 7 0 0 0 6 1 0 0 4 0 0 0 1 0 0 0 0 7 0 0 0 0 0 4 0.9728021241973533 
---
1 29 52.9960283198066 2.0 36
1 0 2 2 0 2 0 4 1 2 0 4 1 2 0 4 1 4 2 12 0 4 4 0 0 4 0 0 0 4 2 12 0 0 0 0 0 0.628825181517845 
2 0 1 0 2 4 0 0 4 0 0 1 0 0 0 2 4 12 0 7 0 0 0 0 0 0 1 7 2 0 4 2 0 4 2 0 5 0.12001586655874619 
---
1 30 33.396649974097734 3.0 36
1 0 2 2 0 2 0 4 1 0 2 4 1 2 0 4 1 4 2 12 0 4 0 0 0 4 0 0 0 4 2 12 0 0 0 0 0 0.9707400199832326 
2 0 1 0 2 0 0 0 4 0 0 1 0 0 0 2 4 12 0 7 0 0 0 0 0 0 1 7 2 0 4 2 0 4 2 0 5 0.20196982440533606 
0 0 0 7 2 0 4 0 0 0 0 0 8 0 0 0 5 0 8 4 2 0 2 12 0 2 8 2 5 0 4 1 0 8 1 4 2 0.9227126438688154 
---
1 31 23.588326713866344 4.0 36
1 0 2 0 0 0 0 0 1 0 4 0 0 0 0 0 0 6 8 2 0 1 0 0 0 0 0 0 0 0 0 0 1 0 0 0 1 0.9995637039077783 
2 0 1 0 2 0 0 0 4 0 0 1 0 0 0 2 4 12 0 7 0 0 0 0 0 0 1 7 2 0 4 2 0 4 2 0 5 0.20196982440533606 
0 0 0 7 2 0 4 0 0 0 0 0 8 0 0 0 5 0 8 4 2 0 2 12 0 2 8 2 5 0 4 1 0 8 1 4 2 0.9227126438688154 
1 0 2 2 0 2 0 4 1 0 2 4 1 2 0 4 1 4 2 12 0 4 0 0 0 4 0 0 0 4 2 12 0 0 0 0 0 0.9707400199832326 
---
1 32 17.40632015195994 5.0 36
1 0 2 0 0 0 0 0 1 0 4 0 0 0 0 0 0 6 8 2 0 1 0 0 0 0 0 0 0 0 0 0 1 0 0 0 1 0.9995637039077783 
7 0 0 0 0 0 0 0 0 0 4 0 0 7 0 0 0 6 1 0 0 4 0 0 0 1 0 0 0 0 7 0 0 0 0 0 4 0.9728021241973533 
0 0 0 7 2 0 4 0 0 0 0 0 8 0 0 0 5 0 8 4 2 0 2 12 0 2 8 2 5 0 4 1 0 8 1 4 2 0.9227126438688154 
2 0 1 0 2 0 0 0 4 0 0 1 0 0 0 2 4 12 0 7 0 0 0 0 0 0 1 7 2 0 4 2 0 4 2 0 5 0.20196982440533606 
1 0 2 2 0 2 0 4 1 0 2 4 1 2 0 4 1 4 2 12 0 4 0 0 0 4 0 0 0 4 2 12 0 0 0 0 0 0.9707400199832326 
---
1 33 76.18718701433258 1.0 36
1 0 2 2 0 2 0 4 1 2 4 4 1 2 0 4 1 4 2 12 0 4 4 0 0 4 0 0 0 4 2 12 0 0 0 0 0 0.573328879477871 
---
1 34 14.677948540839234 6.0 36
1 0 2 2 0 2 0 4 1 0 2 4 1 2 0 4 1 4 4 12 0 4 0 0 0 4 0 0 0 4 2 12 0 0 0 0 0 0.5195792299141875 
2 0 1 0 2 0 0 0 4 0 0 1 0 0 0 2 4 12 0 7 0 0 0 0 0 0 1 7 2 0 4 2 0 4 2 0 5 0.20196982440533606 
0 0 0 7 2 0 4 0 0 0 0 0 8 0 0 0 5 0 8 4 2 0 2 12 0 2 8 2 5 0 4 1 0 8 1 4 2 0.9227126438688154 
0 0 12 0 4 0 0 7 0 0 12 4 0 5 7 0 0 12 0 0 0 8 7 0 0 0 0 0 0 0 12 2 0 0 0 0 3 0.13219570506187206 
1 0 2 0 0 0 0 0 1 0 4 0 0 0 0 0 0 6 8 2 0 1 0 0 0 0 0 0 0 0 0 0 1 0 0 0 1 0.9995637039077783 
7 0 0 0 0 0 0 0 0 0 4 0 0 7 0 0 0 6 1 0 0 4 0 0 0 1 0 0 0 0 7 0 0 0 0 0 4 0.9728021241973533 
---
1 35 52.9960283198066 2.0 36
1 0 2 2 0 2 0 4 1 2 0 4 1 2 0 4 1 4 2 12 0 4 4 0 0 4 0 0 0 4 2 12 0 0 0 0 0 0.628825181517845 
2 0 1 0 2 4 0 0 4 0 0 1 0 0 0 2 4 12 0 7 0 0 0 0 0 0 1 7 2 0 4 2 0 4 2 0 5 0.12001586655874619 
---
1 36 33.396649974097734 3.0 36
1 0 2 2 0 2 0 4 1 0 2 4 1 2 0 4 1 4 2 12 0 4 0 0 0 4 0 0 0 4 2 12 0 0 0 0 0 0.9707400199832326 
0 0 0 7 2 0 4 0 0 0 0 0 8 0 0 0 5 0 8 4 2 0 2 12 0 2 8 2 5 0 4 1 0 8 1 4 2 0.9227126438688154 
2 0 1 0 2 0 0 0 4 0 0 1 0 0 0 2 4 12 0 7 0 0 0 0 0 0 1 7 2 0 4 2 0 4 2 0 5 0.20196982440533606 
---
1 37 23.588326713866344 4.0 36
0 0 0 7 2 0 4 0 0 0 0 0 8 0 0 0 5 0 8 4 2 0 2 12 0 2 8 2 5 0 4 1 0 8 1 4 2 0.9227126438688154 
2 0 1 0 2 0 0 0 4 0 0 1 0 0 0 2 4 12 0 7 0 0 0 0 0 0 1 7 2 0 4 2 0 4 2 0 5 0.20196982440533606 
1 0 2 0 0 0 0 0 1 0 4 0 0 0 0 0 0 6 8 2 0 1 0 0 0 0 0 0 0 0 0 0 1 0 0 0 1 0.9995637039077783 
1 0 2 2 0 2 0 4 1 0 2 4 1 2 0 4 1 4 2 12 0 4 0 0 0 4 0 0 0 4 2 12 0 0 0 0 0 0.9707400199832326 
---
1 38 17.40632015195994 5.0 36
1 0 2 2 0 2 0 4 1 0 2 4 1 2 0 4 1 4 2 12 0 4 0 0 0 4 0 0 0 4 2 12 0 0 0 0 0 0.9707400199832326 
0 0 0 7 2 0 4 0 0 0 0 0 8 0 0 0 5 0 8 4 2 0 2 12 0 2 8 2 5 0 4 1 0 8 1 4 2 0.9227126438688154 
7 0 0 0 0 0 0 0 0 0 4 0 0 7 0 0 0 6 1 0 0 4 0 0 0 1 0 0 0 0 7 0 0 0 0 0 4 0.9728021241973533 
1 0 2 0 0 0 0 0 1 0 4 0 0 0 0 0 0 6 8 2 0 1 0 0 0 0 0 0 0 0 0 0 1 0 0 0 1 0.9995637039077783 
2 0 1 0 2 0 0 0 4 0 0 1 0 0 0 2 4 12 0 7 0 0 0 0 0 0 1 7 2 0 4 2 0 4 2 0 5 0.20196982440533606 
---
1 39 76.18718701433258 1.0 36
0 0 0 0 0 0 0 0 0 0 0 1 0 2 0 0 0 0 0 0 0 4 0 4 0 0 0 0 1 0 0 0 1 0 2 0 0 0.1996071262949286 
---
1 40 14.677948540839234 6.0 36
1 0 2 2 0 2 0 4 1 0 2 4 1 2 0 4 1 4 4 12 0 4 0 0 0 4 0 0 0 4 2 12 0 0 0 0 0 0.5195792299141875 
2 0 1 0 2 0 0 0 4 0 0 1 0 0 0 2 4 12 0 7 0 0 0 0 0 0 1 7 2 0 4 2 0 4 2 0 5 0.20196982440533606 
0 0 0 7 2 0 4 0 0 0 0 0 8 0 0 0 5 0 8 4 2 0 2 12 0 2 8 2 5 0 4 1 0 8 1 4 2 0.9227126438688154 
0 0 12 0 4 0 0 7 0 0 12 4 0 5 7 0 0 12 0 0 0 8 7 0 0 0 0 0 0 0 12 2 0 0 0 0 3 0.13219570506187206 
1 0 2 0 0 0 0 0 1 0 4 0 0 0 0 0 0 6 8 2 0 1 0 0 0 0 0 0 0 0 0 0 1 0 0 0 1 0.9995637039077783 
7 0 0 0 0 0 0 0 0 0 4 0 0 7 0 0 0 6 1 0 0 4 0 0 0 1 0 0 0 0 7 0 0 0 0 0 4 0.9728021241973533 
---
1 41 52.89241927128302 2.0 36
1 0 2 2 0 2 0 4 1 0 2 4 1 2 0 4 1 4 2 12 0 4 0 0 0 4 0 0 0 4 2 12 0 0 0 0 0 0.9707400199832326 
2 0 1 0 2 0 0 0 4 0 0 1 0 0 0 2 4 12 0 7 0 0 0 0 0 0 1 7 2 0 4 2 0 4 2 0 5 0.20196982440533606 
---
2 0 76.18718701433258 1.0 36
0 0 0 7 1 0 0 0 1 0 0 0 1 2 0 12 0 0 0 1 0 0 0 2 0 4 0 0 0 0 0 0 0 0 0 4 0 0.4381393174849263 
---
2 1 23.899153859437057 4.0 36
1 0 2 0 0 0 0 0 1 0 4 0 0 0 0 0 0 6 8 2 0 1 0 0 0 0 0 0 0 0 0 0 1 0 0 0 1 0.9995637039077783 
2 0 1 0 2 0 0 0 4 0 0 1 0 0 0 2 4 12 0 7 0 0 0 0 0 0 1 7 2 0 4 2 0 4 2 0 5 0.20196982440533606 
0 0 0 7 2 0 4 0 0 0 0 0 8 0 0 0 5 0 8 4 2 0 2 12 0 2 8 2 5 0 4 1 0 8 1 4 2 0.9227126438688154 
1 0 2 2 0 2 0 4 1 0 2 4 1 2 0 4 1 2 4 12 0 2 0 0 0 4 0 4 0 4 2 4 0 0 0 0 0 0.8050042821488808 
---
2 2 33.70747711966845 3.0 36
2 0 1 0 2 0 0 0 4 0 0 1 0 0 0 2 4 12 0 7 0 0 0 0 0 0 1 7 2 0 4 2 0 4 2 0 5 0.20196982440533606 
0 0 0 7 2 0 4 0 0 0 0 0 8 0 0 0 5 0 8 4 2 0 2 12 0 2 8 2 5 0 4 1 0 8 1 4 2 0.9227126438688154 
1 0 2 2 0 2 0 4 1 0 2 4 1 2 0 4 1 2 4 12 0 2 0 0 0 4 0 4 0 4 2 4 0 0 0 0 0 0.8050042821488808 
---
2 3 14.72975306510102 6.0 36
2 0 1 0 2 0 0 0 4 0 0 1 0 0 0 2 4 12 0 7 0 0 0 0 0 0 1 7 2 0 4 2 0 4 2 0 5 0.203250949383582 
0 0 12 0 4 0 0 7 0 0 12 4 0 5 7 0 0 12 0 0 0 8 7 0 0 0 0 0 0 0 12 2 0 0 0 0 3 0.13219570506187206 
7 0 0 0 0 0 0 0 0 0 4 0 0 7 0 0 0 6 1 0 0 4 0 0 0 1 0 0 0 0 7 0 0 0 0 0 4 0.8340058150261673 
1 0 2 0 0 0 0 0 1 0 4 0 0 0 0 0 0 6 8 2 0 1 0 0 0 0 0 0 0 0 0 0 1 0 0 0 1 0.9995637039077783 
0 0 0 7 2 0 4 0 0 0 0 0 8 0 0 0 5 0 8 4 2 0 2 12 0 2 8 2 5 0 4 1 0 8 1 4 2 0.8702355494441152 
1 0 2 2 0 2 0 4 1 0 2 4 1 2 0 4 1 2 4 12 0 4 0 0 0 4 0 4 0 4 2 4 0 0 0 0 0 0.7038657512381274 
---
2 4 33.70747711966845 3.0 36
2 0 1 0 2 0 0 0 4 0 0 1 0 0 0 2 4 12 0 7 0 0 0 0 0 0 1 7 2 0 4 2 0 4 2 0 5 0.20196982440533606 
0 0 0 7 2 0 4 0 0 0 0 0 8 0 0 0 5 0 8 4 2 0 2 12 0 2 8 2 5 0 4 1 0 8 1 4 2 0.9227126438688154 
1 0 2 2 0 2 0 4 1 0 2 4 1 2 0 4 1 2 4 12 0 2 0 0 0 4 0 4 0 4 2 4 0 0 0 0 0 0.8050042821488808 
---
2 5 17.475392850975652 5.0 36
1 0 2 2 0 2 0 4 1 0 2 4 1 2 0 4 1 4 4 12 0 4 0 0 0 4 0 4 0 4 2 12 0 0 0 0 0 0.8301964831949104 
2 0 1 0 2 0 0 0 4 0 0 1 0 0 0 2 4 12 0 7 0 0 0 0 0 0 1 7 2 0 4 2 0 4 2 0 5 0.203250949383582 
0 0 0 7 2 0 4 0 0 0 0 0 8 0 0 0 5 0 8 4 2 0 2 12 0 2 8 2 5 0 4 1 0 8 1 4 2 0.8702355494441152 
1 0 2 0 0 0 0 0 1 0 4 0 0 0 0 0 0 6 8 2 0 1 0 0 0 0 0 0 0 0 0 0 1 0 0 0 1 0.9995637039077783 
7 0 0 0 0 0 0 0 0 0 4 0 0 7 0 0 0 6 1 0 0 4 0 0 0 1 0 0 0 0 7 0 0 0 0 0 4 0.9184001897528853 
---
2 6 17.475392850975652 5.0 36
1 0 2 2 0 2 0 4 1 0 2 4 1 2 0 4 1 4 4 12 0 4 0 0 0 4 0 4 0 4 2 12 0 0 0 0 0 0.8301964831949104 
2 0 1 0 2 0 0 0 4 0 0 1 0 0 0 2 4 12 0 7 0 0 0 0 0 0 1 7 2 0 4 2 0 4 2 0 5 0.203250949383582 
0 0 0 7 2 0 4 0 0 0 0 0 8 0 0 0 5 0 8 4 2 0 2 12 0 2 8 2 5 0 4 1 0 8 1 4 2 0.8702355494441152 
1 0 2 0 0 0 0 0 1 0 4 0 0 0 0 0 0 6 8 2 0 1 0 0 0 0 0 0 0 0 0 0 1 0 0 0 1 0.9995637039077783 
7 0 0 0 0 0 0 0 0 0 4 0 0 7 0 0 0 6 1 0 0 4 0 0 0 1 0 0 0 0 7 0 0 0 0 0 4 0.9184001897528853 
---
2 7 14.72975306510102 6.0 36
2 0 1 0 2 0 0 0 4 0 0 1 0 0 0 2 4 12 0 7 0 0 0 0 0 0 1 7 2 0 4 2 0 4 2 0 5 0.203250949383582 
0 0 12 0 4 0 0 7 0 0 12 4 0 5 7 0 0 12 0 0 0 8 7 0 0 0 0 0 0 0 12 2 0 0 0 0 3 0.13219570506187206 
7 0 0 0 0 0 0 0 0 0 4 0 0 7 0 0 0 6 1 0 0 4 0 0 0 1 0 0 0 0 7 0 0 0 0 0 4 0.8340058150261673 
1 0 2 0 0 0 0 0 1 0 4 0 0 0 0 0 0 6 8 2 0 1 0 0 0 0 0 0 0 0 0 0 1 0 0 0 1 0.9995637039077783 
0 0 0 7 2 0 4 0 0 0 0 0 8 0 0 0 5 0 8 4 2 0 2 12 0 2 8 2 5 0 4 1 0 8 1 4 2 0.8702355494441152 
1 0 2 2 0 2 0 4 1 0 2 4 1 2 0 4 1 2 4 12 0 4 0 0 0 4 0 4 0 4 2 4 0 0 0 0 0 0.7038657512381274 
---
2 8 76.18718701433258 1.0 36
1 0 2 2 0 2 0 4 1 0 2 4 1 2 0 4 1 2 4 12 0 2 0 0 0 4 0 4 0 4 2 4 0 0 0 0 0 0.8050042821488808 
---
2 9 33.70747711966845 3.0 36
2 0 1 0 2 0 0 0 4 0 0 1 0 0 0 2 4 12 0 7 0 0 0 0 0 0 1 7 2 0 4 2 0 4 2 0 5 0.20196982440533606 
0 0 0 7 2 0 4 0 0 0 0 0 8 0 0 0 5 0 8 4 2 0 2 12 0 2 8 2 5 0 4 1 0 8 1 4 2 0.9227126438688154 
1 0 2 2 0 2 0 4 1 0 2 4 1 2 0 4 1 2 4 12 0 2 0 0 0 4 0 4 0 4 2 4 0 0 0 0 0 0.8050042821488808 
---
2 10 17.475392850975652 5.0 36
1 0 2 2 0 2 0 4 1 0 2 4 1 2 0 4 1 4 4 12 0 4 0 0 0 4 0 4 0 4 2 12 0 0 0 0 0 0.8301964831949104 
2 0 1 0 2 0 0 0 4 0 0 1 0 0 0 2 4 12 0 7 0 0 0 0 0 0 1 7 2 0 4 2 0 4 2 0 5 0.203250949383582 
0 0 0 7 2 0 4 0 0 0 0 0 8 0 0 0 5 0 8 4 2 0 2 12 0 2 8 2 5 0 4 1 0 8 1 4 2 0.8702355494441152 
1 0 2 0 0 0 0 0 1 0 4 0 0 0 0 0 0 6 8 2 0 1 0 0 0 0 0 0 0 0 0 0 1 0 0 0 1 0.9995637039077783 
7 0 0 0 0 0 0 0 0 0 4 0 0 7 0 0 0 6 1 0 0 4 0 0 0 1 0 0 0 0 7 0 0 0 0 0 4 0.9184001897528853 
---
2 11 17.475392850975652 5.0 36
1 0 2 2 0 2 0 4 1 0 2 4 1 2 0 4 1 4 4 12 0 4 0 0 0 4 0 4 0 4 2 12 0 0 0 0 0 0.8301964831949104 
2 0 1 0 2 0 0 0 4 0 0 1 0 0 0 2 4 12 0 7 0 0 0 0 0 0 1 7 2 0 4 2 0 4 2 0 5 0.203250949383582 
0 0 0 7 2 0 4 0 0 0 0 0 8 0 0 0 5 0 8 4 2 0 2 12 0 2 8 2 5 0 4 1 0 8 1 4 2 0.8702355494441152 
1 0 2 0 0 0 0 0 1 0 4 0 0 0 0 0 0 6 8 2 0 1 0 0 0 0 0 0 0 0 0 0 1 0 0 0 1 0.9995637039077783 
7 0 0 0 0 0 0 0 0 0 4 0 0 7 0 0 0 6 1 0 0 4 0 0 0 1 0 0 0 0 7 0 0 0 0 0 4 0.9184001897528853 
---
2 12 76.18718701433258 1.0 36
1 0 4 2 0 2 0 1 1 0 2 4 1 2 0 4 1 4 4 12 0 1 0 0 0 4 0 4 0 4 2 12 0 4 0 0 0 0.3994689968365086 
---
2 13 52.89241927128302 2.0 36
2 0 1 0 2 4 0 0 4 0 0 1 0 0 0 2 4 12 0 7 0 0 0 0 0 0 1 7 2 0 4 2 0 4 2 0 5 0.12001586655874619 
1 0 2 2 0 2 0 4 1 0 2 4 1 2 0 4 1 4 4 12 0 1 0 0 0 4 0 4 0 4 2 12 0 0 0 0 0 0.5047726939392001 
---
2 14 76.18718701433258 1.0 36
1 0 2 2 0 2 0 12 1 0 2 4 1 2 0 4 1 4 4 12 0 1 0 0 0 4 0 4 0 4 2 12 0 0 0 0 0 0.5165206397703833 
---
2 15 76.18718701433258 1.0 36
1 0 4 2 0 2 0 4 1 0 2 4 1 2 0 4 1 4 4 12 0 1 0 0 0 4 0 4 0 4 2 12 0 4 0 0 0 0.35478839164186826 
---
2 16 76.18718701433258 1.0 36
1 0 2 2 0 2 0 4 1 0 2 4 1 2 0 4 1 4 4 12 0 1 0 0 0 4 0 4 0 4 2 12 0 0 0 0 0 0.5047726939392001 
---
2 17 76.18718701433258 1.0 36
1 0 2 2 0 2 0 4 1 0 2 4 1 2 0 4 1 4 4 12 0 1 0 0 0 4 0 4 0 4 2 12 0 0 0 0 0 0.5047726939392001 
---
2 18 53.01329649456052 2.0 36
2 0 1 0 2 0 0 0 4 0 0 1 0 0 0 2 4 12 0 7 0 0 0 0 0 0 1 7 2 0 4 2 0 4 2 0 5 0.20196982440533606 
1 0 2 2 0 2 0 4 1 0 2 4 1 2 0 4 1 2 4 12 0 4 0 0 0 4 0 4 0 4 2 4 0 0 0 0 0 0.7038657512381274 
---
2 19 76.18718701433258 1.0 36
1 0 2 2 0 4 0 4 1 0 2 4 1 2 0 4 1 4 4 12 0 1 0 0 0 4 0 4 0 4 2 12 0 0 0 0 0 0.3523633784702752 
---
2 20 76.18718701433258 1.0 36
0 0 0 7 1 0 0 0 1 0 0 0 4 2 0 12 0 0 0 1 0 0 0 2 0 4 0 0 0 0 0 0 0 0 0 4 0 0.2510051762270802 
---
3 0 76.18718701433258 1.0 36
0 0 0 7 0 0 0 0 0 0 0 0 1 0 0 12 0 0 0 0 0 0 0 0 0 0 0 0 0 0 0 0 0 0 1 0 0 0.02260307950779339 
---
3 1 14.660680366085305 6.0 36
1 0 2 2 0 2 0 4 1 0 2 4 1 2 0 4 1 4 4 12 0 4 0 0 0 4 0 4 0 4 4 12 0 0 0 0 0 0.9391015904045471 
2 0 1 0 2 0 0 0 4 0 0 1 0 0 0 2 4 12 0 7 0 0 0 0 0 0 1 7 2 0 4 2 0 4 2 0 5 0.203250949383582 
7 0 0 0 0 0 0 0 0 0 4 0 0 7 0 0 0 6 1 0 0 4 0 0 0 1 0 0 0 0 7 0 0 0 0 0 4 0.8340058150261673 
1 0 2 0 0 0 0 0 1 0 4 0 0 0 0 0 0 6 8 2 0 1 0 0 0 0 0 0 0 0 0 0 1 0 0 0 1 0.9995637039077783 
0 0 0 7 2 0 4 0 0 0 0 0 8 0 0 0 5 0 8 4 2 0 2 12 0 2 8 2 5 0 4 1 0 8 1 4 2 0.8702355494441152 
0 0 12 0 4 0 0 7 0 0 12 4 0 5 7 0 0 12 0 0 0 8 7 0 0 0 0 0 0 0 12 2 0 0 0 0 3 0.13219570506187206 
---
3 2 52.978760145052675 2.0 36
1 0 2 2 1 2 0 0 1 0 4 4 1 2 0 4 1 4 4 12 0 4 2 0 0 0 0 4 0 4 2 7 1 0 0 0 0 0.7499652552627061 
2 0 1 0 2 0 0 0 4 0 0 1 0 0 0 2 4 12 0 7 0 0 0 0 0 0 1 7 2 0 4 2 0 4 2 0 5 0.203250949383582 
---
3 3 33.56933172163703 3.0 36
2 0 1 0 2 0 0 0 4 0 0 1 0 0 0 2 4 12 0 7 0 0 0 0 0 0 1 7 2 0 4 2 0 4 2 0 5 0.203250949383582 
0 0 0 7 2 0 4 0 0 0 0 0 8 0 0 0 5 0 8 4 2 0 2 12 0 2 8 2 5 0 4 1 0 8 1 4 2 0.8702355494441152 
1 0 2 2 4 2 0 4 1 0 2 4 1 2 0 4 1 4 4 12 0 4 0 0 0 4 0 4 0 4 4 12 0 0 0 0 0 0.817098842324851 
---
3 4 33.56933172163703 3.0 36
2 0 1 0 2 0 0 0 4 0 0 1 0 0 0 2 4 12 0 7 0 0 0 0 0 0 1 7 2 0 4 2 0 4 2 0 5 0.203250949383582 
0 0 0 7 2 0 4 0 0 0 0 0 8 0 0 0 5 0 8 4 2 0 2 12 0 2 8 2 5 0 4 1 0 8 1 4 2 0.8702355494441152 
1 0 2 2 4 2 0 4 1 0 2 4 1 2 0 4 1 4 4 12 0 4 0 0 0 4 0 4 0 4 4 12 0 0 0 0 0 0.817098842324851 
---
3 5 17.613538249007078 5.0 36
2 0 1 0 2 0 0 0 4 0 0 1 0 0 0 2 4 12 0 7 0 0 0 0 0 0 1 7 2 0 4 2 0 4 2 0 5 0.203250949383582 
1 0 2 2 0 2 0 4 1 0 2 4 1 2 0 4 1 4 4 12 0 4 0 0 0 4 0 4 0 4 4 12 0 0 0 0 0 0.9391015904045471 
0 0 0 7 2 0 4 0 0 0 0 0 8 0 0 0 5 0 8 4 2 0 2 12 0 2 8 2 5 0 4 1 0 8 1 4 2 0.8702355494441152 
1 0 2 0 0 0 0 0 1 0 4 0 0 0 0 0 0 6 8 2 0 1 0 0 0 0 0 0 0 0 0 0 1 0 0 0 1 0.9995637039077783 
7 0 0 0 0 0 0 0 0 0 4 0 0 7 0 0 0 6 1 0 0 4 0 0 0 1 0 0 0 0 7 0 0 0 0 0 4 0.7820310334657314 
---
3 6 76.18718701433258 1.0 36
1 0 2 2 0 2 0 4 1 0 2 4 1 2 0 4 1 4 4 12 1 4 0 0 0 4 0 4 0 4 4 12 4 0 0 0 0 0.6353964716579688 
---
3 7 14.660680366085305 6.0 36
1 0 2 0 0 0 0 0 1 0 4 0 0 0 0 0 0 6 8 2 0 1 0 0 0 0 0 0 0 0 0 0 1 0 0 0 1 0.9995637039077783 
1 0 2 2 0 2 0 4 1 0 2 4 1 2 0 4 1 4 4 12 0 4 0 0 0 4 0 4 0 4 4 12 0 0 0 0 0 0.9391015904045471 
0 0 12 0 4 0 0 7 0 0 12 4 0 5 7 0 0 12 0 0 0 8 7 0 0 0 0 0 0 0 12 2 0 0 0 0 3 0.13219570506187206 
0 0 0 7 2 0 4 0 0 0 0 0 8 0 0 0 5 0 8 4 2 0 2 12 0 2 8 2 5 0 4 1 0 8 1 4 2 0.8702355494441152 
2 0 1 0 2 0 0 0 4 0 0 1 0 0 0 2 4 12 0 7 0 0 0 0 0 0 1 7 2 0 4 2 0 4 2 0 5 0.203250949383582 
7 0 0 0 0 0 0 0 0 0 4 0 0 7 0 0 0 6 1 0 0 4 0 0 0 1 0 0 0 0 7 0 0 0 0 0 4 0.8340058150261673 
---
3 8 52.978760145052675 2.0 36
1 0 2 2 1 2 0 0 1 0 4 4 1 2 0 4 1 4 4 12 0 4 2 0 0 0 0 4 0 4 2 7 1 0 0 0 0 0.7499652552627061 
2 0 1 0 2 0 0 0 4 0 0 1 0 0 0 2 4 12 0 7 0 0 0 0 0 0 1 7 2 0 4 2 0 4 2 0 5 0.203250949383582 
---
3 9 33.56933172163703 3.0 36
0 0 0 7 2 0 4 0 0 0 0 0 8 0 0 0 5 0 8 4 2 0 2 12 0 2 8 2 5 0 4 1 0 8 1 4 2 0.8702355494441152 
2 0 1 0 2 0 0 0 4 0 0 1 0 0 0 2 4 12 0 7 0 0 0 0 0 0 1 7 2 0 4 2 0 4 2 0 5 0.203250949383582 
1 0 2 2 4 2 0 4 1 0 2 4 1 2 0 4 1 4 4 12 0 4 0 0 0 4 0 4 0 4 4 12 0 0 0 0 0 0.817098842324851 
---
3 10 76.18718701433258 1.0 36
1 0 2 2 1 2 0 0 2 0 4 4 1 2 0 4 1 4 4 12 0 4 2 0 0 0 0 4 0 4 2 7 1 0 0 0 0 0.803138484158131 
---
3 11 14.660680366085305 6.0 36
0 0 12 0 4 0 0 7 0 0 12 4 0 5 7 0 0 12 0 0 0 8 7 0 0 0 0 0 0 0 12 2 0 0 0 0 3 0.13219570506187206 
0 0 0 7 2 0 4 0 0 0 0 0 8 0 0 0 5 0 8 4 2 0 2 12 0 2 8 2 5 0 4 1 0 8 1 4 2 0.8702355494441152 
7 0 0 0 0 0 0 0 0 0 4 0 0 7 0 0 0 6 1 0 0 4 0 0 0 1 0 0 0 0 7 0 0 0 0 0 4 0.8340058150261673 
1 0 2 0 0 0 0 0 1 0 4 0 0 0 0 0 0 6 8 2 0 1 0 0 0 0 0 0 0 0 0 0 1 0 0 0 1 0.9995637039077783 
2 0 1 0 2 0 0 0 4 0 0 1 0 0 0 2 4 12 0 7 0 0 0 0 0 0 1 7 2 0 4 2 0 4 2 0 5 0.203250949383582 
1 0 2 2 0 2 0 4 1 0 2 4 1 2 0 4 1 4 4 12 0 4 0 0 0 4 0 4 0 4 4 12 0 0 0 0 0 0.9391015904045471 
---
3 12 52.978760145052675 2.0 36
1 0 2 2 1 2 0 0 1 0 4 4 1 2 0 4 1 4 4 12 0 4 2 0 0 0 0 4 0 4 2 7 1 0 0 0 0 0.7499652552627061 
2 0 1 0 2 0 0 0 4 0 0 1 0 0 0 2 4 12 0 7 0 0 0 0 0 0 1 7 2 0 4 2 0 4 2 0 5 0.203250949383582 
---
3 13 33.56933172163703 3.0 36
0 0 0 7 2 0 4 0 0 0 0 0 8 0 0 0 5 0 8 4 2 0 2 12 0 2 8 2 5 0 4 1 0 8 1 4 2 0.8702355494441152 
2 0 1 0 2 0 0 0 4 0 0 1 0 0 0 2 4 12 0 7 0 0 0 0 0 0 1 7 2 0 4 2 0 4 2 0 5 0.203250949383582 
1 0 2 2 4 2 0 4 1 0 2 4 1 2 0 4 1 4 4 12 0 4 0 0 0 4 0 4 0 4 4 12 0 0 0 0 0 0.817098842324851 
---
3 14 17.613538249007078 5.0 36
2 0 1 0 2 0 0 0 4 0 0 1 0 0 0 2 4 12 0 7 0 0 0 0 0 0 1 7 2 0 4 2 0 4 2 0 5 0.203250949383582 
1 0 2 2 0 2 0 4 1 0 2 4 1 2 0 4 1 4 4 12 0 4 0 0 0 4 0 4 0 4 4 12 0 0 0 0 0 0.9391015904045471 
0 0 0 7 2 0 4 0 0 0 0 0 8 0 0 0 5 0 8 4 2 0 2 12 0 2 8 2 5 0 4 1 0 8 1 4 2 0.8702355494441152 
1 0 2 0 0 0 0 0 1 0 4 0 0 0 0 0 0 6 8 2 0 1 0 0 0 0 0 0 0 0 0 0 1 0 0 0 1 0.9995637039077783 
7 0 0 0 0 0 0 0 0 0 4 0 0 7 0 0 0 6 1 0 0 4 0 0 0 1 0 0 0 0 7 0 0 0 0 0 4 0.7820310334657314 
---
3 15 14.660680366085305 6.0 36
7 0 0 0 0 0 0 0 0 0 4 0 0 7 0 0 0 6 1 0 0 4 0 0 0 1 0 0 0 0 7 0 0 0 0 0 4 0.8340058150261673 
1 0 2 2 0 2 0 4 1 0 2 4 1 2 0 4 1 4 4 12 0 4 0 0 0 4 0 4 0 4 4 12 0 0 0 0 0 0.9391015904045471 
1 0 2 0 0 0 0 0 1 0 4 0 0 0 0 0 0 6 8 2 0 1 0 0 0 0 0 0 0 0 0 0 1 0 0 0 1 0.9995637039077783 
0 0 0 7 2 0 4 0 0 0 0 0 8 0 0 0 5 0 8 4 2 0 2 12 0 2 8 2 5 0 4 1 0 8 1 4 2 0.8702355494441152 
0 0 12 0 4 0 0 7 0 0 12 4 0 5 7 0 0 12 0 0 0 8 7 0 0 0 0 0 0 0 12 2 0 0 0 0 3 0.13219570506187206 
2 0 1 0 2 0 0 0 4 0 0 1 0 0 0 2 4 12 0 7 0 0 0 0 0 0 1 7 2 0 4 2 0 4 2 0 5 0.203250949383582 
---
3 16 17.613538249007078 5.0 36
2 0 1 0 2 0 0 0 4 0 0 1 0 0 0 2 4 12 0 7 0 0 0 0 0 0 1 7 2 0 4 2 0 4 2 0 5 0.203250949383582 
1 0 2 2 0 2 0 4 1 0 2 4 1 2 0 4 1 4 4 12 0 4 0 0 0 4 0 4 0 4 4 12 0 0 0 0 0 0.9391015904045471 
0 0 0 7 2 0 4 0 0 0 0 0 8 0 0 0 5 0 8 4 2 0 2 12 0 2 8 2 5 0 4 1 0 8 1 4 2 0.8702355494441152 
1 0 2 0 0 0 0 0 1 0 4 0 0 0 0 0 0 6 8 2 0 1 0 0 0 0 0 0 0 0 0 0 1 0 0 0 1 0.9995637039077783 
7 0 0 0 0 0 0 0 0 0 4 0 0 7 0 0 0 6 1 0 0 4 0 0 0 1 0 0 0 0 7 0 0 0 0 0 4 0.7820310334657314 
---
3 17 76.18718701433258 1.0 36
1 0 2 2 0 2 0 4 1 0 2 4 1 2 0 4 1 4 2 12 0 4 0 0 0 4 0 4 0 4 4 12 0 0 0 0 0 0.8218941512415233 
---
3 18 14.660680366085305 6.0 36
1 0 2 2 0 2 0 4 1 0 2 4 1 2 0 4 1 4 4 12 0 4 0 0 0 4 0 4 0 4 4 12 0 0 0 0 0 0.9391015904045471 
2 0 1 0 2 0 0 0 4 0 0 1 0 0 0 2 4 12 0 7 0 0 0 0 0 0 1 7 2 0 4 2 0 4 2 0 5 0.203250949383582 
7 0 0 0 0 0 0 0 0 0 4 0 0 7 0 0 0 6 1 0 0 4 0 0 0 1 0 0 0 0 7 0 0 0 0 0 4 0.8340058150261673 
1 0 2 0 0 0 0 0 1 0 4 0 0 0 0 0 0 6 8 2 0 1 0 0 0 0 0 0 0 0 0 0 1 0 0 0 1 0.9995637039077783 
0 0 0 7 2 0 4 0 0 0 0 0 8 0 0 0 5 0 8 4 2 0 2 12 0 2 8 2 5 0 4 1 0 8 1 4 2 0.8702355494441152 
0 0 12 0 4 0 0 7 0 0 12 4 0 5 7 0 0 12 0 0 0 8 7 0 0 0 0 0 0 0 12 2 0 0 0 0 3 0.13219570506187206 
---
3 19 23.76100846140563 4.0 36
0 0 0 7 2 0 4 0 0 0 0 0 8 0 0 0 5 0 8 4 2 0 2 12 0 2 8 2 5 0 4 1 0 8 1 4 2 0.8702355494441152 
1 0 2 2 4 2 0 4 1 0 2 4 1 2 0 4 1 4 4 12 0 4 0 0 0 4 0 4 0 4 4 12 0 0 0 0 0 0.817098842324851 
1 0 2 0 0 0 0 0 1 0 4 0 0 0 0 0 0 6 8 2 0 1 0 0 0 0 0 0 0 0 0 0 1 0 0 0 1 0.9995637039077783 
2 0 1 0 2 0 0 0 4 0 0 1 0 0 0 2 4 12 0 7 0 0 0 0 0 0 1 7 2 0 4 2 0 4 2 0 5 0.203250949383582 
---
3 20 76.18718701433258 1.0 36
0 0 0 7 0 0 0 0 0 0 0 0 1 4 0 12 0 0 0 2 0 0 0 0 0 0 0 0 0 0 0 0 0 0 1 0 0 0.04275224730541005 
---
3 21 14.660680366085305 6.0 36
1 0 2 2 0 2 0 4 1 0 2 4 1 2 0 4 1 4 4 12 0 4 0 0 0 4 0 4 0 4 4 12 0 0 0 0 0 0.9391015904045471 
7 0 0 0 0 0 0 0 0 0 4 0 0 7 0 0 0 6 1 0 0 4 0 0 0 1 0 0 0 0 7 0 0 0 0 0 4 0.8340058150261673 
0 0 12 0 4 0 0 7 0 0 12 4 0 5 7 0 0 12 0 0 0 8 7 0 0 0 0 0 0 0 12 2 0 0 0 0 3 0.13219570506187206 
0 0 0 7 2 0 4 0 0 0 0 0 8 0 0 0 5 0 8 4 2 0 2 12 0 2 8 2 5 0 4 1 0 8 1 4 2 0.8702355494441152 
1 0 2 0 0 0 0 0 1 0 4 0 0 0 0 0 0 6 8 2 0 1 0 0 0 0 0 0 0 0 0 0 1 0 0 0 1 0.9995637039077783 
2 0 1 0 2 0 0 0 4 0 0 1 0 0 0 2 4 12 0 7 0 0 0 0 0 0 1 7 2 0 4 2 0 4 2 0 5 0.203250949383582 
---
3 22 52.978760145052675 2.0 36
1 0 2 2 1 2 0 0 1 0 4 4 1 2 0 4 1 4 4 12 0 4 2 0 0 0 0 4 0 4 2 7 1 0 0 0 0 0.7499652552627061 
2 0 1 0 2 0 0 0 4 0 0 1 0 0 0 2 4 12 0 7 0 0 0 0 0 0 1 7 2 0 4 2 0 4 2 0 5 0.203250949383582 
---
3 23 76.18718701433258 1.0 36
0 0 0 7 0 0 0 0 0 0 0 0 1 4 0 12 0 0 0 2 0 0 0 0 0 0 0 0 0 0 0 0 0 0 1 0 0 0.04275224730541005 
---
3 24 14.660680366085305 6.0 36
1 0 2 2 0 2 0 4 1 0 2 4 1 2 0 4 1 4 4 12 0 4 0 0 0 4 0 4 0 4 4 12 0 0 0 0 0 0.9391015904045471 
2 0 1 0 2 0 0 0 4 0 0 1 0 0 0 2 4 12 0 7 0 0 0 0 0 0 1 7 2 0 4 2 0 4 2 0 5 0.203250949383582 
7 0 0 0 0 0 0 0 0 0 4 0 0 7 0 0 0 6 1 0 0 4 0 0 0 1 0 0 0 0 7 0 0 0 0 0 4 0.8340058150261673 
1 0 2 0 0 0 0 0 1 0 4 0 0 0 0 0 0 6 8 2 0 1 0 0 0 0 0 0 0 0 0 0 1 0 0 0 1 0.9995637039077783 
0 0 0 7 2 0 4 0 0 0 0 0 8 0 0 0 5 0 8 4 2 0 2 12 0 2 8 2 5 0 4 1 0 8 1 4 2 0.8702355494441152 
0 0 12 0 4 0 0 7 0 0 12 4 0 5 7 0 0 12 0 0 0 8 7 0 0 0 0 0 0 0 12 2 0 0 0 0 3 0.13219570506187206 
---
3 25 52.978760145052675 2.0 36
1 0 2 2 1 2 0 0 1 0 4 4 1 2 0 4 1 4 4 12 0 4 2 0 0 0 0 4 0 4 2 7 1 0 0 0 0 0.7499652552627061 
2 0 1 0 2 0 0 0 4 0 0 1 0 0 0 2 4 12 0 7 0 0 0 0 0 0 1 7 2 0 4 2 0 4 2 0 5 0.203250949383582 
---
4 0 76.18718701433258 1.0 36
0 0 1 0 0 0 0 0 0 0 2 4 0 0 0 0 0 0 0 0 0 0 2 4 0 0 4 0 0 0 0 0 1 0 0 0 0 0.023523868221427602 
---
4 1 14.781557589362803 6.0 36
7 0 0 0 0 0 0 0 0 0 4 0 0 7 0 0 0 6 1 0 0 4 0 0 0 1 0 0 0 0 0 0 1 0 0 0 4 0.5102769958886009 
1 0 2 2 0 2 0 4 1 0 2 4 1 2 0 4 1 4 4 12 0 4 0 0 0 4 0 4 0 4 4 12 0 0 0 2 0 0.757787297813858 
2 0 1 0 2 0 0 0 4 0 0 1 0 0 0 2 4 12 0 7 0 0 0 0 0 0 1 7 2 0 4 2 0 4 2 0 5 0.20196982440533606 
1 0 2 0 0 0 0 0 1 0 4 0 0 0 0 0 0 6 8 2 0 1 0 0 0 0 0 0 0 0 0 0 1 0 0 0 1 0.9995637039077783 
0 0 12 0 4 0 0 7 0 0 12 4 0 5 7 0 0 12 0 0 0 8 7 0 0 0 0 0 0 0 12 2 0 0 0 0 3 0.13219570506187206 
0 0 0 7 2 0 4 0 0 0 0 0 8 0 0 0 5 0 8 4 2 0 2 12 0 2 8 2 5 0 4 1 0 8 1 4 2 0.8702355494441152 
---
4 2 52.9960283198066 2.0 36
1 0 2 2 0 2 0 4 1 0 2 1 1 2 0 4 1 4 4 12 0 4 0 0 0 4 0 4 0 4 4 12 0 0 0 2 0 0.6592569009440579 
2 0 1 0 2 0 0 0 4 0 0 1 0 0 0 2 4 12 0 7 0 0 0 0 0 0 1 7 2 0 4 2 0 4 2 0 5 0.203250949383582 
---
4 3 17.57900189949922 5.0 36
1 0 2 0 0 0 0 0 1 0 4 0 0 0 0 0 0 6 8 2 0 1 0 0 0 0 0 0 0 0 0 0 1 0 0 0 1 0.9995637039077783 
7 0 0 0 0 0 0 0 0 0 4 0 0 7 0 0 0 6 1 0 0 4 0 0 0 1 0 0 0 0 0 0 1 0 0 0 4 0.5102769958886009 
2 0 1 0 2 0 0 0 4 0 0 1 0 0 0 2 4 12 0 7 0 0 0 0 0 0 1 7 2 0 4 2 0 4 2 0 5 0.20196982440533606 
0 0 0 7 2 0 4 0 0 0 0 0 8 0 0 0 5 0 8 4 2 0 2 12 0 2 8 2 5 0 4 1 0 8 1 4 2 0.8702355494441152 
1 0 2 2 0 2 0 4 1 0 2 4 1 2 0 4 1 4 4 12 0 4 0 0 0 4 0 4 0 4 4 12 0 0 0 2 0 0.757787297813858 
---
4 4 52.9960283198066 2.0 36
2 0 1 0 2 0 0 0 4 0 0 1 0 0 0 2 4 12 0 7 0 0 0 0 0 0 1 7 2 0 4 2 0 4 2 0 5 0.20196982440533606 
1 0 2 2 0 2 0 4 1 0 2 1 1 2 0 4 1 4 4 12 0 4 0 0 0 4 0 4 0 4 4 12 0 0 0 2 0 0.6592569009440579 
---
4 5 33.58659989639095 3.0 36
1 0 2 2 0 2 0 4 1 0 2 4 1 2 0 4 1 4 4 12 0 4 0 0 0 4 0 4 0 4 4 12 0 0 0 2 0 0.757787297813858 
0 0 0 7 2 0 4 0 0 0 0 0 8 0 0 0 5 0 8 4 2 0 2 12 0 2 8 2 5 0 4 1 0 8 1 4 2 0.8702355494441152 
2 0 1 0 2 0 0 0 4 0 0 1 0 0 0 2 4 12 0 7 0 0 0 0 0 0 1 7 2 0 4 2 0 4 2 0 5 0.20196982440533606 
---
4 6 33.58659989639095 3.0 36
0 0 0 7 2 0 4 0 0 0 0 0 8 0 0 0 5 0 8 4 2 0 2 12 0 2 8 2 5 0 4 1 0 8 1 4 2 0.8702355494441152 
2 0 1 0 2 0 0 0 4 0 0 1 0 0 0 2 4 12 0 7 0 0 0 0 0 0 1 7 2 0 4 2 0 4 2 0 5 0.20196982440533606 
1 0 2 2 0 2 0 4 1 0 2 4 1 2 0 4 1 4 4 12 0 4 0 0 0 4 0 4 0 4 4 12 0 0 0 2 0 0.757787297813858 
---
4 7 76.18718701433258 1.0 36
1 0 2 2 0 2 0 4 1 0 2 4 1 2 0 4 1 4 4 12 0 4 0 0 0 4 0 4 0 4 4 12 0 0 0 2 0 0.757787297813858 
---
4 8 52.9960283198066 2.0 36
1 0 2 2 0 2 0 4 1 0 2 1 1 2 0 4 1 4 4 12 0 4 0 0 0 4 0 4 0 4 4 12 0 0 0 2 0 0.6592569009440579 
2 0 1 0 2 0 0 0 4 0 0 1 0 0 0 2 4 12 0 7 0 0 0 0 0 0 1 7 2 0 4 2 0 4 2 0 5 0.203250949383582 
---
4 9 33.58659989639095 3.0 36
1 0 2 2 0 2 0 4 1 0 2 4 1 2 0 4 1 4 4 12 0 4 0 0 0 4 0 4 0 4 4 12 0 0 0 2 0 0.757787297813858 
0 0 0 7 2 0 4 0 0 0 0 0 8 0 0 0 5 0 8 4 2 0 2 12 0 2 8 2 5 0 4 1 0 8 1 4 2 0.8702355494441152 
2 0 1 0 2 0 0 0 4 0 0 1 0 0 0 2 4 12 0 7 0 0 0 0 0 0 1 7 2 0 4 2 0 4 2 0 5 0.20196982440533606 
---
4 10 76.18718701433258 1.0 36
1 0 2 2 0 2 0 4 1 0 2 4 1 2 0 4 1 4 4 12 0 4 0 0 0 4 0 4 0 4 4 12 0 0 0 2 0 0.757787297813858 
---
4 11 52.9960283198066 2.0 36
1 0 2 2 0 2 0 4 1 0 2 1 1 2 0 4 1 4 4 12 0 4 0 0 0 4 0 4 0 4 4 12 0 0 0 2 0 0.6592569009440579 
2 0 1 0 2 0 0 0 4 0 0 1 0 0 0 2 4 12 0 7 0 0 0 0 0 0 1 7 2 0 4 2 0 4 2 0 5 0.203250949383582 
---
4 12 76.18718701433258 1.0 36
1 0 2 2 0 2 0 4 1 0 2 4 1 2 0 4 1 4 4 12 0 4 0 0 0 4 0 4 0 4 4 12 0 0 0 2 0 0.757787297813858 
---
4 13 52.9960283198066 2.0 36
2 0 1 0 2 0 0 0 4 0 0 1 0 0 0 2 4 12 0 7 0 0 0 0 0 0 1 7 2 0 4 2 0 4 2 0 5 0.203250949383582 
1 0 2 2 0 2 0 4 1 0 2 1 1 2 0 4 1 4 4 12 0 4 0 0 0 4 0 4 0 4 4 12 0 0 0 2 0 0.6592569009440579 
---
4 14 76.18718701433258 1.0 36
1 0 2 2 0 2 0 4 1 0 2 4 1 2 0 4 1 4 4 12 0 4 0 0 0 4 0 4 0 4 4 12 0 0 0 2 0 0.757787297813858 
---
4 15 52.9960283198066 2.0 36
2 0 1 0 2 0 0 0 4 0 0 1 0 0 0 2 4 12 0 7 0 0 0 0 0 0 1 7 2 0 4 2 0 4 2 0 5 0.203250949383582 
1 0 2 2 0 2 0 4 1 0 2 1 1 2 0 4 1 4 4 12 0 4 0 0 0 4 0 4 0 4 4 12 0 0 0 2 0 0.6592569009440579 
---
4 16 33.58659989639095 3.0 36
1 0 2 2 0 2 0 4 1 0 2 4 1 2 0 4 1 4 4 12 0 4 0 0 0 4 0 4 0 4 4 12 0 0 0 2 0 0.757787297813858 
0 0 0 7 2 0 4 0 0 0 0 0 8 0 0 0 5 0 8 4 2 0 2 12 0 2 8 2 5 0 4 1 0 8 1 4 2 0.8702355494441152 
2 0 1 0 2 0 0 0 4 0 0 1 0 0 0 2 4 12 0 7 0 0 0 0 0 0 1 7 2 0 4 2 0 4 2 0 5 0.20196982440533606 
---
4 17 76.20445518908652 1.0 36
1 0 2 7 0 2 0 7 1 0 2 4 1 2 0 4 1 4 4 12 0 4 0 0 0 4 0 1 0 4 4 12 0 0 0 2 0 0.7314040615433578 
---
4 18 52.9960283198066 2.0 36
2 0 1 0 2 0 0 0 4 0 0 1 0 0 0 2 4 12 0 7 0 0 0 0 0 0 1 7 2 0 4 2 0 4 2 0 5 0.203250949383582 
1 0 2 2 0 2 0 4 1 0 2 1 1 2 0 4 1 4 4 12 0 4 0 0 0 4 0 4 0 4 4 12 0 0 0 2 0 0.6592569009440579 
---
4 19 33.58659989639095 3.0 36
1 0 2 2 0 2 0 4 1 0 2 4 1 2 0 4 1 4 4 12 0 4 0 0 0 4 0 4 0 4 4 12 0 0 0 2 0 0.757787297813858 
0 0 0 7 2 0 4 0 0 0 0 0 8 0 0 0 5 0 8 4 2 0 2 12 0 2 8 2 5 0 4 1 0 8 1 4 2 0.8702355494441152 
2 0 1 0 2 0 0 0 4 0 0 1 0 0 0 2 4 12 0 7 0 0 0 0 0 0 1 7 2 0 4 2 0 4 2 0 5 0.20196982440533606 
---
4 20 76.18718701433258 1.0 36
0 0 1 0 0 0 0 0 0 0 2 4 0 0 0 0 0 0 0 0 0 0 2 4 0 0 4 0 0 0 0 0 1 0 0 0 0 0.023523868221427602 
---
4 21 52.9960283198066 2.0 36
2 0 1 0 2 0 0 0 4 0 0 1 0 0 0 2 4 12 0 7 0 0 0 0 0 0 1 7 2 0 4 2 0 4 2 0 5 0.203250949383582 
1 0 2 2 0 2 0 4 1 0 2 1 1 2 0 4 1 4 4 12 0 4 0 0 0 4 0 4 0 4 4 12 0 0 0 2 0 0.6592569009440579 
---
4 22 33.58659989639095 3.0 36
0 0 0 7 2 0 4 0 0 0 0 0 8 0 0 0 5 0 8 4 2 0 2 12 0 2 8 2 5 0 4 1 0 8 1 4 2 0.8702355494441152 
2 0 1 0 2 0 0 0 4 0 0 1 0 0 0 2 4 12 0 7 0 0 0 0 0 0 1 7 2 0 4 2 0 4 2 0 5 0.20196982440533606 
1 0 2 2 0 2 0 4 1 0 2 4 1 2 0 4 1 4 4 12 0 4 0 0 0 4 0 4 0 4 4 12 0 0 0 2 0 0.757787297813858 
---
4 23 23.778276636159557 4.0 36
1 0 2 2 0 2 0 4 1 0 2 4 1 2 0 4 1 4 4 12 0 4 0 0 0 4 0 4 0 4 4 12 0 0 0 2 0 0.757787297813858 
2 0 1 0 2 0 0 0 4 0 0 1 0 0 0 2 4 12 0 7 0 0 0 0 0 0 1 7 2 0 4 2 0 4 2 0 5 0.20196982440533606 
0 0 0 7 2 0 4 0 0 0 0 0 8 0 0 0 5 0 8 4 2 0 2 12 0 2 8 2 5 0 4 1 0 8 1 4 2 0.8702355494441152 
1 0 2 0 0 0 0 0 1 0 4 0 0 0 0 0 0 6 8 2 0 1 0 0 0 0 0 0 0 0 0 0 1 0 0 0 1 0.9995637039077783 
---
4 24 76.18718701433258 1.0 36
1 0 2 2 0 2 0 4 1 0 2 1 1 2 0 4 1 4 4 12 0 4 0 0 0 4 0 4 0 4 4 12 0 0 0 2 0 0.6592569009440579 
---
4 25 52.9960283198066 2.0 36
1 0 2 2 0 2 0 4 1 0 2 1 1 2 0 4 1 4 4 12 0 4 0 0 0 4 0 4 0 4 4 12 0 0 0 2 0 0.6592569009440579 
2 0 1 0 2 0 0 0 4 0 0 1 0 0 0 2 4 12 0 7 0 0 0 0 0 0 1 7 2 0 4 2 0 4 2 0 5 0.203250949383582 
---
4 26 76.18718701433258 1.0 36
1 0 2 2 0 2 0 4 1 0 2 1 1 2 0 4 1 4 4 12 0 4 0 0 0 4 0 4 0 4 4 12 0 0 0 0 0 0.6700150971966028 
---
4 27 52.9960283198066 2.0 36
1 0 2 2 0 2 0 4 1 0 2 1 1 2 0 4 1 4 4 12 0 4 0 0 0 4 0 4 0 4 4 12 0 0 0 2 0 0.6592569009440579 
2 0 1 0 2 0 0 0 4 0 0 1 0 0 0 2 4 12 0 7 0 0 0 0 0 0 1 7 2 0 4 2 0 4 2 0 5 0.203250949383582 
---
4 28 23.778276636159557 4.0 36
1 0 2 2 0 2 0 4 1 0 2 4 1 2 0 4 1 4 4 12 0 4 0 0 0 4 0 4 0 4 4 12 0 0 0 2 0 0.757787297813858 
2 0 1 0 2 0 0 0 4 0 0 1 0 0 0 2 4 12 0 7 0 0 0 0 0 0 1 7 2 0 4 2 0 4 2 0 5 0.20196982440533606 
0 0 0 7 2 0 4 0 0 0 0 0 8 0 0 0 5 0 8 4 2 0 2 12 0 2 8 2 5 0 4 1 0 8 1 4 2 0.8702355494441152 
1 0 2 0 0 0 0 0 1 0 4 0 0 0 0 0 0 6 8 2 0 1 0 0 0 0 0 0 0 0 0 0 1 0 0 0 1 0.9995637039077783 
---
4 29 76.20445518908652 1.0 36
1 0 2 7 0 2 0 7 1 0 2 4 1 2 0 4 1 4 4 12 0 4 0 0 0 4 0 1 0 4 4 12 0 0 0 2 0 0.7314040615433578 
---
4 30 52.9960283198066 2.0 36
2 0 1 0 2 0 0 0 4 0 0 1 0 0 0 2 4 12 0 7 0 0 0 0 0 0 1 7 2 0 4 2 0 4 2 0 5 0.203250949383582 
1 0 2 2 0 2 0 4 1 0 2 1 1 2 0 4 1 4 4 12 0 4 0 0 0 4 0 4 0 4 4 12 0 0 0 2 0 0.6592569009440579 
---
4 31 76.18718701433258 1.0 36
1 0 2 2 0 2 0 4 1 0 2 4 1 2 0 4 1 4 4 12 0 4 0 0 0 4 0 4 0 4 4 12 0 0 0 2 0 0.757787297813858 
---
5 0 76.18718701433258 1.0 36
0 0 0 12 0 0 0 0 1 0 4 0 4 0 0 0 1 0 0 0 2 0 0 0 0 0 0 0 1 0 0 1 0 0 0 4 0 0.23950270446569943 
---
5 1 14.781557589362803 10.0 36
1 0 2 0 0 0 0 0 1 0 4 0 0 0 0 0 0 6 8 2 0 1 0 0 0 0 0 0 0 0 0 0 1 0 0 0 1 0.9966540203870164 
2 0 1 0 2 0 0 0 4 0 0 1 0 0 0 2 4 12 0 7 0 0 0 0 0 0 1 7 2 0 4 2 0 12 2 0 5 0.3724765063912866 
0 0 12 0 4 0 0 7 0 0 12 4 0 5 7 0 0 12 0 0 0 8 7 0 0 0 0 0 0 0 12 2 0 0 0 0 3 0.18308050395067155 
1 0 1 0 2 0 0 0 2 0 0 1 0 0 0 2 4 12 0 7 0 0 0 0 0 0 1 7 2 0 4 2 0 4 2 0 5 0.2170737039859283 
0 0 0 7 2 0 4 0 0 0 0 0 8 0 0 0 5 0 8 4 2 0 2 12 0 2 8 2 5 0 4 1 0 8 1 4 2 0.8702355494441152 
7 0 0 0 0 0 0 0 0 0 4 0 0 7 0 0 0 6 1 0 0 4 0 0 0 1 0 0 0 0 7 0 0 0 0 0 4 0.8340058150261673 
1 0 2 2 0 2 4 0 1 0 2 0 1 2 0 4 1 4 4 4 4 1 0 0 0 4 0 0 0 4 2 12 0 0 0 0 0 0.5627495874096617 
1 0 2 2 0 2 4 0 1 0 2 0 1 2 0 4 1 4 4 4 4 4 0 0 0 4 0 0 0 4 2 12 0 0 0 0 0 0.8613198741104657 
2 0 1 0 2 0 0 0 4 0 0 1 0 0 0 2 4 12 0 7 0 0 0 0 0 0 1 7 2 0 4 2 0 4 2 0 5 0.20196982440533606 
0 0 0 7 2 0 4 0 0 0 0 0 8 0 0 0 5 0 8 4 2 0 2 12 0 2 8 2 5 0 4 1 0 8 1 4 2 0.8702355494441152 
---
5 2 53.28958729062339 2.0 36
1 0 2 2 0 2 4 0 1 0 2 0 1 2 0 4 1 4 4 4 4 1 0 0 0 4 0 0 0 4 2 12 0 0 0 0 0 0.5627495874096617 
2 0 1 0 2 0 0 0 4 0 0 1 0 0 0 2 4 12 0 7 0 0 0 0 0 0 1 7 2 0 4 2 0 12 2 0 5 0.3724765063912866 
---
5 3 33.62113624589881 3.0 36
1 0 2 2 0 2 4 0 1 0 2 0 1 2 0 4 1 4 4 4 4 1 0 0 0 4 0 0 0 4 2 12 0 0 0 0 0 0.9022651981597367 
0 0 0 7 2 0 4 0 0 0 0 0 8 0 0 0 5 0 8 4 2 0 2 12 0 2 8 2 5 0 4 1 0 8 1 4 2 0.8702355494441152 
2 0 1 0 2 0 0 0 4 0 0 1 0 0 0 2 4 12 0 7 0 0 0 0 0 0 1 7 2 0 4 2 0 4 2 0 5 0.20196982440533606 
---
5 4 23.812812985667414 4.0 36
0 0 0 7 2 0 4 0 0 0 0 0 8 0 0 0 5 0 8 4 2 0 2 12 0 2 8 2 5 0 4 1 0 8 1 4 2 0.8702355494441152 
2 0 1 0 2 0 0 0 4 0 0 1 0 0 0 2 4 12 0 7 0 0 0 0 0 0 1 7 2 0 4 2 0 4 2 0 5 0.20196982440533606 
1 0 2 2 0 2 4 0 1 0 2 0 1 2 0 4 1 4 4 4 4 1 0 0 0 4 0 0 0 4 2 12 0 0 0 0 0 0.9022651981597367 
1 0 2 0 0 0 0 0 1 0 4 0 0 0 0 0 0 6 8 2 0 1 0 0 0 0 0 0 0 0 0 0 1 0 0 0 1 0.9995637039077783 
---
5 5 23.8646175099292 4.0 36
2 0 1 0 2 0 0 0 4 0 0 1 0 0 0 2 4 12 0 7 0 0 0 0 0 0 1 7 2 0 4 2 0 4 2 7 5 0.24362975367300854 
0 0 0 7 2 0 4 0 0 0 0 0 8 0 0 0 5 0 8 4 2 0 2 12 0 2 8 2 5 0 4 1 0 8 1 4 2 0.8702355494441152 
1 0 2 2 0 2 4 0 1 0 2 0 1 2 0 4 1 4 4 4 4 1 0 0 0 4 0 0 0 4 2 12 0 0 0 0 0 0.9022651981597367 
1 0 2 0 0 0 0 0 1 0 4 0 0 0 0 0 0 6 8 2 0 1 0 0 0 0 0 0 0 0 0 0 1 0 0 0 1 0.9995637039077783 
---
5 6 17.54446554999137 5.0 36
2 0 1 0 2 0 0 0 4 0 0 1 0 0 0 2 4 12 0 7 0 0 0 0 0 0 1 7 2 0 4 2 0 4 2 0 5 0.20196982440533606 
0 0 0 7 2 0 4 0 0 0 0 0 8 0 0 0 5 0 8 4 2 0 2 12 0 2 8 2 5 0 4 1 0 8 1 4 2 0.8702355494441152 
1 0 2 2 0 2 0 0 1 0 2 4 1 2 0 4 1 4 0 1 0 4 0 0 0 4 0 4 0 4 2 12 0 0 0 0 0 0.9126354992469028 
7 0 0 0 0 0 0 0 0 0 4 0 0 7 0 0 0 6 1 0 0 4 0 0 0 1 0 0 0 0 7 0 0 0 0 0 4 0.8340058150261673 
1 0 2 0 0 0 0 0 1 0 4 0 0 0 0 0 0 6 8 2 0 1 0 0 0 0 0 0 0 0 0 0 1 0 0 0 1 0.9966540203870164 
---
5 7 14.867898463132448 7.0 36
1 0 2 2 0 2 4 0 1 0 2 0 1 2 0 4 1 4 4 4 4 4 0 0 0 4 0 0 0 4 2 12 0 0 0 0 0 0.8613198741104657 
1 0 1 0 2 0 0 0 2 0 0 1 0 0 0 2 4 12 0 7 0 0 0 0 0 0 1 7 2 0 4 2 0 4 2 0 5 0.2170737039859283 
0 0 12 0 4 0 0 7 0 0 12 4 0 5 7 0 0 12 0 0 0 8 7 0 0 0 0 0 0 0 12 2 0 0 0 0 3 0.18308050395067155 
7 0 0 0 0 0 0 0 0 0 4 0 0 7 0 0 0 6 1 0 0 4 0 0 0 1 0 0 0 0 7 0 0 0 0 0 4 0.8340058150261673 
2 0 1 0 2 0 0 0 4 0 0 1 0 0 0 2 4 12 0 11 0 0 0 0 0 0 1 7 2 0 4 2 0 4 2 0 5 0.4282927156315067 
0 0 0 7 2 0 4 0 0 0 0 0 8 0 0 0 5 0 8 4 2 0 2 12 0 2 8 2 5 0 4 1 0 8 1 4 2 0.8702355494441152 
1 0 2 0 0 0 0 0 1 0 4 0 0 0 0 0 0 6 8 2 0 1 0 0 0 0 0 0 0 0 0 0 1 0 0 0 1 0.9966540203870164 
---
5 8 17.54446554999137 5.0 36
2 0 1 0 2 0 0 0 4 0 0 1 0 0 0 2 4 12 0 7 0 0 0 0 0 0 1 7 2 0 4 2 0 4 2 0 5 0.20196982440533606 
0 0 0 7 2 0 4 0 0 0 0 0 8 0 0 0 5 0 8 4 2 0 2 12 0 2 8 2 5 0 4 1 0 8 1 4 2 0.8702355494441152 
1 0 2 2 0 2 0 0 1 0 2 4 1 2 0 4 1 4 0 1 0 4 0 0 0 4 0 4 0 4 2 12 0 0 0 0 0 0.9126354992469028 
7 0 0 0 0 0 0 0 0 0 4 0 0 7 0 0 0 6 1 0 0 4 0 0 0 1 0 0 0 0 7 0 0 0 0 0 4 0.8340058150261673 
1 0 2 0 0 0 0 0 1 0 4 0 0 0 0 0 0 6 8 2 0 1 0 0 0 0 0 0 0 0 0 0 1 0 0 0 1 0.9966540203870164 
---
5 9 14.867898463132448 6.0 36
1 0 2 2 0 2 0 0 1 0 2 4 1 2 0 4 1 4 0 1 0 4 0 0 0 4 0 4 0 4 2 12 0 0 0 0 0 0.9126354992469028 
0 0 0 7 2 0 4 0 0 0 0 0 8 0 0 0 5 0 8 4 2 0 2 12 0 2 8 2 5 0 4 1 0 8 1 4 2 0.8702355494441152 
0 0 12 0 4 0 0 7 0 0 12 4 0 5 7 0 0 12 0 0 0 8 7 0 0 0 0 0 0 0 12 2 0 0 0 0 3 0.18308050395067155 
1 0 2 0 0 0 0 0 1 0 4 0 0 0 0 0 0 6 8 2 0 1 0 0 0 0 0 0 0 0 0 0 1 0 0 0 1 0.9966540203870164 
7 0 0 0 0 0 0 0 0 0 4 0 0 7 0 0 0 6 1 0 0 4 0 0 0 1 0 0 0 0 7 0 0 0 0 0 4 0.8340058150261673 
2 0 1 0 2 0 0 0 4 0 0 1 0 0 0 2 4 12 0 11 0 0 0 0 0 0 1 7 2 0 4 2 0 4 2 0 5 0.4282927156315067 
---
5 10 14.867898463132448 6.0 36
1 0 2 2 0 2 0 0 1 0 2 4 1 2 0 4 1 4 0 1 0 4 0 0 0 4 0 4 0 4 2 12 0 0 0 0 0 0.9126354992469028 
0 0 0 7 2 0 4 0 0 0 0 0 8 0 0 0 5 0 8 4 2 0 2 12 0 2 8 2 5 0 4 1 0 8 1 4 2 0.8702355494441152 
0 0 12 0 4 0 0 7 0 0 12 4 0 5 7 0 0 12 0 0 0 8 7 0 0 0 0 0 0 0 12 2 0 0 0 0 3 0.18308050395067155 
1 0 2 0 0 0 0 0 1 0 4 0 0 0 0 0 0 6 8 2 0 1 0 0 0 0 0 0 0 0 0 0 1 0 0 0 1 0.9966540203870164 
7 0 0 0 0 0 0 0 0 0 4 0 0 7 0 0 0 6 1 0 0 4 0 0 0 1 0 0 0 0 7 0 0 0 0 0 4 0.8340058150261673 
2 0 1 0 2 0 0 0 4 0 0 1 0 0 0 2 4 12 0 11 0 0 0 0 0 0 1 7 2 0 4 2 0 4 2 0 5 0.4282927156315067 
---
5 11 76.18718701433258 1.0 36
0 0 0 12 0 0 0 0 1 0 4 0 4 0 0 0 1 0 0 0 2 0 0 0 0 0 0 0 1 0 0 1 0 0 0 4 0 0.23950270446569943 
---
5 12 23.812812985667414 4.0 36
0 0 0 7 2 0 4 0 0 0 0 0 8 0 0 0 5 0 8 4 2 0 2 12 0 2 8 2 5 0 4 1 0 8 1 4 2 0.8702355494441152 
2 0 1 0 2 0 0 0 4 0 0 1 0 0 0 2 4 12 0 7 0 0 0 0 0 0 1 7 2 0 4 2 0 4 2 0 5 0.20196982440533606 
1 0 2 0 0 0 0 0 1 0 4 0 0 0 0 0 0 6 8 2 0 1 0 0 0 0 0 0 0 0 0 0 1 0 0 0 1 0.9995637039077783 
1 0 2 2 0 2 4 0 1 0 2 0 1 2 0 4 1 4 4 4 4 1 0 0 0 4 0 0 0 4 2 12 0 0 0 0 0 0.9022651981597367 
---
5 13 17.613538249007078 5.0 36
1 0 2 0 0 0 0 0 1 0 4 0 0 0 0 0 0 6 8 2 0 1 0 0 0 0 0 0 0 0 0 0 1 0 0 0 1 0.9995637039077783 
0 0 0 7 2 0 4 0 0 0 0 0 8 0 0 0 5 0 8 4 2 0 2 12 0 2 8 2 5 0 4 1 0 8 1 4 2 0.8702355494441152 
1 0 2 2 0 2 4 0 1 0 2 0 1 2 0 4 1 4 4 4 4 1 0 0 0 4 0 0 0 4 2 12 0 0 0 0 0 0.9022651981597367 
7 0 0 0 0 0 0 0 0 0 4 0 0 7 0 0 0 6 1 0 0 4 0 0 0 1 0 0 0 0 7 0 0 0 0 0 4 0.8340058150261673 
2 0 1 0 2 0 0 0 4 0 0 1 0 0 0 2 4 12 0 7 0 0 0 0 0 0 1 7 2 0 4 2 0 4 2 0 5 0.20196982440533606 
---
5 14 14.867898463132448 6.0 36
1 0 2 2 0 2 0 0 1 0 2 4 1 2 0 4 1 4 0 1 0 4 0 0 0 4 0 4 0 4 2 12 0 0 0 0 0 0.9126354992469028 
0 0 0 7 2 0 4 0 0 0 0 0 8 0 0 0 5 0 8 4 2 0 2 12 0 2 8 2 5 0 4 1 0 8 1 4 2 0.8702355494441152 
0 0 12 0 4 0 0 7 0 0 12 4 0 5 7 0 0 12 0 0 0 8 7 0 0 0 0 0 0 0 12 2 0 0 0 0 3 0.18308050395067155 
1 0 2 0 0 0 0 0 1 0 4 0 0 0 0 0 0 6 8 2 0 1 0 0 0 0 0 0 0 0 0 0 1 0 0 0 1 0.9966540203870164 
7 0 0 0 0 0 0 0 0 0 4 0 0 7 0 0 0 6 1 0 0 4 0 0 0 1 0 0 0 0 7 0 0 0 0 0 4 0.8340058150261673 
2 0 1 0 2 0 0 0 4 0 0 1 0 0 0 2 4 12 0 11 0 0 0 0 0 0 1 7 2 0 4 2 0 4 2 0 5 0.4282927156315067 
---
5 15 76.22172336384044 1.0 36
1 4 2 2 0 2 4 0 1 0 2 12 1 2 0 4 1 4 4 4 4 1 0 0 0 4 0 0 0 4 2 12 0 4 0 0 0 0.5411436190769618 
---
5 16 33.62113624589881 3.0 36
1 0 2 2 0 2 4 0 1 0 2 0 1 2 0 4 1 4 4 4 4 1 0 0 0 4 0 0 0 4 2 12 0 0 0 0 0 0.9022651981597367 
0 0 0 7 2 0 4 0 0 0 0 0 8 0 0 0 5 0 8 4 2 0 2 12 0 2 8 2 5 0 4 1 0 8 1 4 2 0.8702355494441152 
2 0 1 0 2 0 0 0 4 0 0 1 0 0 0 2 4 12 0 7 0 0 0 0 0 0 1 7 2 0 4 2 0 4 2 0 5 0.20196982440533606 
---
5 17 23.812812985667414 4.0 36
0 0 0 7 2 0 4 0 0 0 0 0 8 0 0 0 5 0 8 4 2 0 2 12 0 2 8 2 5 0 4 1 0 8 1 4 2 0.8702355494441152 
2 0 1 0 2 0 0 0 4 0 0 1 0 0 0 2 4 12 0 7 0 0 0 0 0 0 1 7 2 0 4 2 0 4 2 0 5 0.20196982440533606 
1 0 2 0 0 0 0 0 1 0 4 0 0 0 0 0 0 6 8 2 0 1 0 0 0 0 0 0 0 0 0 0 1 0 0 0 1 0.9995637039077783 
1 0 2 2 0 2 4 0 1 0 2 0 1 2 0 4 1 4 4 4 4 1 0 0 0 4 0 0 0 4 2 12 0 0 0 0 0 0.9022651981597367 
---
5 18 17.54446554999137 5.0 36
0 0 0 7 2 0 4 0 0 0 0 0 8 0 0 0 5 0 8 4 2 0 2 12 0 2 8 2 5 0 4 1 0 8 1 4 2 0.8702355494441152 
1 0 2 2 0 2 0 0 1 0 2 4 1 2 0 4 1 4 0 1 0 4 0 0 0 4 0 4 0 4 2 12 0 0 0 0 0 0.9126354992469028 
7 0 0 0 0 0 0 0 0 0 4 0 0 7 0 0 0 6 1 0 0 4 0 0 0 1 0 0 0 0 7 0 0 0 0 0 4 0.8340058150261673 
2 0 1 0 2 0 0 0 4 0 0 1 0 0 0 2 4 12 0 7 0 0 0 0 0 0 1 7 2 0 4 2 0 4 2 0 5 0.20196982440533606 
1 0 2 0 0 0 0 0 1 0 4 0 0 0 0 0 0 6 8 2 0 1 0 0 0 0 0 0 0 0 0 0 1 0 0 0 1 0.9966540203870164 
---
5 19 14.867898463132448 6.0 36
1 0 2 2 0 2 0 0 1 0 2 4 1 2 0 4 1 4 0 1 0 4 0 0 0 4 0 4 0 4 2 12 0 0 0 0 0 0.9126354992469028 
0 0 0 7 2 0 4 0 0 0 0 0 8 0 0 0 5 0 8 4 2 0 2 12 0 2 8 2 5 0 4 1 0 8 1 4 2 0.8702355494441152 
0 0 12 0 4 0 0 7 0 0 12 4 0 5 7 0 0 12 0 0 0 8 7 0 0 0 0 0 0 0 12 2 0 0 0 0 3 0.18308050395067155 
1 0 2 0 0 0 0 0 1 0 4 0 0 0 0 0 0 6 8 2 0 1 0 0 0 0 0 0 0 0 0 0 1 0 0 0 1 0.9966540203870164 
7 0 0 0 0 0 0 0 0 0 4 0 0 7 0 0 0 6 1 0 0 4 0 0 0 1 0 0 0 0 7 0 0 0 0 0 4 0.8340058150261673 
2 0 1 0 2 0 0 0 4 0 0 1 0 0 0 2 4 12 0 11 0 0 0 0 0 0 1 7 2 0 4 2 0 4 2 0 5 0.4282927156315067 
---
5 20 76.22172336384044 1.0 36
1 4 2 2 0 2 4 0 1 0 2 12 1 2 0 4 1 4 4 4 4 1 0 0 0 4 0 0 0 4 2 12 0 4 0 0 0 0.5411436190769618 
---
5 21 33.62113624589881 3.0 36
0 0 0 7 2 0 4 0 0 0 0 0 8 0 0 0 5 0 8 4 2 0 2 12 0 2 8 2 5 0 4 1 0 8 1 4 2 0.8702355494441152 
2 0 1 0 2 0 0 0 4 0 0 1 0 0 0 2 4 12 0 7 0 0 0 0 0 0 1 7 2 0 4 2 0 4 2 0 5 0.20196982440533606 
1 0 2 2 0 2 4 0 1 0 2 0 1 2 0 4 1 4 4 4 4 1 0 0 0 4 0 0 0 4 2 12 0 0 0 0 0 0.9022651981597367 
---
5 22 23.812812985667414 4.0 36
1 0 2 0 0 0 0 0 1 0 4 0 0 0 0 0 0 6 8 2 0 1 0 0 0 0 0 0 0 0 0 0 1 0 0 0 1 0.9995637039077783 
0 0 0 7 2 0 4 0 0 0 0 0 8 0 0 0 5 0 8 4 2 0 2 12 0 2 8 2 5 0 4 1 0 8 1 4 2 0.8702355494441152 
1 0 2 2 0 2 4 0 1 0 2 0 1 2 0 4 1 4 4 4 4 1 0 0 0 4 0 0 0 4 2 12 0 0 0 0 0 0.9022651981597367 
2 0 1 0 2 0 0 0 4 0 0 1 0 0 0 2 4 12 0 7 0 0 0 0 0 0 1 7 2 0 4 2 0 4 2 0 5 0.20196982440533606 
---
5 23 17.613538249007078 5.0 36
1 0 2 0 0 0 0 0 1 0 4 0 0 0 0 0 0 6 8 2 0 1 0 0 0 0 0 0 0 0 0 0 1 0 0 0 1 0.9995637039077783 
0 0 0 7 2 0 4 0 0 0 0 0 8 0 0 0 5 0 8 4 2 0 2 12 0 2 8 2 5 0 4 1 0 8 1 4 2 0.8702355494441152 
1 0 2 2 0 2 4 0 1 0 2 0 1 2 0 4 1 4 4 4 4 1 0 0 0 4 0 0 0 4 2 12 0 0 0 0 0 0.9022651981597367 
7 0 0 0 0 0 0 0 0 0 4 0 0 7 0 0 0 6 1 0 0 4 0 0 0 1 0 0 0 0 7 0 0 0 0 0 4 0.8340058150261673 
2 0 1 0 2 0 0 0 4 0 0 1 0 0 0 2 4 12 0 7 0 0 0 0 0 0 1 7 2 0 4 2 0 4 2 0 5 0.20196982440533606 
---
5 24 14.867898463132448 6.0 36
1 0 2 2 0 2 0 0 1 0 2 4 1 2 0 4 1 4 0 1 0 4 0 0 0 4 0 4 0 4 2 12 0 0 0 0 0 0.9126354992469028 
0 0 0 7 2 0 4 0 0 0 0 0 8 0 0 0 5 0 8 4 2 0 2 12 0 2 8 2 5 0 4 1 0 8 1 4 2 0.8702355494441152 
0 0 12 0 4 0 0 7 0 0 12 4 0 5 7 0 0 12 0 0 0 8 7 0 0 0 0 0 0 0 12 2 0 0 0 0 3 0.18308050395067155 
1 0 2 0 0 0 0 0 1 0 4 0 0 0 0 0 0 6 8 2 0 1 0 0 0 0 0 0 0 0 0 0 1 0 0 0 1 0.9966540203870164 
7 0 0 0 0 0 0 0 0 0 4 0 0 7 0 0 0 6 1 0 0 4 0 0 0 1 0 0 0 0 7 0 0 0 0 0 4 0.8340058150261673 
2 0 1 0 2 0 0 0 4 0 0 1 0 0 0 2 4 12 0 11 0 0 0 0 0 0 1 7 2 0 4 2 0 4 2 0 5 0.4282927156315067 
---
5 25 76.18718701433258 1.0 36
1 0 2 2 0 2 4 0 1 0 2 0 1 2 0 4 1 4 4 4 4 1 0 0 0 4 0 0 0 4 2 12 0 0 0 0 0 0.9022651981597367 
---
5 26 53.28958729062339 2.0 36
2 0 1 0 2 0 0 0 4 0 0 1 0 0 0 2 4 12 0 7 0 0 0 0 0 0 1 7 2 0 4 2 0 12 2 0 5 0.3724765063912866 
1 0 2 2 0 2 4 0 1 0 2 0 1 2 0 4 1 4 4 4 4 1 0 0 0 4 0 0 0 4 2 12 0 0 0 0 0 0.5627495874096617 
---
5 27 23.812812985667414 4.0 36
0 0 0 7 2 0 4 0 0 0 0 0 8 0 0 0 5 0 8 4 2 0 2 12 0 2 8 2 5 0 4 1 0 8 1 4 2 0.8702355494441152 
2 0 1 0 2 0 0 0 4 0 0 1 0 0 0 2 4 12 0 7 0 0 0 0 0 0 1 7 2 0 4 2 0 4 2 0 5 0.20196982440533606 
1 0 2 0 0 0 0 0 1 0 4 0 0 0 0 0 0 6 8 2 0 1 0 0 0 0 0 0 0 0 0 0 1 0 0 0 1 0.9995637039077783 
1 0 2 2 0 2 4 0 1 0 2 0 1 2 0 4 1 4 4 4 4 1 0 0 0 4 0 0 0 4 2 12 0 0 0 0 0 0.9022651981597367 
---
5 28 17.54446554999137 5.0 36
2 0 1 0 2 0 0 0 4 0 0 1 0 0 0 2 4 12 0 7 0 0 0 0 0 0 1 7 2 0 4 2 0 4 2 0 5 0.20196982440533606 
0 0 0 7 2 0 4 0 0 0 0 0 8 0 0 0 5 0 8 4 2 0 2 12 0 2 8 2 5 0 4 1 0 8 1 4 2 0.8702355494441152 
1 0 2 2 0 2 0 0 1 0 2 4 1 2 0 4 1 4 0 1 0 4 0 0 0 4 0 4 0 4 2 12 0 0 0 0 0 0.9126354992469028 
7 0 0 0 0 0 0 0 0 0 4 0 0 7 0 0 0 6 1 0 0 4 0 0 0 1 0 0 0 0 7 0 0 0 0 0 4 0.8340058150261673 
1 0 2 0 0 0 0 0 1 0 4 0 0 0 0 0 0 6 8 2 0 1 0 0 0 0 0 0 0 0 0 0 1 0 0 0 1 0.9966540203870164 
---
5 29 14.867898463132448 6.0 36
1 0 2 2 0 2 0 0 1 0 2 4 1 2 0 4 1 4 0 1 0 4 0 0 0 4 0 4 0 4 2 12 0 0 0 0 0 0.9126354992469028 
0 0 0 7 2 0 4 0 0 0 0 0 8 0 0 0 5 0 8 4 2 0 2 12 0 2 8 2 5 0 4 1 0 8 1 4 2 0.8702355494441152 
0 0 12 0 4 0 0 7 0 0 12 4 0 5 7 0 0 12 0 0 0 8 7 0 0 0 0 0 0 0 12 2 0 0 0 0 3 0.18308050395067155 
1 0 2 0 0 0 0 0 1 0 4 0 0 0 0 0 0 6 8 2 0 1 0 0 0 0 0 0 0 0 0 0 1 0 0 0 1 0.9966540203870164 
7 0 0 0 0 0 0 0 0 0 4 0 0 7 0 0 0 6 1 0 0 4 0 0 0 1 0 0 0 0 7 0 0 0 0 0 4 0.8340058150261673 
2 0 1 0 2 0 0 0 4 0 0 1 0 0 0 2 4 12 0 11 0 0 0 0 0 0 1 7 2 0 4 2 0 4 2 0 5 0.4282927156315067 
---
5 30 76.22172336384044 1.0 36
1 4 2 2 0 2 4 0 1 2 2 12 1 2 0 4 1 4 4 1 4 1 0 0 0 4 0 0 0 4 2 12 0 4 0 0 0 0.47816340801176893 
---
5 31 53.28958729062339 2.0 36
2 0 1 0 2 0 0 0 4 0 0 1 0 0 0 2 4 12 0 7 0 0 0 0 0 0 1 7 2 0 4 2 0 12 2 0 5 0.3724765063912866 
1 0 2 2 0 2 4 0 1 0 2 0 1 2 0 4 1 4 4 4 4 1 0 0 0 4 0 0 0 4 2 12 0 0 0 0 0 0.5627495874096617 
---
6 0 76.18718701433258 1.0 36
0 0 0 0 0 0 4 0 0 0 0 0 0 0 0 7 1 0 0 0 0 0 0 12 0 0 0 0 0 0 0 12 0 2 0 0 0 0.07051557472565773 
---
6 1 14.660680366085305 7.0 36
2 0 1 0 2 0 0 0 4 0 0 1 0 0 0 4 4 12 0 7 0 6 0 0 0 0 1 7 2 0 4 2 0 4 2 0 1 0.26320111097660104 
1 0 2 2 0 2 0 4 1 0 2 4 1 2 0 4 1 4 4 12 0 4 0 0 0 4 0 4 0 4 2 12 0 0 0 0 0 0.8301964831949104 
0 0 0 7 2 0 4 0 0 0 0 0 8 0 0 0 5 0 8 4 2 0 2 12 0 2 8 2 5 0 4 1 0 8 1 4 2 0.8702355494441152 
1 0 2 0 0 0 0 0 1 0 4 0 0 0 0 0 0 6 8 2 0 1 0 0 0 0 0 0 0 0 0 0 1 0 0 0 1 0.9995637039077783 
7 0 0 0 0 0 0 0 0 0 4 0 0 7 0 0 0 6 1 0 0 4 0 0 0 1 0 0 0 0 7 0 0 0 0 0 4 0.8340058150261673 
0 0 12 0 4 0 0 7 0 0 12 4 0 5 7 0 0 12 0 0 0 8 7 0 0 0 0 0 0 0 12 2 0 0 0 0 3 0.13219570506187206 
2 0 1 0 2 0 0 0 4 0 0 1 0 0 0 4 4 12 0 7 0 0 0 0 0 0 1 7 2 0 4 2 0 4 2 0 5 0.1240727283546057 
---
6 2 33.672940770160594 3.0 36
2 0 1 0 2 0 0 0 4 0 0 1 0 0 0 2 4 12 0 7 4 0 0 0 0 0 1 7 2 0 4 2 0 4 2 0 5 0.15056326833880096 
1 0 0 2 0 2 0 4 1 0 2 4 1 2 0 4 1 4 0 1 0 4 0 0 0 4 0 4 1 4 2 12 0 0 0 0 0 0.637463768399679 
0 0 0 7 2 0 4 0 0 0 0 0 8 0 0 0 5 0 8 1 2 0 2 12 0 2 8 2 5 0 4 1 0 8 1 4 2 0.7156372815123135 
---
6 3 23.7437402866517 4.0 36
2 0 1 0 2 0 0 0 4 0 0 1 0 0 0 4 4 12 0 11 0 0 0 0 0 0 1 7 2 0 4 2 0 4 2 0 5 0.27827660114620545 
0 0 0 7 2 0 4 0 0 0 0 0 8 0 0 0 5 0 8 4 2 0 2 12 0 2 8 2 5 0 4 1 0 8 1 4 2 0.8702355494441152 
1 0 2 2 0 2 0 0 1 0 2 4 1 2 0 4 1 4 0 1 0 4 0 0 0 4 0 4 0 4 2 12 0 0 0 0 0 0.9126354992469028 
1 0 2 0 0 0 0 0 1 0 4 0 0 0 0 0 0 6 8 2 0 1 0 0 0 0 0 0 0 0 0 0 1 0 0 0 1 0.9966540203870164 
---
6 4 14.522534968053877 6.0 36
2 0 1 0 2 0 0 0 4 0 0 0 0 0 0 4 4 12 0 7 0 0 0 0 0 0 1 7 2 0 4 2 0 4 2 0 5 0.06793162264591612 
1 0 2 2 0 2 0 4 1 0 2 4 1 2 0 4 1 4 4 12 0 4 0 0 0 4 0 4 0 4 2 12 0 0 0 0 0 0.8301964831949104 
0 0 0 7 2 0 4 0 0 0 0 0 8 0 0 0 5 0 8 4 2 0 2 12 0 2 8 2 5 0 4 1 0 8 1 4 2 0.8702355494441152 
1 0 2 0 0 0 0 0 1 0 4 0 0 0 0 0 0 6 8 2 0 1 0 0 0 0 0 0 0 0 0 0 1 0 0 0 1 0.9995637039077783 
7 0 0 0 0 0 0 0 0 0 4 0 0 7 0 0 0 6 1 0 0 4 0 0 0 1 0 0 0 0 7 0 0 0 0 0 4 0.8340058150261673 
0 0 12 0 4 0 0 7 0 0 12 4 0 5 7 0 0 12 0 0 0 8 7 0 0 0 0 0 0 0 12 2 0 0 0 0 3 0.13219570506187206 
---
6 5 76.18718701433258 1.0 36
0 0 0 0 0 0 4 0 0 0 0 0 0 0 0 7 1 0 0 0 0 0 0 12 0 2 0 0 0 0 0 12 0 2 0 0 0 0.039432002139697 
---
6 6 14.660680366085305 7.0 36
2 0 1 0 2 0 0 0 4 0 0 1 0 0 0 4 4 12 0 7 0 6 0 0 0 0 1 7 2 0 4 2 0 4 2 0 1 0.26320111097660104 
1 0 2 2 0 2 0 4 1 0 2 4 1 2 0 4 1 4 4 12 0 4 0 0 0 4 0 4 0 4 2 12 0 0 0 0 0 0.8301964831949104 
0 0 0 7 2 0 4 0 0 0 0 0 8 0 0 0 5 0 8 4 2 0 2 12 0 2 8 2 5 0 4 1 0 8 1 4 2 0.8702355494441152 
1 0 2 0 0 0 0 0 1 0 4 0 0 0 0 0 0 6 8 2 0 1 0 0 0 0 0 0 0 0 0 0 1 0 0 0 1 0.9995637039077783 
7 0 0 0 0 0 0 0 0 0 4 0 0 7 0 0 0 6 1 0 0 4 0 0 0 1 0 0 0 0 7 0 0 0 0 0 4 0.8340058150261673 
0 0 12 0 4 0 0 7 0 0 12 4 0 5 7 0 0 12 0 0 0 8 7 0 0 0 0 0 0 0 12 2 0 0 0 0 3 0.13219570506187206 
2 0 1 0 2 0 0 0 4 0 0 1 0 0 0 4 4 12 0 7 0 0 0 0 0 0 1 7 2 0 4 2 0 4 2 0 5 0.1240727283546057 
---
6 7 23.7437402866517 4.0 36
2 0 1 0 2 0 0 0 4 0 0 1 0 0 0 4 4 12 0 11 0 0 0 0 0 0 1 7 2 0 4 2 0 4 2 0 5 0.27827660114620545 
0 0 0 7 2 0 4 0 0 0 0 0 8 0 0 0 5 0 8 4 2 0 2 12 0 2 8 2 5 0 4 1 0 8 1 4 2 0.8702355494441152 
1 0 2 2 0 2 0 0 1 0 2 4 1 2 0 4 1 4 0 1 0 4 0 0 0 4 0 4 0 4 2 12 0 0 0 0 0 0.9126354992469028 
1 0 2 0 0 0 0 0 1 0 4 0 0 0 0 0 0 6 8 2 0 1 0 0 0 0 0 0 0 0 0 0 1 0 0 0 1 0.9966540203870164 
---
6 8 17.52719737523744 5.0 36
2 0 1 0 2 0 0 0 4 0 0 1 0 0 0 4 4 12 0 7 0 0 0 0 0 0 1 7 2 0 4 2 0 4 2 0 5 0.1240727283546057 
1 0 2 2 0 2 0 4 1 0 2 4 1 2 0 4 1 4 4 12 0 4 0 0 0 4 0 4 0 4 2 12 0 0 0 0 0 0.8301964831949104 
0 0 0 7 2 0 4 0 0 0 0 0 8 0 0 0 5 0 8 4 2 0 2 12 0 2 8 2 5 0 4 1 0 8 1 4 2 0.8702355494441152 
1 0 2 0 0 0 0 0 1 0 4 0 0 0 0 0 0 6 8 2 0 1 0 0 0 0 0 0 0 0 0 0 1 0 0 0 1 0.9995637039077783 
7 0 0 0 0 0 0 0 0 0 4 0 0 7 0 0 0 6 1 0 0 4 0 0 0 1 0 0 0 0 7 0 0 0 0 0 4 0.8340058150261673 
---
6 9 76.18718701433258 1.0 36
1 0 0 2 0 2 0 4 0 0 2 4 1 2 0 4 1 4 0 1 0 4 0 0 0 4 0 4 2 4 2 12 0 0 0 2 0 0.7593171940767564 
---
6 10 14.660680366085305 7.0 36
2 0 1 0 2 0 0 0 4 0 0 1 0 0 0 4 4 12 0 7 0 6 0 0 0 0 1 7 2 0 4 2 0 4 2 0 1 0.26320111097660104 
1 0 2 2 0 2 0 4 1 0 2 4 1 2 0 4 1 4 4 12 0 4 0 0 0 4 0 4 0 4 2 12 0 0 0 0 0 0.8301964831949104 
0 0 0 7 2 0 4 0 0 0 0 0 8 0 0 0 5 0 8 4 2 0 2 12 0 2 8 2 5 0 4 1 0 8 1 4 2 0.8702355494441152 
1 0 2 0 0 0 0 0 1 0 4 0 0 0 0 0 0 6 8 2 0 1 0 0 0 0 0 0 0 0 0 0 1 0 0 0 1 0.9995637039077783 
7 0 0 0 0 0 0 0 0 0 4 0 0 7 0 0 0 6 1 0 0 4 0 0 0 1 0 0 0 0 7 0 0 0 0 0 4 0.8340058150261673 
0 0 12 0 4 0 0 7 0 0 12 4 0 5 7 0 0 12 0 0 0 8 7 0 0 0 0 0 0 0 12 2 0 0 0 0 3 0.13219570506187206 
2 0 1 0 2 0 0 0 4 0 0 1 0 0 0 4 4 12 0 7 0 0 0 0 0 0 1 7 2 0 4 2 0 4 2 0 5 0.1240727283546057 
---
6 11 52.9960283198066 2.0 36
2 0 1 1 2 0 0 0 4 0 0 1 0 0 0 2 4 12 0 7 0 0 0 0 0 0 1 7 2 0 4 2 0 4 2 0 5 0.16107245787775515 
1 0 2 2 0 2 0 4 1 0 2 4 1 2 0 4 1 4 4 2 0 4 4 0 0 4 0 4 0 4 2 12 0 0 0 0 0 0.9298164160738558 
---
6 12 14.660680366085305 7.0 36
2 0 1 0 2 0 0 0 4 0 0 1 0 0 0 4 4 12 0 7 0 6 0 0 0 0 1 7 2 0 4 2 0 4 2 0 1 0.26320111097660104 
1 0 2 2 0 2 0 4 1 0 2 4 1 2 0 4 1 4 4 12 0 4 0 0 0 4 0 4 0 4 2 12 0 0 0 0 0 0.8301964831949104 
0 0 0 7 2 0 4 0 0 0 0 0 8 0 0 0 5 0 8 4 2 0 2 12 0 2 8 2 5 0 4 1 0 8 1 4 2 0.8702355494441152 
1 0 2 0 0 0 0 0 1 0 4 0 0 0 0 0 0 6 8 2 0 1 0 0 0 0 0 0 0 0 0 0 1 0 0 0 1 0.9995637039077783 
7 0 0 0 0 0 0 0 0 0 4 0 0 7 0 0 0 6 1 0 0 4 0 0 0 1 0 0 0 0 7 0 0 0 0 0 4 0.8340058150261673 
0 0 12 0 4 0 0 7 0 0 12 4 0 5 7 0 0 12 0 0 0 8 7 0 0 0 0 0 0 0 12 2 0 0 0 0 3 0.13219570506187206 
2 0 1 0 2 0 0 0 4 0 0 1 0 0 0 4 4 12 0 7 0 0 0 0 0 0 1 7 2 0 4 2 0 4 2 0 5 0.1240727283546057 
---
6 13 76.18718701433258 1.0 36
1 0 0 2 2 0 0 4 1 0 4 4 1 2 0 4 1 4 1 1 4 4 0 0 0 4 0 4 1 4 2 12 0 0 0 0 0 0.6808155140319545 
---
6 14 23.7437402866517 4.0 36
2 0 1 0 2 0 0 0 4 0 0 1 0 0 0 4 4 12 0 11 0 0 0 0 0 0 1 7 2 0 4 2 0 4 2 0 5 0.27827660114620545 
0 0 0 7 2 0 4 0 0 0 0 0 8 0 0 0 5 0 8 4 2 0 2 12 0 2 8 2 5 0 4 1 0 8 1 4 2 0.8702355494441152 
1 0 2 2 0 2 0 0 1 0 2 4 1 2 0 4 1 4 0 1 0 4 0 0 0 4 0 4 0 4 2 12 0 0 0 0 0 0.9126354992469028 
1 0 2 0 0 0 0 0 1 0 4 0 0 0 0 0 0 6 8 2 0 1 0 0 0 0 0 0 0 0 0 0 1 0 0 0 1 0.9966540203870164 
---
6 15 76.18718701433258 1.0 36
0 0 0 0 0 0 4 0 0 0 0 0 0 0 0 7 1 0 0 0 0 0 0 12 0 0 0 0 0 0 0 12 0 2 0 0 0 0.07051557472565773 
