---
0 0 76.17403314917127 1.0 36
0 0 0 0 0 0 2 0 1 0 0 0 2 0 0 0 0 0 0 0 0 0 4 0 1 2 0 0 0 2 0 0 0 0 0 0 0 0.08521940301772768 
---
0 1 14.312845303867402 7.0 36
1 0 0 0 0 0 0 0 0 0 0 11 0 1 0 11 4 12 1 11 12 0 1 1 0 4 0 11 0 4 0 0 0 4 0 0 5 0.7476406830750697 
2 0 2 0 2 0 0 0 0 0 4 7 0 0 0 12 5 13 1 0 13 8 0 7 2 0 0 4 4 0 2 0 0 0 4 0 2 0.6001443231274455 
1 0 0 7 1 0 0 0 1 0 0 0 0 0 0 4 1 0 0 7 1 2 4 0 1 4 0 0 1 2 0 7 1 0 0 0 0 0.8034568302796229 
0 0 0 0 0 0 0 0 0 1 0 0 0 0 0 4 0 11 0 7 0 0 0 0 0 0 0 0 0 0 0 0 0 0 0 0 4 0.026382446950276917 
0 0 0 0 0 0 12 0 4 0 0 0 1 8 0 0 0 12 0 0 0 0 0 0 0 12 12 0 8 0 12 7 0 0 4 11 3 0.21387065042803988 
1 0 0 0 0 0 0 0 0 1 0 0 0 1 0 0 0 6 0 8 0 0 0 0 0 0 8 0 0 0 0 0 0 0 0 0 1 0.9994701433697537 
1 0 2 4 1 0 2 4 1 0 0 0 0 0 0 4 1 0 0 12 1 5 2 0 1 4 0 0 1 2 4 2 1 0 0 0 0 0.9391988975495742 
---
0 2 33.598066298342545 3.0 36
0 0 0 0 0 4 0 0 2 0 0 0 4 0 1 3 4 4 1 1 2 1 1 1 4 0 0 1 0 0 0 0 4 4 0 0 5 0.580644802718588 
1 0 2 0 1 0 0 4 1 0 0 0 0 0 0 4 1 0 0 12 1 2 2 0 1 4 0 0 1 2 4 2 1 0 0 0 0 0.8255849055916528 
1 0 2 0 2 0 0 0 0 0 4 0 0 0 0 4 5 13 0 0 13 2 0 0 2 0 0 0 1 0 4 2 1 0 4 0 2 0.6299972979001457 
---
0 3 33.6671270718232 3.0 36
0 0 0 0 0 4 0 0 2 0 0 0 2 0 1 3 4 4 1 1 2 1 1 1 4 0 0 1 0 0 0 0 4 4 0 0 5 0.7332731893809463 
1 0 2 4 1 0 0 4 1 0 0 0 0 0 0 4 1 0 0 12 1 2 2 0 1 4 0 0 1 2 4 2 1 0 0 0 0 0.8334208336256393 
1 0 2 0 2 0 0 0 0 0 4 0 0 0 0 4 5 13 0 0 13 2 0 0 2 0 0 0 1 0 4 2 1 0 4 0 2 0.6299972979001457 
---
0 4 23.998618784530386 4.0 36
1 0 0 0 0 0 0 0 0 1 0 0 0 1 0 0 0 6 0 8 0 0 0 0 0 0 8 0 0 0 0 0 0 0 0 0 1 0.9994701433697537 
0 0 0 0 0 4 2 0 2 0 0 0 2 0 1 3 4 4 1 1 0 1 1 1 4 0 0 1 0 0 0 0 4 4 0 0 5 0.6895241938858145 
1 0 2 0 1 0 0 4 1 0 0 0 0 0 0 4 1 0 0 12 1 2 2 0 1 4 0 0 1 2 4 2 1 0 0 0 0 0.8255849055916528 
1 0 2 0 2 0 0 0 0 0 4 0 0 0 0 4 5 13 0 0 13 2 0 0 2 0 0 0 1 0 4 2 1 0 4 0 2 0.5530584501718331 
---
0 5 23.998618784530386 4.0 36
0 0 0 0 0 4 2 0 2 0 0 0 2 0 1 3 4 4 1 1 0 1 1 1 4 0 0 1 0 0 0 0 4 4 0 0 5 0.6895241938858145 
1 0 2 0 1 0 0 4 1 0 0 0 0 0 0 4 1 0 0 12 1 2 2 0 1 4 0 0 1 2 4 2 1 0 0 0 0 0.8255849055916528 
1 0 0 0 0 0 0 0 0 1 0 0 0 1 0 0 0 6 0 8 0 0 0 0 0 0 8 0 0 0 0 0 0 0 0 0 1 0.9994701433697537 
1 0 2 0 2 0 0 0 0 0 4 0 0 0 0 4 5 13 0 0 13 2 0 0 2 0 0 0 1 0 4 2 1 0 4 0 2 0.5530584501718331 
---
0 6 16.332872928176794 5.0 36
1 0 0 7 1 0 0 0 1 0 0 0 0 0 0 4 1 0 0 7 1 2 4 0 1 4 0 0 1 2 0 7 1 0 0 0 0 0.8034568302796229 
1 0 0 0 0 0 0 0 0 0 0 11 0 1 0 11 4 12 1 1 2 0 1 1 0 4 0 11 0 4 0 0 0 4 0 0 5 0.7212173539540124 
2 0 2 0 2 0 0 0 0 0 4 7 0 0 0 12 5 13 1 0 13 8 0 7 2 0 0 4 4 0 2 0 0 0 4 0 2 0.6001443231274455 
0 0 0 0 0 0 0 0 0 1 0 0 0 0 0 4 0 11 0 7 0 0 0 0 0 0 0 0 0 0 0 0 0 0 0 0 4 0.026382446950276917 
1 0 0 0 0 0 0 0 0 1 0 0 0 1 0 0 0 6 0 8 0 0 0 0 0 0 8 0 0 0 0 0 0 0 0 0 1 0.998117218520084 
---
0 7 16.332872928176794 5.0 36
1 0 0 7 1 0 0 0 1 0 0 0 0 0 0 4 1 0 0 7 1 2 4 0 1 4 0 0 1 2 0 7 1 0 0 0 0 0.8034568302796229 
1 0 0 0 0 0 0 0 0 0 0 11 0 1 0 11 4 12 1 1 2 0 1 1 0 4 0 11 0 4 0 0 0 4 0 0 5 0.7212173539540124 
2 0 2 0 2 0 0 0 0 0 4 7 0 0 0 12 5 13 1 0 13 8 0 7 2 0 0 4 4 0 2 0 0 0 4 0 2 0.6001443231274455 
0 0 0 0 0 0 0 0 0 1 0 0 0 0 0 4 0 11 0 7 0 0 0 0 0 0 0 0 0 0 0 0 0 0 0 0 4 0.026382446950276917 
1 0 0 0 0 0 0 0 0 1 0 0 0 1 0 0 0 6 0 8 0 0 0 0 0 0 8 0 0 0 0 0 0 0 0 0 1 0.998117218520084 
---
0 8 14.209254143646408 6.0 36
1 0 0 0 0 0 0 0 0 1 0 0 0 1 0 0 0 6 0 8 0 0 0 0 0 0 8 0 0 0 0 0 0 0 0 0 1 0.9994701433697537 
1 0 0 0 0 0 0 0 0 0 0 11 0 1 0 11 4 12 1 11 2 0 1 1 0 0 0 11 0 4 0 0 0 4 0 0 5 0.7300298052431301 
1 0 0 7 1 0 0 0 1 0 0 0 0 0 0 4 1 0 0 7 1 2 4 0 1 4 0 0 1 2 0 7 1 0 0 0 0 0.8034568302796229 
0 0 0 0 0 0 0 0 0 1 0 0 0 0 0 4 0 11 0 7 0 0 0 0 0 0 0 0 0 0 0 0 0 0 0 0 4 0.026382446950276917 
2 0 2 0 2 0 0 0 0 0 4 7 0 0 0 12 5 13 1 0 13 8 0 7 2 0 0 4 4 0 2 0 0 0 4 0 2 0.6001443231274455 
0 0 0 0 0 0 12 0 4 0 0 0 1 8 0 0 0 12 0 0 0 0 0 0 0 12 12 0 8 0 12 7 0 0 4 11 3 0.21387065042803988 
---
0 9 14.209254143646408 6.0 36
1 0 0 0 0 0 0 0 0 0 0 11 0 1 0 11 4 12 1 11 2 0 1 1 0 0 0 11 0 4 0 0 0 4 0 0 5 0.7300298052431301 
1 0 0 7 1 0 0 0 1 0 0 0 0 0 0 4 1 0 0 7 1 2 4 0 1 4 0 0 1 2 0 7 1 0 0 0 0 0.8034568302796229 
2 0 2 0 2 0 0 0 0 0 4 7 0 0 0 12 5 13 1 0 13 8 0 7 2 0 0 4 4 0 2 0 0 0 4 0 2 0.6001443231274455 
0 0 0 0 0 0 0 0 0 1 0 0 0 0 0 4 0 11 0 7 0 0 0 0 0 0 0 0 0 0 0 0 0 0 0 0 4 0.026382446950276917 
0 0 0 0 0 0 12 0 4 0 0 0 1 8 0 0 0 12 0 0 0 0 0 0 0 12 12 0 8 0 12 7 0 0 4 11 3 0.21387065042803988 
1 0 0 0 0 0 0 0 0 1 0 0 0 1 0 0 0 6 0 8 0 0 0 0 0 0 8 0 0 0 0 0 0 0 0 0 1 0.9994701433697537 
---
0 10 76.17403314917127 1.0 36
1 0 2 4 1 0 0 4 1 0 0 0 0 0 0 4 1 0 0 12 1 2 2 0 1 4 0 0 1 2 4 2 1 0 0 0 0 0.9207995412270333 
---
0 11 14.312845303867402 7.0 36
1 0 0 0 0 0 0 0 0 0 0 11 0 1 0 11 4 12 1 11 12 0 1 1 0 4 0 11 0 4 0 0 0 4 0 0 5 0.7476406830750697 
2 0 2 0 2 0 0 0 0 0 4 7 0 0 0 12 5 13 1 0 13 8 0 7 2 0 0 4 4 0 2 0 0 0 4 0 2 0.6001443231274455 
1 0 0 7 1 0 0 0 1 0 0 0 0 0 0 4 1 0 0 7 1 2 4 0 1 4 0 0 1 2 0 7 1 0 0 0 0 0.8034568302796229 
0 0 0 0 0 0 0 0 0 1 0 0 0 0 0 4 0 11 0 7 0 0 0 0 0 0 0 0 0 0 0 0 0 0 0 0 4 0.026382446950276917 
0 0 0 0 0 0 12 0 4 0 0 0 1 8 0 0 0 12 0 0 0 0 0 0 0 12 12 0 8 0 12 7 0 0 4 11 3 0.21387065042803988 
1 0 0 0 0 0 0 0 0 1 0 0 0 1 0 0 0 6 0 8 0 0 0 0 0 0 8 0 0 0 0 0 0 0 0 0 1 0.9994701433697537 
1 0 2 4 1 0 2 4 1 0 0 0 0 0 0 4 1 0 0 12 1 5 2 0 1 4 0 0 1 2 4 2 1 0 0 0 0 0.9391988975495742 
---
0 12 52.79696132596685 2.0 36
1 0 2 0 1 0 0 4 1 0 0 0 0 0 0 4 1 0 0 12 1 2 2 0 1 4 0 0 1 2 4 2 1 0 0 0 0 0.8255849055916528 
0 0 0 0 0 4 0 0 2 0 0 0 2 0 1 3 4 4 1 1 2 1 1 1 4 0 0 1 0 0 0 0 4 4 0 0 5 0.7332731893809463 
---
0 13 23.998618784530386 4.0 36
1 0 2 0 2 0 0 0 0 0 4 0 0 0 0 4 5 13 0 0 13 2 0 0 2 0 0 0 1 0 4 2 1 0 4 0 2 0.5530584501718331 
0 0 0 0 0 4 2 0 2 0 0 0 2 0 1 3 4 4 1 1 0 1 1 1 4 0 0 1 0 0 0 0 4 4 0 0 5 0.6895241938858145 
1 0 2 0 1 0 0 4 1 0 0 0 0 0 0 4 1 0 0 12 1 2 2 0 1 4 0 0 1 2 4 2 1 0 0 0 0 0.8255849055916528 
1 0 0 0 0 0 0 0 0 1 0 0 0 1 0 0 0 6 0 8 0 0 0 0 0 0 8 0 0 0 0 0 0 0 0 0 1 0.9994701433697537 
---
0 14 16.332872928176794 5.0 36
1 0 0 7 1 0 0 0 1 0 0 0 0 0 0 4 1 0 0 7 1 2 4 0 1 4 0 0 1 2 0 7 1 0 0 0 0 0.8034568302796229 
1 0 0 0 0 0 0 0 0 0 0 11 0 1 0 11 4 12 1 1 2 0 1 1 0 4 0 11 0 4 0 0 0 4 0 0 5 0.7212173539540124 
2 0 2 0 2 0 0 0 0 0 4 7 0 0 0 12 5 13 1 0 13 8 0 7 2 0 0 4 4 0 2 0 0 0 4 0 2 0.6001443231274455 
0 0 0 0 0 0 0 0 0 1 0 0 0 0 0 4 0 11 0 7 0 0 0 0 0 0 0 0 0 0 0 0 0 0 0 0 4 0.026382446950276917 
1 0 0 0 0 0 0 0 0 1 0 0 0 1 0 0 0 6 0 8 0 0 0 0 0 0 8 0 0 0 0 0 0 0 0 0 1 0.998117218520084 
---
0 15 14.209254143646408 6.0 36
1 0 0 0 0 0 0 0 0 0 0 11 0 1 0 11 4 12 1 11 2 0 1 1 0 0 0 11 0 4 0 0 0 4 0 0 5 0.7300298052431301 
1 0 0 7 1 0 0 0 1 0 0 0 0 0 0 4 1 0 0 7 1 2 4 0 1 4 0 0 1 2 0 7 1 0 0 0 0 0.8034568302796229 
2 0 2 0 2 0 0 0 0 0 4 7 0 0 0 12 5 13 1 0 13 8 0 7 2 0 0 4 4 0 2 0 0 0 4 0 2 0.6001443231274455 
0 0 0 0 0 0 0 0 0 1 0 0 0 0 0 4 0 11 0 7 0 0 0 0 0 0 0 0 0 0 0 0 0 0 0 0 4 0.026382446950276917 
0 0 0 0 0 0 12 0 4 0 0 0 1 8 0 0 0 12 0 0 0 0 0 0 0 12 12 0 8 0 12 7 0 0 4 11 3 0.21387065042803988 
1 0 0 0 0 0 0 0 0 1 0 0 0 1 0 0 0 6 0 8 0 0 0 0 0 0 8 0 0 0 0 0 0 0 0 0 1 0.9994701433697537 
---
0 16 76.17403314917127 1.0 36
0 0 0 0 0 0 2 12 1 0 0 0 2 0 0 0 0 0 0 0 0 0 4 0 1 2 0 0 0 2 0 0 0 0 0 0 0 0.104266820637261 
---
0 17 14.312845303867402 7.0 36
1 0 0 0 0 0 0 0 0 0 0 11 0 1 0 11 4 12 1 11 12 0 1 1 0 4 0 11 0 4 0 0 0 4 0 0 5 0.7476406830750697 
2 0 2 0 2 0 0 0 0 0 4 7 0 0 0 12 5 13 1 0 13 8 0 7 2 0 0 4 4 0 2 0 0 0 4 0 2 0.6001443231274455 
1 0 0 7 1 0 0 0 1 0 0 0 0 0 0 4 1 0 0 7 1 2 4 0 1 4 0 0 1 2 0 7 1 0 0 0 0 0.8034568302796229 
0 0 0 0 0 0 0 0 0 1 0 0 0 0 0 4 0 11 0 7 0 0 0 0 0 0 0 0 0 0 0 0 0 0 0 0 4 0.026382446950276917 
0 0 0 0 0 0 12 0 4 0 0 0 1 8 0 0 0 12 0 0 0 0 0 0 0 12 12 0 8 0 12 7 0 0 4 11 3 0.21387065042803988 
1 0 0 0 0 0 0 0 0 1 0 0 0 1 0 0 0 6 0 8 0 0 0 0 0 0 8 0 0 0 0 0 0 0 0 0 1 0.9994701433697537 
1 0 2 4 1 0 2 4 1 0 0 0 0 0 0 4 1 0 0 12 1 5 2 0 1 4 0 0 1 2 4 2 1 0 0 0 0 0.9391988975495742 
---
0 18 23.998618784530386 4.0 36
1 0 0 0 0 0 0 0 0 1 0 0 0 1 0 0 0 6 0 8 0 0 0 0 0 0 8 0 0 0 0 0 0 0 0 0 1 0.9994701433697537 
0 0 0 0 0 4 2 0 2 0 0 0 2 0 1 3 4 4 1 1 0 1 1 1 4 0 0 1 0 0 0 0 4 4 0 0 5 0.6895241938858145 
1 0 2 0 1 0 0 4 1 0 0 0 0 0 0 4 1 0 0 12 1 2 2 0 1 4 0 0 1 2 4 2 1 0 0 0 0 0.8255849055916528 
1 0 2 0 2 0 0 0 0 0 4 0 0 0 0 4 5 13 0 0 13 2 0 0 2 0 0 0 1 0 4 2 1 0 4 0 2 0.5530584501718331 
---
0 19 16.332872928176794 5.0 36
1 0 0 7 1 0 0 0 1 0 0 0 0 0 0 4 1 0 0 7 1 2 4 0 1 4 0 0 1 2 0 7 1 0 0 0 0 0.8034568302796229 
1 0 0 0 0 0 0 0 0 0 0 11 0 1 0 11 4 12 1 1 2 0 1 1 0 4 0 11 0 4 0 0 0 4 0 0 5 0.7212173539540124 
2 0 2 0 2 0 0 0 0 0 4 7 0 0 0 12 5 13 1 0 13 8 0 7 2 0 0 4 4 0 2 0 0 0 4 0 2 0.6001443231274455 
0 0 0 0 0 0 0 0 0 1 0 0 0 0 0 4 0 11 0 7 0 0 0 0 0 0 0 0 0 0 0 0 0 0 0 0 4 0.026382446950276917 
1 0 0 0 0 0 0 0 0 1 0 0 0 1 0 0 0 6 0 8 0 0 0 0 0 0 8 0 0 0 0 0 0 0 0 0 1 0.998117218520084 
---
0 20 14.209254143646408 6.0 36
1 0 0 0 0 0 0 0 0 0 0 11 0 1 0 11 4 12 1 11 2 0 1 1 0 0 0 11 0 4 0 0 0 4 0 0 5 0.7300298052431301 
1 0 0 7 1 0 0 0 1 0 0 0 0 0 0 4 1 0 0 7 1 2 4 0 1 4 0 0 1 2 0 7 1 0 0 0 0 0.8034568302796229 
2 0 2 0 2 0 0 0 0 0 4 7 0 0 0 12 5 13 1 0 13 8 0 7 2 0 0 4 4 0 2 0 0 0 4 0 2 0.6001443231274455 
0 0 0 0 0 0 0 0 0 1 0 0 0 0 0 4 0 11 0 7 0 0 0 0 0 0 0 0 0 0 0 0 0 0 0 0 4 0.026382446950276917 
0 0 0 0 0 0 12 0 4 0 0 0 1 8 0 0 0 12 0 0 0 0 0 0 0 12 12 0 8 0 12 7 0 0 4 11 3 0.21387065042803988 
1 0 0 0 0 0 0 0 0 1 0 0 0 1 0 0 0 6 0 8 0 0 0 0 0 0 8 0 0 0 0 0 0 0 0 0 1 0.9994701433697537 
---
0 21 76.17403314917127 1.0 36
1 0 2 4 1 0 0 4 1 0 0 0 0 0 0 4 1 0 0 12 1 2 2 0 1 4 0 0 1 2 4 2 1 0 0 0 0 0.8334208336256393 
---
0 22 14.312845303867402 7.0 36
1 0 0 0 0 0 0 0 0 0 0 11 0 1 0 11 4 12 1 11 12 0 1 1 0 4 0 11 0 4 0 0 0 4 0 0 5 0.7476406830750697 
2 0 2 0 2 0 0 0 0 0 4 7 0 0 0 12 5 13 1 0 13 8 0 7 2 0 0 4 4 0 2 0 0 0 4 0 2 0.6001443231274455 
1 0 0 7 1 0 0 0 1 0 0 0 0 0 0 4 1 0 0 7 1 2 4 0 1 4 0 0 1 2 0 7 1 0 0 0 0 0.8034568302796229 
0 0 0 0 0 0 0 0 0 1 0 0 0 0 0 4 0 11 0 7 0 0 0 0 0 0 0 0 0 0 0 0 0 0 0 0 4 0.026382446950276917 
0 0 0 0 0 0 12 0 4 0 0 0 1 8 0 0 0 12 0 0 0 0 0 0 0 12 12 0 8 0 12 7 0 0 4 11 3 0.21387065042803988 
1 0 0 0 0 0 0 0 0 1 0 0 0 1 0 0 0 6 0 8 0 0 0 0 0 0 8 0 0 0 0 0 0 0 0 0 1 0.9994701433697537 
1 0 2 4 1 0 2 4 1 0 0 0 0 0 0 4 1 0 0 12 1 5 2 0 1 4 0 0 1 2 4 2 1 0 0 0 0 0.9391988975495742 
---
0 23 52.79696132596685 2.0 36
1 0 2 0 1 0 0 4 1 0 0 0 0 0 0 4 1 0 0 12 1 2 2 0 1 4 0 0 1 2 4 2 1 0 0 0 0 0.8255849055916528 
0 0 0 0 0 4 0 0 2 0 0 0 2 0 1 3 4 4 1 1 2 1 1 1 4 0 0 1 0 0 0 0 4 4 0 0 5 0.7332731893809463 
---
0 24 23.998618784530386 4.0 36
1 0 0 0 0 0 0 0 0 1 0 0 0 1 0 0 0 6 0 8 0 0 0 0 0 0 8 0 0 0 0 0 0 0 0 0 1 0.9994701433697537 
1 0 2 0 2 0 0 0 0 0 4 0 0 0 0 4 5 13 0 0 13 2 0 0 2 0 0 0 1 0 4 2 1 0 4 0 2 0.5530584501718331 
0 0 0 0 0 4 2 0 2 0 0 0 2 0 1 3 4 4 1 1 0 1 1 1 4 0 0 1 0 0 0 0 4 4 0 0 5 0.6895241938858145 
1 0 2 4 1 0 0 4 1 0 0 0 0 0 0 4 1 0 0 12 1 2 2 0 1 4 0 0 1 2 4 2 1 0 0 0 0 0.9207995412270333 
---
0 25 16.332872928176794 5.0 36
1 0 0 7 1 0 0 0 1 0 0 0 0 0 0 4 1 0 0 7 1 2 4 0 1 4 0 0 1 2 0 7 1 0 0 0 0 0.8034568302796229 
1 0 0 0 0 0 0 0 0 0 0 11 0 1 0 11 4 12 1 1 2 0 1 1 0 4 0 11 0 4 0 0 0 4 0 0 5 0.7212173539540124 
2 0 2 0 2 0 0 0 0 0 4 7 0 0 0 12 5 13 1 0 13 8 0 7 2 0 0 4 4 0 2 0 0 0 4 0 2 0.6001443231274455 
0 0 0 0 0 0 0 0 0 1 0 0 0 0 0 4 0 11 0 7 0 0 0 0 0 0 0 0 0 0 0 0 0 0 0 0 4 0.026382446950276917 
1 0 0 0 0 0 0 0 0 1 0 0 0 1 0 0 0 6 0 8 0 0 0 0 0 0 8 0 0 0 0 0 0 0 0 0 1 0.998117218520084 
---
0 26 14.209254143646408 6.0 36
1 0 0 0 0 0 0 0 0 0 0 11 0 1 0 11 4 12 1 11 2 0 1 1 0 0 0 11 0 4 0 0 0 4 0 0 5 0.7300298052431301 
1 0 0 7 1 0 0 0 1 0 0 0 0 0 0 4 1 0 0 7 1 2 4 0 1 4 0 0 1 2 0 7 1 0 0 0 0 0.8034568302796229 
2 0 2 0 2 0 0 0 0 0 4 7 0 0 0 12 5 13 1 0 13 8 0 7 2 0 0 4 4 0 2 0 0 0 4 0 2 0.6001443231274455 
0 0 0 0 0 0 0 0 0 1 0 0 0 0 0 4 0 11 0 7 0 0 0 0 0 0 0 0 0 0 0 0 0 0 0 0 4 0.026382446950276917 
0 0 0 0 0 0 12 0 4 0 0 0 1 8 0 0 0 12 0 0 0 0 0 0 0 12 12 0 8 0 12 7 0 0 4 11 3 0.21387065042803988 
1 0 0 0 0 0 0 0 0 1 0 0 0 1 0 0 0 6 0 8 0 0 0 0 0 0 8 0 0 0 0 0 0 0 0 0 1 0.9994701433697537 
---
0 27 76.17403314917127 1.0 36
1 0 2 4 1 0 0 4 1 0 0 0 0 0 0 4 1 0 0 12 1 2 2 0 1 4 0 0 1 2 4 2 1 0 0 0 0 0.9207995412270333 
---
0 28 52.79696132596685 2.0 36
1 0 2 0 1 0 0 4 1 0 0 0 0 0 0 4 1 0 0 12 1 2 2 0 1 4 0 0 1 2 4 2 1 0 0 0 0 0.8255849055916528 
0 0 0 0 0 4 0 0 2 0 0 0 2 0 1 3 4 4 1 1 2 1 1 1 4 0 0 1 0 0 0 0 4 4 0 0 5 0.7332731893809463 
---
0 29 23.998618784530386 4.0 36
1 0 0 0 0 0 0 0 0 1 0 0 0 1 0 0 0 6 0 8 0 0 0 0 0 0 8 0 0 0 0 0 0 0 0 0 1 0.9994701433697537 
0 0 0 0 0 4 2 0 2 0 0 0 2 0 1 3 4 4 1 1 0 1 1 1 4 0 0 1 0 0 0 0 4 4 0 0 5 0.6895241938858145 
1 0 2 0 1 0 0 4 1 0 0 0 0 0 0 4 1 0 0 12 1 2 2 0 1 4 0 0 1 2 4 2 1 0 0 0 0 0.8255849055916528 
1 0 2 0 2 0 0 0 0 0 4 0 0 0 0 4 5 13 0 0 13 2 0 0 2 0 0 0 1 0 4 2 1 0 4 0 2 0.5530584501718331 
---
0 30 16.332872928176794 5.0 36
1 0 0 7 1 0 0 0 1 0 0 0 0 0 0 4 1 0 0 7 1 2 4 0 1 4 0 0 1 2 0 7 1 0 0 0 0 0.8034568302796229 
1 0 0 0 0 0 0 0 0 0 0 11 0 1 0 11 4 12 1 1 2 0 1 1 0 4 0 11 0 4 0 0 0 4 0 0 5 0.7212173539540124 
2 0 2 0 2 0 0 0 0 0 4 7 0 0 0 12 5 13 1 0 13 8 0 7 2 0 0 4 4 0 2 0 0 0 4 0 2 0.6001443231274455 
0 0 0 0 0 0 0 0 0 1 0 0 0 0 0 4 0 11 0 7 0 0 0 0 0 0 0 0 0 0 0 0 0 0 0 0 4 0.026382446950276917 
1 0 0 0 0 0 0 0 0 1 0 0 0 1 0 0 0 6 0 8 0 0 0 0 0 0 8 0 0 0 0 0 0 0 0 0 1 0.998117218520084 
---
0 31 14.209254143646408 6.0 36
1 0 0 0 0 0 0 0 0 0 0 11 0 1 0 11 4 12 1 11 2 0 1 1 0 0 0 11 0 4 0 0 0 4 0 0 5 0.7300298052431301 
1 0 0 7 1 0 0 0 1 0 0 0 0 0 0 4 1 0 0 7 1 2 4 0 1 4 0 0 1 2 0 7 1 0 0 0 0 0.8034568302796229 
2 0 2 0 2 0 0 0 0 0 4 7 0 0 0 12 5 13 1 0 13 8 0 7 2 0 0 4 4 0 2 0 0 0 4 0 2 0.6001443231274455 
0 0 0 0 0 0 0 0 0 1 0 0 0 0 0 4 0 11 0 7 0 0 0 0 0 0 0 0 0 0 0 0 0 0 0 0 4 0.026382446950276917 
0 0 0 0 0 0 12 0 4 0 0 0 1 8 0 0 0 12 0 0 0 0 0 0 0 12 12 0 8 0 12 7 0 0 4 11 3 0.21387065042803988 
1 0 0 0 0 0 0 0 0 1 0 0 0 1 0 0 0 6 0 8 0 0 0 0 0 0 8 0 0 0 0 0 0 0 0 0 1 0.9994701433697537 
---
0 32 76.17403314917127 1.0 36
1 0 2 4 1 0 0 4 1 0 0 0 0 0 0 4 1 0 0 12 1 2 2 0 1 4 0 0 1 2 4 2 1 0 0 0 0 0.8334208336256393 
---
0 33 23.998618784530386 4.0 36
1 0 0 0 0 0 0 0 0 1 0 0 0 1 0 0 0 6 0 8 0 0 0 0 0 0 8 0 0 0 0 0 0 0 0 0 1 0.9994701433697537 
0 0 0 0 0 4 2 0 2 0 0 0 2 0 1 3 4 4 1 1 0 1 1 1 4 0 0 1 0 0 0 0 4 4 0 0 5 0.6895241938858145 
1 0 2 0 1 0 0 4 1 0 0 0 0 0 0 4 1 0 0 12 1 2 2 0 1 4 0 0 1 2 4 2 1 0 0 0 0 0.8255849055916528 
1 0 2 0 2 0 0 0 0 0 4 0 0 0 0 4 5 13 0 0 13 2 0 0 2 0 0 0 1 0 4 2 1 0 4 0 2 0.5530584501718331 
---
0 34 16.332872928176794 5.0 36
1 0 0 7 1 0 0 0 1 0 0 0 0 0 0 4 1 0 0 7 1 2 4 0 1 4 0 0 1 2 0 7 1 0 0 0 0 0.8034568302796229 
1 0 0 0 0 0 0 0 0 0 0 11 0 1 0 11 4 12 1 1 2 0 1 1 0 4 0 11 0 4 0 0 0 4 0 0 5 0.7212173539540124 
2 0 2 0 2 0 0 0 0 0 4 7 0 0 0 12 5 13 1 0 13 8 0 7 2 0 0 4 4 0 2 0 0 0 4 0 2 0.6001443231274455 
0 0 0 0 0 0 0 0 0 1 0 0 0 0 0 4 0 11 0 7 0 0 0 0 0 0 0 0 0 0 0 0 0 0 0 0 4 0.026382446950276917 
1 0 0 0 0 0 0 0 0 1 0 0 0 1 0 0 0 6 0 8 0 0 0 0 0 0 8 0 0 0 0 0 0 0 0 0 1 0.998117218520084 
---
0 35 14.209254143646408 6.0 36
1 0 0 0 0 0 0 0 0 0 0 11 0 1 0 11 4 12 1 11 2 0 1 1 0 0 0 11 0 4 0 0 0 4 0 0 5 0.7300298052431301 
1 0 0 7 1 0 0 0 1 0 0 0 0 0 0 4 1 0 0 7 1 2 4 0 1 4 0 0 1 2 0 7 1 0 0 0 0 0.8034568302796229 
2 0 2 0 2 0 0 0 0 0 4 7 0 0 0 12 5 13 1 0 13 8 0 7 2 0 0 4 4 0 2 0 0 0 4 0 2 0.6001443231274455 
0 0 0 0 0 0 0 0 0 1 0 0 0 0 0 4 0 11 0 7 0 0 0 0 0 0 0 0 0 0 0 0 0 0 0 0 4 0.026382446950276917 
0 0 0 0 0 0 12 0 4 0 0 0 1 8 0 0 0 12 0 0 0 0 0 0 0 12 12 0 8 0 12 7 0 0 4 11 3 0.21387065042803988 
1 0 0 0 0 0 0 0 0 1 0 0 0 1 0 0 0 6 0 8 0 0 0 0 0 0 8 0 0 0 0 0 0 0 0 0 1 0.9994701433697537 
---
0 36 76.17403314917127 1.0 36
0 0 0 0 0 0 2 0 1 0 0 0 2 0 0 0 0 0 0 0 0 0 4 0 1 2 0 0 0 2 0 0 0 0 0 0 0 0.08521940301772768 
---
0 37 23.998618784530386 4.0 36
1 0 0 0 0 0 0 0 0 1 0 0 0 1 0 0 0 6 0 8 0 0 0 0 0 0 8 0 0 0 0 0 0 0 0 0 1 0.9994701433697537 
0 0 0 0 0 4 2 0 2 0 0 0 2 0 1 3 4 4 1 1 0 1 1 1 4 0 0 1 0 0 0 0 4 4 0 0 5 0.6895241938858145 
1 0 2 0 1 0 0 4 1 0 0 0 0 0 0 4 1 0 0 12 1 2 2 0 1 4 0 0 1 2 4 2 1 0 0 0 0 0.8255849055916528 
1 0 2 0 2 0 0 0 0 0 4 0 0 0 0 4 5 13 0 0 13 2 0 0 2 0 0 0 1 0 4 2 1 0 4 0 2 0.5530584501718331 
---
1 0 76.17403314917127 1.0 36
0 0 0 0 4 2 0 12 2 2 0 0 0 0 0 0 1 0 0 0 0 0 4 0 4 0 0 0 0 0 0 0 0 0 0 0 0 0.16673326987803572 
---
1 1 14.848066298342541 8.0 36
1 0 0 0 0 0 0 0 0 0 0 0 0 4 0 1 4 12 1 11 2 0 1 1 4 0 0 0 0 0 0 1 0 4 0 0 5 0.7264347469423109 
0 0 0 7 1 0 0 0 1 0 0 0 0 0 0 0 1 0 0 7 1 0 2 0 1 4 0 4 7 2 0 7 1 0 0 0 0 0.5318779070117039 
2 0 2 0 2 0 0 0 0 0 0 7 0 2 4 12 5 13 4 0 13 8 0 7 2 0 0 4 4 0 2 0 0 0 4 0 2 0.6356858306429893 
0 0 0 0 0 0 0 0 0 1 0 0 0 0 0 4 0 11 0 7 0 0 0 0 0 0 0 0 0 0 0 0 0 0 0 0 4 0.026382446950276917 
1 0 0 0 1 0 0 0 0 0 0 0 0 1 0 0 0 6 0 8 0 0 0 0 0 0 8 0 0 0 0 0 0 0 0 0 1 0.9977009610188959 
0 0 0 0 0 0 12 0 4 0 0 0 1 8 0 0 0 12 0 0 0 0 0 0 0 12 12 0 8 0 12 7 0 0 4 11 3 0.21387065042803988 
2 0 2 0 2 0 0 0 0 0 4 7 0 2 4 12 5 13 4 0 13 8 0 7 2 0 0 4 4 0 2 0 0 0 4 0 2 0.6860513280963993 
2 0 2 0 2 0 5 0 0 0 4 7 0 2 4 12 5 13 4 0 13 8 0 7 2 0 0 4 4 0 2 0 0 0 4 0 2 0.7603740772368708 
---
1 2 52.95234806629834 2.0 36
1 0 0 0 0 0 0 0 0 4 0 0 0 1 0 1 4 12 1 11 2 0 1 1 4 0 0 7 0 0 0 0 2 4 0 0 5 0.7654089753189355 
0 0 0 7 1 0 0 0 1 0 0 0 0 0 0 0 1 0 0 7 1 0 2 2 1 4 0 12 1 2 0 1 1 0 0 0 0 0.7925475486075755 
---
1 3 52.91781767955801 2.0 36
0 0 0 7 1 0 0 0 1 0 0 0 0 0 0 0 1 0 0 7 1 0 2 2 1 4 0 12 1 2 0 1 1 0 0 0 0 0.7925475486075755 
1 0 0 0 0 0 0 0 0 4 0 0 0 1 0 1 4 12 1 11 2 0 1 1 4 0 0 7 0 0 0 0 2 4 0 0 5 0.7325538797693583 
---
1 4 33.598066298342545 3.0 36
2 0 2 0 2 0 0 0 0 0 4 7 0 2 4 12 5 13 4 0 13 8 0 7 2 0 0 4 4 0 2 0 0 0 4 0 2 0.6860513280963993 
0 0 0 7 1 0 0 0 1 0 0 0 0 0 0 0 1 0 0 7 1 0 2 2 1 4 0 12 1 2 0 1 1 0 0 0 0 0.7925475486075755 
1 0 0 0 0 0 0 0 0 4 0 0 0 1 0 1 4 12 1 11 2 0 1 1 4 0 0 7 0 0 0 0 2 4 0 0 5 0.7654089753189355 
---
1 5 14.261049723756905 6.0 36
1 0 0 0 1 0 0 0 0 0 0 0 0 1 0 0 0 6 0 8 0 0 0 0 0 0 8 0 0 0 0 0 0 0 0 0 1 0.9977009610188959 
0 0 0 0 0 0 12 0 4 0 0 0 1 8 0 0 0 12 0 0 0 0 0 0 0 12 12 0 8 0 12 7 0 0 4 11 3 0.21387065042803988 
0 0 0 0 0 0 0 0 0 1 0 0 0 0 0 4 0 11 0 7 0 0 0 0 0 0 0 0 0 0 0 0 0 0 0 0 4 0.026382446950276917 
0 0 0 7 1 0 0 0 1 0 0 0 0 0 0 0 1 0 0 7 1 0 2 0 1 4 0 4 7 2 0 7 1 0 0 0 0 0.5318779070117039 
2 0 2 0 2 0 0 0 0 0 0 7 0 2 4 12 5 13 4 0 13 8 0 7 2 0 0 4 4 0 2 0 0 0 4 0 2 0.6356858306429893 
1 0 0 0 0 0 0 0 0 0 0 0 4 1 0 1 4 12 1 11 2 0 1 1 4 0 0 0 0 0 0 1 0 4 0 0 5 0.7310844278648276 
---
1 6 33.598066298342545 3.0 36
1 0 0 0 0 0 0 0 0 4 0 0 0 1 0 1 4 12 1 11 2 0 1 1 4 0 0 7 0 0 0 0 2 4 0 0 5 0.7654089753189355 
2 0 2 0 2 0 0 0 0 0 4 7 0 2 4 12 5 13 4 0 13 8 0 7 2 0 0 4 4 0 2 0 0 0 4 0 2 0.6860513280963993 
0 0 0 7 1 0 0 0 1 0 0 0 0 0 0 0 1 0 0 7 1 0 2 2 1 4 0 12 1 2 0 1 1 0 0 0 0 0.7925475486075755 
---
1 7 23.86049723756906 4.0 36
0 0 0 7 1 0 0 0 1 0 0 0 0 0 0 0 1 0 0 7 1 0 2 2 1 4 0 12 1 2 0 1 1 0 0 0 0 0.7925475486075755 
1 0 0 0 0 0 0 0 0 4 0 0 0 1 0 1 4 12 1 11 2 0 1 1 4 0 0 7 0 0 0 0 2 4 0 0 5 0.7654089753189355 
1 0 0 0 1 0 0 0 0 0 0 0 0 1 0 0 0 6 0 8 0 0 0 0 0 0 8 0 0 0 0 0 0 0 0 0 1 0.9977009610188959 
2 0 2 0 2 0 0 0 0 0 4 7 0 2 4 12 5 13 4 0 13 8 0 7 2 0 0 4 4 0 2 0 0 0 4 0 2 0.6860513280963993 
---
1 8 23.86049723756906 4.0 36
0 0 0 7 1 0 0 0 1 0 0 0 0 0 0 0 1 0 0 7 1 0 2 2 1 4 0 12 1 2 0 1 1 0 0 0 0 0.7925475486075755 
1 0 0 0 0 0 0 0 0 4 0 0 0 1 0 1 4 12 1 11 2 0 1 1 4 0 0 7 0 0 0 0 2 4 0 0 5 0.7654089753189355 
1 0 0 0 1 0 0 0 0 0 0 0 0 1 0 0 0 6 0 8 0 0 0 0 0 0 8 0 0 0 0 0 0 0 0 0 1 0.9977009610188959 
2 0 2 0 2 0 0 0 0 0 4 7 0 2 4 12 5 13 4 0 13 8 0 7 2 0 0 4 4 0 2 0 0 0 4 0 2 0.6860513280963993 
---
1 9 16.367403314917127 5.0 36
1 0 0 0 1 0 0 0 0 0 0 0 0 1 0 0 0 6 0 8 0 0 0 0 0 0 8 0 0 0 0 0 0 0 0 0 1 0.9977009610188959 
0 0 0 7 1 0 0 0 1 0 0 0 0 0 0 0 1 0 0 7 1 0 2 0 1 4 0 4 7 2 0 7 1 0 0 0 0 0.5318779070117039 
2 0 2 0 2 0 0 0 0 0 0 7 0 2 4 12 5 13 4 0 13 8 0 7 2 0 0 4 4 0 2 0 0 0 4 0 2 0.6356858306429893 
1 0 0 0 0 0 0 0 0 0 0 0 4 4 0 1 4 12 1 11 2 0 1 1 4 0 0 0 0 0 0 1 0 4 0 0 5 0.7509480920290905 
0 0 0 0 0 0 0 0 0 1 0 0 0 0 0 4 0 11 0 7 0 0 0 0 0 0 0 0 0 0 0 0 0 0 0 0 4 0.026382446950276917 
---
1 10 16.367403314917127 5.0 36
1 0 0 0 1 0 0 0 0 0 0 0 0 1 0 0 0 6 0 8 0 0 0 0 0 0 8 0 0 0 0 0 0 0 0 0 1 0.9977009610188959 
0 0 0 7 1 0 0 0 1 0 0 0 0 0 0 0 1 0 0 7 1 0 2 0 1 4 0 4 7 2 0 7 1 0 0 0 0 0.5318779070117039 
2 0 2 0 2 0 0 0 0 0 0 7 0 2 4 12 5 13 4 0 13 8 0 7 2 0 0 4 4 0 2 0 0 0 4 0 2 0.6356858306429893 
1 0 0 0 0 0 0 0 0 0 0 0 4 4 0 1 4 12 1 11 2 0 1 1 4 0 0 0 0 0 0 1 0 4 0 0 5 0.7509480920290905 
0 0 0 0 0 0 0 0 0 1 0 0 0 0 0 4 0 11 0 7 0 0 0 0 0 0 0 0 0 0 0 0 0 0 0 0 4 0.026382446950276917 
---
1 11 14.261049723756905 6.0 36
1 0 0 0 1 0 0 0 0 0 0 0 0 1 0 0 0 6 0 8 0 0 0 0 0 0 8 0 0 0 0 0 0 0 0 0 1 0.9977009610188959 
0 0 0 0 0 0 12 0 4 0 0 0 1 8 0 0 0 12 0 0 0 0 0 0 0 12 12 0 8 0 12 7 0 0 4 11 3 0.21387065042803988 
0 0 0 0 0 0 0 0 0 1 0 0 0 0 0 4 0 11 0 7 0 0 0 0 0 0 0 0 0 0 0 0 0 0 0 0 4 0.026382446950276917 
0 0 0 7 1 0 0 0 1 0 0 0 0 0 0 0 1 0 0 7 1 0 2 0 1 4 0 4 7 2 0 7 1 0 0 0 0 0.5318779070117039 
2 0 2 0 2 0 0 0 0 0 0 7 0 2 4 12 5 13 4 0 13 8 0 7 2 0 0 4 4 0 2 0 0 0 4 0 2 0.6356858306429893 
1 0 0 0 0 0 0 0 0 0 0 0 4 1 0 1 4 12 1 11 2 0 1 1 4 0 0 0 0 0 0 1 0 4 0 0 5 0.7310844278648276 
---
1 12 76.17403314917127 1.0 36
0 0 0 0 4 2 0 12 2 2 0 0 0 0 0 0 1 0 0 0 0 0 4 0 4 0 0 0 0 0 0 0 0 0 0 0 0 0.16673326987803572 
---
1 13 14.848066298342541 8.0 36
1 0 0 0 0 0 0 0 0 0 0 0 0 4 0 1 4 12 1 11 2 0 1 1 4 0 0 0 0 0 0 1 0 4 0 0 5 0.7264347469423109 
0 0 0 7 1 0 0 0 1 0 0 0 0 0 0 0 1 0 0 7 1 0 2 0 1 4 0 4 7 2 0 7 1 0 0 0 0 0.5318779070117039 
2 0 2 0 2 0 0 0 0 0 0 7 0 2 4 12 5 13 4 0 13 8 0 7 2 0 0 4 4 0 2 0 0 0 4 0 2 0.6356858306429893 
0 0 0 0 0 0 0 0 0 1 0 0 0 0 0 4 0 11 0 7 0 0 0 0 0 0 0 0 0 0 0 0 0 0 0 0 4 0.026382446950276917 
1 0 0 0 1 0 0 0 0 0 0 0 0 1 0 0 0 6 0 8 0 0 0 0 0 0 8 0 0 0 0 0 0 0 0 0 1 0.9977009610188959 
0 0 0 0 0 0 12 0 4 0 0 0 1 8 0 0 0 12 0 0 0 0 0 0 0 12 12 0 8 0 12 7 0 0 4 11 3 0.21387065042803988 
2 0 2 0 2 0 0 0 0 0 4 7 0 2 4 12 5 13 4 0 13 8 0 7 2 0 0 4 4 0 2 0 0 0 4 0 2 0.6860513280963993 
2 0 2 0 2 0 5 0 0 0 4 7 0 2 4 12 5 13 4 0 13 8 0 7 2 0 0 4 4 0 2 0 0 0 4 0 2 0.7603740772368708 
---
1 14 52.95234806629834 2.0 36
0 0 0 7 1 0 0 0 1 0 0 0 0 0 0 0 1 0 0 7 1 0 2 2 1 4 0 12 1 2 0 1 1 0 0 0 0 0.7925475486075755 
1 0 0 0 0 0 0 0 0 4 0 0 0 1 0 1 4 12 1 11 2 0 1 1 4 0 0 7 0 0 0 0 2 4 0 0 5 0.7654089753189355 
---
1 15 33.598066298342545 3.0 36
0 0 0 7 1 0 0 0 1 0 0 0 0 0 0 0 1 0 0 7 1 0 2 2 1 4 0 12 1 2 0 1 1 0 0 0 0 0.7925475486075755 
1 0 0 0 0 0 0 0 0 4 0 0 0 1 0 1 4 12 1 11 2 0 1 1 4 0 0 7 0 0 0 0 2 4 0 0 5 0.7654089753189355 
2 0 2 0 2 0 0 0 0 0 4 7 0 2 4 12 5 13 4 0 13 8 0 7 2 0 0 4 4 0 2 0 0 0 4 0 2 0.6860513280963993 
---
1 16 23.86049723756906 4.0 36
0 0 0 7 1 0 0 0 1 0 0 0 0 0 0 0 1 0 0 7 1 0 2 2 1 4 0 12 1 2 0 1 1 0 0 0 0 0.7925475486075755 
1 0 0 0 0 0 0 0 0 4 0 0 0 1 0 1 4 12 1 11 2 0 1 1 4 0 0 7 0 0 0 0 2 4 0 0 5 0.7654089753189355 
2 0 2 0 2 0 0 0 0 0 4 7 0 2 4 12 5 13 4 0 13 8 0 7 2 0 0 4 4 0 2 0 0 0 4 0 2 0.6860513280963993 
1 0 0 0 1 0 0 0 0 0 0 0 0 1 0 0 0 6 0 8 0 0 0 0 0 0 8 0 0 0 0 0 0 0 0 0 1 0.9994725642742588 
---
1 17 16.367403314917127 5.0 36
1 0 0 0 1 0 0 0 0 0 0 0 0 1 0 0 0 6 0 8 0 0 0 0 0 0 8 0 0 0 0 0 0 0 0 0 1 0.9977009610188959 
0 0 0 7 1 0 0 0 1 0 0 0 0 0 0 0 1 0 0 7 1 0 2 0 1 4 0 4 7 2 0 7 1 0 0 0 0 0.5318779070117039 
2 0 2 0 2 0 0 0 0 0 0 7 0 2 4 12 5 13 4 0 13 8 0 7 2 0 0 4 4 0 2 0 0 0 4 0 2 0.6356858306429893 
1 0 0 0 0 0 0 0 0 0 0 0 4 4 0 1 4 12 1 11 2 0 1 1 4 0 0 0 0 0 0 1 0 4 0 0 5 0.7509480920290905 
0 0 0 0 0 0 0 0 0 1 0 0 0 0 0 4 0 11 0 7 0 0 0 0 0 0 0 0 0 0 0 0 0 0 0 0 4 0.026382446950276917 
---
1 18 14.261049723756905 6.0 36
1 0 0 0 1 0 0 0 0 0 0 0 0 1 0 0 0 6 0 8 0 0 0 0 0 0 8 0 0 0 0 0 0 0 0 0 1 0.9977009610188959 
0 0 0 0 0 0 12 0 4 0 0 0 1 8 0 0 0 12 0 0 0 0 0 0 0 12 12 0 8 0 12 7 0 0 4 11 3 0.21387065042803988 
0 0 0 0 0 0 0 0 0 1 0 0 0 0 0 4 0 11 0 7 0 0 0 0 0 0 0 0 0 0 0 0 0 0 0 0 4 0.026382446950276917 
0 0 0 7 1 0 0 0 1 0 0 0 0 0 0 0 1 0 0 7 1 0 2 0 1 4 0 4 7 2 0 7 1 0 0 0 0 0.5318779070117039 
2 0 2 0 2 0 0 0 0 0 0 7 0 2 4 12 5 13 4 0 13 8 0 7 2 0 0 4 4 0 2 0 0 0 4 0 2 0.6356858306429893 
1 0 0 0 0 0 0 0 0 0 0 0 4 1 0 1 4 12 1 11 2 0 1 1 4 0 0 0 0 0 0 1 0 4 0 0 5 0.7310844278648276 
---
1 19 76.17403314917127 1.0 36
0 0 0 0 4 2 0 12 2 2 0 0 0 0 0 0 1 0 0 0 0 0 4 0 4 0 0 0 0 0 0 0 0 0 0 0 0 0.16673326987803572 
---
1 20 52.95234806629834 2.0 36
0 0 0 7 1 0 0 0 1 0 0 0 0 0 0 0 1 0 0 7 1 0 2 2 1 4 0 12 1 2 0 1 1 0 0 0 0 0.7925475486075755 
1 0 0 0 0 0 0 0 0 4 0 0 0 1 0 1 4 12 1 11 2 0 1 1 4 0 0 7 0 0 0 0 2 4 0 0 5 0.7654089753189355 
---
1 21 33.598066298342545 3.0 36
0 0 0 7 1 0 0 0 1 0 0 0 0 0 0 0 1 0 0 7 1 0 2 2 1 4 0 12 1 2 0 1 1 0 0 0 0 0.7925475486075755 
1 0 0 0 0 0 0 0 0 4 0 0 0 1 0 1 4 12 1 11 2 0 1 1 4 0 0 7 0 0 0 0 2 4 0 0 5 0.7654089753189355 
2 0 2 0 2 0 0 0 0 0 4 7 0 2 4 12 5 13 4 0 13 8 0 7 2 0 0 4 4 0 2 0 0 0 4 0 2 0.6860513280963993 
---
1 22 23.86049723756906 4.0 36
0 0 0 7 1 0 0 0 1 0 0 0 0 0 0 0 1 0 0 7 1 0 2 2 1 4 0 12 1 2 0 1 1 0 0 0 0 0.7925475486075755 
1 0 0 0 0 0 0 0 0 4 0 0 0 1 0 1 4 12 1 11 2 0 1 1 4 0 0 7 0 0 0 0 2 4 0 0 5 0.7654089753189355 
1 0 0 0 1 0 0 0 0 0 0 0 0 1 0 0 0 6 0 8 0 0 0 0 0 0 8 0 0 0 0 0 0 0 0 0 1 0.9977009610188959 
2 0 2 0 2 0 0 0 0 0 4 7 0 2 4 12 5 13 4 0 13 8 0 7 2 0 0 4 4 0 2 0 0 0 4 0 2 0.6860513280963993 
---
1 23 14.261049723756905 6.0 36
1 0 0 0 1 0 0 0 0 0 0 0 0 1 0 0 0 6 0 8 0 0 0 0 0 0 8 0 0 0 0 0 0 0 0 0 1 0.9977009610188959 
0 0 0 0 0 0 12 0 4 0 0 0 1 8 0 0 0 12 0 0 0 0 0 0 0 12 12 0 8 0 12 7 0 0 4 11 3 0.21387065042803988 
0 0 0 0 0 0 0 0 0 1 0 0 0 0 0 4 0 11 0 7 0 0 0 0 0 0 0 0 0 0 0 0 0 0 0 0 4 0.026382446950276917 
0 0 0 7 1 0 0 0 1 0 0 0 0 0 0 0 1 0 0 7 1 0 2 0 1 4 0 4 7 2 0 7 1 0 0 0 0 0.5318779070117039 
2 0 2 0 2 0 0 0 0 0 0 7 0 2 4 12 5 13 4 0 13 8 0 7 2 0 0 4 4 0 2 0 0 0 4 0 2 0.6356858306429893 
1 0 0 0 0 0 0 0 0 0 0 0 4 1 0 1 4 12 1 11 2 0 1 1 4 0 0 0 0 0 0 1 0 4 0 0 5 0.7310844278648276 
---
1 24 76.17403314917127 1.0 36
0 0 0 0 4 2 0 12 2 2 0 0 0 0 0 0 1 0 0 0 0 0 4 0 4 0 0 0 0 0 0 0 0 0 0 0 0 0.16673326987803572 
---
1 25 52.95234806629834 2.0 36
0 0 0 7 1 0 0 0 1 0 0 0 0 0 0 0 1 0 0 7 1 0 2 2 1 4 0 12 1 2 0 1 1 0 0 0 0 0.7925475486075755 
1 0 0 0 0 0 0 0 0 4 0 0 0 1 0 1 4 12 1 11 2 0 1 1 4 0 0 7 0 0 0 0 2 4 0 0 5 0.7654089753189355 
---
1 26 33.598066298342545 3.0 36
0 0 0 7 1 0 0 0 1 0 0 0 0 0 0 0 1 0 0 7 1 0 2 2 1 4 0 12 1 2 0 1 1 0 0 0 0 0.7925475486075755 
2 0 2 0 2 0 0 0 0 0 4 7 0 2 4 12 5 13 4 0 13 8 0 7 2 0 0 4 4 0 2 0 0 0 4 0 2 0.6860513280963993 
1 0 0 0 0 0 0 0 0 4 0 0 0 1 0 1 4 12 1 11 2 0 1 1 4 0 0 7 0 0 0 0 2 4 0 0 5 0.7654089753189355 
---
1 27 14.261049723756905 6.0 36
1 0 0 0 1 0 0 0 0 0 0 0 0 1 0 0 0 6 0 8 0 0 0 0 0 0 8 0 0 0 0 0 0 0 0 0 1 0.9977009610188959 
0 0 0 0 0 0 12 0 4 0 0 0 1 8 0 0 0 12 0 0 0 0 0 0 0 12 12 0 8 0 12 7 0 0 4 11 3 0.21387065042803988 
0 0 0 0 0 0 0 0 0 1 0 0 0 0 0 4 0 11 0 7 0 0 0 0 0 0 0 0 0 0 0 0 0 0 0 0 4 0.026382446950276917 
0 0 0 7 1 0 0 0 1 0 0 0 0 0 0 0 1 0 0 7 1 0 2 0 1 4 0 4 7 2 0 7 1 0 0 0 0 0.5318779070117039 
2 0 2 0 2 0 0 0 0 0 0 7 0 2 4 12 5 13 4 0 13 8 0 7 2 0 0 4 4 0 2 0 0 0 4 0 2 0.6356858306429893 
1 0 0 0 0 0 0 0 0 0 0 0 4 1 0 1 4 12 1 11 2 0 1 1 4 0 0 0 0 0 0 1 0 4 0 0 5 0.7310844278648276 
---
1 28 76.17403314917127 1.0 36
0 0 0 0 4 2 0 12 2 2 0 0 0 0 0 0 1 0 0 0 0 0 4 0 4 0 0 0 0 0 0 0 0 0 0 0 0 0.16673326987803572 
---
1 29 52.95234806629834 2.0 36
0 0 0 7 1 0 0 0 1 0 0 0 0 0 0 0 1 0 0 7 1 0 2 2 1 4 0 12 1 2 0 1 1 0 0 0 0 0.7925475486075755 
1 0 0 0 0 0 0 0 0 4 0 0 0 1 0 1 4 12 1 11 2 0 1 1 4 0 0 7 0 0 0 0 2 4 0 0 5 0.7654089753189355 
---
1 30 33.598066298342545 3.0 36
1 0 0 0 0 0 0 0 0 4 0 0 0 1 0 1 4 12 1 11 2 0 1 1 4 0 0 7 0 0 0 0 2 4 0 0 5 0.7654089753189355 
0 0 0 7 1 0 0 0 1 0 0 0 0 0 0 0 1 0 0 7 1 0 2 2 1 4 0 12 1 2 0 1 1 0 0 0 0 0.7925475486075755 
2 0 2 0 2 0 0 0 0 0 4 7 0 2 4 12 5 13 4 0 13 8 0 7 2 0 0 4 4 0 2 0 0 0 4 0 2 0.6860513280963993 
---
1 31 76.17403314917127 1.0 36
0 0 0 0 4 2 0 12 2 2 0 0 0 0 0 0 1 0 0 0 0 0 4 0 4 0 0 0 0 0 0 0 0 0 0 0 0 0.16673326987803572 
---
1 32 52.91781767955801 2.0 36
0 0 0 7 1 0 0 0 1 0 0 0 0 0 0 0 1 0 0 7 1 0 2 2 1 4 0 12 1 2 0 1 1 0 0 0 0 0.7925475486075755 
1 0 0 0 0 0 0 0 0 4 0 0 0 1 0 1 4 12 1 11 2 0 1 1 4 0 0 7 0 0 0 0 2 4 0 0 5 0.7325538797693583 
---
1 33 33.598066298342545 3.0 36
0 0 0 7 1 0 0 0 1 0 0 0 0 0 0 0 1 0 0 7 1 0 2 2 1 4 0 12 1 2 0 1 1 0 0 0 0 0.7925475486075755 
1 0 0 0 0 0 0 0 0 4 0 0 0 1 0 1 4 12 1 11 2 0 1 1 4 0 0 7 0 0 0 0 2 4 0 0 5 0.7654089753189355 
2 0 2 0 2 0 0 0 0 0 4 7 0 2 4 12 5 13 4 0 13 8 0 7 2 0 0 4 4 0 2 0 0 0 4 0 2 0.6860513280963993 
---
1 34 76.17403314917127 1.0 36
0 0 0 0 4 2 0 12 2 2 0 0 0 0 0 0 1 0 0 0 0 0 4 0 4 0 0 0 0 0 0 0 0 0 0 0 0 0.16673326987803572 
---
1 35 52.95234806629834 2.0 36
1 0 0 0 0 0 0 0 0 4 0 0 0 1 0 1 4 12 1 11 2 0 1 1 4 0 0 7 0 0 0 0 2 4 0 0 5 0.7654089753189355 
0 0 0 7 1 0 0 0 1 0 0 0 0 0 0 0 1 0 0 7 1 0 2 2 1 4 0 12 1 2 0 1 1 0 0 0 0 0.7925475486075755 
---
1 36 33.598066298342545 3.0 36
0 0 0 7 1 0 0 0 1 0 0 0 0 0 0 0 1 0 0 7 1 0 2 2 1 4 0 12 1 2 0 1 1 0 0 0 0 0.7925475486075755 
1 0 0 0 0 0 0 0 0 4 0 0 0 1 0 1 4 12 1 11 2 0 1 1 4 0 0 7 0 0 0 0 2 4 0 0 5 0.7654089753189355 
2 0 2 0 2 0 0 0 0 0 4 7 0 2 4 12 5 13 4 0 13 8 0 7 2 0 0 4 4 0 2 0 0 0 4 0 2 0.6860513280963993 
---
1 37 76.17403314917127 1.0 36
0 0 0 0 4 2 0 12 2 2 0 0 0 0 0 0 1 0 0 0 0 0 4 0 4 0 0 0 0 0 0 0 0 0 0 0 0 0.16673326987803572 
---
1 38 52.95234806629834 2.0 36
0 0 0 7 1 0 0 0 1 0 0 0 0 0 0 0 1 0 0 7 1 0 2 2 1 4 0 12 1 2 0 1 1 0 0 0 0 0.7925475486075755 
1 0 0 0 0 0 0 0 0 4 0 0 0 1 0 1 4 12 1 11 2 0 1 1 4 0 0 7 0 0 0 0 2 4 0 0 5 0.7654089753189355 
---
1 39 76.17403314917127 1.0 36
0 0 0 0 4 2 0 12 2 2 0 0 0 0 0 0 1 0 0 0 0 0 4 0 4 0 0 0 0 0 0 0 0 0 0 0 0 0.16673326987803572 
---
1 40 52.95234806629834 2.0 36
0 0 0 7 1 0 0 0 1 0 0 0 0 0 0 0 1 0 0 7 1 0 2 2 1 4 0 12 1 2 0 1 1 0 0 0 0 0.7925475486075755 
1 0 0 0 0 0 0 0 0 4 0 0 0 1 0 1 4 12 1 11 2 0 1 1 4 0 0 7 0 0 0 0 2 4 0 0 5 0.7654089753189355 
---
1 41 33.598066298342545 3.0 36
1 0 0 0 0 0 0 0 0 4 0 0 0 1 0 1 4 12 1 11 2 0 1 1 4 0 0 7 0 0 0 0 2 4 0 0 5 0.7654089753189355 
2 0 2 0 2 0 0 0 0 0 4 7 0 2 4 12 5 13 4 0 13 8 0 7 2 0 0 4 4 0 2 0 0 0 4 0 2 0.6860513280963993 
0 0 0 7 1 0 0 0 1 0 0 0 0 0 0 0 1 0 0 7 1 0 2 2 1 4 0 12 1 2 0 1 1 0 0 0 0 0.7925475486075755 
---
2 0 76.17403314917127 1.0 36
0 0 2 0 0 0 0 0 4 0 0 0 0 0 0 0 0 2 2 4 0 0 2 0 0 0 0 0 0 0 2 4 1 0 0 0 0 0.41256076877484904 
---
2 1 52.883287292817684 2.0 36
0 0 0 7 1 0 2 0 1 0 0 0 0 0 0 0 1 0 4 4 1 4 2 0 1 4 0 4 1 4 0 0 1 0 0 2 0 0.8071757216481763 
1 0 0 0 0 0 2 0 4 0 0 0 0 1 0 1 2 12 1 11 2 0 1 1 0 0 0 7 0 0 0 0 0 4 0 0 5 0.5405198722989255 
---
2 2 52.86602209944752 2.0 36
1 0 0 0 0 0 0 0 0 0 0 0 0 1 0 1 2 12 1 11 2 0 1 1 4 0 0 7 0 0 0 0 2 4 0 0 5 0.6111535179772836 
0 0 0 7 1 0 0 0 1 0 0 0 0 0 0 0 1 0 4 4 1 4 2 0 1 4 0 4 1 2 0 0 1 0 0 2 0 0.5619809053153457 
---
2 3 33.35635359116022 3.0 36
2 0 2 0 2 0 0 0 0 0 4 7 0 2 4 12 5 13 4 0 13 8 0 7 2 0 0 4 4 0 2 0 0 0 4 0 2 0.6860513280963993 
0 0 0 7 1 0 0 0 1 0 0 0 0 0 0 0 1 0 4 4 1 4 2 0 1 4 0 4 1 2 0 0 1 0 0 2 0 0.5619809053153457 
1 0 0 0 0 0 0 0 0 0 0 0 0 1 0 1 2 12 1 11 2 0 1 1 4 0 0 7 0 0 0 0 0 4 0 0 5 0.6338729349910089 
---
2 4 16.281077348066297 5.0 36
1 1 0 7 1 0 0 0 1 0 0 0 0 0 0 4 1 0 0 7 1 2 2 0 1 4 0 0 1 0 0 7 1 0 0 0 0 0.7340639096200094 
1 0 0 0 0 0 0 0 0 0 0 0 0 0 1 1 4 12 1 11 2 0 0 3 4 0 0 11 0 4 0 0 0 4 0 0 5 0.8142974081244212 
2 4 2 0 2 0 0 0 0 0 4 7 0 2 0 12 5 13 4 0 13 2 0 7 2 0 0 4 4 0 2 0 0 0 4 0 2 0.638893174490039 
0 0 0 0 0 0 0 0 0 1 0 0 0 0 0 4 0 11 0 7 0 0 0 0 0 0 0 0 0 0 0 0 0 0 0 0 4 0.026382446950276917 
1 0 0 0 0 0 0 0 0 1 0 0 0 1 0 0 0 6 0 8 0 0 0 0 0 0 8 0 0 0 0 0 0 0 0 0 1 0.9933849748283398 
---
2 5 16.281077348066297 5.0 36
1 1 0 7 1 0 0 0 1 0 0 0 0 0 0 4 1 0 0 7 1 2 2 0 1 4 0 0 1 0 0 7 1 0 0 0 0 0.7340639096200094 
1 0 0 0 0 0 0 0 0 0 0 0 0 0 1 1 4 12 1 11 2 0 0 3 4 0 0 11 0 4 0 0 0 4 0 0 5 0.8142974081244212 
2 4 2 0 2 0 0 0 0 0 4 7 0 2 0 12 5 13 4 0 13 2 0 7 2 0 0 4 4 0 2 0 0 0 4 0 2 0.638893174490039 
0 0 0 0 0 0 0 0 0 1 0 0 0 0 0 4 0 11 0 7 0 0 0 0 0 0 0 0 0 0 0 0 0 0 0 0 4 0.026382446950276917 
1 0 0 0 0 0 0 0 0 1 0 0 0 1 0 0 0 6 0 8 0 0 0 0 0 0 8 0 0 0 0 0 0 0 0 0 1 0.9933849748283398 
---
2 6 13.829419889502761 6.0 36
2 4 2 0 2 0 0 0 0 0 4 7 0 2 0 12 5 13 4 0 13 2 0 7 2 0 0 4 4 0 2 0 0 0 4 0 2 0.638893174490039 
1 0 0 0 0 0 0 0 0 1 0 0 0 1 0 0 0 6 0 8 0 0 0 0 0 0 8 0 0 0 0 0 0 0 0 0 1 0.9933849748283398 
1 0 0 0 0 0 0 0 0 0 0 0 0 0 1 1 4 12 1 11 2 0 0 3 4 0 0 11 0 4 0 0 0 4 0 0 5 0.8142974081244212 
0 0 0 0 12 0 12 0 4 0 0 0 1 8 0 0 0 12 0 0 0 0 0 0 0 12 12 0 8 0 12 7 0 0 4 11 3 0.2542162825900751 
0 0 0 0 0 0 0 0 0 1 0 0 0 0 0 4 0 11 0 7 0 0 0 0 0 0 0 0 0 0 0 0 0 0 0 0 4 0.026382446950276917 
1 0 0 7 1 0 0 0 1 0 0 0 0 0 0 4 1 0 0 7 1 2 2 0 1 4 0 0 1 0 0 7 1 0 0 0 0 0.6599183887897146 
---
2 7 13.829419889502761 6.0 36
2 4 2 0 2 0 0 0 0 0 4 7 0 2 0 12 5 13 4 0 13 2 0 7 2 0 0 4 4 0 2 0 0 0 4 0 2 0.638893174490039 
1 0 0 0 0 0 0 0 0 1 0 0 0 1 0 0 0 6 0 8 0 0 0 0 0 0 8 0 0 0 0 0 0 0 0 0 1 0.9933849748283398 
1 0 0 0 0 0 0 0 0 0 0 0 0 0 1 1 4 12 1 11 2 0 0 3 4 0 0 11 0 4 0 0 0 4 0 0 5 0.8142974081244212 
0 0 0 0 12 0 12 0 4 0 0 0 1 8 0 0 0 12 0 0 0 0 0 0 0 12 12 0 8 0 12 7 0 0 4 11 3 0.2542162825900751 
0 0 0 0 0 0 0 0 0 1 0 0 0 0 0 4 0 11 0 7 0 0 0 0 0 0 0 0 0 0 0 0 0 0 0 0 4 0.026382446950276917 
1 0 0 7 1 0 0 0 1 0 0 0 0 0 0 4 1 0 0 7 1 2 2 0 1 4 0 0 1 0 0 7 1 0 0 0 0 0.6599183887897146 
---
2 8 76.17403314917127 1.0 36
0 0 0 7 1 0 0 0 1 4 0 0 0 0 0 0 1 0 4 4 1 4 2 0 1 4 0 4 1 2 0 0 1 0 0 2 0 0.8257952139956166 
---
2 9 52.91781767955801 2.0 36
0 0 4 7 1 0 0 0 1 0 0 0 0 0 0 0 1 0 4 4 1 4 2 0 1 4 0 4 1 2 0 0 1 0 0 2 0 0.8094768027938892 
1 0 0 0 0 0 2 0 4 0 0 0 0 1 0 1 2 12 1 11 2 0 1 1 0 0 0 7 0 0 0 0 0 4 0 0 5 0.5405198722989255 
---
2 10 23.61878453038674 4.0 36
0 0 0 7 1 0 0 0 1 0 0 0 0 0 0 0 1 0 4 4 1 4 2 0 1 4 0 4 1 2 0 0 1 0 0 2 0 0.5619809053153457 
2 0 2 0 2 0 0 0 0 0 4 7 0 2 4 12 5 13 4 0 13 8 0 7 2 0 0 4 4 0 2 0 0 0 4 0 2 0.6860513280963993 
1 0 0 0 0 0 0 0 0 0 0 0 0 1 0 1 2 12 1 11 2 0 1 1 4 0 0 7 0 0 0 0 0 4 0 0 5 0.6338729349910089 
1 0 0 0 1 0 0 0 0 0 0 0 0 1 0 0 0 6 0 8 0 0 0 0 0 0 8 0 0 0 0 0 0 0 0 0 1 0.9928056078998009 
---
2 11 16.281077348066297 5.0 36
1 1 0 7 1 0 0 0 1 0 0 0 0 0 0 4 1 0 0 7 1 2 2 0 1 4 0 0 1 0 0 7 1 0 0 0 0 0.7340639096200094 
1 0 0 0 0 0 0 0 0 0 0 0 0 0 1 1 4 12 1 11 2 0 0 3 4 0 0 11 0 4 0 0 0 4 0 0 5 0.8142974081244212 
2 4 2 0 2 0 0 0 0 0 4 7 0 2 0 12 5 13 4 0 13 2 0 7 2 0 0 4 4 0 2 0 0 0 4 0 2 0.638893174490039 
0 0 0 0 0 0 0 0 0 1 0 0 0 0 0 4 0 11 0 7 0 0 0 0 0 0 0 0 0 0 0 0 0 0 0 0 4 0.026382446950276917 
1 0 0 0 0 0 0 0 0 1 0 0 0 1 0 0 0 6 0 8 0 0 0 0 0 0 8 0 0 0 0 0 0 0 0 0 1 0.9933849748283398 
---
2 12 13.829419889502761 6.0 36
2 4 2 0 2 0 0 0 0 0 4 7 0 2 0 12 5 13 4 0 13 2 0 7 2 0 0 4 4 0 2 0 0 0 4 0 2 0.638893174490039 
1 0 0 0 0 0 0 0 0 1 0 0 0 1 0 0 0 6 0 8 0 0 0 0 0 0 8 0 0 0 0 0 0 0 0 0 1 0.9933849748283398 
1 0 0 0 0 0 0 0 0 0 0 0 0 0 1 1 4 12 1 11 2 0 0 3 4 0 0 11 0 4 0 0 0 4 0 0 5 0.8142974081244212 
0 0 0 0 12 0 12 0 4 0 0 0 1 8 0 0 0 12 0 0 0 0 0 0 0 12 12 0 8 0 12 7 0 0 4 11 3 0.2542162825900751 
0 0 0 0 0 0 0 0 0 1 0 0 0 0 0 4 0 11 0 7 0 0 0 0 0 0 0 0 0 0 0 0 0 0 0 0 4 0.026382446950276917 
1 0 0 7 1 0 0 0 1 0 0 0 0 0 0 4 1 0 0 7 1 2 2 0 1 4 0 0 1 0 0 7 1 0 0 0 0 0.6599183887897146 
---
2 13 76.17403314917127 1.0 36
0 0 0 7 1 0 2 0 1 0 0 0 0 0 0 0 1 0 4 4 1 4 2 0 1 4 0 4 1 0 0 0 1 0 0 2 0 0.7831682881736375 
---
2 14 52.86602209944752 2.0 36
0 0 0 7 1 0 0 0 1 0 0 0 0 0 0 0 1 0 4 4 1 4 2 0 1 4 0 4 1 2 0 0 1 0 0 2 0 0.5619809053153457 
1 0 0 0 0 0 0 0 0 0 0 0 0 1 0 1 2 12 1 11 2 0 1 1 4 0 0 7 0 0 0 0 2 4 0 0 5 0.6111535179772836 
---
2 15 23.61878453038674 4.0 36
0 0 0 7 1 0 0 0 1 0 0 0 0 0 0 0 1 0 4 4 1 4 2 0 1 4 0 4 1 2 0 0 1 0 0 2 0 0.5619809053153457 
2 0 2 0 2 0 0 0 0 0 4 7 0 2 4 12 5 13 4 0 13 8 0 7 2 0 0 4 4 0 2 0 0 0 4 0 2 0.6860513280963993 
1 0 0 0 0 0 0 0 0 0 0 0 0 1 0 1 2 12 1 11 2 0 1 1 4 0 0 7 0 0 0 0 0 4 0 0 5 0.6338729349910089 
1 0 0 0 1 0 0 0 0 0 0 0 0 1 0 0 0 6 0 8 0 0 0 0 0 0 8 0 0 0 0 0 0 0 0 0 1 0.9928056078998009 
---
2 16 76.17403314917127 1.0 36
0 0 2 0 0 0 0 0 4 0 0 4 0 0 0 0 0 2 2 4 0 0 2 0 0 0 0 0 0 0 2 4 1 4 0 0 0 0.27286885607008626 
---
2 17 52.86602209944752 2.0 36
0 0 0 7 1 0 2 0 1 0 0 0 0 0 0 0 1 0 4 4 1 4 2 0 1 4 0 4 1 4 0 0 1 0 0 2 0 0.8071757216481763 
1 0 0 0 0 0 0 0 0 0 0 0 0 1 0 1 2 12 1 11 2 0 1 1 4 0 0 7 0 0 0 0 2 4 0 0 5 0.6111535179772836 
---
2 18 33.35635359116022 3.0 36
2 0 2 0 2 0 0 0 0 0 4 7 0 2 4 12 5 13 4 0 13 8 0 7 2 0 0 4 4 0 2 0 0 0 4 0 2 0.6860513280963993 
0 0 0 7 1 0 0 0 1 0 0 0 0 0 0 0 1 0 4 4 1 4 2 0 1 4 0 4 1 2 0 0 1 0 0 2 0 0.5619809053153457 
1 0 0 0 0 0 0 0 0 0 0 0 0 1 0 1 2 12 1 11 2 0 1 1 4 0 0 7 0 0 0 0 0 4 0 0 5 0.6338729349910089 
---
2 19 23.61878453038674 4.0 36
0 0 0 7 1 0 0 0 1 0 0 0 0 0 0 0 1 0 4 4 1 4 2 0 1 4 0 4 1 2 0 0 1 0 0 2 0 0.5619809053153457 
2 0 2 0 2 0 0 0 0 0 4 7 0 2 4 12 5 13 4 0 13 8 0 7 2 0 0 4 4 0 2 0 0 0 4 0 2 0.6860513280963993 
1 0 0 0 0 0 0 0 0 0 0 0 0 1 0 1 2 12 1 11 2 0 1 1 4 0 0 7 0 0 0 0 0 4 0 0 5 0.6338729349910089 
1 0 0 0 1 0 0 0 0 0 0 0 0 1 0 0 0 6 0 8 0 0 0 0 0 0 8 0 0 0 0 0 0 0 0 0 1 0.9928056078998009 
---
2 20 76.17403314917127 1.0 36
0 0 0 0 0 0 2 0 1 0 0 0 0 1 0 0 1 0 4 4 2 0 2 0 1 4 0 4 1 0 0 0 1 0 0 0 0 0.26092902926753436 
---
2 21 52.86602209944752 2.0 36
0 0 0 7 1 0 0 0 1 0 0 0 0 0 0 0 1 0 4 4 1 4 2 0 1 4 0 4 1 2 0 0 1 0 0 2 0 0.5619809053153457 
1 0 0 0 0 0 0 0 0 0 0 0 0 1 0 1 2 12 1 11 2 0 1 1 4 0 0 7 0 0 0 0 2 4 0 0 5 0.6111535179772836 
---
2 22 23.61878453038674 4.0 36
0 0 0 7 1 0 0 0 1 0 0 0 0 0 0 0 1 0 4 4 1 4 2 0 1 4 0 4 1 2 0 0 1 0 0 2 0 0.5619809053153457 
2 0 2 0 2 0 0 0 0 0 4 7 0 2 4 12 5 13 4 0 13 8 0 7 2 0 0 4 4 0 2 0 0 0 4 0 2 0.6860513280963993 
1 0 0 0 0 0 0 0 0 0 0 0 0 1 0 1 2 12 1 11 2 0 1 1 4 0 0 7 0 0 0 0 0 4 0 0 5 0.6338729349910089 
1 0 0 0 1 0 0 0 0 0 0 0 0 1 0 0 0 6 0 8 0 0 0 0 0 0 8 0 0 0 0 0 0 0 0 0 1 0.9928056078998009 
---
2 23 76.17403314917127 1.0 36
0 0 2 0 1 0 0 0 4 0 0 0 0 0 0 0 0 2 2 4 0 0 2 0 0 0 0 0 0 0 2 4 1 0 0 0 0 0.44898202865270265 
---
2 24 76.17403314917127 1.0 36
0 0 2 0 0 0 0 0 4 0 0 4 0 0 0 0 0 2 2 4 0 0 2 0 0 0 0 0 0 0 2 4 1 0 0 0 0 0.2816386355260364 
---
2 25 52.86602209944752 2.0 36
0 0 0 7 1 0 0 0 1 0 0 0 0 0 0 0 1 0 4 4 1 4 2 0 1 4 0 4 1 2 0 0 1 0 0 2 0 0.5619809053153457 
1 0 0 0 0 0 0 0 0 0 0 0 0 1 0 1 2 12 1 11 2 0 1 1 4 0 0 7 0 0 0 0 2 4 0 0 5 0.6111535179772836 
---
2 26 76.17403314917127 1.0 36
0 0 2 0 0 0 0 0 4 0 0 0 0 0 0 0 0 2 2 4 0 0 2 0 0 0 0 0 0 0 2 4 1 0 0 0 0 0.41256076877484904 
---
2 27 52.86602209944752 2.0 36
1 0 0 0 0 0 0 0 0 0 0 0 0 1 0 1 2 12 1 11 2 0 1 1 4 0 0 7 0 0 0 0 2 4 0 0 5 0.6111535179772836 
0 0 0 7 1 0 2 0 1 0 0 0 0 0 0 0 1 0 4 4 1 4 2 0 1 4 0 4 1 4 0 0 1 0 0 2 0 0.8071757216481763 
---
3 0 76.17403314917127 1.0 36
0 0 0 7 1 0 0 4 0 4 0 2 0 0 0 0 0 0 2 7 0 2 0 2 1 0 0 1 0 0 0 12 0 0 4 0 0 0.2173735303495018 
---
3 1 24.050414364640886 4.0 36
2 4 2 0 2 0 0 0 0 0 4 7 0 2 0 12 5 13 4 0 13 2 0 7 2 0 0 4 4 0 2 0 0 0 4 0 2 0.638893174490039 
1 0 0 0 0 0 0 0 0 0 0 7 0 0 1 1 4 12 1 11 2 0 0 3 4 0 0 11 0 4 0 0 0 4 0 0 5 0.8596530016908275 
1 0 0 0 0 0 0 0 0 1 0 0 0 1 0 0 0 6 0 8 0 0 0 0 0 0 8 0 0 0 0 0 0 0 0 0 1 0.9954682786157807 
1 0 0 7 1 0 0 0 1 0 0 0 0 0 0 4 1 0 0 7 1 2 2 0 1 4 0 0 1 0 0 7 1 0 0 0 0 0.6599183887897146 
---
3 2 24.050414364640886 4.0 36
1 0 0 0 0 0 0 0 0 0 0 7 0 0 1 1 4 12 1 11 2 0 0 3 4 0 0 11 0 4 0 0 0 4 0 0 5 0.8596530016908275 
1 0 0 7 1 0 0 0 1 0 0 0 0 0 0 4 1 0 0 7 1 2 2 0 1 4 0 0 1 0 0 7 1 0 0 0 0 0.6599183887897146 
2 4 2 0 2 0 0 0 0 0 4 7 0 2 0 12 5 13 4 0 13 2 0 7 2 0 0 4 4 0 2 0 0 0 4 0 2 0.638893174490039 
1 0 0 0 0 0 0 0 0 1 0 0 0 1 0 0 0 6 0 8 0 0 0 0 0 0 8 0 0 0 0 0 0 0 0 0 1 0.9954682786157807 
---
3 3 15.883977900552487 5.0 36
1 0 0 7 1 0 0 0 1 0 0 0 0 0 0 4 1 0 0 7 1 2 2 0 1 4 0 0 1 0 0 0 1 0 0 0 0 0.4747249895132908 
2 4 2 0 2 0 0 0 0 0 4 7 0 2 0 12 5 13 4 0 13 2 0 7 2 0 0 4 4 0 2 0 0 0 4 0 2 0.638893174490039 
1 0 0 0 0 0 0 0 0 0 0 0 0 0 1 1 4 12 1 11 2 0 0 3 4 0 0 11 0 4 0 0 0 4 0 0 5 0.8142974081244212 
1 0 0 0 0 0 0 0 0 1 0 0 0 1 0 0 0 6 0 8 0 0 0 0 0 0 8 0 0 0 0 0 0 0 0 0 1 0.9954682786157807 
0 0 0 0 0 0 0 0 0 1 0 0 0 0 0 4 0 11 0 7 0 0 0 0 0 0 0 0 0 0 0 0 0 0 0 0 4 0.026382446950276917 
---
3 4 15.883977900552487 5.0 36
1 0 0 7 1 0 0 0 1 0 0 0 0 0 0 4 1 0 0 7 1 2 2 0 1 4 0 0 1 0 0 0 1 0 0 0 0 0.4747249895132908 
2 4 2 0 2 0 0 0 0 0 4 7 0 2 0 12 5 13 4 0 13 2 0 7 2 0 0 4 4 0 2 0 0 0 4 0 2 0.638893174490039 
1 0 0 0 0 0 0 0 0 0 0 0 0 0 1 1 4 12 1 11 2 0 0 3 4 0 0 11 0 4 0 0 0 4 0 0 5 0.8142974081244212 
1 0 0 0 0 0 0 0 0 1 0 0 0 1 0 0 0 6 0 8 0 0 0 0 0 0 8 0 0 0 0 0 0 0 0 0 1 0.9954682786157807 
0 0 0 0 0 0 0 0 0 1 0 0 0 0 0 4 0 11 0 7 0 0 0 0 0 0 0 0 0 0 0 0 0 0 0 0 4 0.026382446950276917 
---
3 5 13.829419889502761 6.0 36
2 4 2 0 2 0 0 0 0 0 4 7 0 2 0 12 5 13 4 0 13 2 0 7 2 0 0 4 4 0 2 0 0 0 4 0 2 0.638893174490039 
1 0 0 0 0 0 0 0 0 1 0 0 0 1 0 0 0 6 0 8 0 0 0 0 0 0 8 0 0 0 0 0 0 0 0 0 1 0.9933849748283398 
1 0 0 0 0 0 0 0 0 0 0 0 0 0 1 1 4 12 1 11 2 0 0 3 4 0 0 11 0 4 0 0 0 4 0 0 5 0.8142974081244212 
0 0 0 0 12 0 12 0 4 0 0 0 1 8 0 0 0 12 0 0 0 0 0 0 0 12 12 0 8 0 12 7 0 0 4 11 3 0.2542162825900751 
0 0 0 0 0 0 0 0 0 1 0 0 0 0 0 4 0 11 0 7 0 0 0 0 0 0 0 0 0 0 0 0 0 0 0 0 4 0.026382446950276917 
1 0 0 7 1 0 0 0 1 0 0 0 0 0 0 4 1 0 0 7 1 2 2 0 1 4 0 0 1 0 0 7 1 0 0 0 0 0.6599183887897146 
---
3 6 13.829419889502761 6.0 36
1 0 0 7 1 0 0 0 1 0 0 0 0 0 0 4 1 0 0 7 1 2 2 0 1 4 0 0 1 0 0 7 1 0 0 0 0 0.6599183887897146 
1 0 0 0 0 0 0 0 0 1 0 0 0 1 0 0 0 6 0 8 0 0 0 0 0 0 8 0 0 0 0 0 0 0 0 0 1 0.9933849748283398 
0 0 0 0 0 0 0 0 0 1 0 0 0 0 0 4 0 11 0 7 0 0 0 0 0 0 0 0 0 0 0 0 0 0 0 0 4 0.026382446950276917 
2 4 2 0 2 0 0 0 0 0 4 7 0 2 0 12 5 13 4 0 13 2 0 7 2 0 0 4 4 0 2 0 0 0 4 0 2 0.638893174490039 
0 0 0 0 12 0 12 0 4 0 0 0 1 8 0 0 0 12 0 0 0 0 0 0 0 12 12 0 8 0 12 7 0 0 4 11 3 0.2542162825900751 
1 0 0 0 0 0 0 0 0 0 0 0 0 0 1 1 4 12 1 11 2 0 0 3 4 0 0 11 0 4 0 0 0 4 0 0 5 0.8142974081244212 
---
3 7 76.17403314917127 1.0 36
0 0 0 7 1 0 0 4 0 4 0 2 0 0 0 0 0 0 2 7 0 2 0 2 1 0 0 1 0 0 0 12 0 0 4 0 0 0.2173735303495018 
---
3 8 52.95234806629834 2.0 36
1 0 0 7 1 0 0 0 1 0 0 0 0 0 0 0 1 0 0 7 1 2 2 0 1 4 0 0 1 0 0 7 1 0 0 0 0 0.40597052808978185 
1 0 0 0 0 0 0 0 0 0 0 0 0 1 0 7 4 12 1 11 2 0 1 1 4 0 0 11 0 0 1 0 0 4 0 0 5 0.7271731182992256 
---
3 9 24.050414364640886 4.0 36
1 0 0 0 0 0 0 0 0 0 0 7 0 0 1 1 4 12 1 11 2 0 0 3 4 0 0 11 0 4 0 0 0 4 0 0 5 0.8596530016908275 
1 0 0 7 1 0 0 0 1 0 0 0 0 0 0 4 1 0 0 7 1 2 2 0 1 4 0 0 1 0 0 7 1 0 0 0 0 0.6599183887897146 
2 4 2 0 2 0 0 0 0 0 4 7 0 2 0 12 5 13 4 0 13 2 0 7 2 0 0 4 4 0 2 0 0 0 4 0 2 0.638893174490039 
1 0 0 0 0 0 0 0 0 1 0 0 0 1 0 0 0 6 0 8 0 0 0 0 0 0 8 0 0 0 0 0 0 0 0 0 1 0.9954682786157807 
---
3 10 15.883977900552487 5.0 36
1 0 0 7 1 0 0 0 1 0 0 0 0 0 0 4 1 0 0 7 1 2 2 0 1 4 0 0 1 0 0 0 1 0 0 0 0 0.4747249895132908 
2 4 2 0 2 0 0 0 0 0 4 7 0 2 0 12 5 13 4 0 13 2 0 7 2 0 0 4 4 0 2 0 0 0 4 0 2 0.638893174490039 
1 0 0 0 0 0 0 0 0 0 0 0 0 0 1 1 4 12 1 11 2 0 0 3 4 0 0 11 0 4 0 0 0 4 0 0 5 0.8142974081244212 
1 0 0 0 0 0 0 0 0 1 0 0 0 1 0 0 0 6 0 8 0 0 0 0 0 0 8 0 0 0 0 0 0 0 0 0 1 0.9954682786157807 
0 0 0 0 0 0 0 0 0 1 0 0 0 0 0 4 0 11 0 7 0 0 0 0 0 0 0 0 0 0 0 0 0 0 0 0 4 0.026382446950276917 
---
3 11 13.829419889502761 6.0 36
1 0 0 7 1 0 0 0 1 0 0 0 0 0 0 4 1 0 0 7 1 2 2 0 1 4 0 0 1 0 0 7 1 0 0 0 0 0.6599183887897146 
1 0 0 0 0 0 0 0 0 1 0 0 0 1 0 0 0 6 0 8 0 0 0 0 0 0 8 0 0 0 0 0 0 0 0 0 1 0.9933849748283398 
0 0 0 0 0 0 0 0 0 1 0 0 0 0 0 4 0 11 0 7 0 0 0 0 0 0 0 0 0 0 0 0 0 0 0 0 4 0.026382446950276917 
2 4 2 0 2 0 0 0 0 0 4 7 0 2 0 12 5 13 4 0 13 2 0 7 2 0 0 4 4 0 2 0 0 0 4 0 2 0.638893174490039 
0 0 0 0 12 0 12 0 4 0 0 0 1 8 0 0 0 12 0 0 0 0 0 0 0 12 12 0 8 0 12 7 0 0 4 11 3 0.2542162825900751 
1 0 0 0 0 0 0 0 0 0 0 0 0 0 1 1 4 12 1 11 2 0 0 3 4 0 0 11 0 4 0 0 0 4 0 0 5 0.8142974081244212 
---
3 12 33.64986187845304 3.0 36
1 0 0 0 0 0 0 0 0 0 0 0 0 1 0 7 4 12 1 11 2 0 1 1 4 0 0 11 0 0 1 0 0 4 0 0 5 0.7271731182992256 
2 4 2 0 2 0 0 0 0 0 4 7 0 2 0 12 5 13 4 0 13 2 0 7 2 0 0 4 4 0 2 0 0 0 4 0 2 0.638893174490039 
1 0 0 7 1 0 0 0 1 0 0 0 0 0 0 4 1 0 0 7 1 2 2 0 1 4 0 0 1 0 0 7 1 0 0 0 0 0.6599183887897146 
---
3 13 24.050414364640886 4.0 36
1 0 0 0 0 0 0 0 0 0 0 7 0 0 1 1 4 12 1 11 2 0 0 3 4 0 0 11 0 4 0 0 0 4 0 0 5 0.8596530016908275 
1 0 0 7 1 0 0 0 1 0 0 0 0 0 0 4 1 0 0 7 1 2 2 0 1 4 0 0 1 0 0 7 1 0 0 0 0 0.6599183887897146 
2 4 2 0 2 0 0 0 0 0 4 7 0 2 0 12 5 13 4 0 13 2 0 7 2 0 0 4 4 0 2 0 0 0 4 0 2 0.638893174490039 
1 0 0 0 0 0 0 0 0 1 0 0 0 1 0 0 0 6 0 8 0 0 0 0 0 0 8 0 0 0 0 0 0 0 0 0 1 0.9954682786157807 
---
3 14 15.883977900552487 5.0 36
1 0 0 7 1 0 0 0 1 0 0 0 0 0 0 4 1 0 0 7 1 2 2 0 1 4 0 0 1 0 0 0 1 0 0 0 0 0.4747249895132908 
2 4 2 0 2 0 0 0 0 0 4 7 0 2 0 12 5 13 4 0 13 2 0 7 2 0 0 4 4 0 2 0 0 0 4 0 2 0.638893174490039 
1 0 0 0 0 0 0 0 0 0 0 0 0 0 1 1 4 12 1 11 2 0 0 3 4 0 0 11 0 4 0 0 0 4 0 0 5 0.8142974081244212 
1 0 0 0 0 0 0 0 0 1 0 0 0 1 0 0 0 6 0 8 0 0 0 0 0 0 8 0 0 0 0 0 0 0 0 0 1 0.9954682786157807 
0 0 0 0 0 0 0 0 0 1 0 0 0 0 0 4 0 11 0 7 0 0 0 0 0 0 0 0 0 0 0 0 0 0 0 0 4 0.026382446950276917 
---
3 15 13.829419889502761 6.0 36
1 0 0 7 1 0 0 0 1 0 0 0 0 0 0 4 1 0 0 7 1 2 2 0 1 4 0 0 1 0 0 7 1 0 0 0 0 0.6599183887897146 
1 0 0 0 0 0 0 0 0 1 0 0 0 1 0 0 0 6 0 8 0 0 0 0 0 0 8 0 0 0 0 0 0 0 0 0 1 0.9933849748283398 
0 0 0 0 0 0 0 0 0 1 0 0 0 0 0 4 0 11 0 7 0 0 0 0 0 0 0 0 0 0 0 0 0 0 0 0 4 0.026382446950276917 
2 4 2 0 2 0 0 0 0 0 4 7 0 2 0 12 5 13 4 0 13 2 0 7 2 0 0 4 4 0 2 0 0 0 4 0 2 0.638893174490039 
0 0 0 0 12 0 12 0 4 0 0 0 1 8 0 0 0 12 0 0 0 0 0 0 0 12 12 0 8 0 12 7 0 0 4 11 3 0.2542162825900751 
1 0 0 0 0 0 0 0 0 0 0 0 0 0 1 1 4 12 1 11 2 0 0 3 4 0 0 11 0 4 0 0 0 4 0 0 5 0.8142974081244212 
---
3 16 76.17403314917127 1.0 36
1 2 0 0 1 0 0 0 1 0 4 0 0 0 0 0 1 0 0 7 1 0 2 0 1 4 0 2 1 2 0 7 1 4 0 0 0 0.6326965000662415 
---
3 17 24.050414364640886 4.0 36
1 0 0 0 0 0 0 0 0 0 0 7 0 0 1 1 4 12 1 11 2 0 0 3 4 0 0 11 0 4 0 0 0 4 0 0 5 0.8596530016908275 
1 0 0 7 1 0 0 0 1 0 0 0 0 0 0 4 1 0 0 7 1 2 2 0 1 4 0 0 1 0 0 7 1 0 0 0 0 0.6599183887897146 
2 4 2 0 2 0 0 0 0 0 4 7 0 2 0 12 5 13 4 0 13 2 0 7 2 0 0 4 4 0 2 0 0 0 4 0 2 0.638893174490039 
1 0 0 0 0 0 0 0 0 1 0 0 0 1 0 0 0 6 0 8 0 0 0 0 0 0 8 0 0 0 0 0 0 0 0 0 1 0.9954682786157807 
---
3 18 15.883977900552487 5.0 36
1 0 0 7 1 0 0 0 1 0 0 0 0 0 0 4 1 0 0 7 1 2 2 0 1 4 0 0 1 0 0 0 1 0 0 0 0 0.4747249895132908 
2 4 2 0 2 0 0 0 0 0 4 7 0 2 0 12 5 13 4 0 13 2 0 7 2 0 0 4 4 0 2 0 0 0 4 0 2 0.638893174490039 
1 0 0 0 0 0 0 0 0 0 0 0 0 0 1 1 4 12 1 11 2 0 0 3 4 0 0 11 0 4 0 0 0 4 0 0 5 0.8142974081244212 
1 0 0 0 0 0 0 0 0 1 0 0 0 1 0 0 0 6 0 8 0 0 0 0 0 0 8 0 0 0 0 0 0 0 0 0 1 0.9954682786157807 
0 0 0 0 0 0 0 0 0 1 0 0 0 0 0 4 0 11 0 7 0 0 0 0 0 0 0 0 0 0 0 0 0 0 0 0 4 0.026382446950276917 
---
3 19 13.829419889502761 6.0 36
1 0 0 7 1 0 0 0 1 0 0 0 0 0 0 4 1 0 0 7 1 2 2 0 1 4 0 0 1 0 0 7 1 0 0 0 0 0.6599183887897146 
1 0 0 0 0 0 0 0 0 1 0 0 0 1 0 0 0 6 0 8 0 0 0 0 0 0 8 0 0 0 0 0 0 0 0 0 1 0.9933849748283398 
0 0 0 0 0 0 0 0 0 1 0 0 0 0 0 4 0 11 0 7 0 0 0 0 0 0 0 0 0 0 0 0 0 0 0 0 4 0.026382446950276917 
2 4 2 0 2 0 0 0 0 0 4 7 0 2 0 12 5 13 4 0 13 2 0 7 2 0 0 4 4 0 2 0 0 0 4 0 2 0.638893174490039 
0 0 0 0 12 0 12 0 4 0 0 0 1 8 0 0 0 12 0 0 0 0 0 0 0 12 12 0 8 0 12 7 0 0 4 11 3 0.2542162825900751 
1 0 0 0 0 0 0 0 0 0 0 0 0 0 1 1 4 12 1 11 2 0 0 3 4 0 0 11 0 4 0 0 0 4 0 0 5 0.8142974081244212 
---
3 20 76.17403314917127 1.0 36
1 2 0 0 1 0 0 0 1 0 4 0 0 0 0 0 1 0 0 7 1 0 2 0 1 4 0 2 1 2 0 7 1 4 0 0 0 0.6326965000662415 
---
3 21 24.050414364640886 4.0 36
1 0 0 0 0 0 0 0 0 0 0 7 0 0 1 1 4 12 1 11 2 0 0 3 4 0 0 11 0 4 0 0 0 4 0 0 5 0.8596530016908275 
1 0 0 7 1 0 0 0 1 0 0 0 0 0 0 4 1 0 0 7 1 2 2 0 1 4 0 0 1 0 0 7 1 0 0 0 0 0.6599183887897146 
2 4 2 0 2 0 0 0 0 0 4 7 0 2 0 12 5 13 4 0 13 2 0 7 2 0 0 4 4 0 2 0 0 0 4 0 2 0.638893174490039 
1 0 0 0 0 0 0 0 0 1 0 0 0 1 0 0 0 6 0 8 0 0 0 0 0 0 8 0 0 0 0 0 0 0 0 0 1 0.9954682786157807 
---
3 22 15.883977900552487 5.0 36
1 0 0 7 1 0 0 0 1 0 0 0 0 0 0 4 1 0 0 7 1 2 2 0 1 4 0 0 1 0 0 0 1 0 0 0 0 0.4747249895132908 
0 0 0 0 0 0 0 0 0 1 0 0 0 0 0 4 0 11 0 7 0 0 0 0 0 0 0 0 0 0 0 0 0 0 0 0 4 0.026382446950276917 
1 0 0 0 0 0 0 0 0 0 0 0 0 0 1 1 4 12 1 11 2 0 0 3 4 0 0 11 0 4 0 0 0 4 0 0 5 0.8142974081244212 
1 0 0 0 0 0 0 0 0 1 0 0 0 1 0 0 0 6 0 8 0 0 0 0 0 0 8 0 0 0 0 0 0 0 0 0 1 0.9954682786157807 
2 4 2 0 2 0 0 0 0 0 4 7 0 2 0 12 5 13 4 0 13 2 0 7 2 0 0 4 4 0 2 0 0 0 4 0 2 0.638893174490039 
---
3 23 13.829419889502761 6.0 36
2 4 2 0 2 0 0 0 0 0 4 7 0 2 0 12 5 13 4 0 13 2 0 7 2 0 0 4 4 0 2 0 0 0 4 0 2 0.638893174490039 
1 0 0 0 0 0 0 0 0 1 0 0 0 1 0 0 0 6 0 8 0 0 0 0 0 0 8 0 0 0 0 0 0 0 0 0 1 0.9933849748283398 
1 0 0 0 0 0 0 0 0 0 0 0 0 0 1 1 4 12 1 11 2 0 0 3 4 0 0 11 0 4 0 0 0 4 0 0 5 0.8142974081244212 
0 0 0 0 12 0 12 0 4 0 0 0 1 8 0 0 0 12 0 0 0 0 0 0 0 12 12 0 8 0 12 7 0 0 4 11 3 0.2542162825900751 
0 0 0 0 0 0 0 0 0 1 0 0 0 0 0 4 0 11 0 7 0 0 0 0 0 0 0 0 0 0 0 0 0 0 0 0 4 0.026382446950276917 
1 0 0 7 1 0 0 0 1 0 0 0 0 0 0 4 1 0 0 7 1 2 2 0 1 4 0 0 1 0 0 7 1 0 0 0 0 0.6599183887897146 
---
3 24 76.17403314917127 1.0 36
1 2 0 0 1 0 0 0 1 0 4 0 0 0 0 0 1 0 0 7 1 0 2 0 1 4 0 2 1 2 0 7 1 4 0 0 0 0.6326965000662415 
---
3 25 24.050414364640886 4.0 36
1 0 0 0 0 0 0 0 0 0 0 7 0 0 1 1 4 12 1 11 2 0 0 3 4 0 0 11 0 4 0 0 0 4 0 0 5 0.8596530016908275 
1 0 0 7 1 0 0 0 1 0 0 0 0 0 0 4 1 0 0 7 1 2 2 0 1 4 0 0 1 0 0 7 1 0 0 0 0 0.6599183887897146 
2 4 2 0 2 0 0 0 0 0 4 7 0 2 0 12 5 13 4 0 13 2 0 7 2 0 0 4 4 0 2 0 0 0 4 0 2 0.638893174490039 
1 0 0 0 0 0 0 0 0 1 0 0 0 1 0 0 0 6 0 8 0 0 0 0 0 0 8 0 0 0 0 0 0 0 0 0 1 0.9954682786157807 
---
3 26 15.883977900552487 5.0 36
1 0 0 7 1 0 0 0 1 0 0 0 0 0 0 4 1 0 0 7 1 2 2 0 1 4 0 0 1 0 0 0 1 0 0 0 0 0.4747249895132908 
2 4 2 0 2 0 0 0 0 0 4 7 0 2 0 12 5 13 4 0 13 2 0 7 2 0 0 4 4 0 2 0 0 0 4 0 2 0.638893174490039 
1 0 0 0 0 0 0 0 0 0 0 0 0 0 1 1 4 12 1 11 2 0 0 3 4 0 0 11 0 4 0 0 0 4 0 0 5 0.8142974081244212 
1 0 0 0 0 0 0 0 0 1 0 0 0 1 0 0 0 6 0 8 0 0 0 0 0 0 8 0 0 0 0 0 0 0 0 0 1 0.9954682786157807 
0 0 0 0 0 0 0 0 0 1 0 0 0 0 0 4 0 11 0 7 0 0 0 0 0 0 0 0 0 0 0 0 0 0 0 0 4 0.026382446950276917 
---
3 27 13.829419889502761 6.0 36
1 0 0 7 1 0 0 0 1 0 0 0 0 0 0 4 1 0 0 7 1 2 2 0 1 4 0 0 1 0 0 7 1 0 0 0 0 0.6599183887897146 
1 0 0 0 0 0 0 0 0 1 0 0 0 1 0 0 0 6 0 8 0 0 0 0 0 0 8 0 0 0 0 0 0 0 0 0 1 0.9933849748283398 
0 0 0 0 0 0 0 0 0 1 0 0 0 0 0 4 0 11 0 7 0 0 0 0 0 0 0 0 0 0 0 0 0 0 0 0 4 0.026382446950276917 
2 4 2 0 2 0 0 0 0 0 4 7 0 2 0 12 5 13 4 0 13 2 0 7 2 0 0 4 4 0 2 0 0 0 4 0 2 0.638893174490039 
0 0 0 0 12 0 12 0 4 0 0 0 1 8 0 0 0 12 0 0 0 0 0 0 0 12 12 0 8 0 12 7 0 0 4 11 3 0.2542162825900751 
1 0 0 0 0 0 0 0 0 0 0 0 0 0 1 1 4 12 1 11 2 0 0 3 4 0 0 11 0 4 0 0 0 4 0 0 5 0.8142974081244212 
---
4 0 76.17403314917127 1.0 36
0 0 4 0 0 0 4 0 1 0 0 0 0 0 0 4 0 1 0 12 0 0 0 0 0 0 0 4 1 0 0 0 0 0 0 1 0 0.07637925008161583 
---
4 1 14.226519337016574 7.0 36
2 4 2 0 2 0 0 0 0 0 4 7 0 2 0 12 5 13 4 0 13 2 0 7 2 0 0 4 4 0 2 0 0 0 4 0 2 0.638893174490039 
1 0 0 7 1 0 0 0 1 0 0 0 0 0 0 4 1 0 0 4 1 2 2 0 1 4 0 0 1 0 0 7 1 0 0 0 0 0.7072296484053147 
1 0 0 0 0 0 0 0 0 1 0 0 0 1 0 0 0 6 0 8 0 0 0 0 0 0 8 0 0 0 0 0 0 0 0 0 1 0.9954682786157807 
1 0 0 0 0 0 0 3 0 0 0 0 0 0 1 1 4 12 1 11 2 0 0 1 4 0 0 11 0 4 0 0 0 4 0 0 5 0.8321298860472532 
0 0 0 0 0 0 0 0 0 0 1 1 0 4 0 1 4 0 1 11 2 0 3 1 4 0 0 7 0 4 0 1 0 4 0 0 5 0.7524865312555848 
0 0 0 0 0 0 0 0 0 1 0 0 0 0 0 4 0 11 0 7 0 0 0 0 0 0 0 0 0 0 0 0 0 0 0 0 4 0.026382446950276917 
0 0 0 0 0 0 12 0 4 0 0 0 1 8 0 0 0 12 0 0 0 0 0 0 0 12 12 0 8 0 12 7 0 0 4 11 3 0.21387065042803988 
---
4 2 16.194751381215468 5.0 36
1 0 0 0 0 0 0 3 0 0 0 0 0 0 1 1 4 12 1 11 2 0 0 1 4 0 0 11 0 4 0 0 0 4 0 0 5 0.8321298860472532 
1 0 0 7 1 0 0 0 1 0 0 0 0 0 0 4 1 0 0 4 1 2 2 0 1 4 0 0 1 0 0 7 1 0 0 0 0 0.7072296484053147 
2 4 2 0 2 0 0 0 0 0 4 7 0 2 0 12 5 13 4 0 13 2 0 7 2 0 0 4 4 0 2 0 0 0 4 0 2 0.638893174490039 
0 0 0 0 0 0 0 0 0 1 0 0 0 0 0 4 0 11 0 7 0 0 0 0 0 0 0 0 0 0 0 0 0 0 0 0 4 0.026382446950276917 
1 0 0 0 0 0 0 0 0 1 0 0 0 1 0 0 0 6 0 8 0 0 0 0 0 0 8 0 0 0 0 0 0 0 0 0 1 0.9954682786157807 
---
4 3 33.546270718232044 3.0 36
1 0 0 1 1 0 0 0 1 0 0 0 0 0 0 4 1 0 0 7 1 2 2 4 1 4 0 0 1 0 0 7 1 2 0 0 0 0.44622264200014206 
2 0 2 0 2 0 0 0 0 0 4 7 0 0 0 12 5 13 1 0 13 8 0 7 2 0 0 4 4 0 2 1 0 0 4 0 2 0.5849571505011575 
2 0 0 0 0 0 0 0 0 0 1 7 0 4 1 3 4 0 1 0 2 0 0 11 1 0 1 7 0 4 0 0 0 4 0 0 5 0.6228497467691154 
---
4 4 33.546270718232044 3.0 36
1 0 0 1 1 0 0 0 1 0 0 0 0 0 0 4 1 0 0 7 1 2 2 4 1 4 0 0 1 0 0 7 1 2 0 0 0 0.44622264200014206 
2 0 2 0 2 0 0 0 0 0 4 7 0 0 0 12 5 13 1 0 13 8 0 7 2 0 0 4 4 0 2 1 0 0 4 0 2 0.5849571505011575 
2 0 0 0 0 0 0 0 0 0 1 7 0 4 1 3 4 0 1 0 2 0 0 11 1 0 1 7 0 4 0 0 0 4 0 0 5 0.6228497467691154 
---
4 5 23.808701657458563 4.0 36
1 0 0 0 0 0 0 0 0 1 0 0 0 1 0 0 0 6 0 8 0 0 0 0 0 0 8 0 0 0 0 0 0 0 0 0 1 0.9933849748283398 
2 0 2 0 2 0 0 0 0 0 4 7 0 0 0 12 5 13 1 0 13 8 0 7 2 0 0 4 4 0 2 1 0 0 4 0 2 0.5849571505011575 
1 0 0 1 1 0 0 0 1 0 0 0 0 0 0 4 1 0 0 7 1 2 2 4 1 4 0 0 1 0 0 7 1 2 0 0 0 0.44622264200014206 
2 0 0 0 0 0 0 0 0 0 1 7 0 4 1 3 4 0 1 0 2 0 0 11 1 0 1 7 0 4 0 0 0 4 0 0 5 0.6228497467691154 
---
4 6 23.808701657458563 4.0 36
1 0 0 0 0 0 0 0 0 1 0 0 0 1 0 0 0 6 0 8 0 0 0 0 0 0 8 0 0 0 0 0 0 0 0 0 1 0.9933849748283398 
2 0 2 0 2 0 0 0 0 0 4 7 0 0 0 12 5 13 1 0 13 8 0 7 2 0 0 4 4 0 2 1 0 0 4 0 2 0.5849571505011575 
1 0 0 1 1 0 0 0 1 0 0 0 0 0 0 4 1 0 0 7 1 2 2 4 1 4 0 0 1 0 0 7 1 2 0 0 0 0.44622264200014206 
2 0 0 0 0 0 0 0 0 0 1 7 0 4 1 3 4 0 1 0 2 0 0 11 1 0 1 7 0 4 0 0 0 4 0 0 5 0.6228497467691154 
---
4 7 76.17403314917127 1.0 36
1 0 0 1 1 0 0 0 1 0 0 0 0 0 0 4 1 0 0 7 1 2 2 4 1 4 0 0 1 0 0 7 1 2 0 0 0 0.44622264200014206 
---
4 8 23.808701657458563 4.0 36
1 0 0 0 0 0 0 0 0 1 0 0 0 1 0 0 0 6 0 8 0 0 0 0 0 0 8 0 0 0 0 0 0 0 0 0 1 0.9933849748283398 
2 0 2 0 2 0 0 0 0 0 4 7 0 0 0 12 5 13 1 0 13 8 0 7 2 0 0 4 4 0 2 1 0 0 4 0 2 0.5849571505011575 
1 0 0 1 1 0 0 0 1 0 0 0 0 0 0 4 1 0 0 7 1 2 2 4 1 4 0 0 1 0 0 7 1 2 0 0 0 0.44622264200014206 
2 0 0 0 0 0 0 0 0 0 1 7 0 4 1 3 4 0 1 0 2 0 0 11 1 0 1 7 0 4 0 0 0 4 0 0 5 0.6228497467691154 
---
4 9 76.17403314917127 1.0 36
1 0 0 1 1 0 0 0 1 0 0 0 0 0 0 4 1 0 0 7 1 2 2 0 1 4 0 0 1 0 0 7 1 2 0 0 0 0.6673852166288385 
---
4 10 33.52900552486188 3.0 36
1 0 0 1 1 0 0 0 1 0 0 0 0 0 0 4 1 0 0 7 1 2 2 4 1 4 0 0 1 0 0 7 1 2 0 0 0 0.44622264200014206 
2 0 2 0 2 0 0 0 0 0 4 7 0 0 0 12 5 13 1 0 13 8 0 7 2 0 0 4 4 0 2 1 0 0 4 0 2 0.5849571505011575 
2 0 0 0 0 0 0 0 0 0 1 7 0 4 1 3 4 0 1 0 2 0 0 11 1 0 1 7 0 4 0 0 0 4 0 0 5 0.6294376094748053 
---
4 11 23.808701657458563 4.0 36
1 0 0 0 0 0 0 0 0 1 0 0 0 1 0 0 0 6 0 8 0 0 0 0 0 0 8 0 0 0 0 0 0 0 0 0 1 0.9933849748283398 
2 0 2 0 2 0 0 0 0 0 4 7 0 0 0 12 5 13 1 0 13 8 0 7 2 0 0 4 4 0 2 1 0 0 4 0 2 0.5849571505011575 
1 0 0 1 1 0 0 0 1 0 0 0 0 0 0 4 1 0 0 7 1 2 2 4 1 4 0 0 1 0 0 7 1 2 0 0 0 0.44622264200014206 
2 0 0 0 0 0 0 0 0 0 1 7 0 4 1 3 4 0 1 0 2 0 0 11 1 0 1 7 0 4 0 0 0 4 0 0 5 0.6228497467691154 
---
4 12 76.17403314917127 1.0 36
1 0 0 1 1 0 0 0 1 0 0 0 0 0 0 4 1 0 0 7 1 2 2 4 1 4 0 0 1 0 0 7 1 2 0 0 0 0.44622264200014206 
---
4 13 52.86602209944752 2.0 36
1 0 0 1 1 0 0 0 1 0 0 0 0 0 0 4 1 0 2 7 1 2 2 0 1 4 4 0 1 0 0 7 1 2 0 0 0 0.7903109928114658 
2 0 0 0 0 0 0 0 0 0 1 7 0 4 1 3 4 0 1 0 2 0 0 11 1 0 1 7 0 4 0 0 0 4 0 0 5 0.6228497467691154 
---
4 14 23.808701657458563 4.0 36
1 0 0 0 0 0 0 0 0 1 0 0 0 1 0 0 0 6 0 8 0 0 0 0 0 0 8 0 0 0 0 0 0 0 0 0 1 0.9933849748283398 
2 0 2 0 2 0 0 0 0 0 4 7 0 0 0 12 5 13 1 0 13 8 0 7 2 0 0 4 4 0 2 1 0 0 4 0 2 0.5849571505011575 
1 0 0 1 1 0 0 0 1 0 0 0 0 0 0 4 1 0 0 7 1 2 2 4 1 4 0 0 1 0 0 7 1 2 0 0 0 0.44622264200014206 
2 0 0 0 0 0 0 0 0 0 1 7 0 4 1 3 4 0 1 0 2 0 0 11 1 0 1 7 0 4 0 0 0 4 0 0 5 0.6228497467691154 
---
4 15 76.17403314917127 1.0 36
1 0 0 1 1 0 0 0 1 0 0 0 0 0 0 4 1 0 0 7 1 2 2 0 1 4 0 0 1 0 0 7 1 2 0 0 0 0.6673852166288385 
---
4 16 52.96961325966851 2.0 36
1 0 0 1 1 0 0 0 1 0 0 0 0 0 0 4 1 0 0 7 1 2 2 0 1 4 4 0 1 0 0 7 1 2 0 0 0 0.7394310407524298 
2 0 0 0 0 0 0 0 0 0 1 7 0 4 1 3 4 0 1 0 2 0 0 11 1 0 1 7 0 4 0 0 0 4 0 0 5 0.6228497467691154 
---
4 17 33.546270718232044 3.0 36
2 0 2 0 2 0 0 0 0 0 4 7 0 0 0 12 5 13 1 0 13 8 0 7 2 0 0 4 4 0 2 1 0 0 4 0 2 0.5849571505011575 
1 0 0 1 1 0 0 0 1 0 0 0 0 0 0 4 1 0 0 7 1 2 2 4 1 4 0 0 1 0 0 7 1 2 0 0 0 0.44622264200014206 
2 0 0 0 0 0 0 0 0 0 1 7 0 4 1 3 4 0 1 0 2 0 0 11 1 0 1 7 0 4 0 0 0 4 0 0 5 0.6228497467691154 
---
4 18 23.808701657458563 4.0 36
1 0 0 0 0 0 0 0 0 1 0 0 0 1 0 0 0 6 0 8 0 0 0 0 0 0 8 0 0 0 0 0 0 0 0 0 1 0.9933849748283398 
2 0 2 0 2 0 0 0 0 0 4 7 0 0 0 12 5 13 1 0 13 8 0 7 2 0 0 4 4 0 2 1 0 0 4 0 2 0.5849571505011575 
1 0 0 1 1 0 0 0 1 0 0 0 0 0 0 4 1 0 0 7 1 2 2 4 1 4 0 0 1 0 0 7 1 2 0 0 0 0.44622264200014206 
2 0 0 0 0 0 0 0 0 0 1 7 0 4 1 3 4 0 1 0 2 0 0 11 1 0 1 7 0 4 0 0 0 4 0 0 5 0.6228497467691154 
---
4 19 76.17403314917127 1.0 36
1 0 0 7 1 0 0 0 1 0 0 0 0 0 0 4 2 0 0 7 1 2 2 4 1 4 0 0 1 0 0 7 1 2 0 0 0 0.6133504442589031 
---
4 20 53.021408839779006 2.0 36
1 0 0 1 1 0 0 0 1 0 0 0 0 0 0 4 1 0 0 7 1 2 2 0 1 4 0 0 1 0 0 7 1 2 0 0 0 0.6673852166288385 
2 0 0 0 0 0 0 0 0 0 1 7 0 4 1 3 4 0 1 0 2 0 0 11 1 0 1 7 0 4 0 0 0 4 0 0 5 0.6228497467691154 
---
4 21 33.546270718232044 3.0 36
1 0 0 1 1 0 0 0 1 0 0 0 0 0 0 4 1 0 0 7 1 2 2 4 1 4 0 0 1 0 0 7 1 2 0 0 0 0.44622264200014206 
2 0 2 0 2 0 0 0 0 0 4 7 0 0 0 12 5 13 1 0 13 8 0 7 2 0 0 4 4 0 2 1 0 0 4 0 2 0.5849571505011575 
2 0 0 0 0 0 0 0 0 0 1 7 0 4 1 3 4 0 1 0 2 0 0 11 1 0 1 7 0 4 0 0 0 4 0 0 5 0.6228497467691154 
---
4 22 23.808701657458563 4.0 36
1 0 0 0 0 0 0 0 0 1 0 0 0 1 0 0 0 6 0 8 0 0 0 0 0 0 8 0 0 0 0 0 0 0 0 0 1 0.9933849748283398 
2 0 2 0 2 0 0 0 0 0 4 7 0 0 0 12 5 13 1 0 13 8 0 7 2 0 0 4 4 0 2 1 0 0 4 0 2 0.5849571505011575 
1 0 0 1 1 0 0 0 1 0 0 0 0 0 0 4 1 0 0 7 1 2 2 4 1 4 0 0 1 0 0 7 1 2 0 0 0 0.44622264200014206 
2 0 0 0 0 0 0 0 0 0 1 7 0 4 1 3 4 0 1 0 2 0 0 11 1 0 1 7 0 4 0 0 0 4 0 0 5 0.6228497467691154 
---
4 23 76.17403314917127 1.0 36
1 0 0 1 1 0 0 0 1 0 0 0 0 0 0 4 1 0 2 7 1 2 2 0 1 4 4 0 1 0 0 7 1 2 0 0 0 0.7903109928114658 
---
4 24 52.96961325966851 2.0 36
1 0 0 1 1 0 0 0 1 0 0 0 0 0 0 4 1 0 0 7 1 2 2 0 1 4 4 0 1 0 0 7 1 2 0 0 0 0.7394310407524298 
2 0 0 0 0 0 0 0 0 0 1 7 0 4 1 3 4 0 1 0 2 0 0 11 1 0 1 7 0 4 0 0 0 4 0 0 5 0.6228497467691154 
---
4 25 33.546270718232044 3.0 36
2 0 0 0 0 0 0 0 0 0 1 7 0 4 1 3 4 0 1 0 2 0 0 11 1 0 1 7 0 4 0 0 0 4 0 0 5 0.6228497467691154 
2 0 2 0 2 0 0 0 0 0 4 7 0 0 0 12 5 13 1 0 13 8 0 7 2 0 0 4 4 0 2 1 0 0 4 0 2 0.5849571505011575 
1 0 0 1 1 0 0 0 1 0 0 0 0 0 0 4 1 0 0 7 1 2 2 4 1 4 0 0 1 0 0 7 1 2 0 0 0 0.44622264200014206 
---
4 26 23.808701657458563 4.0 36
1 0 0 0 0 0 0 0 0 1 0 0 0 1 0 0 0 6 0 8 0 0 0 0 0 0 8 0 0 0 0 0 0 0 0 0 1 0.9954682786157807 
2 0 2 0 2 0 0 0 0 0 4 7 0 0 0 12 5 13 1 0 13 8 0 7 2 0 0 4 4 0 2 1 0 0 4 0 2 0.5849571505011575 
2 0 0 0 0 0 0 0 0 0 1 7 0 4 1 3 4 0 1 0 2 0 0 11 1 0 1 7 0 4 0 0 0 4 0 0 5 0.6228497467691154 
1 0 0 1 1 0 0 0 1 0 0 0 0 0 0 4 1 0 0 7 1 2 2 4 1 4 0 0 1 0 0 7 1 2 0 0 0 0.44622264200014206 
---
4 27 76.17403314917127 1.0 36
1 0 0 1 1 0 0 0 1 0 0 0 0 0 0 4 1 0 0 7 1 2 2 0 1 4 4 0 1 0 0 7 1 2 0 0 0 0.7394310407524298 
---
4 28 33.546270718232044 3.0 36
2 0 0 0 0 0 0 0 0 0 1 7 0 4 1 3 4 0 1 0 2 0 0 11 1 0 1 7 0 4 0 0 0 4 0 0 5 0.6228497467691154 
2 0 2 0 2 0 0 0 0 0 4 7 0 0 0 12 5 13 1 0 13 8 0 7 2 0 0 4 4 0 2 1 0 0 4 0 2 0.5849571505011575 
1 0 0 1 1 0 0 0 1 0 0 0 0 0 0 4 1 0 0 7 1 2 2 4 1 4 0 0 1 0 0 7 1 2 0 0 0 0.44622264200014206 
---
4 29 23.808701657458563 4.0 36
1 0 0 0 0 0 0 0 0 1 0 0 0 1 0 0 0 6 0 8 0 0 0 0 0 0 8 0 0 0 0 0 0 0 0 0 1 0.9933849748283398 
1 0 0 1 1 0 0 0 1 0 0 0 0 0 0 4 1 0 0 7 1 2 2 4 1 4 0 0 1 0 0 7 1 2 0 0 0 0.44622264200014206 
2 0 0 0 0 0 0 0 0 0 1 7 0 4 1 3 4 0 1 0 2 0 0 11 1 0 1 7 0 4 0 0 0 4 0 0 5 0.6228497467691154 
2 0 2 0 2 0 0 0 0 0 4 7 0 0 0 12 5 13 1 0 13 8 0 7 2 0 0 4 4 0 2 1 0 0 4 0 2 0.5849571505011575 
---
5 0 76.17403314917127 1.0 36
0 0 4 0 0 0 4 0 1 0 0 0 0 0 0 4 0 1 0 12 0 2 0 0 0 0 0 4 1 0 0 0 0 0 0 0 0 0.26951427520672355 
---
5 1 14.24378453038674 8.0 36
1 0 0 0 0 0 0 0 0 1 0 0 0 1 0 0 0 6 0 8 0 0 0 0 0 0 8 0 0 0 0 0 0 0 0 0 1 0.9994701433697537 
0 0 0 0 0 0 0 11 0 0 0 7 0 0 1 3 4 12 1 1 2 0 0 1 4 0 0 1 0 0 0 0 0 4 0 0 5 0.7175195897105371 
0 0 0 0 0 0 0 0 0 1 0 0 0 0 0 4 0 11 0 7 0 0 0 0 0 0 0 0 0 0 0 0 0 0 0 0 4 0.026382446950276917 
0 0 0 0 0 0 0 11 0 0 0 7 0 0 1 3 4 12 1 1 2 0 0 1 4 0 0 1 0 4 0 0 0 4 0 0 5 0.8257082431823206 
1 0 0 7 1 0 0 0 1 0 0 0 0 0 0 4 1 0 0 7 1 2 4 0 1 4 0 0 1 2 0 0 1 0 0 0 0 0.5199394217950017 
0 0 0 0 0 0 12 0 4 0 0 0 1 8 0 0 0 12 0 0 0 0 0 0 0 12 12 0 8 0 12 7 0 0 4 11 3 0.24242623524592521 
2 0 2 0 2 0 0 0 0 0 4 7 0 0 0 12 5 13 1 0 13 2 0 7 2 0 0 4 4 0 2 0 0 0 4 0 2 0.7275505723621194 
1 0 0 0 0 0 0 0 0 1 0 0 0 1 0 0 0 6 0 8 0 0 0 0 0 0 8 0 0 0 0 0 0 0 0 0 1 0.9994701433697537 
---
5 2 52.81422651933701 2.0 36
0 0 2 0 0 0 0 0 0 0 1 7 0 4 1 1 4 0 1 0 2 0 0 11 1 0 1 7 0 4 0 1 0 4 0 1 5 0.592395524139173 
1 0 2 2 1 0 0 0 1 0 0 0 0 0 0 4 1 0 0 7 1 2 2 0 1 4 0 0 1 0 0 7 1 0 0 0 0 0.5511172516306357 
---
5 3 14.278314917127071 6.0 36
0 0 0 0 0 0 12 0 4 0 0 0 1 8 0 0 0 12 0 0 0 0 0 0 0 12 12 0 8 0 12 7 0 0 4 11 3 0.21387065042803988 
0 0 0 0 0 0 0 11 0 0 0 7 0 0 1 3 4 12 1 1 2 0 0 1 4 0 0 1 0 4 0 0 0 4 0 0 5 0.8257082431823206 
2 0 2 0 2 0 0 0 0 0 4 7 0 0 0 12 5 13 1 0 13 2 0 7 2 0 0 4 4 0 2 0 0 0 4 0 2 0.7275505723621194 
1 0 0 0 0 0 0 0 0 1 0 0 0 1 0 0 0 6 0 8 0 0 0 0 0 0 8 0 0 0 0 0 0 0 0 0 1 0.9994701433697537 
1 0 0 7 1 0 0 0 1 0 0 0 0 0 0 4 1 0 0 7 1 2 4 0 1 4 0 0 1 2 0 0 1 0 0 0 0 0.5199394217950017 
0 0 0 0 0 0 0 0 0 1 0 0 0 0 0 4 0 11 0 7 0 0 0 0 0 0 0 0 0 0 0 0 0 0 0 0 4 0.026382446950276917 
---
5 4 52.81422651933701 2.0 36
0 0 2 0 0 0 0 0 0 0 1 7 0 4 1 1 4 0 1 0 2 0 0 11 1 0 1 7 0 4 0 1 0 4 0 1 5 0.592395524139173 
1 0 2 2 1 0 0 0 1 0 0 0 0 0 0 4 1 0 0 7 1 2 2 0 1 4 0 0 1 0 0 7 1 0 0 0 0 0.5511172516306357 
---
5 5 33.857044198895025 3.0 36
0 0 0 0 0 0 0 7 0 0 1 7 0 4 1 1 1 0 1 0 2 0 0 11 1 0 1 7 0 4 0 1 0 4 0 1 5 0.601710754280967 
1 0 2 2 1 0 0 0 1 0 0 0 0 0 0 4 1 0 0 7 1 2 2 0 1 4 0 0 1 0 0 7 1 0 0 0 0 0.7509282264963386 
2 2 2 7 2 0 0 0 0 0 4 7 0 0 0 12 5 13 1 0 13 8 0 7 2 0 0 4 4 0 2 1 0 0 2 0 2 0.711473828998261 
---
5 6 33.857044198895025 3.0 36
0 0 0 0 0 0 0 7 0 0 1 7 0 4 1 1 1 0 1 0 2 0 0 11 1 0 1 7 0 4 0 1 0 4 0 1 5 0.601710754280967 
1 0 2 2 1 0 0 0 1 0 0 0 0 0 0 4 1 0 0 7 1 2 2 0 1 4 0 0 1 0 0 7 1 0 0 0 0 0.7509282264963386 
2 2 2 7 2 0 0 0 0 0 4 7 0 0 0 12 5 13 1 0 13 8 0 7 2 0 0 4 4 0 2 1 0 0 2 0 2 0.711473828998261 
---
5 7 76.17403314917127 1.0 36
0 0 4 0 0 0 4 0 1 0 0 0 0 0 0 4 0 1 0 12 0 2 0 0 0 0 0 4 1 0 0 0 0 0 0 0 0 0.26951427520672355 
---
5 8 14.24378453038674 8.0 36
1 0 0 0 0 0 0 0 0 1 0 0 0 1 0 0 0 6 0 8 0 0 0 0 0 0 8 0 0 0 0 0 0 0 0 0 1 0.9994701433697537 
0 0 0 0 0 0 0 11 0 0 0 7 0 0 1 3 4 12 1 1 2 0 0 1 4 0 0 1 0 0 0 0 0 4 0 0 5 0.7175195897105371 
0 0 0 0 0 0 0 0 0 1 0 0 0 0 0 4 0 11 0 7 0 0 0 0 0 0 0 0 0 0 0 0 0 0 0 0 4 0.026382446950276917 
0 0 0 0 0 0 0 11 0 0 0 7 0 0 1 3 4 12 1 1 2 0 0 1 4 0 0 1 0 4 0 0 0 4 0 0 5 0.8257082431823206 
1 0 0 7 1 0 0 0 1 0 0 0 0 0 0 4 1 0 0 7 1 2 4 0 1 4 0 0 1 2 0 0 1 0 0 0 0 0.5199394217950017 
0 0 0 0 0 0 12 0 4 0 0 0 1 8 0 0 0 12 0 0 0 0 0 0 0 12 12 0 8 0 12 7 0 0 4 11 3 0.24242623524592521 
2 0 2 0 2 0 0 0 0 0 4 7 0 0 0 12 5 13 1 0 13 2 0 7 2 0 0 4 4 0 2 0 0 0 4 0 2 0.7275505723621194 
1 0 0 0 0 0 0 0 0 1 0 0 0 1 0 0 0 6 0 8 0 0 0 0 0 0 8 0 0 0 0 0 0 0 0 0 1 0.9994701433697537 
---
5 9 52.81422651933701 2.0 36
0 0 2 0 0 0 0 0 0 0 1 7 0 4 1 1 4 0 1 0 2 0 0 11 1 0 1 7 0 4 0 1 0 4 0 1 5 0.592395524139173 
1 0 2 2 1 0 0 0 1 0 0 0 0 0 0 4 1 0 0 7 1 2 2 0 1 4 0 0 1 0 0 7 1 0 0 0 0 0.5511172516306357 
---
5 10 33.857044198895025 3.0 36
0 0 0 0 0 0 0 7 0 0 1 7 0 4 1 1 1 0 1 0 2 0 0 11 1 0 1 7 0 4 0 1 0 4 0 1 5 0.601710754280967 
1 0 2 2 1 0 0 0 1 0 0 0 0 0 0 4 1 0 0 7 1 2 2 0 1 4 0 0 1 0 0 7 1 0 0 0 0 0.7509282264963386 
2 2 2 7 2 0 0 0 0 0 4 7 0 0 0 12 5 13 1 0 13 8 0 7 2 0 0 4 4 0 2 1 0 0 2 0 2 0.711473828998261 
---
5 11 23.722375690607738 4.0 36
0 0 0 0 0 0 0 7 0 0 1 7 0 4 1 2 4 0 1 0 2 0 0 1 1 0 1 7 0 4 0 1 0 4 0 1 5 0.5295501673609768 
1 0 2 2 1 0 0 0 1 0 0 0 0 0 0 4 1 0 0 7 1 2 2 0 1 4 0 0 1 0 0 7 1 0 0 0 0 0.7509282264963386 
2 0 2 7 2 0 0 0 0 0 4 7 0 0 0 12 5 13 1 0 13 8 0 7 2 0 0 4 4 0 2 1 0 0 2 0 2 0.6876199358447417 
1 0 0 0 0 0 0 0 0 1 0 0 0 1 0 0 0 6 0 8 0 0 0 0 0 0 8 0 0 0 0 0 0 0 0 0 1 0.9986002863388925 
---
5 12 76.3121546961326 1.0 36
0 0 4 0 0 0 4 0 1 0 4 0 0 0 0 4 0 1 0 12 7 2 0 0 0 0 0 4 1 0 0 0 0 0 0 0 0 0.2551751941989936 
---
5 13 52.86602209944752 2.0 36
0 0 0 0 0 0 0 0 0 0 1 7 0 4 1 1 4 0 1 0 2 0 0 11 1 0 1 7 0 4 0 1 0 4 0 1 5 0.5936824265922511 
1 0 2 2 1 0 0 0 1 0 0 0 0 0 0 4 1 0 0 7 1 2 2 0 1 4 0 0 1 0 0 7 1 0 0 0 0 0.7509282264963386 
---
5 14 33.857044198895025 3.0 36
0 0 0 0 0 0 0 7 0 0 1 7 0 4 1 1 1 0 1 0 2 0 0 11 1 0 1 7 0 4 0 1 0 4 0 1 5 0.601710754280967 
1 0 2 2 1 0 0 0 1 0 0 0 0 0 0 4 1 0 0 7 1 2 2 0 1 4 0 0 1 0 0 7 1 0 0 0 0 0.7509282264963386 
2 2 2 7 2 0 0 0 0 0 4 7 0 0 0 12 5 13 1 0 13 8 0 7 2 0 0 4 4 0 2 1 0 0 2 0 2 0.711473828998261 
---
5 15 76.17403314917127 1.0 36
1 0 2 2 1 0 0 0 1 0 0 0 0 0 0 4 1 1 0 7 1 2 2 0 1 4 0 0 1 0 0 7 1 0 0 0 0 0.3348805584896941 
---
5 16 14.24378453038674 8.0 36
1 0 0 0 0 0 0 0 0 1 0 0 0 1 0 0 0 6 0 8 0 0 0 0 0 0 8 0 0 0 0 0 0 0 0 0 1 0.9994701433697537 
0 0 0 0 0 0 0 11 0 0 0 7 0 0 1 3 4 12 1 1 2 0 0 1 4 0 0 1 0 0 0 0 0 4 0 0 5 0.7175195897105371 
0 0 0 0 0 0 0 0 0 1 0 0 0 0 0 4 0 11 0 7 0 0 0 0 0 0 0 0 0 0 0 0 0 0 0 0 4 0.026382446950276917 
0 0 0 0 0 0 0 11 0 0 0 7 0 0 1 3 4 12 1 1 2 0 0 1 4 0 0 1 0 4 0 0 0 4 0 0 5 0.8257082431823206 
1 0 0 7 1 0 0 0 1 0 0 0 0 0 0 4 1 0 0 7 1 2 4 0 1 4 0 0 1 2 0 0 1 0 0 0 0 0.5199394217950017 
0 0 0 0 0 0 12 0 4 0 0 0 1 8 0 0 0 12 0 0 0 0 0 0 0 12 12 0 8 0 12 7 0 0 4 11 3 0.24242623524592521 
2 0 2 0 2 0 0 0 0 0 4 7 0 0 0 12 5 13 1 0 13 2 0 7 2 0 0 4 4 0 2 0 0 0 4 0 2 0.7275505723621194 
1 0 0 0 0 0 0 0 0 1 0 0 0 1 0 0 0 6 0 8 0 0 0 0 0 0 8 0 0 0 0 0 0 0 0 0 1 0.9994701433697537 
---
5 17 52.81422651933701 2.0 36
0 0 2 0 0 0 0 0 0 0 1 7 0 4 1 1 4 0 1 0 2 0 0 11 1 0 1 7 0 4 0 1 0 4 0 1 5 0.592395524139173 
1 0 2 2 1 0 0 0 1 0 0 0 0 0 0 4 1 0 0 7 1 2 2 0 1 4 0 0 1 0 0 7 1 0 0 0 0 0.5511172516306357 
---
5 18 76.17403314917127 1.0 36
0 0 4 0 0 0 4 0 1 0 0 2 0 0 0 2 0 1 0 12 0 2 0 0 0 0 0 4 1 0 0 0 0 0 0 0 0 0.07587690411576964 
---
5 19 52.81422651933701 2.0 36
0 0 2 0 0 0 0 0 0 0 1 7 0 4 1 1 4 0 1 0 2 0 0 11 1 0 1 7 0 4 0 1 0 4 0 1 5 0.592395524139173 
1 0 2 2 1 0 0 0 1 0 0 0 0 0 0 4 1 0 0 7 1 2 2 0 1 4 0 0 1 0 0 7 1 0 0 0 0 0.5511172516306357 
---
5 20 76.17403314917127 1.0 36
1 0 1 2 1 0 0 0 1 0 0 0 0 0 0 4 1 0 0 7 1 2 2 0 1 4 0 0 1 0 0 7 1 0 0 0 0 0.17209238035337848 
---
5 21 52.86602209944752 2.0 36
0 0 0 0 0 0 0 0 0 0 1 7 0 4 1 1 4 0 1 0 2 0 0 11 1 0 1 7 0 4 0 1 0 4 0 1 5 0.5936824265922511 
1 0 2 2 1 0 0 0 1 0 0 0 0 0 0 4 1 0 0 7 1 2 2 0 1 4 0 0 1 0 0 7 1 0 0 0 0 0.7509282264963386 
---
5 22 16.14295580110497 5.0 36
0 0 0 0 0 0 0 11 0 0 0 7 0 0 1 3 4 12 1 1 2 0 0 1 4 0 0 1 0 0 0 0 0 4 0 0 5 0.7175195897105371 
1 0 0 7 1 0 0 0 1 0 0 0 0 0 0 4 1 0 0 7 1 2 4 0 1 4 0 0 1 2 0 0 1 0 0 0 0 0.5199394217950017 
2 0 2 0 2 0 0 0 0 0 4 7 0 0 0 12 5 13 1 0 13 2 0 7 2 0 0 4 4 0 2 0 0 0 4 0 2 0.7275505723621194 
0 0 0 0 0 0 0 0 0 1 0 0 0 0 0 4 0 11 0 7 0 0 0 0 0 0 0 0 0 0 0 0 0 0 0 0 4 0.026382446950276917 
1 0 0 0 0 0 0 0 0 1 0 0 0 1 0 0 0 6 0 8 0 0 0 0 0 0 8 0 0 0 0 0 0 0 0 0 1 0.9994701433697537 
---
5 23 76.17403314917127 1.0 36
0 0 4 0 0 0 4 0 1 0 0 0 0 0 0 4 0 1 0 12 0 2 0 0 0 0 0 4 1 0 0 0 0 0 0 0 0 0.26951427520672355 
---
5 24 52.86602209944752 2.0 36
0 0 0 0 0 0 0 0 0 0 1 7 0 4 1 1 4 0 1 0 2 0 0 11 1 0 1 7 0 4 0 1 0 4 0 1 5 0.5936824265922511 
1 0 2 2 1 0 0 0 1 0 0 0 0 0 0 4 1 0 0 7 1 2 2 0 1 4 0 0 1 0 0 7 1 0 0 0 0 0.7509282264963386 
---
5 25 76.17403314917127 1.0 36
0 0 4 0 0 0 4 0 1 0 0 0 0 0 0 4 0 1 0 12 0 2 0 0 0 0 0 4 1 0 0 0 0 0 0 0 0 0.26951427520672355 
---
5 26 76.17403314917127 1.0 36
1 0 2 2 1 0 0 0 1 0 0 0 0 0 0 4 1 0 0 7 1 2 2 0 1 4 0 0 1 0 0 7 1 0 0 0 0 0.7509282264963386 
---
5 27 16.14295580110497 5.0 36
0 0 0 0 0 0 0 11 0 0 0 7 0 0 1 3 4 12 1 1 2 0 0 1 4 0 0 1 0 0 0 0 0 4 0 0 5 0.7175195897105371 
1 0 0 7 1 0 0 0 1 0 0 0 0 0 0 4 1 0 0 7 1 2 4 0 1 4 0 0 1 2 0 0 1 0 0 0 0 0.5199394217950017 
2 0 2 0 2 0 0 0 0 0 4 7 0 0 0 12 5 13 1 0 13 2 0 7 2 0 0 4 4 0 2 0 0 0 4 0 2 0.7275505723621194 
0 0 0 0 0 0 0 0 0 1 0 0 0 0 0 4 0 11 0 7 0 0 0 0 0 0 0 0 0 0 0 0 0 0 0 0 4 0.026382446950276917 
1 0 0 0 0 0 0 0 0 1 0 0 0 1 0 0 0 6 0 8 0 0 0 0 0 0 8 0 0 0 0 0 0 0 0 0 1 0.9994701433697537 
---
5 28 23.722375690607738 4.0 36
0 0 0 0 0 0 0 7 0 0 1 7 0 4 1 2 4 0 1 0 2 0 0 1 1 0 1 7 0 4 0 1 0 4 0 1 5 0.5295501673609768 
1 0 2 2 1 0 0 0 1 0 0 0 0 0 0 4 1 0 0 7 1 2 2 0 1 4 0 0 1 0 0 7 1 0 0 0 0 0.7509282264963386 
2 0 2 7 2 0 0 0 0 0 4 7 0 0 0 12 5 13 1 0 13 8 0 7 2 0 0 4 4 0 2 1 0 0 2 0 2 0.6876199358447417 
1 0 0 0 0 0 0 0 0 1 0 0 0 1 0 0 0 6 0 8 0 0 0 0 0 0 8 0 0 0 0 0 0 0 0 0 1 0.9986002863388925 
---
6 0 76.17403314917127 1.0 36
0 0 0 0 0 0 4 4 0 0 0 2 0 0 0 0 0 0 0 0 0 0 0 12 4 0 0 0 1 0 4 2 0 0 0 0 0 0.03432118086307989 
---
6 1 14.209254143646408 6.0 36
2 0 2 0 2 0 0 0 0 0 4 7 0 0 0 12 5 13 1 0 13 8 0 7 2 0 0 4 4 0 2 0 0 0 4 0 2 0.6001443231274455 
0 0 0 0 0 0 12 0 4 0 0 0 1 8 0 0 0 12 0 0 0 0 0 0 0 12 12 0 8 0 12 7 0 0 4 11 3 0.21387065042803988 
1 0 0 0 0 0 0 0 0 1 0 0 0 1 0 0 0 6 0 8 0 0 0 0 0 0 8 0 0 0 0 0 0 0 0 0 1 0.9994701433697537 
0 0 0 0 0 0 0 0 0 1 0 0 0 0 0 4 0 11 0 7 0 0 0 0 0 0 0 0 0 0 0 0 0 0 0 0 4 0.026382446950276917 
1 0 0 0 0 0 0 0 0 0 0 11 0 1 0 11 4 12 1 11 2 0 1 1 0 4 0 11 0 4 0 0 0 4 0 0 5 0.7893447735701229 
1 0 0 7 1 0 0 0 1 0 0 0 0 0 0 4 1 0 0 7 1 2 4 0 1 4 0 0 1 2 0 7 1 0 0 0 0 0.8034568302796229 
---
6 2 52.93508287292818 2.0 36
1 0 0 7 1 0 0 0 1 0 0 0 0 0 0 4 1 0 0 7 1 2 2 0 1 4 0 0 1 2 0 7 1 0 0 0 0 0.6970458994121562 
0 0 0 0 0 0 0 11 0 0 0 7 0 0 1 3 4 4 1 1 2 0 0 1 4 0 0 1 0 4 0 0 0 4 0 0 5 0.661214074269082 
---
6 3 52.93508287292818 2.0 36
0 0 0 0 0 0 0 11 0 0 0 7 0 0 1 3 4 4 1 1 2 0 0 1 4 0 0 1 0 4 0 0 0 4 0 0 5 0.661214074269082 
1 0 0 7 1 0 0 0 1 0 0 0 0 0 0 4 1 0 0 7 1 2 2 0 1 4 0 0 1 2 0 7 1 0 0 0 0 0.6970458994121562 
---
6 4 33.49447513812155 3.0 36
0 0 0 0 0 0 0 11 0 0 0 7 0 0 1 3 4 12 1 1 2 0 0 1 4 0 0 1 0 4 0 0 0 4 0 0 5 0.8257082431823206 
2 0 2 0 2 0 0 0 0 0 4 7 0 0 0 12 5 13 1 0 13 8 0 7 2 0 0 4 4 0 2 0 0 0 4 0 2 0.6162443475083079 
1 0 0 7 1 0 0 0 1 0 0 0 0 0 0 4 1 0 0 7 1 2 2 0 1 4 0 0 1 2 0 7 1 0 0 0 0 0.6970458994121562 
---
6 5 33.49447513812155 3.0 36
2 0 2 0 2 0 0 0 0 0 4 7 0 0 0 12 5 13 1 0 13 8 0 7 2 0 0 4 4 0 2 0 0 0 4 0 2 0.6162443475083079 
0 0 0 0 0 0 0 11 0 0 0 7 0 0 1 3 4 12 1 1 2 0 0 1 4 0 0 1 0 4 0 0 0 4 0 0 5 0.8257082431823206 
1 0 0 7 1 0 0 0 1 0 0 0 0 0 0 4 1 0 0 7 1 2 2 0 1 4 0 0 1 2 0 7 1 0 0 0 0 0.6970458994121562 
---
6 6 23.756906077348066 4.0 36
1 0 0 7 1 0 0 0 1 0 0 0 0 0 0 4 1 0 0 7 1 2 2 0 1 4 0 0 1 2 0 7 1 0 0 0 0 0.6970458994121562 
1 0 0 0 0 0 0 0 0 1 0 0 0 1 0 0 0 6 0 8 0 0 0 0 0 0 8 0 0 0 0 0 0 0 0 0 1 0.998117218520084 
2 0 2 0 2 0 0 0 0 0 4 7 0 0 0 12 5 13 1 0 13 8 0 7 2 0 0 4 4 0 2 0 0 0 4 0 2 0.6162443475083079 
0 0 0 0 0 0 0 11 0 0 0 7 0 0 1 3 4 12 1 1 2 0 0 1 4 0 0 1 0 4 0 0 0 4 0 0 5 0.8257082431823206 
---
6 7 23.756906077348066 4.0 36
1 0 0 0 0 0 0 0 0 1 0 0 0 1 0 0 0 6 0 8 0 0 0 0 0 0 8 0 0 0 0 0 0 0 0 0 1 0.998117218520084 
1 0 0 7 1 0 0 0 1 0 0 0 0 0 0 4 1 0 0 7 1 2 2 0 1 4 0 0 1 2 0 7 1 0 0 0 0 0.6970458994121562 
0 0 0 0 0 0 0 11 0 0 0 7 0 0 1 3 4 12 1 1 2 0 0 1 4 0 0 1 0 4 0 0 0 4 0 0 5 0.8257082431823206 
2 0 2 0 2 0 0 0 0 0 4 7 0 0 0 12 5 13 1 0 13 8 0 7 2 0 0 4 4 0 2 0 0 0 4 0 2 0.6162443475083079 
---
6 8 15.901243093922652 5.0 36
0 0 0 0 0 0 0 0 0 1 0 0 0 0 0 4 0 11 0 7 0 0 0 0 0 0 0 0 0 0 0 0 0 0 0 0 4 0.026382446950276917 
1 0 0 0 0 0 0 0 0 1 0 0 0 1 0 0 0 6 0 8 0 0 0 0 0 0 8 0 0 0 0 0 0 0 0 0 1 0.9914330038484589 
0 0 0 0 0 0 0 11 0 0 0 7 0 0 1 3 4 12 1 1 2 0 0 1 4 0 0 1 0 4 0 0 0 4 0 0 5 0.8257082431823206 
1 0 0 7 1 0 0 0 1 0 0 0 0 0 0 4 1 0 0 7 1 2 4 0 1 4 0 0 1 2 0 7 1 0 0 0 0 0.8034568302796229 
2 0 2 0 2 0 0 0 0 0 4 7 0 0 0 12 5 13 1 0 13 8 0 7 2 0 0 4 4 0 2 0 0 0 4 0 2 0.6162443475083079 
---
6 9 15.901243093922652 5.0 36
1 0 0 0 0 0 0 0 0 1 0 0 0 1 0 0 0 6 0 8 0 0 0 0 0 0 8 0 0 0 0 0 0 0 0 0 1 0.9914330038484589 
1 0 0 7 1 0 0 0 1 0 0 0 0 0 0 4 1 0 0 7 1 2 4 0 1 4 0 0 1 2 0 7 1 0 0 0 0 0.8034568302796229 
0 0 0 0 0 0 0 0 0 1 0 0 0 0 0 4 0 11 0 7 0 0 0 0 0 0 0 0 0 0 0 0 0 0 0 0 4 0.026382446950276917 
0 0 0 0 0 0 0 11 0 0 0 7 0 0 1 3 4 12 1 1 2 0 0 1 4 0 0 1 0 4 0 0 0 4 0 0 5 0.8257082431823206 
2 0 2 0 2 0 0 0 0 0 4 7 0 0 0 12 5 13 1 0 13 8 0 7 2 0 0 4 4 0 2 0 0 0 4 0 2 0.6162443475083079 
---
6 10 76.17403314917127 1.0 36
1 0 0 7 1 0 0 0 1 0 2 0 0 0 0 4 1 0 4 7 1 2 2 0 1 4 0 0 1 2 0 7 1 0 0 0 0 0.780640182323735 
---
6 11 14.209254143646408 6.0 36
2 0 2 0 2 0 0 0 0 0 4 7 0 0 0 12 5 13 1 0 13 8 0 7 2 0 0 4 4 0 2 0 0 0 4 0 2 0.6001443231274455 
0 0 0 0 0 0 12 0 4 0 0 0 1 8 0 0 0 12 0 0 0 0 0 0 0 12 12 0 8 0 12 7 0 0 4 11 3 0.21387065042803988 
1 0 0 0 0 0 0 0 0 1 0 0 0 1 0 0 0 6 0 8 0 0 0 0 0 0 8 0 0 0 0 0 0 0 0 0 1 0.9994701433697537 
0 0 0 0 0 0 0 0 0 1 0 0 0 0 0 4 0 11 0 7 0 0 0 0 0 0 0 0 0 0 0 0 0 0 0 0 4 0.026382446950276917 
1 0 0 0 0 0 0 0 0 0 0 11 0 1 0 11 4 12 1 11 2 0 1 1 0 4 0 11 0 4 0 0 0 4 0 0 5 0.7893447735701229 
1 0 0 7 1 0 0 0 1 0 0 0 0 0 0 4 1 0 0 7 1 2 4 0 1 4 0 0 1 2 0 7 1 0 0 0 0 0.8034568302796229 
---
6 12 52.93508287292818 2.0 36
0 0 0 0 0 0 0 11 0 0 0 7 0 0 1 3 4 4 1 1 2 0 0 1 4 0 0 1 0 4 0 0 0 4 0 0 5 0.661214074269082 
1 0 0 7 1 0 0 0 1 0 0 0 0 0 0 4 1 0 0 7 1 2 2 0 1 4 0 0 1 2 0 7 1 0 0 0 0 0.6970458994121562 
---
6 13 33.49447513812155 3.0 36
0 0 0 0 0 0 0 11 0 0 0 7 0 0 1 3 4 12 1 1 2 0 0 1 4 0 0 1 0 4 0 0 0 4 0 0 5 0.8257082431823206 
2 0 2 0 2 0 0 0 0 0 4 7 0 0 0 12 5 13 1 0 13 8 0 7 2 0 0 4 4 0 2 0 0 0 4 0 2 0.6162443475083079 
1 0 0 7 1 0 0 0 1 0 0 0 0 0 0 4 1 0 0 7 1 2 2 0 1 4 0 0 1 2 0 7 1 0 0 0 0 0.6970458994121562 
---
6 14 23.756906077348066 4.0 36
2 0 2 0 2 0 0 0 0 0 4 7 0 0 0 12 5 13 1 0 13 8 0 7 2 0 0 4 4 0 2 0 0 0 4 0 2 0.6162443475083079 
1 0 0 7 1 0 0 0 1 0 0 0 0 0 0 4 1 0 0 7 1 2 2 0 1 4 0 0 1 2 0 7 1 0 0 0 0 0.6970458994121562 
0 0 0 0 0 0 0 11 0 0 0 7 0 0 1 3 4 12 1 1 2 0 0 1 4 0 0 1 0 4 0 0 0 4 0 0 5 0.8257082431823206 
1 0 0 0 0 0 0 0 0 1 0 0 0 1 0 0 0 6 0 8 0 0 0 0 0 0 8 0 0 0 0 0 0 0 0 0 1 0.998117218520084 
---
6 15 15.901243093922652 5.0 36
0 0 0 0 0 0 0 0 0 1 0 0 0 0 0 4 0 11 0 7 0 0 0 0 0 0 0 0 0 0 0 0 0 0 0 0 4 0.026382446950276917 
1 0 0 0 0 0 0 0 0 1 0 0 0 1 0 0 0 6 0 8 0 0 0 0 0 0 8 0 0 0 0 0 0 0 0 0 1 0.9914330038484589 
0 0 0 0 0 0 0 11 0 0 0 7 0 0 1 3 4 12 1 1 2 0 0 1 4 0 0 1 0 4 0 0 0 4 0 0 5 0.8257082431823206 
1 0 0 7 1 0 0 0 1 0 0 0 0 0 0 4 1 0 0 7 1 2 4 0 1 4 0 0 1 2 0 7 1 0 0 0 0 0.8034568302796229 
2 0 2 0 2 0 0 0 0 0 4 7 0 0 0 12 5 13 1 0 13 8 0 7 2 0 0 4 4 0 2 0 0 0 4 0 2 0.6162443475083079 
---
6 16 76.17403314917127 1.0 36
1 0 0 7 1 0 0 0 1 0 2 0 0 0 0 4 1 0 4 7 1 2 2 0 1 4 0 0 1 2 0 7 1 0 0 0 0 0.780640182323735 
---
6 17 14.209254143646408 6.0 36
2 0 2 0 2 0 0 0 0 0 4 7 0 0 0 12 5 13 1 0 13 8 0 7 2 0 0 4 4 0 2 0 0 0 4 0 2 0.6001443231274455 
0 0 0 0 0 0 12 0 4 0 0 0 1 8 0 0 0 12 0 0 0 0 0 0 0 12 12 0 8 0 12 7 0 0 4 11 3 0.21387065042803988 
1 0 0 0 0 0 0 0 0 1 0 0 0 1 0 0 0 6 0 8 0 0 0 0 0 0 8 0 0 0 0 0 0 0 0 0 1 0.9994701433697537 
0 0 0 0 0 0 0 0 0 1 0 0 0 0 0 4 0 11 0 7 0 0 0 0 0 0 0 0 0 0 0 0 0 0 0 0 4 0.026382446950276917 
1 0 0 0 0 0 0 0 0 0 0 11 0 1 0 11 4 12 1 11 2 0 1 1 0 4 0 11 0 4 0 0 0 4 0 0 5 0.7893447735701229 
1 0 0 7 1 0 0 0 1 0 0 0 0 0 0 4 1 0 0 7 1 2 4 0 1 4 0 0 1 2 0 7 1 0 0 0 0 0.8034568302796229 
---
6 18 52.96961325966851 2.0 36
0 0 0 0 0 0 0 11 0 0 0 7 0 0 1 3 4 4 1 1 2 0 0 4 4 0 0 1 0 4 0 0 0 4 0 0 5 0.5801845372552659 
1 0 0 7 1 0 0 0 1 0 0 0 0 0 0 4 1 0 0 7 1 2 2 0 1 4 0 0 1 2 0 7 1 0 0 0 0 0.711298161879939 
---
6 19 33.49447513812155 3.0 36
1 0 0 7 1 0 0 0 1 0 0 0 0 0 0 4 1 0 0 7 1 2 2 0 1 4 0 0 1 2 0 7 1 0 0 0 0 0.6970458994121562 
2 0 2 0 2 0 0 0 0 0 4 7 0 0 0 12 5 13 1 0 13 8 0 7 2 0 0 4 4 0 2 0 0 0 4 0 2 0.6162443475083079 
0 0 0 0 0 0 0 11 0 0 0 7 0 0 1 3 4 12 1 1 2 0 0 1 4 0 0 1 0 4 0 0 0 4 0 0 5 0.8257082431823206 
---
6 20 23.756906077348066 4.0 36
1 0 0 0 0 0 0 0 0 1 0 0 0 1 0 0 0 6 0 8 0 0 0 0 0 0 8 0 0 0 0 0 0 0 0 0 1 0.998117218520084 
1 0 0 7 1 0 0 0 1 0 0 0 0 0 0 4 1 0 0 7 1 2 2 0 1 4 0 0 1 2 0 7 1 0 0 0 0 0.6970458994121562 
0 0 0 0 0 0 0 11 0 0 0 7 0 0 1 3 4 12 1 1 2 0 0 1 4 0 0 1 0 4 0 0 0 4 0 0 5 0.8257082431823206 
2 0 2 0 2 0 0 0 0 0 4 7 0 0 0 12 5 13 1 0 13 8 0 7 2 0 0 4 4 0 2 0 0 0 4 0 2 0.6162443475083079 
---
6 21 15.901243093922652 5.0 36
0 0 0 0 0 0 0 0 0 1 0 0 0 0 0 4 0 11 0 7 0 0 0 0 0 0 0 0 0 0 0 0 0 0 0 0 4 0.026382446950276917 
1 0 0 0 0 0 0 0 0 1 0 0 0 1 0 0 0 6 0 8 0 0 0 0 0 0 8 0 0 0 0 0 0 0 0 0 1 0.9914330038484589 
0 0 0 0 0 0 0 11 0 0 0 7 0 0 1 3 4 12 1 1 2 0 0 1 4 0 0 1 0 4 0 0 0 4 0 0 5 0.8257082431823206 
1 0 0 7 1 0 0 0 1 0 0 0 0 0 0 4 1 0 0 7 1 2 4 0 1 4 0 0 1 2 0 7 1 0 0 0 0 0.8034568302796229 
2 0 2 0 2 0 0 0 0 0 4 7 0 0 0 12 5 13 1 0 13 8 0 7 2 0 0 4 4 0 2 0 0 0 4 0 2 0.6162443475083079 
---
6 22 76.17403314917127 1.0 36
1 0 0 7 1 0 0 0 1 0 2 0 0 0 0 4 1 0 4 7 1 2 2 0 1 4 0 0 1 2 0 7 1 0 0 0 0 0.780640182323735 
---
6 23 14.157458563535913 6.0 36
1 0 0 0 0 0 0 0 0 0 0 11 0 1 0 11 4 12 1 11 2 0 1 1 0 4 0 11 0 4 0 0 0 4 0 0 5 0.7893447735701229 
0 0 0 0 0 0 12 0 4 0 0 0 1 8 0 0 0 12 0 0 0 0 0 0 0 12 12 0 8 0 12 7 0 0 4 11 3 0.21387065042803988 
0 0 0 0 0 0 0 0 0 1 0 0 0 0 0 4 0 11 0 7 0 0 0 0 0 0 0 0 0 0 0 0 0 0 0 0 4 0.026382446950276917 
2 0 2 0 2 0 0 0 0 0 4 7 0 0 0 12 5 13 1 0 13 8 0 7 2 0 0 4 4 0 2 0 0 0 4 0 2 0.6162443475083079 
1 0 0 0 0 0 0 0 0 1 0 0 0 1 0 0 0 6 0 8 0 0 0 0 0 0 8 0 0 0 0 0 0 0 0 0 1 0.9914330038484589 
1 0 0 7 1 0 0 0 1 0 0 0 0 0 0 4 1 0 0 7 1 2 4 0 1 4 0 0 1 2 0 7 1 0 0 0 0 0.8034568302796229 
---
6 24 52.93508287292818 2.0 36
0 0 0 0 0 0 0 11 0 0 0 7 0 0 1 3 4 4 1 1 2 0 0 1 4 0 0 1 0 4 0 0 0 4 0 0 5 0.661214074269082 
1 0 0 7 1 0 0 0 1 0 0 0 0 0 0 4 1 0 0 7 1 2 2 0 1 4 0 0 1 2 0 7 1 0 0 0 0 0.6970458994121562 
---
6 25 33.49447513812155 3.0 36
2 0 2 0 2 0 0 0 0 0 4 7 0 0 0 12 5 13 1 0 13 8 0 7 2 0 0 4 4 0 2 0 0 0 4 0 2 0.6162443475083079 
1 0 0 7 1 0 0 0 1 0 0 0 0 0 0 4 1 0 0 7 1 2 2 0 1 4 0 0 1 2 0 7 1 0 0 0 0 0.6970458994121562 
0 0 0 0 0 0 0 11 0 0 0 7 0 0 1 3 4 12 1 1 2 0 0 1 4 0 0 1 0 4 0 0 0 4 0 0 5 0.8257082431823206 
---
6 26 23.756906077348066 4.0 36
2 0 2 0 2 0 0 0 0 0 4 7 0 0 0 12 5 13 1 0 13 8 0 7 2 0 0 4 4 0 2 0 0 0 4 0 2 0.6162443475083079 
1 0 0 7 1 0 0 0 1 0 0 0 0 0 0 4 1 0 0 7 1 2 2 0 1 4 0 0 1 2 0 7 1 0 0 0 0 0.6970458994121562 
0 0 0 0 0 0 0 11 0 0 0 7 0 0 1 3 4 12 1 1 2 0 0 1 4 0 0 1 0 4 0 0 0 4 0 0 5 0.8257082431823206 
1 0 0 0 0 0 0 0 0 1 0 0 0 1 0 0 0 6 0 8 0 0 0 0 0 0 8 0 0 0 0 0 0 0 0 0 1 0.998117218520084 
---
6 27 15.901243093922652 5.0 36
0 0 0 0 0 0 0 0 0 1 0 0 0 0 0 4 0 11 0 7 0 0 0 0 0 0 0 0 0 0 0 0 0 0 0 0 4 0.026382446950276917 
1 0 0 0 0 0 0 0 0 1 0 0 0 1 0 0 0 6 0 8 0 0 0 0 0 0 8 0 0 0 0 0 0 0 0 0 1 0.9914330038484589 
0 0 0 0 0 0 0 11 0 0 0 7 0 0 1 3 4 12 1 1 2 0 0 1 4 0 0 1 0 4 0 0 0 4 0 0 5 0.8257082431823206 
1 0 0 7 1 0 0 0 1 0 0 0 0 0 0 4 1 0 0 7 1 2 4 0 1 4 0 0 1 2 0 7 1 0 0 0 0 0.8034568302796229 
2 0 2 0 2 0 0 0 0 0 4 7 0 0 0 12 5 13 1 0 13 8 0 7 2 0 0 4 4 0 2 0 0 0 4 0 2 0.6162443475083079 
---
6 28 76.17403314917127 1.0 36
1 0 0 7 1 0 0 0 1 0 2 0 0 0 0 4 1 0 0 7 1 2 2 0 1 4 0 0 1 2 0 7 1 0 0 0 0 0.7627117687783305 
---
6 29 14.209254143646408 6.0 36
2 0 2 0 2 0 0 0 0 0 4 7 0 0 0 12 5 13 1 0 13 8 0 7 2 0 0 4 4 0 2 0 0 0 4 0 2 0.6001443231274455 
0 0 0 0 0 0 12 0 4 0 0 0 1 8 0 0 0 12 0 0 0 0 0 0 0 12 12 0 8 0 12 7 0 0 4 11 3 0.21387065042803988 
1 0 0 0 0 0 0 0 0 1 0 0 0 1 0 0 0 6 0 8 0 0 0 0 0 0 8 0 0 0 0 0 0 0 0 0 1 0.9994701433697537 
0 0 0 0 0 0 0 0 0 1 0 0 0 0 0 4 0 11 0 7 0 0 0 0 0 0 0 0 0 0 0 0 0 0 0 0 4 0.026382446950276917 
1 0 0 0 0 0 0 0 0 0 0 11 0 1 0 11 4 12 1 11 2 0 1 1 0 4 0 11 0 4 0 0 0 4 0 0 5 0.7893447735701229 
1 0 0 7 1 0 0 0 1 0 0 0 0 0 0 4 1 0 0 7 1 2 4 0 1 4 0 0 1 2 0 7 1 0 0 0 0 0.8034568302796229 
---
6 30 52.93508287292818 2.0 36
0 0 0 0 0 0 0 11 0 0 0 7 0 0 1 3 4 4 1 1 2 0 0 1 4 0 0 1 0 4 0 0 0 4 0 0 5 0.661214074269082 
1 0 0 7 1 0 0 0 1 0 0 0 0 0 0 4 1 0 0 7 1 2 2 0 1 4 0 0 1 2 0 7 1 0 0 0 0 0.6970458994121562 
---
6 31 33.49447513812155 3.0 36
1 0 0 7 1 0 0 0 1 0 0 0 0 0 0 4 1 0 0 7 1 2 2 0 1 4 0 0 1 2 0 7 1 0 0 0 0 0.6970458994121562 
2 0 2 0 2 0 0 0 0 0 4 7 0 0 0 12 5 13 1 0 13 8 0 7 2 0 0 4 4 0 2 0 0 0 4 0 2 0.6162443475083079 
0 0 0 0 0 0 0 11 0 0 0 7 0 0 1 3 4 12 1 1 2 0 0 1 4 0 0 1 0 4 0 0 0 4 0 0 5 0.8257082431823206 
---
6 32 23.756906077348066 4.0 36
2 0 2 0 2 0 0 0 0 0 4 7 0 0 0 12 5 13 1 0 13 8 0 7 2 0 0 4 4 0 2 0 0 0 4 0 2 0.6162443475083079 
1 0 0 7 1 0 0 0 1 0 0 0 0 0 0 4 1 0 0 7 1 2 2 0 1 4 0 0 1 2 0 7 1 0 0 0 0 0.6970458994121562 
0 0 0 0 0 0 0 11 0 0 0 7 0 0 1 3 4 12 1 1 2 0 0 1 4 0 0 1 0 4 0 0 0 4 0 0 5 0.8257082431823206 
1 0 0 0 0 0 0 0 0 1 0 0 0 1 0 0 0 6 0 8 0 0 0 0 0 0 8 0 0 0 0 0 0 0 0 0 1 0.998117218520084 
---
6 33 15.901243093922652 5.0 36
1 0 0 0 0 0 0 0 0 1 0 0 0 1 0 0 0 6 0 8 0 0 0 0 0 0 8 0 0 0 0 0 0 0 0 0 1 0.9914330038484589 
1 0 0 7 1 0 0 0 1 0 0 0 0 0 0 4 1 0 0 7 1 2 4 0 1 4 0 0 1 2 0 7 1 0 0 0 0 0.8034568302796229 
0 0 0 0 0 0 0 0 0 1 0 0 0 0 0 4 0 11 0 7 0 0 0 0 0 0 0 0 0 0 0 0 0 0 0 0 4 0.026382446950276917 
0 0 0 0 0 0 0 11 0 0 0 7 0 0 1 3 4 12 1 1 2 0 0 1 4 0 0 1 0 4 0 0 0 4 0 0 5 0.8257082431823206 
2 0 2 0 2 0 0 0 0 0 4 7 0 0 0 12 5 13 1 0 13 8 0 7 2 0 0 4 4 0 2 0 0 0 4 0 2 0.6162443475083079 
---
6 34 76.17403314917127 1.0 36
0 0 0 0 0 0 4 4 0 0 0 2 0 0 0 0 0 0 0 0 0 0 0 12 4 0 0 0 1 0 4 2 0 0 0 0 0 0.03432118086307989 
---
6 35 14.209254143646408 6.0 36
2 0 2 0 2 0 0 0 0 0 4 7 0 0 0 12 5 13 1 0 13 8 0 7 2 0 0 4 4 0 2 0 0 0 4 0 2 0.6001443231274455 
0 0 0 0 0 0 12 0 4 0 0 0 1 8 0 0 0 12 0 0 0 0 0 0 0 12 12 0 8 0 12 7 0 0 4 11 3 0.21387065042803988 
1 0 0 0 0 0 0 0 0 1 0 0 0 1 0 0 0 6 0 8 0 0 0 0 0 0 8 0 0 0 0 0 0 0 0 0 1 0.9994701433697537 
0 0 0 0 0 0 0 0 0 1 0 0 0 0 0 4 0 11 0 7 0 0 0 0 0 0 0 0 0 0 0 0 0 0 0 0 4 0.026382446950276917 
1 0 0 0 0 0 0 0 0 0 0 11 0 1 0 11 4 12 1 11 2 0 1 1 0 4 0 11 0 4 0 0 0 4 0 0 5 0.7893447735701229 
1 0 0 7 1 0 0 0 1 0 0 0 0 0 0 4 1 0 0 7 1 2 4 0 1 4 0 0 1 2 0 7 1 0 0 0 0 0.8034568302796229 
---
6 36 52.93508287292818 2.0 36
0 0 0 0 0 0 0 11 0 0 0 7 0 0 1 3 4 4 1 1 2 0 0 1 4 0 0 1 0 4 0 0 0 4 0 0 5 0.661214074269082 
1 0 0 7 1 0 0 0 1 0 0 0 0 0 0 4 1 0 0 7 1 2 2 0 1 4 0 0 1 2 0 7 1 0 0 0 0 0.6970458994121562 
---
6 37 33.49447513812155 3.0 36
0 0 0 0 0 0 0 11 0 0 0 7 0 0 1 3 4 12 1 1 2 0 0 1 4 0 0 1 0 4 0 0 0 4 0 0 5 0.8257082431823206 
2 0 2 0 2 0 0 0 0 0 4 7 0 0 0 12 5 13 1 0 13 8 0 7 2 0 0 4 4 0 2 0 0 0 4 0 2 0.6162443475083079 
1 0 0 7 1 0 0 0 1 0 0 0 0 0 0 4 1 0 0 7 1 2 2 0 1 4 0 0 1 2 0 7 1 0 0 0 0 0.6970458994121562 
---
6 38 23.756906077348066 4.0 36
2 0 2 0 2 0 0 0 0 0 4 7 0 0 0 12 5 13 1 0 13 8 0 7 2 0 0 4 4 0 2 0 0 0 4 0 2 0.6162443475083079 
1 0 0 7 1 0 0 0 1 0 0 0 0 0 0 4 1 0 0 7 1 2 2 0 1 4 0 0 1 2 0 7 1 0 0 0 0 0.6970458994121562 
0 0 0 0 0 0 0 11 0 0 0 7 0 0 1 3 4 12 1 1 2 0 0 1 4 0 0 1 0 4 0 0 0 4 0 0 5 0.8257082431823206 
1 0 0 0 0 0 0 0 0 1 0 0 0 1 0 0 0 6 0 8 0 0 0 0 0 0 8 0 0 0 0 0 0 0 0 0 1 0.998117218520084 
---
6 39 15.901243093922652 5.0 36
1 0 0 0 0 0 0 0 0 1 0 0 0 1 0 0 0 6 0 8 0 0 0 0 0 0 8 0 0 0 0 0 0 0 0 0 1 0.9914330038484589 
1 0 0 7 1 0 0 0 1 0 0 0 0 0 0 4 1 0 0 7 1 2 4 0 1 4 0 0 1 2 0 7 1 0 0 0 0 0.8034568302796229 
0 0 0 0 0 0 0 0 0 1 0 0 0 0 0 4 0 11 0 7 0 0 0 0 0 0 0 0 0 0 0 0 0 0 0 0 4 0.026382446950276917 
0 0 0 0 0 0 0 11 0 0 0 7 0 0 1 3 4 12 1 1 2 0 0 1 4 0 0 1 0 4 0 0 0 4 0 0 5 0.8257082431823206 
2 0 2 0 2 0 0 0 0 0 4 7 0 0 0 12 5 13 1 0 13 8 0 7 2 0 0 4 4 0 2 0 0 0 4 0 2 0.6162443475083079 
---
6 40 76.17403314917127 1.0 36
1 0 0 7 1 0 0 0 1 0 2 0 0 0 0 4 1 0 0 7 1 2 2 0 1 4 0 0 1 2 0 7 1 0 0 0 0 0.7627117687783305 
---
6 41 14.174723756906078 6.0 36
0 0 0 0 0 0 12 0 4 0 0 0 1 8 0 0 0 12 0 0 0 0 0 0 0 12 12 0 8 0 12 7 0 0 4 11 3 0.21387065042803988 
1 0 0 7 1 0 0 0 1 0 0 0 0 0 0 4 1 0 0 7 1 2 4 0 1 4 0 0 1 2 0 7 1 0 0 0 0 0.8034568302796229 
1 0 0 0 0 0 0 0 0 0 0 11 0 1 0 11 4 12 1 11 2 0 1 1 0 4 0 11 0 4 0 0 0 4 0 0 5 0.7893447735701229 
1 0 0 0 0 0 0 0 0 1 0 0 0 1 0 0 0 6 0 8 0 0 0 0 0 0 8 0 0 0 0 0 0 0 0 0 1 0.9994701433697537 
0 0 0 0 0 0 0 0 0 1 0 0 0 0 0 4 0 11 0 7 0 0 0 0 0 0 0 0 0 0 0 0 0 0 0 0 4 0.026382446950276917 
2 0 2 0 2 0 0 0 0 0 4 7 0 0 0 12 5 13 1 0 13 8 0 7 2 0 0 4 4 0 2 0 0 0 4 0 2 0.6162443475083079 
