---
0 0 76.18718701433258 1.0 36
1 2 2 0 0 0 0 0 4 2 0 0 0 0 0 0 0 0 0 0 0 1 0 12 0 0 0 1 0 2 0 0 0 0 2 0 0 0.4630675148737653 
---
0 1 52.875151096529095 2.0 36
0 0 0 0 2 1 0 1 4 4 0 0 0 0 0 11 0 4 1 7 0 0 4 0 2 0 0 1 0 4 0 0 2 4 0 0 5 0.33256433973789945 
1 4 0 0 1 2 0 12 1 0 0 4 0 2 0 0 0 0 0 0 1 0 0 0 1 4 0 4 1 0 0 0 1 4 0 12 0 0.8516846771415004 
---
0 2 52.857882921775165 2.0 36
1 4 0 0 1 2 0 12 1 0 0 4 0 2 0 0 0 0 0 0 1 0 0 0 1 4 0 4 1 0 0 0 1 4 0 12 0 0.8516846771415004 
0 0 0 0 2 1 0 1 4 0 0 0 0 0 0 11 0 4 1 7 0 0 1 7 2 0 0 1 0 4 0 0 2 4 0 0 5 0.5682443757308633 
---
0 3 33.396649974097734 3.0 36
0 0 0 0 2 1 0 1 4 4 0 0 0 0 0 11 0 4 1 7 0 0 1 0 2 0 0 1 0 4 0 0 2 4 0 0 5 0.652542628156972 
1 4 0 0 1 2 0 12 1 0 0 4 0 2 0 0 0 0 0 0 1 0 0 0 1 4 0 4 1 0 0 0 1 4 0 12 0 0.8516846771415004 
2 0 0 7 2 0 4 7 0 1 0 0 2 4 0 12 13 8 4 12 2 0 0 0 0 0 4 4 0 0 0 0 2 2 4 1 2 0.6115383388033916 
---
0 4 33.396649974097734 3.0 36
0 0 0 0 2 1 0 1 4 4 0 0 0 0 0 11 0 4 1 7 0 0 1 0 2 0 0 1 0 4 0 0 2 4 0 0 5 0.652542628156972 
1 4 0 0 1 2 0 12 1 0 0 4 0 2 0 0 0 0 0 0 1 0 0 0 1 4 0 4 1 0 0 0 1 4 0 12 0 0.8516846771415004 
2 0 0 7 2 0 4 7 0 1 0 0 2 4 0 12 13 8 4 12 2 0 0 0 0 0 4 4 0 0 0 0 2 2 4 1 2 0.6115383388033916 
---
0 5 23.05301329649456 4.0 36
1 4 0 0 1 2 0 12 1 0 0 4 0 2 0 0 0 0 0 0 1 0 0 0 1 4 0 4 1 0 0 0 1 4 0 12 0 0.8516846771415004 
0 0 0 0 2 1 0 1 4 4 0 0 0 0 0 11 0 4 1 7 0 0 1 0 2 0 0 1 0 4 0 0 2 4 0 0 5 0.652542628156972 
0 0 0 0 0 0 0 2 0 0 0 0 0 0 0 0 0 3 8 8 0 1 0 0 0 1 1 0 0 0 0 0 0 0 0 0 1 0.9262939210726411 
2 0 0 7 2 0 4 7 0 1 0 0 2 4 0 12 13 8 4 12 2 0 0 0 0 0 4 4 0 0 0 0 2 2 4 1 2 0.6115383388033916 
---
0 6 23.05301329649456 4.0 36
1 4 0 0 1 2 0 12 1 0 0 4 0 2 0 0 0 0 0 0 1 0 0 0 1 4 0 4 1 0 0 0 1 4 0 12 0 0.8516846771415004 
0 0 0 0 2 1 0 1 4 4 0 0 0 0 0 11 0 4 1 7 0 0 1 0 2 0 0 1 0 4 0 0 2 4 0 0 5 0.652542628156972 
0 0 0 0 0 0 0 2 0 0 0 0 0 0 0 0 0 3 8 8 0 1 0 0 0 1 1 0 0 0 0 0 0 0 0 0 1 0.9262939210726411 
2 0 0 7 2 0 4 7 0 1 0 0 2 4 0 12 13 8 4 12 2 0 0 0 0 0 4 4 0 0 0 0 2 2 4 1 2 0.6115383388033916 
---
0 7 15.64496632705923 5.0 36
1 4 0 0 1 2 0 4 1 0 0 4 0 2 0 0 0 0 0 0 1 0 0 0 1 4 0 4 1 4 0 0 4 4 0 7 0 0.5652008000285345 
0 0 0 0 2 1 0 1 4 4 0 0 0 0 0 11 0 4 1 7 0 0 1 0 2 0 0 1 0 4 0 0 2 4 0 0 5 0.652542628156972 
2 0 0 7 2 0 4 7 0 1 0 0 2 4 0 12 13 8 4 12 2 0 0 0 0 0 4 4 0 0 0 0 2 2 4 1 2 0.6115383388033916 
0 0 0 0 0 0 0 2 0 0 0 0 0 0 0 0 0 3 8 8 0 1 0 0 0 1 1 0 0 0 0 0 0 0 0 0 1 0.9262939210726411 
0 1 0 0 0 0 0 0 0 1 0 0 4 0 0 4 7 3 0 0 0 7 4 0 4 0 0 0 0 0 0 4 0 0 0 4 4 0.4890206548419209 
---
0 8 12.346744949058884 6.0 36
1 4 0 0 1 2 0 4 1 0 0 4 0 2 0 0 0 0 0 0 1 0 0 0 1 4 0 4 1 4 0 0 1 4 0 7 0 0.8706355397737133 
0 0 0 0 2 1 0 1 4 4 0 0 0 0 0 11 0 4 1 7 0 0 1 0 2 0 0 1 0 4 0 0 2 4 0 0 5 0.652542628156972 
2 0 0 7 2 0 4 7 0 1 0 0 2 4 0 12 13 8 4 12 2 0 0 0 0 0 4 4 0 0 0 0 2 2 4 1 2 0.6115383388033916 
0 0 0 0 0 0 0 2 0 0 0 0 0 0 0 0 0 3 8 8 0 1 0 0 0 1 1 0 0 0 0 0 0 0 0 0 1 0.9262939210726411 
0 1 0 0 0 0 0 0 0 1 0 0 4 0 0 4 7 3 0 0 0 7 4 0 4 0 0 0 0 0 0 4 0 0 0 4 4 0.4890206548419209 
4 0 12 0 0 0 12 7 0 0 7 0 0 0 4 11 8 0 7 0 0 0 0 3 0 0 12 0 0 0 12 0 0 0 0 0 3 0.18767897203828887 
---
0 9 12.346744949058884 6.0 36
1 4 0 0 1 2 0 4 1 0 0 4 0 2 0 0 0 0 0 0 1 0 0 0 1 4 0 4 1 4 0 0 1 4 0 7 0 0.8706355397737133 
0 0 0 0 2 1 0 1 4 4 0 0 0 0 0 11 0 4 1 7 0 0 1 0 2 0 0 1 0 4 0 0 2 4 0 0 5 0.652542628156972 
2 0 0 7 2 0 4 7 0 1 0 0 2 4 0 12 13 8 4 12 2 0 0 0 0 0 4 4 0 0 0 0 2 2 4 1 2 0.6115383388033916 
0 0 0 0 0 0 0 2 0 0 0 0 0 0 0 0 0 3 8 8 0 1 0 0 0 1 1 0 0 0 0 0 0 0 0 0 1 0.9262939210726411 
0 1 0 0 0 0 0 0 0 1 0 0 4 0 0 4 7 3 0 0 0 7 4 0 4 0 0 0 0 0 0 4 0 0 0 4 4 0.4890206548419209 
4 0 12 0 0 0 12 7 0 0 7 0 0 0 4 11 8 0 7 0 0 0 0 3 0 0 12 0 0 0 12 0 0 0 0 0 3 0.18767897203828887 
---
0 10 76.18718701433258 1.0 36
1 4 0 0 1 2 0 4 1 0 0 4 0 2 2 0 0 1 0 12 1 0 0 0 1 4 0 4 1 4 0 0 1 4 0 12 0 0.8180816836035357 
---
0 11 52.875151096529095 2.0 36
0 0 0 0 2 1 0 1 4 4 0 0 0 0 0 11 0 4 1 7 0 0 4 0 2 0 0 1 0 4 0 0 2 4 0 0 5 0.33256433973789945 
1 4 0 0 1 2 0 12 1 0 0 4 0 2 0 0 0 0 0 0 1 0 0 0 1 4 0 4 1 0 0 0 1 4 0 12 0 0.8516846771415004 
---
0 12 33.396649974097734 3.0 36
0 0 0 0 2 1 0 1 4 4 0 0 0 0 0 11 0 4 1 7 0 0 1 0 2 0 0 1 0 4 0 0 2 4 0 0 5 0.652542628156972 
2 0 0 7 2 0 4 7 0 1 0 0 2 4 0 12 13 8 4 12 2 0 0 0 0 0 4 4 0 0 0 0 2 2 4 1 2 0.6115383388033916 
1 4 0 0 1 2 0 12 1 0 0 4 0 2 0 0 0 0 0 0 1 0 0 0 1 4 0 4 1 0 0 0 1 4 0 12 0 0.8516846771415004 
---
0 13 23.05301329649456 4.0 36
0 0 0 0 2 1 0 1 4 4 0 0 0 0 0 11 0 4 1 7 0 0 1 0 2 0 0 1 0 4 0 0 2 4 0 0 5 0.652542628156972 
1 4 0 0 1 2 0 12 1 0 0 4 0 2 0 0 0 0 0 0 1 0 0 0 1 4 0 4 1 0 0 0 1 4 0 12 0 0.8516846771415004 
2 0 0 7 2 0 4 7 0 1 0 0 2 4 0 12 13 8 4 12 2 0 0 0 0 0 4 4 0 0 0 0 2 2 4 1 2 0.6115383388033916 
0 0 0 0 0 0 0 2 0 0 0 0 0 0 0 0 0 3 8 8 0 1 0 0 0 1 1 0 0 0 0 0 0 0 0 0 1 0.9262939210726411 
---
0 14 76.18718701433258 1.0 36
1 2 2 0 0 0 0 0 4 2 0 0 0 0 0 0 0 0 0 0 0 1 0 12 0 0 0 1 0 2 0 0 0 4 2 0 0 0.2365514425636609 
---
0 15 33.396649974097734 3.0 36
0 0 0 0 2 1 0 1 4 4 0 0 0 0 0 11 0 4 1 7 0 0 1 0 2 0 0 1 0 4 0 0 2 4 0 0 5 0.652542628156972 
1 4 0 0 1 2 0 12 1 0 0 4 0 2 0 0 0 0 0 0 1 0 0 0 1 4 0 4 1 0 0 0 1 4 0 12 0 0.8516846771415004 
2 0 0 7 2 0 4 7 0 1 0 0 2 4 0 12 13 8 4 12 2 0 0 0 0 0 4 4 0 0 0 0 2 2 4 1 2 0.6115383388033916 
---
0 16 12.346744949058884 6.0 36
1 4 0 0 1 2 0 4 1 0 0 4 0 2 0 0 0 0 0 0 1 0 0 0 1 4 0 4 1 4 0 0 1 4 0 7 0 0.8706355397737133 
0 0 0 0 2 1 0 1 4 4 0 0 0 0 0 11 0 4 1 7 0 0 1 0 2 0 0 1 0 4 0 0 2 4 0 0 5 0.652542628156972 
2 0 0 7 2 0 4 7 0 1 0 0 2 4 0 12 13 8 4 12 2 0 0 0 0 0 4 4 0 0 0 0 2 2 4 1 2 0.6115383388033916 
0 0 0 0 0 0 0 2 0 0 0 0 0 0 0 0 0 3 8 8 0 1 0 0 0 1 1 0 0 0 0 0 0 0 0 0 1 0.9262939210726411 
0 1 0 0 0 0 0 0 0 1 0 0 4 0 0 4 7 3 0 0 0 7 4 0 4 0 0 0 0 0 0 4 0 0 0 4 4 0.4890206548419209 
4 0 12 0 0 0 12 7 0 0 7 0 0 0 4 11 8 0 7 0 0 0 0 3 0 0 12 0 0 0 12 0 0 0 0 0 3 0.18767897203828887 
---
0 17 76.18718701433258 1.0 36
1 4 0 0 1 2 0 12 1 0 0 4 0 2 0 0 0 0 0 0 1 0 0 0 1 4 0 4 1 0 0 0 1 4 0 12 0 0.8516846771415004 
---
0 18 52.857882921775165 2.0 36
1 4 0 0 1 2 0 12 1 0 0 4 0 2 0 0 0 0 0 0 1 0 0 0 1 4 0 4 1 0 0 0 1 4 0 12 0 0.8516846771415004 
0 0 0 0 2 1 0 1 4 0 0 0 0 0 0 11 0 4 1 7 0 0 1 7 2 0 0 1 0 4 0 0 2 4 0 0 5 0.5682443757308633 
---
0 19 12.346744949058884 6.0 36
1 4 0 0 1 2 0 4 1 0 0 4 0 2 0 0 0 0 0 0 1 0 0 0 1 4 0 4 1 4 0 0 1 4 0 7 0 0.8706355397737133 
0 0 0 0 2 1 0 1 4 4 0 0 0 0 0 11 0 4 1 7 0 0 1 0 2 0 0 1 0 4 0 0 2 4 0 0 5 0.652542628156972 
2 0 0 7 2 0 4 7 0 1 0 0 2 4 0 12 13 8 4 12 2 0 0 0 0 0 4 4 0 0 0 0 2 2 4 1 2 0.6115383388033916 
0 0 0 0 0 0 0 2 0 0 0 0 0 0 0 0 0 3 8 8 0 1 0 0 0 1 1 0 0 0 0 0 0 0 0 0 1 0.9262939210726411 
0 1 0 0 0 0 0 0 0 1 0 0 4 0 0 4 7 3 0 0 0 7 4 0 4 0 0 0 0 0 0 4 0 0 0 4 4 0.4890206548419209 
4 0 12 0 0 0 12 7 0 0 7 0 0 0 4 11 8 0 7 0 0 0 0 3 0 0 12 0 0 0 12 0 0 0 0 0 3 0.18767897203828887 
---
0 20 12.467622172336384 8.0 36
2 0 0 7 2 0 4 7 0 1 0 0 2 4 0 12 13 8 4 12 2 0 0 0 0 0 4 4 0 0 0 0 2 2 13 1 2 0.8600481108026357 
0 0 0 0 2 1 0 1 4 4 0 0 0 0 0 11 0 4 1 7 0 0 1 0 2 0 0 1 0 4 0 0 2 4 0 0 5 0.652542628156972 
1 4 0 0 1 2 0 12 1 0 0 4 0 2 0 0 0 0 0 0 1 0 0 0 1 4 0 4 1 0 0 0 1 4 0 12 0 0.8516846771415004 
0 0 0 0 0 0 0 2 0 0 0 0 0 0 0 0 0 3 8 8 0 1 0 0 0 1 1 0 0 0 0 0 0 0 0 0 1 0.9262939210726411 
1 4 0 0 1 2 0 4 1 0 0 4 0 2 0 0 0 0 0 0 1 0 0 0 1 4 0 4 1 4 0 0 1 4 0 7 0 0.8706355397737133 
0 1 0 0 0 0 0 0 0 1 0 0 4 0 0 4 7 3 0 0 0 7 4 0 4 0 0 0 0 0 0 4 0 0 0 4 4 0.4890206548419209 
4 0 12 0 0 0 12 7 0 0 7 0 0 0 4 11 8 0 7 0 0 0 0 3 0 0 12 0 0 0 12 0 0 0 0 0 3 0.18767897203828887 
2 0 0 7 2 0 4 7 0 1 0 0 2 13 0 12 13 8 4 12 2 0 0 0 0 0 4 4 0 0 0 0 2 2 4 1 2 0.6995769613223364 
---
0 21 76.18718701433258 1.0 36
1 4 0 0 1 2 0 12 1 0 0 4 0 2 0 0 0 0 0 0 1 0 0 0 1 4 0 4 1 0 0 0 1 4 0 12 0 0.8516846771415004 
---
0 22 52.857882921775165 2.0 36
1 4 0 0 1 2 0 12 1 0 0 4 0 2 0 0 0 0 0 0 1 0 0 0 1 4 0 4 1 0 0 0 1 4 0 12 0 0.8516846771415004 
0 0 0 0 2 1 0 1 4 0 0 0 0 0 0 11 0 4 1 7 0 0 1 7 2 0 0 1 0 4 0 0 2 4 0 0 5 0.5682443757308633 
---
1 0 76.18718701433258 1.0 36
0 0 0 4 0 2 0 0 0 0 1 0 0 0 2 12 0 0 0 0 1 0 0 0 0 0 1 2 0 0 0 4 0 0 1 12 0 0.12448190906667289 
---
1 1 12.467622172336384 9.0 36
0 0 0 0 2 1 0 1 4 4 0 0 0 0 0 11 0 4 1 7 0 0 1 0 2 0 0 1 0 4 0 0 2 4 0 0 5 0.652542628156972 
2 0 0 7 2 0 4 0 0 1 0 0 2 4 0 12 13 8 4 12 2 0 0 0 0 2 4 4 0 0 0 0 2 2 4 1 2 0.4455615275896725 
1 4 0 0 1 2 0 4 1 0 0 0 0 1 0 0 0 0 0 0 1 0 0 0 1 4 0 4 1 4 0 0 1 4 0 12 0 0.8322486021289623 
1 4 0 0 1 2 0 4 1 0 0 4 0 2 0 0 0 0 0 0 1 0 0 0 1 4 0 0 1 4 0 12 1 4 0 12 0 0.8012496186799685 
0 0 0 0 0 0 0 2 0 0 0 0 0 0 0 0 0 3 8 8 0 1 0 0 0 1 1 0 0 0 0 0 0 0 0 0 1 0.9262939210726411 
0 1 0 0 0 0 0 0 0 1 0 0 4 0 0 4 7 3 0 0 0 7 4 0 4 0 0 0 0 0 0 4 0 0 0 4 4 0.4890206548419209 
4 0 12 0 0 0 12 7 0 0 7 0 0 0 4 11 8 0 7 0 0 0 0 3 0 0 12 0 0 0 12 0 0 0 0 0 3 0.18767897203828887 
1 4 0 0 1 2 0 4 1 0 0 4 0 1 0 0 0 0 0 0 1 0 0 0 1 4 0 4 1 4 0 0 1 4 0 12 0 0.8186949270791648 
1 4 0 0 1 2 0 4 1 0 0 4 0 1 0 0 0 0 0 0 1 0 0 0 1 4 0 4 1 4 0 12 1 4 0 12 0 0.9097512305584197 
---
1 2 12.709376618891383 6.0 36
0 0 0 0 0 0 0 2 0 0 0 0 0 0 0 0 0 3 8 8 0 1 0 0 0 1 1 0 0 0 0 0 0 0 0 0 1 0.9262939210726411 
0 1 0 0 0 0 0 0 0 1 0 0 4 0 0 4 7 3 0 0 0 7 4 0 4 0 0 0 0 0 0 4 0 0 0 4 4 0.4890206548419209 
2 0 0 7 2 0 4 0 0 1 0 0 2 4 0 12 13 8 4 12 2 0 0 0 0 2 4 4 0 0 0 0 2 2 4 1 2 0.4455615275896725 
1 4 0 0 1 2 0 4 1 0 0 4 0 1 0 0 0 0 0 0 1 0 0 0 1 4 0 4 1 4 0 0 1 4 0 12 0 0.8186949270791648 
0 0 0 0 2 1 0 1 4 4 0 0 0 0 0 11 0 4 1 7 0 0 1 0 2 0 0 1 0 4 0 0 2 4 0 0 5 0.652542628156972 
4 0 12 0 0 0 12 7 0 0 7 0 0 0 4 11 8 0 7 0 0 0 0 3 0 0 12 0 0 0 12 0 0 0 0 0 3 0.18767897203828887 
---
1 3 33.48299084786738 3.0 36
0 0 0 0 2 1 0 1 4 4 0 0 4 0 0 11 0 4 1 7 0 0 1 4 2 0 0 0 0 4 0 0 2 4 0 0 5 0.6064548162543628 
1 4 0 0 1 2 0 4 1 0 0 4 0 2 0 0 0 0 0 0 1 0 0 0 1 4 0 0 1 4 0 12 1 4 0 12 0 0.8012496186799685 
2 0 0 7 2 0 4 0 0 1 0 0 2 4 0 12 13 8 4 12 2 0 0 0 0 2 4 4 0 0 0 0 2 2 4 1 2 0.4455615275896725 
---
1 4 33.48299084786738 3.0 36
0 0 0 0 2 1 0 1 4 4 0 0 4 0 0 11 0 4 1 7 0 0 1 4 2 0 0 0 0 4 0 0 2 4 0 0 5 0.6064548162543628 
1 4 0 0 1 2 0 4 1 0 0 4 0 2 0 0 0 0 0 0 1 0 0 0 1 4 0 0 1 4 0 12 1 4 0 12 0 0.8012496186799685 
2 0 0 7 2 0 4 0 0 1 0 0 2 4 0 12 13 8 4 12 2 0 0 0 0 2 4 4 0 0 0 0 2 2 4 1 2 0.4455615275896725 
---
1 5 23.001208772232776 4.0 36
1 4 0 0 1 2 0 4 1 0 0 4 0 2 0 0 0 0 0 0 1 0 0 0 1 4 0 0 1 4 0 12 1 4 0 12 0 0.8012496186799685 
0 0 0 0 0 0 0 2 0 0 0 0 0 0 0 0 0 3 8 8 0 1 0 0 0 1 1 0 0 0 0 0 0 0 0 0 1 0.9852052473426713 
0 0 0 0 2 1 0 1 4 4 0 0 4 0 0 11 0 4 1 7 0 0 1 0 2 0 0 1 0 4 0 0 2 4 0 0 5 0.5697106433480055 
2 0 0 7 2 0 4 0 0 1 0 0 2 4 0 12 13 8 4 12 2 0 0 0 0 2 4 4 0 0 0 0 2 2 4 1 2 0.4455615275896725 
---
1 6 23.001208772232776 4.0 36
1 4 0 0 1 2 0 4 1 0 0 4 0 2 0 0 0 0 0 0 1 0 0 0 1 4 0 0 1 4 0 12 1 4 0 12 0 0.8012496186799685 
0 0 0 0 0 0 0 2 0 0 0 0 0 0 0 0 0 3 8 8 0 1 0 0 0 1 1 0 0 0 0 0 0 0 0 0 1 0.9852052473426713 
0 0 0 0 2 1 0 1 4 4 0 0 4 0 0 11 0 4 1 7 0 0 1 0 2 0 0 1 0 4 0 0 2 4 0 0 5 0.5697106433480055 
2 0 0 7 2 0 4 0 0 1 0 0 2 4 0 12 13 8 4 12 2 0 0 0 0 2 4 4 0 0 0 0 2 2 4 1 2 0.4455615275896725 
---
1 7 15.64496632705923 5.0 36
1 4 0 0 1 2 0 4 1 0 0 0 0 1 0 0 0 0 0 0 1 0 0 0 1 4 0 4 1 4 0 0 1 4 0 12 0 0.8322486021289623 
2 0 0 7 2 0 4 7 0 1 0 0 2 4 0 12 13 8 4 12 2 0 0 0 0 0 4 4 0 0 0 0 2 2 4 1 2 0.6115383388033916 
0 1 0 0 0 0 0 0 0 1 0 0 4 0 0 4 7 3 0 0 0 7 4 0 4 0 0 0 0 0 0 4 0 0 0 4 4 0.4890206548419209 
0 0 0 0 2 1 0 1 4 4 0 0 0 0 0 11 0 4 1 7 0 0 1 0 2 0 0 1 0 4 0 0 2 4 0 0 5 0.652542628156972 
0 0 0 0 0 0 0 2 0 0 0 0 0 0 0 0 0 3 8 8 0 1 0 0 0 1 1 0 0 0 0 0 0 0 0 0 1 0.9262939210726411 
---
1 8 15.64496632705923 5.0 36
1 4 0 0 1 2 0 4 1 0 0 0 0 1 0 0 0 0 0 0 1 0 0 0 1 4 0 4 1 4 0 0 1 4 0 12 0 0.8322486021289623 
0 0 0 0 2 1 0 1 4 4 0 0 0 0 0 11 0 4 1 7 0 0 1 0 2 0 0 1 0 4 0 0 2 4 0 0 5 0.652542628156972 
2 0 0 7 2 0 4 7 0 1 0 0 2 4 0 12 13 8 4 12 2 0 0 0 0 0 4 4 0 0 0 0 2 2 4 1 2 0.6115383388033916 
0 0 0 0 0 0 0 2 0 0 0 0 0 0 0 0 0 3 8 8 0 1 0 0 0 1 1 0 0 0 0 0 0 0 0 0 1 0.9262939210726411 
0 1 0 0 0 0 0 0 0 1 0 0 4 0 0 4 7 3 0 0 0 7 4 0 4 0 0 0 0 0 0 4 0 0 0 4 4 0.4890206548419209 
---
1 9 12.709376618891383 6.0 36
0 0 0 0 0 0 0 2 0 0 0 0 0 0 0 0 0 3 8 8 0 1 0 0 0 1 1 0 0 0 0 0 0 0 0 0 1 0.9262939210726411 
0 1 0 0 0 0 0 0 0 1 0 0 4 0 0 4 7 3 0 0 0 7 4 0 4 0 0 0 0 0 0 4 0 0 0 4 4 0.4890206548419209 
2 0 0 7 2 0 4 0 0 1 0 0 2 4 0 12 13 8 4 12 2 0 0 0 0 2 4 4 0 0 0 0 2 2 4 1 2 0.4455615275896725 
1 4 0 0 1 2 0 4 1 0 0 4 0 1 0 0 0 0 0 0 1 0 0 0 1 4 0 4 1 4 0 0 1 4 0 12 0 0.8186949270791648 
0 0 0 0 2 1 0 1 4 4 0 0 0 0 0 11 0 4 1 7 0 0 1 0 2 0 0 1 0 4 0 0 2 4 0 0 5 0.652542628156972 
4 0 12 0 0 0 12 7 0 0 7 0 0 0 4 11 8 0 7 0 0 0 0 3 0 0 12 0 0 0 12 0 0 0 0 0 3 0.18767897203828887 
---
1 10 76.18718701433258 1.0 36
1 4 0 0 1 2 0 4 1 0 0 4 0 2 0 0 0 0 0 0 1 0 0 0 1 4 0 0 1 4 0 12 1 4 0 12 0 0.8012496186799685 
---
1 11 12.467622172336384 9.0 36
0 0 0 0 2 1 0 1 4 4 0 0 0 0 0 11 0 4 1 7 0 0 1 0 2 0 0 1 0 4 0 0 2 4 0 0 5 0.652542628156972 
2 0 0 7 2 0 4 0 0 1 0 0 2 4 0 12 13 8 4 12 2 0 0 0 0 2 4 4 0 0 0 0 2 2 4 1 2 0.4455615275896725 
1 4 0 0 1 2 0 4 1 0 0 0 0 1 0 0 0 0 0 0 1 0 0 0 1 4 0 4 1 4 0 0 1 4 0 12 0 0.8322486021289623 
1 4 0 0 1 2 0 4 1 0 0 4 0 2 0 0 0 0 0 0 1 0 0 0 1 4 0 0 1 4 0 12 1 4 0 12 0 0.8012496186799685 
0 0 0 0 0 0 0 2 0 0 0 0 0 0 0 0 0 3 8 8 0 1 0 0 0 1 1 0 0 0 0 0 0 0 0 0 1 0.9262939210726411 
0 1 0 0 0 0 0 0 0 1 0 0 4 0 0 4 7 3 0 0 0 7 4 0 4 0 0 0 0 0 0 4 0 0 0 4 4 0.4890206548419209 
4 0 12 0 0 0 12 7 0 0 7 0 0 0 4 11 8 0 7 0 0 0 0 3 0 0 12 0 0 0 12 0 0 0 0 0 3 0.18767897203828887 
1 4 0 0 1 2 0 4 1 0 0 4 0 1 0 0 0 0 0 0 1 0 0 0 1 4 0 4 1 4 0 0 1 4 0 12 0 0.8186949270791648 
1 4 0 0 1 2 0 4 1 0 0 4 0 1 0 0 0 0 0 0 1 0 0 0 1 4 0 4 1 4 0 12 1 4 0 12 0 0.9097512305584197 
---
1 12 52.875151096529095 2.0 36
1 4 0 0 1 2 0 4 1 0 0 4 0 2 0 0 0 0 0 0 1 0 0 0 1 4 0 0 1 4 0 12 1 4 0 12 0 0.8012496186799685 
0 0 0 0 2 1 0 1 4 4 0 0 4 0 0 11 0 4 1 7 0 0 1 4 2 0 0 1 0 4 0 0 2 4 0 0 5 0.6375607946178794 
---
1 13 33.48299084786738 3.0 36
2 0 0 7 2 0 4 0 0 1 0 0 2 4 0 12 13 8 4 12 2 0 0 0 0 2 4 4 0 0 0 0 2 2 4 1 2 0.4455615275896725 
1 4 0 0 1 2 0 4 1 0 0 4 0 2 0 0 0 0 0 0 1 0 0 0 1 4 0 0 1 4 0 12 1 4 0 12 0 0.8012496186799685 
0 0 0 0 2 1 0 1 4 4 0 0 4 0 0 11 0 4 1 7 0 0 1 4 2 0 0 0 0 4 0 0 2 4 0 0 5 0.6064548162543628 
---
1 14 15.64496632705923 5.0 36
1 4 0 0 1 2 0 4 1 0 0 0 0 1 0 0 0 0 0 0 1 0 0 0 1 4 0 4 1 4 0 0 1 4 0 12 0 0.8322486021289623 
0 0 0 0 2 1 0 1 4 4 0 0 0 0 0 11 0 4 1 7 0 0 1 0 2 0 0 1 0 4 0 0 2 4 0 0 5 0.652542628156972 
2 0 0 7 2 0 4 7 0 1 0 0 2 4 0 12 13 8 4 12 2 0 0 0 0 0 4 4 0 0 0 0 2 2 4 1 2 0.6115383388033916 
0 0 0 0 0 0 0 2 0 0 0 0 0 0 0 0 0 3 8 8 0 1 0 0 0 1 1 0 0 0 0 0 0 0 0 0 1 0.9262939210726411 
0 1 0 0 0 0 0 0 0 1 0 0 4 0 0 4 7 3 0 0 0 7 4 0 4 0 0 0 0 0 0 4 0 0 0 4 4 0.4890206548419209 
---
1 15 12.709376618891383 6.0 36
0 0 0 0 0 0 0 2 0 0 0 0 0 0 0 0 0 3 8 8 0 1 0 0 0 1 1 0 0 0 0 0 0 0 0 0 1 0.9262939210726411 
0 1 0 0 0 0 0 0 0 1 0 0 4 0 0 4 7 3 0 0 0 7 4 0 4 0 0 0 0 0 0 4 0 0 0 4 4 0.4890206548419209 
2 0 0 7 2 0 4 0 0 1 0 0 2 4 0 12 13 8 4 12 2 0 0 0 0 2 4 4 0 0 0 0 2 2 4 1 2 0.4455615275896725 
1 4 0 0 1 2 0 4 1 0 0 4 0 1 0 0 0 0 0 0 1 0 0 0 1 4 0 4 1 4 0 0 1 4 0 12 0 0.8186949270791648 
0 0 0 0 2 1 0 1 4 4 0 0 0 0 0 11 0 4 1 7 0 0 1 0 2 0 0 1 0 4 0 0 2 4 0 0 5 0.652542628156972 
4 0 12 0 0 0 12 7 0 0 7 0 0 0 4 11 8 0 7 0 0 0 0 3 0 0 12 0 0 0 12 0 0 0 0 0 3 0.18767897203828887 
---
1 16 76.18718701433258 1.0 36
0 0 0 4 0 2 0 0 0 0 1 0 0 0 2 12 0 0 0 0 1 0 0 0 0 0 1 2 0 0 0 4 0 0 1 12 0 0.12448190906667289 
---
1 17 15.64496632705923 5.0 36
2 0 0 7 2 0 4 7 0 1 0 0 2 4 0 12 13 8 4 12 2 0 0 0 0 0 4 4 0 0 0 0 2 2 4 1 2 0.6115383388033916 
1 4 0 0 1 2 0 4 1 0 0 0 0 1 0 0 0 0 0 0 1 0 0 0 1 4 0 4 1 4 0 0 1 4 0 12 0 0.8322486021289623 
0 0 0 0 2 1 0 1 4 4 0 0 0 0 0 11 0 4 1 7 0 0 1 0 2 0 0 1 0 4 0 0 2 4 0 0 5 0.652542628156972 
0 0 0 0 0 0 0 2 0 0 0 0 0 0 0 0 0 3 8 8 0 1 0 0 0 1 1 0 0 0 0 0 0 0 0 0 1 0.9262939210726411 
0 1 0 0 0 0 0 0 0 1 0 0 4 0 0 4 7 3 0 0 0 7 4 0 4 0 0 0 0 0 0 4 0 0 0 4 4 0.4890206548419209 
---
1 18 12.709376618891383 6.0 36
0 0 0 0 0 0 0 2 0 0 0 0 0 0 0 0 0 3 8 8 0 1 0 0 0 1 1 0 0 0 0 0 0 0 0 0 1 0.9262939210726411 
0 1 0 0 0 0 0 0 0 1 0 0 4 0 0 4 7 3 0 0 0 7 4 0 4 0 0 0 0 0 0 4 0 0 0 4 4 0.4890206548419209 
2 0 0 7 2 0 4 0 0 1 0 0 2 4 0 12 13 8 4 12 2 0 0 0 0 2 4 4 0 0 0 0 2 2 4 1 2 0.4455615275896725 
1 4 0 0 1 2 0 4 1 0 0 4 0 1 0 0 0 0 0 0 1 0 0 0 1 4 0 4 1 4 0 0 1 4 0 12 0 0.8186949270791648 
0 0 0 0 2 1 0 1 4 4 0 0 0 0 0 11 0 4 1 7 0 0 1 0 2 0 0 1 0 4 0 0 2 4 0 0 5 0.652542628156972 
4 0 12 0 0 0 12 7 0 0 7 0 0 0 4 11 8 0 7 0 0 0 0 3 0 0 12 0 0 0 12 0 0 0 0 0 3 0.18767897203828887 
---
1 19 76.18718701433258 1.0 36
0 0 0 4 0 2 0 0 0 0 1 0 0 0 2 12 0 0 0 0 1 0 4 12 0 0 1 2 0 0 0 4 0 0 1 2 0 0.20015156249441568 
---
1 20 15.64496632705923 5.0 36
1 4 0 0 1 2 0 4 1 0 0 0 0 1 0 0 0 0 0 0 1 0 0 0 1 4 0 4 1 4 0 0 1 4 0 12 0 0.8322486021289623 
0 0 0 0 2 1 0 1 4 4 0 0 0 0 0 11 0 4 1 7 0 0 1 0 2 0 0 1 0 4 0 0 2 4 0 0 5 0.652542628156972 
2 0 0 7 2 0 4 7 0 1 0 0 2 4 0 12 13 8 4 12 2 0 0 0 0 0 4 4 0 0 0 0 2 2 4 1 2 0.6115383388033916 
0 0 0 0 0 0 0 2 0 0 0 0 0 0 0 0 0 3 8 8 0 1 0 0 0 1 1 0 0 0 0 0 0 0 0 0 1 0.9262939210726411 
0 1 0 0 0 0 0 0 0 1 0 0 4 0 0 4 7 3 0 0 0 7 4 0 4 0 0 0 0 0 0 4 0 0 0 4 4 0.4890206548419209 
---
1 21 76.18718701433258 1.0 36
0 0 0 4 0 2 0 0 0 0 1 0 0 0 2 12 0 0 0 0 1 0 4 0 0 0 1 2 0 0 0 4 0 0 1 2 0 0.12706230071772873 
---
1 22 15.64496632705923 5.0 36
1 4 0 0 1 2 0 4 1 0 0 0 0 1 0 0 0 0 0 0 1 0 0 0 1 4 0 4 1 4 0 0 1 4 0 12 0 0.8322486021289623 
0 0 0 0 2 1 0 1 4 4 0 0 0 0 0 11 0 4 1 7 0 0 1 0 2 0 0 1 0 4 0 0 2 4 0 0 5 0.652542628156972 
2 0 0 7 2 0 4 7 0 1 0 0 2 4 0 12 13 8 4 12 2 0 0 0 0 0 4 4 0 0 0 0 2 2 4 1 2 0.6115383388033916 
0 1 0 0 0 0 0 0 0 1 0 0 4 0 0 4 7 3 0 0 0 7 4 0 4 0 0 0 0 0 0 4 0 0 0 4 4 0.4890206548419209 
0 0 0 0 0 0 0 2 0 0 0 0 0 0 0 0 0 3 8 8 0 1 0 0 0 1 1 0 0 0 0 0 0 0 0 0 1 0.9262939210726411 
---
1 23 76.18718701433258 1.0 36
1 4 0 0 1 2 0 4 1 0 0 4 0 2 0 0 0 0 0 0 1 0 0 0 1 4 0 0 1 4 0 12 1 4 0 12 0 0.8012496186799685 
---
1 24 15.64496632705923 5.0 36
1 4 0 0 1 2 0 4 1 0 0 0 0 1 0 0 0 0 0 0 1 0 0 0 1 4 0 4 1 4 0 0 1 4 0 12 0 0.8322486021289623 
2 0 0 7 2 0 4 7 0 1 0 0 2 4 0 12 13 8 4 12 2 0 0 0 0 0 4 4 0 0 0 0 2 2 4 1 2 0.6115383388033916 
0 1 0 0 0 0 0 0 0 1 0 0 4 0 0 4 7 3 0 0 0 7 4 0 4 0 0 0 0 0 0 4 0 0 0 4 4 0.4890206548419209 
0 0 0 0 2 1 0 1 4 4 0 0 0 0 0 11 0 4 1 7 0 0 1 0 2 0 0 1 0 4 0 0 2 4 0 0 5 0.652542628156972 
0 0 0 0 0 0 0 2 0 0 0 0 0 0 0 0 0 3 8 8 0 1 0 0 0 1 1 0 0 0 0 0 0 0 0 0 1 0.9262939210726411 
---
1 25 76.18718701433258 1.0 36
1 4 0 0 1 2 0 4 1 0 0 4 0 2 0 0 0 0 0 0 1 0 0 0 1 4 0 0 1 4 0 12 1 4 0 12 0 0.9271433162976592 
---
1 26 23.018476946986706 4.0 36
0 0 0 0 0 0 0 2 0 0 0 0 0 0 0 0 0 3 8 8 0 1 0 0 0 1 1 0 0 0 0 0 0 0 0 0 1 0.9852052473426713 
1 4 0 0 1 2 0 4 1 0 4 4 0 2 0 0 0 0 0 0 1 0 0 0 1 4 0 0 1 4 0 12 1 4 0 12 0 0.8667877808192745 
0 0 0 0 2 1 0 1 4 4 0 0 4 0 0 11 0 4 1 7 0 0 1 0 2 0 0 1 0 4 0 0 2 4 0 0 5 0.5697106433480055 
2 0 0 7 2 0 4 0 0 1 0 0 2 4 0 12 13 8 4 12 2 0 0 0 0 2 4 4 0 0 0 0 2 2 4 1 2 0.4455615275896725 
---
1 27 15.64496632705923 5.0 36
1 4 0 0 1 2 0 4 1 0 0 0 0 1 0 0 0 0 0 0 1 0 0 0 1 4 0 4 1 4 0 0 1 4 0 12 0 0.8322486021289623 
0 0 0 0 2 1 0 1 4 4 0 0 0 0 0 11 0 4 1 7 0 0 1 0 2 0 0 1 0 4 0 0 2 4 0 0 5 0.652542628156972 
2 0 0 7 2 0 4 7 0 1 0 0 2 4 0 12 13 8 4 12 2 0 0 0 0 0 4 4 0 0 0 0 2 2 4 1 2 0.6115383388033916 
0 0 0 0 0 0 0 2 0 0 0 0 0 0 0 0 0 3 8 8 0 1 0 0 0 1 1 0 0 0 0 0 0 0 0 0 1 0.9262939210726411 
0 1 0 0 0 0 0 0 0 1 0 0 4 0 0 4 7 3 0 0 0 7 4 0 4 0 0 0 0 0 0 4 0 0 0 4 4 0.4890206548419209 
---
1 28 76.18718701433258 1.0 36
0 0 0 4 0 2 0 0 0 0 1 0 0 0 2 12 0 0 0 0 1 0 0 0 0 0 1 2 0 0 0 4 0 0 1 2 0 0.11798425975533844 
---
1 29 52.875151096529095 2.0 36
0 0 0 0 2 1 0 1 4 4 0 0 4 0 0 11 0 4 1 7 0 0 1 4 2 0 0 1 0 4 0 0 2 4 0 0 5 0.6375607946178794 
1 4 0 0 1 2 0 4 1 0 0 4 0 2 0 0 0 0 0 0 1 0 0 0 1 4 0 0 1 4 0 12 1 4 0 12 0 0.8012496186799685 
---
2 0 76.18718701433258 1.0 36
4 0 0 2 1 0 0 0 1 0 0 1 0 0 0 2 0 4 0 0 1 0 0 2 0 0 2 2 0 0 4 0 2 4 4 12 0 0.2125799199034173 
---
2 1 22.94940424797099 4.0 36
1 0 0 0 1 2 2 4 1 0 0 4 0 2 0 0 0 0 0 0 1 0 0 0 1 4 0 4 1 4 0 0 1 4 0 4 0 0.8208849712325132 
0 0 0 0 0 0 0 2 0 0 0 0 0 0 0 0 0 3 8 8 0 1 0 0 0 1 1 0 0 0 0 0 0 0 0 0 1 0.9262939210726411 
2 0 0 7 2 0 4 0 0 1 0 0 2 4 0 12 13 8 4 12 2 0 0 0 0 0 4 4 0 0 0 0 2 2 4 1 2 0.5215871285638878 
0 0 0 0 2 1 0 1 4 4 0 0 0 0 0 11 0 4 1 7 0 0 1 0 2 0 0 1 0 4 0 0 2 4 0 0 5 0.652542628156972 
---
2 2 52.84061474702124 2.0 36
1 0 0 0 1 2 0 4 1 0 0 4 0 2 0 0 0 0 0 0 1 0 0 0 1 4 0 4 1 4 0 0 1 4 0 12 0 0.808434607151411 
0 0 0 0 2 1 0 1 4 4 0 0 0 4 0 11 0 4 1 7 0 0 1 0 2 0 0 1 0 4 0 0 2 4 0 0 5 0.6373117277249771 
---
2 3 33.29304092557417 3.0 36
0 0 0 0 2 1 0 1 4 4 0 0 0 0 0 11 0 4 1 7 0 0 1 0 2 0 0 1 0 4 0 0 2 4 0 0 5 0.652542628156972 
1 0 0 0 1 2 2 4 1 0 0 4 0 2 0 0 0 0 0 0 1 0 0 0 1 4 0 4 1 4 0 0 1 4 0 4 0 0.8208849712325132 
2 0 0 7 2 0 4 0 0 1 0 0 2 4 0 12 13 8 4 12 2 0 0 0 0 0 4 4 0 0 0 0 2 2 4 1 2 0.5215871285638878 
---
2 4 33.29304092557417 3.0 36
0 0 0 0 2 1 0 1 4 4 0 0 0 0 0 11 0 4 1 7 0 0 1 0 2 0 0 1 0 4 0 0 2 4 0 0 5 0.652542628156972 
1 0 0 0 1 2 2 4 1 0 0 4 0 2 0 0 0 0 0 0 1 0 0 0 1 4 0 4 1 4 0 0 1 4 0 4 0 0.8208849712325132 
2 0 0 7 2 0 4 0 0 1 0 0 2 4 0 12 13 8 4 12 2 0 0 0 0 0 4 4 0 0 0 0 2 2 4 1 2 0.5215871285638878 
---
2 5 15.64496632705923 5.0 36
0 0 0 0 0 0 0 2 0 0 0 0 0 0 0 0 0 3 8 8 0 1 0 0 0 1 1 0 0 0 0 0 0 0 0 0 1 0.9262939210726411 
2 0 0 7 2 0 4 0 0 1 0 0 2 4 0 12 13 8 4 12 2 0 0 0 0 0 4 4 0 0 0 0 2 2 4 1 2 0.5215871285638878 
0 0 0 0 2 1 0 1 4 4 0 0 0 0 0 11 0 4 1 7 0 0 1 0 2 0 0 1 0 4 0 0 2 4 0 0 5 0.652542628156972 
0 1 0 0 0 0 0 0 0 1 0 0 4 0 0 4 7 3 0 0 0 7 4 0 4 0 0 0 0 0 0 4 0 0 0 4 4 0.4890206548419209 
1 0 0 0 1 2 2 4 1 0 0 4 0 2 0 0 0 0 0 0 1 0 0 0 1 4 0 4 1 4 0 0 1 4 0 4 0 0.8208849712325132 
---
2 6 15.64496632705923 5.0 36
1 0 0 0 1 2 2 4 1 0 0 4 0 2 0 0 0 0 0 0 1 0 0 0 1 4 0 4 1 4 0 0 1 4 0 4 0 0.8208849712325132 
0 0 0 0 0 0 0 2 0 0 0 0 0 0 0 0 0 3 8 8 0 1 0 0 0 1 1 0 0 0 0 0 0 0 0 0 1 0.9262939210726411 
2 0 0 7 2 0 4 0 0 1 0 0 2 4 0 12 13 8 4 12 2 0 0 0 0 0 4 4 0 0 0 0 2 2 4 1 2 0.5215871285638878 
0 0 0 0 2 1 0 1 4 4 0 0 0 0 0 11 0 4 1 7 0 0 1 0 2 0 0 1 0 4 0 0 2 4 0 0 5 0.652542628156972 
0 1 0 0 0 0 0 0 0 1 0 0 4 0 0 4 7 3 0 0 0 7 4 0 4 0 0 0 0 0 0 4 0 0 0 4 4 0.4890206548419209 
---
2 7 12.605767570367812 6.0 36
1 0 0 0 1 2 2 4 1 0 0 4 0 2 0 0 0 0 0 0 1 0 0 0 1 4 0 4 1 4 0 0 1 4 0 4 0 0.8208849712325132 
0 0 0 0 2 1 0 1 4 4 0 0 0 0 0 11 0 4 1 7 0 0 1 0 2 0 0 1 0 4 0 0 2 4 0 0 5 0.652542628156972 
2 0 0 7 2 0 4 0 0 1 0 0 2 4 0 12 13 8 4 12 2 0 0 0 0 0 4 4 0 0 0 0 2 2 4 1 2 0.5215871285638878 
0 0 0 0 0 0 0 2 0 0 0 0 0 0 0 0 0 3 8 8 0 1 0 0 0 1 1 0 0 0 0 0 0 0 0 0 1 0.9262939210726411 
0 1 0 0 0 0 0 0 0 1 0 0 4 0 0 4 7 3 0 0 0 7 4 0 4 0 0 0 0 0 0 4 0 0 0 4 4 0.4890206548419209 
4 0 12 0 0 0 12 7 0 0 7 0 0 0 4 11 8 0 7 0 0 0 0 3 0 0 12 0 0 0 12 0 0 0 0 0 3 0.2910467779653996 
---
2 8 12.605767570367812 6.0 36
1 0 0 0 1 2 2 4 1 0 0 4 0 2 0 0 0 0 0 0 1 0 0 0 1 4 0 4 1 4 0 0 1 4 0 4 0 0.8208849712325132 
0 0 0 0 2 1 0 1 4 4 0 0 0 0 0 11 0 4 1 7 0 0 1 0 2 0 0 1 0 4 0 0 2 4 0 0 5 0.652542628156972 
2 0 0 7 2 0 4 0 0 1 0 0 2 4 0 12 13 8 4 12 2 0 0 0 0 0 4 4 0 0 0 0 2 2 4 1 2 0.5215871285638878 
0 0 0 0 0 0 0 2 0 0 0 0 0 0 0 0 0 3 8 8 0 1 0 0 0 1 1 0 0 0 0 0 0 0 0 0 1 0.9262939210726411 
0 1 0 0 0 0 0 0 0 1 0 0 4 0 0 4 7 3 0 0 0 7 4 0 4 0 0 0 0 0 0 4 0 0 0 4 4 0.4890206548419209 
4 0 12 0 0 0 12 7 0 0 7 0 0 0 4 11 8 0 7 0 0 0 0 3 0 0 12 0 0 0 12 0 0 0 0 0 3 0.2910467779653996 
---
2 9 76.18718701433258 1.0 36
4 0 0 2 1 0 0 0 1 0 0 1 0 0 0 2 0 4 0 0 1 0 0 2 0 0 2 2 0 0 4 0 2 4 4 12 0 0.2125799199034173 
---
2 10 52.82334657226732 2.0 36
1 0 0 0 1 2 0 4 1 0 0 4 0 2 0 0 0 0 0 0 1 0 0 0 1 4 0 4 1 4 0 0 1 4 0 12 0 0.808434607151411 
0 0 0 0 2 1 0 1 4 4 0 0 0 0 0 11 0 4 1 7 0 0 1 0 2 0 0 1 0 4 0 0 2 4 0 0 5 0.652542628156972 
---
2 11 33.29304092557417 3.0 36
0 0 0 0 2 1 0 1 4 4 0 0 0 0 0 11 0 4 1 7 0 0 1 0 2 0 0 1 0 4 0 0 2 4 0 0 5 0.652542628156972 
1 0 0 0 1 2 2 4 1 0 0 4 0 2 0 0 0 0 0 0 1 0 0 0 1 4 0 4 1 4 0 0 1 4 0 4 0 0.8208849712325132 
2 0 0 7 2 0 4 0 0 1 0 0 2 4 0 12 13 8 4 12 2 0 0 0 0 0 4 4 0 0 0 0 2 2 4 1 2 0.5215871285638878 
---
2 12 12.605767570367812 6.0 36
1 0 0 0 1 2 2 4 1 0 0 4 0 2 0 0 0 0 0 0 1 0 0 0 1 4 0 4 1 4 0 0 1 4 0 4 0 0.8208849712325132 
0 0 0 0 2 1 0 1 4 4 0 0 0 0 0 11 0 4 1 7 0 0 1 0 2 0 0 1 0 4 0 0 2 4 0 0 5 0.652542628156972 
2 0 0 7 2 0 4 0 0 1 0 0 2 4 0 12 13 8 4 12 2 0 0 0 0 0 4 4 0 0 0 0 2 2 4 1 2 0.5215871285638878 
0 0 0 0 0 0 0 2 0 0 0 0 0 0 0 0 0 3 8 8 0 1 0 0 0 1 1 0 0 0 0 0 0 0 0 0 1 0.9262939210726411 
0 1 0 0 0 0 0 0 0 1 0 0 4 0 0 4 7 3 0 0 0 7 4 0 4 0 0 0 0 0 0 4 0 0 0 4 4 0.4890206548419209 
4 0 12 0 0 0 12 7 0 0 7 0 0 0 4 11 8 0 7 0 0 0 0 3 0 0 12 0 0 0 12 0 0 0 0 0 3 0.2910467779653996 
---
2 13 76.18718701433258 1.0 36
4 0 0 2 1 0 0 0 1 0 0 1 0 0 0 2 0 4 0 0 1 0 0 2 4 0 2 2 2 0 4 0 2 4 4 12 0 0.0342263581481379 
---
2 14 33.29304092557417 3.0 36
0 0 0 0 2 1 0 1 4 4 0 0 0 0 0 11 0 4 1 7 0 0 1 0 2 0 0 1 0 4 0 0 2 4 0 0 5 0.652542628156972 
1 0 0 0 1 2 2 4 1 0 0 4 0 2 0 0 0 0 0 0 1 0 0 0 1 4 0 4 1 4 0 0 1 4 0 4 0 0.8208849712325132 
2 0 0 7 2 0 4 0 0 1 0 0 2 4 0 12 13 8 4 12 2 0 0 0 0 0 4 4 0 0 0 0 2 2 4 1 2 0.5215871285638878 
---
2 15 15.64496632705923 5.0 36
1 0 0 0 1 2 2 4 1 0 0 4 0 2 0 0 0 0 0 0 1 0 0 0 1 4 0 4 1 4 0 0 1 4 0 4 0 0.8208849712325132 
0 0 0 0 0 0 0 2 0 0 0 0 0 0 0 0 0 3 8 8 0 1 0 0 0 1 1 0 0 0 0 0 0 0 0 0 1 0.9262939210726411 
0 0 0 0 2 1 0 1 4 4 0 0 0 0 0 11 0 4 1 7 0 0 1 0 2 0 0 1 0 4 0 0 2 4 0 0 5 0.652542628156972 
2 0 0 7 2 0 4 0 0 1 0 0 2 4 0 12 13 8 4 12 2 0 0 0 0 0 4 4 0 0 0 0 2 2 4 1 2 0.5215871285638878 
0 1 0 0 0 0 0 0 0 1 0 0 4 0 0 4 7 3 0 0 0 7 4 0 4 0 0 0 0 0 0 4 0 0 0 4 4 0.4890206548419209 
---
2 16 76.18718701433258 1.0 36
1 1 0 0 1 2 0 4 1 0 0 4 0 2 4 0 0 0 0 0 1 0 0 12 1 4 4 4 1 4 0 0 1 2 0 12 0 0.8121227776599363 
---
2 17 52.84061474702124 2.0 36
1 0 0 0 1 2 0 4 1 0 0 4 0 2 0 0 0 0 0 0 1 0 0 0 1 4 0 4 1 4 0 0 1 4 0 12 0 0.808434607151411 
0 0 0 0 2 1 0 1 4 4 0 0 0 4 0 11 0 4 1 7 0 0 1 0 2 0 0 1 0 4 0 0 2 4 0 0 5 0.6373117277249771 
---
2 18 15.64496632705923 5.0 36
0 0 0 0 0 0 0 2 0 0 0 0 0 0 0 0 0 3 8 8 0 1 0 0 0 1 1 0 0 0 0 0 0 0 0 0 1 0.9262939210726411 
2 0 0 7 2 0 4 0 0 1 0 0 2 4 0 12 13 8 4 12 2 0 0 0 0 0 4 4 0 0 0 0 2 2 4 1 2 0.5215871285638878 
0 0 0 0 2 1 0 1 4 4 0 0 0 0 0 11 0 4 1 7 0 0 1 0 2 0 0 1 0 4 0 0 2 4 0 0 5 0.652542628156972 
0 1 0 0 0 0 0 0 0 1 0 0 4 0 0 4 7 3 0 0 0 7 4 0 4 0 0 0 0 0 0 4 0 0 0 4 4 0.4890206548419209 
1 0 0 0 1 2 2 4 1 0 0 4 0 2 0 0 0 0 0 0 1 0 0 0 1 4 0 4 1 4 0 0 1 4 0 4 0 0.8208849712325132 
---
2 19 76.18718701433258 1.0 36
4 0 0 2 1 0 0 0 1 0 0 1 0 0 0 2 0 4 0 0 1 0 0 2 4 0 2 2 2 0 4 0 2 4 4 12 0 0.0342263581481379 
---
2 20 15.64496632705923 5.0 36
0 0 0 0 0 0 0 2 0 0 0 0 0 0 0 0 0 3 8 8 0 1 0 0 0 1 1 0 0 0 0 0 0 0 0 0 1 0.9262939210726411 
2 0 0 7 2 0 4 0 0 1 0 0 2 4 0 12 13 8 4 12 2 0 0 0 0 0 4 4 0 0 0 0 2 2 4 1 2 0.5215871285638878 
0 0 0 0 2 1 0 1 4 4 0 0 0 0 0 11 0 4 1 7 0 0 1 0 2 0 0 1 0 4 0 0 2 4 0 0 5 0.652542628156972 
0 1 0 0 0 0 0 0 0 1 0 0 4 0 0 4 7 3 0 0 0 7 4 0 4 0 0 0 0 0 0 4 0 0 0 4 4 0.4890206548419209 
1 0 0 0 1 2 2 4 1 0 0 4 0 2 0 0 0 0 0 0 1 0 0 0 1 4 0 4 1 4 0 0 1 4 0 4 0 0.8208849712325132 
---
2 21 76.18718701433258 1.0 36
1 4 0 0 1 2 0 4 1 0 0 4 0 2 4 0 0 0 0 0 1 0 0 0 1 4 2 4 1 4 0 0 2 2 0 12 0 0.7252007273784715 
---
2 22 52.84061474702124 2.0 36
1 0 0 0 1 2 0 4 1 0 0 4 0 2 0 0 0 0 0 0 1 0 0 0 1 4 0 4 1 4 0 0 1 4 0 12 0 0.808434607151411 
0 0 0 0 2 1 0 1 4 4 0 0 0 4 0 11 0 4 1 7 0 0 1 0 2 0 0 1 0 4 0 0 2 4 0 0 5 0.6373117277249771 
---
2 23 15.64496632705923 5.0 36
0 0 0 0 0 0 0 2 0 0 0 0 0 0 0 0 0 3 8 8 0 1 0 0 0 1 1 0 0 0 0 0 0 0 0 0 1 0.9262939210726411 
2 0 0 7 2 0 4 0 0 1 0 0 2 4 0 12 13 8 4 12 2 0 0 0 0 0 4 4 0 0 0 0 2 2 4 1 2 0.5215871285638878 
0 0 0 0 2 1 0 1 4 4 0 0 0 0 0 11 0 4 1 7 0 0 1 0 2 0 0 1 0 4 0 0 2 4 0 0 5 0.652542628156972 
0 1 0 0 0 0 0 0 0 1 0 0 4 0 0 4 7 3 0 0 0 7 4 0 4 0 0 0 0 0 0 4 0 0 0 4 4 0.4890206548419209 
1 0 0 0 1 2 2 4 1 0 0 4 0 2 0 0 0 0 0 0 1 0 0 0 1 4 0 4 1 4 0 0 1 4 0 4 0 0.8208849712325132 
---
2 24 76.18718701433258 1.0 36
1 4 0 0 1 2 0 4 1 0 0 4 0 2 4 0 0 0 0 0 1 0 0 0 1 4 2 4 1 4 0 0 2 2 0 12 0 0.7252007273784715 
---
2 25 15.64496632705923 5.0 36
0 0 0 0 0 0 0 2 0 0 0 0 0 0 0 0 0 3 8 8 0 1 0 0 0 1 1 0 0 0 0 0 0 0 0 0 1 0.9262939210726411 
2 0 0 7 2 0 4 0 0 1 0 0 2 4 0 12 13 8 4 12 2 0 0 0 0 0 4 4 0 0 0 0 2 2 4 1 2 0.5215871285638878 
0 0 0 0 2 1 0 1 4 4 0 0 0 0 0 11 0 4 1 7 0 0 1 0 2 0 0 1 0 4 0 0 2 4 0 0 5 0.652542628156972 
0 1 0 0 0 0 0 0 0 1 0 0 4 0 0 4 7 3 0 0 0 7 4 0 4 0 0 0 0 0 0 4 0 0 0 4 4 0.4890206548419209 
1 0 0 0 1 2 2 4 1 0 0 4 0 2 0 0 0 0 0 0 1 0 0 0 1 4 0 4 1 4 0 0 1 4 0 4 0 0.8208849712325132 
---
2 26 76.18718701433258 1.0 36
1 4 0 0 1 2 0 4 1 0 0 4 0 2 4 0 0 0 0 0 1 0 0 0 1 4 2 4 1 4 0 0 2 2 0 12 0 0.7252007273784715 
---
2 27 52.84061474702124 2.0 36
1 0 0 0 1 2 0 4 1 0 0 4 0 2 0 0 0 0 0 0 1 0 0 0 1 4 0 4 1 4 0 0 1 4 0 12 0 0.808434607151411 
0 0 0 0 2 1 0 1 4 4 0 0 0 4 0 11 0 4 1 7 0 0 1 0 2 0 0 1 0 4 0 0 2 4 0 0 5 0.6373117277249771 
---
2 28 15.64496632705923 5.0 36
0 0 0 0 0 0 0 2 0 0 0 0 0 0 0 0 0 3 8 8 0 1 0 0 0 1 1 0 0 0 0 0 0 0 0 0 1 0.9262939210726411 
2 0 0 7 2 0 4 0 0 1 0 0 2 4 0 12 13 8 4 12 2 0 0 0 0 0 4 4 0 0 0 0 2 2 4 1 2 0.5215871285638878 
0 0 0 0 2 1 0 1 4 4 0 0 0 0 0 11 0 4 1 7 0 0 1 0 2 0 0 1 0 4 0 0 2 4 0 0 5 0.652542628156972 
0 1 0 0 0 0 0 0 0 1 0 0 4 0 0 4 7 3 0 0 0 7 4 0 4 0 0 0 0 0 0 4 0 0 0 4 4 0.4890206548419209 
1 0 0 0 1 2 2 4 1 0 0 4 0 2 0 0 0 0 0 0 1 0 0 0 1 4 0 4 1 4 0 0 1 4 0 4 0 0.8208849712325132 
---
2 29 76.18718701433258 1.0 36
1 1 0 0 1 2 0 4 1 0 0 4 0 2 4 0 0 0 0 0 1 0 0 12 1 4 4 4 4 0 0 0 1 2 0 12 0 0.7353912564610878 
---
3 0 76.18718701433258 1.0 36
4 0 0 0 1 0 0 0 0 0 4 0 1 0 0 0 0 1 0 0 0 0 0 0 0 0 4 0 0 4 0 2 0 0 0 12 0 0.06737136659036547 
---
3 1 12.191331376273528 6.0 36
0 0 0 0 2 1 0 1 4 4 0 0 0 0 0 11 0 4 1 7 0 0 1 0 2 0 0 1 0 4 0 0 2 4 0 0 5 0.652542628156972 
2 0 0 7 2 0 4 0 0 1 0 0 2 4 0 12 13 8 4 12 2 0 0 0 0 0 4 4 0 0 0 0 2 2 4 1 2 0.5215871285638878 
1 4 0 0 1 2 0 0 1 0 0 0 0 2 0 4 0 0 0 4 1 0 0 0 1 4 0 4 1 4 0 0 1 4 0 12 0 0.827423506520912 
4 0 12 0 0 0 12 7 0 0 7 0 0 0 4 11 8 0 7 0 0 0 0 3 0 0 12 0 0 0 12 0 0 0 0 0 3 0.18767897203828887 
0 1 0 0 0 0 0 0 0 1 0 0 4 0 0 4 7 3 0 0 0 7 4 0 4 0 0 0 0 0 0 4 0 0 0 4 4 0.4890206548419209 
0 0 0 0 0 0 0 2 0 0 0 0 0 0 0 0 0 3 8 8 0 1 0 0 0 1 1 0 0 0 0 0 0 0 0 0 1 0.9262939210726411 
---
3 2 52.857882921775165 2.0 36
1 0 0 0 1 2 0 4 1 0 0 4 0 2 0 0 0 0 0 0 1 0 0 0 1 4 0 4 1 4 1 0 1 4 0 12 0 0.7544959389737171 
0 0 0 0 2 1 0 1 4 4 0 0 0 0 0 11 0 4 1 7 0 0 1 0 2 0 0 1 0 4 0 0 2 4 4 0 5 0.5586737826264669 
---
3 3 52.857882921775165 2.0 36
1 0 0 0 1 2 0 4 1 0 0 4 0 2 0 0 0 0 0 0 1 0 0 0 1 4 0 4 1 4 1 0 1 4 0 12 0 0.7544959389737171 
0 0 0 0 2 1 0 1 4 4 0 0 0 0 0 11 0 4 1 7 0 0 1 0 2 0 0 1 0 4 0 0 2 4 4 0 5 0.5586737826264669 
---
3 4 33.396649974097734 3.0 36
1 0 0 0 1 2 0 4 1 0 0 4 0 2 0 0 0 0 4 0 1 0 0 0 1 4 0 4 1 4 0 0 1 4 0 12 0 0.8682503840996667 
2 0 0 7 2 0 4 0 0 1 0 0 2 4 0 12 13 8 4 12 2 0 0 0 0 0 4 4 0 0 0 0 2 2 4 1 2 0.5215871285638878 
0 0 0 0 2 1 0 1 4 4 0 0 0 0 0 11 0 4 1 7 0 0 1 0 2 0 0 1 0 4 0 0 2 4 4 0 5 0.5586737826264669 
---
3 5 33.431186323605594 3.0 36
1 4 0 0 1 2 0 0 1 0 0 0 0 2 0 4 0 0 0 4 1 0 0 0 1 4 0 4 1 4 0 0 1 4 0 12 0 0.827423506520912 
0 0 0 0 2 1 0 1 4 4 0 0 0 0 0 11 0 4 1 7 0 0 1 0 2 0 0 1 0 4 0 0 2 4 4 0 5 0.5586737826264669 
2 0 0 7 2 0 4 0 0 1 0 0 2 4 0 12 13 8 4 12 2 0 0 0 0 0 4 4 0 0 0 0 2 2 4 1 2 0.5215871285638878 
---
3 6 23.035745121740632 4.0 36
0 0 0 0 0 0 0 2 0 0 0 0 0 0 0 0 0 3 8 8 0 1 0 0 0 1 1 0 0 0 0 0 0 0 0 0 1 0.9262939210726411 
0 0 0 0 2 1 0 1 4 4 0 0 0 0 0 11 0 4 1 7 0 0 1 0 2 0 0 1 0 4 0 0 2 4 4 0 5 0.5586737826264669 
1 0 0 0 1 2 0 4 1 0 0 4 0 2 0 0 0 0 4 0 1 0 0 0 1 4 0 4 1 4 0 0 1 4 0 12 0 0.8682503840996667 
2 0 0 7 2 0 4 0 0 1 0 0 2 4 0 12 13 8 4 12 2 0 0 0 0 0 4 4 0 0 0 0 2 2 4 1 2 0.5215871285638878 
---
3 7 23.035745121740632 4.0 36
2 0 0 7 2 0 4 0 0 1 0 0 2 4 0 12 13 8 4 12 2 0 0 0 0 0 4 4 0 0 0 0 2 2 4 1 2 0.5215871285638878 
0 0 0 0 0 0 0 2 0 0 0 0 0 0 0 0 0 3 8 8 0 1 0 0 0 1 1 0 0 0 0 0 0 0 0 0 1 0.9262939210726411 
1 0 0 0 1 2 0 4 1 0 0 4 0 2 0 0 0 0 4 0 1 0 0 0 1 4 0 4 1 4 0 0 1 4 0 12 0 0.8682503840996667 
0 0 0 0 2 1 0 1 4 4 0 0 0 0 0 11 0 4 1 7 0 0 1 0 2 0 0 1 0 4 0 0 2 4 4 0 5 0.5586737826264669 
---
3 8 15.541357278535658 5.0 36
0 1 0 0 0 0 0 0 0 1 0 0 4 0 0 4 7 3 0 0 0 7 4 0 4 0 0 0 0 0 0 4 0 0 0 4 4 0.4890206548419209 
1 0 0 0 1 2 0 4 1 0 0 4 0 2 0 0 0 0 0 0 1 0 0 0 1 4 0 4 1 4 0 0 1 4 0 12 0 0.808434607151411 
0 0 0 0 2 1 0 1 4 4 0 0 0 0 0 11 0 4 1 7 0 0 1 0 2 0 0 1 0 4 0 0 2 4 0 0 5 0.6264208760187066 
0 0 0 0 0 0 0 2 0 0 0 0 0 0 0 0 0 3 8 8 0 1 0 0 0 1 1 0 0 0 0 0 0 0 0 0 1 0.9262939210726411 
2 0 0 7 2 0 4 0 0 1 0 0 2 4 0 12 13 8 4 12 2 0 0 0 0 0 4 4 0 0 0 0 2 2 4 1 2 0.5215871285638878 
---
3 9 76.18718701433258 1.0 36
1 0 0 0 1 2 0 4 1 0 0 4 0 2 0 0 0 0 0 0 1 0 0 0 1 4 0 4 1 4 1 0 1 4 0 12 0 0.7544959389737171 
---
3 10 52.84061474702124 2.0 36
0 0 0 0 2 1 0 1 4 4 0 0 0 0 0 11 0 4 1 7 0 0 1 0 2 0 0 1 0 4 0 0 2 4 4 0 5 0.5586737826264669 
1 0 0 0 1 2 0 4 1 0 0 4 0 2 0 0 0 0 4 0 1 0 0 0 1 4 0 4 1 4 0 0 1 4 0 12 0 0.8682503840996667 
---
3 11 33.431186323605594 3.0 36
0 0 0 0 2 1 0 1 4 4 0 0 0 0 0 11 0 4 1 7 0 0 1 0 2 0 0 1 0 4 0 0 2 4 4 0 5 0.5586737826264669 
2 0 0 7 2 0 4 0 0 1 0 0 2 4 0 12 13 8 4 12 2 0 0 0 0 0 4 4 0 0 0 0 2 2 4 1 2 0.5215871285638878 
1 4 0 0 1 2 0 0 1 0 0 0 0 2 0 4 0 0 0 4 1 0 0 0 1 4 0 4 1 4 0 0 1 4 0 12 0 0.827423506520912 
---
3 12 23.035745121740632 4.0 36
0 0 0 0 0 0 0 2 0 0 0 0 0 0 0 0 0 3 8 8 0 1 0 0 0 1 1 0 0 0 0 0 0 0 0 0 1 0.9262939210726411 
0 0 0 0 2 1 0 1 4 4 0 0 0 0 0 11 0 4 1 7 0 0 1 0 2 0 0 1 0 4 0 0 2 4 4 0 5 0.5586737826264669 
1 0 0 0 1 2 0 4 1 0 0 4 0 2 0 0 0 0 4 0 1 0 0 0 1 4 0 4 1 4 0 0 1 4 0 12 0 0.8682503840996667 
2 0 0 7 2 0 4 0 0 1 0 0 2 4 0 12 13 8 4 12 2 0 0 0 0 0 4 4 0 0 0 0 2 2 4 1 2 0.5215871285638878 
---
3 13 76.18718701433258 1.0 36
1 0 0 0 1 2 0 4 1 0 0 4 0 2 0 0 0 0 0 0 1 0 0 0 1 4 0 4 1 4 1 0 1 4 0 12 0 0.7544959389737171 
---
3 14 33.431186323605594 3.0 36
0 0 0 0 2 1 0 1 4 4 0 0 0 0 0 11 0 4 1 7 0 0 1 0 2 0 0 1 0 4 0 0 2 4 4 0 5 0.5586737826264669 
2 0 0 7 2 0 4 0 0 1 0 0 2 4 0 12 13 8 4 12 2 0 0 0 0 0 4 4 0 0 0 0 2 2 4 1 2 0.5215871285638878 
1 4 0 0 1 2 0 0 1 0 0 0 0 2 0 4 0 0 0 4 1 0 0 0 1 4 0 4 1 4 0 0 1 4 0 12 0 0.827423506520912 
---
3 15 23.035745121740632 4.0 36
0 0 0 0 0 0 0 2 0 0 0 0 0 0 0 0 0 3 8 8 0 1 0 0 0 1 1 0 0 0 0 0 0 0 0 0 1 0.9262939210726411 
0 0 0 0 2 1 0 1 4 4 0 0 0 0 0 11 0 4 1 7 0 0 1 0 2 0 0 1 0 4 0 0 2 4 4 0 5 0.5586737826264669 
1 0 0 0 1 2 0 4 1 0 0 4 0 2 0 0 0 0 4 0 1 0 0 0 1 4 0 4 1 4 0 0 1 4 0 12 0 0.8682503840996667 
2 0 0 7 2 0 4 0 0 1 0 0 2 4 0 12 13 8 4 12 2 0 0 0 0 0 4 4 0 0 0 0 2 2 4 1 2 0.5215871285638878 
---
3 16 15.541357278535658 5.0 36
1 0 0 0 1 2 0 4 1 0 0 4 0 2 0 0 0 0 0 0 1 0 0 0 1 4 0 4 1 4 0 0 1 4 0 12 0 0.808434607151411 
2 0 0 7 2 0 4 0 0 1 0 0 2 4 0 12 13 8 4 12 2 0 0 0 0 0 4 4 0 0 0 0 2 2 4 1 2 0.5215871285638878 
0 0 0 0 2 1 0 1 4 4 0 0 0 0 0 11 0 4 1 7 0 0 1 0 2 0 0 1 0 4 0 0 2 4 0 0 5 0.6264208760187066 
0 0 0 0 0 0 0 2 0 0 0 0 0 0 0 0 0 3 8 8 0 1 0 0 0 1 1 0 0 0 0 0 0 0 0 0 1 0.9262939210726411 
0 1 0 0 0 0 0 0 0 1 0 0 4 0 0 4 7 3 0 0 0 7 4 0 4 0 0 0 0 0 0 4 0 0 0 4 4 0.4890206548419209 
---
3 17 76.18718701433258 1.0 36
1 0 0 0 1 2 0 4 1 0 0 0 0 2 0 0 0 0 4 0 1 0 0 0 1 4 0 4 1 4 0 0 1 4 0 12 0 0.7475262890987256 
---
3 18 52.84061474702124 2.0 36
0 0 0 0 2 1 0 1 4 4 0 0 0 0 0 11 0 4 1 7 0 0 1 0 2 0 0 1 0 4 0 0 2 4 4 0 5 0.5586737826264669 
1 0 0 0 1 2 0 4 1 0 0 4 0 2 0 0 0 0 4 0 1 0 0 0 1 4 0 4 1 4 0 0 1 4 0 12 0 0.8682503840996667 
---
3 19 33.431186323605594 3.0 36
0 0 0 0 2 1 0 1 4 4 0 0 0 0 0 11 0 4 1 7 0 0 1 0 2 0 0 1 0 4 0 0 2 4 4 0 5 0.5586737826264669 
2 0 0 7 2 0 4 0 0 1 0 0 2 4 0 12 13 8 4 12 2 0 0 0 0 0 4 4 0 0 0 0 2 2 4 1 2 0.5215871285638878 
1 4 0 0 1 2 0 0 1 0 0 0 0 2 0 4 0 0 0 4 1 0 0 0 1 4 0 4 1 4 0 0 1 4 0 12 0 0.827423506520912 
---
3 20 23.035745121740632 4.0 36
2 0 0 7 2 0 4 0 0 1 0 0 2 4 0 12 13 8 4 12 2 0 0 0 0 0 4 4 0 0 0 0 2 2 4 1 2 0.5215871285638878 
0 0 0 0 0 0 0 2 0 0 0 0 0 0 0 0 0 3 8 8 0 1 0 0 0 1 1 0 0 0 0 0 0 0 0 0 1 0.9262939210726411 
0 0 0 0 2 1 0 1 4 4 0 0 0 0 0 11 0 4 1 7 0 0 1 0 2 0 0 1 0 4 0 0 2 4 4 0 5 0.5586737826264669 
1 0 0 0 1 2 0 4 1 0 0 4 0 2 0 0 0 0 4 0 1 0 0 0 1 4 0 4 1 4 0 0 1 4 0 12 0 0.8682503840996667 
---
3 21 76.18718701433258 1.0 36
1 0 0 0 1 2 0 4 1 0 0 4 0 2 0 0 0 0 0 0 1 0 0 0 1 4 0 4 1 4 1 0 1 4 0 12 0 0.7544959389737171 
---
3 22 52.94422379554481 2.0 36
0 0 0 0 2 1 0 1 4 4 0 0 0 0 0 11 0 4 1 7 0 0 1 0 2 0 0 1 0 4 2 0 2 4 4 0 5 0.45202362999150947 
1 0 0 0 1 2 0 0 1 0 0 4 0 2 0 7 0 0 0 4 1 0 0 0 1 4 0 4 1 4 0 1 1 2 0 12 0 0.79189335307747 
---
3 23 33.396649974097734 3.0 36
1 0 0 0 1 2 0 4 1 0 0 4 0 2 0 0 0 0 4 0 1 0 0 0 1 4 0 4 1 4 0 0 1 4 0 12 0 0.8682503840996667 
2 0 0 7 2 0 4 0 0 1 0 0 2 4 0 12 13 8 4 12 2 0 0 0 0 0 4 4 0 0 0 0 2 2 4 1 2 0.5215871285638878 
0 0 0 0 2 1 0 1 4 4 0 0 0 0 0 11 0 4 1 7 0 0 1 0 2 0 0 1 0 4 0 0 2 4 4 0 5 0.5586737826264669 
---
3 24 23.035745121740632 4.0 36
0 0 0 0 0 0 0 2 0 0 0 0 0 0 0 0 0 3 8 8 0 1 0 0 0 1 1 0 0 0 0 0 0 0 0 0 1 0.9262939210726411 
0 0 0 0 2 1 0 1 4 4 0 0 0 0 0 11 0 4 1 7 0 0 1 0 2 0 0 1 0 4 0 0 2 4 4 0 5 0.5586737826264669 
1 0 0 0 1 2 0 4 1 0 0 4 0 2 0 0 0 0 4 0 1 0 0 0 1 4 0 4 1 4 0 0 1 4 0 12 0 0.8682503840996667 
2 0 0 7 2 0 4 0 0 1 0 0 2 4 0 12 13 8 4 12 2 0 0 0 0 0 4 4 0 0 0 0 2 2 4 1 2 0.5215871285638878 
---
3 25 76.18718701433258 1.0 36
1 0 0 0 1 2 0 4 1 0 0 2 0 2 0 0 0 0 4 0 1 0 0 0 1 4 0 4 1 4 0 0 1 4 0 12 0 0.7631043107270654 
---
3 26 52.84061474702124 2.0 36
1 4 0 0 1 2 0 0 1 0 0 0 0 2 0 4 0 0 0 1 1 0 0 0 1 4 0 4 1 4 0 0 1 4 0 12 0 0.7285871067794398 
0 0 0 0 2 1 0 1 4 4 0 0 0 0 0 11 0 4 1 7 0 0 1 0 2 0 0 1 0 4 0 0 2 4 4 0 5 0.5586737826264669 
---
3 27 33.431186323605594 3.0 36
0 0 0 0 2 1 0 1 4 4 0 0 0 0 0 11 0 4 1 7 0 0 1 0 2 0 0 1 0 4 0 0 2 4 4 0 5 0.5586737826264669 
2 0 0 7 2 0 4 0 0 1 0 0 2 4 0 12 13 8 4 12 2 0 0 0 0 0 4 4 0 0 0 0 2 2 4 1 2 0.5215871285638878 
1 4 0 0 1 2 0 0 1 0 0 0 0 2 0 4 0 0 0 4 1 0 0 0 1 4 0 4 1 4 0 0 1 4 0 12 0 0.827423506520912 
---
3 28 76.18718701433258 1.0 36
1 0 0 0 1 2 0 4 1 0 0 4 0 2 0 0 0 0 0 0 1 0 0 0 1 4 0 4 1 4 1 0 1 4 0 12 0 0.7544959389737171 
---
3 29 52.857882921775165 2.0 36
1 0 0 0 1 2 0 4 1 0 0 4 0 2 0 0 0 0 0 0 1 0 0 0 1 4 0 4 1 4 1 0 1 4 0 12 0 0.7544959389737171 
0 0 0 0 2 1 0 1 4 4 0 0 0 0 0 11 0 4 1 7 0 0 1 0 2 0 0 1 0 4 0 0 2 4 4 0 5 0.5586737826264669 
---
3 30 33.431186323605594 3.0 36
1 4 0 0 1 2 0 0 1 0 0 0 0 2 0 4 0 0 0 4 1 0 0 0 1 4 0 4 1 4 0 0 1 4 0 12 0 0.827423506520912 
0 0 0 0 2 1 0 1 4 4 0 0 0 0 0 11 0 4 1 7 0 0 1 0 2 0 0 1 0 4 0 0 2 4 4 0 5 0.5586737826264669 
2 0 0 7 2 0 4 0 0 1 0 0 2 4 0 12 13 8 4 12 2 0 0 0 0 0 4 4 0 0 0 0 2 2 4 1 2 0.5215871285638878 
---
3 31 23.035745121740632 4.0 36
0 0 0 0 0 0 0 2 0 0 0 0 0 0 0 0 0 3 8 8 0 1 0 0 0 1 1 0 0 0 0 0 0 0 0 0 1 0.9262939210726411 
0 0 0 0 2 1 0 1 4 4 0 0 0 0 0 11 0 4 1 7 0 0 1 0 2 0 0 1 0 4 0 0 2 4 4 0 5 0.5586737826264669 
1 0 0 0 1 2 0 4 1 0 0 4 0 2 0 0 0 0 4 0 1 0 0 0 1 4 0 4 1 4 0 0 1 4 0 12 0 0.8682503840996667 
2 0 0 7 2 0 4 0 0 1 0 0 2 4 0 12 13 8 4 12 2 0 0 0 0 0 4 4 0 0 0 0 2 2 4 1 2 0.5215871285638878 
---
3 32 15.541357278535658 5.0 36
1 0 0 0 1 2 0 4 1 0 0 4 0 2 0 0 0 0 0 0 1 0 0 0 1 4 0 4 1 4 0 0 1 4 0 12 0 0.808434607151411 
2 0 0 7 2 0 4 0 0 1 0 0 2 4 0 12 13 8 4 12 2 0 0 0 0 0 4 4 0 0 0 0 2 2 4 1 2 0.5215871285638878 
0 0 0 0 2 1 0 1 4 4 0 0 0 0 0 11 0 4 1 7 0 0 1 0 2 0 0 1 0 4 0 0 2 4 0 0 5 0.6264208760187066 
0 0 0 0 0 0 0 2 0 0 0 0 0 0 0 0 0 3 8 8 0 1 0 0 0 1 1 0 0 0 0 0 0 0 0 0 1 0.9262939210726411 
0 1 0 0 0 0 0 0 0 1 0 0 4 0 0 4 7 3 0 0 0 7 4 0 4 0 0 0 0 0 0 4 0 0 0 4 4 0.4890206548419209 
---
3 33 76.18718701433258 1.0 36
4 0 0 0 1 0 0 0 0 0 4 0 1 0 0 0 0 1 0 0 0 0 0 0 0 0 4 0 0 4 0 2 0 0 0 12 0 0.06737136659036547 
---
3 34 52.89241927128302 2.0 36
0 0 0 0 2 1 0 1 4 4 0 0 0 0 0 11 0 4 1 7 0 0 1 0 2 0 0 1 0 4 0 0 2 4 0 0 5 0.6264208760187066 
1 0 0 0 1 2 0 4 1 0 0 4 0 2 0 0 0 0 0 0 1 0 0 0 1 4 0 4 1 4 1 0 1 4 0 12 0 0.7544959389737171 
---
4 0 76.18718701433258 1.0 36
0 0 2 0 0 0 0 0 1 0 0 0 0 4 0 0 0 0 0 12 0 0 0 0 0 0 0 0 0 0 0 0 0 0 0 0 0 0.11156265577210744 
---
4 1 12.191331376273528 6.0 36
1 4 0 0 1 2 0 0 1 0 0 0 0 2 0 4 0 0 0 4 1 0 0 0 1 4 0 4 1 4 0 0 1 4 0 12 0 0.827423506520912 
0 1 0 0 0 0 0 0 0 1 0 0 4 0 0 4 7 3 0 0 0 7 4 0 4 0 0 0 0 0 0 4 0 0 0 4 4 0.4890206548419209 
4 0 12 0 0 0 12 7 0 0 7 0 0 0 4 11 8 0 7 0 0 0 0 3 0 0 12 0 0 0 12 0 0 0 0 0 3 0.18767897203828887 
0 0 0 0 0 0 0 2 0 0 0 0 0 0 0 0 0 3 8 8 0 1 0 0 0 1 1 0 0 0 0 0 0 0 0 0 1 0.9262939210726411 
0 0 0 0 2 1 0 1 4 4 0 0 0 0 0 11 0 4 1 7 0 0 1 0 2 0 0 1 0 4 0 0 2 4 0 0 5 0.652542628156972 
2 0 0 7 2 0 4 0 0 1 0 0 2 4 0 12 13 8 4 12 2 0 0 0 0 0 4 4 0 0 0 0 2 2 4 1 2 0.5215871285638878 
---
4 2 52.94422379554481 2.0 36
0 0 0 0 2 1 0 1 4 4 0 0 0 0 0 11 0 4 1 7 4 0 1 0 2 0 0 1 0 4 0 0 2 4 0 0 5 0.5699845072053027 
1 4 0 0 1 2 0 0 1 0 0 0 0 2 0 4 0 0 0 4 1 0 0 0 1 4 0 4 1 4 0 0 1 4 0 12 0 0.827423506520912 
---
4 3 52.909687446036955 2.0 36
0 0 0 0 2 1 0 1 4 4 0 0 0 0 0 11 0 4 1 7 0 0 1 0 2 0 0 1 0 4 0 0 2 4 0 0 5 0.652542628156972 
1 4 0 0 1 2 0 0 1 0 0 0 0 4 0 4 0 0 0 4 1 0 0 0 1 4 0 4 1 4 0 0 1 4 0 12 0 0.8641386592353051 
---
4 4 33.448454498359524 3.0 36
0 0 0 0 2 1 0 1 4 4 0 0 0 0 0 11 0 4 1 7 0 0 1 7 2 0 0 1 0 4 0 0 2 4 0 0 5 0.5028132654424092 
1 4 0 0 1 2 0 0 1 0 0 0 0 2 0 4 0 0 0 4 1 0 0 0 1 4 0 4 1 4 0 0 1 4 0 12 0 0.827423506520912 
2 0 0 7 2 0 4 0 0 1 0 0 2 4 0 12 13 8 4 12 2 0 0 0 0 0 4 4 0 0 0 0 2 2 4 1 2 0.5215871285638878 
---
4 5 33.448454498359524 3.0 36
0 0 0 0 2 1 0 1 4 4 0 0 0 0 0 11 0 4 1 7 0 0 1 7 2 0 0 1 0 4 0 0 2 4 0 0 5 0.5028132654424092 
1 4 0 0 1 2 0 0 1 0 0 0 0 2 0 4 0 0 0 4 1 0 0 0 1 4 0 4 1 4 0 0 1 4 0 12 0 0.827423506520912 
2 0 0 7 2 0 4 0 0 1 0 0 2 4 0 12 13 8 4 12 2 0 0 0 0 0 4 4 0 0 0 0 2 2 4 1 2 0.5215871285638878 
---
4 6 22.983940597478846 4.0 36
1 4 0 0 1 2 0 0 1 0 0 0 0 2 0 4 0 0 0 4 1 0 0 0 1 4 0 4 1 4 0 0 1 4 0 12 0 0.827423506520912 
2 0 0 7 2 0 4 0 0 1 0 0 2 4 0 12 13 8 4 12 2 0 0 0 0 0 4 4 0 0 0 0 2 2 4 1 2 0.5215871285638878 
0 0 0 0 0 0 0 2 0 0 0 0 0 0 0 0 0 3 8 8 0 1 0 0 0 1 1 0 0 0 0 0 0 0 0 0 1 0.9262939210726411 
0 0 0 0 2 1 0 1 4 4 0 0 0 0 0 11 0 4 1 7 0 0 1 0 2 0 0 1 0 4 0 0 2 4 0 0 5 0.652542628156972 
---
4 7 22.983940597478846 4.0 36
2 0 0 7 2 0 4 0 0 1 0 0 2 4 0 12 13 8 4 12 2 0 0 0 0 0 4 4 0 0 0 0 2 2 4 1 2 0.5215871285638878 
0 0 0 0 2 1 0 1 4 4 0 0 0 0 0 11 0 4 1 7 0 0 1 0 2 0 0 1 0 4 0 0 2 4 0 0 5 0.652542628156972 
0 0 0 0 0 0 0 2 0 0 0 0 0 0 0 0 0 3 8 8 0 1 0 0 0 1 1 0 0 0 0 0 0 0 0 0 1 0.9262939210726411 
1 4 0 0 1 2 0 0 1 0 0 0 0 2 0 4 0 0 0 4 1 0 0 0 1 4 0 4 1 4 0 0 1 4 0 12 0 0.827423506520912 
---
4 8 15.52408910378173 5.0 36
0 0 0 0 2 1 0 1 4 4 0 0 0 0 0 11 0 4 1 7 0 0 1 0 2 0 0 1 0 4 0 0 2 4 0 0 5 0.652542628156972 
2 0 0 7 2 0 4 0 0 1 0 0 2 4 0 12 13 8 4 12 2 0 0 0 0 0 4 4 0 0 0 0 2 2 4 1 2 0.5215871285638878 
1 4 0 0 1 2 0 0 1 0 0 0 0 2 0 4 0 0 0 4 1 0 0 0 1 4 0 4 1 4 0 0 1 4 0 12 0 0.827423506520912 
0 0 0 0 0 0 0 2 0 0 0 0 0 0 0 0 0 3 8 8 0 1 0 0 0 1 1 0 0 0 0 0 0 0 0 0 1 0.9262939210726411 
0 1 0 0 0 0 0 0 0 1 0 0 4 0 0 4 7 3 0 0 0 7 4 0 4 0 0 0 0 0 0 4 0 0 0 4 4 0.4890206548419209 
---
4 9 15.52408910378173 5.0 36
0 0 0 0 2 1 0 1 4 4 0 0 0 0 0 11 0 4 1 7 0 0 1 0 2 0 0 1 0 4 0 0 2 4 0 0 5 0.652542628156972 
2 0 0 7 2 0 4 0 0 1 0 0 2 4 0 12 13 8 4 12 2 0 0 0 0 0 4 4 0 0 0 0 2 2 4 1 2 0.5215871285638878 
1 4 0 0 1 2 0 0 1 0 0 0 0 2 0 4 0 0 0 4 1 0 0 0 1 4 0 4 1 4 0 0 1 4 0 12 0 0.827423506520912 
0 0 0 0 0 0 0 2 0 0 0 0 0 0 0 0 0 3 8 8 0 1 0 0 0 1 1 0 0 0 0 0 0 0 0 0 1 0.9262939210726411 
0 1 0 0 0 0 0 0 0 1 0 0 4 0 0 4 7 3 0 0 0 7 4 0 4 0 0 0 0 0 0 4 0 0 0 4 4 0.4890206548419209 
---
4 10 76.18718701433258 1.0 36
0 0 2 0 0 0 0 0 1 0 0 0 0 4 0 0 0 0 0 12 0 0 0 0 0 0 0 0 0 0 0 0 4 0 0 0 0 0.15771061109689966 
---
4 11 12.191331376273528 6.0 36
1 4 0 0 1 2 0 0 1 0 0 0 0 2 0 4 0 0 0 4 1 0 0 0 1 4 0 4 1 4 0 0 1 4 0 12 0 0.827423506520912 
0 1 0 0 0 0 0 0 0 1 0 0 4 0 0 4 7 3 0 0 0 7 4 0 4 0 0 0 0 0 0 4 0 0 0 4 4 0.4890206548419209 
4 0 12 0 0 0 12 7 0 0 7 0 0 0 4 11 8 0 7 0 0 0 0 3 0 0 12 0 0 0 12 0 0 0 0 0 3 0.18767897203828887 
0 0 0 0 0 0 0 2 0 0 0 0 0 0 0 0 0 3 8 8 0 1 0 0 0 1 1 0 0 0 0 0 0 0 0 0 1 0.9262939210726411 
0 0 0 0 2 1 0 1 4 4 0 0 0 0 0 11 0 4 1 7 0 0 1 0 2 0 0 1 0 4 0 0 2 4 0 0 5 0.652542628156972 
2 0 0 7 2 0 4 0 0 1 0 0 2 4 0 12 13 8 4 12 2 0 0 0 0 0 4 4 0 0 0 0 2 2 4 1 2 0.5215871285638878 
---
4 12 52.84061474702124 2.0 36
0 0 0 0 2 1 0 1 4 4 0 0 0 0 0 11 0 4 1 7 0 0 1 0 2 0 0 1 0 4 0 0 2 4 0 0 5 0.652542628156972 
1 4 0 0 1 2 0 0 1 0 0 0 0 2 0 4 0 0 0 4 1 0 0 0 1 4 0 4 1 4 0 0 1 4 0 12 0 0.827423506520912 
---
4 13 22.983940597478846 4.0 36
2 0 0 7 2 0 4 0 0 1 0 0 2 4 0 12 13 8 4 12 2 0 0 0 0 0 4 4 0 0 0 0 2 2 4 1 2 0.5215871285638878 
0 0 0 0 2 1 0 1 4 4 0 0 0 0 0 11 0 4 1 7 0 0 1 0 2 0 0 1 0 4 0 0 2 4 0 0 5 0.652542628156972 
0 0 0 0 0 0 0 2 0 0 0 0 0 0 0 0 0 3 8 8 0 1 0 0 0 1 1 0 0 0 0 0 0 0 0 0 1 0.9262939210726411 
1 4 0 0 1 2 0 0 1 0 0 0 0 2 0 4 0 0 0 4 1 0 0 0 1 4 0 4 1 4 0 0 1 4 0 12 0 0.827423506520912 
---
4 14 15.52408910378173 5.0 36
2 0 0 7 2 0 4 0 0 1 0 0 2 4 0 12 13 8 4 12 2 0 0 0 0 0 4 4 0 0 0 0 2 2 4 1 2 0.5215871285638878 
0 0 0 0 2 1 0 1 4 4 0 0 0 0 0 11 0 4 1 7 0 0 1 0 2 0 0 1 0 4 0 0 2 4 0 0 5 0.652542628156972 
1 4 0 0 1 2 0 0 1 0 0 0 0 2 0 4 0 0 0 4 1 0 0 0 1 4 0 4 1 4 0 0 1 4 0 12 0 0.827423506520912 
0 0 0 0 0 0 0 2 0 0 0 0 0 0 0 0 0 3 8 8 0 1 0 0 0 1 1 0 0 0 0 0 0 0 0 0 1 0.9262939210726411 
0 1 0 0 0 0 0 0 0 1 0 0 4 0 0 4 7 3 0 0 0 7 4 0 4 0 0 0 0 0 0 4 0 0 0 4 4 0.4890206548419209 
---
4 15 76.18718701433258 1.0 36
0 0 2 0 0 0 0 0 1 0 0 0 0 4 0 0 0 0 0 12 0 0 0 0 0 0 0 0 0 0 0 0 4 0 0 0 0 0.15771061109689966 
---
4 16 12.191331376273528 6.0 36
1 4 0 0 1 2 0 0 1 0 0 0 0 2 0 4 0 0 0 4 1 0 0 0 1 4 0 4 1 4 0 0 1 4 0 12 0 0.827423506520912 
0 1 0 0 0 0 0 0 0 1 0 0 4 0 0 4 7 3 0 0 0 7 4 0 4 0 0 0 0 0 0 4 0 0 0 4 4 0.4890206548419209 
4 0 12 0 0 0 12 7 0 0 7 0 0 0 4 11 8 0 7 0 0 0 0 3 0 0 12 0 0 0 12 0 0 0 0 0 3 0.18767897203828887 
0 0 0 0 0 0 0 2 0 0 0 0 0 0 0 0 0 3 8 8 0 1 0 0 0 1 1 0 0 0 0 0 0 0 0 0 1 0.9262939210726411 
0 0 0 0 2 1 0 1 4 4 0 0 0 0 0 11 0 4 1 7 0 0 1 0 2 0 0 1 0 4 0 0 2 4 0 0 5 0.652542628156972 
2 0 0 7 2 0 4 0 0 1 0 0 2 4 0 12 13 8 4 12 2 0 0 0 0 0 4 4 0 0 0 0 2 2 4 1 2 0.5215871285638878 
---
4 17 52.94422379554481 2.0 36
1 4 0 0 1 2 0 0 1 0 0 0 0 2 0 4 0 0 0 4 1 0 0 0 1 4 0 4 1 4 0 0 1 4 0 12 0 0.827423506520912 
0 0 0 0 2 1 0 1 4 4 0 0 0 0 0 11 0 4 1 7 4 0 1 0 2 0 0 1 0 4 0 0 2 4 0 0 5 0.5699845072053027 
---
4 18 22.983940597478846 4.0 36
2 0 0 7 2 0 4 0 0 1 0 0 2 4 0 12 13 8 4 12 2 0 0 0 0 0 4 4 0 0 0 0 2 2 4 1 2 0.5215871285638878 
0 0 0 0 2 1 0 1 4 4 0 0 0 0 0 11 0 4 1 7 0 0 1 0 2 0 0 1 0 4 0 0 2 4 0 0 5 0.652542628156972 
0 0 0 0 0 0 0 2 0 0 0 0 0 0 0 0 0 3 8 8 0 1 0 0 0 1 1 0 0 0 0 0 0 0 0 0 1 0.9262939210726411 
1 4 0 0 1 2 0 0 1 0 0 0 0 2 0 4 0 0 0 4 1 0 0 0 1 4 0 4 1 4 0 0 1 4 0 12 0 0.827423506520912 
---
4 19 15.52408910378173 5.0 36
1 4 0 0 1 2 0 0 1 0 0 0 0 2 0 4 0 0 0 4 1 0 0 0 1 4 0 4 1 4 0 0 1 4 0 12 0 0.827423506520912 
0 0 0 0 2 1 0 1 4 4 0 0 0 0 0 11 0 4 1 7 0 0 1 0 2 0 0 1 0 4 0 0 2 4 0 0 5 0.652542628156972 
2 0 0 7 2 0 4 0 0 1 0 0 2 4 0 12 13 8 4 12 2 0 0 0 0 0 4 4 0 0 0 0 2 2 4 1 2 0.5215871285638878 
0 0 0 0 0 0 0 2 0 0 0 0 0 0 0 0 0 3 8 8 0 1 0 0 0 1 1 0 0 0 0 0 0 0 0 0 1 0.9262939210726411 
0 1 0 0 0 0 0 0 0 1 0 0 4 0 0 4 7 3 0 0 0 7 4 0 4 0 0 0 0 0 0 4 0 0 0 4 4 0.4890206548419209 
---
4 20 76.18718701433258 1.0 36
1 4 0 0 1 2 0 0 1 0 0 0 0 2 0 4 0 0 0 4 1 0 0 0 1 4 0 4 1 4 0 0 1 4 0 12 0 0.827423506520912 
---
4 21 12.191331376273528 6.0 36
1 4 0 0 1 2 0 0 1 0 0 0 0 2 0 4 0 0 0 4 1 0 0 0 1 4 0 4 1 4 0 0 1 4 0 12 0 0.827423506520912 
0 0 0 0 2 1 0 1 4 4 0 0 0 0 0 11 0 4 1 7 0 0 1 0 2 0 0 1 0 4 0 0 2 4 0 0 5 0.652542628156972 
0 1 0 0 0 0 0 0 0 1 0 0 4 0 0 4 7 3 0 0 0 7 4 0 4 0 0 0 0 0 0 4 0 0 0 4 4 0.4890206548419209 
0 0 0 0 0 0 0 2 0 0 0 0 0 0 0 0 0 3 8 8 0 1 0 0 0 1 1 0 0 0 0 0 0 0 0 0 1 0.9262939210726411 
2 0 0 7 2 0 4 0 0 1 0 0 2 4 0 12 13 8 4 12 2 0 0 0 0 0 4 4 0 0 0 0 2 2 4 1 2 0.5215871285638878 
4 0 12 0 0 0 12 7 0 0 7 0 0 0 4 11 8 0 7 0 0 0 0 3 0 0 12 0 0 0 12 0 0 0 0 0 3 0.18767897203828887 
---
4 22 52.84061474702124 2.0 36
1 4 0 0 1 2 0 0 1 0 0 0 0 2 0 4 0 0 0 4 1 0 0 0 1 4 0 4 1 4 0 0 1 4 0 12 0 0.827423506520912 
0 0 0 0 2 1 0 1 4 4 0 0 0 0 0 11 0 4 1 7 0 0 1 0 2 0 0 1 0 4 0 0 2 4 0 0 5 0.652542628156972 
---
4 23 22.983940597478846 4.0 36
0 0 0 0 2 1 0 1 4 4 0 0 0 0 0 11 0 4 1 7 0 0 1 0 2 0 0 1 0 4 0 0 2 4 0 0 5 0.652542628156972 
1 4 0 0 1 2 0 0 1 0 0 0 0 2 0 4 0 0 0 4 1 0 0 0 1 4 0 4 1 4 0 0 1 4 0 12 0 0.827423506520912 
2 0 0 7 2 0 4 0 0 1 0 0 2 4 0 12 13 8 4 12 2 0 0 0 0 0 4 4 0 0 0 0 2 2 4 1 2 0.5215871285638878 
0 0 0 0 0 0 0 2 0 0 0 0 0 0 0 0 0 3 8 8 0 1 0 0 0 1 1 0 0 0 0 0 0 0 0 0 1 0.9262939210726411 
---
4 24 15.52408910378173 5.0 36
0 0 0 0 2 1 0 1 4 4 0 0 0 0 0 11 0 4 1 7 0 0 1 0 2 0 0 1 0 4 0 0 2 4 0 0 5 0.652542628156972 
2 0 0 7 2 0 4 0 0 1 0 0 2 4 0 12 13 8 4 12 2 0 0 0 0 0 4 4 0 0 0 0 2 2 4 1 2 0.5215871285638878 
1 4 0 0 1 2 0 0 1 0 0 0 0 2 0 4 0 0 0 4 1 0 0 0 1 4 0 4 1 4 0 0 1 4 0 12 0 0.827423506520912 
0 0 0 0 0 0 0 2 0 0 0 0 0 0 0 0 0 3 8 8 0 1 0 0 0 1 1 0 0 0 0 0 0 0 0 0 1 0.9262939210726411 
0 1 0 0 0 0 0 0 0 1 0 0 4 0 0 4 7 3 0 0 0 7 4 0 4 0 0 0 0 0 0 4 0 0 0 4 4 0.4890206548419209 
---
4 25 76.18718701433258 1.0 36
0 0 2 0 0 0 0 0 1 0 0 0 0 4 0 0 0 0 0 12 0 0 0 0 0 0 0 0 0 0 0 0 0 0 0 0 0 0.11156265577210744 
---
4 26 12.191331376273528 6.0 36
1 4 0 0 1 2 0 0 1 0 0 0 0 2 0 4 0 0 0 4 1 0 0 0 1 4 0 4 1 4 0 0 1 4 0 12 0 0.827423506520912 
0 1 0 0 0 0 0 0 0 1 0 0 4 0 0 4 7 3 0 0 0 7 4 0 4 0 0 0 0 0 0 4 0 0 0 4 4 0.4890206548419209 
4 0 12 0 0 0 12 7 0 0 7 0 0 0 4 11 8 0 7 0 0 0 0 3 0 0 12 0 0 0 12 0 0 0 0 0 3 0.18767897203828887 
0 0 0 0 0 0 0 2 0 0 0 0 0 0 0 0 0 3 8 8 0 1 0 0 0 1 1 0 0 0 0 0 0 0 0 0 1 0.9262939210726411 
0 0 0 0 2 1 0 1 4 4 0 0 0 0 0 11 0 4 1 7 0 0 1 0 2 0 0 1 0 4 0 0 2 4 0 0 5 0.652542628156972 
2 0 0 7 2 0 4 0 0 1 0 0 2 4 0 12 13 8 4 12 2 0 0 0 0 0 4 4 0 0 0 0 2 2 4 1 2 0.5215871285638878 
---
4 27 22.983940597478846 4.0 36
0 0 0 0 0 0 0 2 0 0 0 0 0 0 0 0 0 3 8 8 0 1 0 0 0 1 1 0 0 0 0 0 0 0 0 0 1 0.9262939210726411 
2 0 0 7 2 0 4 0 0 1 0 0 2 4 0 12 13 8 4 12 2 0 0 0 0 0 4 4 0 0 0 0 2 2 4 1 2 0.5215871285638878 
0 0 0 0 2 1 0 1 4 4 0 0 0 0 0 11 0 4 1 7 0 0 1 0 2 0 0 1 0 4 0 0 2 4 0 0 5 0.652542628156972 
1 4 0 0 1 2 0 0 1 0 0 0 0 2 0 4 0 0 0 4 1 0 0 0 1 4 0 4 1 4 0 0 1 4 0 12 0 0.827423506520912 
---
4 28 15.52408910378173 5.0 36
0 0 0 0 2 1 0 1 4 4 0 0 0 0 0 11 0 4 1 7 0 0 1 0 2 0 0 1 0 4 0 0 2 4 0 0 5 0.652542628156972 
2 0 0 7 2 0 4 0 0 1 0 0 2 4 0 12 13 8 4 12 2 0 0 0 0 0 4 4 0 0 0 0 2 2 4 1 2 0.5215871285638878 
1 4 0 0 1 2 0 0 1 0 0 0 0 2 0 4 0 0 0 4 1 0 0 0 1 4 0 4 1 4 0 0 1 4 0 12 0 0.827423506520912 
0 0 0 0 0 0 0 2 0 0 0 0 0 0 0 0 0 3 8 8 0 1 0 0 0 1 1 0 0 0 0 0 0 0 0 0 1 0.9262939210726411 
0 1 0 0 0 0 0 0 0 1 0 0 4 0 0 4 7 3 0 0 0 7 4 0 4 0 0 0 0 0 0 4 0 0 0 4 4 0.4890206548419209 
---
4 29 12.191331376273528 6.0 36
2 0 0 7 2 0 4 0 0 1 0 0 2 4 0 12 13 8 4 12 2 0 0 0 0 0 4 4 0 0 0 0 2 2 4 1 2 0.5215871285638878 
0 0 0 0 2 1 0 1 4 4 0 0 0 0 0 11 0 4 1 7 0 0 1 0 2 0 0 1 0 4 0 0 2 4 0 0 5 0.652542628156972 
0 0 0 0 0 0 0 2 0 0 0 0 0 0 0 0 0 3 8 8 0 1 0 0 0 1 1 0 0 0 0 0 0 0 0 0 1 0.9262939210726411 
0 1 0 0 0 0 0 0 0 1 0 0 4 0 0 4 7 3 0 0 0 7 4 0 4 0 0 0 0 0 0 4 0 0 0 4 4 0.4890206548419209 
4 0 12 0 0 0 12 7 0 0 7 0 0 0 4 11 8 0 7 0 0 0 0 3 0 0 12 0 0 0 12 0 0 0 0 0 3 0.18767897203828887 
1 4 0 0 1 2 0 0 1 0 0 0 0 2 0 4 0 0 0 4 1 0 0 0 1 4 0 4 1 4 0 0 1 4 0 12 0 0.827423506520912 
---
4 30 52.94422379554481 2.0 36
0 0 0 0 2 1 0 1 4 4 0 0 0 0 0 11 0 4 1 7 4 0 1 0 2 0 0 1 0 4 0 0 2 4 0 0 5 0.5699845072053027 
1 4 0 0 1 2 0 0 1 0 0 0 0 2 0 4 0 0 0 4 1 0 0 0 1 4 0 4 1 4 0 0 1 4 0 12 0 0.827423506520912 
---
4 31 22.983940597478846 4.0 36
1 4 0 0 1 2 0 0 1 0 0 0 0 2 0 4 0 0 0 4 1 0 0 0 1 4 0 4 1 4 0 0 1 4 0 12 0 0.827423506520912 
2 0 0 7 2 0 4 0 0 1 0 0 2 4 0 12 13 8 4 12 2 0 0 0 0 0 4 4 0 0 0 0 2 2 4 1 2 0.5215871285638878 
0 0 0 0 0 0 0 2 0 0 0 0 0 0 0 0 0 3 8 8 0 1 0 0 0 1 1 0 0 0 0 0 0 0 0 0 1 0.9262939210726411 
0 0 0 0 2 1 0 1 4 4 0 0 0 0 0 11 0 4 1 7 0 0 1 0 2 0 0 1 0 4 0 0 2 4 0 0 5 0.652542628156972 
---
4 32 15.52408910378173 5.0 36
0 0 0 0 2 1 0 1 4 4 0 0 0 0 0 11 0 4 1 7 0 0 1 0 2 0 0 1 0 4 0 0 2 4 0 0 5 0.652542628156972 
1 4 0 0 1 2 0 0 1 0 0 0 0 2 0 4 0 0 0 4 1 0 0 0 1 4 0 4 1 4 0 0 1 4 0 12 0 0.827423506520912 
2 0 0 7 2 0 4 0 0 1 0 0 2 4 0 12 13 8 4 12 2 0 0 0 0 0 4 4 0 0 0 0 2 2 4 1 2 0.5215871285638878 
0 0 0 0 0 0 0 2 0 0 0 0 0 0 0 0 0 3 8 8 0 1 0 0 0 1 1 0 0 0 0 0 0 0 0 0 1 0.9262939210726411 
0 1 0 0 0 0 0 0 0 1 0 0 4 0 0 4 7 3 0 0 0 7 4 0 4 0 0 0 0 0 0 4 0 0 0 4 4 0.4890206548419209 
---
4 33 76.18718701433258 1.0 36
0 0 2 0 0 0 0 0 1 0 0 0 4 4 0 0 0 0 0 12 0 0 0 0 0 0 0 0 0 0 0 0 0 0 0 0 0 0.1519952364202819 
---
4 34 12.191331376273528 6.0 36
1 4 0 0 1 2 0 0 1 0 0 0 0 2 0 4 0 0 0 4 1 0 0 0 1 4 0 4 1 4 0 0 1 4 0 12 0 0.827423506520912 
0 1 0 0 0 0 0 0 0 1 0 0 4 0 0 4 7 3 0 0 0 7 4 0 4 0 0 0 0 0 0 4 0 0 0 4 4 0.4890206548419209 
4 0 12 0 0 0 12 7 0 0 7 0 0 0 4 11 8 0 7 0 0 0 0 3 0 0 12 0 0 0 12 0 0 0 0 0 3 0.18767897203828887 
0 0 0 0 0 0 0 2 0 0 0 0 0 0 0 0 0 3 8 8 0 1 0 0 0 1 1 0 0 0 0 0 0 0 0 0 1 0.9262939210726411 
0 0 0 0 2 1 0 1 4 4 0 0 0 0 0 11 0 4 1 7 0 0 1 0 2 0 0 1 0 4 0 0 2 4 0 0 5 0.652542628156972 
2 0 0 7 2 0 4 0 0 1 0 0 2 4 0 12 13 8 4 12 2 0 0 0 0 0 4 4 0 0 0 0 2 2 4 1 2 0.5215871285638878 
---
4 35 52.94422379554481 2.0 36
0 0 0 0 2 1 0 1 4 4 0 0 0 0 0 11 0 4 1 7 4 0 1 0 2 0 0 1 0 4 0 0 2 4 0 0 5 0.5699845072053027 
1 4 0 0 1 2 0 0 1 0 0 0 0 2 0 4 0 0 0 4 1 0 0 0 1 4 0 4 1 4 0 0 1 4 0 12 0 0.827423506520912 
---
4 36 22.983940597478846 4.0 36
2 0 0 7 2 0 4 0 0 1 0 0 2 4 0 12 13 8 4 12 2 0 0 0 0 0 4 4 0 0 0 0 2 2 4 1 2 0.5215871285638878 
0 0 0 0 2 1 0 1 4 4 0 0 0 0 0 11 0 4 1 7 0 0 1 0 2 0 0 1 0 4 0 0 2 4 0 0 5 0.652542628156972 
0 0 0 0 0 0 0 2 0 0 0 0 0 0 0 0 0 3 8 8 0 1 0 0 0 1 1 0 0 0 0 0 0 0 0 0 1 0.9262939210726411 
1 4 0 0 1 2 0 0 1 0 0 0 0 2 0 4 0 0 0 4 1 0 0 0 1 4 0 4 1 4 0 0 1 4 0 12 0 0.827423506520912 
---
4 37 15.52408910378173 5.0 36
0 0 0 0 2 1 0 1 4 4 0 0 0 0 0 11 0 4 1 7 0 0 1 0 2 0 0 1 0 4 0 0 2 4 0 0 5 0.652542628156972 
2 0 0 7 2 0 4 0 0 1 0 0 2 4 0 12 13 8 4 12 2 0 0 0 0 0 4 4 0 0 0 0 2 2 4 1 2 0.5215871285638878 
1 4 0 0 1 2 0 0 1 0 0 0 0 2 0 4 0 0 0 4 1 0 0 0 1 4 0 4 1 4 0 0 1 4 0 12 0 0.827423506520912 
0 0 0 0 0 0 0 2 0 0 0 0 0 0 0 0 0 3 8 8 0 1 0 0 0 1 1 0 0 0 0 0 0 0 0 0 1 0.9262939210726411 
0 1 0 0 0 0 0 0 0 1 0 0 4 0 0 4 7 3 0 0 0 7 4 0 4 0 0 0 0 0 0 4 0 0 0 4 4 0.4890206548419209 
---
4 38 76.18718701433258 1.0 36
1 4 0 0 1 2 0 0 1 0 0 0 0 2 0 4 0 0 0 4 1 0 0 0 1 4 0 4 1 4 0 0 1 4 0 12 0 0.827423506520912 
---
4 39 12.191331376273528 6.0 36
1 4 0 0 1 2 0 0 1 0 0 0 0 2 0 4 0 0 0 4 1 0 0 0 1 4 0 4 1 4 0 0 1 4 0 12 0 0.827423506520912 
0 1 0 0 0 0 0 0 0 1 0 0 4 0 0 4 7 3 0 0 0 7 4 0 4 0 0 0 0 0 0 4 0 0 0 4 4 0.4890206548419209 
4 0 12 0 0 0 12 7 0 0 7 0 0 0 4 11 8 0 7 0 0 0 0 3 0 0 12 0 0 0 12 0 0 0 0 0 3 0.18767897203828887 
0 0 0 0 0 0 0 2 0 0 0 0 0 0 0 0 0 3 8 8 0 1 0 0 0 1 1 0 0 0 0 0 0 0 0 0 1 0.9262939210726411 
0 0 0 0 2 1 0 1 4 4 0 0 0 0 0 11 0 4 1 7 0 0 1 0 2 0 0 1 0 4 0 0 2 4 0 0 5 0.652542628156972 
2 0 0 7 2 0 4 0 0 1 0 0 2 4 0 12 13 8 4 12 2 0 0 0 0 0 4 4 0 0 0 0 2 2 4 1 2 0.5215871285638878 
---
4 40 52.96149197029874 2.0 36
0 0 0 0 2 1 0 1 4 4 0 0 0 0 0 11 0 4 1 7 0 0 1 0 2 1 0 1 0 4 0 0 2 4 0 0 5 0.5896763978260755 
1 4 0 0 1 2 0 0 1 0 0 0 0 2 0 4 0 0 0 4 1 0 0 0 1 4 0 4 1 4 0 0 1 4 0 12 0 0.827423506520912 
---
5 0 76.18718701433258 1.0 36
0 0 0 0 0 0 0 12 4 0 0 0 0 0 0 12 0 0 0 0 0 0 0 0 0 0 0 0 0 0 0 2 0 0 0 0 0 0.09799019644595774 
---
5 1 12.122258677257813 6.0 36
0 1 0 0 0 0 0 0 0 1 0 0 4 0 0 4 7 3 0 0 0 7 4 0 4 0 0 0 0 0 0 4 0 0 0 4 4 0.4890206548419209 
0 0 0 0 2 1 0 1 4 4 0 0 0 0 0 11 0 4 1 7 0 0 1 0 2 0 0 1 0 4 0 0 2 4 0 0 5 0.652542628156972 
2 0 0 7 2 0 4 0 0 1 0 0 2 4 0 12 13 8 4 12 2 0 0 0 0 0 4 4 0 0 0 0 2 2 4 1 2 0.5215871285638878 
0 0 0 0 0 0 0 2 0 0 0 0 0 0 0 0 0 3 8 8 0 1 0 0 0 1 1 0 0 1 0 0 0 0 0 0 1 0.9863691656493438 
1 0 0 0 1 2 0 4 1 0 4 4 0 2 0 0 0 0 0 0 1 0 0 0 1 4 0 4 1 4 0 0 1 4 0 12 0 0.9253954658003484 
4 0 12 0 0 0 12 7 0 0 7 0 0 0 4 11 8 0 7 0 0 0 0 3 0 0 12 0 0 0 12 0 0 0 0 0 3 0.18767897203828887 
---
5 2 52.875151096529095 2.0 36
1 0 0 0 1 2 0 4 1 0 4 4 0 2 0 0 0 0 0 0 1 0 0 0 1 4 0 4 1 4 0 0 1 4 0 12 0 0.9253954658003484 
0 0 0 0 2 1 0 1 4 4 0 0 0 0 0 11 0 4 1 7 0 0 1 0 2 0 0 1 0 4 0 0 2 0 0 0 5 0.5458437653373682 
---
5 3 52.82334657226732 2.0 36
1 0 0 0 1 2 0 4 1 0 4 4 0 2 0 0 0 0 0 0 1 0 0 0 1 4 0 4 1 4 0 0 1 4 0 12 0 0.9253954658003484 
0 0 0 0 2 1 0 1 4 4 0 0 0 0 0 11 0 4 1 7 0 0 1 0 2 0 0 1 0 4 0 0 2 4 0 0 5 0.652542628156972 
---
5 4 33.32757727508203 3.0 36
0 0 0 0 2 1 0 1 4 4 0 0 0 0 0 11 0 4 1 7 0 0 1 0 2 0 0 1 0 4 0 0 2 0 0 0 5 0.5458437653373682 
1 0 0 0 1 2 0 4 1 0 4 4 0 2 0 0 0 0 0 0 1 0 0 0 1 4 0 4 1 4 0 0 1 4 0 12 0 0.9253954658003484 
2 0 0 7 2 0 4 0 0 1 0 0 2 4 0 12 13 8 4 12 2 0 0 0 0 0 4 4 0 0 0 0 2 2 4 1 2 0.5215871285638878 
---
5 5 33.32757727508203 3.0 36
0 0 0 0 2 1 0 1 4 4 0 0 0 0 0 11 0 4 1 7 0 0 1 0 2 0 0 1 0 4 0 0 2 0 0 0 5 0.5458437653373682 
1 0 0 0 1 2 0 4 1 0 4 4 0 2 0 0 0 0 0 0 1 0 0 0 1 4 0 4 1 4 0 0 1 4 0 12 0 0.9253954658003484 
2 0 0 7 2 0 4 0 0 1 0 0 2 4 0 12 13 8 4 12 2 0 0 0 0 0 4 4 0 0 0 0 2 2 4 1 2 0.5215871285638878 
---
5 6 22.93213607321706 4.0 36
2 0 0 7 2 0 4 0 0 1 0 0 2 4 0 12 13 8 4 12 2 0 0 0 0 0 4 4 0 0 0 0 2 2 4 1 2 0.5215871285638878 
0 0 0 0 0 0 0 2 0 0 0 0 0 0 0 0 0 3 8 8 0 1 0 0 0 1 1 0 0 1 0 0 0 0 0 0 1 0.9863691656493438 
1 0 0 0 1 2 0 4 1 0 4 4 0 2 0 0 0 0 0 0 1 0 0 0 1 4 0 4 1 4 0 0 1 4 0 12 0 0.9253954658003484 
0 0 0 0 2 1 0 1 4 4 0 0 0 0 0 11 0 4 1 7 0 0 1 0 2 0 0 1 0 4 0 0 2 4 0 0 5 0.652542628156972 
---
5 7 22.93213607321706 4.0 36
0 0 0 0 2 1 0 1 4 4 0 0 0 0 0 11 0 4 1 7 0 0 1 0 2 0 0 1 0 4 0 0 2 4 0 0 5 0.652542628156972 
1 0 0 0 1 2 0 4 1 0 4 4 0 2 0 0 0 0 0 0 1 0 0 0 1 4 0 4 1 4 0 0 1 4 0 12 0 0.9253954658003484 
2 0 0 7 2 0 4 0 0 1 0 0 2 4 0 12 13 8 4 12 2 0 0 0 0 0 4 4 0 0 0 0 2 2 4 1 2 0.5215871285638878 
0 0 0 0 0 0 0 2 0 0 0 0 0 0 0 0 0 3 8 8 0 1 0 0 0 1 1 0 0 1 0 0 0 0 0 0 1 0.9467138417461505 
---
5 8 15.472284579519947 5.0 36
0 0 0 0 2 1 0 1 4 4 0 0 0 0 0 11 0 4 1 7 0 0 1 0 2 0 0 1 0 4 0 0 2 4 0 0 5 0.652542628156972 
2 0 0 7 2 0 4 0 0 1 0 0 2 4 0 12 13 8 4 12 2 0 0 0 0 0 4 4 0 0 0 0 2 2 4 1 2 0.5215871285638878 
1 0 0 0 1 2 0 4 1 0 4 4 0 2 0 0 0 0 0 0 1 0 0 0 1 4 0 4 1 4 0 0 1 4 0 12 0 0.9253954658003484 
0 1 0 0 0 0 0 0 0 1 0 0 4 0 0 4 7 3 0 0 0 7 4 0 4 0 0 0 0 0 0 4 0 0 0 4 4 0.4890206548419209 
0 0 0 0 0 0 0 2 0 0 0 0 0 0 0 0 0 3 8 8 0 1 0 0 0 1 1 0 0 1 0 0 0 0 0 0 1 0.9863691656493438 
---
5 9 15.472284579519947 5.0 36
0 0 0 0 0 0 0 2 0 0 0 0 0 0 0 0 0 3 8 8 0 1 0 0 0 1 1 0 0 1 0 0 0 0 0 0 1 0.9863691656493438 
0 1 0 0 0 0 0 0 0 1 0 0 4 0 0 4 7 3 0 0 0 7 4 0 4 0 0 0 0 0 0 4 0 0 0 4 4 0.4890206548419209 
0 0 0 0 2 1 0 1 4 4 0 0 0 0 0 11 0 4 1 7 0 0 1 0 2 0 0 1 0 4 0 0 2 4 0 0 5 0.652542628156972 
2 0 0 7 2 0 4 0 0 1 0 0 2 4 0 12 13 8 4 12 2 0 0 0 0 0 4 4 0 0 0 0 2 2 4 1 2 0.5215871285638878 
1 0 0 0 1 2 0 4 1 0 4 4 0 2 0 0 0 0 0 0 1 0 0 0 1 4 0 4 1 4 0 0 1 4 0 12 0 0.9253954658003484 
---
5 10 76.18718701433258 1.0 36
1 0 0 7 1 2 0 4 1 0 0 4 0 2 0 0 0 0 0 0 1 0 0 0 1 4 0 4 1 4 0 0 1 4 0 0 0 0.4101297583724399 
---
5 11 12.122258677257813 6.0 36
4 0 12 0 0 0 12 7 0 0 7 0 0 0 4 11 8 0 7 0 0 0 0 3 0 0 12 0 0 0 12 0 0 0 0 0 3 0.18767897203828887 
0 0 0 0 2 1 0 1 4 4 0 0 0 0 0 11 0 4 1 7 0 0 1 0 2 0 0 1 0 4 0 0 2 4 0 0 5 0.652542628156972 
0 0 0 0 0 0 0 2 0 0 0 0 0 0 0 0 0 3 8 8 0 1 0 0 0 1 1 0 0 1 0 0 0 0 0 0 1 0.9863691656493438 
1 0 0 0 1 2 0 4 1 0 4 4 0 2 0 0 0 0 0 0 1 0 0 0 1 4 0 4 1 4 0 0 1 4 0 12 0 0.9253954658003484 
0 1 0 0 0 0 0 0 0 1 0 0 4 0 0 4 7 3 0 0 0 7 4 0 4 0 0 0 0 0 0 4 0 0 0 4 4 0.4890206548419209 
2 0 0 7 2 0 4 0 0 1 0 0 2 4 0 12 13 8 4 12 2 0 0 0 0 0 4 4 0 0 0 0 2 2 4 1 2 0.5215871285638878 
---
5 12 52.84061474702124 2.0 36
0 0 0 0 2 1 0 1 4 4 0 0 0 0 0 11 0 4 1 7 0 0 1 0 2 0 0 1 0 4 0 0 2 4 0 0 5 0.652542628156972 
1 0 0 7 1 2 0 4 1 0 0 4 0 2 0 0 0 0 0 0 1 0 0 0 1 4 0 4 1 4 0 0 1 4 0 12 0 0.6941287352191019 
---
5 13 33.32757727508203 3.0 36
0 0 0 0 2 1 0 1 4 4 0 0 0 0 0 11 0 4 1 7 0 0 1 0 2 0 0 1 0 4 0 0 2 0 0 0 5 0.5458437653373682 
1 0 0 0 1 2 0 4 1 0 4 4 0 2 0 0 0 0 0 0 1 0 0 0 1 4 0 4 1 4 0 0 1 4 0 12 0 0.9253954658003484 
2 0 0 7 2 0 4 0 0 1 0 0 2 4 0 12 13 8 4 12 2 0 0 0 0 0 4 4 0 0 0 0 2 2 4 1 2 0.5215871285638878 
---
5 14 22.93213607321706 4.0 36
0 0 0 0 2 1 0 1 4 4 0 0 0 0 0 11 0 4 1 7 0 0 1 0 2 0 0 1 0 4 0 0 2 4 0 0 5 0.652542628156972 
1 0 0 0 1 2 0 4 1 0 4 4 0 2 0 0 0 0 0 0 1 0 0 0 1 4 0 4 1 4 0 0 1 4 0 12 0 0.9253954658003484 
0 0 0 0 0 0 0 2 0 0 0 0 0 0 0 0 0 3 8 8 0 1 0 0 0 1 1 0 0 1 0 0 0 0 0 0 1 0.9863691656493438 
2 0 0 7 2 0 4 0 0 1 0 0 2 4 0 12 13 8 4 12 2 0 0 0 0 0 4 4 0 0 0 0 2 2 4 1 2 0.5215871285638878 
---
5 15 15.472284579519947 5.0 36
1 0 0 0 1 2 0 4 1 0 4 4 0 2 0 0 0 0 0 0 1 0 0 0 1 4 0 4 1 4 0 0 1 4 0 12 0 0.9253954658003484 
2 0 0 7 2 0 4 0 0 1 0 0 2 4 0 12 13 8 4 12 2 0 0 0 0 0 4 4 0 0 0 0 2 2 4 1 2 0.5215871285638878 
0 0 0 0 0 0 0 2 0 0 0 0 0 0 0 0 0 3 8 8 0 1 0 0 0 1 1 0 0 1 0 0 0 0 0 0 1 0.9863691656493438 
0 1 0 0 0 0 0 0 0 1 0 0 4 0 0 4 7 3 0 0 0 7 4 0 4 0 0 0 0 0 0 4 0 0 0 4 4 0.4890206548419209 
0 0 0 0 2 1 0 1 4 4 0 0 0 0 0 11 0 4 1 7 0 0 1 0 2 0 0 1 0 4 0 0 2 4 0 0 5 0.652542628156972 
---
5 16 76.18718701433258 1.0 36
0 0 0 0 0 0 0 2 4 4 0 0 0 0 0 12 0 0 0 0 0 2 0 0 0 0 0 0 0 0 0 2 0 0 0 0 0 0.06237062553621142 
---
5 17 12.122258677257813 6.0 36
4 0 12 0 0 0 12 7 0 0 7 0 0 0 4 11 8 0 7 0 0 0 0 3 0 0 12 0 0 0 12 0 0 0 0 0 3 0.18767897203828887 
0 0 0 0 2 1 0 1 4 4 0 0 0 0 0 11 0 4 1 7 0 0 1 0 2 0 0 1 0 4 0 0 2 4 0 0 5 0.652542628156972 
0 0 0 0 0 0 0 2 0 0 0 0 0 0 0 0 0 3 8 8 0 1 0 0 0 1 1 0 0 1 0 0 0 0 0 0 1 0.9863691656493438 
1 0 0 0 1 2 0 4 1 0 4 4 0 2 0 0 0 0 0 0 1 0 0 0 1 4 0 4 1 4 0 0 1 4 0 12 0 0.9253954658003484 
0 1 0 0 0 0 0 0 0 1 0 0 4 0 0 4 7 3 0 0 0 7 4 0 4 0 0 0 0 0 0 4 0 0 0 4 4 0.4890206548419209 
2 0 0 7 2 0 4 0 0 1 0 0 2 4 0 12 13 8 4 12 2 0 0 0 0 0 4 4 0 0 0 0 2 2 4 1 2 0.5215871285638878 
---
5 18 52.82334657226732 2.0 36
1 0 0 0 1 2 0 4 1 0 4 4 0 2 0 0 0 0 0 0 1 0 0 0 1 4 0 4 1 4 0 0 1 4 0 12 0 0.9253954658003484 
0 0 0 0 2 1 0 1 4 4 0 0 0 0 0 11 0 4 1 7 0 0 1 0 2 0 0 1 0 4 0 0 2 4 0 0 5 0.652542628156972 
---
5 19 33.32757727508203 3.0 36
0 0 0 0 2 1 0 1 4 4 0 0 0 0 0 11 0 4 1 7 0 0 1 0 2 0 0 1 0 4 0 0 2 0 0 0 5 0.5458437653373682 
1 0 0 0 1 2 0 4 1 0 4 4 0 2 0 0 0 0 0 0 1 0 0 0 1 4 0 4 1 4 0 0 1 4 0 12 0 0.9253954658003484 
2 0 0 7 2 0 4 0 0 1 0 0 2 4 0 12 13 8 4 12 2 0 0 0 0 0 4 4 0 0 0 0 2 2 4 1 2 0.5215871285638878 
---
5 20 22.93213607321706 4.0 36
0 0 0 0 2 1 0 1 4 4 0 0 0 0 0 11 0 4 1 7 0 0 1 0 2 0 0 1 0 4 0 0 2 4 0 0 5 0.652542628156972 
1 0 0 0 1 2 0 4 1 0 4 4 0 2 0 0 0 0 0 0 1 0 0 0 1 4 0 4 1 4 0 0 1 4 0 12 0 0.9253954658003484 
2 0 0 7 2 0 4 0 0 1 0 0 2 4 0 12 13 8 4 12 2 0 0 0 0 0 4 4 0 0 0 0 2 2 4 1 2 0.5215871285638878 
0 0 0 0 0 0 0 2 0 0 0 0 0 0 0 0 0 3 8 8 0 1 0 0 0 1 1 0 0 1 0 0 0 0 0 0 1 0.9863691656493438 
---
5 21 15.472284579519947 5.0 36
0 0 0 0 0 0 0 2 0 0 0 0 0 0 0 0 0 3 8 8 0 1 0 0 0 1 1 0 0 1 0 0 0 0 0 0 1 0.9863691656493438 
0 1 0 0 0 0 0 0 0 1 0 0 4 0 0 4 7 3 0 0 0 7 4 0 4 0 0 0 0 0 0 4 0 0 0 4 4 0.4890206548419209 
0 0 0 0 2 1 0 1 4 4 0 0 0 0 0 11 0 4 1 7 0 0 1 0 2 0 0 1 0 4 0 0 2 4 0 0 5 0.652542628156972 
2 0 0 7 2 0 4 0 0 1 0 0 2 4 0 12 13 8 4 12 2 0 0 0 0 0 4 4 0 0 0 0 2 2 4 1 2 0.5215871285638878 
1 0 0 0 1 2 0 4 1 0 4 4 0 2 0 0 0 0 0 0 1 0 0 0 1 4 0 4 1 4 0 0 1 4 0 12 0 0.9253954658003484 
---
5 22 76.18718701433258 1.0 36
1 0 0 0 1 2 0 4 1 0 4 4 0 2 0 0 0 0 0 0 1 0 0 12 1 4 0 4 1 4 0 0 1 4 0 12 0 0.7588306024373331 
---
5 23 12.122258677257813 6.0 36
4 0 12 0 0 0 12 7 0 0 7 0 0 0 4 11 8 0 7 0 0 0 0 3 0 0 12 0 0 0 12 0 0 0 0 0 3 0.18767897203828887 
0 0 0 0 2 1 0 1 4 4 0 0 0 0 0 11 0 4 1 7 0 0 1 0 2 0 0 1 0 4 0 0 2 4 0 0 5 0.652542628156972 
0 0 0 0 0 0 0 2 0 0 0 0 0 0 0 0 0 3 8 8 0 1 0 0 0 1 1 0 0 1 0 0 0 0 0 0 1 0.9863691656493438 
1 0 0 0 1 2 0 4 1 0 4 4 0 2 0 0 0 0 0 0 1 0 0 0 1 4 0 4 1 4 0 0 1 4 0 12 0 0.9253954658003484 
0 1 0 0 0 0 0 0 0 1 0 0 4 0 0 4 7 3 0 0 0 7 4 0 4 0 0 0 0 0 0 4 0 0 0 4 4 0.4890206548419209 
2 0 0 7 2 0 4 0 0 1 0 0 2 4 0 12 13 8 4 12 2 0 0 0 0 0 4 4 0 0 0 0 2 2 4 1 2 0.5215871285638878 
---
5 24 52.875151096529095 2.0 36
1 0 0 0 1 2 0 4 1 0 4 4 0 2 0 0 0 0 0 0 1 0 0 0 1 4 0 4 1 4 0 0 1 4 0 12 0 0.9253954658003484 
0 0 0 0 2 1 0 1 4 4 0 0 0 0 0 11 0 4 1 7 0 0 1 0 2 0 0 1 0 4 0 0 2 0 0 0 5 0.5458437653373682 
---
5 25 22.93213607321706 4.0 36
1 0 0 0 1 2 0 4 1 0 4 4 0 2 0 0 0 0 0 0 1 0 0 0 1 4 0 4 1 4 0 0 1 4 0 12 0 0.9253954658003484 
2 0 0 7 2 0 4 0 0 1 0 0 2 4 0 12 13 8 4 12 2 0 0 0 0 0 4 4 0 0 0 0 2 2 4 1 2 0.5215871285638878 
0 0 0 0 0 0 0 2 0 0 0 0 0 0 0 0 0 3 8 8 0 1 0 0 0 1 1 0 0 1 0 0 0 0 0 0 1 0.9863691656493438 
0 0 0 0 2 1 0 1 4 4 0 0 0 0 0 11 0 4 1 7 0 0 1 0 2 0 0 1 0 4 0 0 2 4 0 0 5 0.652542628156972 
---
5 26 15.472284579519947 5.0 36
2 0 0 7 2 0 4 0 0 1 0 0 2 4 0 12 13 8 4 12 2 0 0 0 0 0 4 4 0 0 0 0 2 2 4 1 2 0.5215871285638878 
0 1 0 0 0 0 0 0 0 1 0 0 4 0 0 4 7 3 0 0 0 7 4 0 4 0 0 0 0 0 0 4 0 0 0 4 4 0.4890206548419209 
0 0 0 0 0 0 0 2 0 0 0 0 0 0 0 0 0 3 8 8 0 1 0 0 0 1 1 0 0 1 0 0 0 0 0 0 1 0.9863691656493438 
1 0 0 0 1 2 0 4 1 0 4 4 0 2 0 0 0 0 0 0 1 0 0 0 1 4 0 4 1 4 0 0 1 4 0 12 0 0.9253954658003484 
0 0 0 0 2 1 0 1 4 4 0 0 0 0 0 11 0 4 1 7 0 0 1 0 2 0 0 1 0 4 0 0 2 4 0 0 5 0.652542628156972 
---
5 27 76.18718701433258 1.0 36
1 0 0 0 1 2 0 4 1 0 4 4 0 2 0 0 0 0 0 0 1 0 0 0 1 4 0 4 1 4 0 0 1 4 0 12 0 0.6949336978993832 
---
5 28 52.82334657226732 2.0 36
1 0 0 0 1 2 0 4 1 0 4 4 0 2 0 0 0 0 0 0 1 0 0 0 1 4 0 4 1 4 0 0 1 4 0 12 0 0.9253954658003484 
0 0 0 0 2 1 0 1 4 4 0 0 0 0 0 11 0 4 1 7 0 0 1 0 2 0 0 1 0 4 0 0 2 4 0 0 5 0.652542628156972 
---
5 29 22.93213607321706 4.0 36
1 0 0 0 1 2 0 4 1 0 4 4 0 2 0 0 0 0 0 0 1 0 0 0 1 4 0 4 1 4 0 0 1 4 0 12 0 0.9253954658003484 
0 0 0 0 0 0 0 2 0 0 0 0 0 0 0 0 0 3 8 8 0 1 0 0 0 1 1 0 0 1 0 0 0 0 0 0 1 0.9467138417461505 
2 0 0 7 2 0 4 0 0 1 0 0 2 4 0 12 13 8 4 12 2 0 0 0 0 0 4 4 0 0 0 0 2 2 4 1 2 0.5215871285638878 
0 0 0 0 2 1 0 1 4 4 0 0 0 0 0 11 0 4 1 7 0 0 1 0 2 0 0 1 0 4 0 0 2 4 0 0 5 0.652542628156972 
---
5 30 76.18718701433258 1.0 36
1 0 0 7 1 2 0 4 1 0 0 4 0 2 0 0 0 0 0 0 1 0 0 0 1 4 0 4 1 4 0 0 1 4 0 12 0 0.6941287352191019 
---
5 31 52.857882921775165 2.0 36
0 0 4 0 2 1 0 1 4 4 0 0 0 0 0 11 0 4 1 7 0 0 1 0 2 0 0 1 0 4 0 0 2 0 0 0 5 0.47407761621583866 
1 0 0 0 1 2 0 4 1 0 4 4 0 2 0 0 0 0 0 0 1 0 0 0 1 4 0 4 1 4 0 0 1 4 0 12 0 0.6949336978993832 
---
5 32 22.93213607321706 4.0 36
1 0 0 0 1 2 0 4 1 0 4 4 0 2 0 0 0 0 0 0 1 0 0 0 1 4 0 4 1 4 0 0 1 4 0 12 0 0.9253954658003484 
0 0 0 0 0 0 0 2 0 0 0 0 0 0 0 0 0 3 8 8 0 1 0 0 0 1 1 0 0 1 0 0 0 0 0 0 1 0.9467138417461505 
2 0 0 7 2 0 4 0 0 1 0 0 2 4 0 12 13 8 4 12 2 0 0 0 0 0 4 4 0 0 0 0 2 2 4 1 2 0.5215871285638878 
0 0 0 0 2 1 0 1 4 4 0 0 0 0 0 11 0 4 1 7 0 0 1 0 2 0 0 1 0 4 0 0 2 4 0 0 5 0.652542628156972 
---
5 33 15.472284579519947 5.0 36
0 0 0 0 2 1 0 1 4 4 0 0 0 0 0 11 0 4 1 7 0 0 1 0 2 0 0 1 0 4 0 0 2 4 0 0 5 0.652542628156972 
2 0 0 7 2 0 4 0 0 1 0 0 2 4 0 12 13 8 4 12 2 0 0 0 0 0 4 4 0 0 0 0 2 2 4 1 2 0.5215871285638878 
1 0 0 0 1 2 0 4 1 0 4 4 0 2 0 0 0 0 0 0 1 0 0 0 1 4 0 4 1 4 0 0 1 4 0 12 0 0.9253954658003484 
0 1 0 0 0 0 0 0 0 1 0 0 4 0 0 4 7 3 0 0 0 7 4 0 4 0 0 0 0 0 0 4 0 0 0 4 4 0.4890206548419209 
0 0 0 0 0 0 0 2 0 0 0 0 0 0 0 0 0 3 8 8 0 1 0 0 0 1 1 0 0 1 0 0 0 0 0 0 1 0.9863691656493438 
---
5 34 76.18718701433258 1.0 36
1 0 0 0 1 2 0 4 1 0 4 4 0 2 0 0 0 0 0 0 1 0 0 0 1 4 0 4 1 4 0 0 1 4 0 12 0 0.9253954658003484 
---
5 35 52.857882921775165 2.0 36
0 0 4 0 2 1 0 1 4 4 0 0 0 0 0 11 0 4 1 7 0 0 1 0 2 0 0 1 0 4 0 0 2 0 0 0 5 0.47407761621583866 
1 0 0 0 1 2 0 4 1 0 4 4 0 2 0 0 0 0 0 0 1 0 0 0 1 4 0 4 1 4 0 0 1 4 0 12 0 0.6949336978993832 
---
5 36 22.93213607321706 4.0 36
0 0 0 0 2 1 0 1 4 4 0 0 0 0 0 11 0 4 1 7 0 0 1 0 2 0 0 1 0 4 0 0 2 4 0 0 5 0.652542628156972 
1 0 0 0 1 2 0 4 1 0 4 4 0 2 0 0 0 0 0 0 1 0 0 0 1 4 0 4 1 4 0 0 1 4 0 12 0 0.9253954658003484 
0 0 0 0 0 0 0 2 0 0 0 0 0 0 0 0 0 3 8 8 0 1 0 0 0 1 1 0 0 1 0 0 0 0 0 0 1 0.9863691656493438 
2 0 0 7 2 0 4 0 0 1 0 0 2 4 0 12 13 8 4 12 2 0 0 0 0 0 4 4 0 0 0 0 2 2 4 1 2 0.5215871285638878 
---
5 37 15.472284579519947 5.0 36
0 0 0 0 2 1 0 1 4 4 0 0 0 0 0 11 0 4 1 7 0 0 1 0 2 0 0 1 0 4 0 0 2 4 0 0 5 0.652542628156972 
2 0 0 7 2 0 4 0 0 1 0 0 2 4 0 12 13 8 4 12 2 0 0 0 0 0 4 4 0 0 0 0 2 2 4 1 2 0.5215871285638878 
1 0 0 0 1 2 0 4 1 0 4 4 0 2 0 0 0 0 0 0 1 0 0 0 1 4 0 4 1 4 0 0 1 4 0 12 0 0.9253954658003484 
0 1 0 0 0 0 0 0 0 1 0 0 4 0 0 4 7 3 0 0 0 7 4 0 4 0 0 0 0 0 0 4 0 0 0 4 4 0.4890206548419209 
0 0 0 0 0 0 0 2 0 0 0 0 0 0 0 0 0 3 8 8 0 1 0 0 0 1 1 0 0 1 0 0 0 0 0 0 1 0.9863691656493438 
---
5 38 76.18718701433258 1.0 36
0 0 0 0 0 0 0 12 4 0 0 0 0 0 0 12 0 0 0 0 0 0 0 0 0 0 0 0 0 0 0 2 0 0 0 0 0 0.09799019644595774 
---
5 39 52.82334657226732 2.0 36
0 0 0 0 2 1 0 1 4 4 0 0 0 0 0 11 0 4 1 7 0 0 1 0 2 0 0 1 0 4 0 0 2 4 0 0 5 0.652542628156972 
1 0 0 0 1 2 0 4 1 0 4 4 0 2 0 0 0 0 0 0 1 0 0 0 1 4 0 4 1 4 0 0 1 4 0 12 0 0.9253954658003484 
---
5 40 22.93213607321706 4.0 36
0 0 0 0 2 1 0 1 4 4 0 0 0 0 0 11 0 4 1 7 0 0 1 0 2 0 0 1 0 4 0 0 2 4 0 0 5 0.652542628156972 
1 0 0 0 1 2 0 4 1 0 4 4 0 2 0 0 0 0 0 0 1 0 0 0 1 4 0 4 1 4 0 0 1 4 0 12 0 0.9253954658003484 
0 0 0 0 0 0 0 2 0 0 0 0 0 0 0 0 0 3 8 8 0 1 0 0 0 1 1 0 0 1 0 0 0 0 0 0 1 0.9863691656493438 
2 0 0 7 2 0 4 0 0 1 0 0 2 4 0 12 13 8 4 12 2 0 0 0 0 0 4 4 0 0 0 0 2 2 4 1 2 0.5215871285638878 
---
5 41 15.472284579519947 5.0 36
0 0 0 0 2 1 0 1 4 4 0 0 0 0 0 11 0 4 1 7 0 0 1 0 2 0 0 1 0 4 0 0 2 4 0 0 5 0.652542628156972 
2 0 0 7 2 0 4 0 0 1 0 0 2 4 0 12 13 8 4 12 2 0 0 0 0 0 4 4 0 0 0 0 2 2 4 1 2 0.5215871285638878 
1 0 0 0 1 2 0 4 1 0 4 4 0 2 0 0 0 0 0 0 1 0 0 0 1 4 0 4 1 4 0 0 1 4 0 12 0 0.9253954658003484 
0 1 0 0 0 0 0 0 0 1 0 0 4 0 0 4 7 3 0 0 0 7 4 0 4 0 0 0 0 0 0 4 0 0 0 4 4 0.4890206548419209 
0 0 0 0 0 0 0 2 0 0 0 0 0 0 0 0 0 3 8 8 0 1 0 0 0 1 1 0 0 1 0 0 0 0 0 0 1 0.9863691656493438 
---
6 0 76.18718701433258 1.0 36
0 0 2 0 2 0 0 0 1 0 2 1 4 0 0 0 0 2 0 0 0 0 0 0 0 2 0 0 0 0 0 0 1 0 2 0 0 0.2795814253510416 
---
6 1 52.857882921775165 2.0 36
1 0 0 0 1 2 0 4 1 0 4 4 0 2 0 0 0 0 0 1 1 0 0 0 1 4 0 12 1 4 0 0 1 4 0 12 0 0.9350501490167904 
0 0 4 0 2 1 0 1 4 4 0 0 0 0 0 11 0 4 1 7 0 0 1 0 2 0 0 1 0 4 0 0 2 4 0 0 5 0.538716842042575 
---
6 2 52.82334657226732 2.0 36
0 0 0 0 2 1 0 1 4 4 0 0 0 0 0 11 0 4 1 7 0 0 1 0 2 0 0 1 0 4 0 0 2 4 0 0 5 0.652542628156972 
1 0 0 0 1 2 0 4 1 0 4 4 0 2 0 0 0 0 0 0 1 0 0 0 1 4 0 4 1 4 0 0 1 4 0 12 0 0.9253954658003484 
---
6 3 33.25850457606631 3.0 36
2 0 0 7 2 0 4 0 0 1 0 0 2 4 0 12 13 8 4 12 2 0 0 0 0 0 4 4 0 0 0 0 2 2 4 1 2 0.5215871285638878 
0 0 0 0 2 1 0 0 4 4 0 0 0 0 0 11 0 4 7 7 0 4 1 0 2 0 0 1 0 4 0 0 2 4 0 0 5 0.4873461854222405 
1 0 0 0 1 2 0 4 1 0 4 4 0 2 0 0 0 0 0 0 1 0 0 0 1 4 0 4 1 4 0 0 1 4 0 12 0 0.9253954658003484 
---
6 4 33.25850457606631 3.0 36
2 0 0 7 2 0 4 0 0 1 0 0 2 4 0 12 13 8 4 12 2 0 0 0 0 0 4 4 0 0 0 0 2 2 4 1 2 0.5215871285638878 
1 0 0 0 1 2 0 4 1 0 4 4 0 2 0 0 0 0 0 0 1 0 0 0 1 4 0 4 1 4 0 0 1 4 0 12 0 0.9253954658003484 
0 0 0 0 2 1 0 0 4 4 0 0 0 0 0 11 0 4 7 7 0 4 1 0 2 0 0 1 0 4 0 0 2 4 0 0 5 0.4873461854222405 
---
6 5 22.93213607321706 4.0 36
0 0 0 0 0 0 0 2 0 0 0 0 0 0 0 0 0 3 8 8 0 1 0 0 0 1 1 0 0 1 0 0 0 0 0 0 1 0.9863691656493438 
1 0 0 0 1 2 0 4 1 0 4 4 0 2 0 0 0 0 0 0 1 0 0 0 1 4 0 4 1 4 0 0 1 4 0 12 0 0.9253954658003484 
2 0 0 7 2 0 4 0 0 1 0 0 2 4 0 12 13 8 4 12 2 0 0 0 0 0 4 4 0 0 0 0 2 2 4 1 2 0.5215871285638878 
0 0 0 0 2 1 0 0 4 4 0 0 0 0 0 11 0 4 7 7 0 4 1 0 2 0 0 1 0 4 0 0 2 4 0 0 5 0.4873461854222405 
---
6 6 22.93213607321706 4.0 36
2 0 0 7 2 0 4 0 0 1 0 0 2 4 0 12 13 8 4 12 2 0 0 0 0 0 4 4 0 0 0 0 2 2 4 1 2 0.5215871285638878 
1 0 0 0 1 2 0 4 1 0 4 4 0 2 0 0 0 0 0 0 1 0 0 0 1 4 0 4 1 4 0 0 1 4 0 12 0 0.9253954658003484 
0 0 0 0 0 0 0 2 0 0 0 0 0 0 0 0 0 3 8 8 0 1 0 0 0 1 1 0 0 1 0 0 0 0 0 0 1 0.9863691656493438 
0 0 0 0 2 1 0 0 4 4 0 0 0 0 0 11 0 4 7 7 0 4 1 0 2 0 0 1 0 4 0 0 2 4 0 0 5 0.4873461854222405 
---
6 7 15.472284579519947 5.0 36
1 0 0 0 1 2 0 4 1 0 4 4 0 2 0 0 0 0 0 0 1 0 0 0 1 4 0 4 1 4 0 0 1 4 0 12 0 0.9253954658003484 
2 0 0 7 2 0 4 0 0 1 0 0 2 4 0 12 13 8 4 12 2 0 0 0 0 0 4 4 0 0 0 0 2 2 4 1 2 0.5215871285638878 
0 1 0 0 0 0 0 0 0 1 0 0 4 0 0 4 7 3 0 0 0 7 4 0 4 0 0 0 0 0 0 4 0 0 0 4 4 0.4890206548419209 
0 0 0 0 0 0 0 2 0 0 0 0 0 0 0 0 0 3 8 8 0 1 0 0 0 1 1 0 0 1 0 0 0 0 0 0 1 0.9863691656493438 
0 0 0 0 2 1 0 1 4 4 0 0 0 0 0 11 0 4 1 7 0 0 1 0 2 0 0 1 0 4 0 0 2 4 0 0 5 0.652542628156972 
---
6 8 15.472284579519947 5.0 36
1 0 0 0 1 2 0 4 1 0 4 4 0 2 0 0 0 0 0 0 1 0 0 0 1 4 0 4 1 4 0 0 1 4 0 12 0 0.9253954658003484 
2 0 0 7 2 0 4 0 0 1 0 0 2 4 0 12 13 8 4 12 2 0 0 0 0 0 4 4 0 0 0 0 2 2 4 1 2 0.5215871285638878 
0 1 0 0 0 0 0 0 0 1 0 0 4 0 0 4 7 3 0 0 0 7 4 0 4 0 0 0 0 0 0 4 0 0 0 4 4 0.4890206548419209 
0 0 0 0 0 0 0 2 0 0 0 0 0 0 0 0 0 3 8 8 0 1 0 0 0 1 1 0 0 1 0 0 0 0 0 0 1 0.9863691656493438 
0 0 0 0 2 1 0 1 4 4 0 0 0 0 0 11 0 4 1 7 0 0 1 0 2 0 0 1 0 4 0 0 2 4 0 0 5 0.652542628156972 
---
6 9 76.18718701433258 1.0 36
0 0 2 0 2 0 0 0 1 0 2 1 4 0 0 0 0 2 0 0 0 0 0 0 0 2 0 0 0 0 0 0 1 0 2 0 0 0.2795814253510416 
---
6 10 12.122258677257813 6.0 36
0 1 0 0 0 0 0 0 0 1 0 0 4 0 0 4 7 3 0 0 0 7 4 0 4 0 0 0 0 0 0 4 0 0 0 4 4 0.4890206548419209 
4 0 12 0 0 0 12 7 0 0 7 0 0 0 4 11 8 0 7 0 0 0 0 3 0 0 12 0 0 0 12 0 0 0 0 0 3 0.18767897203828887 
0 0 0 0 0 0 0 2 0 0 0 0 0 0 0 0 0 3 8 8 0 1 0 0 0 1 1 0 0 1 0 0 0 0 0 0 1 0.9863691656493438 
0 0 0 0 2 1 0 1 4 4 0 0 0 0 0 11 0 4 1 7 0 0 1 0 2 0 0 1 0 4 0 0 2 4 0 0 5 0.652542628156972 
1 0 0 0 1 2 0 4 1 0 4 4 0 2 0 0 0 0 0 0 1 0 0 0 1 4 0 4 1 4 0 0 1 4 0 12 0 0.9253954658003484 
2 0 0 7 2 0 4 0 0 1 0 0 2 4 0 12 13 8 4 12 2 0 0 0 0 0 4 4 0 0 0 0 2 2 4 1 2 0.5215871285638878 
---
6 11 52.857882921775165 2.0 36
1 0 0 0 1 2 0 4 1 0 4 4 0 2 0 0 0 0 0 1 1 0 0 0 1 4 0 12 1 4 0 0 1 4 0 12 0 0.9350501490167904 
0 0 4 0 2 1 0 1 4 4 0 0 0 0 0 11 0 4 1 7 0 0 1 0 2 0 0 1 0 4 0 0 2 4 0 0 5 0.538716842042575 
---
6 12 33.25850457606631 3.0 36
2 0 0 7 2 0 4 0 0 1 0 0 2 4 0 12 13 8 4 12 2 0 0 0 0 0 4 4 0 0 0 0 2 2 4 1 2 0.5215871285638878 
0 0 0 0 2 1 0 0 4 4 0 0 0 0 0 11 0 4 7 7 0 4 1 0 2 0 0 1 0 4 0 0 2 4 0 0 5 0.4873461854222405 
1 0 0 0 1 2 0 4 1 0 4 4 0 2 0 0 0 0 0 0 1 0 0 0 1 4 0 4 1 4 0 0 1 4 0 12 0 0.9253954658003484 
---
6 13 22.93213607321706 4.0 36
2 0 0 7 2 0 4 0 0 1 0 0 2 4 0 12 13 8 4 12 2 0 0 0 0 0 4 4 0 0 0 0 2 2 4 1 2 0.5215871285638878 
1 0 0 0 1 2 0 4 1 0 4 4 0 2 0 0 0 0 0 0 1 0 0 0 1 4 0 4 1 4 0 0 1 4 0 12 0 0.9253954658003484 
0 0 0 0 0 0 0 2 0 0 0 0 0 0 0 0 0 3 8 8 0 1 0 0 0 1 1 0 0 1 0 0 0 0 0 0 1 0.9863691656493438 
0 0 0 0 2 1 0 0 4 4 0 0 0 0 0 11 0 4 7 7 0 4 1 0 2 0 0 1 0 4 0 0 2 4 0 0 5 0.4873461854222405 
---
6 14 76.18718701433258 1.0 36
0 0 2 0 2 0 0 0 1 0 2 1 4 0 0 0 0 2 0 0 0 0 0 0 0 2 0 0 0 0 0 0 1 0 2 0 0 0.2795814253510416 
---
6 15 12.122258677257813 6.0 36
0 1 0 0 0 0 0 0 0 1 0 0 4 0 0 4 7 3 0 0 0 7 4 0 4 0 0 0 0 0 0 4 0 0 0 4 4 0.4890206548419209 
4 0 12 0 0 0 12 7 0 0 7 0 0 0 4 11 8 0 7 0 0 0 0 3 0 0 12 0 0 0 12 0 0 0 0 0 3 0.18767897203828887 
0 0 0 0 0 0 0 2 0 0 0 0 0 0 0 0 0 3 8 8 0 1 0 0 0 1 1 0 0 1 0 0 0 0 0 0 1 0.9863691656493438 
0 0 0 0 2 1 0 1 4 4 0 0 0 0 0 11 0 4 1 7 0 0 1 0 2 0 0 1 0 4 0 0 2 4 0 0 5 0.652542628156972 
1 0 0 0 1 2 0 4 1 0 4 4 0 2 0 0 0 0 0 0 1 0 0 0 1 4 0 4 1 4 0 0 1 4 0 12 0 0.9253954658003484 
2 0 0 7 2 0 4 0 0 1 0 0 2 4 0 12 13 8 4 12 2 0 0 0 0 0 4 4 0 0 0 0 2 2 4 1 2 0.5215871285638878 
---
6 16 52.82334657226732 2.0 36
0 0 0 0 2 1 0 1 4 4 0 0 0 0 0 11 0 4 1 7 0 0 1 0 2 0 0 1 0 4 0 0 2 4 0 0 5 0.652542628156972 
1 0 0 0 1 2 0 4 1 0 4 4 0 2 0 0 0 0 0 0 1 0 0 0 1 4 0 4 1 4 0 0 1 4 0 12 0 0.9253954658003484 
---
6 17 33.25850457606631 3.0 36
1 0 0 0 1 2 0 4 1 0 4 4 0 2 0 0 0 0 0 0 1 0 0 0 1 4 0 4 1 4 0 0 1 4 0 12 0 0.9253954658003484 
2 0 0 7 2 0 4 0 0 1 0 0 2 4 0 12 13 8 4 12 2 0 0 0 0 0 4 4 0 0 0 0 2 2 4 1 2 0.5215871285638878 
0 0 0 0 2 1 0 0 4 4 0 0 0 0 0 11 0 4 7 7 0 4 1 0 2 0 0 1 0 4 0 0 2 4 0 0 5 0.4873461854222405 
---
6 18 22.93213607321706 4.0 36
0 0 0 0 0 0 0 2 0 0 0 0 0 0 0 0 0 3 8 8 0 1 0 0 0 1 1 0 0 1 0 0 0 0 0 0 1 0.9863691656493438 
0 0 0 0 2 1 0 0 4 4 0 0 0 0 0 11 0 4 7 7 0 4 1 0 2 0 0 1 0 4 0 0 2 4 0 0 5 0.4873461854222405 
2 0 0 7 2 0 4 0 0 1 0 0 2 4 0 12 13 8 4 12 2 0 0 0 0 0 4 4 0 0 0 0 2 2 4 1 2 0.5215871285638878 
1 0 0 0 1 2 0 4 1 0 4 4 0 2 0 0 0 0 0 0 1 0 0 0 1 4 0 4 1 4 0 0 1 4 0 12 0 0.9253954658003484 
---
6 19 76.18718701433258 1.0 36
0 0 2 0 2 0 0 0 1 0 2 1 4 0 0 0 0 2 0 0 0 0 0 0 0 2 0 0 0 0 0 0 1 0 2 0 0 0.2795814253510416 
---
6 20 33.25850457606631 3.0 36
1 0 0 0 1 2 0 4 1 0 4 4 0 2 0 0 0 0 0 0 1 0 0 0 1 4 0 4 1 4 0 0 1 4 0 12 0 0.9253954658003484 
2 0 0 7 2 0 4 0 0 1 0 0 2 4 0 12 13 8 4 12 2 0 0 0 0 0 4 4 0 0 0 0 2 2 4 1 2 0.5215871285638878 
0 0 0 0 2 1 0 0 4 4 0 0 0 0 0 11 0 4 7 7 0 4 1 0 2 0 0 1 0 4 0 0 2 4 0 0 5 0.4873461854222405 
---
6 21 76.18718701433258 1.0 36
0 0 2 0 2 0 0 0 1 0 2 1 4 0 0 0 0 2 0 0 0 0 0 0 0 2 0 0 0 0 0 0 1 0 2 0 0 0.2795814253510416 
---
6 22 52.82334657226732 2.0 36
0 0 0 0 2 1 0 1 4 4 0 0 0 0 0 11 0 4 1 7 0 0 1 0 2 0 0 1 0 4 0 0 2 4 0 0 5 0.652542628156972 
1 0 0 0 1 2 0 4 1 0 4 4 0 2 0 0 0 0 0 0 1 0 0 0 1 4 0 4 1 4 0 0 1 4 0 12 0 0.9253954658003484 
---
6 23 33.25850457606631 3.0 36
2 0 0 7 2 0 4 0 0 1 0 0 2 4 0 12 13 8 4 12 2 0 0 0 0 0 4 4 0 0 0 0 2 2 4 1 2 0.5215871285638878 
0 0 0 0 2 1 0 0 4 4 0 0 0 0 0 11 0 4 7 7 0 4 1 0 2 0 0 1 0 4 0 0 2 4 0 0 5 0.4873461854222405 
1 0 0 0 1 2 0 4 1 0 4 4 0 2 0 0 0 0 0 0 1 0 0 0 1 4 0 4 1 4 0 0 1 4 0 12 0 0.9253954658003484 
---
6 24 76.18718701433258 1.0 36
1 0 0 0 1 2 0 4 1 0 4 4 0 2 0 0 0 0 0 0 1 0 0 0 1 4 0 4 1 4 0 0 1 4 0 12 0 0.9253954658003484 
---
6 25 33.25850457606631 3.0 36
2 0 0 7 2 0 4 0 0 1 0 0 2 4 0 12 13 8 4 12 2 0 0 0 0 0 4 4 0 0 0 0 2 2 4 1 2 0.5215871285638878 
1 0 0 0 1 2 0 4 1 0 4 4 0 2 0 0 0 0 0 0 1 0 0 0 1 4 0 4 1 4 0 0 1 4 0 12 0 0.9253954658003484 
0 0 0 0 2 1 0 0 4 4 0 0 0 0 0 11 0 4 7 7 0 4 1 0 2 0 0 1 0 4 0 0 2 4 0 0 5 0.4873461854222405 
---
6 26 76.18718701433258 1.0 36
1 0 0 0 0 2 0 4 1 0 4 4 0 2 0 0 0 0 0 0 1 0 0 7 1 4 0 4 1 4 0 0 1 4 0 12 0 0.7732583896500762 
---
6 27 52.82334657226732 2.0 36
0 0 0 0 2 1 0 1 4 4 0 0 0 0 0 11 0 4 1 7 0 0 1 0 2 0 0 1 0 4 0 0 2 4 0 0 5 0.652542628156972 
1 0 0 0 1 2 0 4 1 0 4 4 0 2 0 0 0 0 0 0 1 0 0 0 1 4 0 4 1 4 0 0 1 4 0 12 0 0.9253954658003484 
---
6 28 33.25850457606631 3.0 36
2 0 0 7 2 0 4 0 0 1 0 0 2 4 0 12 13 8 4 12 2 0 0 0 0 0 4 4 0 0 0 0 2 2 4 1 2 0.5215871285638878 
0 0 0 0 2 1 0 0 4 4 0 0 0 0 0 11 0 4 7 7 0 4 1 0 2 0 0 1 0 4 0 0 2 4 0 0 5 0.4873461854222405 
1 0 0 0 1 2 0 4 1 0 4 4 0 2 0 0 0 0 0 0 1 0 0 0 1 4 0 4 1 4 0 0 1 4 0 12 0 0.9253954658003484 
---
6 29 76.18718701433258 1.0 36
1 0 0 0 1 2 0 4 1 0 4 4 0 2 0 0 0 0 0 0 1 0 0 7 1 4 0 4 1 4 0 0 1 4 0 12 0 0.8079936328691335 
---
6 30 52.857882921775165 2.0 36
1 0 0 0 1 2 0 4 1 0 4 4 0 2 0 0 0 0 0 1 1 0 0 0 1 4 0 12 1 4 0 0 1 4 0 12 0 0.9350501490167904 
0 0 4 0 2 1 0 1 4 4 0 0 0 0 0 11 0 4 1 7 0 0 1 0 2 0 0 1 0 4 0 0 2 4 0 0 5 0.538716842042575 
---
6 31 33.25850457606631 3.0 36
2 0 0 7 2 0 4 0 0 1 0 0 2 4 0 12 13 8 4 12 2 0 0 0 0 0 4 4 0 0 0 0 2 2 4 1 2 0.5215871285638878 
1 0 0 0 1 2 0 4 1 0 4 4 0 2 0 0 0 0 0 0 1 0 0 0 1 4 0 4 1 4 0 0 1 4 0 12 0 0.9253954658003484 
0 0 0 0 2 1 0 0 4 4 0 0 0 0 0 11 0 4 7 7 0 4 1 0 2 0 0 1 0 4 0 0 2 4 0 0 5 0.4873461854222405 
---
6 32 76.18718701433258 1.0 36
0 0 2 0 2 0 0 0 1 0 2 1 4 0 0 0 0 2 0 0 0 0 0 0 0 2 0 0 0 0 0 0 1 0 2 0 0 0.2795814253510416 
---
6 33 52.82334657226732 2.0 36
0 0 0 0 2 1 0 1 4 4 0 0 0 0 0 11 0 4 1 7 0 0 1 0 2 0 0 1 0 4 0 0 2 4 0 0 5 0.652542628156972 
1 0 0 0 1 2 0 4 1 0 4 4 0 2 0 0 0 0 0 0 1 0 0 0 1 4 0 4 1 4 0 0 1 4 0 12 0 0.9253954658003484 
---
6 34 33.25850457606631 3.0 36
2 0 0 7 2 0 4 0 0 1 0 0 2 4 0 12 13 8 4 12 2 0 0 0 0 0 4 4 0 0 0 0 2 2 4 1 2 0.5215871285638878 
1 0 0 0 1 2 0 4 1 0 4 4 0 2 0 0 0 0 0 0 1 0 0 0 1 4 0 4 1 4 0 0 1 4 0 12 0 0.9253954658003484 
0 0 0 0 2 1 0 0 4 4 0 0 0 0 0 11 0 4 7 7 0 4 1 0 2 0 0 1 0 4 0 0 2 4 0 0 5 0.4873461854222405 
---
6 35 76.18718701433258 1.0 36
0 0 2 0 2 0 0 0 1 0 2 1 4 0 0 0 0 2 0 0 0 0 0 0 0 2 0 0 0 0 0 0 1 0 2 0 0 0.2795814253510416 
---
6 36 52.82334657226732 2.0 36
0 0 0 0 2 1 0 1 4 4 0 0 0 0 0 11 0 4 1 7 0 0 1 0 2 0 0 1 0 4 0 0 2 4 0 0 5 0.652542628156972 
1 0 0 0 1 2 0 4 1 0 4 4 0 2 0 0 0 0 0 0 1 0 0 0 1 4 0 4 1 4 0 0 1 4 0 12 0 0.9253954658003484 
---
6 37 33.25850457606631 3.0 36
2 0 0 7 2 0 4 0 0 1 0 0 2 4 0 12 13 8 4 12 2 0 0 0 0 0 4 4 0 0 0 0 2 2 4 1 2 0.5215871285638878 
0 0 0 0 2 1 0 0 4 4 0 0 0 0 0 11 0 4 7 7 0 4 1 0 2 0 0 1 0 4 0 0 2 4 0 0 5 0.4873461854222405 
1 0 0 0 1 2 0 4 1 0 4 4 0 2 0 0 0 0 0 0 1 0 0 0 1 4 0 4 1 4 0 0 1 4 0 12 0 0.9253954658003484 
---
6 38 76.18718701433258 1.0 36
1 0 0 0 1 2 0 4 1 0 4 4 0 2 0 0 0 0 0 0 1 0 0 0 1 4 0 4 1 4 0 0 1 4 0 12 0 0.9253954658003484 
