---
0 0 29.35855263157895 1.0 5
0 2 0 0 0 0 0.48464339708622584 
---
0 1 14.309210526315788 8.0 5
8 4 13 0 0 1 0.22853088461029003 
4 7 8 1 8 1 0.43467437702776124 
13 7 0 4 7 0 0.9887129404116393 
0 2 2 1 2 0 0.4278211374349741 
0 6 12 2 7 0 0.69876050759866 
11 1 0 1 2 0 0.2433955130937413 
13 4 4 7 11 0 0.994699254319074 
7 7 7 8 7 1 0.0904145011052 
---
0 2 21.052631578947366 2.0 5
4 7 8 8 2 1 0.28847306332069 
0 2 2 1 2 0 0.44857999952879946 
---
0 3 18.194901315789476 4.0 5
4 7 8 1 8 1 0.43467437702776124 
7 7 7 8 7 1 0.0904145011052 
8 4 13 0 0 1 0.22853088461029003 
0 2 2 1 2 0 0.4278211374349741 
---
0 4 16.50904605263158 5.0 5
4 7 8 1 8 1 0.43467437702776124 
0 2 2 1 2 0 0.4278211374349741 
7 7 7 8 7 1 0.0904145011052 
8 4 13 0 0 1 0.22853088461029003 
0 6 12 2 7 0 0.69876050759866 
---
0 5 21.052631578947366 2.0 5
0 2 2 1 2 0 0.44857999952879946 
4 7 8 8 2 1 0.28847306332069 
---
0 6 20.271381578947366 3.0 5
8 4 13 0 0 1 0.22853088461029003 
4 7 8 1 8 1 0.43467437702776124 
0 2 2 1 2 0 0.4278211374349741 
---
0 7 20.271381578947366 3.0 5
8 4 13 0 0 1 0.22853088461029003 
0 2 2 1 2 0 0.4278211374349741 
4 7 8 1 8 1 0.43467437702776124 
---
0 8 16.50904605263158 5.0 5
4 7 8 1 8 1 0.43467437702776124 
0 2 2 1 2 0 0.4278211374349741 
7 7 7 8 7 1 0.0904145011052 
8 4 13 0 0 1 0.22853088461029003 
0 6 12 2 7 0 0.69876050759866 
---
0 9 15.152138157894738 6.0 5
13 7 0 4 7 0 0.9887129404116393 
0 6 12 2 7 0 0.69876050759866 
8 4 13 0 0 1 0.22853088461029003 
0 2 2 1 2 0 0.4278211374349741 
4 7 8 1 8 1 0.43467437702776124 
7 7 7 8 7 1 0.0904145011052 
---
0 10 18.194901315789476 4.0 5
0 2 2 1 2 0 0.4278211374349741 
7 7 7 8 7 1 0.0904145011052 
8 4 13 0 0 1 0.22853088461029003 
4 7 8 1 8 1 0.43467437702776124 
---
0 11 15.152138157894738 6.0 5
13 7 0 4 7 0 0.9887129404116393 
0 6 12 2 7 0 0.69876050759866 
8 4 13 0 0 1 0.22853088461029003 
0 2 2 1 2 0 0.4278211374349741 
4 7 8 1 8 1 0.43467437702776124 
7 7 7 8 7 1 0.0904145011052 
---
0 12 14.514802631578947 7.0 5
4 7 8 1 8 1 0.43467437702776124 
7 7 7 8 7 1 0.0904145011052 
11 1 0 1 2 0 0.2433955130937413 
0 2 2 1 2 0 0.4278211374349741 
8 4 13 0 0 1 0.22853088461029003 
13 7 0 4 7 0 0.9887129404116393 
0 6 12 2 7 0 0.69876050759866 
---
0 13 14.514802631578947 7.0 5
4 7 8 1 8 1 0.43467437702776124 
7 7 7 8 7 1 0.0904145011052 
11 1 0 1 2 0 0.2433955130937413 
0 2 2 1 2 0 0.4278211374349741 
8 4 13 0 0 1 0.22853088461029003 
13 7 0 4 7 0 0.9887129404116393 
0 6 12 2 7 0 0.69876050759866 
---
0 14 29.420230263157894 1.0 5
0 1 4 0 0 0 0.3315823881066766 
---
0 15 14.309210526315788 8.0 5
8 4 13 0 0 1 0.22853088461029003 
4 7 8 1 8 1 0.43467437702776124 
13 7 0 4 7 0 0.9887129404116393 
0 2 2 1 2 0 0.4278211374349741 
0 6 12 2 7 0 0.69876050759866 
11 1 0 1 2 0 0.2433955130937413 
13 4 4 7 11 0 0.994699254319074 
7 7 7 8 7 1 0.0904145011052 
---
0 16 21.052631578947366 2.0 5
0 2 2 1 2 0 0.44857999952879946 
4 7 8 8 2 1 0.28847306332069 
---
0 17 16.50904605263158 5.0 5
4 7 8 1 8 1 0.43467437702776124 
0 2 2 1 2 0 0.4278211374349741 
7 7 7 8 7 1 0.0904145011052 
8 4 13 0 0 1 0.22853088461029003 
0 6 12 2 7 0 0.69876050759866 
---
0 18 18.194901315789476 4.0 5
0 2 2 1 2 0 0.4278211374349741 
7 7 7 8 7 1 0.0904145011052 
8 4 13 0 0 1 0.22853088461029003 
4 7 8 1 8 1 0.43467437702776124 
---
0 19 15.152138157894738 6.0 5
8 4 13 0 0 1 0.22853088461029003 
0 2 2 1 2 0 0.4278211374349741 
4 7 8 1 8 1 0.43467437702776124 
0 6 12 2 7 0 0.69876050759866 
13 7 0 4 7 0 0.9887129404116393 
7 7 7 8 7 1 0.0904145011052 
---
0 20 14.514802631578947 7.0 5
0 6 12 2 7 0 0.69876050759866 
11 1 0 1 2 0 0.2433955130937413 
4 7 8 1 8 1 0.43467437702776124 
8 4 13 0 0 1 0.22853088461029003 
0 2 2 1 2 0 0.4278211374349741 
13 7 0 4 7 0 0.9887129404116393 
7 7 7 8 7 1 0.0904145011052 
---
0 21 29.379111842105267 1.0 5
0 1 0 0 0 0 0.35261530512248274 
---
0 22 14.309210526315788 8.0 5
8 4 13 0 0 1 0.22853088461029003 
4 7 8 1 8 1 0.43467437702776124 
13 7 0 4 7 0 0.9887129404116393 
0 2 2 1 2 0 0.4278211374349741 
0 6 12 2 7 0 0.69876050759866 
11 1 0 1 2 0 0.2433955130937413 
13 4 4 7 11 0 0.994699254319074 
7 7 7 8 7 1 0.0904145011052 
---
0 23 21.052631578947366 2.0 5
0 2 2 1 2 0 0.44857999952879946 
4 7 8 8 2 1 0.28847306332069 
---
0 24 18.194901315789476 4.0 5
4 7 8 1 8 1 0.43467437702776124 
7 7 7 8 7 1 0.0904145011052 
8 4 13 0 0 1 0.22853088461029003 
0 2 2 1 2 0 0.4278211374349741 
---
0 25 16.50904605263158 5.0 5
7 7 7 8 7 1 0.0904145011052 
0 6 12 2 7 0 0.69876050759866 
8 4 13 0 0 1 0.22853088461029003 
0 2 2 1 2 0 0.4278211374349741 
4 7 8 1 8 1 0.43467437702776124 
---
0 26 15.152138157894738 6.0 5
0 6 12 2 7 0 0.69876050759866 
13 7 0 4 7 0 0.9887129404116393 
4 7 8 1 8 1 0.43467437702776124 
7 7 7 8 7 1 0.0904145011052 
0 2 2 1 2 0 0.4278211374349741 
8 4 13 0 0 1 0.22853088461029003 
---
0 27 14.514802631578947 7.0 5
11 1 0 1 2 0 0.2433955130937413 
13 7 0 4 7 0 0.9887129404116393 
0 6 12 2 7 0 0.69876050759866 
4 7 8 1 8 1 0.43467437702776124 
0 2 2 1 2 0 0.4278211374349741 
8 4 13 0 0 1 0.22853088461029003 
7 7 7 8 7 1 0.0904145011052 
---
0 28 29.379111842105267 1.0 5
0 2 0 2 0 0 0.365812751249606 
---
0 29 14.309210526315788 8.0 5
8 4 13 0 0 1 0.22853088461029003 
4 7 8 1 8 1 0.43467437702776124 
13 7 0 4 7 0 0.9887129404116393 
0 2 2 1 2 0 0.4278211374349741 
0 6 12 2 7 0 0.69876050759866 
11 1 0 1 2 0 0.2433955130937413 
13 4 4 7 11 0 0.994699254319074 
7 7 7 8 7 1 0.0904145011052 
---
0 30 21.052631578947366 2.0 5
0 2 2 1 2 0 0.44857999952879946 
4 7 8 8 2 1 0.28847306332069 
---
0 31 18.194901315789476 4.0 5
8 4 13 0 0 1 0.22853088461029003 
7 7 7 8 7 1 0.0904145011052 
4 7 8 1 8 1 0.43467437702776124 
0 2 2 1 2 0 0.4278211374349741 
---
0 32 16.50904605263158 5.0 5
4 7 8 1 8 1 0.43467437702776124 
0 2 2 1 2 0 0.4278211374349741 
7 7 7 8 7 1 0.0904145011052 
8 4 13 0 0 1 0.22853088461029003 
0 6 12 2 7 0 0.69876050759866 
---
0 33 15.152138157894738 6.0 5
0 6 12 2 7 0 0.69876050759866 
13 7 0 4 7 0 0.9887129404116393 
4 7 8 1 8 1 0.43467437702776124 
7 7 7 8 7 1 0.0904145011052 
0 2 2 1 2 0 0.4278211374349741 
8 4 13 0 0 1 0.22853088461029003 
---
0 34 14.514802631578947 7.0 5
11 1 0 1 2 0 0.2433955130937413 
13 7 0 4 7 0 0.9887129404116393 
0 6 12 2 7 0 0.69876050759866 
4 7 8 1 8 1 0.43467437702776124 
0 2 2 1 2 0 0.4278211374349741 
8 4 13 0 0 1 0.22853088461029003 
7 7 7 8 7 1 0.0904145011052 
---
0 35 29.399671052631575 1.0 5
0 1 0 0 4 0 0.3520382009515035 
---
0 36 14.309210526315788 8.0 5
8 4 13 0 0 1 0.22853088461029003 
4 7 8 1 8 1 0.43467437702776124 
13 7 0 4 7 0 0.9887129404116393 
0 2 2 1 2 0 0.4278211374349741 
0 6 12 2 7 0 0.69876050759866 
11 1 0 1 2 0 0.2433955130937413 
13 4 4 7 11 0 0.994699254319074 
7 7 7 8 7 1 0.0904145011052 
---
0 37 21.052631578947366 2.0 5
0 2 2 1 2 0 0.44857999952879946 
4 7 8 8 2 1 0.28847306332069 
---
0 38 18.194901315789476 4.0 5
4 7 8 1 8 1 0.43467437702776124 
7 7 7 8 7 1 0.0904145011052 
0 2 2 1 2 0 0.4278211374349741 
8 4 13 0 0 1 0.22853088461029003 
---
0 39 16.50904605263158 5.0 5
8 4 13 0 0 1 0.22853088461029003 
7 7 7 8 7 1 0.0904145011052 
0 2 2 1 2 0 0.4278211374349741 
4 7 8 1 8 1 0.43467437702776124 
0 6 12 2 7 0 0.69876050759866 
---
0 40 15.152138157894738 6.0 5
0 6 12 2 7 0 0.69876050759866 
13 7 0 4 7 0 0.9887129404116393 
4 7 8 1 8 1 0.43467437702776124 
7 7 7 8 7 1 0.0904145011052 
0 2 2 1 2 0 0.4278211374349741 
8 4 13 0 0 1 0.22853088461029003 
---
0 41 14.514802631578947 7.0 5
11 1 0 1 2 0 0.2433955130937413 
13 7 0 4 7 0 0.9887129404116393 
0 6 12 2 7 0 0.69876050759866 
4 7 8 1 8 1 0.43467437702776124 
0 2 2 1 2 0 0.4278211374349741 
8 4 13 0 0 1 0.22853088461029003 
7 7 7 8 7 1 0.0904145011052 
---
0 42 29.35855263157895 1.0 5
0 2 0 0 0 0 0.48464339708622584 
---
0 43 14.309210526315788 8.0 5
4 7 8 1 8 1 0.43467437702776124 
8 4 13 0 0 1 0.22853088461029003 
0 2 2 1 2 0 0.4278211374349741 
0 6 12 2 7 0 0.69876050759866 
13 7 0 4 7 0 0.9887129404116393 
11 1 0 1 2 0 0.2433955130937413 
7 7 7 8 7 1 0.0904145011052 
13 4 4 7 11 0 0.994699254319074 
---
0 44 21.052631578947366 2.0 5
4 7 8 8 2 1 0.28847306332069 
0 2 2 1 2 0 0.44857999952879946 
---
0 45 18.194901315789476 4.0 5
0 2 2 1 2 0 0.4278211374349741 
8 4 13 0 0 1 0.22853088461029003 
7 7 7 8 7 1 0.0904145011052 
4 7 8 1 8 1 0.43467437702776124 
---
0 46 16.50904605263158 5.0 5
8 4 13 0 0 1 0.22853088461029003 
7 7 7 8 7 1 0.0904145011052 
4 7 8 1 8 1 0.43467437702776124 
0 2 2 1 2 0 0.4278211374349741 
0 6 12 2 7 0 0.69876050759866 
---
0 47 15.152138157894738 6.0 5
0 6 12 2 7 0 0.69876050759866 
13 7 0 4 7 0 0.9887129404116393 
4 7 8 1 8 1 0.43467437702776124 
7 7 7 8 7 1 0.0904145011052 
0 2 2 1 2 0 0.4278211374349741 
8 4 13 0 0 1 0.22853088461029003 
---
0 48 14.514802631578947 7.0 5
4 7 8 1 8 1 0.43467437702776124 
7 7 7 8 7 1 0.0904145011052 
11 1 0 1 2 0 0.2433955130937413 
0 2 2 1 2 0 0.4278211374349741 
8 4 13 0 0 1 0.22853088461029003 
13 7 0 4 7 0 0.9887129404116393 
0 6 12 2 7 0 0.69876050759866 
---
0 49 29.35855263157895 1.0 5
0 2 0 0 0 0 0.48464339708622584 
---
0 50 14.309210526315788 8.0 5
8 4 13 0 0 1 0.22853088461029003 
4 7 8 1 8 1 0.43467437702776124 
13 7 0 4 7 0 0.9887129404116393 
0 2 2 1 2 0 0.4278211374349741 
0 6 12 2 7 0 0.69876050759866 
11 1 0 1 2 0 0.2433955130937413 
13 4 4 7 11 0 0.994699254319074 
7 7 7 8 7 1 0.0904145011052 
---
0 51 21.052631578947366 2.0 5
4 7 8 8 2 1 0.28847306332069 
0 2 2 1 2 0 0.44857999952879946 
---
0 52 18.194901315789476 4.0 5
4 7 8 1 8 1 0.43467437702776124 
7 7 7 8 7 1 0.0904145011052 
8 4 13 0 0 1 0.22853088461029003 
0 2 2 1 2 0 0.4278211374349741 
---
0 53 16.50904605263158 5.0 5
4 7 8 1 8 1 0.43467437702776124 
0 2 2 1 2 0 0.4278211374349741 
7 7 7 8 7 1 0.0904145011052 
8 4 13 0 0 1 0.22853088461029003 
0 6 12 2 7 0 0.69876050759866 
---
0 54 15.152138157894738 6.0 5
13 7 0 4 7 0 0.9887129404116393 
0 6 12 2 7 0 0.69876050759866 
8 4 13 0 0 1 0.22853088461029003 
0 2 2 1 2 0 0.4278211374349741 
4 7 8 1 8 1 0.43467437702776124 
7 7 7 8 7 1 0.0904145011052 
---
0 55 14.514802631578947 7.0 5
11 1 0 1 2 0 0.2433955130937413 
13 7 0 4 7 0 0.9887129404116393 
0 6 12 2 7 0 0.69876050759866 
4 7 8 1 8 1 0.43467437702776124 
0 2 2 1 2 0 0.4278211374349741 
8 4 13 0 0 1 0.22853088461029003 
7 7 7 8 7 1 0.0904145011052 
---
0 56 29.399671052631575 1.0 5
0 0 4 0 0 0 0.3855197667804323 
---
0 57 14.309210526315788 8.0 5
8 4 13 0 0 1 0.22853088461029003 
4 7 8 1 8 1 0.43467437702776124 
13 7 0 4 7 0 0.9887129404116393 
0 2 2 1 2 0 0.4278211374349741 
0 6 12 2 7 0 0.69876050759866 
11 1 0 1 2 0 0.2433955130937413 
13 4 4 7 11 0 0.994699254319074 
7 7 7 8 7 1 0.0904145011052 
---
0 58 21.052631578947366 2.0 5
0 2 2 1 2 0 0.44857999952879946 
4 7 8 8 2 1 0.28847306332069 
---
1 0 29.35855263157895 1.0 5
0 0 0 1 2 0 0.4716510546982837 
---
1 1 14.309210526315788 8.0 5
7 7 7 8 7 1 0.0904145011052 
8 4 13 0 0 1 0.22853088461029003 
13 7 0 4 7 0 0.9887129404116393 
13 4 4 7 11 0 0.994699254319074 
0 6 12 2 7 0 0.69876050759866 
4 7 8 1 8 1 0.43467437702776124 
0 2 2 1 2 0 0.4278211374349741 
11 1 0 1 2 0 0.2433955130937413 
---
1 2 22.985197368421055 2.0 5
4 7 8 1 8 1 0.43467437702776124 
0 2 2 1 2 0 0.4278211374349741 
---
1 3 22.985197368421055 2.0 5
0 2 2 1 2 0 0.4278211374349741 
4 7 8 1 8 1 0.43467437702776124 
---
1 4 20.271381578947366 3.0 5
8 4 13 0 0 1 0.22853088461029003 
0 2 2 1 2 0 0.4278211374349741 
4 7 8 1 8 1 0.43467437702776124 
---
1 5 14.720394736842104 7.0 5
13 4 4 7 11 0 0.994699254319074 
7 7 7 8 7 1 0.0904145011052 
0 2 2 1 2 0 0.4278211374349741 
8 4 13 0 0 1 0.22853088461029003 
4 7 8 1 8 1 0.43467437702776124 
0 6 12 2 7 0 0.69876050759866 
11 1 0 1 2 0 0.2433955130937413 
---
1 6 20.271381578947366 3.0 5
0 2 2 1 2 0 0.4278211374349741 
8 4 13 0 0 1 0.22853088461029003 
4 7 8 1 8 1 0.43467437702776124 
---
1 7 18.194901315789476 4.0 5
0 2 2 1 2 0 0.4278211374349741 
8 4 13 0 0 1 0.22853088461029003 
4 7 8 1 8 1 0.43467437702776124 
7 7 7 8 7 1 0.0904145011052 
---
1 8 18.194901315789476 4.0 5
0 2 2 1 2 0 0.4278211374349741 
8 4 13 0 0 1 0.22853088461029003 
4 7 8 1 8 1 0.43467437702776124 
7 7 7 8 7 1 0.0904145011052 
---
1 9 17.023026315789476 5.0 5
8 4 13 0 0 1 0.22853088461029003 
7 7 7 8 7 1 0.0904145011052 
4 7 8 1 8 1 0.43467437702776124 
13 4 4 7 11 0 0.994699254319074 
0 2 2 1 2 0 0.4278211374349741 
---
1 10 17.023026315789476 5.0 5
13 4 4 7 11 0 0.994699254319074 
4 7 8 1 8 1 0.43467437702776124 
0 2 2 1 2 0 0.4278211374349741 
8 4 13 0 0 1 0.22853088461029003 
7 7 7 8 7 1 0.0904145011052 
---
1 11 15.357730263157896 6.0 5
0 6 12 2 7 0 0.69876050759866 
13 4 4 7 11 0 0.994699254319074 
8 4 13 0 0 1 0.22853088461029003 
4 7 8 1 8 1 0.43467437702776124 
0 2 2 1 2 0 0.4278211374349741 
7 7 7 8 7 1 0.0904145011052 
---
1 12 15.357730263157896 6.0 5
0 6 12 2 7 0 0.69876050759866 
13 4 4 7 11 0 0.994699254319074 
8 4 13 0 0 1 0.22853088461029003 
4 7 8 1 8 1 0.43467437702776124 
0 2 2 1 2 0 0.4278211374349741 
7 7 7 8 7 1 0.0904145011052 
---
1 13 29.399671052631575 1.0 5
0 0 1 1 1 0 0.6477144682785905 
---
1 14 14.309210526315788 8.0 5
7 7 7 8 7 1 0.0904145011052 
8 4 13 0 0 1 0.22853088461029003 
13 7 0 4 7 0 0.9887129404116393 
13 4 4 7 11 0 0.994699254319074 
0 6 12 2 7 0 0.69876050759866 
4 7 8 1 8 1 0.43467437702776124 
0 2 2 1 2 0 0.4278211374349741 
11 1 0 1 2 0 0.2433955130937413 
---
1 15 22.985197368421055 2.0 5
4 7 8 1 8 1 0.43467437702776124 
0 2 2 1 2 0 0.4278211374349741 
---
1 16 20.271381578947366 3.0 5
0 2 2 1 2 0 0.4278211374349741 
4 7 8 1 8 1 0.43467437702776124 
8 4 13 0 0 1 0.22853088461029003 
---
1 17 18.194901315789476 4.0 5
0 2 2 1 2 0 0.4278211374349741 
8 4 13 0 0 1 0.22853088461029003 
4 7 8 1 8 1 0.43467437702776124 
7 7 7 8 7 1 0.0904145011052 
---
1 18 15.357730263157896 6.0 5
0 6 12 2 7 0 0.69876050759866 
13 4 4 7 11 0 0.994699254319074 
8 4 13 0 0 1 0.22853088461029003 
4 7 8 1 8 1 0.43467437702776124 
0 2 2 1 2 0 0.4278211374349741 
7 7 7 8 7 1 0.0904145011052 
---
1 19 29.379111842105267 1.0 5
0 4 0 1 2 0 0.47952649017563753 
---
1 20 14.309210526315788 8.0 5
7 7 7 8 7 1 0.0904145011052 
8 4 13 0 0 1 0.22853088461029003 
13 7 0 4 7 0 0.9887129404116393 
13 4 4 7 11 0 0.994699254319074 
0 6 12 2 7 0 0.69876050759866 
4 7 8 1 8 1 0.43467437702776124 
0 2 2 1 2 0 0.4278211374349741 
11 1 0 1 2 0 0.2433955130937413 
---
1 21 22.985197368421055 2.0 5
4 7 8 1 8 1 0.43467437702776124 
0 2 2 1 2 0 0.4278211374349741 
---
1 22 20.271381578947366 3.0 5
0 2 2 1 2 0 0.4278211374349741 
8 4 13 0 0 1 0.22853088461029003 
4 7 8 1 8 1 0.43467437702776124 
---
1 23 18.194901315789476 4.0 5
0 2 2 1 2 0 0.4278211374349741 
8 4 13 0 0 1 0.22853088461029003 
4 7 8 1 8 1 0.43467437702776124 
7 7 7 8 7 1 0.0904145011052 
---
1 24 15.357730263157896 6.0 5
0 6 12 2 7 0 0.69876050759866 
13 4 4 7 11 0 0.994699254319074 
8 4 13 0 0 1 0.22853088461029003 
4 7 8 1 8 1 0.43467437702776124 
0 2 2 1 2 0 0.4278211374349741 
7 7 7 8 7 1 0.0904145011052 
---
1 25 29.379111842105267 1.0 5
0 4 0 1 2 0 0.47952649017563753 
---
1 26 14.309210526315788 8.0 5
13 7 0 4 7 0 0.9887129404116393 
11 1 0 1 2 0 0.2433955130937413 
13 4 4 7 11 0 0.994699254319074 
7 7 7 8 7 1 0.0904145011052 
0 6 12 2 7 0 0.69876050759866 
4 7 8 1 8 1 0.43467437702776124 
8 4 13 0 0 1 0.22853088461029003 
0 2 2 1 2 0 0.4278211374349741 
---
1 27 22.985197368421055 2.0 5
4 7 8 1 8 1 0.43467437702776124 
0 2 2 1 2 0 0.4278211374349741 
---
1 28 20.271381578947366 3.0 5
0 2 2 1 2 0 0.4278211374349741 
4 7 8 1 8 1 0.43467437702776124 
8 4 13 0 0 1 0.22853088461029003 
---
1 29 18.194901315789476 4.0 5
8 4 13 0 0 1 0.22853088461029003 
7 7 7 8 7 1 0.0904145011052 
0 2 2 1 2 0 0.4278211374349741 
4 7 8 1 8 1 0.43467437702776124 
---
1 30 29.35855263157895 1.0 5
0 0 0 1 2 0 0.4716510546982837 
---
1 31 14.309210526315788 8.0 5
7 7 7 8 7 1 0.0904145011052 
8 4 13 0 0 1 0.22853088461029003 
13 7 0 4 7 0 0.9887129404116393 
13 4 4 7 11 0 0.994699254319074 
0 6 12 2 7 0 0.69876050759866 
4 7 8 1 8 1 0.43467437702776124 
0 2 2 1 2 0 0.4278211374349741 
11 1 0 1 2 0 0.2433955130937413 
---
1 32 22.985197368421055 2.0 5
4 7 8 1 8 1 0.43467437702776124 
0 2 2 1 2 0 0.4278211374349741 
---
1 33 20.271381578947366 3.0 5
0 2 2 1 2 0 0.4278211374349741 
8 4 13 0 0 1 0.22853088461029003 
4 7 8 1 8 1 0.43467437702776124 
---
1 34 18.194901315789476 4.0 5
8 4 13 0 0 1 0.22853088461029003 
7 7 7 8 7 1 0.0904145011052 
0 2 2 1 2 0 0.4278211374349741 
4 7 8 1 8 1 0.43467437702776124 
---
1 35 29.379111842105267 1.0 5
0 0 1 1 2 0 0.5883384667315761 
---
1 36 14.309210526315788 8.0 5
13 4 4 7 11 0 0.994699254319074 
0 2 2 1 2 0 0.4278211374349741 
11 1 0 1 2 0 0.2433955130937413 
13 7 0 4 7 0 0.9887129404116393 
0 6 12 2 7 0 0.69876050759866 
4 7 8 1 8 1 0.43467437702776124 
7 7 7 8 7 1 0.0904145011052 
8 4 13 0 0 1 0.22853088461029003 
---
1 37 22.985197368421055 2.0 5
4 7 8 1 8 1 0.43467437702776124 
0 2 2 1 2 0 0.4278211374349741 
---
1 38 20.271381578947366 3.0 5
0 2 2 1 2 0 0.4278211374349741 
8 4 13 0 0 1 0.22853088461029003 
4 7 8 1 8 1 0.43467437702776124 
---
1 39 18.194901315789476 4.0 5
4 7 8 1 8 1 0.43467437702776124 
7 7 7 8 7 1 0.0904145011052 
8 4 13 0 0 1 0.22853088461029003 
0 2 2 1 2 0 0.4278211374349741 
---
1 40 29.399671052631575 1.0 5
0 1 1 1 2 0 0.5272599828043352 
---
1 41 14.309210526315788 8.0 5
7 7 7 8 7 1 0.0904145011052 
8 4 13 0 0 1 0.22853088461029003 
13 7 0 4 7 0 0.9887129404116393 
13 4 4 7 11 0 0.994699254319074 
0 6 12 2 7 0 0.69876050759866 
4 7 8 1 8 1 0.43467437702776124 
0 2 2 1 2 0 0.4278211374349741 
11 1 0 1 2 0 0.2433955130937413 
---
1 42 22.985197368421055 2.0 5
0 2 2 1 2 0 0.4278211374349741 
4 7 8 1 8 1 0.43467437702776124 
---
1 43 20.271381578947366 3.0 5
8 4 13 0 0 1 0.22853088461029003 
4 7 8 1 8 1 0.43467437702776124 
0 2 2 1 2 0 0.4278211374349741 
---
1 44 18.194901315789476 4.0 5
7 7 7 8 7 1 0.0904145011052 
4 7 8 1 8 1 0.43467437702776124 
0 2 2 1 2 0 0.4278211374349741 
8 4 13 0 0 1 0.22853088461029003 
---
1 45 29.379111842105267 1.0 5
0 4 0 1 2 0 0.47952649017563753 
---
1 46 14.309210526315788 8.0 5
7 7 7 8 7 1 0.0904145011052 
8 4 13 0 0 1 0.22853088461029003 
13 7 0 4 7 0 0.9887129404116393 
13 4 4 7 11 0 0.994699254319074 
0 6 12 2 7 0 0.69876050759866 
4 7 8 1 8 1 0.43467437702776124 
0 2 2 1 2 0 0.4278211374349741 
11 1 0 1 2 0 0.2433955130937413 
---
1 47 22.985197368421055 2.0 5
0 2 2 1 2 0 0.4278211374349741 
4 7 8 1 8 1 0.43467437702776124 
---
1 48 20.271381578947366 3.0 5
8 4 13 0 0 1 0.22853088461029003 
4 7 8 1 8 1 0.43467437702776124 
0 2 2 1 2 0 0.4278211374349741 
---
1 49 18.194901315789476 4.0 5
4 7 8 1 8 1 0.43467437702776124 
8 4 13 0 0 1 0.22853088461029003 
0 2 2 1 2 0 0.4278211374349741 
7 7 7 8 7 1 0.0904145011052 
---
1 50 29.379111842105267 1.0 5
0 4 0 1 2 0 0.47952649017563753 
---
1 51 14.309210526315788 8.0 5
7 7 7 8 7 1 0.0904145011052 
8 4 13 0 0 1 0.22853088461029003 
13 7 0 4 7 0 0.9887129404116393 
13 4 4 7 11 0 0.994699254319074 
0 6 12 2 7 0 0.69876050759866 
4 7 8 1 8 1 0.43467437702776124 
0 2 2 1 2 0 0.4278211374349741 
11 1 0 1 2 0 0.2433955130937413 
---
1 52 22.985197368421055 2.0 5
0 2 2 1 2 0 0.4278211374349741 
4 7 8 1 8 1 0.43467437702776124 
---
1 53 20.271381578947366 3.0 5
4 7 8 1 8 1 0.43467437702776124 
8 4 13 0 0 1 0.22853088461029003 
0 2 2 1 2 0 0.4278211374349741 
---
1 54 18.194901315789476 4.0 5
8 4 13 0 0 1 0.22853088461029003 
7 7 7 8 7 1 0.0904145011052 
0 2 2 1 2 0 0.4278211374349741 
4 7 8 1 8 1 0.43467437702776124 
---
1 55 29.35855263157895 1.0 5
0 0 0 1 2 0 0.4716510546982837 
---
1 56 14.309210526315788 8.0 5
7 7 7 8 7 1 0.0904145011052 
8 4 13 0 0 1 0.22853088461029003 
13 7 0 4 7 0 0.9887129404116393 
13 4 4 7 11 0 0.994699254319074 
0 6 12 2 7 0 0.69876050759866 
4 7 8 1 8 1 0.43467437702776124 
0 2 2 1 2 0 0.4278211374349741 
11 1 0 1 2 0 0.2433955130937413 
---
1 57 22.985197368421055 2.0 5
4 7 8 1 8 1 0.43467437702776124 
0 2 2 1 2 0 0.4278211374349741 
---
1 58 20.271381578947366 3.0 5
4 7 8 1 8 1 0.43467437702776124 
0 2 2 1 2 0 0.4278211374349741 
8 4 13 0 0 1 0.22853088461029003 
---
1 59 18.194901315789476 4.0 5
0 2 2 1 2 0 0.4278211374349741 
8 4 13 0 0 1 0.22853088461029003 
4 7 8 1 8 1 0.43467437702776124 
7 7 7 8 7 1 0.0904145011052 
---
2 0 29.35855263157895 1.0 5
0 0 0 1 2 0 0.45116380164690595 
---
2 1 14.309210526315788 8.0 5
7 7 7 8 7 1 0.0904145011052 
8 4 13 0 0 1 0.22853088461029003 
13 7 0 4 7 0 0.9887129404116393 
13 4 4 7 11 0 0.994699254319074 
0 6 12 2 7 0 0.69876050759866 
4 7 8 1 8 1 0.43467437702776124 
0 2 2 1 2 0 0.4278211374349741 
11 1 0 1 2 0 0.2433955130937413 
---
2 2 20.826480263157894 2.0 5
0 2 2 1 2 0 0.4278211374349741 
12 7 8 8 2 1 0.41344190623379395 
---
2 3 16.776315789473685 5.0 5
7 7 7 8 7 1 0.0904145011052 
13 7 0 4 7 0 0.9887129404116393 
8 4 13 0 0 1 0.22853088461029003 
4 7 8 1 8 1 0.43467437702776124 
0 2 2 1 2 0 0.4278211374349741 
---
2 4 16.776315789473685 5.0 5
7 7 7 8 7 1 0.0904145011052 
4 7 8 1 8 1 0.43467437702776124 
8 4 13 0 0 1 0.22853088461029003 
13 7 0 4 7 0 0.9887129404116393 
0 2 2 1 2 0 0.4278211374349741 
---
2 5 15.707236842105262 6.0 5
7 7 7 8 7 1 0.0904145011052 
0 2 2 1 2 0 0.4278211374349741 
13 7 0 4 7 0 0.9887129404116393 
8 4 13 0 0 1 0.22853088461029003 
11 1 0 1 2 0 0.2433955130937413 
4 7 8 1 8 1 0.43467437702776124 
---
2 6 19.551809210526315 3.0 5
4 7 8 1 8 1 0.43467437702776124 
12 7 8 8 2 1 0.41344190623379395 
0 2 2 1 2 0 0.4278211374349741 
---
2 7 20.826480263157894 2.0 5
12 7 8 8 2 1 0.41344190623379395 
0 2 2 1 2 0 0.4278211374349741 
---
2 8 15.707236842105262 6.0 5
7 7 7 8 7 1 0.0904145011052 
0 2 2 1 2 0 0.4278211374349741 
13 7 0 4 7 0 0.9887129404116393 
8 4 13 0 0 1 0.22853088461029003 
11 1 0 1 2 0 0.2433955130937413 
4 7 8 1 8 1 0.43467437702776124 
---
2 9 19.551809210526315 3.0 5
4 7 8 1 8 1 0.43467437702776124 
12 7 8 8 2 1 0.41344190623379395 
0 2 2 1 2 0 0.4278211374349741 
---
2 10 14.514802631578947 7.0 5
0 2 2 1 2 0 0.4278211374349741 
4 7 8 1 8 1 0.43467437702776124 
7 7 7 8 7 1 0.0904145011052 
11 1 0 1 2 0 0.2433955130937413 
0 6 12 2 7 0 0.69876050759866 
13 7 0 4 7 0 0.9887129404116393 
8 4 13 0 0 1 0.22853088461029003 
---
2 11 14.514802631578947 7.0 5
0 2 2 1 2 0 0.4278211374349741 
4 7 8 1 8 1 0.43467437702776124 
7 7 7 8 7 1 0.0904145011052 
11 1 0 1 2 0 0.2433955130937413 
0 6 12 2 7 0 0.69876050759866 
13 7 0 4 7 0 0.9887129404116393 
8 4 13 0 0 1 0.22853088461029003 
---
2 12 29.35855263157895 1.0 5
0 0 0 1 2 0 0.45116380164690595 
---
2 13 14.309210526315788 8.0 5
13 4 4 7 11 0 0.994699254319074 
11 1 0 1 2 0 0.2433955130937413 
0 6 12 2 7 0 0.69876050759866 
13 7 0 4 7 0 0.9887129404116393 
7 7 7 8 7 1 0.0904145011052 
8 4 13 0 0 1 0.22853088461029003 
4 7 8 1 8 1 0.43467437702776124 
0 2 2 1 2 0 0.4278211374349741 
---
2 14 16.776315789473685 5.0 5
7 7 7 8 7 1 0.0904145011052 
13 7 0 4 7 0 0.9887129404116393 
8 4 13 0 0 1 0.22853088461029003 
4 7 8 1 8 1 0.43467437702776124 
0 2 2 1 2 0 0.4278211374349741 
---
2 15 20.826480263157894 2.0 5
0 2 2 1 2 0 0.4278211374349741 
12 7 8 8 2 1 0.41344190623379395 
---
2 16 15.707236842105262 6.0 5
7 7 7 8 7 1 0.0904145011052 
0 2 2 1 2 0 0.4278211374349741 
13 7 0 4 7 0 0.9887129404116393 
8 4 13 0 0 1 0.22853088461029003 
11 1 0 1 2 0 0.2433955130937413 
4 7 8 1 8 1 0.43467437702776124 
---
2 17 19.551809210526315 3.0 5
4 7 8 1 8 1 0.43467437702776124 
12 7 8 8 2 1 0.41344190623379395 
0 2 2 1 2 0 0.4278211374349741 
---
2 18 14.514802631578947 7.0 5
0 2 2 1 2 0 0.4278211374349741 
4 7 8 1 8 1 0.43467437702776124 
7 7 7 8 7 1 0.0904145011052 
11 1 0 1 2 0 0.2433955130937413 
0 6 12 2 7 0 0.69876050759866 
13 7 0 4 7 0 0.9887129404116393 
8 4 13 0 0 1 0.22853088461029003 
---
2 19 29.35855263157895 1.0 5
0 0 0 1 2 0 0.45116380164690595 
---
2 20 14.309210526315788 8.0 5
7 7 7 8 7 1 0.0904145011052 
8 4 13 0 0 1 0.22853088461029003 
13 7 0 4 7 0 0.9887129404116393 
13 4 4 7 11 0 0.994699254319074 
0 6 12 2 7 0 0.69876050759866 
4 7 8 1 8 1 0.43467437702776124 
0 2 2 1 2 0 0.4278211374349741 
11 1 0 1 2 0 0.2433955130937413 
---
2 21 16.776315789473685 5.0 5
7 7 7 8 7 1 0.0904145011052 
13 7 0 4 7 0 0.9887129404116393 
8 4 13 0 0 1 0.22853088461029003 
4 7 8 1 8 1 0.43467437702776124 
0 2 2 1 2 0 0.4278211374349741 
---
2 22 20.826480263157894 2.0 5
0 2 2 1 2 0 0.4278211374349741 
12 7 8 8 2 1 0.41344190623379395 
---
2 23 15.707236842105262 6.0 5
11 1 0 1 2 0 0.2433955130937413 
7 7 7 8 7 1 0.0904145011052 
8 4 13 0 0 1 0.22853088461029003 
13 7 0 4 7 0 0.9887129404116393 
4 7 8 1 8 1 0.43467437702776124 
0 2 2 1 2 0 0.4278211374349741 
---
2 24 19.551809210526315 3.0 5
4 7 8 1 8 1 0.43467437702776124 
12 7 8 8 2 1 0.41344190623379395 
0 2 2 1 2 0 0.4278211374349741 
---
2 25 14.514802631578947 7.0 5
0 2 2 1 2 0 0.4278211374349741 
4 7 8 1 8 1 0.43467437702776124 
7 7 7 8 7 1 0.0904145011052 
11 1 0 1 2 0 0.2433955130937413 
0 6 12 2 7 0 0.69876050759866 
13 7 0 4 7 0 0.9887129404116393 
8 4 13 0 0 1 0.22853088461029003 
---
2 26 29.35855263157895 1.0 5
0 0 0 1 2 0 0.45116380164690595 
---
2 27 14.309210526315788 8.0 5
7 7 7 8 7 1 0.0904145011052 
8 4 13 0 0 1 0.22853088461029003 
13 7 0 4 7 0 0.9887129404116393 
13 4 4 7 11 0 0.994699254319074 
0 6 12 2 7 0 0.69876050759866 
4 7 8 1 8 1 0.43467437702776124 
0 2 2 1 2 0 0.4278211374349741 
11 1 0 1 2 0 0.2433955130937413 
---
2 28 16.776315789473685 5.0 5
7 7 7 8 7 1 0.0904145011052 
13 7 0 4 7 0 0.9887129404116393 
8 4 13 0 0 1 0.22853088461029003 
4 7 8 1 8 1 0.43467437702776124 
0 2 2 1 2 0 0.4278211374349741 
---
2 29 20.826480263157894 2.0 5
0 2 2 1 2 0 0.4278211374349741 
12 7 8 8 2 1 0.41344190623379395 
---
2 30 15.707236842105262 6.0 5
7 7 7 8 7 1 0.0904145011052 
0 2 2 1 2 0 0.4278211374349741 
13 7 0 4 7 0 0.9887129404116393 
8 4 13 0 0 1 0.22853088461029003 
11 1 0 1 2 0 0.2433955130937413 
4 7 8 1 8 1 0.43467437702776124 
---
2 31 19.551809210526315 3.0 5
12 7 8 8 2 1 0.41344190623379395 
4 7 8 1 8 1 0.43467437702776124 
0 2 2 1 2 0 0.4278211374349741 
---
2 32 14.514802631578947 7.0 5
0 2 2 1 2 0 0.4278211374349741 
4 7 8 1 8 1 0.43467437702776124 
7 7 7 8 7 1 0.0904145011052 
11 1 0 1 2 0 0.2433955130937413 
0 6 12 2 7 0 0.69876050759866 
13 7 0 4 7 0 0.9887129404116393 
8 4 13 0 0 1 0.22853088461029003 
---
2 33 29.379111842105267 1.0 5
0 0 0 1 1 0 0.549252421378646 
---
2 34 14.309210526315788 8.0 5
7 7 7 8 7 1 0.0904145011052 
8 4 13 0 0 1 0.22853088461029003 
13 7 0 4 7 0 0.9887129404116393 
13 4 4 7 11 0 0.994699254319074 
0 6 12 2 7 0 0.69876050759866 
4 7 8 1 8 1 0.43467437702776124 
0 2 2 1 2 0 0.4278211374349741 
11 1 0 1 2 0 0.2433955130937413 
---
2 35 16.776315789473685 5.0 5
13 7 0 4 7 0 0.9887129404116393 
0 2 2 1 2 0 0.4278211374349741 
8 4 13 0 0 1 0.22853088461029003 
7 7 7 8 7 1 0.0904145011052 
4 7 8 1 8 1 0.43467437702776124 
---
2 36 20.826480263157894 2.0 5
0 2 2 1 2 0 0.4278211374349741 
12 7 8 8 2 1 0.41344190623379395 
---
2 37 15.707236842105262 6.0 5
7 7 7 8 7 1 0.0904145011052 
0 2 2 1 2 0 0.4278211374349741 
13 7 0 4 7 0 0.9887129404116393 
8 4 13 0 0 1 0.22853088461029003 
11 1 0 1 2 0 0.2433955130937413 
4 7 8 1 8 1 0.43467437702776124 
---
2 38 19.551809210526315 3.0 5
4 7 8 1 8 1 0.43467437702776124 
12 7 8 8 2 1 0.41344190623379395 
0 2 2 1 2 0 0.4278211374349741 
---
2 39 14.514802631578947 7.0 5
0 2 2 1 2 0 0.4278211374349741 
4 7 8 1 8 1 0.43467437702776124 
7 7 7 8 7 1 0.0904145011052 
11 1 0 1 2 0 0.2433955130937413 
0 6 12 2 7 0 0.69876050759866 
13 7 0 4 7 0 0.9887129404116393 
8 4 13 0 0 1 0.22853088461029003 
---
2 40 29.35855263157895 1.0 5
0 0 0 1 2 0 0.45116380164690595 
---
2 41 14.309210526315788 8.0 5
13 4 4 7 11 0 0.994699254319074 
11 1 0 1 2 0 0.2433955130937413 
0 6 12 2 7 0 0.69876050759866 
13 7 0 4 7 0 0.9887129404116393 
7 7 7 8 7 1 0.0904145011052 
8 4 13 0 0 1 0.22853088461029003 
4 7 8 1 8 1 0.43467437702776124 
0 2 2 1 2 0 0.4278211374349741 
---
2 42 16.776315789473685 5.0 5
7 7 7 8 7 1 0.0904145011052 
13 7 0 4 7 0 0.9887129404116393 
8 4 13 0 0 1 0.22853088461029003 
4 7 8 1 8 1 0.43467437702776124 
0 2 2 1 2 0 0.4278211374349741 
---
2 43 20.826480263157894 2.0 5
0 2 2 1 2 0 0.4278211374349741 
12 7 8 8 2 1 0.41344190623379395 
---
2 44 15.707236842105262 6.0 5
7 7 7 8 7 1 0.0904145011052 
0 2 2 1 2 0 0.4278211374349741 
13 7 0 4 7 0 0.9887129404116393 
8 4 13 0 0 1 0.22853088461029003 
11 1 0 1 2 0 0.2433955130937413 
4 7 8 1 8 1 0.43467437702776124 
---
2 45 19.551809210526315 3.0 5
4 7 8 1 8 1 0.43467437702776124 
12 7 8 8 2 1 0.41344190623379395 
0 2 2 1 2 0 0.4278211374349741 
---
2 46 14.514802631578947 7.0 5
0 2 2 1 2 0 0.4278211374349741 
4 7 8 1 8 1 0.43467437702776124 
7 7 7 8 7 1 0.0904145011052 
11 1 0 1 2 0 0.2433955130937413 
0 6 12 2 7 0 0.69876050759866 
13 7 0 4 7 0 0.9887129404116393 
8 4 13 0 0 1 0.22853088461029003 
---
2 47 29.35855263157895 1.0 5
0 0 0 1 2 0 0.45116380164690595 
---
2 48 14.309210526315788 8.0 5
7 7 7 8 7 1 0.0904145011052 
13 7 0 4 7 0 0.9887129404116393 
13 4 4 7 11 0 0.994699254319074 
0 2 2 1 2 0 0.4278211374349741 
4 7 8 1 8 1 0.43467437702776124 
11 1 0 1 2 0 0.2433955130937413 
0 6 12 2 7 0 0.69876050759866 
8 4 13 0 0 1 0.22853088461029003 
---
2 49 16.776315789473685 5.0 5
7 7 7 8 7 1 0.0904145011052 
13 7 0 4 7 0 0.9887129404116393 
8 4 13 0 0 1 0.22853088461029003 
4 7 8 1 8 1 0.43467437702776124 
0 2 2 1 2 0 0.4278211374349741 
---
2 50 20.826480263157894 2.0 5
0 2 2 1 2 0 0.4278211374349741 
12 7 8 8 2 1 0.41344190623379395 
---
2 51 15.707236842105262 6.0 5
7 7 7 8 7 1 0.0904145011052 
0 2 2 1 2 0 0.4278211374349741 
13 7 0 4 7 0 0.9887129404116393 
8 4 13 0 0 1 0.22853088461029003 
11 1 0 1 2 0 0.2433955130937413 
4 7 8 1 8 1 0.43467437702776124 
---
2 52 19.551809210526315 3.0 5
4 7 8 1 8 1 0.43467437702776124 
12 7 8 8 2 1 0.41344190623379395 
0 2 2 1 2 0 0.4278211374349741 
---
2 53 14.514802631578947 7.0 5
0 2 2 1 2 0 0.4278211374349741 
4 7 8 1 8 1 0.43467437702776124 
7 7 7 8 7 1 0.0904145011052 
11 1 0 1 2 0 0.2433955130937413 
0 6 12 2 7 0 0.69876050759866 
13 7 0 4 7 0 0.9887129404116393 
8 4 13 0 0 1 0.22853088461029003 
---
2 54 29.35855263157895 1.0 5
0 0 0 1 2 0 0.45116380164690595 
---
2 55 14.309210526315788 8.0 5
7 7 7 8 7 1 0.0904145011052 
8 4 13 0 0 1 0.22853088461029003 
13 7 0 4 7 0 0.9887129404116393 
13 4 4 7 11 0 0.994699254319074 
0 6 12 2 7 0 0.69876050759866 
4 7 8 1 8 1 0.43467437702776124 
0 2 2 1 2 0 0.4278211374349741 
11 1 0 1 2 0 0.2433955130937413 
---
2 56 16.776315789473685 5.0 5
7 7 7 8 7 1 0.0904145011052 
13 7 0 4 7 0 0.9887129404116393 
8 4 13 0 0 1 0.22853088461029003 
4 7 8 1 8 1 0.43467437702776124 
0 2 2 1 2 0 0.4278211374349741 
---
3 0 29.35855263157895 1.0 5
0 2 0 1 0 0 0.5800138819707081 
---
3 1 14.309210526315788 8.0 5
13 4 4 7 11 0 0.994699254319074 
13 7 0 4 7 0 0.9887129404116393 
7 7 7 8 7 1 0.0904145011052 
0 6 12 2 7 0 0.69876050759866 
4 7 8 1 8 1 0.43467437702776124 
8 4 13 0 0 1 0.22853088461029003 
0 2 2 1 2 0 0.4278211374349741 
11 1 0 1 2 0 0.2433955130937413 
---
3 2 21.258223684210524 2.0 5
0 2 2 1 2 0 0.4278211374349741 
4 7 8 8 2 1 0.3168243664786268 
---
3 3 15.152138157894738 6.0 5
0 2 2 1 2 0 0.4278211374349741 
4 7 8 1 8 1 0.43467437702776124 
7 7 7 8 7 1 0.0904145011052 
8 4 13 0 0 1 0.22853088461029003 
0 6 12 2 7 0 0.69876050759866 
13 7 0 4 7 0 0.9887129404116393 
---
3 4 18.194901315789476 4.0 5
7 7 7 8 7 1 0.0904145011052 
4 7 8 1 8 1 0.43467437702776124 
8 4 13 0 0 1 0.22853088461029003 
0 2 2 1 2 0 0.4278211374349741 
---
3 5 18.194901315789476 4.0 5
8 4 13 0 0 1 0.22853088461029003 
0 2 2 1 2 0 0.4278211374349741 
4 7 8 1 8 1 0.43467437702776124 
7 7 7 8 7 1 0.0904145011052 
---
3 6 16.50904605263158 5.0 5
0 6 12 2 7 0 0.69876050759866 
7 7 7 8 7 1 0.0904145011052 
0 2 2 1 2 0 0.4278211374349741 
8 4 13 0 0 1 0.22853088461029003 
4 7 8 1 8 1 0.43467437702776124 
---
3 7 16.50904605263158 5.0 5
0 6 12 2 7 0 0.69876050759866 
7 7 7 8 7 1 0.0904145011052 
0 2 2 1 2 0 0.4278211374349741 
8 4 13 0 0 1 0.22853088461029003 
4 7 8 1 8 1 0.43467437702776124 
---
3 8 21.258223684210524 2.0 5
4 7 8 8 2 1 0.3168243664786268 
0 2 2 1 2 0 0.4278211374349741 
---
3 9 15.152138157894738 6.0 5
0 2 2 1 2 0 0.4278211374349741 
4 7 8 1 8 1 0.43467437702776124 
7 7 7 8 7 1 0.0904145011052 
8 4 13 0 0 1 0.22853088461029003 
0 6 12 2 7 0 0.69876050759866 
13 7 0 4 7 0 0.9887129404116393 
---
3 10 29.399671052631575 1.0 5
0 2 2 4 0 0 0.3781050876644516 
---
3 11 14.309210526315788 8.0 5
13 4 4 7 11 0 0.994699254319074 
13 7 0 4 7 0 0.9887129404116393 
7 7 7 8 7 1 0.0904145011052 
0 6 12 2 7 0 0.69876050759866 
4 7 8 1 8 1 0.43467437702776124 
8 4 13 0 0 1 0.22853088461029003 
0 2 2 1 2 0 0.4278211374349741 
11 1 0 1 2 0 0.2433955130937413 
---
3 12 18.194901315789476 4.0 5
8 4 13 0 0 1 0.22853088461029003 
0 2 2 1 2 0 0.4278211374349741 
4 7 8 1 8 1 0.43467437702776124 
7 7 7 8 7 1 0.0904145011052 
---
3 13 16.50904605263158 5.0 5
0 6 12 2 7 0 0.69876050759866 
7 7 7 8 7 1 0.0904145011052 
0 2 2 1 2 0 0.4278211374349741 
8 4 13 0 0 1 0.22853088461029003 
4 7 8 1 8 1 0.43467437702776124 
---
3 14 21.258223684210524 2.0 5
0 2 2 1 2 0 0.4278211374349741 
4 7 8 8 2 1 0.3168243664786268 
---
3 15 15.152138157894738 6.0 5
0 2 2 1 2 0 0.4278211374349741 
4 7 8 1 8 1 0.43467437702776124 
7 7 7 8 7 1 0.0904145011052 
8 4 13 0 0 1 0.22853088461029003 
0 6 12 2 7 0 0.69876050759866 
13 7 0 4 7 0 0.9887129404116393 
---
3 16 20.148026315789476 3.0 5
0 6 12 2 7 0 0.69876050759866 
4 7 8 8 2 1 0.3168243664786268 
0 2 2 1 2 0 0.4278211374349741 
---
3 17 14.309210526315788 8.0 5
4 7 8 1 8 1 0.43467437702776124 
8 4 13 0 0 1 0.22853088461029003 
11 1 0 1 2 0 0.2433955130937413 
0 2 2 1 2 0 0.4278211374349741 
13 7 0 4 7 0 0.9887129404116393 
13 4 4 7 11 0 0.994699254319074 
0 6 12 2 7 0 0.69876050759866 
7 7 7 8 7 1 0.0904145011052 
---
3 18 18.194901315789476 4.0 5
0 2 2 1 2 0 0.4278211374349741 
4 7 8 1 8 1 0.43467437702776124 
8 4 13 0 0 1 0.22853088461029003 
7 7 7 8 7 1 0.0904145011052 
---
3 19 16.50904605263158 5.0 5
0 2 2 1 2 0 0.4278211374349741 
4 7 8 1 8 1 0.43467437702776124 
0 6 12 2 7 0 0.69876050759866 
8 4 13 0 0 1 0.22853088461029003 
7 7 7 8 7 1 0.0904145011052 
---
3 20 21.258223684210524 2.0 5
4 7 8 8 2 1 0.3168243664786268 
0 2 2 1 2 0 0.4278211374349741 
---
3 21 15.152138157894738 6.0 5
0 2 2 1 2 0 0.4278211374349741 
4 7 8 1 8 1 0.43467437702776124 
7 7 7 8 7 1 0.0904145011052 
8 4 13 0 0 1 0.22853088461029003 
0 6 12 2 7 0 0.69876050759866 
13 7 0 4 7 0 0.9887129404116393 
---
3 22 29.35855263157895 1.0 5
0 2 0 1 0 0 0.5800138819707081 
---
3 23 14.309210526315788 8.0 5
13 4 4 7 11 0 0.994699254319074 
13 7 0 4 7 0 0.9887129404116393 
7 7 7 8 7 1 0.0904145011052 
0 6 12 2 7 0 0.69876050759866 
4 7 8 1 8 1 0.43467437702776124 
8 4 13 0 0 1 0.22853088461029003 
0 2 2 1 2 0 0.4278211374349741 
11 1 0 1 2 0 0.2433955130937413 
---
3 24 18.194901315789476 4.0 5
8 4 13 0 0 1 0.22853088461029003 
0 2 2 1 2 0 0.4278211374349741 
4 7 8 1 8 1 0.43467437702776124 
7 7 7 8 7 1 0.0904145011052 
---
3 25 16.50904605263158 5.0 5
0 6 12 2 7 0 0.69876050759866 
7 7 7 8 7 1 0.0904145011052 
0 2 2 1 2 0 0.4278211374349741 
8 4 13 0 0 1 0.22853088461029003 
4 7 8 1 8 1 0.43467437702776124 
---
3 26 21.258223684210524 2.0 5
0 2 2 1 2 0 0.4278211374349741 
4 7 8 8 2 1 0.3168243664786268 
---
3 27 15.152138157894738 6.0 5
0 2 2 1 2 0 0.4278211374349741 
4 7 8 1 8 1 0.43467437702776124 
7 7 7 8 7 1 0.0904145011052 
8 4 13 0 0 1 0.22853088461029003 
0 6 12 2 7 0 0.69876050759866 
13 7 0 4 7 0 0.9887129404116393 
---
3 28 20.148026315789476 3.0 5
0 6 12 2 7 0 0.69876050759866 
4 7 8 8 2 1 0.3168243664786268 
0 2 2 1 2 0 0.4278211374349741 
---
3 29 14.309210526315788 8.0 5
13 4 4 7 11 0 0.994699254319074 
13 7 0 4 7 0 0.9887129404116393 
7 7 7 8 7 1 0.0904145011052 
0 6 12 2 7 0 0.69876050759866 
4 7 8 1 8 1 0.43467437702776124 
8 4 13 0 0 1 0.22853088461029003 
0 2 2 1 2 0 0.4278211374349741 
11 1 0 1 2 0 0.2433955130937413 
---
3 30 18.194901315789476 4.0 5
7 7 7 8 7 1 0.0904145011052 
4 7 8 1 8 1 0.43467437702776124 
8 4 13 0 0 1 0.22853088461029003 
0 2 2 1 2 0 0.4278211374349741 
---
3 31 16.50904605263158 5.0 5
0 2 2 1 2 0 0.4278211374349741 
0 6 12 2 7 0 0.69876050759866 
4 7 8 1 8 1 0.43467437702776124 
8 4 13 0 0 1 0.22853088461029003 
7 7 7 8 7 1 0.0904145011052 
---
3 32 21.258223684210524 2.0 5
0 2 2 1 2 0 0.4278211374349741 
4 7 8 8 2 1 0.3168243664786268 
---
3 33 15.152138157894738 6.0 5
0 2 2 1 2 0 0.4278211374349741 
4 7 8 1 8 1 0.43467437702776124 
7 7 7 8 7 1 0.0904145011052 
8 4 13 0 0 1 0.22853088461029003 
0 6 12 2 7 0 0.69876050759866 
13 7 0 4 7 0 0.9887129404116393 
---
3 34 29.35855263157895 1.0 5
0 2 0 1 0 0 0.5800138819707081 
---
3 35 14.309210526315788 8.0 5
13 4 4 7 11 0 0.994699254319074 
13 7 0 4 7 0 0.9887129404116393 
7 7 7 8 7 1 0.0904145011052 
0 6 12 2 7 0 0.69876050759866 
4 7 8 1 8 1 0.43467437702776124 
8 4 13 0 0 1 0.22853088461029003 
0 2 2 1 2 0 0.4278211374349741 
11 1 0 1 2 0 0.2433955130937413 
---
3 36 18.194901315789476 4.0 5
8 4 13 0 0 1 0.22853088461029003 
0 2 2 1 2 0 0.4278211374349741 
4 7 8 1 8 1 0.43467437702776124 
7 7 7 8 7 1 0.0904145011052 
---
3 37 16.50904605263158 5.0 5
0 6 12 2 7 0 0.69876050759866 
7 7 7 8 7 1 0.0904145011052 
0 2 2 1 2 0 0.4278211374349741 
8 4 13 0 0 1 0.22853088461029003 
4 7 8 1 8 1 0.43467437702776124 
---
3 38 21.258223684210524 2.0 5
4 7 8 8 2 1 0.3168243664786268 
0 2 2 1 2 0 0.4278211374349741 
---
3 39 15.152138157894738 6.0 5
0 2 2 1 2 0 0.4278211374349741 
4 7 8 1 8 1 0.43467437702776124 
7 7 7 8 7 1 0.0904145011052 
8 4 13 0 0 1 0.22853088461029003 
0 6 12 2 7 0 0.69876050759866 
13 7 0 4 7 0 0.9887129404116393 
---
3 40 29.35855263157895 1.0 5
0 2 0 1 0 0 0.5800138819707081 
---
3 41 14.309210526315788 8.0 5
13 4 4 7 11 0 0.994699254319074 
13 7 0 4 7 0 0.9887129404116393 
7 7 7 8 7 1 0.0904145011052 
0 6 12 2 7 0 0.69876050759866 
4 7 8 1 8 1 0.43467437702776124 
8 4 13 0 0 1 0.22853088461029003 
0 2 2 1 2 0 0.4278211374349741 
11 1 0 1 2 0 0.2433955130937413 
---
3 42 18.194901315789476 4.0 5
0 2 2 1 2 0 0.4278211374349741 
8 4 13 0 0 1 0.22853088461029003 
4 7 8 1 8 1 0.43467437702776124 
7 7 7 8 7 1 0.0904145011052 
---
3 43 16.50904605263158 5.0 5
0 2 2 1 2 0 0.4278211374349741 
4 7 8 1 8 1 0.43467437702776124 
0 6 12 2 7 0 0.69876050759866 
8 4 13 0 0 1 0.22853088461029003 
7 7 7 8 7 1 0.0904145011052 
---
3 44 21.258223684210524 2.0 5
4 7 8 8 2 1 0.3168243664786268 
0 2 2 1 2 0 0.4278211374349741 
---
3 45 15.152138157894738 6.0 5
0 2 2 1 2 0 0.4278211374349741 
4 7 8 1 8 1 0.43467437702776124 
7 7 7 8 7 1 0.0904145011052 
8 4 13 0 0 1 0.22853088461029003 
0 6 12 2 7 0 0.69876050759866 
13 7 0 4 7 0 0.9887129404116393 
---
3 46 29.399671052631575 1.0 5
0 2 2 4 2 0 0.30806670314393125 
---
3 47 14.309210526315788 8.0 5
13 4 4 7 11 0 0.994699254319074 
13 7 0 4 7 0 0.9887129404116393 
7 7 7 8 7 1 0.0904145011052 
0 6 12 2 7 0 0.69876050759866 
4 7 8 1 8 1 0.43467437702776124 
8 4 13 0 0 1 0.22853088461029003 
0 2 2 1 2 0 0.4278211374349741 
11 1 0 1 2 0 0.2433955130937413 
---
3 48 18.194901315789476 4.0 5
0 2 2 1 2 0 0.4278211374349741 
8 4 13 0 0 1 0.22853088461029003 
4 7 8 1 8 1 0.43467437702776124 
7 7 7 8 7 1 0.0904145011052 
---
3 49 16.50904605263158 5.0 5
0 6 12 2 7 0 0.69876050759866 
7 7 7 8 7 1 0.0904145011052 
0 2 2 1 2 0 0.4278211374349741 
8 4 13 0 0 1 0.22853088461029003 
4 7 8 1 8 1 0.43467437702776124 
---
3 50 21.258223684210524 2.0 5
4 7 8 8 2 1 0.3168243664786268 
0 2 2 1 2 0 0.4278211374349741 
---
3 51 29.35855263157895 1.0 5
0 2 0 1 0 0 0.5688268742873228 
---
3 52 14.309210526315788 8.0 5
13 4 4 7 11 0 0.994699254319074 
13 7 0 4 7 0 0.9887129404116393 
7 7 7 8 7 1 0.0904145011052 
0 6 12 2 7 0 0.69876050759866 
4 7 8 1 8 1 0.43467437702776124 
8 4 13 0 0 1 0.22853088461029003 
0 2 2 1 2 0 0.4278211374349741 
11 1 0 1 2 0 0.2433955130937413 
---
3 53 18.194901315789476 4.0 5
7 7 7 8 7 1 0.0904145011052 
4 7 8 1 8 1 0.43467437702776124 
8 4 13 0 0 1 0.22853088461029003 
0 2 2 1 2 0 0.4278211374349741 
---
4 0 29.35855263157895 1.0 5
0 2 0 1 0 0 0.5688268742873228 
---
4 1 14.412006578947366 9.0 5
13 4 4 7 11 0 0.994699254319074 
8 4 13 0 0 1 0.22853088461029003 
4 7 8 1 8 1 0.43467437702776124 
13 7 0 4 7 0 0.9887129404116393 
0 6 12 2 7 0 0.69876050759866 
11 1 0 1 2 0 0.2433955130937413 
0 2 2 1 2 0 0.4278211374349741 
7 7 7 8 7 1 0.0904145011052 
0 2 1 1 2 0 0.6242131321918059 
---
4 2 23.869243421052634 2.0 5
0 2 1 1 2 0 0.6242131321918059 
4 7 8 1 8 1 0.43467437702776124 
---
4 3 20.271381578947366 3.0 5
8 4 13 0 0 1 0.22853088461029003 
4 7 8 1 8 1 0.43467437702776124 
0 2 2 1 2 0 0.4278211374349741 
---
4 4 19.777960526315788 4.0 5
0 2 1 1 2 0 0.6242131321918059 
7 7 7 8 7 1 0.0904145011052 
0 6 12 2 7 0 0.69876050759866 
4 7 8 1 8 1 0.43467437702776124 
---
4 5 19.777960526315788 4.0 5
0 2 1 1 2 0 0.6242131321918059 
7 7 7 8 7 1 0.0904145011052 
0 6 12 2 7 0 0.69876050759866 
4 7 8 1 8 1 0.43467437702776124 
---
4 6 16.50904605263158 5.0 5
8 4 13 0 0 1 0.22853088461029003 
4 7 8 1 8 1 0.43467437702776124 
0 6 12 2 7 0 0.69876050759866 
0 2 2 1 2 0 0.4278211374349741 
7 7 7 8 7 1 0.0904145011052 
---
4 7 23.869243421052634 2.0 5
0 2 1 1 2 0 0.6242131321918059 
4 7 8 1 8 1 0.43467437702776124 
---
4 8 20.271381578947366 3.0 5
8 4 13 0 0 1 0.22853088461029003 
0 2 2 1 2 0 0.4278211374349741 
4 7 8 1 8 1 0.43467437702776124 
---
4 9 16.50904605263158 5.0 5
0 6 12 2 7 0 0.69876050759866 
0 2 2 1 2 0 0.4278211374349741 
7 7 7 8 7 1 0.0904145011052 
4 7 8 1 8 1 0.43467437702776124 
8 4 13 0 0 1 0.22853088461029003 
---
4 10 15.357730263157896 6.0 5
7 7 7 8 7 1 0.0904145011052 
13 4 4 7 11 0 0.994699254319074 
0 6 12 2 7 0 0.69876050759866 
4 7 8 1 8 1 0.43467437702776124 
0 2 2 1 2 0 0.4278211374349741 
8 4 13 0 0 1 0.22853088461029003 
---
4 11 15.357730263157896 6.0 5
0 6 12 2 7 0 0.69876050759866 
7 7 7 8 7 1 0.0904145011052 
13 4 4 7 11 0 0.994699254319074 
0 2 2 1 2 0 0.4278211374349741 
4 7 8 1 8 1 0.43467437702776124 
8 4 13 0 0 1 0.22853088461029003 
---
4 12 14.514802631578947 7.0 5
11 1 0 1 2 0 0.2433955130937413 
13 7 0 4 7 0 0.9887129404116393 
7 7 7 8 7 1 0.0904145011052 
0 6 12 2 7 0 0.69876050759866 
4 7 8 1 8 1 0.43467437702776124 
0 2 2 1 2 0 0.4278211374349741 
8 4 13 0 0 1 0.22853088461029003 
---
4 13 14.514802631578947 7.0 5
11 1 0 1 2 0 0.2433955130937413 
13 7 0 4 7 0 0.9887129404116393 
7 7 7 8 7 1 0.0904145011052 
0 6 12 2 7 0 0.69876050759866 
4 7 8 1 8 1 0.43467437702776124 
0 2 2 1 2 0 0.4278211374349741 
8 4 13 0 0 1 0.22853088461029003 
---
4 14 14.576480263157896 8.0 5
0 2 1 1 2 0 0.6242131321918059 
0 6 12 2 7 0 0.69876050759866 
4 7 8 1 8 1 0.43467437702776124 
0 2 2 1 2 0 0.4278211374349741 
8 4 13 0 0 1 0.22853088461029003 
13 7 0 4 7 0 0.9887129404116393 
11 1 0 1 2 0 0.2433955130937413 
7 7 7 8 7 1 0.0904145011052 
---
4 15 14.576480263157896 8.0 5
11 1 0 1 2 0 0.2433955130937413 
4 7 8 1 8 1 0.43467437702776124 
8 4 13 0 0 1 0.22853088461029003 
7 7 7 8 7 1 0.0904145011052 
0 2 2 1 2 0 0.4278211374349741 
0 6 12 2 7 0 0.69876050759866 
13 7 0 4 7 0 0.9887129404116393 
0 2 1 1 2 0 0.6242131321918059 
---
4 16 29.379111842105267 1.0 5
0 2 1 1 0 0 0.6603574093887254 
---
4 17 14.412006578947366 9.0 5
13 4 4 7 11 0 0.994699254319074 
8 4 13 0 0 1 0.22853088461029003 
4 7 8 1 8 1 0.43467437702776124 
13 7 0 4 7 0 0.9887129404116393 
0 6 12 2 7 0 0.69876050759866 
11 1 0 1 2 0 0.2433955130937413 
0 2 2 1 2 0 0.4278211374349741 
7 7 7 8 7 1 0.0904145011052 
0 2 1 1 2 0 0.6242131321918059 
---
4 18 19.777960526315788 4.0 5
0 2 1 1 2 0 0.6242131321918059 
7 7 7 8 7 1 0.0904145011052 
0 6 12 2 7 0 0.69876050759866 
4 7 8 1 8 1 0.43467437702776124 
---
4 19 23.869243421052634 2.0 5
0 2 1 1 2 0 0.6242131321918059 
4 7 8 1 8 1 0.43467437702776124 
---
4 20 20.271381578947366 3.0 5
8 4 13 0 0 1 0.22853088461029003 
4 7 8 1 8 1 0.43467437702776124 
0 2 2 1 2 0 0.4278211374349741 
---
4 21 16.50904605263158 5.0 5
4 7 8 1 8 1 0.43467437702776124 
0 2 2 1 2 0 0.4278211374349741 
8 4 13 0 0 1 0.22853088461029003 
0 6 12 2 7 0 0.69876050759866 
7 7 7 8 7 1 0.0904145011052 
---
4 22 15.357730263157896 6.0 5
8 4 13 0 0 1 0.22853088461029003 
4 7 8 1 8 1 0.43467437702776124 
0 2 2 1 2 0 0.4278211374349741 
7 7 7 8 7 1 0.0904145011052 
13 4 4 7 11 0 0.994699254319074 
0 6 12 2 7 0 0.69876050759866 
---
4 23 14.514802631578947 7.0 5
11 1 0 1 2 0 0.2433955130937413 
13 7 0 4 7 0 0.9887129404116393 
7 7 7 8 7 1 0.0904145011052 
0 6 12 2 7 0 0.69876050759866 
4 7 8 1 8 1 0.43467437702776124 
0 2 2 1 2 0 0.4278211374349741 
8 4 13 0 0 1 0.22853088461029003 
---
4 24 14.576480263157896 8.0 5
0 2 1 1 2 0 0.6242131321918059 
4 7 8 1 8 1 0.43467437702776124 
0 2 2 1 2 0 0.4278211374349741 
7 7 7 8 7 1 0.0904145011052 
8 4 13 0 0 1 0.22853088461029003 
11 1 0 1 2 0 0.2433955130937413 
13 7 0 4 7 0 0.9887129404116393 
0 6 12 2 7 0 0.69876050759866 
---
4 25 29.35855263157895 1.0 5
0 2 0 1 0 0 0.5688268742873228 
---
4 26 14.412006578947366 9.0 5
13 4 4 7 11 0 0.994699254319074 
8 4 13 0 0 1 0.22853088461029003 
4 7 8 1 8 1 0.43467437702776124 
13 7 0 4 7 0 0.9887129404116393 
0 6 12 2 7 0 0.69876050759866 
11 1 0 1 2 0 0.2433955130937413 
0 2 2 1 2 0 0.4278211374349741 
7 7 7 8 7 1 0.0904145011052 
0 2 1 1 2 0 0.6242131321918059 
---
4 27 19.777960526315788 4.0 5
0 6 12 2 7 0 0.69876050759866 
7 7 7 8 7 1 0.0904145011052 
0 2 1 1 2 0 0.6242131321918059 
4 7 8 1 8 1 0.43467437702776124 
---
4 28 23.869243421052634 2.0 5
4 7 8 1 8 1 0.43467437702776124 
0 2 1 1 2 0 0.6242131321918059 
---
4 29 20.271381578947366 3.0 5
8 4 13 0 0 1 0.22853088461029003 
0 2 2 1 2 0 0.4278211374349741 
4 7 8 1 8 1 0.43467437702776124 
---
4 30 16.50904605263158 5.0 5
4 7 8 1 8 1 0.43467437702776124 
0 2 2 1 2 0 0.4278211374349741 
8 4 13 0 0 1 0.22853088461029003 
0 6 12 2 7 0 0.69876050759866 
7 7 7 8 7 1 0.0904145011052 
---
4 31 15.357730263157896 6.0 5
0 2 2 1 2 0 0.4278211374349741 
4 7 8 1 8 1 0.43467437702776124 
7 7 7 8 7 1 0.0904145011052 
0 6 12 2 7 0 0.69876050759866 
13 4 4 7 11 0 0.994699254319074 
8 4 13 0 0 1 0.22853088461029003 
---
4 32 14.514802631578947 7.0 5
0 2 2 1 2 0 0.4278211374349741 
13 7 0 4 7 0 0.9887129404116393 
4 7 8 1 8 1 0.43467437702776124 
11 1 0 1 2 0 0.2433955130937413 
0 6 12 2 7 0 0.69876050759866 
7 7 7 8 7 1 0.0904145011052 
8 4 13 0 0 1 0.22853088461029003 
---
4 33 29.35855263157895 1.0 5
0 2 0 1 0 0 0.5688268742873228 
---
4 34 14.412006578947366 9.0 5
13 4 4 7 11 0 0.994699254319074 
8 4 13 0 0 1 0.22853088461029003 
4 7 8 1 8 1 0.43467437702776124 
13 7 0 4 7 0 0.9887129404116393 
0 6 12 2 7 0 0.69876050759866 
11 1 0 1 2 0 0.2433955130937413 
0 2 2 1 2 0 0.4278211374349741 
7 7 7 8 7 1 0.0904145011052 
0 2 1 1 2 0 0.6242131321918059 
---
4 35 19.777960526315788 4.0 5
0 2 1 1 2 0 0.6242131321918059 
4 7 8 1 8 1 0.43467437702776124 
0 6 12 2 7 0 0.69876050759866 
7 7 7 8 7 1 0.0904145011052 
---
4 36 23.869243421052634 2.0 5
4 7 8 1 8 1 0.43467437702776124 
0 2 1 1 2 0 0.6242131321918059 
---
4 37 20.271381578947366 3.0 5
8 4 13 0 0 1 0.22853088461029003 
4 7 8 1 8 1 0.43467437702776124 
0 2 2 1 2 0 0.4278211374349741 
---
4 38 16.50904605263158 5.0 5
8 4 13 0 0 1 0.22853088461029003 
4 7 8 1 8 1 0.43467437702776124 
0 6 12 2 7 0 0.69876050759866 
0 2 2 1 2 0 0.4278211374349741 
7 7 7 8 7 1 0.0904145011052 
---
4 39 15.357730263157896 6.0 5
7 7 7 8 7 1 0.0904145011052 
13 4 4 7 11 0 0.994699254319074 
0 6 12 2 7 0 0.69876050759866 
4 7 8 1 8 1 0.43467437702776124 
0 2 2 1 2 0 0.4278211374349741 
8 4 13 0 0 1 0.22853088461029003 
---
4 40 14.514802631578947 7.0 5
0 2 2 1 2 0 0.4278211374349741 
13 7 0 4 7 0 0.9887129404116393 
4 7 8 1 8 1 0.43467437702776124 
11 1 0 1 2 0 0.2433955130937413 
0 6 12 2 7 0 0.69876050759866 
7 7 7 8 7 1 0.0904145011052 
8 4 13 0 0 1 0.22853088461029003 
---
4 41 29.399671052631575 1.0 5
4 2 0 1 0 0 0.5453026025063177 
---
4 42 14.412006578947366 9.0 5
13 4 4 7 11 0 0.994699254319074 
8 4 13 0 0 1 0.22853088461029003 
4 7 8 1 8 1 0.43467437702776124 
13 7 0 4 7 0 0.9887129404116393 
0 6 12 2 7 0 0.69876050759866 
11 1 0 1 2 0 0.2433955130937413 
0 2 2 1 2 0 0.4278211374349741 
7 7 7 8 7 1 0.0904145011052 
0 2 1 1 2 0 0.6242131321918059 
---
4 43 19.777960526315788 4.0 5
0 2 1 1 2 0 0.6242131321918059 
7 7 7 8 7 1 0.0904145011052 
0 6 12 2 7 0 0.69876050759866 
4 7 8 1 8 1 0.43467437702776124 
---
4 44 23.869243421052634 2.0 5
0 2 1 1 2 0 0.6242131321918059 
4 7 8 1 8 1 0.43467437702776124 
---
4 45 20.271381578947366 3.0 5
8 4 13 0 0 1 0.22853088461029003 
4 7 8 1 8 1 0.43467437702776124 
0 2 2 1 2 0 0.4278211374349741 
---
4 46 16.50904605263158 5.0 5
8 4 13 0 0 1 0.22853088461029003 
4 7 8 1 8 1 0.43467437702776124 
0 6 12 2 7 0 0.69876050759866 
0 2 2 1 2 0 0.4278211374349741 
7 7 7 8 7 1 0.0904145011052 
---
4 47 15.357730263157896 6.0 5
7 7 7 8 7 1 0.0904145011052 
13 4 4 7 11 0 0.994699254319074 
0 6 12 2 7 0 0.69876050759866 
4 7 8 1 8 1 0.43467437702776124 
0 2 2 1 2 0 0.4278211374349741 
8 4 13 0 0 1 0.22853088461029003 
---
4 48 14.514802631578947 7.0 5
11 1 0 1 2 0 0.2433955130937413 
13 7 0 4 7 0 0.9887129404116393 
7 7 7 8 7 1 0.0904145011052 
0 6 12 2 7 0 0.69876050759866 
4 7 8 1 8 1 0.43467437702776124 
0 2 2 1 2 0 0.4278211374349741 
8 4 13 0 0 1 0.22853088461029003 
---
4 49 14.412006578947366 9.0 5
13 4 4 7 11 0 0.994699254319074 
8 4 13 0 0 1 0.22853088461029003 
4 7 8 1 8 1 0.43467437702776124 
13 7 0 4 7 0 0.9887129404116393 
0 6 12 2 7 0 0.69876050759866 
11 1 0 1 2 0 0.2433955130937413 
0 2 2 1 2 0 0.4278211374349741 
7 7 7 8 7 1 0.0904145011052 
0 2 1 1 2 0 0.6242131321918059 
---
4 50 23.869243421052634 2.0 5
0 2 1 1 2 0 0.6242131321918059 
4 7 8 1 8 1 0.43467437702776124 
---
4 51 20.271381578947366 3.0 5
8 4 13 0 0 1 0.22853088461029003 
4 7 8 1 8 1 0.43467437702776124 
0 2 2 1 2 0 0.4278211374349741 
---
4 52 16.50904605263158 5.0 5
0 6 12 2 7 0 0.69876050759866 
0 2 2 1 2 0 0.4278211374349741 
7 7 7 8 7 1 0.0904145011052 
4 7 8 1 8 1 0.43467437702776124 
8 4 13 0 0 1 0.22853088461029003 
---
4 53 15.357730263157896 6.0 5
8 4 13 0 0 1 0.22853088461029003 
4 7 8 1 8 1 0.43467437702776124 
0 2 2 1 2 0 0.4278211374349741 
7 7 7 8 7 1 0.0904145011052 
13 4 4 7 11 0 0.994699254319074 
0 6 12 2 7 0 0.69876050759866 
---
4 54 14.514802631578947 7.0 5
0 2 2 1 2 0 0.4278211374349741 
13 7 0 4 7 0 0.9887129404116393 
4 7 8 1 8 1 0.43467437702776124 
11 1 0 1 2 0 0.2433955130937413 
0 6 12 2 7 0 0.69876050759866 
7 7 7 8 7 1 0.0904145011052 
8 4 13 0 0 1 0.22853088461029003 
---
4 55 29.35855263157895 1.0 5
0 2 0 1 0 0 0.5688268742873228 
---
4 56 23.869243421052634 2.0 5
0 2 1 1 2 0 0.6242131321918059 
4 7 8 1 8 1 0.43467437702776124 
---
4 57 20.271381578947366 3.0 5
4 7 8 1 8 1 0.43467437702776124 
0 2 2 1 2 0 0.4278211374349741 
8 4 13 0 0 1 0.22853088461029003 
---
4 58 16.50904605263158 5.0 5
8 4 13 0 0 1 0.22853088461029003 
4 7 8 1 8 1 0.43467437702776124 
0 6 12 2 7 0 0.69876050759866 
0 2 2 1 2 0 0.4278211374349741 
7 7 7 8 7 1 0.0904145011052 
