---
0 0 29.337993421052634 1.0 5
0 0 0 1 0 0 0.5246457445883682 
---
0 1 21.504934210526315 2.0 5
7 7 0 8 2 1 0.24938290778279493 
1 1 0 0 2 0 0.19392028722488974 
---
0 2 16.940789473684212 5.0 5
11 7 5 2 7 0 0.3712265609666914 
7 7 0 8 2 1 0.24938290778279493 
12 1 13 2 1 1 0.2696707350153371 
11 12 13 4 4 0 0.2772888533850344 
1 1 7 0 2 0 0.45308266784158224 
---
0 3 16.940789473684212 5.0 5
11 7 5 2 7 0 0.3712265609666914 
7 7 0 8 2 1 0.24938290778279493 
12 1 13 2 1 1 0.2696707350153371 
11 12 13 4 4 0 0.2772888533850344 
1 1 7 0 2 0 0.45308266784158224 
---
0 4 15.645559210526317 6.0 5
1 1 7 0 2 0 0.45308266784158224 
11 7 5 2 7 0 0.3712265609666914 
12 1 13 2 1 1 0.2696707350153371 
11 12 13 4 4 0 0.2772888533850344 
7 7 0 8 2 1 0.24938290778279493 
1 7 8 4 8 1 0.40852433693484036 
---
0 5 21.504934210526315 2.0 5
7 7 0 8 2 1 0.24938290778279493 
1 1 0 0 2 0 0.19392028722488974 
---
0 6 20.065789473684212 3.0 5
1 1 0 0 2 0 0.19392028722488974 
11 7 5 2 7 0 0.3712265609666914 
7 7 0 8 2 1 0.24938290778279493 
---
0 7 20.065789473684212 3.0 5
1 1 0 0 2 0 0.19392028722488974 
11 7 5 2 7 0 0.3712265609666914 
7 7 0 8 2 1 0.24938290778279493 
---
0 8 19.263980263157894 4.0 5
1 7 8 4 8 1 0.40852433693484036 
7 7 0 8 2 1 0.24938290778279493 
1 1 0 0 2 0 0.19392028722488974 
11 7 5 2 7 0 0.3712265609666914 
---
0 9 14.884868421052634 8.0 5
7 7 0 8 2 1 0.24938290778279493 
1 1 7 0 2 0 0.45308266784158224 
13 1 0 2 1 0 0.9712000162637736 
11 7 5 2 7 0 0.3712265609666914 
1 7 8 4 8 1 0.40852433693484036 
11 12 13 4 4 0 0.2772888533850344 
12 1 13 2 1 1 0.2696707350153371 
1 1 13 4 8 1 0.4415742435453833 
---
0 10 15.645559210526317 6.0 5
1 7 8 4 8 1 0.40852433693484036 
11 7 5 2 7 0 0.3712265609666914 
11 12 13 4 4 0 0.2772888533850344 
1 1 7 0 2 0 0.45308266784158224 
7 7 0 8 2 1 0.24938290778279493 
12 1 13 2 1 1 0.2696707350153371 
---
0 11 15.111019736842104 7.0 5
11 12 13 4 4 0 0.2772888533850344 
11 7 5 2 7 0 0.3712265609666914 
1 7 8 4 8 1 0.40852433693484036 
13 1 0 2 1 0 0.9712000162637736 
1 1 7 0 2 0 0.45308266784158224 
12 1 13 2 1 1 0.2696707350153371 
7 7 0 8 2 1 0.24938290778279493 
---
0 12 15.111019736842104 7.0 5
11 12 13 4 4 0 0.2772888533850344 
11 7 5 2 7 0 0.3712265609666914 
1 7 8 4 8 1 0.40852433693484036 
13 1 0 2 1 0 0.9712000162637736 
1 1 7 0 2 0 0.45308266784158224 
12 1 13 2 1 1 0.2696707350153371 
7 7 0 8 2 1 0.24938290778279493 
---
0 13 14.884868421052634 8.0 5
7 7 0 8 2 1 0.24938290778279493 
1 1 7 0 2 0 0.45308266784158224 
13 1 0 2 1 0 0.9712000162637736 
11 7 5 2 7 0 0.3712265609666914 
1 7 8 4 8 1 0.40852433693484036 
11 12 13 4 4 0 0.2772888533850344 
12 1 13 2 1 1 0.2696707350153371 
1 1 13 4 8 1 0.4415742435453833 
---
0 14 29.35855263157895 1.0 5
1 2 0 0 2 0 0.3709911711763343 
---
0 15 16.940789473684212 5.0 5
11 7 5 2 7 0 0.3712265609666914 
7 7 0 8 2 1 0.24938290778279493 
12 1 13 2 1 1 0.2696707350153371 
11 12 13 4 4 0 0.2772888533850344 
1 1 7 0 2 0 0.45308266784158224 
---
0 16 21.504934210526315 2.0 5
1 1 0 0 2 0 0.19392028722488974 
7 7 0 8 2 1 0.24938290778279493 
---
0 17 20.065789473684212 3.0 5
1 1 0 0 2 0 0.19392028722488974 
11 7 5 2 7 0 0.3712265609666914 
7 7 0 8 2 1 0.24938290778279493 
---
0 18 15.645559210526317 6.0 5
1 1 7 0 2 0 0.45308266784158224 
11 7 5 2 7 0 0.3712265609666914 
12 1 13 2 1 1 0.2696707350153371 
11 12 13 4 4 0 0.2772888533850344 
7 7 0 8 2 1 0.24938290778279493 
1 7 8 4 8 1 0.40852433693484036 
---
0 19 15.111019736842104 7.0 5
11 7 5 2 7 0 0.3712265609666914 
1 1 7 0 2 0 0.45308266784158224 
11 12 13 4 4 0 0.2772888533850344 
12 1 13 2 1 1 0.2696707350153371 
13 1 0 2 1 0 0.9712000162637736 
1 7 8 4 8 1 0.40852433693484036 
7 7 0 8 2 1 0.24938290778279493 
---
0 20 14.884868421052634 8.0 5
1 7 8 4 8 1 0.40852433693484036 
1 1 7 0 2 0 0.45308266784158224 
13 1 0 2 1 0 0.9712000162637736 
11 7 5 2 7 0 0.3712265609666914 
1 1 13 4 8 1 0.4415742435453833 
12 1 13 2 1 1 0.2696707350153371 
11 12 13 4 4 0 0.2772888533850344 
7 7 0 8 2 1 0.24938290778279493 
---
0 21 29.337993421052634 1.0 5
0 0 0 1 0 0 0.5246457445883682 
---
0 22 16.940789473684212 5.0 5
11 7 5 2 7 0 0.3712265609666914 
7 7 0 8 2 1 0.24938290778279493 
12 1 13 2 1 1 0.2696707350153371 
11 12 13 4 4 0 0.2772888533850344 
1 1 7 0 2 0 0.45308266784158224 
---
0 23 21.504934210526315 2.0 5
7 7 0 8 2 1 0.24938290778279493 
1 1 0 0 2 0 0.19392028722488974 
---
0 24 20.065789473684212 3.0 5
1 1 0 0 2 0 0.19392028722488974 
11 7 5 2 7 0 0.3712265609666914 
7 7 0 8 2 1 0.24938290778279493 
---
0 25 15.645559210526317 6.0 5
1 7 8 4 8 1 0.40852433693484036 
11 7 5 2 7 0 0.3712265609666914 
11 12 13 4 4 0 0.2772888533850344 
1 1 7 0 2 0 0.45308266784158224 
7 7 0 8 2 1 0.24938290778279493 
12 1 13 2 1 1 0.2696707350153371 
---
0 26 15.111019736842104 7.0 5
11 7 5 2 7 0 0.3712265609666914 
1 1 7 0 2 0 0.45308266784158224 
11 12 13 4 4 0 0.2772888533850344 
12 1 13 2 1 1 0.2696707350153371 
13 1 0 2 1 0 0.9712000162637736 
1 7 8 4 8 1 0.40852433693484036 
7 7 0 8 2 1 0.24938290778279493 
---
0 27 14.884868421052634 8.0 5
7 7 0 8 2 1 0.24938290778279493 
1 1 7 0 2 0 0.45308266784158224 
13 1 0 2 1 0 0.9712000162637736 
11 7 5 2 7 0 0.3712265609666914 
1 7 8 4 8 1 0.40852433693484036 
11 12 13 4 4 0 0.2772888533850344 
12 1 13 2 1 1 0.2696707350153371 
1 1 13 4 8 1 0.4415742435453833 
---
0 28 29.337993421052634 1.0 5
0 0 0 1 0 0 0.5246457445883682 
---
0 29 16.940789473684212 5.0 5
1 1 7 0 2 0 0.45308266784158224 
11 7 5 2 7 0 0.3712265609666914 
12 1 13 2 1 1 0.2696707350153371 
11 12 13 4 4 0 0.2772888533850344 
7 7 0 8 2 1 0.24938290778279493 
---
0 30 21.504934210526315 2.0 5
7 7 0 8 2 1 0.24938290778279493 
1 1 0 0 2 0 0.19392028722488974 
---
0 31 20.065789473684212 3.0 5
1 1 0 0 2 0 0.19392028722488974 
11 7 5 2 7 0 0.3712265609666914 
7 7 0 8 2 1 0.24938290778279493 
---
0 32 15.645559210526317 6.0 5
1 1 7 0 2 0 0.45308266784158224 
11 7 5 2 7 0 0.3712265609666914 
12 1 13 2 1 1 0.2696707350153371 
11 12 13 4 4 0 0.2772888533850344 
7 7 0 8 2 1 0.24938290778279493 
1 7 8 4 8 1 0.40852433693484036 
---
0 33 15.111019736842104 7.0 5
11 12 13 4 4 0 0.2772888533850344 
11 7 5 2 7 0 0.3712265609666914 
1 7 8 4 8 1 0.40852433693484036 
13 1 0 2 1 0 0.9712000162637736 
1 1 7 0 2 0 0.45308266784158224 
12 1 13 2 1 1 0.2696707350153371 
7 7 0 8 2 1 0.24938290778279493 
---
0 34 14.884868421052634 8.0 5
7 7 0 8 2 1 0.24938290778279493 
1 1 7 0 2 0 0.45308266784158224 
13 1 0 2 1 0 0.9712000162637736 
11 7 5 2 7 0 0.3712265609666914 
1 7 8 4 8 1 0.40852433693484036 
11 12 13 4 4 0 0.2772888533850344 
12 1 13 2 1 1 0.2696707350153371 
1 1 13 4 8 1 0.4415742435453833 
---
0 35 16.940789473684212 5.0 5
11 7 5 2 7 0 0.3712265609666914 
7 7 0 8 2 1 0.24938290778279493 
12 1 13 2 1 1 0.2696707350153371 
11 12 13 4 4 0 0.2772888533850344 
1 1 7 0 2 0 0.45308266784158224 
---
0 36 21.504934210526315 2.0 5
1 1 0 0 2 0 0.19392028722488974 
7 7 0 8 2 1 0.24938290778279493 
---
0 37 20.065789473684212 3.0 5
1 1 0 0 2 0 0.19392028722488974 
11 7 5 2 7 0 0.3712265609666914 
7 7 0 8 2 1 0.24938290778279493 
---
0 38 15.645559210526317 6.0 5
1 7 8 4 8 1 0.40852433693484036 
11 7 5 2 7 0 0.3712265609666914 
11 12 13 4 4 0 0.2772888533850344 
1 1 7 0 2 0 0.45308266784158224 
7 7 0 8 2 1 0.24938290778279493 
12 1 13 2 1 1 0.2696707350153371 
---
0 39 15.111019736842104 7.0 5
7 7 0 8 2 1 0.24938290778279493 
12 1 13 2 1 1 0.2696707350153371 
11 12 13 4 4 0 0.2772888533850344 
1 1 7 0 2 0 0.45308266784158224 
13 1 0 2 1 0 0.9712000162637736 
11 7 5 2 7 0 0.3712265609666914 
1 7 8 4 8 1 0.40852433693484036 
---
0 40 14.884868421052634 8.0 5
7 7 0 8 2 1 0.24938290778279493 
1 1 7 0 2 0 0.45308266784158224 
13 1 0 2 1 0 0.9712000162637736 
11 7 5 2 7 0 0.3712265609666914 
1 7 8 4 8 1 0.40852433693484036 
11 12 13 4 4 0 0.2772888533850344 
12 1 13 2 1 1 0.2696707350153371 
1 1 13 4 8 1 0.4415742435453833 
---
0 41 16.940789473684212 5.0 5
11 7 5 2 7 0 0.3712265609666914 
7 7 0 8 2 1 0.24938290778279493 
12 1 13 2 1 1 0.2696707350153371 
11 12 13 4 4 0 0.2772888533850344 
1 1 7 0 2 0 0.45308266784158224 
---
0 42 21.504934210526315 2.0 5
7 7 0 8 2 1 0.24938290778279493 
1 1 0 0 2 0 0.19392028722488974 
---
0 43 20.065789473684212 3.0 5
1 1 0 0 2 0 0.19392028722488974 
7 7 0 8 2 1 0.24938290778279493 
11 7 5 2 7 0 0.3712265609666914 
---
0 44 15.645559210526317 6.0 5
1 1 7 0 2 0 0.45308266784158224 
11 7 5 2 7 0 0.3712265609666914 
12 1 13 2 1 1 0.2696707350153371 
11 12 13 4 4 0 0.2772888533850344 
7 7 0 8 2 1 0.24938290778279493 
1 7 8 4 8 1 0.40852433693484036 
---
0 45 15.111019736842104 7.0 5
11 12 13 4 4 0 0.2772888533850344 
11 7 5 2 7 0 0.3712265609666914 
1 7 8 4 8 1 0.40852433693484036 
13 1 0 2 1 0 0.9712000162637736 
1 1 7 0 2 0 0.45308266784158224 
12 1 13 2 1 1 0.2696707350153371 
7 7 0 8 2 1 0.24938290778279493 
---
1 0 29.337993421052634 1.0 5
0 2 0 0 2 0 0.43877088660454255 
---
1 1 14.576480263157896 9.0 5
7 7 0 8 2 1 0.24938290778279493 
12 1 13 4 8 1 0.5678233303043123 
13 1 0 2 1 0 0.9712000162637736 
12 1 13 2 1 1 0.2696707350153371 
3 8 1 7 2 0 0.862475418695827 
11 7 5 2 7 0 0.3712265609666914 
1 1 7 0 2 0 0.45308266784158224 
1 7 8 4 8 1 0.40852433693484036 
11 12 13 4 4 0 0.2772888533850344 
---
1 2 21.032072368421055 2.0 5
1 1 0 0 2 0 0.21536706987234222 
7 7 0 8 2 1 0.24938290778279493 
---
1 3 17.393092105263158 6.0 5
11 7 5 2 7 0 0.3712265609666914 
12 1 13 4 8 1 0.5678233303043123 
1 7 8 4 8 1 0.40852433693484036 
7 7 0 8 2 1 0.24938290778279493 
1 1 0 0 2 0 0.21536706987234222 
12 1 13 2 1 1 0.2696707350153371 
---
1 4 14.925986842105262 8.0 5
12 1 13 2 1 1 0.2696707350153371 
12 1 13 4 8 1 0.5678233303043123 
11 12 13 4 4 0 0.2772888533850344 
11 7 5 2 7 0 0.3712265609666914 
1 1 7 0 2 0 0.45308266784158224 
13 1 0 2 1 0 0.9712000162637736 
7 7 0 8 2 1 0.24938290778279493 
3 8 1 7 2 0 0.862475418695827 
---
1 5 20.02467105263158 3.0 5
1 1 0 0 2 0 0.21536706987234222 
7 7 0 8 2 1 0.24938290778279493 
12 1 13 2 1 1 0.2696707350153371 
---
1 6 18.379934210526315 4.0 5
11 7 5 2 7 0 0.3712265609666914 
1 1 0 0 2 0 0.21536706987234222 
7 7 0 8 2 1 0.24938290778279493 
12 1 13 2 1 1 0.2696707350153371 
---
1 7 21.032072368421055 2.0 5
1 1 0 0 2 0 0.21536706987234222 
7 7 0 8 2 1 0.24938290778279493 
---
1 8 20.02467105263158 3.0 5
1 1 0 0 2 0 0.21536706987234222 
7 7 0 8 2 1 0.24938290778279493 
12 1 13 2 1 1 0.2696707350153371 
---
1 9 18.379934210526315 4.0 5
1 1 0 0 2 0 0.21536706987234222 
11 7 5 2 7 0 0.3712265609666914 
12 1 13 2 1 1 0.2696707350153371 
7 7 0 8 2 1 0.24938290778279493 
---
1 10 17.763157894736842 5.0 5
12 1 13 4 8 1 0.5678233303043123 
12 1 13 2 1 1 0.2696707350153371 
1 1 0 0 2 0 0.21536706987234222 
11 7 5 2 7 0 0.3712265609666914 
7 7 0 8 2 1 0.24938290778279493 
---
1 11 17.763157894736842 5.0 5
11 7 5 2 7 0 0.3712265609666914 
12 1 13 4 8 1 0.5678233303043123 
12 1 13 2 1 1 0.2696707350153371 
7 7 0 8 2 1 0.24938290778279493 
1 1 0 0 2 0 0.21536706987234222 
---
1 12 17.393092105263158 6.0 5
11 7 5 2 7 0 0.3712265609666914 
12 1 13 4 8 1 0.5678233303043123 
1 7 8 4 8 1 0.40852433693484036 
7 7 0 8 2 1 0.24938290778279493 
1 1 0 0 2 0 0.21536706987234222 
12 1 13 2 1 1 0.2696707350153371 
---
1 13 14.925986842105262 8.0 5
12 1 13 2 1 1 0.2696707350153371 
12 1 13 4 8 1 0.5678233303043123 
11 12 13 4 4 0 0.2772888533850344 
11 7 5 2 7 0 0.3712265609666914 
1 1 7 0 2 0 0.45308266784158224 
13 1 0 2 1 0 0.9712000162637736 
7 7 0 8 2 1 0.24938290778279493 
3 8 1 7 2 0 0.862475418695827 
---
1 14 29.337993421052634 1.0 5
0 2 0 0 2 0 0.43380552665349303 
---
1 15 14.576480263157896 9.0 5
7 7 0 8 2 1 0.24938290778279493 
12 1 13 4 8 1 0.5678233303043123 
13 1 0 2 1 0 0.9712000162637736 
12 1 13 2 1 1 0.2696707350153371 
3 8 1 7 2 0 0.862475418695827 
11 7 5 2 7 0 0.3712265609666914 
1 1 7 0 2 0 0.45308266784158224 
1 7 8 4 8 1 0.40852433693484036 
11 12 13 4 4 0 0.2772888533850344 
---
1 16 21.032072368421055 2.0 5
1 1 0 0 2 0 0.21536706987234222 
7 7 0 8 2 1 0.24938290778279493 
---
1 17 20.02467105263158 3.0 5
7 7 0 8 2 1 0.24938290778279493 
1 1 0 0 2 0 0.21536706987234222 
12 1 13 2 1 1 0.2696707350153371 
---
1 18 18.379934210526315 4.0 5
12 1 13 2 1 1 0.2696707350153371 
7 7 0 8 2 1 0.24938290778279493 
1 1 0 0 2 0 0.21536706987234222 
11 7 5 2 7 0 0.3712265609666914 
---
1 19 17.763157894736842 5.0 5
11 7 5 2 7 0 0.3712265609666914 
12 1 13 4 8 1 0.5678233303043123 
12 1 13 2 1 1 0.2696707350153371 
7 7 0 8 2 1 0.24938290778279493 
1 1 0 0 2 0 0.21536706987234222 
---
1 20 17.393092105263158 6.0 5
11 7 5 2 7 0 0.3712265609666914 
12 1 13 4 8 1 0.5678233303043123 
1 7 8 4 8 1 0.40852433693484036 
7 7 0 8 2 1 0.24938290778279493 
1 1 0 0 2 0 0.21536706987234222 
12 1 13 2 1 1 0.2696707350153371 
---
1 21 14.925986842105262 8.0 5
12 1 13 2 1 1 0.2696707350153371 
12 1 13 4 8 1 0.5678233303043123 
11 12 13 4 4 0 0.2772888533850344 
11 7 5 2 7 0 0.3712265609666914 
1 1 7 0 2 0 0.45308266784158224 
13 1 0 2 1 0 0.9712000162637736 
7 7 0 8 2 1 0.24938290778279493 
3 8 1 7 2 0 0.862475418695827 
---
1 22 29.379111842105267 1.0 5
0 2 4 0 2 0 0.4137388617284099 
---
1 23 14.576480263157896 9.0 5
7 7 0 8 2 1 0.24938290778279493 
12 1 13 4 8 1 0.5678233303043123 
13 1 0 2 1 0 0.9712000162637736 
12 1 13 2 1 1 0.2696707350153371 
3 8 1 7 2 0 0.862475418695827 
11 7 5 2 7 0 0.3712265609666914 
1 1 7 0 2 0 0.45308266784158224 
1 7 8 4 8 1 0.40852433693484036 
11 12 13 4 4 0 0.2772888533850344 
---
1 24 21.032072368421055 2.0 5
7 7 0 8 2 1 0.24938290778279493 
1 1 0 0 2 0 0.21536706987234222 
---
1 25 20.02467105263158 3.0 5
12 1 13 2 1 1 0.2696707350153371 
7 7 0 8 2 1 0.24938290778279493 
1 1 0 0 2 0 0.21536706987234222 
---
1 26 18.379934210526315 4.0 5
11 7 5 2 7 0 0.3712265609666914 
1 1 0 0 2 0 0.21536706987234222 
7 7 0 8 2 1 0.24938290778279493 
12 1 13 2 1 1 0.2696707350153371 
---
1 27 17.763157894736842 5.0 5
11 7 5 2 7 0 0.3712265609666914 
12 1 13 4 8 1 0.5678233303043123 
12 1 13 2 1 1 0.2696707350153371 
7 7 0 8 2 1 0.24938290778279493 
1 1 0 0 2 0 0.21536706987234222 
---
1 28 17.393092105263158 6.0 5
11 7 5 2 7 0 0.3712265609666914 
12 1 13 4 8 1 0.5678233303043123 
1 7 8 4 8 1 0.40852433693484036 
7 7 0 8 2 1 0.24938290778279493 
1 1 0 0 2 0 0.21536706987234222 
12 1 13 2 1 1 0.2696707350153371 
---
1 29 14.925986842105262 8.0 5
12 1 13 2 1 1 0.2696707350153371 
12 1 13 4 8 1 0.5678233303043123 
11 12 13 4 4 0 0.2772888533850344 
11 7 5 2 7 0 0.3712265609666914 
1 1 7 0 2 0 0.45308266784158224 
13 1 0 2 1 0 0.9712000162637736 
7 7 0 8 2 1 0.24938290778279493 
3 8 1 7 2 0 0.862475418695827 
---
1 30 29.337993421052634 1.0 5
0 2 0 0 2 0 0.43380552665349303 
---
1 31 14.576480263157896 9.0 5
7 7 0 8 2 1 0.24938290778279493 
12 1 13 4 8 1 0.5678233303043123 
13 1 0 2 1 0 0.9712000162637736 
12 1 13 2 1 1 0.2696707350153371 
3 8 1 7 2 0 0.862475418695827 
11 7 5 2 7 0 0.3712265609666914 
1 1 7 0 2 0 0.45308266784158224 
1 7 8 4 8 1 0.40852433693484036 
11 12 13 4 4 0 0.2772888533850344 
---
1 32 21.032072368421055 2.0 5
1 1 0 0 2 0 0.21536706987234222 
7 7 0 8 2 1 0.24938290778279493 
---
1 33 20.02467105263158 3.0 5
12 1 13 2 1 1 0.2696707350153371 
7 7 0 8 2 1 0.24938290778279493 
1 1 0 0 2 0 0.21536706987234222 
---
1 34 18.379934210526315 4.0 5
12 1 13 2 1 1 0.2696707350153371 
11 7 5 2 7 0 0.3712265609666914 
1 1 0 0 2 0 0.21536706987234222 
7 7 0 8 2 1 0.24938290778279493 
---
1 35 17.763157894736842 5.0 5
12 1 13 4 8 1 0.5678233303043123 
12 1 13 2 1 1 0.2696707350153371 
1 1 0 0 2 0 0.21536706987234222 
11 7 5 2 7 0 0.3712265609666914 
7 7 0 8 2 1 0.24938290778279493 
---
1 36 17.393092105263158 6.0 5
11 7 5 2 7 0 0.3712265609666914 
12 1 13 4 8 1 0.5678233303043123 
1 7 8 4 8 1 0.40852433693484036 
7 7 0 8 2 1 0.24938290778279493 
1 1 0 0 2 0 0.21536706987234222 
12 1 13 2 1 1 0.2696707350153371 
---
1 37 14.925986842105262 8.0 5
12 1 13 2 1 1 0.2696707350153371 
12 1 13 4 8 1 0.5678233303043123 
11 12 13 4 4 0 0.2772888533850344 
11 7 5 2 7 0 0.3712265609666914 
1 1 7 0 2 0 0.45308266784158224 
13 1 0 2 1 0 0.9712000162637736 
7 7 0 8 2 1 0.24938290778279493 
3 8 1 7 2 0 0.862475418695827 
---
1 38 29.337993421052634 1.0 5
0 2 0 0 2 0 0.43877088660454255 
---
1 39 14.576480263157896 9.0 5
7 7 0 8 2 1 0.24938290778279493 
12 1 13 4 8 1 0.5678233303043123 
13 1 0 2 1 0 0.9712000162637736 
12 1 13 2 1 1 0.2696707350153371 
3 8 1 7 2 0 0.862475418695827 
11 7 5 2 7 0 0.3712265609666914 
1 1 7 0 2 0 0.45308266784158224 
1 7 8 4 8 1 0.40852433693484036 
11 12 13 4 4 0 0.2772888533850344 
---
1 40 21.032072368421055 2.0 5
7 7 0 8 2 1 0.24938290778279493 
1 1 0 0 2 0 0.21536706987234222 
---
1 41 20.02467105263158 3.0 5
12 1 13 2 1 1 0.2696707350153371 
1 1 0 0 2 0 0.21536706987234222 
7 7 0 8 2 1 0.24938290778279493 
---
1 42 18.379934210526315 4.0 5
7 7 0 8 2 1 0.24938290778279493 
11 7 5 2 7 0 0.3712265609666914 
12 1 13 2 1 1 0.2696707350153371 
1 1 0 0 2 0 0.21536706987234222 
---
1 43 17.763157894736842 5.0 5
1 1 0 0 2 0 0.21536706987234222 
12 1 13 4 8 1 0.5678233303043123 
11 7 5 2 7 0 0.3712265609666914 
12 1 13 2 1 1 0.2696707350153371 
7 7 0 8 2 1 0.24938290778279493 
---
1 44 17.393092105263158 6.0 5
11 7 5 2 7 0 0.3712265609666914 
12 1 13 4 8 1 0.5678233303043123 
1 7 8 4 8 1 0.40852433693484036 
7 7 0 8 2 1 0.24938290778279493 
1 1 0 0 2 0 0.21536706987234222 
12 1 13 2 1 1 0.2696707350153371 
---
1 45 14.925986842105262 8.0 5
12 1 13 2 1 1 0.2696707350153371 
12 1 13 4 8 1 0.5678233303043123 
11 12 13 4 4 0 0.2772888533850344 
11 7 5 2 7 0 0.3712265609666914 
1 1 7 0 2 0 0.45308266784158224 
13 1 0 2 1 0 0.9712000162637736 
7 7 0 8 2 1 0.24938290778279493 
3 8 1 7 2 0 0.862475418695827 
---
1 46 29.337993421052634 1.0 5
0 2 0 0 2 0 0.43877088660454255 
---
1 47 14.576480263157896 9.0 5
7 7 0 8 2 1 0.24938290778279493 
12 1 13 4 8 1 0.5678233303043123 
13 1 0 2 1 0 0.9712000162637736 
12 1 13 2 1 1 0.2696707350153371 
3 8 1 7 2 0 0.862475418695827 
11 7 5 2 7 0 0.3712265609666914 
1 1 7 0 2 0 0.45308266784158224 
1 7 8 4 8 1 0.40852433693484036 
11 12 13 4 4 0 0.2772888533850344 
---
1 48 21.032072368421055 2.0 5
1 1 0 0 2 0 0.21536706987234222 
7 7 0 8 2 1 0.24938290778279493 
---
1 49 20.02467105263158 3.0 5
1 1 0 0 2 0 0.21536706987234222 
7 7 0 8 2 1 0.24938290778279493 
12 1 13 2 1 1 0.2696707350153371 
---
1 50 18.379934210526315 4.0 5
1 1 0 0 2 0 0.21536706987234222 
11 7 5 2 7 0 0.3712265609666914 
12 1 13 2 1 1 0.2696707350153371 
7 7 0 8 2 1 0.24938290778279493 
---
1 51 17.763157894736842 5.0 5
11 7 5 2 7 0 0.3712265609666914 
12 1 13 4 8 1 0.5678233303043123 
12 1 13 2 1 1 0.2696707350153371 
7 7 0 8 2 1 0.24938290778279493 
1 1 0 0 2 0 0.21536706987234222 
---
1 52 17.393092105263158 6.0 5
11 7 5 2 7 0 0.3712265609666914 
12 1 13 4 8 1 0.5678233303043123 
1 7 8 4 8 1 0.40852433693484036 
7 7 0 8 2 1 0.24938290778279493 
1 1 0 0 2 0 0.21536706987234222 
12 1 13 2 1 1 0.2696707350153371 
---
1 53 29.337993421052634 1.0 5
0 2 0 0 2 0 0.43877088660454255 
---
1 54 14.576480263157896 9.0 5
11 12 13 4 4 0 0.2772888533850344 
1 7 8 4 8 1 0.40852433693484036 
13 1 0 2 1 0 0.9712000162637736 
1 1 7 0 2 0 0.45308266784158224 
11 7 5 2 7 0 0.3712265609666914 
12 1 13 4 8 1 0.5678233303043123 
12 1 13 2 1 1 0.2696707350153371 
3 8 1 7 2 0 0.862475418695827 
7 7 0 8 2 1 0.24938290778279493 
---
1 55 21.032072368421055 2.0 5
1 1 0 0 2 0 0.21536706987234222 
7 7 0 8 2 1 0.24938290778279493 
---
1 56 20.02467105263158 3.0 5
1 1 0 0 2 0 0.21536706987234222 
7 7 0 8 2 1 0.24938290778279493 
12 1 13 2 1 1 0.2696707350153371 
---
1 57 18.379934210526315 4.0 5
7 7 0 8 2 1 0.24938290778279493 
1 1 0 0 2 0 0.21536706987234222 
11 7 5 2 7 0 0.3712265609666914 
12 1 13 2 1 1 0.2696707350153371 
---
1 58 17.763157894736842 5.0 5
11 7 5 2 7 0 0.3712265609666914 
12 1 13 4 8 1 0.5678233303043123 
12 1 13 2 1 1 0.2696707350153371 
7 7 0 8 2 1 0.24938290778279493 
1 1 0 0 2 0 0.21536706987234222 
---
1 59 29.337993421052634 1.0 5
0 2 0 0 2 0 0.43380552665349303 
---
2 0 29.337993421052634 1.0 5
0 2 0 1 2 0 0.5240631081044574 
---
2 1 14.576480263157896 9.0 5
7 7 0 8 2 1 0.24938290778279493 
12 1 13 4 8 1 0.5678233303043123 
13 1 0 2 1 0 0.9712000162637736 
12 1 13 2 1 1 0.2696707350153371 
3 8 1 7 2 0 0.862475418695827 
11 7 5 2 7 0 0.3712265609666914 
1 1 7 0 2 0 0.45308266784158224 
1 7 8 4 8 1 0.40852433693484036 
11 12 13 4 4 0 0.2772888533850344 
---
2 2 21.319901315789476 2.0 5
7 7 0 8 2 1 0.24938290778279493 
1 1 0 0 2 0 0.20413408217279438 
---
2 3 16.981907894736842 6.0 5
1 7 8 4 8 1 0.40852433693484036 
3 8 1 7 2 0 0.862475418695827 
11 12 13 4 4 0 0.2772888533850344 
1 1 7 0 2 0 0.45308266784158224 
7 7 0 8 2 1 0.24938290778279493 
12 1 13 2 1 1 0.2696707350153371 
---
2 4 20.435855263157894 3.0 5
12 1 13 2 1 1 0.2696707350153371 
1 1 0 0 2 0 0.20413408217279438 
7 7 0 8 2 1 0.24938290778279493 
---
2 5 18.523848684210524 4.0 5
11 12 13 4 4 0 0.2772888533850344 
12 1 13 2 1 1 0.2696707350153371 
1 1 7 0 2 0 0.45308266784158224 
7 7 0 8 2 1 0.24938290778279493 
---
2 6 14.84375 8.0 5
13 1 0 2 1 0 0.9712000162637736 
7 7 0 8 2 1 0.24938290778279493 
11 12 13 4 4 0 0.2772888533850344 
3 8 1 7 2 0 0.862475418695827 
11 7 5 2 7 0 0.3712265609666914 
1 7 8 4 8 1 0.40852433693484036 
12 1 13 2 1 1 0.2696707350153371 
1 1 7 0 2 0 0.45308266784158224 
---
2 7 21.319901315789476 2.0 5
1 1 0 0 2 0 0.20413408217279438 
7 7 0 8 2 1 0.24938290778279493 
---
2 8 20.435855263157894 3.0 5
12 1 13 2 1 1 0.2696707350153371 
7 7 0 8 2 1 0.24938290778279493 
1 1 0 0 2 0 0.20413408217279438 
---
2 9 18.523848684210524 4.0 5
1 1 7 0 2 0 0.45308266784158224 
11 12 13 4 4 0 0.2772888533850344 
7 7 0 8 2 1 0.24938290778279493 
12 1 13 2 1 1 0.2696707350153371 
---
2 10 17.249177631578945 5.0 5
11 12 13 4 4 0 0.2772888533850344 
1 1 7 0 2 0 0.45308266784158224 
12 1 13 2 1 1 0.2696707350153371 
1 7 8 4 8 1 0.40852433693484036 
7 7 0 8 2 1 0.24938290778279493 
---
2 11 17.249177631578945 5.0 5
12 1 13 2 1 1 0.2696707350153371 
11 12 13 4 4 0 0.2772888533850344 
7 7 0 8 2 1 0.24938290778279493 
1 7 8 4 8 1 0.40852433693484036 
1 1 7 0 2 0 0.45308266784158224 
---
2 12 14.84375 8.0 5
13 1 0 2 1 0 0.9712000162637736 
7 7 0 8 2 1 0.24938290778279493 
11 12 13 4 4 0 0.2772888533850344 
3 8 1 7 2 0 0.862475418695827 
11 7 5 2 7 0 0.3712265609666914 
1 7 8 4 8 1 0.40852433693484036 
12 1 13 2 1 1 0.2696707350153371 
1 1 7 0 2 0 0.45308266784158224 
---
2 13 29.337993421052634 1.0 5
0 2 0 1 2 0 0.5240631081044574 
---
2 14 14.576480263157896 9.0 5
7 7 0 8 2 1 0.24938290778279493 
12 1 13 2 1 1 0.2696707350153371 
13 1 0 2 1 0 0.9712000162637736 
3 8 1 7 2 0 0.862475418695827 
11 7 5 2 7 0 0.3712265609666914 
11 12 13 4 4 0 0.2772888533850344 
1 1 7 0 2 0 0.45308266784158224 
12 1 13 4 8 1 0.5678233303043123 
1 7 8 4 8 1 0.40852433693484036 
---
2 15 21.319901315789476 2.0 5
7 7 0 8 2 1 0.24938290778279493 
1 1 0 0 2 0 0.20413408217279438 
---
2 16 18.523848684210524 4.0 5
11 12 13 4 4 0 0.2772888533850344 
12 1 13 2 1 1 0.2696707350153371 
1 1 7 0 2 0 0.45308266784158224 
7 7 0 8 2 1 0.24938290778279493 
---
2 17 14.84375 8.0 5
13 1 0 2 1 0 0.9712000162637736 
7 7 0 8 2 1 0.24938290778279493 
11 12 13 4 4 0 0.2772888533850344 
3 8 1 7 2 0 0.862475418695827 
11 7 5 2 7 0 0.3712265609666914 
1 7 8 4 8 1 0.40852433693484036 
12 1 13 2 1 1 0.2696707350153371 
1 1 7 0 2 0 0.45308266784158224 
---
2 18 29.379111842105267 1.0 5
0 2 4 1 2 0 0.5138477969900865 
---
2 19 14.576480263157896 9.0 5
7 7 0 8 2 1 0.24938290778279493 
12 1 13 2 1 1 0.2696707350153371 
13 1 0 2 1 0 0.9712000162637736 
3 8 1 7 2 0 0.862475418695827 
11 7 5 2 7 0 0.3712265609666914 
11 12 13 4 4 0 0.2772888533850344 
1 1 7 0 2 0 0.45308266784158224 
12 1 13 4 8 1 0.5678233303043123 
1 7 8 4 8 1 0.40852433693484036 
---
2 20 21.319901315789476 2.0 5
7 7 0 8 2 1 0.24938290778279493 
1 1 0 0 2 0 0.20413408217279438 
---
2 21 20.435855263157894 3.0 5
12 1 13 2 1 1 0.2696707350153371 
1 1 0 0 2 0 0.20413408217279438 
7 7 0 8 2 1 0.24938290778279493 
---
2 22 18.523848684210524 4.0 5
11 12 13 4 4 0 0.2772888533850344 
12 1 13 2 1 1 0.2696707350153371 
1 1 7 0 2 0 0.45308266784158224 
7 7 0 8 2 1 0.24938290778279493 
---
2 23 14.84375 8.0 5
13 1 0 2 1 0 0.9712000162637736 
7 7 0 8 2 1 0.24938290778279493 
11 12 13 4 4 0 0.2772888533850344 
3 8 1 7 2 0 0.862475418695827 
11 7 5 2 7 0 0.3712265609666914 
1 7 8 4 8 1 0.40852433693484036 
12 1 13 2 1 1 0.2696707350153371 
1 1 7 0 2 0 0.45308266784158224 
---
2 24 29.337993421052634 1.0 5
0 2 0 1 2 0 0.5240631081044574 
---
2 25 14.576480263157896 9.0 5
7 7 0 8 2 1 0.24938290778279493 
11 12 13 4 4 0 0.2772888533850344 
3 8 1 7 2 0 0.862475418695827 
1 7 8 4 8 1 0.40852433693484036 
13 1 0 2 1 0 0.9712000162637736 
12 1 13 4 8 1 0.5678233303043123 
11 7 5 2 7 0 0.3712265609666914 
1 1 7 0 2 0 0.45308266784158224 
12 1 13 2 1 1 0.2696707350153371 
---
2 26 21.319901315789476 2.0 5
7 7 0 8 2 1 0.24938290778279493 
1 1 0 0 2 0 0.20413408217279438 
---
2 27 20.435855263157894 3.0 5
12 1 13 2 1 1 0.2696707350153371 
1 1 0 0 2 0 0.20413408217279438 
7 7 0 8 2 1 0.24938290778279493 
---
2 28 18.523848684210524 4.0 5
1 1 7 0 2 0 0.45308266784158224 
12 1 13 2 1 1 0.2696707350153371 
7 7 0 8 2 1 0.24938290778279493 
11 12 13 4 4 0 0.2772888533850344 
---
2 29 14.84375 8.0 5
13 1 0 2 1 0 0.9712000162637736 
7 7 0 8 2 1 0.24938290778279493 
11 12 13 4 4 0 0.2772888533850344 
3 8 1 7 2 0 0.862475418695827 
11 7 5 2 7 0 0.3712265609666914 
1 7 8 4 8 1 0.40852433693484036 
12 1 13 2 1 1 0.2696707350153371 
1 1 7 0 2 0 0.45308266784158224 
---
2 30 29.35855263157895 1.0 5
0 2 0 1 4 0 0.5810712104975938 
---
2 31 14.576480263157896 9.0 5
7 7 0 8 2 1 0.24938290778279493 
12 1 13 4 8 1 0.5678233303043123 
13 1 0 2 1 0 0.9712000162637736 
12 1 13 2 1 1 0.2696707350153371 
3 8 1 7 2 0 0.862475418695827 
11 7 5 2 7 0 0.3712265609666914 
1 1 7 0 2 0 0.45308266784158224 
1 7 8 4 8 1 0.40852433693484036 
11 12 13 4 4 0 0.2772888533850344 
---
2 32 21.319901315789476 2.0 5
7 7 0 8 2 1 0.24938290778279493 
1 1 0 0 2 0 0.20413408217279438 
---
2 33 20.435855263157894 3.0 5
1 1 0 0 2 0 0.20413408217279438 
12 1 13 2 1 1 0.2696707350153371 
7 7 0 8 2 1 0.24938290778279493 
---
2 34 18.523848684210524 4.0 5
1 1 7 0 2 0 0.45308266784158224 
11 12 13 4 4 0 0.2772888533850344 
7 7 0 8 2 1 0.24938290778279493 
12 1 13 2 1 1 0.2696707350153371 
---
2 35 14.84375 8.0 5
13 1 0 2 1 0 0.9712000162637736 
7 7 0 8 2 1 0.24938290778279493 
11 12 13 4 4 0 0.2772888533850344 
3 8 1 7 2 0 0.862475418695827 
11 7 5 2 7 0 0.3712265609666914 
1 7 8 4 8 1 0.40852433693484036 
12 1 13 2 1 1 0.2696707350153371 
1 1 7 0 2 0 0.45308266784158224 
---
2 36 29.35855263157895 1.0 5
0 2 0 1 1 0 0.6010975461707022 
---
2 37 14.576480263157896 9.0 5
7 7 0 8 2 1 0.24938290778279493 
12 1 13 4 8 1 0.5678233303043123 
13 1 0 2 1 0 0.9712000162637736 
12 1 13 2 1 1 0.2696707350153371 
3 8 1 7 2 0 0.862475418695827 
11 7 5 2 7 0 0.3712265609666914 
1 1 7 0 2 0 0.45308266784158224 
1 7 8 4 8 1 0.40852433693484036 
11 12 13 4 4 0 0.2772888533850344 
---
2 38 21.319901315789476 2.0 5
7 7 0 8 2 1 0.24938290778279493 
1 1 0 0 2 0 0.20413408217279438 
---
2 39 18.523848684210524 4.0 5
7 7 0 8 2 1 0.24938290778279493 
1 1 7 0 2 0 0.45308266784158224 
12 1 13 2 1 1 0.2696707350153371 
11 12 13 4 4 0 0.2772888533850344 
---
2 40 29.337993421052634 1.0 5
0 2 0 1 2 0 0.5240631081044574 
---
2 41 14.576480263157896 9.0 5
7 7 0 8 2 1 0.24938290778279493 
11 12 13 4 4 0 0.2772888533850344 
3 8 1 7 2 0 0.862475418695827 
1 7 8 4 8 1 0.40852433693484036 
13 1 0 2 1 0 0.9712000162637736 
12 1 13 4 8 1 0.5678233303043123 
11 7 5 2 7 0 0.3712265609666914 
1 1 7 0 2 0 0.45308266784158224 
12 1 13 2 1 1 0.2696707350153371 
---
2 42 21.319901315789476 2.0 5
7 7 0 8 2 1 0.24938290778279493 
1 1 0 0 2 0 0.20413408217279438 
---
2 43 18.523848684210524 4.0 5
7 7 0 8 2 1 0.24938290778279493 
1 1 7 0 2 0 0.45308266784158224 
11 12 13 4 4 0 0.2772888533850344 
12 1 13 2 1 1 0.2696707350153371 
---
2 44 14.84375 8.0 5
13 1 0 2 1 0 0.9712000162637736 
7 7 0 8 2 1 0.24938290778279493 
11 12 13 4 4 0 0.2772888533850344 
3 8 1 7 2 0 0.862475418695827 
11 7 5 2 7 0 0.3712265609666914 
1 7 8 4 8 1 0.40852433693484036 
12 1 13 2 1 1 0.2696707350153371 
1 1 7 0 2 0 0.45308266784158224 
---
2 45 14.576480263157896 9.0 5
7 7 0 8 2 1 0.24938290778279493 
12 1 13 4 8 1 0.5678233303043123 
13 1 0 2 1 0 0.9712000162637736 
12 1 13 2 1 1 0.2696707350153371 
3 8 1 7 2 0 0.862475418695827 
11 7 5 2 7 0 0.3712265609666914 
1 1 7 0 2 0 0.45308266784158224 
1 7 8 4 8 1 0.40852433693484036 
11 12 13 4 4 0 0.2772888533850344 
---
2 46 21.319901315789476 2.0 5
7 7 0 8 2 1 0.24938290778279493 
1 1 0 0 2 0 0.20413408217279438 
---
2 47 20.435855263157894 3.0 5
12 1 13 2 1 1 0.2696707350153371 
1 1 0 0 2 0 0.20413408217279438 
7 7 0 8 2 1 0.24938290778279493 
---
2 48 18.523848684210524 4.0 5
1 1 7 0 2 0 0.45308266784158224 
11 12 13 4 4 0 0.2772888533850344 
12 1 13 2 1 1 0.2696707350153371 
7 7 0 8 2 1 0.24938290778279493 
---
2 49 14.84375 8.0 5
13 1 0 2 1 0 0.9712000162637736 
7 7 0 8 2 1 0.24938290778279493 
11 12 13 4 4 0 0.2772888533850344 
3 8 1 7 2 0 0.862475418695827 
11 7 5 2 7 0 0.3712265609666914 
1 7 8 4 8 1 0.40852433693484036 
12 1 13 2 1 1 0.2696707350153371 
1 1 7 0 2 0 0.45308266784158224 
---
2 50 14.576480263157896 9.0 5
7 7 0 8 2 1 0.24938290778279493 
12 1 13 4 8 1 0.5678233303043123 
13 1 0 2 1 0 0.9712000162637736 
12 1 13 2 1 1 0.2696707350153371 
3 8 1 7 2 0 0.862475418695827 
11 7 5 2 7 0 0.3712265609666914 
1 1 7 0 2 0 0.45308266784158224 
1 7 8 4 8 1 0.40852433693484036 
11 12 13 4 4 0 0.2772888533850344 
---
2 51 21.319901315789476 2.0 5
7 7 0 8 2 1 0.24938290778279493 
1 1 0 0 2 0 0.20413408217279438 
---
2 52 14.84375 8.0 5
13 1 0 2 1 0 0.9712000162637736 
7 7 0 8 2 1 0.24938290778279493 
11 12 13 4 4 0 0.2772888533850344 
3 8 1 7 2 0 0.862475418695827 
11 7 5 2 7 0 0.3712265609666914 
1 7 8 4 8 1 0.40852433693484036 
12 1 13 2 1 1 0.2696707350153371 
1 1 7 0 2 0 0.45308266784158224 
---
2 53 14.84375 8.0 5
13 1 0 2 1 0 0.9712000162637736 
7 7 0 8 2 1 0.24938290778279493 
11 12 13 4 4 0 0.2772888533850344 
3 8 1 7 2 0 0.862475418695827 
11 7 5 2 7 0 0.3712265609666914 
1 7 8 4 8 1 0.40852433693484036 
12 1 13 2 1 1 0.2696707350153371 
1 1 7 0 2 0 0.45308266784158224 
---
3 0 29.337993421052634 1.0 5
0 0 0 1 2 0 0.4808253547095225 
---
3 1 14.576480263157896 9.0 5
7 7 0 8 2 1 0.24938290778279493 
12 1 13 4 8 1 0.5678233303043123 
13 1 0 2 1 0 0.9712000162637736 
12 1 13 2 1 1 0.2696707350153371 
3 8 1 7 2 0 0.862475418695827 
11 7 5 2 7 0 0.3712265609666914 
1 1 7 0 2 0 0.45308266784158224 
1 7 8 4 8 1 0.40852433693484036 
11 12 13 4 4 0 0.2772888533850344 
---
3 2 21.319901315789476 2.0 5
7 7 0 8 2 1 0.24938290778279493 
1 1 0 0 2 0 0.20413408217279438 
---
3 3 14.84375 8.0 5
13 1 0 2 1 0 0.9712000162637736 
1 1 7 0 2 0 0.45308266784158224 
11 12 13 4 4 0 0.2772888533850344 
7 7 0 8 2 1 0.24938290778279493 
1 7 8 4 8 1 0.40852433693484036 
12 1 13 2 1 1 0.2696707350153371 
3 8 1 7 2 0 0.862475418695827 
11 7 5 2 7 0 0.3712265609666914 
---
3 4 21.319901315789476 2.0 5
7 7 0 8 2 1 0.24938290778279493 
1 1 0 0 2 0 0.20413408217279438 
---
3 5 19.860197368421055 3.0 5
1 1 0 0 2 0 0.20413408217279438 
7 7 0 8 2 1 0.24938290778279493 
11 7 5 2 7 0 0.3712265609666914 
---
3 6 18.667763157894736 4.0 5
7 7 0 8 2 1 0.24938290778279493 
1 1 0 0 2 0 0.20413408217279438 
11 7 5 2 7 0 0.3712265609666914 
12 1 13 2 1 1 0.2696707350153371 
---
3 7 16.940789473684212 5.0 5
7 7 0 8 2 1 0.24938290778279493 
11 12 13 4 4 0 0.2772888533850344 
11 7 5 2 7 0 0.3712265609666914 
12 1 13 2 1 1 0.2696707350153371 
1 1 7 0 2 0 0.45308266784158224 
---
3 8 15.707236842105262 6.0 5
7 7 0 8 2 1 0.24938290778279493 
12 1 13 4 8 1 0.5678233303043123 
1 1 7 0 2 0 0.45308266784158224 
11 12 13 4 4 0 0.2772888533850344 
11 7 5 2 7 0 0.3712265609666914 
12 1 13 2 1 1 0.2696707350153371 
---
3 9 15.111019736842104 7.0 5
1 7 8 4 8 1 0.40852433693484036 
1 1 7 0 2 0 0.45308266784158224 
13 1 0 2 1 0 0.9712000162637736 
11 7 5 2 7 0 0.3712265609666914 
7 7 0 8 2 1 0.24938290778279493 
12 1 13 2 1 1 0.2696707350153371 
11 12 13 4 4 0 0.2772888533850344 
---
3 10 19.860197368421055 3.0 5
7 7 0 8 2 1 0.24938290778279493 
1 1 0 0 2 0 0.20413408217279438 
11 7 5 2 7 0 0.3712265609666914 
---
3 11 18.667763157894736 4.0 5
7 7 0 8 2 1 0.24938290778279493 
1 1 0 0 2 0 0.20413408217279438 
11 7 5 2 7 0 0.3712265609666914 
12 1 13 2 1 1 0.2696707350153371 
---
3 12 16.940789473684212 5.0 5
1 1 7 0 2 0 0.45308266784158224 
11 7 5 2 7 0 0.3712265609666914 
12 1 13 2 1 1 0.2696707350153371 
7 7 0 8 2 1 0.24938290778279493 
11 12 13 4 4 0 0.2772888533850344 
---
3 13 15.707236842105262 6.0 5
11 7 5 2 7 0 0.3712265609666914 
7 7 0 8 2 1 0.24938290778279493 
11 12 13 4 4 0 0.2772888533850344 
12 1 13 4 8 1 0.5678233303043123 
1 1 7 0 2 0 0.45308266784158224 
12 1 13 2 1 1 0.2696707350153371 
---
3 14 15.111019736842104 7.0 5
1 1 7 0 2 0 0.45308266784158224 
11 12 13 4 4 0 0.2772888533850344 
7 7 0 8 2 1 0.24938290778279493 
1 7 8 4 8 1 0.40852433693484036 
13 1 0 2 1 0 0.9712000162637736 
12 1 13 2 1 1 0.2696707350153371 
11 7 5 2 7 0 0.3712265609666914 
---
3 15 29.379111842105267 1.0 5
0 0 4 1 2 0 0.46364615685323285 
---
3 16 14.576480263157896 9.0 5
7 7 0 8 2 1 0.24938290778279493 
12 1 13 4 8 1 0.5678233303043123 
13 1 0 2 1 0 0.9712000162637736 
12 1 13 2 1 1 0.2696707350153371 
3 8 1 7 2 0 0.862475418695827 
11 7 5 2 7 0 0.3712265609666914 
1 1 7 0 2 0 0.45308266784158224 
1 7 8 4 8 1 0.40852433693484036 
11 12 13 4 4 0 0.2772888533850344 
---
3 17 21.319901315789476 2.0 5
7 7 0 8 2 1 0.24938290778279493 
1 1 0 0 2 0 0.20413408217279438 
---
3 18 19.860197368421055 3.0 5
7 7 0 8 2 1 0.24938290778279493 
1 1 0 0 2 0 0.20413408217279438 
11 7 5 2 7 0 0.3712265609666914 
---
3 19 18.667763157894736 4.0 5
7 7 0 8 2 1 0.24938290778279493 
11 7 5 2 7 0 0.3712265609666914 
12 1 13 2 1 1 0.2696707350153371 
1 1 0 0 2 0 0.20413408217279438 
---
3 20 16.940789473684212 5.0 5
1 1 7 0 2 0 0.45308266784158224 
11 7 5 2 7 0 0.3712265609666914 
12 1 13 2 1 1 0.2696707350153371 
7 7 0 8 2 1 0.24938290778279493 
11 12 13 4 4 0 0.2772888533850344 
---
3 21 15.707236842105262 6.0 5
7 7 0 8 2 1 0.24938290778279493 
11 7 5 2 7 0 0.3712265609666914 
12 1 13 2 1 1 0.2696707350153371 
1 1 7 0 2 0 0.45308266784158224 
12 1 13 4 8 1 0.5678233303043123 
11 12 13 4 4 0 0.2772888533850344 
---
3 22 15.111019736842104 7.0 5
1 7 8 4 8 1 0.40852433693484036 
1 1 7 0 2 0 0.45308266784158224 
13 1 0 2 1 0 0.9712000162637736 
11 7 5 2 7 0 0.3712265609666914 
7 7 0 8 2 1 0.24938290778279493 
12 1 13 2 1 1 0.2696707350153371 
11 12 13 4 4 0 0.2772888533850344 
---
3 23 29.337993421052634 1.0 5
0 0 0 1 2 0 0.4808253547095225 
---
3 24 14.576480263157896 9.0 5
7 7 0 8 2 1 0.24938290778279493 
12 1 13 4 8 1 0.5678233303043123 
13 1 0 2 1 0 0.9712000162637736 
12 1 13 2 1 1 0.2696707350153371 
3 8 1 7 2 0 0.862475418695827 
11 7 5 2 7 0 0.3712265609666914 
1 1 7 0 2 0 0.45308266784158224 
1 7 8 4 8 1 0.40852433693484036 
11 12 13 4 4 0 0.2772888533850344 
---
3 25 21.319901315789476 2.0 5
7 7 0 8 2 1 0.24938290778279493 
1 1 0 0 2 0 0.20413408217279438 
---
3 26 19.860197368421055 3.0 5
7 7 0 8 2 1 0.24938290778279493 
11 7 5 2 7 0 0.3712265609666914 
1 1 0 0 2 0 0.20413408217279438 
---
3 27 18.667763157894736 4.0 5
1 1 0 0 2 0 0.20413408217279438 
11 7 5 2 7 0 0.3712265609666914 
12 1 13 2 1 1 0.2696707350153371 
7 7 0 8 2 1 0.24938290778279493 
---
3 28 16.940789473684212 5.0 5
1 1 7 0 2 0 0.45308266784158224 
11 7 5 2 7 0 0.3712265609666914 
12 1 13 2 1 1 0.2696707350153371 
7 7 0 8 2 1 0.24938290778279493 
11 12 13 4 4 0 0.2772888533850344 
---
3 29 15.707236842105262 6.0 5
7 7 0 8 2 1 0.24938290778279493 
12 1 13 4 8 1 0.5678233303043123 
1 1 7 0 2 0 0.45308266784158224 
11 12 13 4 4 0 0.2772888533850344 
11 7 5 2 7 0 0.3712265609666914 
12 1 13 2 1 1 0.2696707350153371 
---
3 30 15.111019736842104 7.0 5
1 7 8 4 8 1 0.40852433693484036 
1 1 7 0 2 0 0.45308266784158224 
13 1 0 2 1 0 0.9712000162637736 
11 7 5 2 7 0 0.3712265609666914 
7 7 0 8 2 1 0.24938290778279493 
12 1 13 2 1 1 0.2696707350153371 
11 12 13 4 4 0 0.2772888533850344 
---
3 31 14.576480263157896 9.0 5
1 7 8 4 8 1 0.40852433693484036 
1 1 7 0 2 0 0.45308266784158224 
3 8 1 7 2 0 0.862475418695827 
11 12 13 4 4 0 0.2772888533850344 
11 7 5 2 7 0 0.3712265609666914 
13 1 0 2 1 0 0.9712000162637736 
12 1 13 2 1 1 0.2696707350153371 
7 7 0 8 2 1 0.24938290778279493 
12 1 13 4 8 1 0.5678233303043123 
---
3 32 21.319901315789476 2.0 5
7 7 0 8 2 1 0.24938290778279493 
1 1 0 0 2 0 0.20413408217279438 
---
3 33 19.860197368421055 3.0 5
11 7 5 2 7 0 0.3712265609666914 
7 7 0 8 2 1 0.24938290778279493 
1 1 0 0 2 0 0.20413408217279438 
---
3 34 18.667763157894736 4.0 5
7 7 0 8 2 1 0.24938290778279493 
1 1 0 0 2 0 0.20413408217279438 
11 7 5 2 7 0 0.3712265609666914 
12 1 13 2 1 1 0.2696707350153371 
---
3 35 16.940789473684212 5.0 5
1 1 7 0 2 0 0.45308266784158224 
11 7 5 2 7 0 0.3712265609666914 
12 1 13 2 1 1 0.2696707350153371 
7 7 0 8 2 1 0.24938290778279493 
11 12 13 4 4 0 0.2772888533850344 
---
3 36 15.707236842105262 6.0 5
7 7 0 8 2 1 0.24938290778279493 
12 1 13 4 8 1 0.5678233303043123 
1 1 7 0 2 0 0.45308266784158224 
11 12 13 4 4 0 0.2772888533850344 
11 7 5 2 7 0 0.3712265609666914 
12 1 13 2 1 1 0.2696707350153371 
---
3 37 15.111019736842104 7.0 5
7 7 0 8 2 1 0.24938290778279493 
12 1 13 2 1 1 0.2696707350153371 
11 12 13 4 4 0 0.2772888533850344 
11 7 5 2 7 0 0.3712265609666914 
13 1 0 2 1 0 0.9712000162637736 
1 1 7 0 2 0 0.45308266784158224 
1 7 8 4 8 1 0.40852433693484036 
---
3 38 14.576480263157896 9.0 5
7 7 0 8 2 1 0.24938290778279493 
12 1 13 4 8 1 0.5678233303043123 
13 1 0 2 1 0 0.9712000162637736 
12 1 13 2 1 1 0.2696707350153371 
3 8 1 7 2 0 0.862475418695827 
11 7 5 2 7 0 0.3712265609666914 
1 1 7 0 2 0 0.45308266784158224 
1 7 8 4 8 1 0.40852433693484036 
11 12 13 4 4 0 0.2772888533850344 
---
3 39 21.319901315789476 2.0 5
7 7 0 8 2 1 0.24938290778279493 
1 1 0 0 2 0 0.20413408217279438 
---
3 40 19.860197368421055 3.0 5
11 7 5 2 7 0 0.3712265609666914 
7 7 0 8 2 1 0.24938290778279493 
1 1 0 0 2 0 0.20413408217279438 
---
3 41 18.667763157894736 4.0 5
1 1 0 0 2 0 0.20413408217279438 
11 7 5 2 7 0 0.3712265609666914 
12 1 13 2 1 1 0.2696707350153371 
7 7 0 8 2 1 0.24938290778279493 
---
3 42 16.940789473684212 5.0 5
1 1 7 0 2 0 0.45308266784158224 
11 7 5 2 7 0 0.3712265609666914 
12 1 13 2 1 1 0.2696707350153371 
7 7 0 8 2 1 0.24938290778279493 
11 12 13 4 4 0 0.2772888533850344 
---
3 43 15.707236842105262 6.0 5
7 7 0 8 2 1 0.24938290778279493 
12 1 13 4 8 1 0.5678233303043123 
1 1 7 0 2 0 0.45308266784158224 
11 12 13 4 4 0 0.2772888533850344 
11 7 5 2 7 0 0.3712265609666914 
12 1 13 2 1 1 0.2696707350153371 
---
3 44 15.111019736842104 7.0 5
11 7 5 2 7 0 0.3712265609666914 
1 1 7 0 2 0 0.45308266784158224 
12 1 13 2 1 1 0.2696707350153371 
13 1 0 2 1 0 0.9712000162637736 
1 7 8 4 8 1 0.40852433693484036 
7 7 0 8 2 1 0.24938290778279493 
11 12 13 4 4 0 0.2772888533850344 
---
3 45 14.576480263157896 9.0 5
1 7 8 4 8 1 0.40852433693484036 
1 1 7 0 2 0 0.45308266784158224 
3 8 1 7 2 0 0.862475418695827 
11 12 13 4 4 0 0.2772888533850344 
11 7 5 2 7 0 0.3712265609666914 
13 1 0 2 1 0 0.9712000162637736 
12 1 13 2 1 1 0.2696707350153371 
7 7 0 8 2 1 0.24938290778279493 
12 1 13 4 8 1 0.5678233303043123 
---
3 46 21.319901315789476 2.0 5
7 7 0 8 2 1 0.24938290778279493 
1 1 0 0 2 0 0.20413408217279438 
---
3 47 19.860197368421055 3.0 5
11 7 5 2 7 0 0.3712265609666914 
7 7 0 8 2 1 0.24938290778279493 
1 1 0 0 2 0 0.20413408217279438 
---
3 48 18.667763157894736 4.0 5
7 7 0 8 2 1 0.24938290778279493 
1 1 0 0 2 0 0.20413408217279438 
11 7 5 2 7 0 0.3712265609666914 
12 1 13 2 1 1 0.2696707350153371 
---
3 49 16.940789473684212 5.0 5
1 1 7 0 2 0 0.45308266784158224 
12 1 13 2 1 1 0.2696707350153371 
11 12 13 4 4 0 0.2772888533850344 
7 7 0 8 2 1 0.24938290778279493 
11 7 5 2 7 0 0.3712265609666914 
---
3 50 15.707236842105262 6.0 5
7 7 0 8 2 1 0.24938290778279493 
12 1 13 4 8 1 0.5678233303043123 
1 1 7 0 2 0 0.45308266784158224 
11 12 13 4 4 0 0.2772888533850344 
11 7 5 2 7 0 0.3712265609666914 
12 1 13 2 1 1 0.2696707350153371 
---
3 51 15.111019736842104 7.0 5
7 7 0 8 2 1 0.24938290778279493 
12 1 13 2 1 1 0.2696707350153371 
11 12 13 4 4 0 0.2772888533850344 
11 7 5 2 7 0 0.3712265609666914 
13 1 0 2 1 0 0.9712000162637736 
1 1 7 0 2 0 0.45308266784158224 
1 7 8 4 8 1 0.40852433693484036 
---
3 52 29.35855263157895 1.0 5
0 0 0 4 2 0 0.37296303291032995 
---
3 53 14.576480263157896 9.0 5
7 7 0 8 2 1 0.24938290778279493 
12 1 13 4 8 1 0.5678233303043123 
13 1 0 2 1 0 0.9712000162637736 
12 1 13 2 1 1 0.2696707350153371 
3 8 1 7 2 0 0.862475418695827 
11 7 5 2 7 0 0.3712265609666914 
1 1 7 0 2 0 0.45308266784158224 
1 7 8 4 8 1 0.40852433693484036 
11 12 13 4 4 0 0.2772888533850344 
---
3 54 21.319901315789476 2.0 5
7 7 0 8 2 1 0.24938290778279493 
1 1 0 0 2 0 0.20413408217279438 
---
3 55 18.667763157894736 4.0 5
1 1 0 0 2 0 0.20413408217279438 
11 7 5 2 7 0 0.3712265609666914 
12 1 13 2 1 1 0.2696707350153371 
7 7 0 8 2 1 0.24938290778279493 
---
3 56 15.707236842105262 6.0 5
7 7 0 8 2 1 0.24938290778279493 
12 1 13 4 8 1 0.5678233303043123 
1 1 7 0 2 0 0.45308266784158224 
11 12 13 4 4 0 0.2772888533850344 
11 7 5 2 7 0 0.3712265609666914 
12 1 13 2 1 1 0.2696707350153371 
---
4 0 29.337993421052634 1.0 5
0 0 0 1 0 0 0.49740178548683267 
---
4 1 14.576480263157896 9.0 5
7 7 0 8 2 1 0.24938290778279493 
11 7 5 2 7 0 0.3712265609666914 
13 1 0 2 1 0 0.9712000162637736 
11 12 13 4 4 0 0.2772888533850344 
12 1 13 4 8 1 0.5678233303043123 
12 1 13 2 1 1 0.2696707350153371 
1 1 7 0 2 0 0.45308266784158224 
3 8 1 7 2 0 0.862475418695827 
1 7 8 4 8 1 0.40852433693484036 
---
4 2 21.319901315789476 2.0 5
7 7 0 8 2 1 0.24938290778279493 
1 1 0 0 2 0 0.20413408217279438 
---
4 3 21.319901315789476 2.0 5
7 7 0 8 2 1 0.24938290778279493 
1 1 0 0 2 0 0.20413408217279438 
---
4 4 19.860197368421055 3.0 5
7 7 0 8 2 1 0.24938290778279493 
1 1 0 0 2 0 0.20413408217279438 
11 7 5 2 7 0 0.3712265609666914 
---
4 5 16.940789473684212 5.0 5
1 1 7 0 2 0 0.45308266784158224 
12 1 13 2 1 1 0.2696707350153371 
11 12 13 4 4 0 0.2772888533850344 
7 7 0 8 2 1 0.24938290778279493 
11 7 5 2 7 0 0.3712265609666914 
---
4 6 19.860197368421055 3.0 5
7 7 0 8 2 1 0.24938290778279493 
1 1 0 0 2 0 0.20413408217279438 
11 7 5 2 7 0 0.3712265609666914 
---
4 7 16.940789473684212 5.0 5
7 7 0 8 2 1 0.24938290778279493 
12 1 13 2 1 1 0.2696707350153371 
11 12 13 4 4 0 0.2772888533850344 
1 1 7 0 2 0 0.45308266784158224 
11 7 5 2 7 0 0.3712265609666914 
---
4 8 15.707236842105262 6.0 5
7 7 0 8 2 1 0.24938290778279493 
1 1 7 0 2 0 0.45308266784158224 
12 1 13 2 1 1 0.2696707350153371 
11 12 13 4 4 0 0.2772888533850344 
12 1 13 4 8 1 0.5678233303043123 
11 7 5 2 7 0 0.3712265609666914 
---
4 9 15.707236842105262 6.0 5
7 7 0 8 2 1 0.24938290778279493 
1 1 7 0 2 0 0.45308266784158224 
12 1 13 2 1 1 0.2696707350153371 
11 12 13 4 4 0 0.2772888533850344 
12 1 13 4 8 1 0.5678233303043123 
11 7 5 2 7 0 0.3712265609666914 
---
4 10 15.111019736842104 7.0 5
12 1 13 2 1 1 0.2696707350153371 
7 7 0 8 2 1 0.24938290778279493 
13 1 0 2 1 0 0.9712000162637736 
1 7 8 4 8 1 0.40852433693484036 
11 12 13 4 4 0 0.2772888533850344 
1 1 7 0 2 0 0.45308266784158224 
11 7 5 2 7 0 0.3712265609666914 
---
4 11 15.111019736842104 7.0 5
12 1 13 2 1 1 0.2696707350153371 
7 7 0 8 2 1 0.24938290778279493 
13 1 0 2 1 0 0.9712000162637736 
1 7 8 4 8 1 0.40852433693484036 
11 12 13 4 4 0 0.2772888533850344 
1 1 7 0 2 0 0.45308266784158224 
11 7 5 2 7 0 0.3712265609666914 
---
4 12 29.337993421052634 1.0 5
0 0 0 1 0 0 0.49740178548683267 
---
4 13 14.576480263157896 9.0 5
1 7 8 4 8 1 0.40852433693484036 
1 1 7 0 2 0 0.45308266784158224 
3 8 1 7 2 0 0.862475418695827 
11 12 13 4 4 0 0.2772888533850344 
11 7 5 2 7 0 0.3712265609666914 
13 1 0 2 1 0 0.9712000162637736 
12 1 13 2 1 1 0.2696707350153371 
7 7 0 8 2 1 0.24938290778279493 
12 1 13 4 8 1 0.5678233303043123 
---
4 14 21.319901315789476 2.0 5
7 7 0 8 2 1 0.24938290778279493 
1 1 0 0 2 0 0.20413408217279438 
---
4 15 19.860197368421055 3.0 5
7 7 0 8 2 1 0.24938290778279493 
1 1 0 0 2 0 0.20413408217279438 
11 7 5 2 7 0 0.3712265609666914 
---
4 16 16.940789473684212 5.0 5
1 1 7 0 2 0 0.45308266784158224 
12 1 13 2 1 1 0.2696707350153371 
11 12 13 4 4 0 0.2772888533850344 
7 7 0 8 2 1 0.24938290778279493 
11 7 5 2 7 0 0.3712265609666914 
---
4 17 15.707236842105262 6.0 5
7 7 0 8 2 1 0.24938290778279493 
1 1 7 0 2 0 0.45308266784158224 
12 1 13 2 1 1 0.2696707350153371 
11 12 13 4 4 0 0.2772888533850344 
12 1 13 4 8 1 0.5678233303043123 
11 7 5 2 7 0 0.3712265609666914 
---
4 18 29.379111842105267 1.0 5
2 4 0 1 2 0 0.5557715836378125 
---
4 19 14.576480263157896 9.0 5
1 7 8 4 8 1 0.40852433693484036 
1 1 7 0 2 0 0.45308266784158224 
3 8 1 7 2 0 0.862475418695827 
11 12 13 4 4 0 0.2772888533850344 
11 7 5 2 7 0 0.3712265609666914 
13 1 0 2 1 0 0.9712000162637736 
12 1 13 2 1 1 0.2696707350153371 
7 7 0 8 2 1 0.24938290778279493 
12 1 13 4 8 1 0.5678233303043123 
---
4 20 21.319901315789476 2.0 5
7 7 0 8 2 1 0.24938290778279493 
1 1 0 0 2 0 0.20413408217279438 
---
4 21 19.860197368421055 3.0 5
11 7 5 2 7 0 0.3712265609666914 
7 7 0 8 2 1 0.24938290778279493 
1 1 0 0 2 0 0.20413408217279438 
---
4 22 16.940789473684212 5.0 5
1 1 7 0 2 0 0.45308266784158224 
12 1 13 2 1 1 0.2696707350153371 
11 12 13 4 4 0 0.2772888533850344 
7 7 0 8 2 1 0.24938290778279493 
11 7 5 2 7 0 0.3712265609666914 
---
4 23 15.707236842105262 6.0 5
12 1 13 2 1 1 0.2696707350153371 
12 1 13 4 8 1 0.5678233303043123 
11 12 13 4 4 0 0.2772888533850344 
11 7 5 2 7 0 0.3712265609666914 
7 7 0 8 2 1 0.24938290778279493 
1 1 7 0 2 0 0.45308266784158224 
---
4 24 15.111019736842104 7.0 5
12 1 13 2 1 1 0.2696707350153371 
7 7 0 8 2 1 0.24938290778279493 
13 1 0 2 1 0 0.9712000162637736 
1 7 8 4 8 1 0.40852433693484036 
11 12 13 4 4 0 0.2772888533850344 
1 1 7 0 2 0 0.45308266784158224 
11 7 5 2 7 0 0.3712265609666914 
---
4 25 29.337993421052634 1.0 5
0 0 0 1 0 0 0.49740178548683267 
---
4 26 14.576480263157896 9.0 5
7 7 0 8 2 1 0.24938290778279493 
11 7 5 2 7 0 0.3712265609666914 
13 1 0 2 1 0 0.9712000162637736 
11 12 13 4 4 0 0.2772888533850344 
12 1 13 4 8 1 0.5678233303043123 
12 1 13 2 1 1 0.2696707350153371 
1 1 7 0 2 0 0.45308266784158224 
3 8 1 7 2 0 0.862475418695827 
1 7 8 4 8 1 0.40852433693484036 
---
4 27 21.319901315789476 2.0 5
1 1 0 0 2 0 0.20413408217279438 
7 7 0 8 2 1 0.24938290778279493 
---
4 28 19.860197368421055 3.0 5
7 7 0 8 2 1 0.24938290778279493 
1 1 0 0 2 0 0.20413408217279438 
11 7 5 2 7 0 0.3712265609666914 
---
4 29 16.940789473684212 5.0 5
11 7 5 2 7 0 0.3712265609666914 
7 7 0 8 2 1 0.24938290778279493 
12 1 13 2 1 1 0.2696707350153371 
11 12 13 4 4 0 0.2772888533850344 
1 1 7 0 2 0 0.45308266784158224 
---
4 30 15.707236842105262 6.0 5
7 7 0 8 2 1 0.24938290778279493 
1 1 7 0 2 0 0.45308266784158224 
12 1 13 2 1 1 0.2696707350153371 
11 12 13 4 4 0 0.2772888533850344 
12 1 13 4 8 1 0.5678233303043123 
11 7 5 2 7 0 0.3712265609666914 
---
4 31 15.111019736842104 7.0 5
12 1 13 2 1 1 0.2696707350153371 
7 7 0 8 2 1 0.24938290778279493 
13 1 0 2 1 0 0.9712000162637736 
1 7 8 4 8 1 0.40852433693484036 
11 12 13 4 4 0 0.2772888533850344 
1 1 7 0 2 0 0.45308266784158224 
11 7 5 2 7 0 0.3712265609666914 
---
4 32 29.35855263157895 1.0 5
0 4 0 1 0 0 0.5072162648594913 
---
4 33 14.576480263157896 9.0 5
1 7 8 4 8 1 0.40852433693484036 
1 1 7 0 2 0 0.45308266784158224 
3 8 1 7 2 0 0.862475418695827 
11 12 13 4 4 0 0.2772888533850344 
11 7 5 2 7 0 0.3712265609666914 
13 1 0 2 1 0 0.9712000162637736 
12 1 13 2 1 1 0.2696707350153371 
7 7 0 8 2 1 0.24938290778279493 
12 1 13 4 8 1 0.5678233303043123 
---
4 34 21.319901315789476 2.0 5
1 1 0 0 2 0 0.20413408217279438 
7 7 0 8 2 1 0.24938290778279493 
---
4 35 19.860197368421055 3.0 5
11 7 5 2 7 0 0.3712265609666914 
1 1 0 0 2 0 0.20413408217279438 
7 7 0 8 2 1 0.24938290778279493 
---
4 36 16.940789473684212 5.0 5
1 1 7 0 2 0 0.45308266784158224 
12 1 13 2 1 1 0.2696707350153371 
11 12 13 4 4 0 0.2772888533850344 
7 7 0 8 2 1 0.24938290778279493 
11 7 5 2 7 0 0.3712265609666914 
---
4 37 15.707236842105262 6.0 5
7 7 0 8 2 1 0.24938290778279493 
1 1 7 0 2 0 0.45308266784158224 
12 1 13 2 1 1 0.2696707350153371 
11 12 13 4 4 0 0.2772888533850344 
12 1 13 4 8 1 0.5678233303043123 
11 7 5 2 7 0 0.3712265609666914 
---
4 38 15.111019736842104 7.0 5
12 1 13 2 1 1 0.2696707350153371 
7 7 0 8 2 1 0.24938290778279493 
13 1 0 2 1 0 0.9712000162637736 
1 7 8 4 8 1 0.40852433693484036 
11 12 13 4 4 0 0.2772888533850344 
1 1 7 0 2 0 0.45308266784158224 
11 7 5 2 7 0 0.3712265609666914 
---
4 39 14.576480263157896 9.0 5
1 7 8 4 8 1 0.40852433693484036 
1 1 7 0 2 0 0.45308266784158224 
3 8 1 7 2 0 0.862475418695827 
11 12 13 4 4 0 0.2772888533850344 
11 7 5 2 7 0 0.3712265609666914 
13 1 0 2 1 0 0.9712000162637736 
12 1 13 2 1 1 0.2696707350153371 
7 7 0 8 2 1 0.24938290778279493 
12 1 13 4 8 1 0.5678233303043123 
---
4 40 21.319901315789476 2.0 5
1 1 0 0 2 0 0.20413408217279438 
7 7 0 8 2 1 0.24938290778279493 
---
4 41 19.860197368421055 3.0 5
11 7 5 2 7 0 0.3712265609666914 
1 1 0 0 2 0 0.20413408217279438 
7 7 0 8 2 1 0.24938290778279493 
---
4 42 15.707236842105262 6.0 5
12 1 13 2 1 1 0.2696707350153371 
12 1 13 4 8 1 0.5678233303043123 
11 12 13 4 4 0 0.2772888533850344 
11 7 5 2 7 0 0.3712265609666914 
7 7 0 8 2 1 0.24938290778279493 
1 1 7 0 2 0 0.45308266784158224 
---
4 43 15.111019736842104 7.0 5
12 1 13 2 1 1 0.2696707350153371 
7 7 0 8 2 1 0.24938290778279493 
13 1 0 2 1 0 0.9712000162637736 
1 7 8 4 8 1 0.40852433693484036 
11 12 13 4 4 0 0.2772888533850344 
1 1 7 0 2 0 0.45308266784158224 
11 7 5 2 7 0 0.3712265609666914 
---
4 44 14.576480263157896 9.0 5
1 7 8 4 8 1 0.40852433693484036 
1 1 7 0 2 0 0.45308266784158224 
3 8 1 7 2 0 0.862475418695827 
11 12 13 4 4 0 0.2772888533850344 
11 7 5 2 7 0 0.3712265609666914 
13 1 0 2 1 0 0.9712000162637736 
12 1 13 2 1 1 0.2696707350153371 
7 7 0 8 2 1 0.24938290778279493 
12 1 13 4 8 1 0.5678233303043123 
