---
0 0 29.35855263157895 1.0 5
0 0 0 1 0 0 0.5138677074875915 
---
0 1 21.546052631578945 2.0 5
12 7 4 8 2 1 0.3026245695901757 
2 2 1 4 2 0 0.6445176694359664 
---
0 2 20.99095394736842 3.0 5
4 7 13 1 8 1 0.4526071158641991 
12 7 4 8 2 1 0.3026245695901757 
2 2 1 4 2 0 0.6445176694359664 
---
0 3 19.325657894736842 4.0 5
4 7 13 1 8 1 0.4526071158641991 
2 2 1 4 2 0 0.6445176694359664 
11 7 13 1 4 0 0.23759503693019424 
12 7 4 8 2 1 0.3026245695901757 
---
0 4 21.546052631578945 2.0 5
12 7 4 8 2 1 0.3026245695901757 
2 2 1 4 2 0 0.6445176694359664 
---
0 5 20.99095394736842 3.0 5
12 7 4 8 2 1 0.3026245695901757 
2 2 1 4 2 0 0.6445176694359664 
4 7 13 1 8 1 0.4526071158641991 
---
0 6 19.325657894736842 4.0 5
2 2 1 4 2 0 0.6445176694359664 
11 7 13 1 4 0 0.23759503693019424 
4 7 13 1 8 1 0.4526071158641991 
12 7 4 8 2 1 0.3026245695901757 
---
0 7 17.701480263157894 5.0 5
12 7 4 8 2 1 0.3026245695901757 
2 2 1 4 2 0 0.6445176694359664 
11 7 13 1 4 0 0.23759503693019424 
2 3 7 0 2 0 0.655489818110662 
4 7 13 1 8 1 0.4526071158641991 
---
0 8 15.090460526315788 11.0 5
11 7 0 4 2 1 0.07119821983346686 
4 7 13 1 8 1 0.4526071158641991 
11 3 13 12 6 1 0.5311004931407022 
11 13 13 1 4 0 0.5501149389145013 
2 3 7 0 2 0 0.655489818110662 
12 7 4 8 2 1 0.3026245695901757 
12 7 13 1 0 1 0.11476948427711031 
11 7 13 1 4 0 0.23759503693019424 
11 3 6 4 10 1 0.9372412947868324 
2 2 1 4 2 0 0.6445176694359664 
2 2 1 4 2 0 0.6445176694359664 
---
0 9 17.351973684210524 6.0 5
2 3 7 0 2 0 0.655489818110662 
11 4 11 10 7 1 0.6582388467411491 
2 2 1 4 2 0 0.6445176694359664 
11 7 13 1 4 0 0.23759503693019424 
12 7 4 8 2 1 0.3026245695901757 
4 7 13 1 8 1 0.4526071158641991 
---
0 10 16.961348684210524 7.0 5
2 2 1 4 2 0 0.6445176694359664 
11 7 13 1 4 0 0.23759503693019424 
2 3 7 0 2 0 0.655489818110662 
11 4 11 10 7 1 0.6582388467411491 
12 7 4 8 2 1 0.3026245695901757 
4 7 13 1 8 1 0.4526071158641991 
11 7 0 4 2 1 0.07119821983346686 
---
0 11 15.090460526315788 11.0 5
11 7 0 4 2 1 0.07119821983346686 
4 7 13 1 8 1 0.4526071158641991 
11 3 13 12 6 1 0.5311004931407022 
11 13 13 1 4 0 0.5501149389145013 
2 3 7 0 2 0 0.655489818110662 
12 7 4 8 2 1 0.3026245695901757 
12 7 13 1 0 1 0.11476948427711031 
11 7 13 1 4 0 0.23759503693019424 
11 3 6 4 10 1 0.9372412947868324 
2 2 1 4 2 0 0.6445176694359664 
2 2 1 4 2 0 0.6445176694359664 
---
0 12 17.701480263157894 5.0 5
12 7 4 8 2 1 0.3026245695901757 
2 2 1 4 2 0 0.6445176694359664 
11 7 13 1 4 0 0.23759503693019424 
2 3 7 0 2 0 0.655489818110662 
4 7 13 1 8 1 0.4526071158641991 
---
0 13 17.351973684210524 6.0 5
2 3 7 0 2 0 0.655489818110662 
11 4 11 10 7 1 0.6582388467411491 
2 2 1 4 2 0 0.6445176694359664 
11 7 13 1 4 0 0.23759503693019424 
12 7 4 8 2 1 0.3026245695901757 
4 7 13 1 8 1 0.4526071158641991 
---
0 14 16.961348684210524 7.0 5
4 7 13 1 8 1 0.4526071158641991 
11 7 0 4 2 1 0.07119821983346686 
11 4 11 10 7 1 0.6582388467411491 
12 7 4 8 2 1 0.3026245695901757 
11 7 13 1 4 0 0.23759503693019424 
2 2 1 4 2 0 0.6445176694359664 
2 3 7 0 2 0 0.655489818110662 
---
0 15 15.645559210526317 8.0 5
2 3 7 0 2 0 0.655489818110662 
2 2 1 4 2 0 0.6445176694359664 
11 13 13 1 4 0 0.5501149389145013 
11 3 13 12 6 1 0.5311004931407022 
11 7 13 1 4 0 0.23759503693019424 
12 7 4 8 2 1 0.3026245695901757 
4 7 13 1 8 1 0.4526071158641991 
12 7 13 1 0 1 0.11476948427711031 
---
0 16 15.645559210526317 8.0 5
2 3 7 0 2 0 0.655489818110662 
2 2 1 4 2 0 0.6445176694359664 
11 13 13 1 4 0 0.5501149389145013 
11 3 13 12 6 1 0.5311004931407022 
11 7 13 1 4 0 0.23759503693019424 
12 7 4 8 2 1 0.3026245695901757 
4 7 13 1 8 1 0.4526071158641991 
12 7 13 1 0 1 0.11476948427711031 
---
0 17 21.546052631578945 2.0 5
2 2 1 4 2 0 0.6445176694359664 
12 7 4 8 2 1 0.3026245695901757 
---
0 18 20.99095394736842 3.0 5
4 7 13 1 8 1 0.4526071158641991 
2 2 1 4 2 0 0.6445176694359664 
12 7 4 8 2 1 0.3026245695901757 
---
0 19 19.325657894736842 4.0 5
2 2 1 4 2 0 0.6445176694359664 
11 7 13 1 4 0 0.23759503693019424 
4 7 13 1 8 1 0.4526071158641991 
12 7 4 8 2 1 0.3026245695901757 
---
0 20 15.090460526315788 11.0 5
11 7 0 4 2 1 0.07119821983346686 
4 7 13 1 8 1 0.4526071158641991 
11 3 13 12 6 1 0.5311004931407022 
11 13 13 1 4 0 0.5501149389145013 
2 3 7 0 2 0 0.655489818110662 
12 7 4 8 2 1 0.3026245695901757 
12 7 13 1 0 1 0.11476948427711031 
11 7 13 1 4 0 0.23759503693019424 
11 3 6 4 10 1 0.9372412947868324 
2 2 1 4 2 0 0.6445176694359664 
2 2 1 4 2 0 0.6445176694359664 
---
0 21 17.701480263157894 5.0 5
12 7 4 8 2 1 0.3026245695901757 
2 2 1 4 2 0 0.6445176694359664 
11 7 13 1 4 0 0.23759503693019424 
2 3 7 0 2 0 0.655489818110662 
4 7 13 1 8 1 0.4526071158641991 
---
0 22 17.351973684210524 6.0 5
2 3 7 0 2 0 0.655489818110662 
11 4 11 10 7 1 0.6582388467411491 
2 2 1 4 2 0 0.6445176694359664 
11 7 13 1 4 0 0.23759503693019424 
12 7 4 8 2 1 0.3026245695901757 
4 7 13 1 8 1 0.4526071158641991 
---
0 23 16.961348684210524 7.0 5
2 2 1 4 2 0 0.6445176694359664 
11 7 13 1 4 0 0.23759503693019424 
2 3 7 0 2 0 0.655489818110662 
11 4 11 10 7 1 0.6582388467411491 
12 7 4 8 2 1 0.3026245695901757 
4 7 13 1 8 1 0.4526071158641991 
11 7 0 4 2 1 0.07119821983346686 
---
0 24 15.645559210526317 8.0 5
2 3 7 0 2 0 0.655489818110662 
2 2 1 4 2 0 0.6445176694359664 
11 13 13 1 4 0 0.5501149389145013 
11 3 13 12 6 1 0.5311004931407022 
11 7 13 1 4 0 0.23759503693019424 
12 7 4 8 2 1 0.3026245695901757 
4 7 13 1 8 1 0.4526071158641991 
12 7 13 1 0 1 0.11476948427711031 
---
0 25 29.379111842105267 1.0 5
0 4 0 1 0 0 0.5016741486223331 
---
0 26 21.546052631578945 2.0 5
2 2 1 4 2 0 0.6445176694359664 
12 7 4 8 2 1 0.3026245695901757 
---
0 27 20.99095394736842 3.0 5
4 7 13 1 8 1 0.4526071158641991 
2 2 1 4 2 0 0.6445176694359664 
12 7 4 8 2 1 0.3026245695901757 
---
0 28 19.325657894736842 4.0 5
2 2 1 4 2 0 0.6445176694359664 
11 7 13 1 4 0 0.23759503693019424 
4 7 13 1 8 1 0.4526071158641991 
12 7 4 8 2 1 0.3026245695901757 
---
0 29 15.090460526315788 11.0 5
11 7 0 4 2 1 0.07119821983346686 
4 7 13 1 8 1 0.4526071158641991 
11 3 13 12 6 1 0.5311004931407022 
11 13 13 1 4 0 0.5501149389145013 
2 3 7 0 2 0 0.655489818110662 
12 7 4 8 2 1 0.3026245695901757 
12 7 13 1 0 1 0.11476948427711031 
11 7 13 1 4 0 0.23759503693019424 
11 3 6 4 10 1 0.9372412947868324 
2 2 1 4 2 0 0.6445176694359664 
2 2 1 4 2 0 0.6445176694359664 
---
0 30 17.701480263157894 5.0 5
12 7 4 8 2 1 0.3026245695901757 
2 2 1 4 2 0 0.6445176694359664 
11 7 13 1 4 0 0.23759503693019424 
2 3 7 0 2 0 0.655489818110662 
4 7 13 1 8 1 0.4526071158641991 
---
0 31 17.351973684210524 6.0 5
2 3 7 0 2 0 0.655489818110662 
11 4 11 10 7 1 0.6582388467411491 
2 2 1 4 2 0 0.6445176694359664 
11 7 13 1 4 0 0.23759503693019424 
12 7 4 8 2 1 0.3026245695901757 
4 7 13 1 8 1 0.4526071158641991 
---
0 32 29.379111842105267 1.0 5
0 0 0 1 1 0 0.531817347913569 
---
0 33 21.546052631578945 2.0 5
12 7 4 8 2 1 0.3026245695901757 
2 2 1 4 2 0 0.6445176694359664 
---
0 34 20.99095394736842 3.0 5
4 7 13 1 8 1 0.4526071158641991 
12 7 4 8 2 1 0.3026245695901757 
2 2 1 4 2 0 0.6445176694359664 
---
0 35 19.325657894736842 4.0 5
2 2 1 4 2 0 0.6445176694359664 
11 7 13 1 4 0 0.23759503693019424 
4 7 13 1 8 1 0.4526071158641991 
12 7 4 8 2 1 0.3026245695901757 
---
0 36 15.090460526315788 11.0 5
11 7 0 4 2 1 0.07119821983346686 
4 7 13 1 8 1 0.4526071158641991 
11 3 13 12 6 1 0.5311004931407022 
11 13 13 1 4 0 0.5501149389145013 
2 3 7 0 2 0 0.655489818110662 
12 7 4 8 2 1 0.3026245695901757 
12 7 13 1 0 1 0.11476948427711031 
11 7 13 1 4 0 0.23759503693019424 
11 3 6 4 10 1 0.9372412947868324 
2 2 1 4 2 0 0.6445176694359664 
2 2 1 4 2 0 0.6445176694359664 
---
0 37 17.701480263157894 5.0 5
2 2 1 4 2 0 0.6445176694359664 
12 7 4 8 2 1 0.3026245695901757 
2 3 7 0 2 0 0.655489818110662 
4 7 13 1 8 1 0.4526071158641991 
11 7 13 1 4 0 0.23759503693019424 
---
0 38 17.351973684210524 6.0 5
2 3 7 0 2 0 0.655489818110662 
11 4 11 10 7 1 0.6582388467411491 
2 2 1 4 2 0 0.6445176694359664 
11 7 13 1 4 0 0.23759503693019424 
12 7 4 8 2 1 0.3026245695901757 
4 7 13 1 8 1 0.4526071158641991 
---
0 39 29.379111842105267 1.0 5
0 0 0 1 1 0 0.531817347913569 
---
0 40 21.546052631578945 2.0 5
12 7 4 8 2 1 0.3026245695901757 
2 2 1 4 2 0 0.6445176694359664 
---
0 41 20.99095394736842 3.0 5
12 7 4 8 2 1 0.3026245695901757 
2 2 1 4 2 0 0.6445176694359664 
4 7 13 1 8 1 0.4526071158641991 
---
0 42 19.325657894736842 4.0 5
4 7 13 1 8 1 0.4526071158641991 
11 7 13 1 4 0 0.23759503693019424 
12 7 4 8 2 1 0.3026245695901757 
2 2 1 4 2 0 0.6445176694359664 
---
0 43 15.090460526315788 11.0 5
11 7 0 4 2 1 0.07119821983346686 
4 7 13 1 8 1 0.4526071158641991 
11 3 13 12 6 1 0.5311004931407022 
11 13 13 1 4 0 0.5501149389145013 
2 3 7 0 2 0 0.655489818110662 
12 7 4 8 2 1 0.3026245695901757 
12 7 13 1 0 1 0.11476948427711031 
11 7 13 1 4 0 0.23759503693019424 
11 3 6 4 10 1 0.9372412947868324 
2 2 1 4 2 0 0.6445176694359664 
2 2 1 4 2 0 0.6445176694359664 
---
0 44 17.701480263157894 5.0 5
12 7 4 8 2 1 0.3026245695901757 
2 2 1 4 2 0 0.6445176694359664 
11 7 13 1 4 0 0.23759503693019424 
2 3 7 0 2 0 0.655489818110662 
4 7 13 1 8 1 0.4526071158641991 
---
0 45 17.351973684210524 6.0 5
2 3 7 0 2 0 0.655489818110662 
11 4 11 10 7 1 0.6582388467411491 
2 2 1 4 2 0 0.6445176694359664 
11 7 13 1 4 0 0.23759503693019424 
12 7 4 8 2 1 0.3026245695901757 
4 7 13 1 8 1 0.4526071158641991 
---
0 46 29.35855263157895 1.0 5
0 0 0 1 0 0 0.5138677074875915 
---
0 47 21.546052631578945 2.0 5
12 7 4 8 2 1 0.3026245695901757 
2 2 1 4 2 0 0.6445176694359664 
---
1 0 29.35855263157895 1.0 5
0 0 0 0 2 0 0.33635263046142505 
---
1 1 14.432565789473683 12.0 5
4 7 13 1 8 1 0.4526071158641991 
12 7 13 1 0 1 0.11476948427711031 
2 3 7 0 2 0 0.655489818110662 
11 7 13 1 4 0 0.23759503693019424 
8 2 13 8 1 1 0.508618956740801 
12 7 4 8 2 1 0.3026245695901757 
13 2 4 8 1 0 0.9747936462097511 
2 2 2 7 2 0 0.5841415724627157 
11 3 6 4 10 1 0.9372412947868324 
11 3 13 12 6 1 0.5311004931407022 
2 2 1 4 2 0 0.6445176694359664 
11 7 0 4 2 1 0.07119821983346686 
---
1 2 21.546052631578945 2.0 5
12 7 4 8 2 1 0.3026245695901757 
2 2 1 4 2 0 0.6445176694359664 
---
1 3 15.090460526315788 10.0 5
11 3 6 4 10 1 0.9372412947868324 
11 3 13 12 6 1 0.5311004931407022 
13 2 4 8 1 0 0.9747936462097511 
2 2 1 4 2 0 0.6445176694359664 
12 7 13 1 0 1 0.11476948427711031 
2 3 7 0 2 0 0.655489818110662 
11 7 13 1 4 0 0.23759503693019424 
2 2 2 7 2 0 0.5841415724627157 
4 7 13 1 8 1 0.4526071158641991 
12 7 4 8 2 1 0.3026245695901757 
---
1 4 15.625 8.0 5
11 7 13 1 4 0 0.23759503693019424 
2 2 2 7 2 0 0.5841415724627157 
11 3 13 12 6 1 0.5311004931407022 
12 7 13 1 0 1 0.11476948427711031 
2 3 7 0 2 0 0.655489818110662 
4 7 13 1 8 1 0.4526071158641991 
12 7 4 8 2 1 0.3026245695901757 
2 2 1 4 2 0 0.6445176694359664 
---
1 5 19.942434210526315 3.0 5
2 2 1 4 2 0 0.6445176694359664 
12 7 4 8 2 1 0.3026245695901757 
2 3 7 0 2 0 0.655489818110662 
---
1 6 19.325657894736842 4.0 5
11 7 13 1 4 0 0.23759503693019424 
4 7 13 1 8 1 0.4526071158641991 
12 7 4 8 2 1 0.3026245695901757 
2 2 1 4 2 0 0.6445176694359664 
---
1 7 21.546052631578945 2.0 5
12 7 4 8 2 1 0.3026245695901757 
2 2 1 4 2 0 0.6445176694359664 
---
1 8 19.942434210526315 3.0 5
2 2 1 4 2 0 0.6445176694359664 
12 7 4 8 2 1 0.3026245695901757 
2 3 7 0 2 0 0.655489818110662 
---
1 9 19.325657894736842 4.0 5
11 7 13 1 4 0 0.23759503693019424 
4 7 13 1 8 1 0.4526071158641991 
12 7 4 8 2 1 0.3026245695901757 
2 2 1 4 2 0 0.6445176694359664 
---
1 10 17.701480263157894 5.0 5
2 3 7 0 2 0 0.655489818110662 
4 7 13 1 8 1 0.4526071158641991 
11 7 13 1 4 0 0.23759503693019424 
12 7 4 8 2 1 0.3026245695901757 
2 2 1 4 2 0 0.6445176694359664 
---
1 11 15.625 8.0 5
11 3 13 12 6 1 0.5311004931407022 
4 7 13 1 8 1 0.4526071158641991 
12 7 13 1 0 1 0.11476948427711031 
2 2 2 7 2 0 0.5841415724627157 
2 2 1 4 2 0 0.6445176694359664 
2 3 7 0 2 0 0.655489818110662 
11 7 13 1 4 0 0.23759503693019424 
12 7 4 8 2 1 0.3026245695901757 
---
1 12 17.701480263157894 5.0 5
2 3 7 0 2 0 0.655489818110662 
4 7 13 1 8 1 0.4526071158641991 
11 7 13 1 4 0 0.23759503693019424 
12 7 4 8 2 1 0.3026245695901757 
2 2 1 4 2 0 0.6445176694359664 
---
1 13 15.357730263157896 9.0 5
2 2 1 4 2 0 0.6445176694359664 
12 7 4 8 2 1 0.3026245695901757 
11 7 13 1 4 0 0.23759503693019424 
12 7 13 1 0 1 0.11476948427711031 
13 2 4 8 1 0 0.9747936462097511 
4 7 13 1 8 1 0.4526071158641991 
11 3 13 12 6 1 0.5311004931407022 
2 2 2 7 2 0 0.5841415724627157 
2 3 7 0 2 0 0.655489818110662 
---
1 14 15.357730263157896 9.0 5
2 2 1 4 2 0 0.6445176694359664 
12 7 4 8 2 1 0.3026245695901757 
11 7 13 1 4 0 0.23759503693019424 
12 7 13 1 0 1 0.11476948427711031 
13 2 4 8 1 0 0.9747936462097511 
4 7 13 1 8 1 0.4526071158641991 
11 3 13 12 6 1 0.5311004931407022 
2 2 2 7 2 0 0.5841415724627157 
2 3 7 0 2 0 0.655489818110662 
---
1 15 29.35855263157895 1.0 5
0 0 0 0 2 0 0.33635263046142505 
---
1 16 14.432565789473683 12.0 5
4 7 13 1 8 1 0.4526071158641991 
12 7 13 1 0 1 0.11476948427711031 
2 3 7 0 2 0 0.655489818110662 
11 7 13 1 4 0 0.23759503693019424 
8 2 13 8 1 1 0.508618956740801 
12 7 4 8 2 1 0.3026245695901757 
13 2 4 8 1 0 0.9747936462097511 
2 2 2 7 2 0 0.5841415724627157 
11 3 6 4 10 1 0.9372412947868324 
11 3 13 12 6 1 0.5311004931407022 
2 2 1 4 2 0 0.6445176694359664 
11 7 0 4 2 1 0.07119821983346686 
---
1 17 21.546052631578945 2.0 5
12 7 4 8 2 1 0.3026245695901757 
2 2 1 4 2 0 0.6445176694359664 
---
1 18 19.942434210526315 3.0 5
2 3 7 0 2 0 0.655489818110662 
2 2 1 4 2 0 0.6445176694359664 
12 7 4 8 2 1 0.3026245695901757 
---
1 19 19.325657894736842 4.0 5
11 7 13 1 4 0 0.23759503693019424 
4 7 13 1 8 1 0.4526071158641991 
12 7 4 8 2 1 0.3026245695901757 
2 2 1 4 2 0 0.6445176694359664 
---
1 20 15.625 8.0 5
11 7 13 1 4 0 0.23759503693019424 
2 2 2 7 2 0 0.5841415724627157 
11 3 13 12 6 1 0.5311004931407022 
12 7 13 1 0 1 0.11476948427711031 
2 3 7 0 2 0 0.655489818110662 
4 7 13 1 8 1 0.4526071158641991 
12 7 4 8 2 1 0.3026245695901757 
2 2 1 4 2 0 0.6445176694359664 
---
1 21 17.701480263157894 5.0 5
2 2 1 4 2 0 0.6445176694359664 
11 7 13 1 4 0 0.23759503693019424 
12 7 4 8 2 1 0.3026245695901757 
2 3 7 0 2 0 0.655489818110662 
4 7 13 1 8 1 0.4526071158641991 
---
1 22 15.357730263157896 9.0 5
2 2 1 4 2 0 0.6445176694359664 
12 7 4 8 2 1 0.3026245695901757 
11 7 13 1 4 0 0.23759503693019424 
12 7 13 1 0 1 0.11476948427711031 
13 2 4 8 1 0 0.9747936462097511 
4 7 13 1 8 1 0.4526071158641991 
11 3 13 12 6 1 0.5311004931407022 
2 2 2 7 2 0 0.5841415724627157 
2 3 7 0 2 0 0.655489818110662 
---
1 23 29.399671052631575 1.0 5
0 4 2 0 2 0 0.2542193926413623 
---
1 24 14.432565789473683 12.0 5
4 7 13 1 8 1 0.4526071158641991 
12 7 13 1 0 1 0.11476948427711031 
2 3 7 0 2 0 0.655489818110662 
11 7 13 1 4 0 0.23759503693019424 
8 2 13 8 1 1 0.508618956740801 
12 7 4 8 2 1 0.3026245695901757 
13 2 4 8 1 0 0.9747936462097511 
2 2 2 7 2 0 0.5841415724627157 
11 3 6 4 10 1 0.9372412947868324 
11 3 13 12 6 1 0.5311004931407022 
2 2 1 4 2 0 0.6445176694359664 
11 7 0 4 2 1 0.07119821983346686 
---
1 25 21.546052631578945 2.0 5
2 2 1 4 2 0 0.6445176694359664 
12 7 4 8 2 1 0.3026245695901757 
---
1 26 19.942434210526315 3.0 5
2 2 1 4 2 0 0.6445176694359664 
12 7 4 8 2 1 0.3026245695901757 
2 3 7 0 2 0 0.655489818110662 
---
1 27 19.325657894736842 4.0 5
11 7 13 1 4 0 0.23759503693019424 
4 7 13 1 8 1 0.4526071158641991 
12 7 4 8 2 1 0.3026245695901757 
2 2 1 4 2 0 0.6445176694359664 
---
1 28 15.625 8.0 5
12 7 4 8 2 1 0.3026245695901757 
11 3 13 12 6 1 0.5311004931407022 
2 2 1 4 2 0 0.6445176694359664 
4 7 13 1 8 1 0.4526071158641991 
2 2 2 7 2 0 0.5841415724627157 
12 7 13 1 0 1 0.11476948427711031 
2 3 7 0 2 0 0.655489818110662 
11 7 13 1 4 0 0.23759503693019424 
---
1 29 17.701480263157894 5.0 5
2 2 1 4 2 0 0.6445176694359664 
11 7 13 1 4 0 0.23759503693019424 
12 7 4 8 2 1 0.3026245695901757 
2 3 7 0 2 0 0.655489818110662 
4 7 13 1 8 1 0.4526071158641991 
---
1 30 15.357730263157896 9.0 5
2 2 1 4 2 0 0.6445176694359664 
12 7 4 8 2 1 0.3026245695901757 
11 7 13 1 4 0 0.23759503693019424 
12 7 13 1 0 1 0.11476948427711031 
13 2 4 8 1 0 0.9747936462097511 
4 7 13 1 8 1 0.4526071158641991 
11 3 13 12 6 1 0.5311004931407022 
2 2 2 7 2 0 0.5841415724627157 
2 3 7 0 2 0 0.655489818110662 
---
1 31 29.379111842105267 1.0 5
0 0 2 0 2 0 0.22102212920377728 
---
1 32 14.432565789473683 12.0 5
4 7 13 1 8 1 0.4526071158641991 
12 7 13 1 0 1 0.11476948427711031 
2 3 7 0 2 0 0.655489818110662 
11 7 13 1 4 0 0.23759503693019424 
8 2 13 8 1 1 0.508618956740801 
12 7 4 8 2 1 0.3026245695901757 
13 2 4 8 1 0 0.9747936462097511 
2 2 2 7 2 0 0.5841415724627157 
11 3 6 4 10 1 0.9372412947868324 
11 3 13 12 6 1 0.5311004931407022 
2 2 1 4 2 0 0.6445176694359664 
11 7 0 4 2 1 0.07119821983346686 
---
1 33 21.546052631578945 2.0 5
2 2 1 4 2 0 0.6445176694359664 
12 7 4 8 2 1 0.3026245695901757 
---
1 34 19.942434210526315 3.0 5
12 7 4 8 2 1 0.3026245695901757 
2 3 7 0 2 0 0.655489818110662 
2 2 1 4 2 0 0.6445176694359664 
---
1 35 17.701480263157894 5.0 5
2 2 1 4 2 0 0.6445176694359664 
4 7 13 1 8 1 0.4526071158641991 
2 3 7 0 2 0 0.655489818110662 
11 7 13 1 4 0 0.23759503693019424 
12 7 4 8 2 1 0.3026245695901757 
---
1 36 15.357730263157896 9.0 5
2 2 1 4 2 0 0.6445176694359664 
12 7 4 8 2 1 0.3026245695901757 
11 7 13 1 4 0 0.23759503693019424 
12 7 13 1 0 1 0.11476948427711031 
13 2 4 8 1 0 0.9747936462097511 
4 7 13 1 8 1 0.4526071158641991 
11 3 13 12 6 1 0.5311004931407022 
2 2 2 7 2 0 0.5841415724627157 
2 3 7 0 2 0 0.655489818110662 
---
1 37 29.399671052631575 1.0 5
1 0 0 0 1 0 0.36593228863809646 
---
1 38 14.432565789473683 12.0 5
4 7 13 1 8 1 0.4526071158641991 
12 7 13 1 0 1 0.11476948427711031 
2 3 7 0 2 0 0.655489818110662 
11 7 13 1 4 0 0.23759503693019424 
8 2 13 8 1 1 0.508618956740801 
12 7 4 8 2 1 0.3026245695901757 
13 2 4 8 1 0 0.9747936462097511 
2 2 2 7 2 0 0.5841415724627157 
11 3 6 4 10 1 0.9372412947868324 
11 3 13 12 6 1 0.5311004931407022 
2 2 1 4 2 0 0.6445176694359664 
11 7 0 4 2 1 0.07119821983346686 
---
1 39 21.546052631578945 2.0 5
2 2 1 4 2 0 0.6445176694359664 
12 7 4 8 2 1 0.3026245695901757 
---
1 40 19.942434210526315 3.0 5
2 3 7 0 2 0 0.655489818110662 
2 2 1 4 2 0 0.6445176694359664 
12 7 4 8 2 1 0.3026245695901757 
---
1 41 15.625 8.0 5
2 2 1 4 2 0 0.6445176694359664 
2 2 2 7 2 0 0.5841415724627157 
4 7 13 1 8 1 0.4526071158641991 
12 7 13 1 0 1 0.11476948427711031 
11 7 13 1 4 0 0.23759503693019424 
12 7 4 8 2 1 0.3026245695901757 
11 3 13 12 6 1 0.5311004931407022 
2 3 7 0 2 0 0.655489818110662 
---
1 42 29.35855263157895 1.0 5
0 0 0 0 2 0 0.33635263046142505 
---
1 43 21.546052631578945 2.0 5
12 7 4 8 2 1 0.3026245695901757 
2 2 1 4 2 0 0.6445176694359664 
---
1 44 19.942434210526315 3.0 5
2 3 7 0 2 0 0.655489818110662 
2 2 1 4 2 0 0.6445176694359664 
12 7 4 8 2 1 0.3026245695901757 
---
1 45 15.625 8.0 5
12 7 4 8 2 1 0.3026245695901757 
11 3 13 12 6 1 0.5311004931407022 
2 2 1 4 2 0 0.6445176694359664 
4 7 13 1 8 1 0.4526071158641991 
2 2 2 7 2 0 0.5841415724627157 
12 7 13 1 0 1 0.11476948427711031 
2 3 7 0 2 0 0.655489818110662 
11 7 13 1 4 0 0.23759503693019424 
---
1 46 15.357730263157896 9.0 5
2 2 1 4 2 0 0.6445176694359664 
12 7 4 8 2 1 0.3026245695901757 
11 7 13 1 4 0 0.23759503693019424 
12 7 13 1 0 1 0.11476948427711031 
13 2 4 8 1 0 0.9747936462097511 
4 7 13 1 8 1 0.4526071158641991 
11 3 13 12 6 1 0.5311004931407022 
2 2 2 7 2 0 0.5841415724627157 
2 3 7 0 2 0 0.655489818110662 
---
1 47 29.399671052631575 1.0 5
0 4 2 0 2 0 0.2542193926413623 
---
1 48 21.546052631578945 2.0 5
12 7 4 8 2 1 0.3026245695901757 
2 2 1 4 2 0 0.6445176694359664 
---
1 49 19.942434210526315 3.0 5
2 2 1 4 2 0 0.6445176694359664 
12 7 4 8 2 1 0.3026245695901757 
2 3 7 0 2 0 0.655489818110662 
---
2 0 29.35855263157895 1.0 5
0 0 0 0 2 0 0.34846224677026494 
---
2 1 15.049342105263158 10.0 5
2 2 1 4 2 0 0.6445176694359664 
8 2 13 8 1 1 0.508618956740801 
11 7 13 1 4 0 0.23759503693019424 
11 3 13 12 6 1 0.5311004931407022 
2 2 2 7 2 0 0.5841415724627157 
4 7 13 1 8 1 0.4526071158641991 
13 2 4 8 1 0 0.9747936462097511 
2 3 7 0 2 0 0.655489818110662 
12 7 13 1 0 1 0.11476948427711031 
12 7 4 8 2 1 0.3026245695901757 
---
2 2 21.546052631578945 2.0 5
2 2 1 4 2 0 0.6445176694359664 
12 7 4 8 2 1 0.3026245695901757 
---
2 3 21.546052631578945 2.0 5
12 7 4 8 2 1 0.3026245695901757 
2 2 1 4 2 0 0.6445176694359664 
---
2 4 19.942434210526315 3.0 5
2 3 7 0 2 0 0.655489818110662 
2 2 1 4 2 0 0.6445176694359664 
12 7 4 8 2 1 0.3026245695901757 
---
2 5 16.40625 6.0 5
11 7 13 1 4 0 0.23759503693019424 
2 2 1 4 2 0 0.6445176694359664 
4 7 13 1 8 1 0.4526071158641991 
12 7 4 8 2 1 0.3026245695901757 
2 3 7 0 2 0 0.655489818110662 
12 7 13 1 0 1 0.11476948427711031 
---
2 6 19.716282894736842 4.0 5
12 7 4 8 2 1 0.3026245695901757 
2 2 1 4 2 0 0.6445176694359664 
2 3 7 0 2 0 0.655489818110662 
8 2 13 8 1 1 0.508618956740801 
---
2 7 16.159539473684212 7.0 5
8 2 13 8 1 1 0.508618956740801 
12 7 13 1 0 1 0.11476948427711031 
2 2 1 4 2 0 0.6445176694359664 
12 7 4 8 2 1 0.3026245695901757 
4 7 13 1 8 1 0.4526071158641991 
2 3 7 0 2 0 0.655489818110662 
11 7 13 1 4 0 0.23759503693019424 
---
2 8 15.768914473684212 8.0 5
11 3 13 12 6 1 0.5311004931407022 
2 3 7 0 2 0 0.655489818110662 
8 2 13 8 1 1 0.508618956740801 
4 7 13 1 8 1 0.4526071158641991 
12 7 13 1 0 1 0.11476948427711031 
12 7 4 8 2 1 0.3026245695901757 
11 7 13 1 4 0 0.23759503693019424 
2 2 1 4 2 0 0.6445176694359664 
---
2 9 19.942434210526315 3.0 5
2 2 1 4 2 0 0.6445176694359664 
2 3 7 0 2 0 0.655489818110662 
12 7 4 8 2 1 0.3026245695901757 
---
2 10 19.716282894736842 4.0 5
12 7 4 8 2 1 0.3026245695901757 
2 2 1 4 2 0 0.6445176694359664 
2 3 7 0 2 0 0.655489818110662 
8 2 13 8 1 1 0.508618956740801 
---
2 11 16.40625 6.0 5
11 7 13 1 4 0 0.23759503693019424 
2 2 1 4 2 0 0.6445176694359664 
4 7 13 1 8 1 0.4526071158641991 
12 7 4 8 2 1 0.3026245695901757 
2 3 7 0 2 0 0.655489818110662 
12 7 13 1 0 1 0.11476948427711031 
---
2 12 15.439967105263158 9.0 5
12 7 13 1 0 1 0.11476948427711031 
2 2 1 4 2 0 0.6445176694359664 
13 2 4 8 1 0 0.9747936462097511 
11 7 13 1 4 0 0.23759503693019424 
11 3 13 12 6 1 0.5311004931407022 
8 2 13 8 1 1 0.508618956740801 
2 3 7 0 2 0 0.655489818110662 
4 7 13 1 8 1 0.4526071158641991 
12 7 4 8 2 1 0.3026245695901757 
---
2 13 16.159539473684212 7.0 5
8 2 13 8 1 1 0.508618956740801 
12 7 13 1 0 1 0.11476948427711031 
2 2 1 4 2 0 0.6445176694359664 
12 7 4 8 2 1 0.3026245695901757 
4 7 13 1 8 1 0.4526071158641991 
2 3 7 0 2 0 0.655489818110662 
11 7 13 1 4 0 0.23759503693019424 
---
2 14 15.768914473684212 8.0 5
11 3 13 12 6 1 0.5311004931407022 
2 3 7 0 2 0 0.655489818110662 
8 2 13 8 1 1 0.508618956740801 
4 7 13 1 8 1 0.4526071158641991 
12 7 13 1 0 1 0.11476948427711031 
12 7 4 8 2 1 0.3026245695901757 
11 7 13 1 4 0 0.23759503693019424 
2 2 1 4 2 0 0.6445176694359664 
---
2 15 15.439967105263158 9.0 5
12 7 13 1 0 1 0.11476948427711031 
2 2 1 4 2 0 0.6445176694359664 
13 2 4 8 1 0 0.9747936462097511 
11 7 13 1 4 0 0.23759503693019424 
11 3 13 12 6 1 0.5311004931407022 
8 2 13 8 1 1 0.508618956740801 
2 3 7 0 2 0 0.655489818110662 
4 7 13 1 8 1 0.4526071158641991 
12 7 4 8 2 1 0.3026245695901757 
---
2 16 29.35855263157895 1.0 5
0 0 0 0 2 0 0.34846224677026494 
---
2 17 15.049342105263158 10.0 5
2 2 1 4 2 0 0.6445176694359664 
8 2 13 8 1 1 0.508618956740801 
11 7 13 1 4 0 0.23759503693019424 
11 3 13 12 6 1 0.5311004931407022 
2 2 2 7 2 0 0.5841415724627157 
4 7 13 1 8 1 0.4526071158641991 
13 2 4 8 1 0 0.9747936462097511 
2 3 7 0 2 0 0.655489818110662 
12 7 13 1 0 1 0.11476948427711031 
12 7 4 8 2 1 0.3026245695901757 
---
2 18 21.546052631578945 2.0 5
12 7 4 8 2 1 0.3026245695901757 
2 2 1 4 2 0 0.6445176694359664 
---
2 19 19.942434210526315 3.0 5
2 2 1 4 2 0 0.6445176694359664 
2 3 7 0 2 0 0.655489818110662 
12 7 4 8 2 1 0.3026245695901757 
---
2 20 19.716282894736842 4.0 5
12 7 4 8 2 1 0.3026245695901757 
2 2 1 4 2 0 0.6445176694359664 
2 3 7 0 2 0 0.655489818110662 
8 2 13 8 1 1 0.508618956740801 
---
2 21 16.40625 6.0 5
11 7 13 1 4 0 0.23759503693019424 
2 2 1 4 2 0 0.6445176694359664 
4 7 13 1 8 1 0.4526071158641991 
12 7 4 8 2 1 0.3026245695901757 
2 3 7 0 2 0 0.655489818110662 
12 7 13 1 0 1 0.11476948427711031 
---
2 22 16.159539473684212 7.0 5
8 2 13 8 1 1 0.508618956740801 
12 7 13 1 0 1 0.11476948427711031 
2 2 1 4 2 0 0.6445176694359664 
12 7 4 8 2 1 0.3026245695901757 
4 7 13 1 8 1 0.4526071158641991 
2 3 7 0 2 0 0.655489818110662 
11 7 13 1 4 0 0.23759503693019424 
---
2 23 15.768914473684212 8.0 5
12 7 4 8 2 1 0.3026245695901757 
2 2 1 4 2 0 0.6445176694359664 
8 2 13 8 1 1 0.508618956740801 
2 3 7 0 2 0 0.655489818110662 
4 7 13 1 8 1 0.4526071158641991 
11 7 13 1 4 0 0.23759503693019424 
11 3 13 12 6 1 0.5311004931407022 
12 7 13 1 0 1 0.11476948427711031 
---
2 24 15.439967105263158 9.0 5
12 7 13 1 0 1 0.11476948427711031 
2 2 1 4 2 0 0.6445176694359664 
13 2 4 8 1 0 0.9747936462097511 
11 7 13 1 4 0 0.23759503693019424 
11 3 13 12 6 1 0.5311004931407022 
8 2 13 8 1 1 0.508618956740801 
2 3 7 0 2 0 0.655489818110662 
4 7 13 1 8 1 0.4526071158641991 
12 7 4 8 2 1 0.3026245695901757 
---
2 25 29.420230263157894 1.0 5
0 0 4 4 2 0 0.35569850847112416 
---
2 26 15.049342105263158 10.0 5
2 2 1 4 2 0 0.6445176694359664 
8 2 13 8 1 1 0.508618956740801 
11 7 13 1 4 0 0.23759503693019424 
11 3 13 12 6 1 0.5311004931407022 
2 2 2 7 2 0 0.5841415724627157 
4 7 13 1 8 1 0.4526071158641991 
13 2 4 8 1 0 0.9747936462097511 
2 3 7 0 2 0 0.655489818110662 
12 7 13 1 0 1 0.11476948427711031 
12 7 4 8 2 1 0.3026245695901757 
---
2 27 21.546052631578945 2.0 5
12 7 4 8 2 1 0.3026245695901757 
2 2 1 4 2 0 0.6445176694359664 
---
2 28 19.942434210526315 3.0 5
2 2 1 4 2 0 0.6445176694359664 
12 7 4 8 2 1 0.3026245695901757 
2 3 7 0 2 0 0.655489818110662 
---
2 29 16.40625 6.0 5
12 7 4 8 2 1 0.3026245695901757 
2 3 7 0 2 0 0.655489818110662 
11 7 13 1 4 0 0.23759503693019424 
2 2 1 4 2 0 0.6445176694359664 
12 7 13 1 0 1 0.11476948427711031 
4 7 13 1 8 1 0.4526071158641991 
---
2 30 16.159539473684212 7.0 5
8 2 13 8 1 1 0.508618956740801 
12 7 13 1 0 1 0.11476948427711031 
2 2 1 4 2 0 0.6445176694359664 
12 7 4 8 2 1 0.3026245695901757 
4 7 13 1 8 1 0.4526071158641991 
2 3 7 0 2 0 0.655489818110662 
11 7 13 1 4 0 0.23759503693019424 
---
2 31 15.768914473684212 8.0 5
12 7 4 8 2 1 0.3026245695901757 
2 2 1 4 2 0 0.6445176694359664 
8 2 13 8 1 1 0.508618956740801 
2 3 7 0 2 0 0.655489818110662 
4 7 13 1 8 1 0.4526071158641991 
11 7 13 1 4 0 0.23759503693019424 
11 3 13 12 6 1 0.5311004931407022 
12 7 13 1 0 1 0.11476948427711031 
---
2 32 15.439967105263158 9.0 5
12 7 13 1 0 1 0.11476948427711031 
2 2 1 4 2 0 0.6445176694359664 
13 2 4 8 1 0 0.9747936462097511 
11 7 13 1 4 0 0.23759503693019424 
11 3 13 12 6 1 0.5311004931407022 
8 2 13 8 1 1 0.508618956740801 
2 3 7 0 2 0 0.655489818110662 
4 7 13 1 8 1 0.4526071158641991 
12 7 4 8 2 1 0.3026245695901757 
---
2 33 29.379111842105267 1.0 5
0 0 0 4 0 0 0.42660270482989815 
---
2 34 15.049342105263158 10.0 5
2 2 1 4 2 0 0.6445176694359664 
8 2 13 8 1 1 0.508618956740801 
11 7 13 1 4 0 0.23759503693019424 
11 3 13 12 6 1 0.5311004931407022 
2 2 2 7 2 0 0.5841415724627157 
4 7 13 1 8 1 0.4526071158641991 
13 2 4 8 1 0 0.9747936462097511 
2 3 7 0 2 0 0.655489818110662 
12 7 13 1 0 1 0.11476948427711031 
12 7 4 8 2 1 0.3026245695901757 
---
2 35 21.546052631578945 2.0 5
12 7 4 8 2 1 0.3026245695901757 
2 2 1 4 2 0 0.6445176694359664 
---
2 36 19.942434210526315 3.0 5
2 2 1 4 2 0 0.6445176694359664 
12 7 4 8 2 1 0.3026245695901757 
2 3 7 0 2 0 0.655489818110662 
---
2 37 16.40625 6.0 5
2 3 7 0 2 0 0.655489818110662 
12 7 4 8 2 1 0.3026245695901757 
11 7 13 1 4 0 0.23759503693019424 
12 7 13 1 0 1 0.11476948427711031 
4 7 13 1 8 1 0.4526071158641991 
2 2 1 4 2 0 0.6445176694359664 
---
2 38 16.159539473684212 7.0 5
8 2 13 8 1 1 0.508618956740801 
12 7 13 1 0 1 0.11476948427711031 
2 2 1 4 2 0 0.6445176694359664 
12 7 4 8 2 1 0.3026245695901757 
4 7 13 1 8 1 0.4526071158641991 
2 3 7 0 2 0 0.655489818110662 
11 7 13 1 4 0 0.23759503693019424 
---
2 39 15.768914473684212 8.0 5
11 3 13 12 6 1 0.5311004931407022 
2 3 7 0 2 0 0.655489818110662 
8 2 13 8 1 1 0.508618956740801 
4 7 13 1 8 1 0.4526071158641991 
12 7 13 1 0 1 0.11476948427711031 
12 7 4 8 2 1 0.3026245695901757 
11 7 13 1 4 0 0.23759503693019424 
2 2 1 4 2 0 0.6445176694359664 
---
2 40 15.439967105263158 9.0 5
12 7 13 1 0 1 0.11476948427711031 
2 2 1 4 2 0 0.6445176694359664 
13 2 4 8 1 0 0.9747936462097511 
11 7 13 1 4 0 0.23759503693019424 
11 3 13 12 6 1 0.5311004931407022 
8 2 13 8 1 1 0.508618956740801 
2 3 7 0 2 0 0.655489818110662 
4 7 13 1 8 1 0.4526071158641991 
12 7 4 8 2 1 0.3026245695901757 
---
2 41 29.35855263157895 1.0 5
0 0 0 0 2 0 0.34846224677026494 
---
2 42 15.049342105263158 10.0 5
2 2 1 4 2 0 0.6445176694359664 
8 2 13 8 1 1 0.508618956740801 
11 7 13 1 4 0 0.23759503693019424 
11 3 13 12 6 1 0.5311004931407022 
2 2 2 7 2 0 0.5841415724627157 
4 7 13 1 8 1 0.4526071158641991 
13 2 4 8 1 0 0.9747936462097511 
2 3 7 0 2 0 0.655489818110662 
12 7 13 1 0 1 0.11476948427711031 
12 7 4 8 2 1 0.3026245695901757 
---
2 43 21.546052631578945 2.0 5
12 7 4 8 2 1 0.3026245695901757 
2 2 1 4 2 0 0.6445176694359664 
---
2 44 19.942434210526315 3.0 5
2 2 1 4 2 0 0.6445176694359664 
12 7 4 8 2 1 0.3026245695901757 
2 3 7 0 2 0 0.655489818110662 
---
2 45 16.40625 6.0 5
4 7 13 1 8 1 0.4526071158641991 
11 7 13 1 4 0 0.23759503693019424 
2 3 7 0 2 0 0.655489818110662 
12 7 4 8 2 1 0.3026245695901757 
12 7 13 1 0 1 0.11476948427711031 
2 2 1 4 2 0 0.6445176694359664 
---
2 46 16.159539473684212 7.0 5
8 2 13 8 1 1 0.508618956740801 
12 7 13 1 0 1 0.11476948427711031 
2 2 1 4 2 0 0.6445176694359664 
12 7 4 8 2 1 0.3026245695901757 
4 7 13 1 8 1 0.4526071158641991 
2 3 7 0 2 0 0.655489818110662 
11 7 13 1 4 0 0.23759503693019424 
---
2 47 15.768914473684212 8.0 5
11 3 13 12 6 1 0.5311004931407022 
2 3 7 0 2 0 0.655489818110662 
8 2 13 8 1 1 0.508618956740801 
4 7 13 1 8 1 0.4526071158641991 
12 7 13 1 0 1 0.11476948427711031 
12 7 4 8 2 1 0.3026245695901757 
11 7 13 1 4 0 0.23759503693019424 
2 2 1 4 2 0 0.6445176694359664 
---
2 48 29.379111842105267 1.0 5
0 0 0 4 0 0 0.42660270482989815 
---
2 49 15.049342105263158 10.0 5
2 2 1 4 2 0 0.6445176694359664 
8 2 13 8 1 1 0.508618956740801 
11 7 13 1 4 0 0.23759503693019424 
11 3 13 12 6 1 0.5311004931407022 
2 2 2 7 2 0 0.5841415724627157 
4 7 13 1 8 1 0.4526071158641991 
13 2 4 8 1 0 0.9747936462097511 
2 3 7 0 2 0 0.655489818110662 
12 7 13 1 0 1 0.11476948427711031 
12 7 4 8 2 1 0.3026245695901757 
---
2 50 21.546052631578945 2.0 5
12 7 4 8 2 1 0.3026245695901757 
2 2 1 4 2 0 0.6445176694359664 
---
2 51 19.942434210526315 3.0 5
12 7 4 8 2 1 0.3026245695901757 
2 2 1 4 2 0 0.6445176694359664 
2 3 7 0 2 0 0.655489818110662 
---
2 52 16.40625 6.0 5
11 7 13 1 4 0 0.23759503693019424 
12 7 4 8 2 1 0.3026245695901757 
2 3 7 0 2 0 0.655489818110662 
2 2 1 4 2 0 0.6445176694359664 
4 7 13 1 8 1 0.4526071158641991 
12 7 13 1 0 1 0.11476948427711031 
---
3 0 29.35855263157895 1.0 5
0 0 0 1 2 0 0.4497422674459943 
---
3 1 14.432565789473683 13.0 5
12 7 13 1 0 1 0.11476948427711031 
2 2 1 4 2 0 0.6445176694359664 
2 2 2 7 2 0 0.5841415724627157 
13 2 4 8 1 0 0.9747936462097511 
2 3 7 0 2 0 0.655489818110662 
11 3 13 12 6 1 0.5311004931407022 
4 7 13 1 8 1 0.4526071158641991 
11 7 0 4 2 1 0.07119821983346686 
11 3 6 4 10 1 0.9372412947868324 
8 2 13 8 1 1 0.508618956740801 
12 7 4 8 2 1 0.3026245695901757 
11 7 13 1 4 0 0.23759503693019424 
2 2 1 4 2 0 0.6445176694359664 
---
3 2 21.546052631578945 2.0 5
12 7 4 8 2 1 0.3026245695901757 
2 2 1 4 2 0 0.6445176694359664 
---
3 3 21.546052631578945 2.0 5
2 2 1 4 2 0 0.6445176694359664 
12 7 4 8 2 1 0.3026245695901757 
---
3 4 19.942434210526315 3.0 5
2 2 1 4 2 0 0.6445176694359664 
12 7 4 8 2 1 0.3026245695901757 
2 3 7 0 2 0 0.655489818110662 
---
3 5 14.740953947368421 11.0 5
2 3 7 0 2 0 0.655489818110662 
11 3 6 4 10 1 0.9372412947868324 
11 7 0 4 2 1 0.07119821983346686 
12 7 13 1 0 1 0.11476948427711031 
12 7 4 8 2 1 0.3026245695901757 
2 2 2 7 2 0 0.5841415724627157 
13 2 4 8 1 0 0.9747936462097511 
11 7 13 1 4 0 0.23759503693019424 
11 3 13 12 6 1 0.5311004931407022 
2 2 1 4 2 0 0.6445176694359664 
4 7 13 1 8 1 0.4526071158641991 
---
3 6 17.701480263157894 5.0 5
2 3 7 0 2 0 0.655489818110662 
2 2 1 4 2 0 0.6445176694359664 
4 7 13 1 8 1 0.4526071158641991 
12 7 4 8 2 1 0.3026245695901757 
11 7 13 1 4 0 0.23759503693019424 
---
3 7 16.40625 6.0 5
2 2 1 4 2 0 0.6445176694359664 
4 7 13 1 8 1 0.4526071158641991 
12 7 4 8 2 1 0.3026245695901757 
2 3 7 0 2 0 0.655489818110662 
11 7 13 1 4 0 0.23759503693019424 
12 7 13 1 0 1 0.11476948427711031 
---
3 8 19.346217105263158 4.0 5
2 3 7 0 2 0 0.655489818110662 
12 7 4 8 2 1 0.3026245695901757 
4 7 13 1 8 1 0.4526071158641991 
2 2 1 4 2 0 0.6445176694359664 
---
3 9 17.701480263157894 5.0 5
2 3 7 0 2 0 0.655489818110662 
2 2 1 4 2 0 0.6445176694359664 
4 7 13 1 8 1 0.4526071158641991 
12 7 4 8 2 1 0.3026245695901757 
11 7 13 1 4 0 0.23759503693019424 
---
3 10 19.942434210526315 3.0 5
2 2 1 4 2 0 0.6445176694359664 
12 7 4 8 2 1 0.3026245695901757 
2 3 7 0 2 0 0.655489818110662 
---
3 11 19.346217105263158 4.0 5
2 3 7 0 2 0 0.655489818110662 
12 7 4 8 2 1 0.3026245695901757 
4 7 13 1 8 1 0.4526071158641991 
2 2 1 4 2 0 0.6445176694359664 
---
3 12 14.740953947368421 11.0 5
2 3 7 0 2 0 0.655489818110662 
11 3 6 4 10 1 0.9372412947868324 
11 7 0 4 2 1 0.07119821983346686 
12 7 13 1 0 1 0.11476948427711031 
12 7 4 8 2 1 0.3026245695901757 
2 2 2 7 2 0 0.5841415724627157 
13 2 4 8 1 0 0.9747936462097511 
11 7 13 1 4 0 0.23759503693019424 
11 3 13 12 6 1 0.5311004931407022 
2 2 1 4 2 0 0.6445176694359664 
4 7 13 1 8 1 0.4526071158641991 
---
3 13 15.995065789473683 7.0 5
11 7 13 1 4 0 0.23759503693019424 
2 2 1 4 2 0 0.6445176694359664 
12 7 4 8 2 1 0.3026245695901757 
4 7 13 1 8 1 0.4526071158641991 
11 7 0 4 2 1 0.07119821983346686 
12 7 13 1 0 1 0.11476948427711031 
2 3 7 0 2 0 0.655489818110662 
---
3 14 15.542763157894738 8.0 5
11 7 0 4 2 1 0.07119821983346686 
2 2 2 7 2 0 0.5841415724627157 
2 2 1 4 2 0 0.6445176694359664 
4 7 13 1 8 1 0.4526071158641991 
11 7 13 1 4 0 0.23759503693019424 
12 7 4 8 2 1 0.3026245695901757 
12 7 13 1 0 1 0.11476948427711031 
2 3 7 0 2 0 0.655489818110662 
---
3 15 15.193256578947366 10.0 5
11 3 13 12 6 1 0.5311004931407022 
12 7 13 1 0 1 0.11476948427711031 
13 2 4 8 1 0 0.9747936462097511 
11 7 13 1 4 0 0.23759503693019424 
11 7 0 4 2 1 0.07119821983346686 
2 2 1 4 2 0 0.6445176694359664 
4 7 13 1 8 1 0.4526071158641991 
2 3 7 0 2 0 0.655489818110662 
11 3 6 4 10 1 0.9372412947868324 
12 7 4 8 2 1 0.3026245695901757 
---
3 16 15.275493421052634 9.0 5
11 7 13 1 4 0 0.23759503693019424 
11 7 0 4 2 1 0.07119821983346686 
2 3 7 0 2 0 0.655489818110662 
13 2 4 8 1 0 0.9747936462097511 
4 7 13 1 8 1 0.4526071158641991 
12 7 13 1 0 1 0.11476948427711031 
2 2 1 4 2 0 0.6445176694359664 
2 2 2 7 2 0 0.5841415724627157 
12 7 4 8 2 1 0.3026245695901757 
---
3 17 16.40625 6.0 5
12 7 13 1 0 1 0.11476948427711031 
4 7 13 1 8 1 0.4526071158641991 
2 2 1 4 2 0 0.6445176694359664 
12 7 4 8 2 1 0.3026245695901757 
2 3 7 0 2 0 0.655489818110662 
11 7 13 1 4 0 0.23759503693019424 
---
3 18 15.995065789473683 7.0 5
11 7 13 1 4 0 0.23759503693019424 
2 2 1 4 2 0 0.6445176694359664 
12 7 4 8 2 1 0.3026245695901757 
4 7 13 1 8 1 0.4526071158641991 
11 7 0 4 2 1 0.07119821983346686 
12 7 13 1 0 1 0.11476948427711031 
2 3 7 0 2 0 0.655489818110662 
---
3 19 15.275493421052634 9.0 5
11 7 13 1 4 0 0.23759503693019424 
11 7 0 4 2 1 0.07119821983346686 
2 3 7 0 2 0 0.655489818110662 
13 2 4 8 1 0 0.9747936462097511 
4 7 13 1 8 1 0.4526071158641991 
12 7 13 1 0 1 0.11476948427711031 
2 2 1 4 2 0 0.6445176694359664 
2 2 2 7 2 0 0.5841415724627157 
12 7 4 8 2 1 0.3026245695901757 
---
3 20 15.193256578947366 10.0 5
11 3 13 12 6 1 0.5311004931407022 
12 7 13 1 0 1 0.11476948427711031 
13 2 4 8 1 0 0.9747936462097511 
11 7 13 1 4 0 0.23759503693019424 
11 7 0 4 2 1 0.07119821983346686 
2 2 1 4 2 0 0.6445176694359664 
4 7 13 1 8 1 0.4526071158641991 
2 3 7 0 2 0 0.655489818110662 
11 3 6 4 10 1 0.9372412947868324 
12 7 4 8 2 1 0.3026245695901757 
---
3 21 29.35855263157895 1.0 5
0 0 0 0 2 0 0.3695270920361957 
---
3 22 14.432565789473683 13.0 5
12 7 13 1 0 1 0.11476948427711031 
2 2 1 4 2 0 0.6445176694359664 
2 2 2 7 2 0 0.5841415724627157 
13 2 4 8 1 0 0.9747936462097511 
2 3 7 0 2 0 0.655489818110662 
11 3 13 12 6 1 0.5311004931407022 
4 7 13 1 8 1 0.4526071158641991 
11 7 0 4 2 1 0.07119821983346686 
11 3 6 4 10 1 0.9372412947868324 
8 2 13 8 1 1 0.508618956740801 
12 7 4 8 2 1 0.3026245695901757 
11 7 13 1 4 0 0.23759503693019424 
2 2 1 4 2 0 0.6445176694359664 
---
3 23 17.701480263157894 5.0 5
2 3 7 0 2 0 0.655489818110662 
2 2 1 4 2 0 0.6445176694359664 
4 7 13 1 8 1 0.4526071158641991 
12 7 4 8 2 1 0.3026245695901757 
11 7 13 1 4 0 0.23759503693019424 
---
3 24 19.942434210526315 3.0 5
2 2 1 4 2 0 0.6445176694359664 
12 7 4 8 2 1 0.3026245695901757 
2 3 7 0 2 0 0.655489818110662 
---
3 25 19.346217105263158 4.0 5
2 3 7 0 2 0 0.655489818110662 
12 7 4 8 2 1 0.3026245695901757 
4 7 13 1 8 1 0.4526071158641991 
2 2 1 4 2 0 0.6445176694359664 
---
3 26 14.740953947368421 11.0 5
2 3 7 0 2 0 0.655489818110662 
11 3 6 4 10 1 0.9372412947868324 
11 7 0 4 2 1 0.07119821983346686 
12 7 13 1 0 1 0.11476948427711031 
12 7 4 8 2 1 0.3026245695901757 
2 2 2 7 2 0 0.5841415724627157 
13 2 4 8 1 0 0.9747936462097511 
11 7 13 1 4 0 0.23759503693019424 
11 3 13 12 6 1 0.5311004931407022 
2 2 1 4 2 0 0.6445176694359664 
4 7 13 1 8 1 0.4526071158641991 
---
3 27 15.542763157894738 8.0 5
2 2 1 4 2 0 0.6445176694359664 
2 2 2 7 2 0 0.5841415724627157 
11 7 13 1 4 0 0.23759503693019424 
12 7 13 1 0 1 0.11476948427711031 
2 3 7 0 2 0 0.655489818110662 
4 7 13 1 8 1 0.4526071158641991 
12 7 4 8 2 1 0.3026245695901757 
11 7 0 4 2 1 0.07119821983346686 
---
3 28 16.40625 6.0 5
12 7 13 1 0 1 0.11476948427711031 
4 7 13 1 8 1 0.4526071158641991 
2 2 1 4 2 0 0.6445176694359664 
12 7 4 8 2 1 0.3026245695901757 
2 3 7 0 2 0 0.655489818110662 
11 7 13 1 4 0 0.23759503693019424 
---
3 29 15.995065789473683 7.0 5
11 7 13 1 4 0 0.23759503693019424 
2 2 1 4 2 0 0.6445176694359664 
12 7 4 8 2 1 0.3026245695901757 
4 7 13 1 8 1 0.4526071158641991 
11 7 0 4 2 1 0.07119821983346686 
12 7 13 1 0 1 0.11476948427711031 
2 3 7 0 2 0 0.655489818110662 
---
3 30 15.275493421052634 9.0 5
11 7 13 1 4 0 0.23759503693019424 
11 7 0 4 2 1 0.07119821983346686 
2 3 7 0 2 0 0.655489818110662 
13 2 4 8 1 0 0.9747936462097511 
4 7 13 1 8 1 0.4526071158641991 
12 7 13 1 0 1 0.11476948427711031 
2 2 1 4 2 0 0.6445176694359664 
2 2 2 7 2 0 0.5841415724627157 
12 7 4 8 2 1 0.3026245695901757 
---
3 31 29.35855263157895 1.0 5
0 0 0 0 2 0 0.3695270920361957 
---
3 32 17.701480263157894 5.0 5
2 3 7 0 2 0 0.655489818110662 
2 2 1 4 2 0 0.6445176694359664 
4 7 13 1 8 1 0.4526071158641991 
12 7 4 8 2 1 0.3026245695901757 
11 7 13 1 4 0 0.23759503693019424 
---
3 33 19.942434210526315 3.0 5
2 3 7 0 2 0 0.655489818110662 
2 2 1 4 2 0 0.6445176694359664 
12 7 4 8 2 1 0.3026245695901757 
---
3 34 19.346217105263158 4.0 5
2 3 7 0 2 0 0.655489818110662 
12 7 4 8 2 1 0.3026245695901757 
4 7 13 1 8 1 0.4526071158641991 
2 2 1 4 2 0 0.6445176694359664 
---
3 35 14.740953947368421 11.0 5
2 3 7 0 2 0 0.655489818110662 
11 3 6 4 10 1 0.9372412947868324 
11 7 0 4 2 1 0.07119821983346686 
12 7 13 1 0 1 0.11476948427711031 
12 7 4 8 2 1 0.3026245695901757 
2 2 2 7 2 0 0.5841415724627157 
13 2 4 8 1 0 0.9747936462097511 
11 7 13 1 4 0 0.23759503693019424 
11 3 13 12 6 1 0.5311004931407022 
2 2 1 4 2 0 0.6445176694359664 
4 7 13 1 8 1 0.4526071158641991 
---
3 36 15.542763157894738 8.0 5
11 7 0 4 2 1 0.07119821983346686 
2 2 2 7 2 0 0.5841415724627157 
2 2 1 4 2 0 0.6445176694359664 
4 7 13 1 8 1 0.4526071158641991 
11 7 13 1 4 0 0.23759503693019424 
12 7 4 8 2 1 0.3026245695901757 
12 7 13 1 0 1 0.11476948427711031 
2 3 7 0 2 0 0.655489818110662 
---
3 37 16.40625 6.0 5
11 7 13 1 4 0 0.23759503693019424 
12 7 13 1 0 1 0.11476948427711031 
2 2 1 4 2 0 0.6445176694359664 
2 3 7 0 2 0 0.655489818110662 
12 7 4 8 2 1 0.3026245695901757 
4 7 13 1 8 1 0.4526071158641991 
---
3 38 15.995065789473683 7.0 5
11 7 13 1 4 0 0.23759503693019424 
2 2 1 4 2 0 0.6445176694359664 
12 7 4 8 2 1 0.3026245695901757 
4 7 13 1 8 1 0.4526071158641991 
11 7 0 4 2 1 0.07119821983346686 
12 7 13 1 0 1 0.11476948427711031 
2 3 7 0 2 0 0.655489818110662 
---
3 39 15.275493421052634 9.0 5
11 7 13 1 4 0 0.23759503693019424 
11 7 0 4 2 1 0.07119821983346686 
2 3 7 0 2 0 0.655489818110662 
13 2 4 8 1 0 0.9747936462097511 
4 7 13 1 8 1 0.4526071158641991 
12 7 13 1 0 1 0.11476948427711031 
2 2 1 4 2 0 0.6445176694359664 
2 2 2 7 2 0 0.5841415724627157 
12 7 4 8 2 1 0.3026245695901757 
---
3 40 17.701480263157894 5.0 5
2 3 7 0 2 0 0.655489818110662 
2 2 1 4 2 0 0.6445176694359664 
4 7 13 1 8 1 0.4526071158641991 
12 7 4 8 2 1 0.3026245695901757 
11 7 13 1 4 0 0.23759503693019424 
---
3 41 19.942434210526315 3.0 5
12 7 4 8 2 1 0.3026245695901757 
2 3 7 0 2 0 0.655489818110662 
2 2 1 4 2 0 0.6445176694359664 
---
3 42 19.346217105263158 4.0 5
12 7 4 8 2 1 0.3026245695901757 
2 3 7 0 2 0 0.655489818110662 
2 2 1 4 2 0 0.6445176694359664 
4 7 13 1 8 1 0.4526071158641991 
---
3 43 14.740953947368421 11.0 5
2 3 7 0 2 0 0.655489818110662 
11 3 6 4 10 1 0.9372412947868324 
11 7 0 4 2 1 0.07119821983346686 
12 7 13 1 0 1 0.11476948427711031 
12 7 4 8 2 1 0.3026245695901757 
2 2 2 7 2 0 0.5841415724627157 
13 2 4 8 1 0 0.9747936462097511 
11 7 13 1 4 0 0.23759503693019424 
11 3 13 12 6 1 0.5311004931407022 
2 2 1 4 2 0 0.6445176694359664 
4 7 13 1 8 1 0.4526071158641991 
---
3 44 15.748355263157896 8.0 5
2 2 1 4 2 0 0.6445176694359664 
2 2 2 7 2 0 0.5841415724627157 
12 7 4 8 2 1 0.3026245695901757 
11 7 13 1 4 0 0.23759503693019424 
4 7 13 1 8 1 0.4526071158641991 
2 3 7 0 2 0 0.655489818110662 
13 2 4 8 1 0 0.9747936462097511 
12 7 13 1 0 1 0.11476948427711031 
---
3 45 16.40625 6.0 5
11 7 13 1 4 0 0.23759503693019424 
12 7 13 1 0 1 0.11476948427711031 
2 2 1 4 2 0 0.6445176694359664 
2 3 7 0 2 0 0.655489818110662 
12 7 4 8 2 1 0.3026245695901757 
4 7 13 1 8 1 0.4526071158641991 
---
3 46 15.995065789473683 7.0 5
11 7 0 4 2 1 0.07119821983346686 
12 7 4 8 2 1 0.3026245695901757 
12 7 13 1 0 1 0.11476948427711031 
2 2 1 4 2 0 0.6445176694359664 
4 7 13 1 8 1 0.4526071158641991 
2 3 7 0 2 0 0.655489818110662 
11 7 13 1 4 0 0.23759503693019424 
---
3 47 15.275493421052634 9.0 5
11 7 13 1 4 0 0.23759503693019424 
11 7 0 4 2 1 0.07119821983346686 
2 3 7 0 2 0 0.655489818110662 
13 2 4 8 1 0 0.9747936462097511 
4 7 13 1 8 1 0.4526071158641991 
12 7 13 1 0 1 0.11476948427711031 
2 2 1 4 2 0 0.6445176694359664 
2 2 2 7 2 0 0.5841415724627157 
12 7 4 8 2 1 0.3026245695901757 
---
3 48 29.35855263157895 1.0 5
0 0 0 0 2 0 0.3695270920361957 
---
3 49 17.701480263157894 5.0 5
12 7 4 8 2 1 0.3026245695901757 
4 7 13 1 8 1 0.4526071158641991 
2 3 7 0 2 0 0.655489818110662 
2 2 1 4 2 0 0.6445176694359664 
11 7 13 1 4 0 0.23759503693019424 
---
3 50 19.942434210526315 3.0 5
2 3 7 0 2 0 0.655489818110662 
12 7 4 8 2 1 0.3026245695901757 
2 2 1 4 2 0 0.6445176694359664 
---
3 51 19.346217105263158 4.0 5
2 3 7 0 2 0 0.655489818110662 
12 7 4 8 2 1 0.3026245695901757 
4 7 13 1 8 1 0.4526071158641991 
2 2 1 4 2 0 0.6445176694359664 
---
3 52 14.740953947368421 11.0 5
2 3 7 0 2 0 0.655489818110662 
11 3 6 4 10 1 0.9372412947868324 
11 7 0 4 2 1 0.07119821983346686 
12 7 13 1 0 1 0.11476948427711031 
12 7 4 8 2 1 0.3026245695901757 
2 2 2 7 2 0 0.5841415724627157 
13 2 4 8 1 0 0.9747936462097511 
11 7 13 1 4 0 0.23759503693019424 
11 3 13 12 6 1 0.5311004931407022 
2 2 1 4 2 0 0.6445176694359664 
4 7 13 1 8 1 0.4526071158641991 
---
3 53 15.542763157894738 8.0 5
2 2 1 4 2 0 0.6445176694359664 
2 2 2 7 2 0 0.5841415724627157 
11 7 13 1 4 0 0.23759503693019424 
12 7 13 1 0 1 0.11476948427711031 
2 3 7 0 2 0 0.655489818110662 
4 7 13 1 8 1 0.4526071158641991 
12 7 4 8 2 1 0.3026245695901757 
11 7 0 4 2 1 0.07119821983346686 
---
3 54 16.40625 6.0 5
12 7 13 1 0 1 0.11476948427711031 
4 7 13 1 8 1 0.4526071158641991 
2 2 1 4 2 0 0.6445176694359664 
12 7 4 8 2 1 0.3026245695901757 
2 3 7 0 2 0 0.655489818110662 
11 7 13 1 4 0 0.23759503693019424 
---
3 55 15.995065789473683 7.0 5
11 7 13 1 4 0 0.23759503693019424 
2 2 1 4 2 0 0.6445176694359664 
12 7 4 8 2 1 0.3026245695901757 
4 7 13 1 8 1 0.4526071158641991 
11 7 0 4 2 1 0.07119821983346686 
12 7 13 1 0 1 0.11476948427711031 
2 3 7 0 2 0 0.655489818110662 
---
3 56 15.275493421052634 9.0 5
11 7 13 1 4 0 0.23759503693019424 
11 7 0 4 2 1 0.07119821983346686 
2 3 7 0 2 0 0.655489818110662 
13 2 4 8 1 0 0.9747936462097511 
4 7 13 1 8 1 0.4526071158641991 
12 7 13 1 0 1 0.11476948427711031 
2 2 1 4 2 0 0.6445176694359664 
2 2 2 7 2 0 0.5841415724627157 
12 7 4 8 2 1 0.3026245695901757 
---
3 57 29.35855263157895 1.0 5
0 0 0 0 2 0 0.3695270920361957 
---
4 0 29.35855263157895 1.0 5
0 2 0 0 2 0 0.4446254250548042 
---
4 1 23.72532894736842 2.0 5
2 2 2 4 2 0 0.4075423586283722 
12 7 4 8 2 1 0.3026245695901757 
---
4 2 14.185855263157896 16.0 5
10 2 1 4 2 0 0.9763192104882177 
2 3 7 0 2 0 0.655489818110662 
11 7 13 1 4 0 0.23759503693019424 
12 7 4 8 2 1 0.3026245695901757 
4 7 13 1 8 1 0.4526071158641991 
13 2 4 8 1 0 0.9747936462097511 
12 7 13 1 0 1 0.11476948427711031 
8 2 13 8 1 1 0.508618956740801 
11 13 13 1 4 0 0.5501149389145013 
11 7 0 4 2 1 0.07119821983346686 
11 3 13 12 6 1 0.5311004931407022 
7 7 9 4 2 0 0.14813244476576304 
11 4 11 10 7 1 0.6582388467411491 
2 2 1 4 2 0 0.6445176694359664 
12 7 13 1 0 1 0.11476948427711031 
8 2 2 8 8 1 0.1777391109932258 
---
4 3 15.131578947368421 12.0 5
11 7 13 1 4 0 0.23759503693019424 
2 2 2 4 2 0 0.4075423586283722 
2 3 7 0 2 0 0.655489818110662 
4 7 13 1 8 1 0.4526071158641991 
5 7 4 1 0 0 0.9903592160333361 
11 4 8 8 2 1 0.11947576264399595 
8 2 13 8 1 1 0.508618956740801 
12 7 13 1 0 1 0.11476948427711031 
11 7 0 4 2 1 0.07119821983346686 
12 7 4 8 2 1 0.3026245695901757 
2 2 1 4 2 0 0.6445176694359664 
2 2 1 4 2 0 0.6445176694359664 
---
4 4 17.701480263157894 5.0 5
12 7 4 8 2 1 0.3026245695901757 
11 7 13 1 4 0 0.23759503693019424 
2 3 7 0 2 0 0.655489818110662 
4 7 13 1 8 1 0.4526071158641991 
2 2 1 4 2 0 0.6445176694359664 
---
4 5 23.72532894736842 2.0 5
2 2 2 4 2 0 0.4075423586283722 
12 7 4 8 2 1 0.3026245695901757 
---
4 6 19.942434210526315 3.0 5
2 3 7 0 2 0 0.655489818110662 
2 2 1 4 2 0 0.6445176694359664 
12 7 4 8 2 1 0.3026245695901757 
---
4 7 17.701480263157894 5.0 5
12 7 4 8 2 1 0.3026245695901757 
11 7 13 1 4 0 0.23759503693019424 
2 3 7 0 2 0 0.655489818110662 
4 7 13 1 8 1 0.4526071158641991 
2 2 1 4 2 0 0.6445176694359664 
---
4 8 16.40625 6.0 5
12 7 13 1 0 1 0.11476948427711031 
12 7 4 8 2 1 0.3026245695901757 
2 3 7 0 2 0 0.655489818110662 
4 7 13 1 8 1 0.4526071158641991 
2 2 1 4 2 0 0.6445176694359664 
11 7 13 1 4 0 0.23759503693019424 
---
4 9 15.275493421052634 10.0 5
8 2 13 8 1 1 0.508618956740801 
11 7 0 4 2 1 0.07119821983346686 
12 7 4 8 2 1 0.3026245695901757 
2 2 1 4 2 0 0.6445176694359664 
11 7 13 1 4 0 0.23759503693019424 
4 7 13 1 8 1 0.4526071158641991 
7 7 9 4 2 0 0.14813244476576304 
11 13 13 1 4 0 0.5501149389145013 
12 7 13 1 0 1 0.11476948427711031 
2 3 7 0 2 0 0.655489818110662 
---
4 10 19.942434210526315 3.0 5
2 3 7 0 2 0 0.655489818110662 
2 2 1 4 2 0 0.6445176694359664 
12 7 4 8 2 1 0.3026245695901757 
---
4 11 19.325657894736842 4.0 5
4 7 13 1 8 1 0.4526071158641991 
12 7 4 8 2 1 0.3026245695901757 
11 7 13 1 4 0 0.23759503693019424 
2 2 1 4 2 0 0.6445176694359664 
---
4 12 14.638157894736842 14.0 5
2 2 1 4 2 0 0.6445176694359664 
2 3 7 0 2 0 0.655489818110662 
11 7 13 1 4 0 0.23759503693019424 
12 7 4 8 2 1 0.3026245695901757 
4 7 13 1 8 1 0.4526071158641991 
12 7 13 1 0 1 0.11476948427711031 
8 2 13 8 1 1 0.508618956740801 
11 13 13 1 4 0 0.5501149389145013 
11 7 0 4 2 1 0.07119821983346686 
2 2 2 4 2 0 0.4075423586283722 
11 4 11 10 7 1 0.6582388467411491 
2 2 1 0 9 1 0.08004185390567642 
5 7 4 1 0 0 0.9903592160333361 
11 4 8 8 2 1 0.11947576264399595 
---
4 13 14.185855263157896 16.0 5
10 2 1 4 2 0 0.9763192104882177 
2 3 7 0 2 0 0.655489818110662 
11 7 13 1 4 0 0.23759503693019424 
12 7 4 8 2 1 0.3026245695901757 
4 7 13 1 8 1 0.4526071158641991 
13 2 4 8 1 0 0.9747936462097511 
12 7 13 1 0 1 0.11476948427711031 
8 2 13 8 1 1 0.508618956740801 
11 13 13 1 4 0 0.5501149389145013 
11 7 0 4 2 1 0.07119821983346686 
11 3 13 12 6 1 0.5311004931407022 
7 7 9 4 2 0 0.14813244476576304 
11 4 11 10 7 1 0.6582388467411491 
2 2 1 4 2 0 0.6445176694359664 
12 7 13 1 0 1 0.11476948427711031 
8 2 2 8 8 1 0.1777391109932258 
---
4 14 14.638157894736842 14.0 5
2 2 1 4 2 0 0.6445176694359664 
2 3 7 0 2 0 0.655489818110662 
11 7 13 1 4 0 0.23759503693019424 
12 7 4 8 2 1 0.3026245695901757 
4 7 13 1 8 1 0.4526071158641991 
12 7 13 1 0 1 0.11476948427711031 
8 2 13 8 1 1 0.508618956740801 
11 13 13 1 4 0 0.5501149389145013 
11 7 0 4 2 1 0.07119821983346686 
2 2 2 4 2 0 0.4075423586283722 
11 4 11 10 7 1 0.6582388467411491 
2 2 1 0 9 1 0.08004185390567642 
5 7 4 1 0 0 0.9903592160333361 
11 4 8 8 2 1 0.11947576264399595 
---
4 15 15.275493421052634 10.0 5
8 2 13 8 1 1 0.508618956740801 
11 7 0 4 2 1 0.07119821983346686 
12 7 4 8 2 1 0.3026245695901757 
2 2 1 4 2 0 0.6445176694359664 
11 7 13 1 4 0 0.23759503693019424 
4 7 13 1 8 1 0.4526071158641991 
7 7 9 4 2 0 0.14813244476576304 
11 13 13 1 4 0 0.5501149389145013 
12 7 13 1 0 1 0.11476948427711031 
2 3 7 0 2 0 0.655489818110662 
---
4 16 16.40625 6.0 5
12 7 13 1 0 1 0.11476948427711031 
12 7 4 8 2 1 0.3026245695901757 
2 3 7 0 2 0 0.655489818110662 
4 7 13 1 8 1 0.4526071158641991 
2 2 1 4 2 0 0.6445176694359664 
11 7 13 1 4 0 0.23759503693019424 
---
4 17 16.138980263157894 7.0 5
2 2 1 4 2 0 0.6445176694359664 
13 2 4 8 1 0 0.9747936462097511 
4 7 13 1 8 1 0.4526071158641991 
11 7 13 1 4 0 0.23759503693019424 
12 7 4 8 2 1 0.3026245695901757 
12 7 13 1 0 1 0.11476948427711031 
2 3 7 0 2 0 0.655489818110662 
---
4 18 16.138980263157894 7.0 5
2 2 1 4 2 0 0.6445176694359664 
13 2 4 8 1 0 0.9747936462097511 
4 7 13 1 8 1 0.4526071158641991 
11 7 13 1 4 0 0.23759503693019424 
12 7 4 8 2 1 0.3026245695901757 
12 7 13 1 0 1 0.11476948427711031 
2 3 7 0 2 0 0.655489818110662 
---
4 19 15.810032894736842 8.0 5
11 4 11 10 7 1 0.6582388467411491 
12 7 13 1 0 1 0.11476948427711031 
11 7 13 1 4 0 0.23759503693019424 
12 7 4 8 2 1 0.3026245695901757 
2 3 7 0 2 0 0.655489818110662 
4 7 13 1 8 1 0.4526071158641991 
8 2 13 8 1 1 0.508618956740801 
2 2 1 4 2 0 0.6445176694359664 
---
4 20 15.810032894736842 8.0 5
11 4 11 10 7 1 0.6582388467411491 
12 7 13 1 0 1 0.11476948427711031 
11 7 13 1 4 0 0.23759503693019424 
12 7 4 8 2 1 0.3026245695901757 
2 3 7 0 2 0 0.655489818110662 
4 7 13 1 8 1 0.4526071158641991 
8 2 13 8 1 1 0.508618956740801 
2 2 1 4 2 0 0.6445176694359664 
---
4 21 29.35855263157895 1.0 5
0 0 0 0 2 0 0.37402996513299924 
---
4 22 23.72532894736842 2.0 5
2 2 2 4 2 0 0.4075423586283722 
12 7 4 8 2 1 0.3026245695901757 
---
4 23 17.701480263157894 5.0 5
12 7 4 8 2 1 0.3026245695901757 
11 7 13 1 4 0 0.23759503693019424 
2 3 7 0 2 0 0.655489818110662 
4 7 13 1 8 1 0.4526071158641991 
2 2 1 4 2 0 0.6445176694359664 
---
4 24 19.942434210526315 3.0 5
2 2 1 4 2 0 0.6445176694359664 
12 7 4 8 2 1 0.3026245695901757 
2 3 7 0 2 0 0.655489818110662 
---
4 25 19.325657894736842 4.0 5
12 7 4 8 2 1 0.3026245695901757 
11 7 13 1 4 0 0.23759503693019424 
4 7 13 1 8 1 0.4526071158641991 
2 2 1 4 2 0 0.6445176694359664 
---
4 26 14.638157894736842 14.0 5
2 2 1 4 2 0 0.6445176694359664 
2 3 7 0 2 0 0.655489818110662 
11 7 13 1 4 0 0.23759503693019424 
12 7 4 8 2 1 0.3026245695901757 
4 7 13 1 8 1 0.4526071158641991 
12 7 13 1 0 1 0.11476948427711031 
8 2 13 8 1 1 0.508618956740801 
11 13 13 1 4 0 0.5501149389145013 
11 7 0 4 2 1 0.07119821983346686 
2 2 2 4 2 0 0.4075423586283722 
11 4 11 10 7 1 0.6582388467411491 
2 2 1 0 9 1 0.08004185390567642 
5 7 4 1 0 0 0.9903592160333361 
11 4 8 8 2 1 0.11947576264399595 
---
4 27 14.185855263157896 16.0 5
4 7 13 1 8 1 0.4526071158641991 
13 2 4 8 1 0 0.9747936462097511 
11 7 0 4 2 1 0.07119821983346686 
12 7 13 1 0 1 0.11476948427711031 
2 3 7 0 2 0 0.655489818110662 
11 4 11 10 7 1 0.6582388467411491 
12 7 4 8 2 1 0.3026245695901757 
11 13 13 1 4 0 0.5501149389145013 
7 7 9 4 2 0 0.14813244476576304 
11 3 13 12 6 1 0.5311004931407022 
11 7 13 1 4 0 0.23759503693019424 
10 2 1 4 2 0 0.9763192104882177 
8 2 13 8 1 1 0.508618956740801 
2 2 1 4 2 0 0.6445176694359664 
8 2 2 8 8 1 0.1777391109932258 
11 13 13 1 4 0 0.5501149389145013 
---
4 28 15.275493421052634 10.0 5
8 2 13 8 1 1 0.508618956740801 
11 7 0 4 2 1 0.07119821983346686 
12 7 4 8 2 1 0.3026245695901757 
2 2 1 4 2 0 0.6445176694359664 
11 7 13 1 4 0 0.23759503693019424 
4 7 13 1 8 1 0.4526071158641991 
7 7 9 4 2 0 0.14813244476576304 
11 13 13 1 4 0 0.5501149389145013 
12 7 13 1 0 1 0.11476948427711031 
2 3 7 0 2 0 0.655489818110662 
---
4 29 16.40625 6.0 5
12 7 13 1 0 1 0.11476948427711031 
12 7 4 8 2 1 0.3026245695901757 
2 3 7 0 2 0 0.655489818110662 
4 7 13 1 8 1 0.4526071158641991 
2 2 1 4 2 0 0.6445176694359664 
11 7 13 1 4 0 0.23759503693019424 
---
4 30 16.138980263157894 7.0 5
2 2 1 4 2 0 0.6445176694359664 
13 2 4 8 1 0 0.9747936462097511 
4 7 13 1 8 1 0.4526071158641991 
11 7 13 1 4 0 0.23759503693019424 
12 7 4 8 2 1 0.3026245695901757 
12 7 13 1 0 1 0.11476948427711031 
2 3 7 0 2 0 0.655489818110662 
---
4 31 15.810032894736842 8.0 5
11 4 11 10 7 1 0.6582388467411491 
12 7 13 1 0 1 0.11476948427711031 
11 7 13 1 4 0 0.23759503693019424 
12 7 4 8 2 1 0.3026245695901757 
2 3 7 0 2 0 0.655489818110662 
4 7 13 1 8 1 0.4526071158641991 
8 2 13 8 1 1 0.508618956740801 
2 2 1 4 2 0 0.6445176694359664 
---
4 32 29.35855263157895 1.0 5
0 0 0 0 2 0 0.37402996513299924 
---
4 33 23.72532894736842 2.0 5
2 2 2 4 2 0 0.4075423586283722 
12 7 4 8 2 1 0.3026245695901757 
---
4 34 17.701480263157894 5.0 5
12 7 4 8 2 1 0.3026245695901757 
11 7 13 1 4 0 0.23759503693019424 
2 3 7 0 2 0 0.655489818110662 
4 7 13 1 8 1 0.4526071158641991 
2 2 1 4 2 0 0.6445176694359664 
---
4 35 19.942434210526315 3.0 5
2 2 1 4 2 0 0.6445176694359664 
12 7 4 8 2 1 0.3026245695901757 
2 3 7 0 2 0 0.655489818110662 
---
4 36 19.325657894736842 4.0 5
4 7 13 1 8 1 0.4526071158641991 
12 7 4 8 2 1 0.3026245695901757 
11 7 13 1 4 0 0.23759503693019424 
2 2 1 4 2 0 0.6445176694359664 
---
4 37 14.638157894736842 14.0 5
2 2 1 4 2 0 0.6445176694359664 
2 3 7 0 2 0 0.655489818110662 
11 7 13 1 4 0 0.23759503693019424 
12 7 4 8 2 1 0.3026245695901757 
4 7 13 1 8 1 0.4526071158641991 
12 7 13 1 0 1 0.11476948427711031 
8 2 13 8 1 1 0.508618956740801 
11 13 13 1 4 0 0.5501149389145013 
11 7 0 4 2 1 0.07119821983346686 
2 2 2 4 2 0 0.4075423586283722 
11 4 11 10 7 1 0.6582388467411491 
2 2 1 0 9 1 0.08004185390567642 
5 7 4 1 0 0 0.9903592160333361 
11 4 8 8 2 1 0.11947576264399595 
---
4 38 14.185855263157896 16.0 5
10 2 1 4 2 0 0.9763192104882177 
2 3 7 0 2 0 0.655489818110662 
11 7 13 1 4 0 0.23759503693019424 
12 7 4 8 2 1 0.3026245695901757 
4 7 13 1 8 1 0.4526071158641991 
13 2 4 8 1 0 0.9747936462097511 
12 7 13 1 0 1 0.11476948427711031 
8 2 13 8 1 1 0.508618956740801 
11 13 13 1 4 0 0.5501149389145013 
11 7 0 4 2 1 0.07119821983346686 
11 3 13 12 6 1 0.5311004931407022 
7 7 9 4 2 0 0.14813244476576304 
11 4 11 10 7 1 0.6582388467411491 
2 2 1 4 2 0 0.6445176694359664 
12 7 13 1 0 1 0.11476948427711031 
8 2 2 8 8 1 0.1777391109932258 
---
4 39 15.275493421052634 10.0 5
8 2 13 8 1 1 0.508618956740801 
11 7 0 4 2 1 0.07119821983346686 
12 7 4 8 2 1 0.3026245695901757 
2 2 1 4 2 0 0.6445176694359664 
11 7 13 1 4 0 0.23759503693019424 
4 7 13 1 8 1 0.4526071158641991 
7 7 9 4 2 0 0.14813244476576304 
11 13 13 1 4 0 0.5501149389145013 
12 7 13 1 0 1 0.11476948427711031 
2 3 7 0 2 0 0.655489818110662 
---
4 40 16.40625 6.0 5
12 7 4 8 2 1 0.3026245695901757 
12 7 13 1 0 1 0.11476948427711031 
4 7 13 1 8 1 0.4526071158641991 
11 7 13 1 4 0 0.23759503693019424 
2 2 1 4 2 0 0.6445176694359664 
2 3 7 0 2 0 0.655489818110662 
---
4 41 16.138980263157894 7.0 5
2 2 1 4 2 0 0.6445176694359664 
13 2 4 8 1 0 0.9747936462097511 
4 7 13 1 8 1 0.4526071158641991 
11 7 13 1 4 0 0.23759503693019424 
12 7 4 8 2 1 0.3026245695901757 
12 7 13 1 0 1 0.11476948427711031 
2 3 7 0 2 0 0.655489818110662 
---
4 42 15.810032894736842 8.0 5
11 4 11 10 7 1 0.6582388467411491 
12 7 13 1 0 1 0.11476948427711031 
11 7 13 1 4 0 0.23759503693019424 
12 7 4 8 2 1 0.3026245695901757 
2 3 7 0 2 0 0.655489818110662 
4 7 13 1 8 1 0.4526071158641991 
8 2 13 8 1 1 0.508618956740801 
2 2 1 4 2 0 0.6445176694359664 
---
4 43 29.35855263157895 1.0 5
0 2 0 0 2 0 0.4446254250548042 
---
4 44 23.72532894736842 2.0 5
2 2 2 4 2 0 0.4075423586283722 
12 7 4 8 2 1 0.3026245695901757 
---
4 45 17.701480263157894 5.0 5
4 7 13 1 8 1 0.4526071158641991 
2 2 1 4 2 0 0.6445176694359664 
11 7 13 1 4 0 0.23759503693019424 
2 3 7 0 2 0 0.655489818110662 
12 7 4 8 2 1 0.3026245695901757 
---
4 46 19.942434210526315 3.0 5
2 3 7 0 2 0 0.655489818110662 
2 2 1 4 2 0 0.6445176694359664 
12 7 4 8 2 1 0.3026245695901757 
---
4 47 16.40625 6.0 5
2 3 7 0 2 0 0.655489818110662 
11 7 13 1 4 0 0.23759503693019424 
2 2 1 4 2 0 0.6445176694359664 
4 7 13 1 8 1 0.4526071158641991 
12 7 13 1 0 1 0.11476948427711031 
12 7 4 8 2 1 0.3026245695901757 
