---
11.9323087549646 26.0 36
0 0 4 0 7 0 0 0 0 1 0 0 0 4 0 0 0 11 0 0 0 0 0 0 0 0 0 0 0 0 0 0 0 0 0 0 4 0.1468239894054062 
0 0 0 0 0 0 0 0 0 0 0 3 0 7 0 0 7 0 11 1 0 0 0 11 0 0 11 3 0 4 0 0 0 0 1 0 5 0.7661703909957134 
12 0 11 0 0 4 0 0 0 0 0 0 0 4 0 0 0 12 0 0 0 1 0 11 0 0 0 0 0 0 0 2 2 0 0 0 5 0.7208318053620846 
0 0 0 0 0 0 0 0 0 2 0 0 0 1 4 0 0 8 0 7 0 0 0 0 0 0 0 0 0 0 0 4 0 6 0 0 3 0.587423049465718 
0 0 0 8 0 0 2 0 0 0 8 0 0 0 0 0 8 4 0 7 0 0 0 12 0 0 0 0 0 0 0 0 5 0 0 1 2 0.7585996694380697 
0 8 0 0 11 4 4 0 0 4 0 0 0 0 0 0 11 0 0 0 0 12 0 0 0 0 0 12 0 0 0 0 2 0 0 0 0 0.7975761787110572 
0 0 0 0 0 12 12 0 0 0 0 0 0 0 0 0 12 8 0 7 0 0 0 7 0 0 12 7 8 1 0 0 0 0 0 0 3 0.1529023755891712 
0 1 0 0 0 0 0 0 0 0 0 0 13 0 0 12 0 0 0 0 5 0 8 11 0 2 0 4 0 4 8 0 0 0 0 0 2 0.6545828117426354 
7 8 0 0 0 0 0 0 0 0 0 4 2 0 0 0 7 8 8 0 0 0 0 0 0 0 0 0 0 8 5 4 0 4 0 4 0 0.8826664247598377 
0 0 0 0 0 0 0 5 0 1 0 0 0 4 0 0 0 0 0 2 0 3 0 0 0 0 0 0 0 0 0 0 1 0 0 0 1 0.973774003048371 
0 0 12 0 0 0 3 0 0 0 0 0 0 0 0 0 0 0 0 0 0 0 7 0 0 0 0 0 0 0 1 0 0 4 0 0 5 0.0796803792649523 
0 0 0 0 0 0 0 0 0 0 0 0 0 0 0 0 11 0 0 11 0 0 0 0 0 6 0 0 0 0 0 0 0 0 2 0 4 0.6272986085503593 
0 0 0 0 0 0 0 0 0 0 0 2 0 11 0 0 11 0 0 0 0 0 0 0 0 6 0 0 0 0 0 0 0 0 2 0 1 0.5333501259322821 
1 11 0 0 7 0 0 0 0 1 0 0 0 4 0 0 0 11 0 0 0 0 0 0 0 0 0 0 0 0 0 0 0 11 0 0 4 0.7205640868244738 
0 0 0 0 0 0 0 0 0 13 8 2 13 0 0 0 0 0 0 0 0 13 8 11 5 0 0 0 0 13 0 7 0 0 0 0 2 0.6931025982063326 
0 0 1 0 1 0 0 0 0 0 0 0 0 10 8 0 0 0 0 0 0 0 4 0 0 0 0 0 0 0 0 0 0 0 0 0 1 0.9862600955825693 
0 13 13 4 4 0 0 0 0 0 0 0 8 0 0 8 0 0 0 0 1 0 0 4 4 0 0 12 1 2 2 0 0 4 0 4 0 0.806034683147058 
0 0 0 0 0 0 0 5 0 1 0 0 0 4 0 0 0 11 0 0 0 0 0 0 0 0 0 0 0 0 0 0 1 0 0 0 1 0.9268854195220149 
2 0 4 0 0 0 0 0 0 0 0 0 0 4 0 0 0 12 0 1 0 7 0 11 0 0 0 0 0 0 0 3 0 0 11 0 5 0.76556681098107 
0 0 0 8 2 0 8 0 0 0 8 0 0 0 4 0 0 4 0 7 0 0 0 12 0 0 0 0 0 0 0 0 5 0 0 7 2 0.7786976886463812 
0 0 0 0 0 0 8 0 0 0 0 1 0 0 0 0 0 12 0 0 0 0 11 0 4 0 0 0 0 1 0 0 0 4 0 0 5 0.1786655484442612 
0 11 4 0 7 0 0 0 0 1 0 0 0 4 0 0 0 11 0 0 0 0 0 0 0 0 0 0 0 0 0 0 0 0 0 0 4 0.4340999579529956 
8 0 0 0 0 0 0 0 0 5 7 0 0 0 0 0 0 0 0 2 0 0 13 0 0 0 0 0 0 0 0 0 0 0 4 8 2 0.5121154629734523 
0 0 0 0 8 12 0 0 0 0 0 0 0 0 0 0 0 8 0 7 8 4 12 0 0 0 0 0 8 1 0 0 0 0 0 0 3 0.051360096302078384 
0 0 0 7 0 0 0 0 1 0 0 7 1 4 0 0 0 0 0 0 1 0 0 0 0 4 0 0 1 0 0 0 3 0 0 0 0 0.4084118529152003 
2 0 1 0 0 0 0 0 0 0 0 0 0 4 0 0 0 12 0 1 0 7 0 11 0 0 0 0 0 0 0 3 0 0 11 0 5 0.8307925811659692 
