---
12.692108444137453 38.0 36
0 0 0 0 0 0 0 0 0 0 0 4 1 6 0 0 0 0 8 0 0 0 0 0 0 0 0 0 0 0 0 0 1 0 4 0 1 0.9554245076094476 
0 0 0 0 0 0 11 0 7 0 11 0 0 0 3 11 7 0 11 0 7 0 0 0 0 7 11 0 0 0 0 0 0 0 0 0 5 0.6691852944282891 
0 0 4 0 0 0 0 2 0 0 0 4 0 0 8 1 0 0 0 0 1 2 0 12 7 0 0 4 0 0 4 0 1 0 0 12 0 0.7792288259211534 
0 7 0 0 0 1 0 0 0 0 1 0 11 0 0 0 0 0 0 0 0 11 0 0 0 0 0 0 0 0 0 0 0 11 0 0 4 0.7511399011860862 
12 0 0 1 0 0 13 0 0 0 0 0 0 4 0 0 0 0 9 0 0 0 2 12 0 2 0 0 0 0 0 0 1 0 0 0 0 0.9647893653580826 
0 0 0 0 0 0 0 0 0 2 0 0 0 0 12 12 9 0 0 0 1 0 0 0 0 0 8 0 4 0 0 0 0 0 0 0 2 0.8632111849860598 
0 0 0 11 0 0 7 0 0 7 11 11 0 0 0 11 0 8 0 11 0 12 7 0 0 0 1 0 0 0 0 0 0 0 0 0 5 0.8435403560158332 
2 0 0 0 0 0 5 0 0 0 0 0 0 8 0 0 0 0 4 0 8 0 0 0 13 8 0 0 0 8 4 7 5 0 4 4 2 0.7504724482733462 
4 0 0 7 0 0 0 0 0 2 0 0 0 0 4 11 9 0 0 0 0 0 0 0 0 0 0 0 0 0 0 0 0 0 0 0 2 0.8384515517286351 
0 0 0 11 0 0 0 0 4 7 11 11 0 0 0 11 0 8 0 11 0 12 7 0 0 0 4 0 0 0 0 0 0 0 0 0 5 0.7684939885738048 
0 0 2 12 0 0 0 2 0 0 0 8 0 0 2 0 0 9 0 12 0 0 0 0 7 5 0 0 0 0 0 0 0 4 0 0 0 0.9803830485553078 
0 0 0 7 2 2 5 0 0 0 0 0 2 0 0 0 0 0 0 0 0 14 0 0 0 8 0 0 0 0 0 0 5 0 0 1 2 0.9411849912168908 
0 0 0 0 0 12 0 0 0 0 0 0 3 4 7 0 1 0 0 0 11 0 4 0 0 0 4 0 0 0 0 0 0 0 0 0 0 0.4368346917607673 
0 0 0 4 0 0 0 11 0 7 0 0 0 0 0 11 0 2 0 0 0 12 0 0 4 0 1 0 0 0 0 11 0 0 0 0 5 0.6741511167258509 
0 0 0 0 0 0 0 0 0 12 0 0 12 0 0 7 12 13 0 7 0 0 0 0 0 0 0 0 0 12 0 0 0 0 0 0 3 0.15483054242704752 
0 0 0 0 0 12 0 4 0 4 0 0 0 2 2 0 0 0 0 0 11 0 4 12 1 0 0 0 0 4 0 0 1 0 0 0 0 0.7851015540539634 
0 8 0 0 0 0 0 0 0 0 0 0 0 0 0 0 0 7 0 0 0 8 0 0 0 0 0 11 0 0 11 4 0 0 1 0 5 0.604403063853518 
0 0 0 0 12 12 0 0 0 2 0 7 0 0 12 0 8 0 0 0 0 0 12 0 0 0 0 0 0 0 0 0 4 4 0 11 3 0.16171604681628793 
0 0 0 0 0 7 0 0 0 0 0 0 0 0 0 0 1 0 0 0 0 6 4 13 0 0 0 0 0 0 0 0 0 0 0 0 1 0.9992910430291753 
0 7 1 0 0 0 0 0 0 0 0 0 0 0 0 0 0 0 0 0 0 11 7 0 0 0 0 0 0 0 4 0 0 0 0 0 4 0.18656901658683123 
0 0 0 0 0 0 0 4 0 4 0 0 0 2 2 0 0 0 0 0 1 0 0 12 1 0 0 4 0 4 2 0 1 0 0 7 0 0.584285135882242 
0 1 11 3 0 0 0 0 0 0 0 4 0 0 0 0 0 0 1 0 8 0 0 0 0 0 0 0 0 12 0 0 0 0 0 0 5 0.6140438465416103 
0 0 0 11 0 0 0 0 0 7 11 11 0 0 0 11 0 8 0 11 0 1 0 0 0 0 1 0 0 0 0 0 0 0 0 0 5 0.8304216630353343 
0 0 0 0 0 0 0 0 0 0 0 0 0 0 0 11 0 0 0 0 0 0 0 7 0 0 0 0 0 6 0 0 0 0 0 0 4 0.7599255101973811 
0 0 0 12 0 2 5 0 0 0 0 0 2 5 2 0 9 0 0 0 0 0 0 0 0 8 0 4 0 8 0 4 5 0 0 1 2 0.9453422677666117 
0 0 0 0 0 0 4 0 0 0 0 0 0 12 12 12 0 2 0 0 4 0 8 0 13 5 8 0 2 0 0 2 0 0 0 0 2 0.5936544540716163 
0 7 1 0 0 0 0 0 4 0 0 0 11 0 0 0 0 0 0 0 0 0 7 0 0 0 0 12 0 0 0 0 0 0 0 0 4 0.24256727479506068 
0 0 0 0 0 0 0 0 0 7 0 11 0 0 0 11 4 8 0 0 0 0 7 0 0 0 0 0 8 4 0 0 0 7 7 0 5 0.688139231611617 
12 0 0 0 0 0 0 0 0 0 0 0 0 4 0 0 0 0 0 0 0 0 0 0 0 0 0 0 0 10 0 13 1 0 0 0 1 0.9630798749853692 
0 0 0 0 0 0 0 12 0 0 0 8 0 0 8 0 0 0 0 12 0 0 0 0 7 11 0 4 0 0 0 0 0 4 0 0 4 0.22393610939989395 
0 0 0 0 0 0 0 0 0 0 0 0 8 4 0 0 0 0 0 0 0 13 0 0 0 0 11 0 0 0 0 0 0 0 12 0 3 0.02958542566342115 
0 0 0 0 0 0 11 0 0 2 0 0 0 0 4 1 4 0 0 0 0 0 0 0 0 0 0 0 8 4 0 1 0 7 7 0 5 0.625706986179854 
0 8 0 0 0 0 0 0 0 0 0 0 0 0 0 0 0 0 0 0 0 0 0 0 0 10 0 0 0 0 0 0 8 0 0 0 2 0.2703157620041756 
0 0 0 0 0 0 0 0 0 0 0 0 0 0 0 11 0 0 0 0 0 0 0 0 7 0 0 4 0 3 0 0 0 0 0 13 1 0.655323966220375 
0 0 11 0 0 0 0 0 0 0 0 4 0 6 0 0 0 0 1 0 0 0 0 0 0 0 0 0 0 0 7 0 1 0 0 0 4 0.8158976406010586 
0 0 0 9 0 0 0 0 0 0 0 7 0 0 0 4 0 0 0 0 0 0 0 0 4 0 0 0 7 0 0 0 0 0 0 0 5 0.2485563836381548 
0 0 0 1 0 1 0 0 0 0 0 0 0 0 0 0 0 0 0 0 0 0 0 0 0 0 0 0 0 0 7 0 0 0 0 0 5 0.006884683723768825 
0 0 0 0 0 0 11 0 7 0 0 0 0 0 3 1 4 0 0 0 7 0 0 0 0 0 0 0 8 0 0 1 0 7 0 0 5 0.8025661426838666 
