0 0 14.147645486325313 13.592432654739872 13.592432654739872 15.402015216944273 15.402015216944273 15.402015216944273 29.36458975940777 29.36458975940777 29.344026321200907
0 1 13.695249845774212 13.016656384947565 13.016656384947565 13.592432654739872 13.674686407567346 13.674686407567346 29.344026321200907 29.344026321200907 29.344026321200907
0 2 14.044828295290973 13.962574542463498 13.962574542463498 15.360888340530538 15.360888340530538 15.360888340530538 29.344026321200907 29.344026321200907 29.344026321200907
0 3 13.448488587291795 12.543697306189594 12.543697306189594 13.448488587291795 13.448488587291795 13.448488587291795 29.344026321200907 29.344026321200907 29.344026321200907
0 4 13.157894736842104 13.096217105263158 13.096217105263158 13.630756578947366 13.630756578947366 13.630756578947366 29.35855263157895 29.35855263157895 29.35855263157895
0 5 13.939144736842104 13.219572368421053 13.219572368421053 13.898026315789474 13.898026315789474 13.918585526315788 29.35855263157895 29.35855263157895 29.35855263157895
0 6 13.322368421052634 12.870065789473683 12.870065789473683 13.589638157894738 13.589638157894738 13.589638157894738 29.35855263157895 29.35855263157895 29.35855263157895
0 7 12.582236842105262 12.705592105263158 12.705592105263158 13.178453947368421 13.157894736842104 13.260690789473683 29.35855263157895 29.35855263157895 29.35855263157895
0 8 13.219572368421053 13.548519736842104 13.445723684210526 13.610197368421053 13.589638157894738 13.589638157894738 29.337993421052634 29.337993421052634 29.337993421052634
0 9 13.733552631578947 12.890625 12.890625 14.288651315789474 14.247532894736842 14.288651315789474 29.337993421052634 29.337993421052634 29.337993421052634
