---
14.723421756117622 48.0 5
8 2 4 8 7 0 0.565865165393397 
7 7 8 1 14 0 0.04175150071120581 
8 2 4 8 7 0 0.565865165393397 
12 1 13 4 0 1 0.18347627972318192 
12 11 12 2 11 0 0.10751619617907293 
4 7 5 1 4 0 0.07223931261698002 
4 7 13 4 10 1 0.2908958508835988 
11 13 0 7 8 0 0.7681671245796704 
13 1 4 7 3 0 0.9901701860135317 
4 7 13 4 4 1 0.17307270874097247 
4 7 13 4 4 1 0.17307270874097247 
11 3 7 1 7 0 0.20951857520513184 
11 7 13 2 11 0 0.19052142093177404 
11 2 11 3 0 0 0.887839518917556 
12 1 13 4 0 1 0.18347627972318192 
4 7 10 8 4 1 0.7670876283316945 
13 1 4 7 3 0 0.9901701860135317 
12 1 13 4 0 1 0.18347627972318192 
1 6 1 0 1 0 0.4873176132131416 
3 7 8 8 1 1 0.16693594588654492 
1 6 1 0 1 0 0.4873176132131416 
12 0 8 8 1 1 0.1660989895252052 
8 2 4 8 7 0 0.565865165393397 
11 2 13 4 0 0 0.20905108594081923 
11 6 13 12 7 1 0.7286406854161789 
1 4 13 4 1 0 0.14204432386990495 
7 5 7 3 1 0 0.980065757521329 
11 2 11 3 0 0 0.887839518917556 
1 4 13 4 1 0 0.14204432386990495 
7 7 5 14 10 1 0.619825224171459 
1 4 13 4 1 0 0.14204432386990495 
11 7 13 2 11 0 0.19052142093177404 
7 8 8 8 8 1 0.4658262486211703 
13 7 4 11 7 0 0.9896027134135921 
12 7 8 8 1 1 0.2727230445863078 
4 13 13 7 8 0 0.3946750816033262 
11 3 7 1 7 0 0.20951857520513184 
4 7 13 4 4 1 0.17307270874097247 
1 6 1 0 1 0 0.4873176132131416 
13 7 8 8 1 0 0.9188894876198335 
11 8 12 12 6 0 0.511335124814633 
1 6 1 12 12 0 0.43447274795819757 
11 2 1 3 7 0 0.7990233409504961 
11 13 0 7 8 0 0.7681671245796704 
12 7 14 8 1 1 0.21037371649878933 
7 2 8 8 3 1 0.010624749788206156 
1 6 1 0 1 0 0.4873176132131416 
1 6 1 0 11 0 0.563582821861659 
