---
14.535361842105262 50.0 5
7 12 8 14 4 1 0.22413442245208648 
2 1 10 2 2 1 0.27133491598761594 
11 12 12 8 4 1 0.17712333680875314 
2 11 7 2 2 0 0.5304949110438001 
11 12 12 8 4 1 0.17712333680875314 
7 12 8 14 4 1 0.22413442245208648 
1 2 12 4 8 1 0.054067909969985894 
7 7 12 12 6 1 0.20690401143143333 
12 3 8 4 8 1 0.49245299989309776 
1 12 12 13 12 1 0.49829445955691387 
4 8 5 13 1 1 0.3808412877330971 
12 10 13 0 1 0 1.0 
12 7 13 12 7 1 0.11135994922004921 
11 12 7 8 8 1 0.3311627013126217 
13 8 7 7 11 0 0.9444421143735271 
2 2 2 2 2 0 0.2558262943727002 
4 8 13 2 2 1 0.022090133629067532 
1 11 11 8 3 0 0.2453674437490423 
11 7 12 2 2 1 0.09988672881293637 
12 10 7 6 1 1 0.4002644608563768 
4 3 5 4 8 1 0.5482347299296468 
11 12 4 8 1 1 0.07159919700701267 
11 1 5 2 7 0 0.2960037794435959 
2 7 12 2 2 0 0.21560515573957217 
6 0 7 3 7 0 0.5886078824433256 
6 0 7 3 7 0 0.5886078824433256 
11 7 12 12 6 1 0.27258091208298363 
7 3 13 1 2 1 0.13527603399699695 
1 8 7 7 13 0 0.8509156416256001 
12 11 2 12 12 1 0.24189894468141282 
2 1 7 2 2 0 0.6207010749114639 
6 0 7 3 7 0 0.5886078824433256 
11 8 8 7 3 0 0.6849306671698505 
12 2 13 9 1 1 0.2970528532002903 
12 11 2 8 8 1 0.4706293854957566 
0 10 11 9 3 1 1.0 
4 7 2 1 10 1 0.16032967133346143 
7 12 8 14 4 1 0.22413442245208648 
2 10 7 6 8 1 1.0 
11 12 0 2 2 0 0.08857938849078062 
12 0 13 12 1 1 0.0978566730751731 
12 7 13 2 2 1 0.341136577511445 
4 8 5 13 1 1 0.3808412877330971 
3 7 12 6 6 0 0.4544260916187113 
12 11 1 9 1 0 0.08155264011526353 
2 8 7 5 11 0 0.3110611600195372 
1 8 7 7 6 0 0.8956287947897533 
12 2 13 9 1 1 0.2970528532002903 
7 1 6 11 10 1 0.7515064635691951 
5 7 4 0 6 0 0.9902779161988653 
