---
14.124177631578947 33.0 5
8 2 13 4 0 1 0.09053589098557158 
11 7 7 8 7 1 0.15858615534271547 
11 7 6 6 1 1 0.6348798485730549 
12 7 8 8 1 1 0.2381084546993264 
4 11 2 10 2 0 0.2052776487202912 
7 12 2 8 7 0 0.11780235751836043 
11 12 4 5 2 1 0.29107421283212753 
12 7 13 4 1 1 0.13175697024329147 
7 1 4 8 2 1 0.1375078898077382 
11 1 13 2 11 0 0.2852266356883624 
8 1 1 2 12 0 0.7453023004916284 
2 11 7 2 4 0 0.5567831040588167 
12 7 4 8 2 1 0.2208263168539375 
8 2 1 1 8 0 0.6076590213769771 
13 4 13 7 2 0 0.8067593563434514 
11 12 11 13 1 1 0.4136490801314052 
11 1 4 7 2 0 0.33601196839418357 
7 7 4 7 8 1 0.17984885652856286 
8 1 1 8 4 0 0.565256530159649 
7 4 4 13 12 1 0.24419448698340895 
2 4 4 8 8 1 0.2016887179855451 
7 12 2 9 10 1 0.20582875815334 
8 2 13 4 0 1 0.09053589098557158 
4 11 7 4 2 0 0.40914329492434987 
11 2 3 11 2 0 0.8317949038146595 
3 8 11 12 11 0 0.9172660771573851 
11 1 6 2 11 0 0.4454615502863497 
7 4 12 8 2 1 0.10765565413898659 
12 2 6 6 1 0 0.5908031178944211 
7 11 8 12 2 1 0.31276054601285086 
12 2 13 13 1 1 0.40013352409765535 
7 12 2 8 11 0 0.13353078036261312 
11 1 7 7 2 0 0.49125527885330333 
