---
14.53835081225581 40.0 5
14 12 7 1 2 0 1.0 
11 7 12 8 4 1 0.2507477449294634 
1 11 7 7 2 0 0.5813930476721517 
2 3 12 1 4 0 0.5307812163272705 
4 4 13 4 8 1 0.5078503906386415 
11 8 2 11 12 0 0.7282879312935316 
3 12 2 3 2 0 0.5673412481356525 
2 2 7 1 6 0 0.7437980899079464 
3 8 3 1 4 0 0.9474315384203402 
7 9 7 1 2 0 0.9417962091645122 
3 4 4 12 4 0 0.18824875110125472 
11 7 2 2 11 0 0.1549151040237957 
7 11 8 4 1 1 0.11029428748448611 
4 7 13 13 8 1 0.5672147852103766 
4 7 2 2 1 0 0.09811243867442965 
7 4 2 4 8 1 0.2628901902307419 
4 8 13 13 7 1 0.3150684405173705 
7 7 2 4 10 1 0.1663719714344032 
4 4 13 4 2 1 0.09704477107959875 
7 12 7 11 6 0 0.8212079133919097 
11 7 13 13 7 0 0.17959299427654762 
3 2 13 4 3 0 0.37841058126007976 
3 12 5 12 7 0 0.4473709541137504 
5 7 13 1 4 0 0.7705296168913389 
12 7 8 2 12 1 0.26240785005490386 
3 7 13 12 11 0 0.2737466029857769 
7 12 2 13 10 1 0.2877532540201666 
7 12 2 5 3 1 0.18289430349775126 
4 3 4 8 13 1 0.36735883031699545 
11 7 12 2 4 1 0.13736415356804454 
4 4 13 13 3 1 0.1438362061573215 
1 7 8 7 8 1 0.3217098647565422 
11 12 11 8 10 1 0.24570193085072933 
7 3 11 6 10 1 0.6361902374947994 
11 11 4 8 4 1 0.1834044443301599 
1 12 8 5 4 1 0.24183664932727478 
3 4 7 12 6 0 0.33428215835315234 
4 4 8 6 12 0 0.20785999895631568 
3 1 5 3 2 0 0.40024703355739755 
1 12 7 1 2 0 0.6912767442713548 
