---
0 17.725683734320377 17.0 5 
12 12 4 5 1 1 0.19626560698760476
12 2 13 4 0 1 0.05181104611883325
11 2 2 4 4 0 0.2563531518659701
7 4 8 1 10 1 0.2602750180936728
7 11 12 12 7 1 0.30802758006952424
3 12 4 7 7 0 0.6616108703755705
11 13 7 2 7 0 0.9053218234000373
7 11 8 5 11 0 0.05147056762392732
7 12 14 0 8 1 0.2819056650546543
8 2 7 2 1 0 0.9200368941733821
12 2 7 11 13 0 0.8632970673793332
12 2 13 0 8 1 0.6094425559929213
5 0 7 2 4 0 0.9955340166213718
1 7 7 2 2 0 0.22630660775899591
3 1 11 9 11 1 0.34919532963286115
3 12 2 1 7 0 0.5408787314562546
7 12 8 0 8 1 0.45203849886479697
---
1 18.445404071560763 29.0 5 
0 11 5 3 8 1 0.49858904319793207
2 8 1 12 6 0 0.6599457384418022
7 2 5 13 8 1 0.47631504163557836
11 6 13 1 11 1 0.729182703589289
11 11 13 13 12 0 0.259485877105627
11 7 2 13 3 0 0.014526393889213951
4 6 4 1 1 0 0.49430518117809275
3 2 8 5 2 1 0.21940040887253454
7 12 5 13 11 0 0.10583728531470604
4 6 4 1 1 0 0.49430518117809275
11 11 8 7 4 0 0.04396498077024069
12 7 9 7 7 0 0.3399852034183204
11 11 12 1 1 1 0.030098859580820037
12 7 8 5 12 1 0.34438038979665175
2 11 1 11 2 0 0.8332068553963381
12 11 13 7 4 1 0.1774933504495979
4 14 1 2 4 0 0.8684876548304686
4 2 14 1 4 0 0.5184019741202308
11 11 11 9 0 0 0.8598713556085648
12 11 13 7 4 1 0.1774933504495979
11 10 1 13 13 1 1.0
7 2 7 4 10 1 0.2354601485881369
1 8 8 13 11 1 0.1625489286935935
4 13 1 2 4 0 0.7888466661788922
7 12 5 13 11 0 0.10583728531470604
3 10 1 11 7 1 1.0
4 13 1 2 4 0 0.7888466661788922
12 7 9 7 7 0 0.3399852034183204
11 11 11 9 0 0 0.8598713556085648
---
2 16.94427308245939 30.0 5 
11 12 9 1 1 0 0.709092272817835
2 11 12 7 7 0 0.8898506209043999
12 11 8 0 1 1 0.1470159096625907
7 7 12 8 11 1 0.19151060365856032
2 1 11 2 1 0 0.8523168856588477
5 4 7 1 1 0 0.9851890133541722
2 9 7 4 4 0 0.9529565408925693
7 11 8 12 7 1 0.11658133386382552
8 4 13 12 1 1 0.39632893381061773
1 1 4 2 1 0 0.1379918063903811
4 11 8 4 12 1 0.20850116114989037
12 11 8 0 4 1 0.2439290564598764
1 4 5 1 7 0 0.5423938353843198
1 1 12 5 12 1 0.5563465209384053
12 2 8 13 4 1 0.4251287324217663
11 1 1 1 13 1 0.0957472834231543
2 11 7 4 1 0 0.7541461982762834
11 11 12 11 9 0 0.5218866658290053
3 12 8 7 7 0 0.6983472650201017
1 7 7 13 1 1 0.36017502677075175
1 7 11 10 11 1 0.7374456252710135
2 7 1 2 11 0 0.5520115177239602
8 8 7 4 1 0 0.8498959529633705
8 2 8 7 0 0 0.41251762388923296
4 2 9 7 3 0 0.4714629471819034
8 4 7 1 12 0 0.9265759223896806
12 1 8 0 8 1 0.5225556516732826
1 1 7 2 1 0 0.3502421840295684
7 11 7 8 9 0 0.5774258186389654
1 0 8 8 2 1 0.3068098934422143
---
3 19.782027555007197 10.0 5 
12 4 4 2 10 1 0.4220093854161525
7 1 12 11 11 0 0.6658952770139679
8 7 7 7 2 0 0.9848111796542822
2 4 11 1 2 0 0.9378504728854615
8 2 4 6 1 0 0.3571849211242949
12 1 5 2 2 1 0.279786963043295
12 4 5 2 10 1 0.5430877803507745
3 4 9 2 7 0 0.4471273938082023
1 7 7 13 3 1 0.41212509765056327
1 4 4 8 1 1 0.015283548851750206
---
4 18.178079374871476 20.0 5 
11 2 8 1 11 0 0.5342032707059976
1 1 1 1 2 0 0.3842849233068779
7 11 4 0 8 1 0.4052281946823264
1 4 11 13 1 1 0.12270111990486687
11 1 8 1 11 0 0.4445984246144241
8 7 5 2 2 1 0.4098360854223744
4 11 4 4 4 0 0.14158283958561013
7 7 8 2 10 1 0.188142801535355
7 2 3 13 7 1 0.17989224682721794
2 7 13 8 1 1 0.26367599581468526
7 7 4 8 1 1 0.1529713446626615
12 4 13 2 1 1 0.14343177653203387
4 11 12 1 4 0 0.2861907913949683
7 11 4 8 1 1 0.18133035863134128
1 3 4 7 1 0 0.5155423937894048
1 1 4 2 1 0 0.20266084499912806
7 12 13 2 1 0 0.07724613167927985
7 11 1 1 7 0 0.16287097374441295
11 7 2 2 11 0 0.19910616990732888
11 11 11 6 7 1 0.4240039669198037
---
5 19.432449105490438 12.0 5 
7 11 4 12 11 1 0.12390483097474325
7 4 4 5 4 1 0.20447608586246258
7 7 7 8 3 1 0.19303794010683029
7 11 13 12 3 1 0.33712410183670727
12 7 4 8 8 1 0.5992088281882868
12 7 13 8 0 1 0.455153684530607
4 7 7 2 4 0 0.4193938417323232
7 9 5 0 7 0 0.4903633094514954
8 12 13 0 3 1 0.3753591051016951
0 7 13 0 13 1 0.8536094821504789
7 7 5 0 7 0 0.38022631871470214
8 1 1 2 4 0 0.7549162069440374
---
6 17.622866543286037 12.0 5 
2 11 7 1 2 0 0.6380942248259688
3 0 8 4 7 0 0.2550439128623281
7 11 4 4 4 1 0.1880123489350456
11 7 7 13 7 1 0.28234185507045617
12 7 13 2 1 1 0.21944533015922563
11 7 7 7 7 0 0.17915182749995862
7 4 4 8 12 1 0.1488240661996585
12 2 13 13 1 1 0.4118425685881837
1 11 4 2 11 0 0.08167692050006448
11 10 12 3 7 1 0.9934900771865653
1 7 3 10 4 1 0.8476832556451793
2 2 7 1 2 0 0.8069108185188889
