---
0 17.04709027349373 29.0 5 
13 7 13 4 7 0 0.7305362983504589
1 4 4 13 3 1 0.10179250773689175
4 4 13 1 13 1 0.8964191611610306
8 7 13 4 1 1 0.24828754474818449
2 7 11 7 1 0 0.9360836436519824
1 7 11 4 4 0 0.6468195640586152
11 7 2 2 3 0 0.09190706050168651
7 11 4 4 7 1 0.06506909555992935
7 13 2 7 8 0 0.5636958660140352
7 7 10 4 11 1 0.647440656967974
11 5 2 2 11 0 0.7676375368277422
7 11 13 2 1 0 0.0723775440010741
4 7 12 13 11 1 0.0817025939806264
11 5 2 4 4 0 0.6716359831785466
1 6 7 10 11 1 0.5446050037707462
7 11 5 4 7 0 0.09653177975778249
8 11 7 0 7 0 0.9748743128948232
8 7 13 8 11 1 0.5003881782632789
8 7 13 4 4 1 0.3315913031880837
8 2 13 4 4 1 0.17280565966684203
12 4 8 8 1 1 0.08615967914178002
11 7 12 2 11 1 0.06924729959583087
8 1 7 0 2 0 0.9108308123876272
8 4 4 13 1 0 0.2866327864794209
3 4 4 5 7 1 0.17802508529918137
12 4 12 6 2 0 0.189905787787098
8 1 7 0 2 0 0.9108308123876272
8 2 7 0 13 0 0.7747467503025085
11 7 2 2 11 0 0.13479095692758247
---
1 17.869627801768456 10.0 5 
1 7 7 7 4 0 0.7391704070671063
7 7 4 8 4 1 0.24577226080808545
4 7 8 8 1 1 0.30114883338180687
11 12 13 1 11 0 0.6141061766049944
12 7 13 4 4 1 0.3935343523426118
12 1 13 4 1 1 0.21744414809605828
7 9 13 1 3 0 0.6388557413643823
2 1 1 2 1 0 0.4916056744948083
4 7 1 2 7 0 0.39375370380540753
1 4 8 8 3 1 0.16024867674984167
---
2 16.594694632942627 25.0 5 
2 2 7 3 7 0 0.9486699556666736
7 7 8 2 2 1 0.2402029200068918
7 2 5 4 7 0 0.3447575714160267
13 3 0 0 7 0 0.9999747428671001
12 11 13 0 2 1 0.44096761659250605
12 4 13 0 10 1 0.3543802949576871
2 2 5 3 11 0 0.540484335996974
3 8 1 12 12 0 0.6270819790464074
3 7 7 8 3 1 0.24837640216829748
12 4 13 0 2 1 0.15421658807239713
6 3 0 0 7 0 0.46581348868676375
7 11 12 14 11 0 0.27218153652757504
7 1 8 5 4 1 0.21828484235250345
11 1 13 2 7 0 0.1810271984225914
2 4 7 3 5 0 0.6208791804634941
1 1 1 2 2 0 0.19084827032992435
12 0 7 9 11 0 0.305513428654804
11 4 12 5 3 1 0.10600862692029844
11 4 6 5 3 0 0.6227239981370625
7 11 12 7 9 0 0.260564241950916
12 5 13 13 0 1 0.48454299343888585
11 2 10 11 10 1 0.7046957212716956
3 7 7 8 14 0 0.717521390856007
1 3 4 2 7 0 0.11734032397672611
12 2 1 13 13 1 0.6621229342937959
---
3 18.075262183837136 27.0 5 
7 7 5 11 10 1 0.3400793176312602
11 2 2 4 1 0 0.3296865883143181
11 10 2 4 1 0 0.45536771902774664
11 7 2 12 11 0 0.20257858986348243
7 7 14 12 11 0 0.7431993440084199
1 4 5 4 4 0 0.11365578272315946
7 7 8 13 1 1 0.2079262358060786
7 7 5 11 10 1 0.3400793176312602
8 7 7 4 11 0 0.9777828047610322
7 7 8 8 1 1 0.19741719563075533
7 3 0 7 9 0 0.6348830856808536
12 8 13 8 1 1 0.22008769326841282
7 7 5 11 10 1 0.3400793176312602
1 1 1 2 1 0 0.2726386838638708
8 9 7 8 11 0 0.8080540508588092
11 2 2 4 1 0 0.3296865883143181
12 1 13 8 11 1 0.30086625301686176
7 7 8 8 1 1 0.19741719563075533
1 11 4 2 7 0 0.13936595825703768
7 3 5 7 8 1 0.43859197044691567
1 12 14 6 6 0 0.5354271928663732
7 4 8 5 7 1 0.12275217378103154
4 2 7 10 1 1 0.26275161421661264
7 2 12 8 2 1 0.1727939112577177
4 4 8 8 11 1 0.05606918482216838
3 3 4 4 8 1 0.3956114136815597
8 8 13 4 1 1 0.11353273232270322
---
4 17.766810610734115 13.0 5 
1 1 0 1 2 0 0.2815173005007716
1 7 4 8 1 1 0.11948430375669106
1 2 0 11 2 0 0.6778619190591891
1 2 13 1 1 0 0.32938231556382713
7 7 8 1 8 1 0.518799540993244
4 7 11 4 0 0 0.7721769335021702
11 1 5 2 7 0 0.3810498995953555
11 11 13 13 7 0 0.39565679093296
4 0 11 2 0 0 0.840593967628424
4 7 12 13 1 1 0.2212846121802028
7 12 13 5 0 1 0.27919719540544086
8 1 4 13 7 0 0.31982421689542995
1 2 1 4 2 0 0.5429126679360323
---
5 16.800329015011307 19.0 5 
8 12 7 2 4 0 0.9042476433569471
11 2 1 7 2 0 0.6582864049696431
11 7 5 2 7 0 0.30252058831484163
1 4 8 4 8 1 0.38582121077631737
1 13 2 7 2 0 0.706538578114196
12 0 8 8 4 1 0.17381465016486541
1 7 8 8 4 1 0.14045911158709168
4 11 12 2 1 0 0.09626646660115945
2 2 8 2 11 0 0.2753293950493314
7 1 2 8 10 1 0.3231820450443653
7 8 4 13 1 1 0.2514057627250956
12 1 13 2 1 1 0.17208207775224937
2 2 11 8 2 0 0.8172393926574586
2 1 7 4 8 0 0.3510993692472191
12 0 4 9 2 1 0.38501102030610335
12 3 1 12 7 0 0.3505256592008581
12 12 10 0 1 1 0.7104199823887958
7 4 11 6 3 1 0.06484377676485531
11 6 8 7 4 1 0.46557941749757736
---
6 19.370758790869832 8.0 5 
7 7 8 8 4 1 0.2234995156966122
2 14 11 7 11 0 0.9715390719651654
7 1 12 1 2 0 0.18348204359052134
11 1 1 2 7 0 0.21087922948787274
1 2 12 2 8 1 0.21896059327270834
2 4 1 2 2 0 0.45778369688624987
11 1 8 1 7 0 0.38013766167755425
4 7 2 1 8 1 0.289675362573244
