---
0 17.845394736842106 16.0 5 
2 2 3 3 11 0 0.9306538804327187
7 7 0 5 1 1 0.1953970071151414
7 4 1 2 3 0 0.2447109949094003
11 2 13 12 11 0 0.5260155100928265
4 11 3 4 7 0 0.76200593832484
11 12 12 3 2 0 0.6134022131931588
13 4 1 2 3 0 0.9856000471046975
8 4 13 4 2 1 0.30927818426403286
7 11 8 12 11 1 0.21361927864795072
1 4 13 7 13 1 0.9779190748694648
1 1 2 2 2 0 0.04350894586827869
7 4 4 8 10 1 0.33522613246053967
11 3 12 13 8 0 0.14442678112569485
7 4 13 8 10 1 0.426725210373577
4 11 8 4 6 1 0.12421429858766841
7 7 14 12 11 0 0.6420482419344454
---
1 18.030427631578945 12.0 5 
2 2 7 2 2 0 0.7257816193957564
7 4 8 8 4 1 0.13975222822176137
7 7 0 4 8 1 0.25131120515133176
1 2 2 1 2 0 0.38039041573440535
3 7 2 4 7 0 0.09544613960295378
1 8 8 7 7 0 0.5837585243127399
4 1 1 6 10 1 0.8103918158135717
11 7 13 2 7 0 0.18375145128948112
2 11 7 2 2 0 0.5043420269198224
4 2 7 11 13 0 0.8262867931122344
7 13 0 4 8 0 0.8450786480283508
7 12 8 8 4 1 0.18120563726394812
---
2 17.064144736842106 29.0 5 
12 11 8 4 4 1 0.2677948905138119
11 4 11 10 7 1 0.7604047298844778
4 12 8 13 5 1 0.6555310280031306
11 7 2 8 6 1 0.05609120248286281
11 8 8 5 6 1 0.6313777964685139
8 11 8 12 7 0 0.6474813441190375
8 7 13 9 6 1 0.848682876230632
1 2 1 11 13 0 0.5301715640547624
3 13 2 1 3 0 0.7192073145604885
12 2 8 4 4 1 0.020207125172178153
1 7 7 1 5 0 0.4845791815233371
12 7 13 1 8 1 0.6735983787974417
1 11 13 1 2 1 0.24917495286342528
11 7 5 7 8 1 0.515112869664146
1 11 12 8 7 1 0.1418339103252595
1 12 12 3 12 0 0.7293059769725732
12 11 1 11 4 0 0.6921727899192194
8 4 13 13 0 1 0.7480185943253905
1 11 6 1 13 1 0.7540929476560356
12 7 13 1 2 1 0.27014029513420534
1 11 2 2 7 0 0.15574300714511158
12 12 1 13 2 1 0.4235135314409788
3 1 2 1 3 0 0.399459619322579
8 13 8 7 11 1 0.06007110214977951
3 12 5 3 12 0 0.49596973939755706
8 4 7 13 0 0 0.25063078703638375
0 5 3 12 12 0 0.8045702575541136
3 11 4 8 7 1 0.1357004111772484
12 7 13 1 8 1 0.6735983787974417
---
3 18.729440789473685 12.0 5 
13 7 8 2 4 0 0.9715768135844586
11 12 8 4 12 0 0.17083779830706058
3 4 0 1 11 0 0.574504480159906
11 7 12 5 11 1 0.182810040141687
1 1 7 2 1 0 0.3602788678615303
4 4 5 13 11 1 0.24325206010413658
7 7 8 2 4 1 0.12891475419320808
12 1 5 4 4 1 0.09208122005644448
7 7 7 2 2 0 0.024877590933784388
7 7 4 8 3 1 0.19774705070988885
7 13 4 8 3 0 0.6785511699721269
7 4 8 8 4 1 0.12761842684339464
---
4 20.065789473684212 8.0 5 
0 13 13 8 3 1 0.2201382570881839
3 4 4 12 1 0 0.31605639355628345
7 7 12 8 3 1 0.2987465790697361
5 1 4 1 7 0 0.997232110502424
7 2 0 8 6 1 0.1846718262529321
0 4 11 7 1 0 0.9596082385859916
12 7 13 4 1 1 0.21782618053336167
11 1 5 4 11 0 0.3462221883512535
---
5 19.921875 9.0 5 
1 0 12 11 3 0 0.6726859191936152
7 11 0 4 8 1 0.5427189659455355
2 4 2 2 2 0 0.19092744538417716
11 11 12 1 1 1 0.09459146462381596
1 4 2 14 11 0 0.270633327462791
12 1 8 5 10 1 0.3266377970486707
12 7 1 4 10 1 0.2531403639649723
11 6 1 8 3 0 0.4599055123299869
1 2 2 3 7 0 0.627126138870922
---
6 18.935032894736842 15.0 5 
1 1 1 2 1 0 0.2517739782699895
4 7 13 4 7 1 0.02875608807546448
7 2 8 8 1 1 0.06433547920384663
3 3 11 6 4 1 0.5296742461730379
11 8 1 7 1 0 0.852337968802743
12 11 13 0 4 1 0.3970053936109146
7 7 8 13 1 1 0.15011433533262686
7 11 12 7 1 1 0.07980721929707868
11 4 11 1 5 0 0.5218695714948318
7 7 8 8 1 1 0.18945281225260358
11 4 13 7 1 0 0.5236402014068473
7 12 11 4 12 0 0.7993178677162938
11 1 9 4 1 0 0.39793166702478433
7 7 8 6 8 1 0.3179567997796149
12 12 7 3 7 0 0.9115459168508595
---
7 18.318256578947366 12.0 5 
4 12 2 5 3 1 0.27765563211903377
3 8 5 1 7 0 0.6737847433932607
8 4 7 2 2 0 0.860552229588245
4 7 2 2 8 1 0.48121299052866795
2 1 7 2 2 0 0.6006312797721662
3 8 4 1 7 0 0.7453585301522416
4 11 2 2 7 0 0.16747028600400538
4 4 8 8 2 1 0.26824420925060255
8 12 13 1 1 1 0.34890707981289637
0 1 2 2 4 0 0.14917528135477598
2 1 7 3 4 0 0.9407011781451898
4 7 2 8 4 1 0.21658159474363936
---
8 18.030427631578945 22.0 5 
11 7 13 7 8 1 0.3727732808624522
11 11 7 8 3 1 0.20918375592417626
7 8 8 3 4 0 0.7543480978288715
7 0 2 2 4 0 0.11924772243181225
2 2 4 2 6 0 0.24127415390086915
7 7 14 7 1 0 0.6215206313959523
7 4 4 5 7 1 0.08595883195047316
7 6 2 3 4 1 0.3247099694004887
4 12 2 5 1 1 0.20819077120151386
7 12 4 13 12 1 0.3694844023988141
12 13 8 8 8 1 0.5185847945251154
4 5 7 0 6 0 0.7721706529923154
12 7 12 8 1 1 0.0941078087734395
7 7 2 8 12 1 0.2764953440836778
7 6 4 5 1 0 0.5412796427609912
7 3 1 10 7 1 0.33177287377976605
13 12 12 2 7 0 0.9679864077057134
4 12 4 5 8 1 0.5845512052044934
1 3 2 4 7 0 0.17253362806851835
12 7 8 8 7 1 0.1511409601797138
11 11 7 4 8 0 0.1760528636600618
7 7 5 4 8 1 0.5198760220227616
