---
0 17.948190789473685 12.0 5 
7 11 12 8 7 1 0.22682906558410276
2 1 1 7 3 0 0.8159697568727736
1 1 2 2 11 0 0.28323088818548925
4 1 2 1 2 0 0.2000969282943026
1 1 7 1 2 0 0.5461876497270362
1 7 8 1 8 1 0.42262793668819865
8 4 13 2 1 1 0.25265177881541234
7 2 13 2 7 0 0.27759260952169096
1 1 7 2 2 0 0.3587391614996289
7 12 2 5 7 1 0.25193149950782456
4 8 4 13 12 1 0.6730654019733073
12 4 13 8 1 1 0.2689027654168421
---
1 18.626644736842106 9.0 5 
1 1 2 1 2 0 0.286320294522976
11 1 6 10 4 1 1.0
12 7 8 0 0 1 0.13614395432431614
12 7 9 12 12 1 0.7404856475617693
12 4 1 3 7 0 0.8202804825851605
2 2 2 1 4 0 0.5088643462354439
11 7 4 2 3 1 0.10958084118296085
11 1 2 2 11 0 0.15299040198174607
2 12 2 1 11 0 0.5921431882253956
---
2 16.40625 20.0 5 
11 2 13 2 7 0 0.2805455773875858
11 7 1 2 2 1 0.14156662047200474
11 11 11 6 7 1 0.5444827318955934
7 11 9 13 10 1 0.25092978289709467
1 4 13 13 6 1 0.21807276785029628
7 7 4 2 4 1 0.08906503992368187
11 7 4 8 6 1 0.2217487664438751
12 1 13 4 1 1 0.11379774102043139
7 1 1 13 10 1 0.1840071346374338
7 7 4 5 2 1 0.2683060417685412
8 8 5 7 4 1 0.12108918189226126
11 11 4 1 8 1 0.36488184724975903
4 1 1 2 2 0 0.2609862740911988
11 11 1 0 8 1 0.342217341362856
11 1 8 2 11 0 0.20124144960852708
7 7 4 2 2 1 0.15536818516237139
7 4 2 5 10 1 0.22164867592731552
7 7 7 2 3 0 0.1493920819710699
12 8 13 8 1 1 0.14550450975754103
1 1 7 7 2 0 0.7361996408833738
---
3 19.654605263157894 11.0 5 
2 1 1 13 1 1 0.018111185285027975
2 1 1 7 1 0 0.8189586376806034
1 2 2 1 11 0 0.5988611388270362
1 3 4 13 11 0 0.1805974032346871
7 12 1 2 10 1 0.31211863321264244
7 7 8 4 10 1 0.29825681218355626
11 7 2 13 11 0 0.1253095990128974
1 2 2 1 1 0 0.4819429085752176
7 7 5 2 13 1 0.8519540207290048
7 12 8 8 10 1 0.34269836847400126
7 7 8 4 12 1 0.3209471460536264
---
4 20.949835526315788 8.0 5 
11 1 0 1 8 1 0.3160853586315142
7 7 8 8 2 1 0.3023508049996848
1 1 2 2 0 0 0.09297403977814489
11 7 8 2 7 0 0.14773706389884778
3 4 12 11 2 0 0.716302422289152
1 0 2 4 10 1 0.27673048710285686
1 0 2 6 2 0 0.37947626936600365
1 0 2 4 2 0 0.20928992170477478
---
5 18.030427631578945 24.0 5 
8 12 7 7 8 0 0.8402421569112082
7 7 4 2 8 1 0.4436138310571902
11 2 1 0 2 0 0.3689357198891412
7 12 2 4 2 0 0.16173866578723195
7 12 7 7 2 0 0.7467685044300476
4 12 4 13 10 1 0.303933326989307
7 12 7 4 2 0 0.5109468738555054
13 2 2 2 3 0 0.9698495603399373
4 12 8 13 1 1 0.16342770061081757
11 12 1 7 2 0 0.5105085610150503
2 4 4 8 4 0 0.1857226219931425
11 7 13 5 11 0 0.21480295663910665
8 1 13 12 1 1 0.3612511283114377
12 11 8 4 2 1 0.3384654639651512
1 7 2 4 10 1 0.1532371842660355
4 7 0 9 3 0 0.0749797766676672
11 3 12 4 1 1 0.08928158430230138
12 7 8 4 1 1 0.06469391682532533
8 12 13 12 8 1 0.7036189345195736
7 7 2 5 11 0 0.09730545444543992
2 7 5 8 11 0 0.11995638848385193
7 5 11 5 4 1 0.552952104418458
11 1 4 5 4 1 0.12920663098101848
4 4 12 2 8 1 0.2384564332027732
---
6 18.85279605263158 14.0 5 
8 1 12 2 3 0 0.7507065732423264
12 2 8 13 1 1 0.32017328277005996
4 3 5 4 13 1 0.9973659137084631
4 6 1 11 13 0 0.8657417931878244
7 7 13 5 7 0 0.10761369179952585
3 7 2 2 4 0 0.02547418752553765
4 11 2 9 10 1 0.03296313633852255
7 8 8 5 7 1 0.3002366927692204
8 7 9 3 4 1 0.28351525418401646
7 7 12 8 11 1 0.18131349337728186
7 7 7 10 1 1 0.44003801739235837
2 12 11 7 1 0 0.9152340849308103
7 3 7 7 3 0 0.5573915728240026
2 8 2 7 11 0 0.7621501061411542
---
7 18.564967105263158 13.0 5 
2 1 3 2 2 0 0.8389132737118035
11 2 8 2 1 0 0.1684925884841768
1 7 8 2 4 1 0.05369571125319128
8 1 13 8 1 1 0.5000182772509725
13 2 8 2 1 0 0.8883750599705316
7 12 8 5 3 1 0.24298356758461837
1 12 4 13 3 1 0.18468859781358837
4 11 13 4 11 1 0.056850455702454505
7 1 12 5 3 0 0.07186762168413452
7 12 11 13 1 1 0.42697846231188885
8 8 13 4 1 1 0.09838838654077708
2 1 14 4 2 0 0.12754990043690273
7 8 12 5 7 1 0.24956564421104743
---
8 19.510690789473685 14.0 5 
4 11 8 8 3 1 0.3211749047957121
11 4 13 13 6 1 0.33335960407569853
11 7 1 8 1 1 0.25815632498294505
3 1 0 11 12 0 0.3528855948690779
4 0 11 2 8 0 0.6923789790324566
11 8 13 4 8 1 0.32179679652414084
1 1 2 12 3 0 0.3285018320474028
12 7 13 4 1 1 0.18961486913321224
0 11 4 9 7 0 0.08604196052040369
11 11 6 6 7 1 0.9776234779175015
0 11 5 7 1 0 0.18799328183774344
12 0 11 0 2 0 0.8894609927425662
12 2 13 4 4 1 0.13871214134621335
11 2 13 4 1 0 0.30830597052467956
