---
0 17.989309210526315 29.0 5 
7 4 13 4 13 1 0.9297985644523318
4 4 4 5 7 1 0.08436189772557423
7 11 2 1 6 1 0.048270470674635746
12 8 4 2 5 0 0.3185932044328148
8 11 14 7 7 1 0.24519594056674632
11 11 12 13 8 0 0.18618483520397966
7 11 12 4 1 1 0.22806892195200568
4 12 8 5 1 1 0.25200566965756455
7 12 12 8 4 1 0.09305385868721006
7 4 2 4 13 1 0.39709811365903036
7 1 1 2 10 1 0.34160609035690115
8 13 13 11 11 1 0.2919191190526478
7 5 1 2 6 0 0.8319333346034645
7 1 8 9 8 1 0.33427747348598147
1 11 4 8 1 1 0.1656344457500485
8 8 13 2 11 1 0.15932030434592437
2 7 13 2 1 1 0.0019406421276005892
4 11 7 1 11 0 0.5573907058259613
1 3 3 3 3 0 0.3906438960030374
4 1 4 2 3 0 0.19066546212089075
11 10 12 1 10 1 1.0
3 4 8 2 11 0 0.24987794985152878
7 4 7 4 13 0 0.2843475380955852
7 11 12 4 11 1 0.22518024146830884
12 2 14 1 2 0 0.43355852312996834
2 12 1 1 4 0 0.7130512484302319
1 2 12 1 2 0 0.4202289901010092
7 7 1 4 10 1 0.42537854887051285
3 0 11 12 4 0 0.694993140065979
---
1 18.277138157894736 22.0 5 
0 2 7 7 2 0 0.8666269845306135
11 12 8 1 4 0 0.30131916423066873
4 7 8 1 8 1 0.4266250488451494
7 7 7 8 1 1 0.10622113419642565
8 2 7 2 1 0 0.923012107854444
2 1 8 8 11 0 0.20133595368211543
4 0 8 12 12 1 0.14913353578536825
11 0 11 2 11 0 0.6991776714477415
0 8 7 8 2 0 0.7863414301892345
12 11 13 4 7 1 0.2212340317223478
11 8 13 4 4 0 0.3151392795908661
13 0 8 1 12 0 0.7739729237153252
11 12 12 13 2 1 0.2932209116357637
4 8 8 5 7 1 0.2785700178825812
4 3 7 2 4 0 0.31379050248304097
1 7 1 12 8 1 0.1842926415164874
11 1 2 2 6 0 0.07617108461202293
12 2 13 4 4 1 0.15578632896778344
12 0 13 12 14 1 1.0
12 0 13 1 4 1 0.08676334790837203
11 3 3 3 11 1 0.8089390452148035
7 12 7 11 3 0 0.8063464880431541
---
2 19.53125 12.0 5 
7 2 9 2 11 0 0.605527409344677
3 4 1 7 7 0 0.7641674377691794
4 7 13 1 8 1 0.7126214675840638
4 4 8 8 4 1 0.18699984985679063
7 1 7 7 2 0 0.7077904799082078
7 1 1 8 1 1 0.08466245245023396
1 8 8 13 3 1 0.3726279778389091
7 11 1 14 1 0 0.28508367247429844
12 11 13 12 12 1 0.5392104746981785
0 4 13 14 1 1 0.4570123533182431
4 2 2 1 7 0 0.5573352228622085
7 7 12 8 4 1 0.3779813760118145
---
3 19.24342105263158 9.0 5 
11 12 0 7 11 0 0.7357669308270863
1 4 13 4 4 0 0.13837381941377047
7 7 4 8 1 1 0.19296750397935525
1 4 1 2 2 0 0.24626213364275995
7 1 7 2 3 0 0.26481795323008783
12 4 13 4 8 1 0.4590143599778346
1 4 8 4 8 1 0.3688392798236224
2 1 12 1 7 0 0.7081519766503983
4 3 7 12 4 0 0.6163091439158808
---
4 18.359375 13.0 5 
11 4 13 2 11 0 0.22752169790239485
11 8 8 7 2 0 0.6146667835061767
7 0 8 8 3 1 0.1736299500773275
7 12 12 13 2 1 0.3248392263239879
2 4 1 2 3 0 0.4556923068049943
11 1 13 12 11 0 0.24744784436196432
1 4 8 5 2 1 0.34430058238210326
11 8 4 1 2 0 0.6841684740847624
1 1 1 2 1 0 0.2614512354105356
11 4 10 13 11 1 0.9973417223349568
4 4 13 2 0 1 0.1281203365627368
11 8 7 2 3 0 0.7232382236958443
13 8 4 7 11 0 0.9895280524545451
---
5 19.140625 19.0 5 
8 2 13 4 4 1 0.15924834610977645
7 2 12 13 4 1 0.21695403167987415
12 7 5 2 6 1 0.19986611720664738
1 7 4 8 12 1 0.21316864417236925
7 7 8 4 8 1 0.49403306325738683
7 1 7 13 11 1 0.10692001000027385
4 3 5 4 4 1 0.24582136825772016
4 1 7 2 2 0 0.5316047384320068
7 7 1 4 8 1 0.3485591091478457
12 7 4 4 12 0 0.12112135121225043
7 7 8 4 9 1 0.7234318197540976
1 11 1 3 7 0 0.5850709020533906
1 1 7 11 2 0 0.7860446830989891
11 1 4 8 7 0 0.07639615277855794
4 5 7 2 2 0 0.8717502449188048
1 7 1 3 4 0 0.45787994494952944
7 4 8 8 1 1 0.03976461112412433
7 2 5 2 7 0 0.30680207990636954
11 4 6 13 1 1 0.5324017259997995
---
6 17.331414473684212 21.0 5 
7 1 4 8 13 1 0.30022128868339504
11 7 8 4 4 1 0.08688694821282783
11 12 5 7 7 0 0.7617717449891526
11 4 7 12 2 0 0.4227014036985586
8 1 7 2 2 0 0.9115894020123457
7 7 4 8 2 1 0.24375085147708586
7 12 8 5 11 1 0.15830661300453142
7 12 2 4 12 0 0.19095188427703258
1 12 12 9 1 1 0.1879062975295318
12 4 8 12 12 1 0.1372273701922857
7 1 11 10 7 1 0.5598691457758855
8 4 7 2 2 0 0.8911712686888642
4 7 1 4 12 0 0.2328121226746349
7 7 4 4 12 1 0.17831586534451738
7 4 10 4 6 1 0.25362298102247505
4 11 8 1 1 0 0.04250146656753562
0 11 7 14 3 0 0.2477139512127311
7 7 4 4 12 1 0.17831586534451738
1 11 4 6 4 0 0.17989043697340223
7 7 13 9 7 0 0.24867936305284688
12 4 13 4 2 1 0.27210117666321476
---
7 17.927631578947366 16.0 5 
0 2 2 13 2 1 0.34763498499635914
8 7 7 4 7 0 0.9613644584996223
12 12 13 4 1 1 0.129785895147414
1 1 11 2 2 0 0.7033770947598086
11 2 0 2 7 0 0.38761064298017067
2 7 1 2 11 0 0.5676194739474885
7 4 4 8 10 1 0.3820188748537465
2 1 11 11 4 0 0.952113197013043
12 12 13 4 10 1 0.5244782483203505
1 9 1 2 7 0 0.7724711961283528
11 12 7 2 4 0 0.21333880099869473
7 7 8 4 12 1 0.05671516008988475
7 4 4 8 12 1 0.10595582896672562
12 12 13 4 2 1 0.2361572193056578
12 4 13 8 1 1 0.3768390108953794
4 11 13 8 11 1 0.21083900328235727
---
8 17.639802631578945 17.0 5 
7 3 1 10 4 1 0.41259728382063354
2 11 8 2 11 0 0.23952316325530143
2 4 8 7 11 0 0.5700720423069936
11 3 1 10 1 1 0.4231696681699889
12 7 4 8 4 1 0.18240006881102877
2 4 8 7 3 0 0.5452635785758433
12 8 13 13 3 1 0.48432834119015555
11 11 3 13 1 1 0.5057778230140342
2 4 2 5 6 1 0.17779217808491987
3 10 12 11 1 1 0.9945697006235844
4 4 11 4 2 0 0.8641696613504899
12 11 8 12 1 1 0.3860466478612312
4 1 8 8 12 1 0.23660108380664702
3 4 8 7 11 0 0.6147203911408259
4 8 2 2 8 0 0.10146934766047311
12 11 13 2 4 1 0.3533067905743259
1 11 2 2 7 0 0.1324831581541479
