0 0 17.744916820702404 17.744916820702404 17.744916820702404 18.299445471349355 18.299445471349355 18.299445471349355 29.390018484288355 29.390018484288355 29.390018484288355
0 1 17.190388170055453 17.190388170055453 17.190388170055453 17.56007393715342 17.375231053604438 17.56007393715342 29.390018484288355 29.390018484288355 29.390018484288355
0 2 17.005545286506468 17.005545286506468 17.005545286506468 17.375231053604438 17.375231053604438 17.375231053604438 29.390018484288355 29.390018484288355 29.390018484288355
0 3 15.157116451016636 15.157116451016636 15.157116451016636 16.266173752310536 16.45101663585952 16.266173752310536 29.390018484288355 29.390018484288355 29.390018484288355
0 4 14.444444444444443 14.444444444444443 14.444444444444443 15.925925925925927 15.925925925925927 15.925925925925927 29.259259259259256 29.259259259259256 29.259259259259256
0 5 17.59259259259259 17.59259259259259 17.59259259259259 19.25925925925926 19.25925925925926 19.074074074074073 29.259259259259256 29.259259259259256 29.259259259259256
0 6 17.77777777777778 17.77777777777778 17.77777777777778 18.14814814814815 18.333333333333332 18.333333333333332 29.259259259259256 28.888888888888886 29.074074074074076
0 7 16.11111111111111 16.11111111111111 16.11111111111111 17.037037037037038 16.85185185185185 16.85185185185185 29.259259259259256 29.259259259259256 29.259259259259256
0 8 13.88888888888889 13.88888888888889 13.88888888888889 14.444444444444443 14.25925925925926 14.25925925925926 29.444444444444446 29.629629629629626 29.444444444444446
0 9 15.925925925925927 15.925925925925927 15.925925925925927 16.666666666666664 16.666666666666664 16.666666666666664 29.444444444444446 29.444444444444446 29.444444444444446
1 0 14.602587800369685 14.602587800369685 14.602587800369685 14.972273567467653 14.972273567467653 14.972273567467653 29.390018484288355 29.390018484288355 29.390018484288355
1 1 14.78743068391867 14.78743068391867 14.78743068391867 14.048059149722736 14.417744916820702 14.417744916820702 29.390018484288355 29.390018484288355 29.390018484288355
1 2 20.33271719038817 20.33271719038817 20.33271719038817 20.147874306839185 20.33271719038817 20.33271719038817 29.390018484288355 29.390018484288355 29.390018484288355
1 3 18.853974121996302 18.853974121996302 18.853974121996302 19.223659889094268 19.408502772643253 19.408502772643253 29.390018484288355 29.390018484288355 29.390018484288355
1 4 14.25925925925926 14.25925925925926 14.25925925925926 14.814814814814813 14.814814814814813 15.0 29.259259259259256 29.259259259259256 29.259259259259256
1 5 18.333333333333332 18.333333333333332 18.333333333333332 17.77777777777778 17.962962962962965 17.962962962962965 29.629629629629626 29.629629629629626 29.629629629629626
1 6 14.074074074074074 14.074074074074074 14.074074074074074 14.25925925925926 14.444444444444443 14.25925925925926 29.259259259259256 29.259259259259256 29.259259259259256
1 7 18.14814814814815 18.14814814814815 18.14814814814815 19.444444444444446 18.88888888888889 18.88888888888889 29.259259259259256 29.259259259259256 29.259259259259256
1 8 13.88888888888889 13.88888888888889 13.88888888888889 15.37037037037037 15.185185185185185 15.185185185185185 29.444444444444446 29.444444444444446 29.444444444444446
1 9 16.48148148148148 16.48148148148148 16.48148148148148 16.666666666666664 16.666666666666664 16.666666666666664 29.444444444444446 29.444444444444446 29.444444444444446
2 0 14.232902033271719 14.232902033271719 14.232902033271719 14.232902033271719 14.232902033271719 14.232902033271719 29.75970425138632 29.75970425138632 29.57486136783734
2 1 16.266173752310536 16.266173752310536 16.266173752310536 17.005545286506468 17.005545286506468 17.190388170055453 29.390018484288355 29.390018484288355 29.390018484288355
2 2 16.45101663585952 16.45101663585952 16.45101663585952 17.56007393715342 16.820702402957487 16.820702402957487 29.390018484288355 29.390018484288355 29.390018484288355
2 3 19.038817005545287 19.038817005545287 19.038817005545287 19.408502772643253 19.408502772643253 19.408502772643253 29.390018484288355 29.57486136783734 29.57486136783734
2 4 14.629629629629628 14.629629629629628 14.629629629629628 14.814814814814813 14.629629629629628 14.629629629629628 29.259259259259256 29.259259259259256 29.259259259259256
2 5 17.22222222222222 17.22222222222222 17.22222222222222 17.59259259259259 17.77777777777778 17.59259259259259 29.259259259259256 29.259259259259256 29.259259259259256
2 6 16.666666666666664 16.666666666666664 16.666666666666664 17.037037037037038 17.037037037037038 16.85185185185185 29.259259259259256 29.259259259259256 29.259259259259256
2 7 14.629629629629628 14.629629629629628 14.629629629629628 15.0 14.814814814814813 15.0 29.259259259259256 29.259259259259256 29.259259259259256
2 8 14.629629629629628 14.629629629629628 14.629629629629628 15.185185185185185 15.37037037037037 15.37037037037037 29.444444444444446 29.444444444444446 29.444444444444446
2 9 19.074074074074073 19.074074074074073 19.074074074074073 17.77777777777778 17.77777777777778 17.77777777777778 29.444444444444446 29.444444444444446 29.444444444444446
