---
16.30345394736842 29.0 5
7 7 12 10 11 1 0.05396698592518279 
4 4 8 8 4 1 0.17673808920751144 
7 10 8 10 7 1 1.0 
12 1 8 4 8 1 0.47835221400977046 
12 4 13 4 4 1 0.07650353896448325 
3 4 4 11 8 0 0.14124319343127878 
7 4 13 4 13 1 0.8296415033032221 
2 7 8 5 10 1 0.25146980749817005 
1 1 2 12 10 1 0.32648830402877327 
7 7 12 12 2 1 0.08004221483147012 
2 4 7 12 2 0 0.7235278783809056 
7 1 9 4 12 1 0.06870029409445544 
12 7 1 2 4 0 0.142109912336585 
11 7 13 4 4 0 0.07227751775468882 
3 7 8 2 8 1 0.4425763073206028 
4 12 8 8 6 1 0.23133782416649662 
11 2 2 8 11 0 0.12871022602989757 
8 12 7 4 2 0 0.8805669582053834 
4 12 12 5 2 1 0.41887014226168096 
4 12 8 8 12 1 0.22573829735166928 
8 2 4 13 11 0 0.28440356608423156 
3 11 11 2 7 1 0.13540097531613848 
7 4 4 8 12 1 0.15880762057555664 
3 2 8 2 7 0 0.27739846096252396 
4 1 2 2 4 0 0.10725336812224362 
11 8 13 4 4 0 0.4809666192409503 
12 12 7 4 8 0 0.359009766894665 
11 1 1 8 6 1 0.16335751500759899 
3 7 8 2 11 0 0.1607249784286353 
