---
15.193256578947366 32.0 5
3 1 13 2 11 0 0.2420083382568725 
12 7 8 4 0 1 0.10029958753377355 
7 2 8 7 12 0 0.2367459852672904 
8 2 12 2 4 0 0.7037764237161033 
12 8 13 13 1 1 0.48578852566049435 
11 8 8 4 6 0 0.39181341172344064 
4 11 2 2 11 0 0.13987263329116573 
7 7 8 4 12 1 0.1876751014986946 
0 7 12 9 1 0 0.060240714965410946 
12 4 13 2 1 1 0.15837117623435915 
7 8 7 7 12 0 0.8671596041525473 
4 14 8 4 4 1 0.8920856247927844 
1 12 4 13 2 1 0.2926953851902965 
7 4 12 2 14 0 0.37978904957979576 
12 7 4 8 6 1 0.20349723555170462 
4 7 8 1 4 0 0.07953600085647028 
3 4 13 12 7 0 0.32030483238616725 
7 7 13 4 13 1 0.8448460983417578 
1 8 13 7 12 0 0.385943108985207 
12 7 4 8 2 1 0.19506302481674465 
1 11 4 7 2 0 0.32477880754860255 
1 1 1 1 2 0 0.4464652522183479 
7 12 4 12 8 1 0.2831794892727699 
11 2 8 4 6 0 0.18503431497449085 
11 11 14 3 2 0 0.5988795609051689 
7 1 3 13 11 1 0.10157574120827906 
4 12 13 12 10 1 0.32556248500578344 
1 7 13 4 8 1 0.555257462070383 
11 11 8 4 1 1 0.07345319853707122 
2 2 2 2 4 0 0.31031170944422537 
4 1 5 9 11 1 0.3496658802171684 
13 7 1 11 0 0 0.9929260186426541 
