---
14.802631578947366 35.0 5
3 8 11 7 1 0 0.9380701349714331 
11 8 8 1 2 0 0.4804961820558449 
13 1 4 7 2 0 0.9806683365510422 
7 0 4 8 12 1 0.1416765715825029 
7 8 3 1 11 0 0.922375236223824 
7 4 13 1 13 1 0.7945625139292021 
8 1 3 4 1 0 0.9696231806362468 
1 12 5 12 7 0 0.4070394042182378 
11 4 5 8 7 0 0.33211732238282576 
4 11 12 1 2 0 0.2134049812204748 
12 0 13 8 4 1 0.241049972348929 
4 11 12 9 7 0 0.17361004218842946 
12 0 8 8 4 1 0.1501812238208895 
12 11 8 12 1 1 0.24732533779650234 
1 7 7 13 11 1 0.11972535398279005 
0 12 0 5 4 1 0.14346452997881376 
11 12 12 0 2 0 0.12929944724628128 
4 11 8 4 2 1 0.19562913029967377 
1 7 8 12 2 1 0.21052296674099202 
4 13 13 11 11 1 0.08754567186305806 
7 5 12 8 4 0 0.2809448079040966 
8 2 7 5 11 0 0.7608177484883489 
4 12 13 8 0 1 0.11468087141082306 
8 12 5 1 1 1 0.055287088828320785 
7 1 3 10 7 1 0.8384695182730839 
7 7 4 1 12 1 0.05146607162051309 
8 5 7 8 11 0 0.6844412174676637 
2 2 4 2 12 0 0.32404202248335645 
7 6 3 4 11 0 0.13957261023389067 
13 12 1 1 2 0 0.9633381478450399 
8 1 8 1 12 0 0.20470398401759815 
3 1 4 8 4 1 0.13600638415429556 
7 11 3 13 7 0 0.0675098000103932 
4 4 5 8 12 1 0.1661041763546045 
2 9 7 2 12 0 0.7456470770016908 
