---
14.905427631578947 40.0 5
12 11 13 4 1 1 0.3705426966267611 
2 3 4 3 1 0 0.7494969537322536 
11 1 8 4 7 0 0.19892558735599253 
12 4 1 5 4 1 0.21387116749358492 
4 11 13 2 3 1 0.1596196685683886 
12 4 13 8 1 1 0.3301356898215737 
12 8 13 6 7 0 0.2500246599932079 
8 1 8 12 4 0 0.4064867703392083 
1 1 5 2 2 1 0.14763366120041033 
11 7 12 0 1 1 0.07801223778787114 
11 11 2 4 2 1 0.19796784309394821 
11 7 12 8 1 1 0.24602650873551668 
11 7 12 8 6 1 0.3539188909907526 
13 1 8 3 7 0 0.9212745524826508 
7 1 13 4 7 0 0.17836339581979277 
7 11 8 4 1 1 0.2058153488693466 
4 11 7 4 2 0 0.41151087880307835 
12 1 13 4 0 1 0.21691568456389965 
4 7 12 2 1 0 0.13581922615541675 
1 2 12 4 2 0 0.3393705731685568 
7 7 2 2 11 0 0.11692495628409849 
7 8 4 14 1 1 0.7474598747795826 
5 11 1 2 1 0 0.998419302831008 
4 11 7 4 2 0 0.41151087880307835 
12 1 13 4 0 1 0.21691568456389965 
11 7 6 8 6 1 0.41875294542692054 
1 11 3 6 1 1 0.3794478658178694 
1 7 2 10 6 0 0.7358060312797714 
11 2 13 4 7 0 0.38598939603054316 
11 0 12 8 6 1 0.2822360128091501 
11 11 4 13 2 1 0.2113433595441243 
3 4 1 12 1 0 0.3592132778902477 
11 2 13 4 7 0 0.38598939603054316 
11 7 13 4 7 0 0.22022992775515493 
1 11 1 6 8 1 0.48087090072244343 
12 11 1 3 1 0 0.5060593896523088 
1 0 2 2 1 0 0.16562077803258712 
4 11 1 12 1 0 0.29548772954559055 
4 7 8 2 8 1 0.5427885298185973 
12 1 13 4 0 1 0.21691568456389965 
