---
15.669339913633559 25.0 5
11 7 13 5 7 0 0.21266966440361035 
4 12 2 2 12 0 0.1168331966474565 
3 2 5 7 7 0 0.6103706885738704 
1 2 7 7 13 0 0.6200652237541582 
12 7 4 2 4 0 0.08324365908261822 
1 11 8 7 8 1 0.28748923782750224 
1 13 1 9 11 0 0.5649794677242586 
7 11 8 1 2 1 0.12234799016294162 
7 7 7 13 4 1 0.3823312477954126 
3 4 13 1 8 1 0.3658832893409132 
12 7 5 1 10 1 0.2309184257228477 
12 7 13 2 3 1 0.11467670592635737 
13 1 1 1 2 0 0.9760679002608137 
2 7 8 13 3 1 0.14569013743271064 
3 2 5 12 7 0 0.2406434705065874 
4 1 11 8 2 0 0.6856217164681075 
11 7 13 2 4 0 0.050469566402317256 
2 1 12 8 8 1 0.34896741242081264 
1 7 11 3 11 0 0.8403235157583755 
4 12 1 12 8 0 0.1222464787893579 
8 1 7 2 2 0 0.9190055299031585 
3 1 6 3 10 1 0.7835916905820868 
12 7 14 2 8 1 0.6402784915323718 
1 1 11 12 2 0 0.8343579516393336 
12 4 13 2 2 1 0.28087526276447683 
