---
15.258071149496196 47.0 5
7 7 13 8 11 0 0.0832324908465607 
4 7 13 14 1 1 0.1255417092111677 
11 7 13 2 1 0 0.09859306553882874 
5 7 1 1 12 0 0.9862119683502888 
2 2 9 3 4 0 0.5550502506627464 
13 1 12 2 4 0 0.9762135409949757 
4 11 8 12 1 1 0.16957478693645056 
4 11 13 4 1 1 0.14786108999690617 
8 2 13 12 2 1 0.4966456065368443 
7 11 8 4 12 1 0.25721300150872706 
3 7 4 7 2 0 0.321185761964645 
7 7 1 8 12 1 0.30380486290442577 
8 1 7 1 12 0 0.9433514152471352 
8 7 14 7 1 1 0.22375450995668933 
4 11 3 10 0 1 0.6605845677077998 
1 1 12 2 3 0 0.08745971935676033 
4 12 8 5 4 1 0.3021043634709153 
7 2 1 3 6 0 0.6657196618563801 
4 7 12 8 4 1 0.16619996543201077 
4 12 8 5 4 1 0.3021043634709153 
11 4 12 3 7 0 0.7610777892042064 
13 1 12 2 0 0 0.9797112562939997 
0 0 11 9 0 0 0.5905864780436276 
12 8 13 13 3 1 0.4871904083558065 
8 2 13 12 2 1 0.4966456065368443 
11 4 9 12 7 0 0.4768072622348227 
1 1 12 2 3 0 0.08745971935676033 
11 4 9 12 7 0 0.4768072622348227 
12 12 1 8 1 0 0.11435095967861608 
0 0 11 2 8 0 0.6916608746181241 
12 12 1 8 1 0 0.11435095967861608 
7 7 13 8 11 0 0.0832324908465607 
7 7 8 8 3 1 0.09399486491023001 
0 0 11 9 0 0 0.5905864780436276 
1 1 8 4 8 1 0.4618819448841609 
1 1 8 2 11 0 0.1783110444390621 
4 7 12 8 4 1 0.16619996543201077 
4 11 3 10 0 1 0.6605845677077998 
4 11 8 5 4 1 0.24234307398490906 
7 11 12 12 1 1 0.16920667920958454 
4 7 12 8 3 1 0.093491768917221 
12 0 8 4 4 1 0.034391890122580926 
7 11 8 4 12 1 0.25721300150872706 
12 11 13 8 7 1 0.2437946547218397 
1 11 7 4 4 0 0.3643377123801994 
7 12 12 8 10 1 0.2973925732932857 
11 8 9 1 4 0 0.7114869783698785 
