---
15.731030228254165 18.0 5
4 4 13 4 8 1 0.557221804345996 
1 5 12 1 2 0 0.6931705847577441 
4 7 12 9 8 1 0.3221059754860556 
4 7 13 4 10 1 0.27297859706021677 
11 11 13 2 11 0 0.12896237789761433 
2 11 1 2 2 0 0.28782341317629623 
7 7 8 4 4 1 0.09183935558128908 
11 11 12 9 11 0 0.20463925592372567 
4 12 7 11 7 0 0.9732216131925095 
7 1 13 1 8 1 0.5123821334126089 
2 1 1 2 10 1 0.2533164361745244 
7 6 12 2 7 0 0.35732014735533424 
12 0 13 2 4 1 0.2210216892386685 
13 7 1 0 0 0 0.9909360373813418 
12 4 13 8 4 1 0.3468269327833293 
2 0 2 2 2 0 0.1905047745587396 
4 7 12 5 4 1 0.11303198454783847 
11 12 13 1 7 0 0.5816317386561105 
