---
0 12.346744949058884 6.0 36 
1 4 0 0 1 2 0 4 1 0 0 4 0 2 0 0 0 0 0 0 1 0 0 0 1 4 0 4 1 4 0 0 1 4 0 7 0 0.8706355397737133
0 0 0 0 2 1 0 1 4 4 0 0 0 0 0 11 0 4 1 7 0 0 1 0 2 0 0 1 0 4 0 0 2 4 0 0 5 0.652542628156972
2 0 0 7 2 0 4 7 0 1 0 0 2 4 0 12 13 8 4 12 2 0 0 0 0 0 4 4 0 0 0 0 2 2 4 1 2 0.6115383388033916
0 0 0 0 0 0 0 2 0 0 0 0 0 0 0 0 0 3 8 8 0 1 0 0 0 1 1 0 0 0 0 0 0 0 0 0 1 0.9262939210726411
0 1 0 0 0 0 0 0 0 1 0 0 4 0 0 4 7 3 0 0 0 7 4 0 4 0 0 0 0 0 0 4 0 0 0 4 4 0.4890206548419209
4 0 12 0 0 0 12 7 0 0 7 0 0 0 4 11 8 0 7 0 0 0 0 3 0 0 12 0 0 0 12 0 0 0 0 0 3 0.18767897203828887
---
1 12.467622172336384 9.0 36 
0 0 0 0 2 1 0 1 4 4 0 0 0 0 0 11 0 4 1 7 0 0 1 0 2 0 0 1 0 4 0 0 2 4 0 0 5 0.652542628156972
2 0 0 7 2 0 4 0 0 1 0 0 2 4 0 12 13 8 4 12 2 0 0 0 0 2 4 4 0 0 0 0 2 2 4 1 2 0.4455615275896725
1 4 0 0 1 2 0 4 1 0 0 0 0 1 0 0 0 0 0 0 1 0 0 0 1 4 0 4 1 4 0 0 1 4 0 12 0 0.8322486021289623
1 4 0 0 1 2 0 4 1 0 0 4 0 2 0 0 0 0 0 0 1 0 0 0 1 4 0 0 1 4 0 12 1 4 0 12 0 0.8012496186799685
0 0 0 0 0 0 0 2 0 0 0 0 0 0 0 0 0 3 8 8 0 1 0 0 0 1 1 0 0 0 0 0 0 0 0 0 1 0.9262939210726411
0 1 0 0 0 0 0 0 0 1 0 0 4 0 0 4 7 3 0 0 0 7 4 0 4 0 0 0 0 0 0 4 0 0 0 4 4 0.4890206548419209
4 0 12 0 0 0 12 7 0 0 7 0 0 0 4 11 8 0 7 0 0 0 0 3 0 0 12 0 0 0 12 0 0 0 0 0 3 0.18767897203828887
1 4 0 0 1 2 0 4 1 0 0 4 0 1 0 0 0 0 0 0 1 0 0 0 1 4 0 4 1 4 0 0 1 4 0 12 0 0.8186949270791648
1 4 0 0 1 2 0 4 1 0 0 4 0 1 0 0 0 0 0 0 1 0 0 0 1 4 0 4 1 4 0 12 1 4 0 12 0 0.9097512305584197
---
2 12.536694871352097 7.0 36 
0 0 0 0 2 1 0 1 4 4 0 0 0 0 0 11 0 4 1 11 0 0 1 0 2 0 0 1 0 4 0 0 2 4 0 0 5 0.7636501270580507
2 0 0 7 2 0 4 0 0 1 0 0 2 4 0 12 13 8 4 12 2 0 0 0 0 0 4 4 0 0 0 0 2 2 4 1 2 0.5215871285638878
4 0 12 0 0 0 12 7 0 0 7 0 0 0 4 11 8 0 7 0 0 0 0 3 0 0 12 0 0 0 12 0 0 0 0 0 3 0.2910467779653996
0 0 0 0 0 0 0 2 0 0 0 0 0 0 0 0 0 3 8 8 0 1 0 0 0 1 1 0 0 0 0 0 0 0 0 0 1 0.9262939210726411
0 0 0 0 2 1 0 1 4 4 0 0 0 0 0 11 0 4 1 7 0 0 1 0 2 0 0 1 0 4 0 0 2 4 0 0 5 0.652542628156972
1 0 0 0 1 2 2 4 1 0 0 4 0 2 0 0 0 0 0 0 1 0 0 0 1 4 0 4 1 4 0 0 1 4 0 4 0 0.8208849712325132
0 1 0 0 0 0 0 0 0 1 0 0 4 0 0 4 7 3 0 0 0 7 4 0 4 0 0 0 0 0 0 4 0 0 0 4 4 0.4890206548419209
---
3 12.191331376273528 6.0 36 
0 0 0 0 2 1 0 1 4 4 0 0 0 0 0 11 0 4 1 7 0 0 1 0 2 0 0 1 0 4 0 0 2 4 0 0 5 0.652542628156972
2 0 0 7 2 0 4 0 0 1 0 0 2 4 0 12 13 8 4 12 2 0 0 0 0 0 4 4 0 0 0 0 2 2 4 1 2 0.5215871285638878
1 4 0 0 1 2 0 0 1 0 0 0 0 2 0 4 0 0 0 4 1 0 0 0 1 4 0 4 1 4 0 0 1 4 0 12 0 0.827423506520912
4 0 12 0 0 0 12 7 0 0 7 0 0 0 4 11 8 0 7 0 0 0 0 3 0 0 12 0 0 0 12 0 0 0 0 0 3 0.18767897203828887
0 1 0 0 0 0 0 0 0 1 0 0 4 0 0 4 7 3 0 0 0 7 4 0 4 0 0 0 0 0 0 4 0 0 0 4 4 0.4890206548419209
0 0 0 0 0 0 0 2 0 0 0 0 0 0 0 0 0 3 8 8 0 1 0 0 0 1 1 0 0 0 0 0 0 0 0 0 1 0.9262939210726411
---
4 12.191331376273528 6.0 36 
1 4 0 0 1 2 0 0 1 0 0 0 0 2 0 4 0 0 0 4 1 0 0 0 1 4 0 4 1 4 0 0 1 4 0 12 0 0.827423506520912
0 1 0 0 0 0 0 0 0 1 0 0 4 0 0 4 7 3 0 0 0 7 4 0 4 0 0 0 0 0 0 4 0 0 0 4 4 0.4890206548419209
4 0 12 0 0 0 12 7 0 0 7 0 0 0 4 11 8 0 7 0 0 0 0 3 0 0 12 0 0 0 12 0 0 0 0 0 3 0.18767897203828887
0 0 0 0 0 0 0 2 0 0 0 0 0 0 0 0 0 3 8 8 0 1 0 0 0 1 1 0 0 0 0 0 0 0 0 0 1 0.9262939210726411
0 0 0 0 2 1 0 1 4 4 0 0 0 0 0 11 0 4 1 7 0 0 1 0 2 0 0 1 0 4 0 0 2 4 0 0 5 0.652542628156972
2 0 0 7 2 0 4 0 0 1 0 0 2 4 0 12 13 8 4 12 2 0 0 0 0 0 4 4 0 0 0 0 2 2 4 1 2 0.5215871285638878
---
5 12.122258677257813 6.0 36 
0 1 0 0 0 0 0 0 0 1 0 0 4 0 0 4 7 3 0 0 0 7 4 0 4 0 0 0 0 0 0 4 0 0 0 4 4 0.4890206548419209
0 0 0 0 2 1 0 1 4 4 0 0 0 0 0 11 0 4 1 7 0 0 1 0 2 0 0 1 0 4 0 0 2 4 0 0 5 0.652542628156972
2 0 0 7 2 0 4 0 0 1 0 0 2 4 0 12 13 8 4 12 2 0 0 0 0 0 4 4 0 0 0 0 2 2 4 1 2 0.5215871285638878
0 0 0 0 0 0 0 2 0 0 0 0 0 0 0 0 0 3 8 8 0 1 0 0 0 1 1 0 0 1 0 0 0 0 0 0 1 0.9863691656493438
1 0 0 0 1 2 0 4 1 0 4 4 0 2 0 0 0 0 0 0 1 0 0 0 1 4 0 4 1 4 0 0 1 4 0 12 0 0.9253954658003484
4 0 12 0 0 0 12 7 0 0 7 0 0 0 4 11 8 0 7 0 0 0 0 3 0 0 12 0 0 0 12 0 0 0 0 0 3 0.18767897203828887
---
6 12.122258677257813 6.0 36 
0 1 0 0 0 0 0 0 0 1 0 0 4 0 0 4 7 3 0 0 0 7 4 0 4 0 0 0 0 0 0 4 0 0 0 4 4 0.4890206548419209
4 0 12 0 0 0 12 7 0 0 7 0 0 0 4 11 8 0 7 0 0 0 0 3 0 0 12 0 0 0 12 0 0 0 0 0 3 0.18767897203828887
0 0 0 0 0 0 0 2 0 0 0 0 0 0 0 0 0 3 8 8 0 1 0 0 0 1 1 0 0 1 0 0 0 0 0 0 1 0.9863691656493438
0 0 0 0 2 1 0 1 4 4 0 0 0 0 0 11 0 4 1 7 0 0 1 0 2 0 0 1 0 4 0 0 2 4 0 0 5 0.652542628156972
1 0 0 0 1 2 0 4 1 0 4 4 0 2 0 0 0 0 0 0 1 0 0 0 1 4 0 4 1 4 0 0 1 4 0 12 0 0.9253954658003484
2 0 0 7 2 0 4 0 0 1 0 0 2 4 0 12 13 8 4 12 2 0 0 0 0 0 4 4 0 0 0 0 2 2 4 1 2 0.5215871285638878
