---
0 12.776243093922652 6.0 36 
12 0 12 0 0 0 0 0 0 0 0 11 0 0 0 11 0 13 0 1 4 0 12 11 0 8 4 0 12 0 0 0 4 0 0 11 3 0.45467385789107784
0 0 0 0 4 0 0 0 0 0 0 4 0 0 7 4 7 11 0 0 7 3 2 4 0 0 0 0 0 0 0 0 7 7 0 0 4 0.763058153480856
0 0 0 0 0 1 0 2 0 0 0 0 0 0 0 2 1 0 0 0 0 3 2 2 1 0 0 0 0 0 0 0 2 0 0 0 1 0.9492659193109776
1 0 2 7 1 4 0 4 1 0 0 0 1 2 0 0 1 0 0 0 1 0 0 0 1 4 0 0 1 0 0 12 0 4 0 1 0 0.8756580988559963
4 1 0 4 4 4 1 0 0 2 0 0 0 4 0 11 4 0 1 11 0 0 0 7 0 0 1 1 0 4 0 0 0 4 1 7 5 0.7740133701201874
0 0 0 7 0 0 1 7 0 0 4 0 0 0 8 12 4 5 4 7 5 2 0 4 0 0 0 4 4 2 1 4 0 0 4 7 2 0.27454465002940154
---
1 13.1042817679558 7.0 36 
1 0 2 7 1 4 0 4 1 0 0 0 1 2 0 0 1 0 0 0 1 0 0 0 1 4 0 0 1 0 0 12 0 4 0 1 0 0.8756580988559963
4 1 0 0 4 4 1 0 0 2 0 0 0 4 0 11 4 0 1 11 0 0 0 7 0 0 1 1 0 4 0 0 0 4 1 7 5 0.7074096252447404
0 0 0 7 0 0 1 7 0 0 4 0 0 0 8 12 4 5 4 7 5 2 0 4 0 0 0 4 4 2 1 4 0 0 4 7 2 0.27454465002940154
0 0 0 0 0 1 0 2 0 0 0 0 0 0 0 2 1 0 0 0 0 3 2 2 1 0 0 0 0 0 0 0 2 0 0 0 1 0.9492659193109776
12 0 12 0 0 0 0 0 0 0 0 11 0 0 0 11 0 13 0 1 4 0 12 11 0 8 4 0 12 0 0 0 4 0 0 11 3 0.45467385789107784
0 0 0 0 4 0 0 0 0 0 0 4 0 0 7 4 7 11 0 0 7 3 2 4 0 0 0 0 0 0 0 0 7 7 0 0 4 0.763058153480856
4 1 0 0 4 4 1 0 0 2 0 0 0 4 0 11 4 0 1 11 0 0 0 7 0 0 1 1 0 4 0 0 0 4 1 4 5 0.69237882564035
---
2 13.691298342541437 8.0 36 
4 1 0 4 4 4 1 0 0 2 0 0 0 4 0 11 4 0 1 11 0 0 0 7 0 0 1 0 0 4 0 0 0 4 0 7 5 0.6023556175155125
1 4 0 7 0 4 0 0 1 0 0 4 1 2 0 12 1 0 0 0 1 0 0 0 1 4 0 0 1 0 0 12 0 4 0 1 0 0.8514140087858462
0 8 0 7 0 0 1 7 0 0 4 0 0 0 8 12 4 5 4 7 5 2 0 4 0 0 0 4 4 2 1 4 0 0 4 7 2 0.5134169283264653
0 0 0 0 0 1 0 2 0 0 0 0 0 0 0 2 1 0 0 0 0 3 2 2 1 0 0 0 0 0 0 0 2 0 0 0 1 0.9492659193109776
0 0 0 0 4 0 0 0 0 0 0 4 0 0 7 4 7 11 0 0 7 3 2 4 0 0 0 0 0 0 0 0 7 7 0 0 4 0.763058153480856
12 0 12 0 0 0 0 0 0 0 0 11 0 0 0 11 0 13 0 1 4 0 12 11 0 8 4 0 12 0 0 0 4 0 0 11 3 0.45467385789107784
1 4 2 1 0 4 0 4 1 0 0 4 1 2 0 0 1 0 0 0 1 0 0 0 1 2 0 0 1 0 0 12 0 4 0 7 0 0.8886363473503347
0 8 0 7 0 0 1 7 0 0 4 0 0 0 8 12 4 5 4 7 5 2 0 4 0 0 0 4 4 2 1 4 0 0 4 7 2 0.5134169283264653
---
3 13.415055248618785 11.0 36 
4 1 0 4 4 4 1 0 0 2 0 0 0 4 0 11 4 0 1 11 0 0 0 7 0 0 1 1 0 4 0 0 0 4 1 7 5 0.7740133701201874
0 0 0 7 0 0 1 7 0 0 4 8 0 0 8 12 4 5 4 7 5 2 0 4 0 0 0 4 4 2 1 4 0 0 4 7 2 0.5802977523789392
1 4 2 1 0 4 0 4 1 0 0 4 1 2 0 0 1 0 0 0 1 0 0 0 1 2 0 0 1 0 0 12 0 4 0 7 0 0.8886363473503347
0 0 0 0 0 1 0 2 0 0 0 0 0 0 0 2 1 0 0 0 0 3 2 2 1 0 0 0 0 0 0 0 2 0 0 0 1 0.9492659193109776
0 0 0 0 4 0 0 0 0 0 0 4 0 0 7 4 7 11 0 0 7 3 2 4 0 0 0 0 0 0 0 0 7 7 0 0 4 0.763058153480856
12 0 12 0 0 0 0 0 0 0 0 11 0 0 0 11 0 13 0 1 4 0 12 11 0 8 4 0 12 0 0 0 4 0 0 11 3 0.45467385789107784
1 4 4 1 0 0 0 4 1 2 0 4 1 2 0 0 1 0 0 0 1 0 0 0 1 4 0 4 1 0 0 12 0 4 0 7 0 0.8567771609925805
1 4 4 1 1 0 0 4 1 0 0 12 1 2 0 0 1 0 0 0 1 0 0 0 1 4 0 4 1 0 0 12 0 4 0 7 0 0.9057738369906951
1 4 4 1 1 0 0 4 1 0 0 4 1 2 0 0 1 0 0 0 1 0 0 0 1 4 13 4 1 0 0 12 0 4 0 7 0 0.8352373512473056
0 0 0 7 0 13 1 7 0 0 4 8 0 0 8 12 4 5 4 7 5 2 0 4 0 0 0 4 4 2 1 4 0 0 4 7 2 0.7116155383847184
0 11 0 0 4 0 0 0 5 0 4 0 0 0 9 0 0 0 0 0 13 0 0 1 0 0 0 0 0 0 2 0 0 0 13 0 1 1.0
---
4 13.06975138121547 6.0 36 
0 0 0 0 0 1 0 2 0 0 0 0 0 0 0 2 1 0 0 0 0 3 2 2 1 0 0 0 0 0 0 0 2 0 0 0 1 0.9492659193109776
0 0 0 0 4 0 0 0 0 0 0 4 0 0 7 4 7 11 0 0 7 3 2 4 0 0 0 0 0 0 0 0 7 7 0 0 4 0.763058153480856
12 0 12 0 0 0 0 0 0 0 0 11 0 0 0 11 0 13 0 1 4 0 12 11 0 8 4 0 12 0 0 0 4 0 0 11 3 0.45467385789107784
4 1 0 4 4 4 0 0 0 2 0 0 0 4 0 11 4 0 1 11 0 0 0 7 0 0 1 1 0 4 0 0 0 4 1 7 5 0.6440892874720074
0 0 0 7 0 0 1 7 0 0 4 0 0 0 8 12 4 5 4 7 5 2 0 4 0 0 0 4 4 2 1 4 0 0 4 7 2 0.27454465002940154
1 4 2 1 0 4 0 4 1 0 0 4 1 2 0 0 1 0 0 0 1 0 0 0 1 4 0 0 1 0 0 12 0 4 0 1 0 0.8679773176922729
---
5 12.828038674033149 7.0 36 
12 0 12 0 0 0 0 0 0 0 0 11 0 0 0 11 0 13 0 1 4 0 12 11 0 8 4 0 12 0 0 0 4 0 0 11 3 0.45467385789107784
4 1 0 4 4 4 1 0 0 2 0 0 0 4 0 11 4 0 1 11 0 0 0 7 0 0 1 1 0 4 0 0 0 4 1 7 5 0.7740133701201874
0 0 0 0 4 0 0 0 0 0 0 4 0 0 7 4 7 11 0 0 7 3 2 4 0 0 0 0 0 0 0 0 7 7 0 0 4 0.763058153480856
0 0 0 7 0 0 1 7 0 0 4 0 0 0 8 12 4 5 4 7 5 2 0 4 0 0 0 4 4 2 1 4 0 0 4 7 2 0.27454465002940154
1 4 2 1 1 0 0 4 1 0 0 4 1 2 0 0 1 0 0 0 1 0 0 0 1 4 0 4 1 0 0 12 0 4 0 7 0 0.8588618391568497
0 0 0 0 0 1 0 2 0 0 0 0 0 0 0 2 1 0 0 0 0 3 2 2 1 0 0 0 0 0 0 0 2 0 0 0 1 0.9492659193109776
1 1 0 1 0 4 0 4 1 0 0 4 1 2 0 0 1 0 0 0 1 0 0 7 1 4 0 0 1 0 0 12 0 4 0 1 0 0.7588925771936967
---
6 12.845303867403315 6.0 36 
1 4 2 1 1 0 0 4 1 0 0 4 1 2 0 0 1 0 0 0 1 0 0 0 1 4 0 4 1 0 0 12 0 4 0 7 0 0.8588618391568497
0 0 0 0 0 1 0 2 0 0 0 0 0 0 0 2 1 0 0 0 0 3 2 2 1 0 0 0 0 0 0 0 2 0 0 0 1 0.9492659193109776
4 1 0 4 4 4 1 0 0 2 0 0 0 4 0 11 4 0 1 11 0 0 0 7 0 0 1 1 0 4 0 0 0 4 1 7 5 0.7740133701201874
12 0 12 0 0 0 0 0 0 0 0 11 0 0 0 11 0 13 0 1 4 0 12 11 0 8 4 0 12 0 0 0 4 0 0 11 3 0.45467385789107784
0 0 0 0 4 0 0 0 0 0 0 4 0 0 7 4 7 11 0 0 7 3 2 4 0 0 0 0 0 0 0 0 7 7 0 0 4 0.763058153480856
0 0 0 7 0 0 1 7 0 0 4 0 0 0 8 12 4 5 4 7 5 2 0 4 0 0 0 4 4 2 1 4 0 0 4 7 2 0.27454465002940154
---
7 12.845303867403315 6.0 36 
0 0 0 0 0 1 0 2 0 0 0 0 0 0 0 2 1 0 0 0 0 3 2 2 1 0 0 0 0 0 0 0 2 0 0 0 1 0.9492659193109776
4 1 0 4 4 4 1 0 0 2 0 0 0 4 0 11 4 0 1 11 0 0 0 7 0 0 1 1 0 4 0 0 0 4 1 7 5 0.7740133701201874
0 0 0 0 4 0 0 0 0 0 0 4 0 0 7 4 7 11 0 0 7 3 2 4 0 0 0 0 0 0 0 0 7 7 0 0 4 0.763058153480856
1 4 2 1 1 0 0 4 1 0 0 4 1 2 0 0 1 0 0 0 1 0 0 0 1 4 0 4 1 0 0 12 0 4 0 7 0 0.8588618391568497
12 0 12 0 0 0 0 0 0 0 0 11 0 0 0 11 0 13 0 1 4 0 12 11 0 8 4 0 12 0 0 0 4 0 0 11 3 0.45467385789107784
0 0 0 7 0 0 1 7 0 0 4 0 0 0 8 12 4 5 4 7 5 2 0 4 0 0 0 4 4 2 1 4 0 0 4 7 2 0.27454465002940154
---
8 12.776243093922652 6.0 36 
1 0 2 7 1 4 0 4 1 0 0 0 1 2 0 0 1 0 0 0 1 0 0 0 1 4 0 0 1 0 0 12 0 4 0 1 0 0.8756580988559963
4 1 0 4 4 4 1 0 0 2 0 0 0 4 0 11 4 0 1 11 0 0 0 7 0 0 1 1 0 4 0 0 0 4 1 7 5 0.7740133701201874
0 0 0 7 0 0 1 7 0 0 4 0 0 0 8 12 4 5 4 7 5 2 0 4 0 0 0 4 4 2 1 4 0 0 4 7 2 0.27454465002940154
0 0 0 0 0 1 0 2 0 0 0 0 0 0 0 2 1 0 0 0 0 3 2 2 1 0 0 0 0 0 0 0 2 0 0 0 1 0.9492659193109776
12 0 12 0 0 0 0 0 0 0 0 11 0 0 0 11 0 13 0 1 4 0 12 11 0 8 4 0 12 0 0 0 4 0 0 11 3 0.45467385789107784
0 0 0 0 4 0 0 0 0 0 0 4 0 0 7 4 7 11 0 0 7 3 2 4 0 0 0 0 0 0 0 0 7 7 0 0 4 0.763058153480856
