---
0 14.675414364640885 8.0 36 
0 0 0 8 0 0 0 0 0 0 0 0 0 10 0 13 0 0 0 0 0 0 0 0 0 0 0 0 1 0 0 0 0 0 4 0 1 1.0
0 0 0 0 7 0 0 0 0 0 0 0 0 7 0 0 7 0 0 0 0 6 0 1 0 0 0 0 0 0 0 7 1 0 0 0 4 0.9620928771210513
0 2 4 0 0 1 2 0 2 1 0 4 2 4 1 4 0 12 7 1 12 2 4 11 1 0 1 0 0 0 4 1 0 0 0 0 5 0.5032415096674845
8 1 2 0 2 0 0 2 0 0 0 1 0 4 8 12 0 8 1 12 2 8 4 1 2 0 2 2 0 1 0 1 2 0 2 1 2 0.4308360606909034
4 0 8 0 12 0 12 7 12 0 4 1 0 0 12 0 0 13 11 0 0 8 0 7 12 8 4 0 0 12 8 0 0 8 4 1 3 0.6999047177426523
0 0 0 0 0 0 0 0 0 0 0 0 0 0 0 0 0 1 8 4 0 6 0 0 0 0 1 0 0 1 0 0 0 0 0 0 1 0.9913731522368527
0 2 1 0 0 1 2 0 2 1 0 7 2 4 1 4 1 12 7 1 12 2 4 11 1 0 1 0 2 0 0 1 0 0 0 0 5 0.6242355739361742
1 2 0 12 1 4 0 4 1 2 2 0 1 2 0 1 1 4 1 12 7 0 0 1 1 0 0 0 1 4 0 4 1 2 4 0 0 0.8085740136939186
---
1 14.174723756906078 7.0 36 
4 2 1 0 0 0 4 4 0 2 0 1 4 2 0 4 2 12 7 4 4 1 1 1 1 0 1 1 0 0 0 2 0 4 0 0 5 0.416399818220353
0 1 2 0 2 0 0 2 0 0 8 1 0 4 8 12 0 8 1 12 2 8 4 1 2 0 2 2 0 1 0 1 2 0 2 1 2 0.6741396541552864
1 2 0 12 1 4 0 0 1 2 2 0 4 2 0 7 1 2 0 12 7 0 0 1 1 0 0 0 1 4 0 4 1 4 4 0 0 0.9686225012699304
0 0 0 0 7 0 0 0 0 0 0 0 0 7 0 0 7 0 0 0 0 6 0 1 0 0 0 0 0 0 0 7 1 0 0 0 4 0.9620928771210513
0 0 0 8 0 0 0 0 0 0 0 0 0 10 0 13 0 0 0 0 0 0 0 0 0 0 0 0 1 0 0 0 0 0 4 0 1 1.0
4 0 8 0 12 0 12 7 12 0 4 1 0 0 12 0 0 13 11 0 0 8 0 7 12 8 4 0 0 12 8 0 0 8 4 1 3 0.6999047177426523
0 0 0 0 0 0 0 0 0 0 0 0 0 0 0 0 0 1 8 4 0 6 0 0 0 0 1 0 0 1 0 0 0 0 0 0 1 0.9913731522368527
---
2 13.829419889502761 10.0 36 
0 2 1 0 0 1 2 0 2 1 0 7 2 4 1 4 0 12 7 1 4 4 0 0 1 0 1 1 2 0 4 1 0 0 0 0 5 0.4783097042328144
0 1 2 0 2 0 0 2 0 0 0 1 0 4 8 1 0 8 1 12 2 8 4 1 2 0 2 2 0 1 0 1 2 0 2 1 2 0.46269418514857663
1 2 0 12 1 4 0 0 1 2 2 0 1 2 0 1 1 2 0 12 7 0 0 1 1 0 0 0 1 4 0 12 1 2 4 0 0 0.8683707245455659
1 2 0 12 1 4 2 0 1 2 0 0 7 2 0 1 4 2 0 2 7 0 0 1 1 0 0 0 1 4 0 12 1 0 4 0 0 0.8138379418536408
0 0 0 8 0 0 0 0 0 0 0 0 0 10 0 13 0 0 0 0 0 0 0 0 0 0 0 0 1 0 0 0 0 0 4 0 1 1.0
0 0 0 0 7 0 0 0 0 0 0 0 0 7 0 0 7 0 0 0 0 6 0 1 0 0 0 0 0 0 0 7 1 0 0 0 4 0.9620928771210513
4 0 8 0 12 0 12 7 12 0 4 1 0 0 12 0 0 13 11 0 0 8 0 7 12 8 4 0 0 12 8 0 0 8 4 1 3 0.6999047177426523
0 0 0 0 0 0 0 0 0 0 0 0 0 0 0 0 0 1 8 4 0 6 0 0 0 0 1 0 0 1 0 0 0 0 0 0 1 0.9913731522368527
0 1 2 0 2 0 0 2 0 0 0 1 0 4 8 1 0 8 1 12 2 8 4 1 2 0 2 2 0 0 0 1 2 9 2 1 2 0.6396078566478044
0 0 0 0 0 0 0 0 0 0 0 0 0 0 0 0 0 1 8 4 0 6 0 0 0 0 1 0 0 1 0 0 0 0 0 0 1 0.8729464039371188
---
3 14.105662983425415 7.0 36 
0 2 1 0 0 1 2 0 2 1 0 7 2 4 1 4 0 12 7 1 4 4 0 0 1 0 1 1 2 0 4 1 0 0 0 0 5 0.4783097042328144
0 0 0 8 0 0 0 0 0 0 0 0 0 10 0 13 0 0 0 0 0 0 0 0 0 0 0 0 1 0 0 0 0 0 4 0 1 1.0
1 2 0 12 1 4 0 0 1 2 2 0 1 2 0 1 1 2 0 12 7 0 0 1 1 0 0 0 1 4 0 12 1 2 4 0 0 0.8335399912925436
0 0 0 0 7 0 0 0 0 0 0 0 0 7 0 0 7 0 0 0 0 6 0 1 0 0 0 0 0 0 0 7 1 0 0 0 4 0.4844077549303989
0 1 2 0 2 0 0 2 0 0 0 1 0 4 8 1 0 8 1 12 2 8 4 1 2 0 2 2 0 1 0 1 2 0 2 1 2 0.46269418514857663
0 0 0 0 0 0 0 0 0 0 0 0 0 0 0 0 0 1 8 4 0 6 0 0 0 0 1 0 0 1 0 0 0 0 0 0 1 0.9913731522368527
4 0 8 0 12 0 12 7 12 0 4 1 0 0 12 0 0 13 11 0 0 8 0 7 12 8 4 0 0 12 8 0 0 8 4 1 3 0.6999047177426523
---
4 14.036602209944752 8.0 36 
1 2 0 12 1 4 0 0 1 2 2 0 1 10 0 1 1 2 0 12 7 0 0 1 1 0 0 0 1 4 0 12 1 2 4 0 1 0.9012708414192625
0 2 1 0 0 1 2 0 2 1 0 7 2 4 1 0 0 12 0 1 4 4 0 0 1 0 1 1 2 0 4 1 0 1 0 0 5 0.3706797453867199
0 1 2 0 2 0 0 2 0 0 0 1 0 4 8 1 0 8 1 12 2 8 4 1 2 0 2 2 0 1 0 1 2 0 2 1 2 0.46269418514857663
4 0 8 0 12 0 12 7 12 0 4 1 0 0 12 0 0 13 11 0 0 8 0 7 12 8 4 0 0 12 8 0 0 8 4 1 3 0.6999047177426523
0 0 0 8 0 0 0 0 0 0 0 0 0 10 0 13 0 0 0 0 0 0 0 0 0 0 0 0 1 0 0 0 0 0 4 0 1 1.0
0 0 0 0 7 0 0 0 0 0 0 0 0 7 0 0 7 0 0 0 0 6 0 1 0 0 0 0 0 0 0 7 1 0 0 0 4 0.9620928771210513
0 0 0 0 0 0 0 0 0 0 0 0 0 0 0 0 0 1 8 4 0 6 0 0 0 0 1 0 0 1 0 0 0 0 0 0 1 0.9913731522368527
1 2 0 12 1 4 0 0 1 2 2 0 1 2 0 1 1 2 0 12 7 0 0 1 1 0 0 0 1 4 0 12 1 2 4 0 0 0.8160752894108416
---
5 14.088397790055248 7.0 36 
1 2 0 12 1 4 0 0 1 2 2 0 1 2 0 1 1 2 0 0 7 0 0 1 1 0 0 0 1 4 0 12 1 2 4 0 0 0.8292789515679632
4 0 8 0 12 0 12 7 12 0 4 1 0 0 12 0 0 13 11 0 0 8 0 7 12 8 4 0 0 12 8 0 0 8 4 1 3 0.6999047177426523
0 0 0 0 7 0 0 0 0 0 0 0 0 7 0 0 7 0 0 0 0 6 0 1 0 0 0 0 0 0 0 7 1 0 0 0 4 0.9620928771210513
0 1 1 0 0 1 2 0 2 1 0 7 2 4 4 4 0 12 7 1 4 4 0 11 1 0 1 1 2 0 4 7 0 0 0 0 5 0.35893976424795815
0 1 2 0 2 0 0 2 0 0 0 1 0 4 8 12 0 8 1 12 2 8 4 1 2 0 2 2 0 1 0 1 2 0 2 1 2 0.4205890967136239
0 0 0 0 0 0 0 0 0 0 0 0 0 0 0 0 0 1 8 4 0 6 0 0 0 0 1 0 0 1 0 0 0 0 0 0 1 0.9913731522368527
0 0 0 8 0 0 0 0 0 0 0 0 0 10 0 13 0 0 0 0 0 0 0 0 0 0 0 0 1 0 0 0 0 0 4 0 1 1.0
---
6 14.468232044198896 12.0 36 
1 2 0 12 4 4 0 12 1 2 2 0 1 2 0 1 1 4 0 12 7 0 0 1 1 0 0 0 1 4 0 4 1 0 4 0 0 0.984177742511614
0 1 2 0 2 0 0 2 0 0 0 1 0 4 8 12 0 8 1 12 2 8 2 1 2 0 2 2 0 1 0 1 2 0 2 1 2 0.4198295275847801
0 2 1 0 0 1 0 0 2 1 0 7 2 2 2 0 0 12 7 1 4 4 4 0 1 0 1 11 2 4 4 1 0 0 0 0 5 0.5529547356580147
0 0 0 8 0 0 0 0 0 0 0 0 0 10 0 13 0 0 0 0 0 0 0 0 0 0 0 0 1 0 0 0 0 0 4 0 1 1.0
0 1 1 0 0 1 2 0 2 1 1 4 2 4 1 4 0 12 7 1 4 4 0 0 1 0 1 0 2 0 4 1 0 0 0 0 5 0.3845944453170732
0 8 1 0 0 1 0 0 2 1 0 7 2 2 2 0 0 12 7 1 4 4 4 0 1 0 1 11 2 4 4 1 0 0 0 0 5 0.5488407766356853
0 0 0 0 7 0 0 0 0 0 0 0 0 7 0 0 7 0 0 0 0 6 0 1 0 0 0 0 0 0 0 7 1 0 0 0 4 0.9620928771210513
0 1 2 0 2 0 0 2 0 0 0 1 0 4 8 12 0 8 1 12 2 8 4 1 2 0 2 2 0 1 0 1 0 0 2 1 2 0.20466285393224448
4 0 8 0 12 0 12 7 12 0 4 1 0 0 12 0 0 13 11 0 0 8 0 7 12 8 4 0 0 12 8 0 0 8 4 1 3 0.6999047177426523
0 0 0 0 0 0 0 0 0 0 0 0 0 0 0 0 0 1 8 4 0 6 0 0 0 0 1 0 0 1 0 0 0 0 0 0 1 0.9913731522368527
0 2 1 0 0 1 0 0 2 1 0 7 2 2 2 11 0 12 7 1 4 4 4 0 1 0 1 11 2 4 4 1 0 0 0 0 5 0.469867996523764
4 0 8 0 12 0 12 7 12 0 4 1 0 0 12 0 0 13 11 0 0 8 0 7 12 8 4 0 0 12 8 0 0 8 4 1 3 0.6999047177426523
---
7 13.898480662983426 9.0 36 
1 2 0 12 1 4 0 4 1 2 2 0 1 2 0 1 1 2 0 12 7 0 0 1 1 0 0 0 1 4 0 4 1 0 4 0 0 0.9939008860558848
0 2 1 0 0 1 0 0 2 1 0 7 2 2 2 11 0 12 7 1 4 4 4 0 1 0 1 11 2 4 4 1 0 0 0 0 5 0.469867996523764
0 2 1 0 0 1 2 0 2 1 0 7 2 4 1 4 1 12 7 1 4 4 0 0 1 0 1 0 2 0 4 1 0 0 0 0 5 0.38570587124815714
0 0 0 0 0 0 0 0 0 0 0 0 0 0 0 0 0 1 8 4 0 6 0 0 0 0 1 0 0 1 0 0 0 0 0 0 1 0.9913731522368527
0 0 0 8 0 0 0 0 0 0 0 0 0 10 0 13 0 0 0 0 0 0 0 0 0 0 0 0 1 0 0 0 0 0 4 0 1 1.0
4 0 8 0 12 0 12 7 12 0 4 1 0 0 12 0 0 13 11 0 0 8 0 7 12 8 4 0 0 12 8 0 0 8 4 1 3 0.6999047177426523
0 1 2 0 2 0 0 2 0 0 0 1 0 4 8 12 0 8 1 12 2 8 4 1 2 0 2 2 0 1 0 1 2 0 2 1 2 0.37898281870231476
0 1 1 0 0 1 2 0 2 1 1 4 4 4 1 4 0 12 7 1 4 4 0 0 1 0 1 0 2 0 4 1 0 0 0 0 5 0.4391571421490654
0 0 0 0 7 0 0 0 0 0 0 0 0 7 0 0 7 0 0 0 0 6 0 1 0 0 0 0 0 0 0 7 1 0 0 0 4 0.9620928771210513
---
8 14.053867403314918 9.0 36 
1 2 0 12 1 4 0 4 1 2 2 0 1 2 0 1 1 2 0 12 7 0 0 1 1 0 0 0 1 4 0 4 1 0 4 0 0 0.9850019678327769
0 1 2 0 2 0 0 2 0 0 0 1 0 4 8 12 0 8 1 12 2 8 4 1 2 0 2 2 0 1 0 1 2 0 2 1 2 0.3441277565058143
0 0 0 0 0 0 0 0 0 0 0 0 0 10 0 13 0 0 0 4 0 0 0 0 0 0 0 0 1 0 0 0 0 0 0 0 1 1.0
4 0 8 0 12 0 12 7 12 0 4 1 0 0 12 0 0 13 11 0 0 8 0 7 12 8 4 0 0 12 8 0 0 8 4 1 3 0.6999047177426523
0 0 0 0 7 0 0 0 0 0 0 0 0 7 0 0 7 0 0 0 0 6 0 1 0 0 0 0 0 0 0 7 1 0 0 0 4 0.9620928771210513
0 2 1 0 0 1 2 0 2 1 0 7 2 4 1 2 0 12 7 1 0 4 4 0 1 0 1 1 2 0 0 11 0 0 0 0 5 0.41282359313247663
0 0 0 0 0 0 0 0 0 0 0 0 0 0 0 0 0 1 8 4 0 6 0 0 0 0 1 0 0 1 0 0 0 0 0 0 1 0.9913731522368527
4 0 0 12 12 0 1 7 1 2 4 1 0 0 0 0 0 13 11 0 0 0 0 7 12 0 0 0 0 12 8 4 1 0 4 1 3 0.46629784664562135
0 2 1 0 0 1 2 0 2 1 0 7 2 4 1 2 0 12 2 1 0 4 4 0 1 4 1 1 2 0 0 1 0 0 0 0 5 0.42318048153466137
