---
0 13.261958211017093 10.0 36 
1 2 2 4 1 0 0 4 1 0 0 0 0 2 0 7 1 0 0 0 1 0 0 4 1 0 0 0 1 4 0 0 1 5 2 7 0 0.8967350415823442
0 2 4 0 2 8 0 1 2 0 4 1 0 0 8 12 2 2 1 0 2 2 4 7 0 0 2 0 2 0 4 2 2 0 0 0 2 0.5785146509342562
0 4 0 0 0 0 0 4 2 4 0 0 4 1 7 11 0 12 0 4 7 0 1 3 0 4 1 1 0 4 0 0 0 4 0 0 5 0.7450919627646411
0 0 0 0 0 11 0 0 0 0 0 2 4 0 4 0 0 11 0 7 0 0 4 0 0 0 0 2 0 0 2 0 4 0 0 0 4 0.5365940917553149
0 4 4 4 12 0 0 11 0 0 4 7 0 0 12 0 1 8 0 0 0 0 0 0 12 12 12 11 0 8 12 0 0 0 7 4 3 0.2641892214152366
0 0 0 0 1 0 13 0 0 6 0 0 0 0 0 0 0 0 0 0 6 0 0 0 0 0 0 0 0 0 0 0 0 0 0 0 1 0.9889185745451832
0 4 0 0 0 0 0 4 2 4 0 0 4 0 7 11 0 12 0 4 0 0 2 3 0 4 1 1 0 4 0 1 0 4 0 0 5 0.5609807246829417
0 4 0 0 0 0 0 4 2 4 0 0 4 0 4 11 0 12 2 4 0 0 1 3 0 4 1 1 0 4 0 0 0 4 0 0 5 0.5483622800815613
0 0 0 2 0 1 0 0 1 0 0 2 0 0 0 0 1 3 8 2 0 0 0 1 0 0 0 0 1 0 0 0 0 0 0 0 1 0.9743981310930148
1 2 2 4 1 0 0 4 1 0 0 0 0 2 0 7 1 0 0 0 1 0 0 4 1 0 0 0 1 4 0 0 1 0 2 7 0 0.8389148542847398
---
1 13.244690036263169 6.0 36 
0 2 4 0 2 0 0 1 2 0 4 1 0 0 8 0 2 2 1 0 2 2 0 12 0 0 2 0 2 0 4 2 2 0 4 1 2 0.7330545698979405
0 0 0 0 0 0 1 0 4 2 1 0 4 0 1 3 0 12 0 0 0 4 1 1 0 4 1 7 0 4 0 4 0 4 0 1 5 0.7953409019380406
1 4 2 1 1 0 0 4 1 0 0 0 0 2 0 0 1 0 0 0 1 0 0 4 1 0 0 0 1 4 0 0 1 0 2 7 0 0.7824919428098741
0 0 0 2 0 1 0 0 1 0 0 2 0 0 0 0 1 3 8 2 0 0 0 1 0 0 0 0 1 0 0 0 0 0 0 0 1 0.9937924445969956
0 4 12 7 12 0 0 11 0 0 4 0 0 0 12 0 1 8 0 0 0 0 0 0 12 12 12 11 0 8 12 0 0 0 7 4 3 0.3333012374099442
0 0 0 0 0 11 0 0 0 0 0 2 4 0 4 0 0 11 0 7 0 0 4 0 0 0 0 0 0 0 2 0 4 0 0 0 4 0.37544472349086966
---
2 13.451908133310308 6.0 36 
1 0 2 0 1 0 0 4 1 0 0 0 0 2 0 0 1 0 0 0 1 0 0 4 1 0 0 0 1 4 0 0 1 2 2 7 0 0.8450179027847091
0 2 4 0 2 0 0 1 2 0 4 1 0 0 8 0 2 2 0 0 2 2 4 12 0 0 2 0 2 0 2 2 2 0 4 1 2 0.8193903394644289
0 0 0 0 0 0 1 0 4 2 1 0 4 0 1 3 0 12 0 0 0 4 1 1 0 4 1 7 0 4 0 4 0 4 0 1 5 0.7953409019380406
0 0 0 0 0 11 0 0 0 0 0 2 4 0 4 0 0 11 0 7 0 0 4 0 0 0 0 0 0 0 2 0 4 0 0 0 4 0.37544472349086966
0 0 0 2 0 1 0 0 1 0 0 2 0 0 0 0 1 3 8 2 0 0 0 1 0 0 0 0 1 0 0 0 0 0 0 0 1 0.9937924445969956
0 4 12 7 12 0 0 11 0 0 4 0 0 0 12 1 1 8 0 0 0 0 0 0 12 12 12 11 0 8 12 0 0 0 7 4 3 0.31462325402668423
---
3 13.520980832326025 7.0 36 
0 0 0 0 0 0 1 1 4 2 1 1 4 0 1 11 0 12 0 0 0 4 0 1 0 4 1 7 0 4 0 4 0 4 0 1 5 0.6904360893236736
0 2 4 0 2 0 0 1 2 0 4 1 0 0 8 12 2 2 1 0 2 2 4 12 0 0 2 0 2 0 4 2 2 0 4 1 2 0.8190153247726808
1 0 2 0 0 4 0 4 1 0 0 0 1 2 0 0 0 0 0 2 1 4 0 0 1 0 0 0 1 4 0 0 1 0 2 2 0 0.8042074084145621
0 0 0 0 0 11 0 0 0 0 0 2 4 0 4 0 0 11 0 7 0 0 4 0 0 0 0 0 0 0 2 0 4 0 0 0 4 0.37544472349086966
0 0 0 2 0 1 0 0 1 0 0 2 0 0 0 0 1 3 8 2 0 0 0 1 0 0 0 0 1 0 0 0 0 0 0 0 1 0.9937924445969956
1 0 0 0 0 0 0 4 1 0 0 0 1 1 0 0 1 0 0 7 1 4 2 0 1 0 0 0 1 4 0 0 1 0 2 12 0 0.7269558452459797
0 4 12 7 12 0 0 11 0 0 4 0 0 0 12 0 1 8 0 0 0 0 0 0 12 12 12 11 0 8 12 0 0 0 7 4 3 0.3333012374099442
---
4 13.451908133310308 8.0 36 
1 0 2 0 0 0 0 4 1 0 0 0 1 2 0 0 1 0 0 7 1 4 0 0 1 4 0 0 1 4 0 0 1 0 2 12 0 0.8782028773789908
0 0 0 0 0 0 1 0 4 2 1 0 4 0 1 3 0 12 0 0 0 4 1 1 0 4 1 7 0 4 0 4 0 4 0 1 5 0.7953409019380406
0 2 0 0 2 0 0 1 2 0 4 1 0 0 8 12 2 2 1 0 2 2 13 12 0 0 2 0 2 0 4 2 13 0 4 1 2 0.9364616467226297
0 0 0 0 0 11 0 0 0 0 0 2 4 0 4 0 0 11 0 7 0 0 4 0 0 0 0 0 0 0 2 0 4 0 0 0 4 0.37544472349086966
0 0 0 2 0 1 0 0 1 0 0 2 0 0 0 0 1 3 8 2 0 0 0 1 0 0 0 0 1 0 0 0 0 0 0 0 1 0.9937924445969956
0 2 4 0 2 0 0 1 2 0 4 1 0 0 8 12 2 2 1 0 2 2 4 12 0 0 2 0 2 0 4 2 2 0 4 1 2 0.8190153247726808
0 4 12 7 12 0 0 11 0 4 4 0 0 0 12 0 1 8 0 0 0 0 0 0 12 12 12 11 0 8 12 0 0 0 7 4 3 0.43925154497435615
0 2 0 0 2 0 5 1 2 0 4 1 0 0 8 12 2 2 1 0 2 2 13 12 0 0 2 0 2 0 4 2 13 0 4 3 2 0.8701605488130775
---
5 15.834916249352442 5.0 36 
1 0 2 0 0 0 0 4 1 0 0 0 1 2 0 0 1 0 0 7 1 4 0 0 1 4 0 0 1 4 0 0 1 0 2 12 0 0.8782028773789908
0 2 4 0 2 0 0 1 2 0 4 1 0 0 8 12 2 2 1 0 2 2 4 12 0 0 2 0 2 0 4 2 2 0 4 1 2 0.8190153247726808
0 0 0 0 0 11 0 0 0 0 0 2 4 0 4 0 0 11 0 7 0 0 4 0 0 0 0 0 0 0 2 0 4 0 0 0 4 0.37544472349086966
0 0 0 0 0 0 1 0 4 2 1 7 4 0 1 3 0 12 0 0 0 4 1 1 0 4 1 7 0 4 0 4 0 0 0 1 5 0.6829254217061964
0 0 0 2 0 1 0 0 1 0 0 2 0 0 0 0 1 3 8 2 0 0 0 1 0 0 0 0 1 0 0 0 0 0 0 0 1 0.9754393909690265
---
6 13.69366257986531 6.0 36 
0 0 0 0 0 0 1 0 2 4 4 0 4 0 1 3 0 12 0 0 0 1 1 1 0 0 1 1 0 4 0 0 0 2 0 0 5 0.6758632345161124
0 0 0 2 0 1 0 4 1 0 0 2 0 0 0 0 1 3 8 2 0 0 0 1 0 0 0 0 1 0 0 0 0 0 0 0 1 0.9125631032194392
0 2 4 0 2 0 0 1 2 0 4 1 0 0 8 12 2 2 1 7 2 2 4 0 0 0 2 0 2 0 2 2 2 0 4 4 2 0.6529476285223372
1 0 2 0 0 0 0 4 1 0 0 0 1 2 0 0 1 0 0 7 1 4 0 0 1 0 0 0 1 4 0 0 1 0 2 12 0 0.8796564437052572
0 0 0 0 0 11 0 0 0 0 0 2 4 0 4 0 0 11 0 7 0 0 4 0 0 0 0 0 0 0 2 0 4 0 0 0 4 0.37544472349086966
0 4 12 7 12 0 0 11 0 0 4 0 0 0 12 0 1 8 0 0 0 0 0 0 12 12 12 11 0 8 12 0 0 0 7 4 3 0.3140043901402425
---
7 13.831807977896737 7.0 36 
0 2 4 0 2 8 0 1 2 0 4 1 0 0 8 12 2 2 1 0 2 2 4 7 0 0 2 0 2 0 4 2 2 0 0 0 2 0.5785146509342562
0 4 0 0 0 0 1 4 2 4 0 0 4 0 1 7 0 12 0 4 0 0 1 3 0 4 1 11 0 4 0 0 4 1 0 0 5 0.6593754692252516
0 0 0 0 0 11 0 0 0 0 0 2 4 0 4 0 0 11 0 7 0 0 4 0 0 0 0 2 0 0 2 0 4 0 0 0 4 0.5365940917553149
0 0 0 2 0 1 0 0 1 0 0 2 0 0 0 0 1 3 8 2 0 0 0 1 0 0 0 0 1 0 0 0 0 0 0 0 1 0.9937924445969956
1 2 2 4 1 0 0 4 1 0 0 0 0 2 0 7 1 0 0 0 1 0 0 4 1 0 0 0 1 4 0 0 1 0 2 7 0 0.8389148542847398
0 4 0 0 0 0 1 4 2 4 0 0 4 0 1 7 0 12 0 4 0 0 1 3 0 4 1 11 0 4 0 0 12 4 0 0 5 0.678702380683178
0 4 4 4 12 0 0 11 0 0 4 7 0 0 12 0 1 8 0 0 0 0 0 0 12 12 12 11 0 8 12 0 0 0 7 4 3 0.2641892214152366
---
8 15.334139181488515 6.0 36 
0 2 4 0 2 8 0 1 2 0 4 1 0 0 8 12 2 2 1 0 2 2 4 7 0 0 2 0 2 0 4 2 2 0 0 0 2 0.5785146509342562
0 0 0 2 0 1 0 0 1 0 0 2 0 0 0 0 1 3 8 2 0 0 0 1 0 0 0 0 1 0 0 0 0 0 0 0 1 0.984905575069957
0 0 0 0 0 11 0 0 0 0 0 2 4 0 4 0 0 11 0 7 0 0 4 0 0 0 0 2 0 0 2 0 4 0 0 0 4 0.5365940917553149
0 4 4 4 12 0 0 11 0 0 4 7 0 0 12 0 1 8 0 0 0 0 0 0 12 12 12 11 0 8 12 11 0 0 7 4 3 0.3670193728328035
0 4 0 0 0 0 0 4 2 4 0 0 4 1 7 11 0 12 0 4 0 0 11 3 0 4 1 1 0 4 0 0 0 4 0 0 5 0.8994556234253808
1 8 2 4 1 0 0 4 1 0 0 0 0 2 0 7 1 0 0 0 1 0 0 4 1 0 0 0 1 4 0 0 1 0 2 7 0 0.5661946574953594
