---
0 14.261049723756905 9.0 36 
0 0 1 7 0 0 4 0 0 0 0 0 0 2 4 8 5 0 8 7 4 13 2 4 0 2 0 12 0 0 1 0 2 0 0 0 2 0.866900136393193
0 4 0 1 4 0 0 1 0 0 0 0 0 4 1 0 2 2 7 2 4 0 0 4 4 0 7 0 4 0 7 7 2 4 0 7 5 0.5772226174320196
4 0 0 2 0 0 2 4 0 0 0 0 1 0 0 0 1 2 0 0 7 0 0 12 1 0 0 2 0 0 2 2 0 4 2 4 0 0.6400945440860819
4 0 0 4 1 2 1 4 0 0 0 2 1 0 0 0 7 2 2 0 7 0 0 12 1 0 0 0 0 0 0 2 0 0 2 4 0 0.818288687397694
0 0 4 0 4 2 0 0 0 0 0 11 4 0 1 0 0 13 7 0 0 0 0 7 1 8 0 11 12 0 0 0 0 0 12 0 3 0.3013280622326726
0 0 0 2 0 0 0 0 0 0 0 2 0 0 2 0 0 6 8 0 0 0 0 0 0 0 2 0 0 0 0 0 0 0 0 0 1 0.9991053405608131
0 0 0 1 0 0 0 0 0 0 0 0 7 7 0 0 1 6 0 4 0 0 0 0 7 7 0 0 0 0 1 0 0 7 0 0 4 0.7913239155481112
0 4 0 1 4 0 0 1 0 0 0 0 4 4 7 0 2 2 2 11 4 0 0 4 4 0 4 0 4 0 1 7 2 4 0 7 5 0.34259624679405554
0 8 0 2 0 0 0 0 0 0 0 2 0 0 2 0 0 6 8 0 0 0 0 0 0 0 2 0 0 0 0 0 0 0 0 0 1 0.9717120481516377
---
1 15.642265193370166 7.0 36 
4 0 0 4 1 0 2 4 0 4 0 2 4 10 0 0 1 2 0 0 7 0 0 12 1 0 0 2 0 0 0 2 0 0 2 4 1 0.901227302562124
2 4 0 1 4 0 4 1 0 0 0 1 0 4 1 1 4 12 7 1 12 0 0 0 4 0 4 0 4 0 1 7 2 4 0 1 5 0.6429596079852602
0 0 1 7 0 0 4 0 0 0 0 0 0 2 4 8 5 0 8 7 4 13 2 4 0 2 0 12 8 0 1 0 2 0 0 0 2 0.6330652653179234
0 0 4 0 4 2 0 0 0 0 0 11 4 0 1 0 0 13 7 0 0 0 0 7 1 8 0 11 12 0 0 0 0 0 12 0 3 0.41788982866727764
0 0 0 2 0 0 0 0 0 0 0 2 0 0 2 0 0 6 8 0 0 0 0 0 0 0 2 0 0 0 0 0 0 0 0 0 1 0.9937171950473613
0 0 0 1 0 0 0 0 0 0 0 0 7 7 0 0 1 6 0 4 0 0 0 0 0 7 0 0 0 0 1 0 0 7 0 0 4 0.9192665201219541
4 0 0 4 1 0 2 4 0 4 0 2 4 0 0 0 1 2 0 0 7 0 0 12 1 0 4 2 0 0 0 2 0 0 2 4 0 0.732688000471472
---
2 17.52417127071823 7.0 36 
0 4 0 1 4 0 0 1 0 0 0 0 0 4 1 0 2 2 7 2 4 2 0 12 4 0 7 0 4 0 7 7 2 4 0 7 5 0.2805816363471887
0 0 1 7 0 0 4 0 0 0 0 0 0 2 4 8 5 0 8 7 4 13 2 4 0 2 0 2 0 0 1 0 2 0 0 0 2 0.6225552772421796
0 0 0 1 0 0 0 0 0 0 0 0 7 7 0 0 1 6 0 4 0 0 0 0 7 7 0 0 0 0 1 0 0 7 0 0 4 0.7913239155481112
0 4 0 1 4 0 0 1 0 0 0 0 0 4 1 0 2 2 7 2 4 2 0 4 4 0 7 0 4 0 7 7 2 4 0 7 5 0.5703949751770767
0 0 0 2 0 0 0 0 0 0 0 2 0 0 2 0 0 6 8 0 0 0 0 0 0 0 2 0 0 0 0 0 0 0 0 0 1 0.9997754393558568
4 0 0 4 1 2 1 4 0 0 0 2 1 0 0 0 1 2 2 0 7 0 0 12 1 0 0 0 0 0 0 2 7 0 2 4 0 0.9352282116742135
0 0 0 1 4 0 0 1 0 0 0 0 0 4 1 0 2 2 7 2 4 2 0 3 4 0 0 0 4 0 7 7 2 4 0 7 5 0.46803738085095326
---
3 15.17610497237569 6.0 36 
1 0 0 12 1 0 2 2 0 0 0 2 4 0 0 7 1 2 0 0 7 0 0 12 1 0 0 0 0 0 0 4 0 4 2 4 0 0.9267738811400414
0 0 0 1 4 0 0 1 0 0 0 0 0 4 7 0 2 2 7 1 4 0 0 11 4 4 7 0 4 4 4 4 2 4 0 4 5 0.6777770400084212
0 0 1 7 0 0 4 0 0 0 0 0 0 2 4 8 5 0 8 7 4 13 2 4 0 2 0 2 0 0 1 0 2 0 0 0 2 0.7792572850578368
0 0 0 2 0 0 0 0 0 0 0 2 0 0 2 0 0 6 8 0 0 0 0 0 0 0 2 0 0 0 0 0 0 0 0 0 1 0.9937171950473613
0 0 4 0 4 2 0 0 0 0 0 11 4 0 1 0 0 13 7 0 0 0 0 7 1 8 0 11 12 0 0 0 0 0 12 0 3 0.41788982866727764
0 0 0 1 0 0 0 0 0 0 0 0 7 7 0 0 1 6 0 4 0 0 0 0 0 7 0 0 0 0 1 0 0 7 0 0 4 0.9192665201219541
---
4 15.0207182320442 8.0 36 
1 0 0 12 1 0 2 0 0 0 0 2 4 0 0 7 1 2 4 0 7 0 0 12 1 0 0 4 0 0 0 12 0 4 2 4 0 0.8506648726914448
0 0 0 1 4 4 0 1 0 0 0 0 0 4 7 0 2 12 7 1 4 2 0 11 4 4 0 0 4 4 4 4 2 4 0 4 5 0.6316151689312104
0 0 1 7 0 0 4 0 0 0 0 0 0 2 4 8 5 0 8 7 4 13 2 4 0 2 0 12 0 0 1 0 2 0 0 0 2 0.6066094569162579
0 0 0 2 0 0 0 0 0 0 0 2 0 0 2 0 0 6 8 0 0 0 0 0 0 0 2 0 0 0 0 0 0 0 0 0 1 0.9993186928177994
0 0 0 1 0 0 0 0 0 0 0 0 7 7 0 0 1 6 0 4 0 0 0 0 0 7 0 0 0 0 1 0 0 7 0 0 4 0.8819501238380469
0 0 4 0 4 2 0 0 0 0 0 11 4 0 1 0 0 13 7 0 0 0 0 7 1 8 0 11 12 0 0 0 0 0 12 0 3 0.3013280622326726
0 0 0 1 4 4 0 1 0 0 0 0 4 4 4 0 2 2 1 1 4 0 0 11 4 4 7 0 4 4 4 4 2 4 0 4 5 0.493125713368614
0 0 1 7 0 0 4 1 8 0 0 0 0 2 4 8 5 0 8 7 4 13 2 4 0 2 0 12 0 0 1 0 2 0 0 0 2 0.7315896151656668
---
5 14.520027624309392 13.0 36 
0 0 0 1 0 0 0 0 0 0 0 0 7 7 0 0 1 6 0 4 0 0 0 0 0 7 0 0 0 0 1 0 0 7 0 0 4 0.8819501238380469
0 0 1 7 0 0 4 0 0 0 0 0 0 2 4 8 5 0 8 7 4 13 2 4 0 2 0 12 0 0 1 0 0 0 0 0 2 0.573684429298536
0 0 0 2 0 0 0 0 0 0 0 2 0 0 2 0 0 6 8 0 0 0 0 0 0 0 2 0 0 0 0 0 0 0 0 0 1 0.9937171950473613
1 0 0 4 1 0 2 0 0 0 0 2 4 0 0 4 1 2 0 0 7 2 0 12 1 0 0 4 0 2 0 4 4 2 2 4 0 0.9724946149865288
4 0 0 1 0 0 2 4 0 0 0 0 1 0 0 0 1 2 0 0 7 0 0 12 1 0 0 2 0 0 2 2 7 4 2 4 0 0.9067684907584348
0 4 0 1 4 0 0 1 0 0 0 0 0 4 1 0 2 2 7 2 4 0 0 4 4 0 7 0 4 0 7 7 2 4 0 7 5 0.5772226174320196
4 0 0 1 0 0 2 4 0 0 0 0 1 0 0 0 1 2 0 0 7 0 0 12 1 0 0 2 0 0 2 2 7 4 2 4 0 0.9067684907584348
0 0 1 7 0 0 4 0 0 0 0 0 0 2 4 8 5 0 8 7 4 13 2 4 0 2 0 12 0 0 1 0 2 0 0 0 2 0.7547398730171306
0 0 4 0 4 2 0 0 0 0 0 11 4 0 1 0 0 13 7 0 0 0 0 7 1 8 0 11 12 0 0 0 0 0 12 0 3 0.3013280622326726
0 0 0 1 0 0 0 0 0 0 0 0 7 7 0 0 1 6 0 4 0 0 0 0 0 7 0 0 0 0 1 0 0 7 0 0 4 0.8819501238380469
0 0 1 7 0 0 4 0 0 0 0 0 0 2 4 8 5 0 8 7 4 13 2 4 0 2 0 12 0 0 1 0 2 0 0 0 2 0.7547398730171306
0 4 0 1 4 0 0 7 0 0 0 0 0 4 1 0 2 2 7 2 4 0 0 4 4 0 7 0 4 0 7 7 2 4 0 7 5 0.5600347884448769
0 0 0 2 0 0 0 0 0 0 0 2 0 0 2 0 0 6 8 0 0 0 0 0 0 0 2 0 0 0 0 0 0 0 0 0 1 0.9937171950473613
---
6 14.261049723756905 7.0 36 
0 0 0 2 0 0 0 0 0 0 0 2 0 0 2 0 0 6 8 0 0 0 0 0 0 0 2 0 0 0 0 0 0 0 0 0 1 0.9937171950473613
0 0 4 0 4 2 0 0 0 0 0 11 4 0 1 0 0 13 7 0 0 0 0 7 1 8 0 11 12 0 0 0 0 0 12 0 3 0.26280581900170463
0 0 0 1 0 0 0 0 0 0 0 0 7 7 0 0 1 6 0 4 0 0 0 0 0 7 0 0 0 0 1 0 0 7 0 0 4 0.8819501238380469
4 0 0 1 0 0 2 4 0 0 0 0 1 0 0 0 1 2 0 0 7 0 0 12 1 0 0 2 0 0 2 2 0 4 2 4 0 0.55870336583582
0 0 1 7 0 0 4 0 0 0 0 0 0 2 4 8 5 0 8 7 4 13 2 4 0 2 0 12 0 0 1 0 2 0 0 0 2 0.7547398730171306
0 4 0 1 4 0 0 0 4 0 0 0 0 4 1 0 2 4 1 2 4 0 0 4 4 0 2 0 0 0 1 7 2 4 0 7 5 0.22298999418011967
0 4 0 1 4 0 0 1 0 0 0 0 0 4 1 0 2 2 7 2 4 0 0 4 4 0 7 0 4 0 7 7 2 4 0 7 5 0.5772226174320196
---
7 14.744475138121546 7.0 36 
4 0 0 1 0 0 2 4 0 0 0 0 1 0 0 0 1 2 0 0 7 0 0 12 2 0 0 2 0 0 2 2 0 4 2 4 0 0.877870714921323
0 0 1 7 0 0 4 0 0 0 0 0 0 2 4 8 5 0 8 7 4 13 2 4 0 2 0 12 0 0 1 0 2 0 0 0 2 0.8386755975748842
0 4 0 0 4 0 0 1 0 0 0 0 0 4 1 0 2 2 7 2 4 0 0 4 4 0 7 0 4 0 7 7 2 4 0 7 5 0.29220840431134465
0 0 0 2 0 0 0 0 0 0 0 2 0 0 2 0 0 6 8 0 0 0 0 0 0 0 2 0 0 0 0 0 0 0 0 0 1 0.9937171950473613
0 0 4 0 4 2 0 0 0 0 0 11 4 0 1 0 0 13 7 0 0 0 0 7 1 8 0 11 12 0 0 0 0 0 12 0 3 0.3013280622326726
0 4 0 1 4 0 0 1 0 0 0 0 4 4 7 0 2 2 2 11 4 0 0 4 4 0 4 0 4 0 1 7 2 4 0 7 5 0.34259624679405554
0 0 0 1 0 0 0 0 0 0 0 0 7 7 0 0 1 6 0 4 0 0 0 0 0 7 0 0 0 0 1 0 0 7 0 0 4 0.8819501238380469
---
8 15.072513812154694 6.0 36 
0 4 0 1 4 0 0 1 4 0 0 0 0 4 1 1 2 2 7 2 4 0 0 4 4 0 7 0 4 0 7 7 4 4 0 7 5 0.6376461456327828
4 0 0 4 1 2 1 4 0 0 0 2 1 0 4 0 4 2 2 0 7 0 0 12 1 0 0 0 0 0 0 2 0 0 2 4 0 0.8784535982184685
0 0 1 7 0 0 4 0 0 0 0 0 0 2 4 8 5 0 8 7 4 13 2 4 0 2 0 12 0 0 1 0 2 0 0 0 2 0.866900136393193
0 0 0 2 0 0 0 0 0 0 0 2 0 0 2 0 0 6 8 0 0 0 0 0 0 0 2 0 0 0 0 0 0 0 0 0 1 0.9991053405608131
0 0 4 0 4 2 0 0 0 0 0 11 4 0 1 0 0 13 7 0 0 0 0 7 1 8 0 11 12 0 0 0 0 0 12 0 3 0.3013280622326726
0 0 0 1 0 0 0 0 0 0 0 0 7 7 0 0 1 6 0 4 0 0 0 0 7 7 0 0 0 0 1 0 0 7 0 0 4 0.7913239155481112
