0 0 13.054740113969954 12.882058366430668 12.899326541184596 15.765843550336731 14.816093938870662 14.95423933690209 71.8356069763426 71.87014332585045 71.93921602486617
0 1 12.847522016922811 12.882058366430668 12.830253842168881 15.938525297876014 15.29960283198066 15.40321188050423 69.64254878259368 69.91883957865653 69.81523053013296
0 2 12.98566741495424 13.072008288723882 12.899326541184596 16.1112070454153 15.213261958211016 15.368675530996374 68.52011742358832 69.12450353997582 69.1590398894837
0 3 12.588499395613884 12.415817648074597 12.536694871352097 13.935417026420307 13.348299084786738 13.43463995855638 71.19668451044726 72.21550682092904 71.40390260749439
0 4 13.141080987739596 13.08927646347781 12.778449317907098 16.577447763771367 15.558625453289586 15.696770851321014 69.40079433603869 69.08996719046797 69.00362631669833
0 5 12.776243093922652 12.569060773480665 12.638121546961326 14.934392265193368 13.984806629834253 13.984806629834253 68.50828729281768 68.68093922651933 68.646408839779
0 6 12.655386740331492 12.620856353591158 12.465469613259668 16.350138121546962 15.538674033149173 15.728591160220995 69.87223756906077 69.66505524861878 69.68232044198895
0 7 12.327348066298342 12.120165745856355 12.310082872928177 16.263812154696133 15.366022099447513 15.452348066298343 69.11256906077348 68.54281767955801 69.00897790055248
0 8 13.052486187845306 13.087016574585636 13.190607734806632 15.279696132596685 14.589088397790057 14.727209944751381 69.97582872928176 69.76864640883977 69.88950276243095
0 9 13.466850828729282 13.242403314917128 13.466850828729282 16.298342541436465 16.004834254143645 16.056629834254142 70.35566298342542 69.76864640883977 69.85497237569061
1 0 13.244690036263169 13.279226385771024 13.158349162493524 16.00759799689173 15.385943705750302 15.437748230012089 71.30029355897082 71.19668451044726 71.12761181143154
1 1 13.520980832326025 13.227421861509239 13.261958211017093 16.750129511310654 15.9903298221378 16.076670695907442 71.31756173372474 71.66292522880332 71.61112070454153
1 2 12.605767570367812 12.692108444137453 12.484890347090312 14.72975306510102 13.952685201174237 14.021757900189948 72.47452944223795 73.00984285960975 72.90623381108617
1 3 12.86479019167674 12.812985667414956 12.86479019167674 16.301156967708515 15.627698152305303 15.679502676567086 71.00673458815403 71.43843895700225 71.43843895700225
1 4 13.469176308064238 13.33103091003281 13.279226385771024 15.90398894836816 15.282334657226732 15.334139181488515 70.88585736487654 70.81678466586082 70.73044379209118
1 5 14.830801104972377 14.727209944751381 14.727209944751381 17.178867403314918 16.40193370165746 16.47099447513812 70.99447513812154 70.58011049723757 70.59737569060773
1 6 13.55317679558011 13.328729281767956 13.276933701657459 16.91988950276243 16.2292817679558 16.47099447513812 71.875 71.7196132596685 71.70234806629834
1 7 12.430939226519337 12.310082872928177 12.223756906077348 15.83218232044199 14.39917127071823 14.951657458563536 72.04765193370166 72.65193370165746 72.23756906077348
1 8 12.86256906077348 12.741712707182321 12.828038674033149 16.350138121546962 15.763121546961326 15.780386740331492 71.08080110497238 71.04627071823204 70.99447513812154
1 9 12.551795580110497 12.413674033149173 12.482734806629834 15.625 15.003453038674033 15.08977900552486 72.30662983425414 72.65193370165746 72.60013812154696
2 0 12.726644793645312 12.674840269383525 12.605767570367812 14.72975306510102 13.797271628388879 14.125366948713522 71.24848903470902 71.59385252978761 71.49024348126403
2 1 13.296494560524952 13.244690036263169 13.33103091003281 15.334139181488515 14.36712139526852 14.436194094284236 70.12605767570368 70.48868934553619 70.36781212225868
2 2 12.96839924020031 13.002935589708168 13.037471939216024 16.525643239509584 15.679502676567086 15.817648074598514 69.95337592816439 70.1951303747194 70.12605767570368
2 3 13.710930754619236 13.520980832326025 13.590053531341736 16.491106890001728 16.076670695907442 16.042134346399585 70.21239854947332 69.84976687964081 69.79796235537904
2 4 13.469176308064238 13.590053531341736 13.555517181833881 16.663788637541014 16.02486617164566 16.12847522016923 70.54049386979796 69.76342600587118 69.86703505439476
2 5 13.363259668508288 13.397790055248619 13.432320441988951 16.091160220994475 15.400552486187847 15.486878453038674 71.13259668508287 70.75276243093923 70.80455801104972
2 6 14.261049723756905 13.898480662983426 13.915745856353592 16.2292817679558 15.849447513812153 15.814917127071823 69.23342541436463 69.00897790055248 69.00897790055248
2 7 15.08977900552486 14.951657458563536 14.986187845303867 17.075276243093924 16.453729281767956 16.540055248618785 70.35566298342542 70.0103591160221 70.02762430939227
2 8 13.7603591160221 13.7603591160221 13.7603591160221 15.901243093922652 15.452348066298343 15.486878453038674 70.07941988950276 69.94129834254143 69.92403314917127
2 9 13.88121546961326 13.88121546961326 13.898480662983426 15.296961325966851 14.81353591160221 14.848066298342541 70.0103591160221 69.68232044198895 69.97582872928176
