---
13.622237569060774 18.0 36
0 0 0 12 13 2 0 4 0 0 0 12 9 0 0 0 2 0 8 0 8 0 0 0 0 0 0 0 0 0 0 0 0 0 12 0 2 0.870582176678349 
4 0 0 0 1 0 0 8 4 2 8 0 0 0 2 0 0 0 0 4 4 8 2 0 0 0 5 0 0 0 0 0 0 0 0 0 0 0.7471561676977729 
0 0 0 0 0 0 0 0 0 0 0 0 0 0 0 0 1 0 0 0 0 4 11 11 0 0 0 0 0 0 1 6 4 0 0 1 5 0.7902774461852216 
12 0 7 0 0 0 0 0 4 0 0 0 0 12 3 0 0 0 0 11 0 8 0 1 12 0 0 0 0 0 0 4 0 0 0 0 5 0.7819127409902771 
0 0 0 0 0 0 0 0 0 0 0 0 0 0 0 0 0 0 8 0 0 0 0 0 0 0 0 2 0 0 0 0 0 6 0 0 1 0.9534467758116557 
8 0 7 0 0 0 12 0 0 0 0 0 8 0 0 0 0 0 0 0 0 0 7 7 8 0 0 0 0 0 4 0 0 0 0 0 3 0.10066291798333782 
0 0 0 0 1 0 0 0 0 0 0 0 0 0 0 0 0 0 0 0 0 0 0 0 10 12 0 0 0 0 0 0 0 0 0 0 0 0.9818475423766111 
0 0 0 0 0 0 0 0 0 0 0 0 0 0 0 0 1 0 0 7 0 0 11 0 0 0 0 0 0 0 4 6 0 0 0 0 5 0.6621974115059335 
0 8 8 0 0 0 0 0 0 2 0 0 0 4 0 0 0 0 2 0 0 0 0 0 3 8 0 0 0 0 0 0 0 0 1 0 0 0.8859591966595908 
0 0 1 0 0 0 0 0 0 11 0 0 0 0 0 0 0 11 0 0 0 0 0 0 0 0 4 0 0 11 0 0 0 0 0 0 4 0.654940814216989 
0 0 0 0 0 0 4 0 0 0 0 0 0 0 12 0 0 0 4 0 0 13 12 7 8 0 0 4 0 0 0 0 0 7 0 0 3 0.3871087682843444 
0 0 0 7 11 0 0 0 11 0 7 0 0 0 12 0 0 0 0 0 3 0 0 12 1 0 0 0 0 0 0 0 0 12 0 7 0 0.839081335752863 
0 0 0 0 0 3 4 5 0 0 0 0 0 0 0 0 0 1 0 0 0 0 0 0 0 0 0 0 0 0 0 0 0 0 0 0 1 0.9237673716993279 
0 0 0 0 2 0 0 0 0 7 0 0 0 0 0 0 0 11 0 0 0 0 0 0 0 0 0 0 0 11 0 0 0 0 0 0 4 0.3733709057446253 
0 0 0 0 0 0 0 0 0 0 0 0 0 4 0 0 0 0 12 0 0 0 2 0 12 0 11 7 0 0 0 4 0 0 2 0 5 0.3036607693272275 
0 0 1 0 0 0 0 0 0 11 0 0 0 0 0 0 0 11 12 0 0 0 0 0 0 0 4 0 0 0 0 0 0 0 0 0 4 0.349926240936818 
0 0 0 0 0 0 0 0 0 0 0 0 0 6 0 0 0 0 8 0 4 0 0 1 0 1 0 0 0 0 0 0 0 0 0 0 1 0.8571244982025344 
0 0 0 0 0 0 1 0 0 0 2 0 0 0 4 0 8 13 8 0 13 0 0 0 13 5 8 0 0 0 0 0 0 0 4 4 2 0.8181526085053272 
