---
15.662234501813158 10.0 36
0 0 0 0 0 0 0 4 2 0 8 0 0 0 0 12 0 8 4 7 0 0 0 4 0 0 0 0 0 0 0 0 5 8 0 0 2 0.7150023795179727 
0 0 0 0 0 0 0 11 0 0 0 0 0 0 0 0 0 0 0 0 0 11 0 0 0 0 0 0 0 0 0 0 0 0 2 0 4 0.08771137188653078 
0 0 0 11 0 0 0 0 0 11 12 0 0 0 0 7 0 0 0 12 0 0 0 0 0 0 0 0 0 0 0 0 0 0 0 0 4 0.3048108722196907 
0 0 0 11 0 0 0 0 0 0 0 0 3 12 0 0 3 0 0 12 0 0 0 0 0 0 0 0 0 0 0 1 0 0 0 0 0 0.6262760472024764 
0 0 0 0 0 0 12 0 0 0 0 0 0 0 0 0 0 4 0 0 8 0 0 0 0 0 12 0 0 0 12 0 0 0 0 0 3 0.0718789143405727 
0 0 0 0 0 0 0 0 0 0 0 0 0 0 0 0 0 0 0 0 3 0 4 13 0 0 0 0 0 0 0 0 0 0 0 1 1 0.8510262404695399 
0 0 0 0 2 0 0 0 0 0 0 4 0 0 7 7 12 4 0 11 4 0 0 0 0 1 0 7 0 0 0 0 0 0 0 7 5 0.4242947697821968 
0 0 0 1 0 0 0 0 0 0 0 0 0 0 0 4 7 1 0 0 0 0 0 0 0 11 4 0 0 0 0 0 4 0 0 0 4 0.24370029571445828 
0 0 0 0 1 0 0 0 0 4 0 3 0 0 0 1 0 4 0 0 4 0 0 11 0 0 0 0 2 0 0 0 0 0 0 11 5 0.7102196523490019 
0 0 0 4 0 0 0 0 0 0 0 12 0 0 2 4 4 0 0 0 0 2 0 0 0 0 0 0 0 0 2 7 7 0 0 8 0 0.8969151300600715 
