---
15.83218232044199 11.0 36
0 2 0 7 0 0 0 0 0 0 0 0 5 0 0 12 0 0 0 0 0 0 0 0 0 13 4 0 0 5 0 0 0 0 8 2 2 0.8506158405680272 
0 0 0 0 0 0 0 0 0 0 0 0 0 0 0 0 0 0 0 0 3 0 0 5 0 1 0 0 0 0 0 2 0 0 0 0 1 0.9912875111384066 
4 0 0 0 7 8 0 0 0 0 0 12 0 0 2 0 0 0 0 0 0 0 4 0 0 2 2 0 0 0 0 4 1 0 0 1 0 0.7674005051743902 
0 0 0 13 0 0 4 0 0 0 0 2 7 0 0 0 0 0 0 0 3 0 0 1 0 1 2 0 0 0 0 2 8 0 0 3 1 0.9022022630438085 
0 0 0 0 0 12 0 0 0 0 0 0 12 0 7 11 0 0 4 0 0 0 0 0 4 0 0 1 0 0 0 2 2 0 0 7 5 0.4442125021259722 
4 0 0 0 7 8 0 0 0 0 0 12 0 0 2 0 0 0 0 0 0 0 4 0 0 2 2 0 0 0 0 4 1 0 0 1 0 0.7674005051743902 
0 0 12 0 0 0 0 0 0 0 0 7 0 0 12 0 12 0 1 0 8 0 4 0 0 0 12 0 0 0 0 0 0 0 12 0 3 0.2537565949861842 
0 4 0 0 0 0 0 0 0 0 0 7 0 0 12 0 0 0 0 0 0 0 0 0 0 0 0 0 12 3 0 0 0 0 12 0 4 0.24105361144061588 
0 0 0 0 0 2 7 0 0 0 0 0 1 0 0 0 0 0 0 0 0 0 0 0 0 4 0 7 0 0 7 0 0 6 0 0 4 0.6975698023843897 
0 0 0 0 0 0 7 4 0 0 13 0 0 0 13 0 0 0 0 0 0 0 0 0 7 6 0 0 0 0 0 5 3 0 0 0 1 0.9904309487746865 
0 0 0 12 0 0 8 0 1 0 0 0 14 0 0 0 0 1 0 4 0 0 0 0 0 0 0 0 2 0 4 0 0 0 0 0 2 0.9600727518322556 
