---
14.764289414608875 18.0 36
0 0 8 4 0 4 0 0 0 0 0 0 0 0 0 0 0 0 2 12 7 0 13 0 0 0 5 4 0 2 1 0 0 0 0 8 0 0.8778256025231319 
0 0 0 0 0 0 1 12 0 0 0 7 0 0 0 0 0 0 0 0 1 0 0 0 3 4 0 0 3 0 1 0 0 0 0 0 0 0.6385955029676128 
0 0 3 0 0 0 11 0 0 0 0 11 0 0 12 0 0 4 0 0 0 0 7 0 0 0 0 0 0 0 0 0 0 2 0 0 5 0.35971356631286167 
4 4 0 0 4 0 1 0 4 0 0 11 4 0 0 11 0 4 0 1 0 0 1 0 4 0 0 1 0 4 2 7 4 2 0 7 5 0.6555735840205494 
0 0 0 0 0 0 0 0 2 0 0 2 2 0 4 0 13 0 0 0 0 0 0 12 0 13 13 0 0 8 8 7 1 0 8 8 2 0.8851028937707683 
0 0 0 0 0 6 3 0 0 11 0 0 0 0 0 0 4 0 0 0 0 0 0 0 0 0 0 0 0 0 0 0 0 0 0 0 4 0.8743159728943277 
0 0 13 4 0 0 0 0 0 0 0 0 0 0 8 0 4 0 2 0 7 0 0 0 0 0 5 0 0 5 1 0 7 0 0 8 0 0.9333826005719607 
0 0 0 0 0 7 0 11 4 0 12 7 0 0 0 0 0 13 0 0 0 0 0 0 8 4 12 0 0 12 0 0 0 0 0 0 3 0.33803781443529246 
0 0 0 0 0 0 0 0 0 0 0 0 0 0 0 0 0 0 0 0 4 0 0 0 0 6 0 0 0 0 5 0 0 0 0 0 1 0.9751834559381396 
0 0 0 0 0 0 0 0 0 0 0 0 2 0 4 0 13 0 4 0 0 0 0 11 8 13 13 0 0 8 8 4 1 0 0 8 2 0.7378604152163475 
0 0 0 2 0 0 0 7 0 0 0 11 0 0 1 11 0 0 0 0 4 0 11 1 0 11 11 0 0 0 0 11 0 0 0 0 5 0.5949403230184604 
0 0 0 0 0 0 0 0 0 0 0 0 0 0 0 0 0 0 8 0 4 6 0 0 1 0 0 0 0 0 0 0 0 0 0 0 1 0.9457063828868579 
0 0 1 3 0 0 0 7 2 0 0 11 0 0 1 11 0 0 0 0 4 0 11 0 0 0 11 11 0 7 0 0 0 0 0 0 5 0.8154464146425 
0 0 0 2 1 0 0 0 0 0 0 0 0 12 0 0 0 8 0 0 0 0 0 3 0 0 11 0 0 0 0 11 0 0 0 0 5 0.6757596922514244 
0 0 13 0 0 0 0 0 0 4 0 0 0 4 0 0 3 11 0 0 0 0 0 0 0 0 0 0 0 0 0 0 0 0 0 0 1 0.15922876894535654 
0 0 0 0 0 4 0 0 0 0 0 1 0 0 0 0 12 0 0 0 0 11 12 0 0 0 4 0 0 0 0 0 0 0 0 0 4 0.0653049085983276 
0 0 0 0 0 0 0 0 0 0 0 7 0 0 0 0 0 0 0 0 0 11 0 2 0 11 0 0 0 0 0 0 0 0 0 0 4 0.2577966074532678 
0 0 0 0 0 0 0 0 0 0 0 0 2 0 2 0 13 0 4 0 0 0 0 2 8 13 1 0 0 8 8 4 1 0 0 8 2 0.8010504728354646 
