---
0 0 29.399671052631575 1.0 5
4 1 2 1 2 0 0.23742917871830804 
---
0 1 24.383223684210524 2.0 5
7 4 8 2 8 1 0.4170924937060979 
2 2 1 4 0 0 0.684496117195424 
---
0 2 24.383223684210524 2.0 5
7 4 8 2 8 1 0.4170924937060979 
2 2 1 4 0 0 0.684496117195424 
---
0 3 23.14967105263158 3.0 5
1 1 1 4 0 0 0.3810865656402609 
7 4 8 4 8 1 0.4295219476326604 
7 4 8 4 10 1 0.3846856804994552 
---
0 4 23.14967105263158 3.0 5
1 1 1 4 0 0 0.3810865656402609 
7 4 8 4 8 1 0.4295219476326604 
7 4 8 4 10 1 0.3846856804994552 
---
0 5 21.58717105263158 4.0 5
4 12 0 13 10 1 0.39510598874131775 
7 4 8 4 8 1 0.4295219476326604 
7 7 12 8 4 1 0.16676879457261973 
4 0 0 2 2 0 0.2656988717328961 
---
0 6 21.58717105263158 4.0 5
4 12 0 13 10 1 0.39510598874131775 
7 4 8 4 8 1 0.4295219476326604 
7 7 12 8 4 1 0.16676879457261973 
4 0 0 2 2 0 0.2656988717328961 
---
0 7 20.929276315789476 5.0 5
7 7 12 8 4 1 0.16676879457261973 
4 12 0 13 10 1 0.39510598874131775 
7 4 8 4 8 1 0.4295219476326604 
4 0 0 2 2 0 0.2656988717328961 
7 8 1 4 4 0 0.7271791715612901 
---
0 8 19.42845394736842 9.0 5
0 11 11 4 12 0 0.688714988497114 
7 12 8 13 3 1 0.25288321264085534 
11 12 12 8 4 1 0.16141809684316688 
7 4 8 4 8 1 0.4295219476326604 
11 11 12 13 8 0 0.25982473587643895 
2 3 7 3 0 0 0.8638348165698462 
11 7 13 13 7 0 0.16101833192401127 
11 8 2 1 0 0 0.6247664682010783 
8 4 12 1 4 0 0.7885050468782671 
---
0 9 19.42845394736842 9.0 5
0 11 11 4 12 0 0.688714988497114 
7 12 8 13 3 1 0.25288321264085534 
11 12 12 8 4 1 0.16141809684316688 
7 4 8 4 8 1 0.4295219476326604 
11 11 12 13 8 0 0.25982473587643895 
2 3 7 3 0 0 0.8638348165698462 
11 7 13 13 7 0 0.16101833192401127 
11 8 2 1 0 0 0.6247664682010783 
8 4 12 1 4 0 0.7885050468782671 
---
0 10 19.099506578947366 10.0 5
7 7 5 7 12 1 0.25036207695741175 
11 11 12 13 8 0 0.25982473587643895 
8 4 12 1 4 0 0.7885050468782671 
2 3 7 3 0 0 0.8638348165698462 
11 8 2 1 0 0 0.6247664682010783 
0 11 11 4 12 0 0.688714988497114 
11 12 12 8 4 1 0.16141809684316688 
7 4 8 4 8 1 0.4295219476326604 
11 7 13 13 7 0 0.16101833192401127 
7 12 8 13 3 1 0.25288321264085534 
---
0 11 19.777960526315788 7.0 5
7 8 1 4 4 0 0.7271791715612901 
4 0 0 2 2 0 0.2656988717328961 
0 11 11 4 12 0 0.688714988497114 
7 7 12 8 4 1 0.16676879457261973 
7 4 8 4 8 1 0.4295219476326604 
4 12 0 13 10 1 0.39510598874131775 
12 11 13 8 4 1 0.30184508370009344 
---
0 12 20.929276315789476 5.0 5
7 7 12 8 4 1 0.16676879457261973 
4 12 0 13 10 1 0.39510598874131775 
7 4 8 4 8 1 0.4295219476326604 
4 0 0 2 2 0 0.2656988717328961 
7 8 1 4 4 0 0.7271791715612901 
---
0 13 18.626644736842106 12.0 5
4 4 5 7 8 1 0.602177088792494 
7 12 8 13 3 1 0.25288321264085534 
2 3 7 3 0 0 0.8638348165698462 
2 1 2 2 3 0 0.2941051419550451 
7 4 8 4 8 1 0.4295219476326604 
7 3 8 12 7 1 0.2206028516120564 
11 7 13 13 7 0 0.16101833192401127 
7 4 8 4 10 1 0.3846856804994552 
8 4 12 1 4 0 0.7885050468782671 
11 11 12 13 8 0 0.25982473587643895 
0 11 11 4 12 0 0.688714988497114 
11 8 2 1 0 0 0.6247664682010783 
---
0 14 20.045230263157894 6.0 5
7 7 12 8 4 1 0.16676879457261973 
12 11 13 8 4 1 0.30184508370009344 
4 0 0 2 2 0 0.2656988717328961 
4 12 0 13 10 1 0.39510598874131775 
7 4 8 4 8 1 0.4295219476326604 
7 8 1 4 4 0 0.7271791715612901 
---
0 15 20.045230263157894 6.0 5
7 7 12 8 4 1 0.16676879457261973 
12 11 13 8 4 1 0.30184508370009344 
4 0 0 2 2 0 0.2656988717328961 
4 12 0 13 10 1 0.39510598874131775 
7 4 8 4 8 1 0.4295219476326604 
7 8 1 4 4 0 0.7271791715612901 
---
0 16 19.777960526315788 7.0 5
7 8 1 4 4 0 0.7271791715612901 
4 0 0 2 2 0 0.2656988717328961 
0 11 11 4 12 0 0.688714988497114 
7 7 12 8 4 1 0.16676879457261973 
7 4 8 4 8 1 0.4295219476326604 
4 12 0 13 10 1 0.39510598874131775 
12 11 13 8 4 1 0.30184508370009344 
---
0 17 19.099506578947366 10.0 5
7 7 5 7 12 1 0.25036207695741175 
11 11 12 13 8 0 0.25982473587643895 
8 4 12 1 4 0 0.7885050468782671 
2 3 7 3 0 0 0.8638348165698462 
11 8 2 1 0 0 0.6247664682010783 
0 11 11 4 12 0 0.688714988497114 
11 12 12 8 4 1 0.16141809684316688 
7 4 8 4 8 1 0.4295219476326604 
11 7 13 13 7 0 0.16101833192401127 
7 12 8 13 3 1 0.25288321264085534 
---
0 18 18.626644736842106 12.0 5
4 4 5 7 8 1 0.602177088792494 
7 12 8 13 3 1 0.25288321264085534 
2 3 7 3 0 0 0.8638348165698462 
2 1 2 2 3 0 0.2941051419550451 
7 4 8 4 8 1 0.4295219476326604 
7 3 8 12 7 1 0.2206028516120564 
11 7 13 13 7 0 0.16101833192401127 
7 4 8 4 10 1 0.3846856804994552 
8 4 12 1 4 0 0.7885050468782671 
11 11 12 13 8 0 0.25982473587643895 
0 11 11 4 12 0 0.688714988497114 
11 8 2 1 0 0 0.6247664682010783 
---
0 19 18.379934210526315 13.0 5
7 4 8 4 8 1 0.4295219476326604 
11 7 13 13 7 0 0.16101833192401127 
11 12 12 8 4 1 0.16141809684316688 
2 3 7 3 0 0 0.8638348165698462 
7 12 8 13 3 1 0.25288321264085534 
0 11 11 4 12 0 0.688714988497114 
2 1 2 2 3 0 0.2941051419550451 
7 4 8 4 10 1 0.3846856804994552 
7 3 8 12 7 1 0.2206028516120564 
4 4 5 7 8 1 0.602177088792494 
8 4 12 1 4 0 0.7885050468782671 
11 11 12 13 8 0 0.25982473587643895 
11 8 2 1 0 0 0.6247664682010783 
---
0 20 18.338815789473685 14.0 5
7 6 3 13 3 1 0.8159007617304128 
11 12 12 8 4 1 0.16141809684316688 
8 4 12 1 4 0 0.7885050468782671 
0 11 11 4 12 0 0.688714988497114 
7 12 8 13 3 1 0.25288321264085534 
2 1 2 2 3 0 0.2941051419550451 
7 4 8 4 10 1 0.3846856804994552 
7 4 8 4 8 1 0.4295219476326604 
2 3 7 3 0 0 0.8638348165698462 
11 7 13 13 7 0 0.16101833192401127 
11 11 12 13 8 0 0.25982473587643895 
11 8 2 1 0 0 0.6247664682010783 
4 4 5 7 8 1 0.602177088792494 
7 3 8 12 7 1 0.2206028516120564 
---
0 21 18.030427631578945 15.0 5
2 3 7 3 0 0 0.8638348165698462 
7 3 8 12 7 1 0.2206028516120564 
8 4 12 1 4 0 0.7885050468782671 
2 1 2 2 3 0 0.2941051419550451 
7 12 8 13 3 1 0.25288321264085534 
11 12 12 8 4 1 0.16141809684316688 
11 8 2 1 0 0 0.6247664682010783 
11 11 12 13 8 0 0.25982473587643895 
8 4 5 1 4 1 0.23867790002224432 
4 4 5 7 8 1 0.602177088792494 
11 7 13 13 7 0 0.16101833192401127 
7 4 8 4 10 1 0.3846856804994552 
7 4 11 14 4 1 0.3413784055967528 
0 11 11 4 12 0 0.688714988497114 
7 4 8 4 8 1 0.4295219476326604 
---
0 22 18.338815789473685 14.0 5
7 6 3 13 3 1 0.8159007617304128 
11 12 12 8 4 1 0.16141809684316688 
8 4 12 1 4 0 0.7885050468782671 
0 11 11 4 12 0 0.688714988497114 
7 12 8 13 3 1 0.25288321264085534 
2 1 2 2 3 0 0.2941051419550451 
7 4 8 4 10 1 0.3846856804994552 
7 4 8 4 8 1 0.4295219476326604 
2 3 7 3 0 0 0.8638348165698462 
11 7 13 13 7 0 0.16101833192401127 
11 11 12 13 8 0 0.25982473587643895 
11 8 2 1 0 0 0.6247664682010783 
4 4 5 7 8 1 0.602177088792494 
7 3 8 12 7 1 0.2206028516120564 
---
0 23 18.379934210526315 13.0 5
7 4 8 4 8 1 0.4295219476326604 
11 7 13 13 7 0 0.16101833192401127 
11 12 12 8 4 1 0.16141809684316688 
2 3 7 3 0 0 0.8638348165698462 
7 12 8 13 3 1 0.25288321264085534 
0 11 11 4 12 0 0.688714988497114 
2 1 2 2 3 0 0.2941051419550451 
7 4 8 4 10 1 0.3846856804994552 
7 3 8 12 7 1 0.2206028516120564 
4 4 5 7 8 1 0.602177088792494 
8 4 12 1 4 0 0.7885050468782671 
11 11 12 13 8 0 0.25982473587643895 
11 8 2 1 0 0 0.6247664682010783 
---
0 24 18.030427631578945 15.0 5
2 3 7 3 0 0 0.8638348165698462 
7 3 8 12 7 1 0.2206028516120564 
8 4 12 1 4 0 0.7885050468782671 
2 1 2 2 3 0 0.2941051419550451 
7 12 8 13 3 1 0.25288321264085534 
11 12 12 8 4 1 0.16141809684316688 
11 8 2 1 0 0 0.6247664682010783 
11 11 12 13 8 0 0.25982473587643895 
8 4 5 1 4 1 0.23867790002224432 
4 4 5 7 8 1 0.602177088792494 
11 7 13 13 7 0 0.16101833192401127 
7 4 8 4 10 1 0.3846856804994552 
7 4 11 14 4 1 0.3413784055967528 
0 11 11 4 12 0 0.688714988497114 
7 4 8 4 8 1 0.4295219476326604 
---
0 25 17.989309210526315 16.0 5
8 4 5 1 4 1 0.23867790002224432 
7 4 8 4 8 1 0.4295219476326604 
4 4 5 7 8 1 0.602177088792494 
11 7 13 13 7 0 0.16101833192401127 
7 6 3 13 3 1 0.8159007617304128 
11 11 12 13 8 0 0.25982473587643895 
0 11 11 4 12 0 0.688714988497114 
11 12 12 8 4 1 0.16141809684316688 
2 3 7 3 0 0 0.8638348165698462 
8 4 12 1 4 0 0.7885050468782671 
7 12 8 13 3 1 0.25288321264085534 
11 8 2 1 0 0 0.6247664682010783 
2 1 2 2 3 0 0.2941051419550451 
7 4 11 14 4 1 0.3413784055967528 
7 4 8 4 10 1 0.3846856804994552 
7 3 8 12 7 1 0.2206028516120564 
---
0 26 17.742598684210524 17.0 5
11 8 2 1 0 0 0.6247664682010783 
8 4 5 1 4 1 0.23867790002224432 
11 12 12 8 4 1 0.16141809684316688 
7 4 8 4 8 1 0.4295219476326604 
2 1 2 2 3 0 0.2941051419550451 
11 11 12 13 8 0 0.25982473587643895 
0 11 11 4 12 0 0.688714988497114 
11 7 13 13 7 0 0.16101833192401127 
2 3 7 3 0 0 0.8638348165698462 
7 3 8 12 7 1 0.2206028516120564 
7 12 8 13 3 1 0.25288321264085534 
8 4 12 1 4 0 0.7885050468782671 
7 4 11 14 4 1 0.3413784055967528 
7 4 8 4 10 1 0.3846856804994552 
4 4 5 7 8 1 0.602177088792494 
7 6 3 13 3 1 0.8159007617304128 
8 7 13 13 7 1 0.409915921805055 
---
0 27 17.722039473684212 18.0 5
11 7 13 13 7 0 0.16101833192401127 
2 3 7 3 0 0 0.8638348165698462 
7 6 3 13 3 1 0.8159007617304128 
7 4 11 14 4 1 0.3413784055967528 
2 1 2 2 3 0 0.2941051419550451 
7 4 8 4 10 1 0.3846856804994552 
4 4 5 7 8 1 0.602177088792494 
7 12 8 13 3 1 0.25288321264085534 
8 4 5 1 4 1 0.23867790002224432 
11 8 2 1 0 0 0.6247664682010783 
8 7 13 13 7 1 0.409915921805055 
11 12 12 8 4 1 0.16141809684316688 
0 11 11 4 12 0 0.688714988497114 
8 4 12 1 4 0 0.7885050468782671 
7 7 11 4 12 0 0.46868770085496836 
11 11 12 13 8 0 0.25982473587643895 
7 3 8 12 7 1 0.2206028516120564 
7 4 8 4 8 1 0.4295219476326604 
---
0 28 17.989309210526315 16.0 5
8 4 5 1 4 1 0.23867790002224432 
7 4 8 4 8 1 0.4295219476326604 
4 4 5 7 8 1 0.602177088792494 
11 7 13 13 7 0 0.16101833192401127 
7 6 3 13 3 1 0.8159007617304128 
11 11 12 13 8 0 0.25982473587643895 
0 11 11 4 12 0 0.688714988497114 
11 12 12 8 4 1 0.16141809684316688 
2 3 7 3 0 0 0.8638348165698462 
8 4 12 1 4 0 0.7885050468782671 
7 12 8 13 3 1 0.25288321264085534 
11 8 2 1 0 0 0.6247664682010783 
2 1 2 2 3 0 0.2941051419550451 
7 4 11 14 4 1 0.3413784055967528 
7 4 8 4 10 1 0.3846856804994552 
7 3 8 12 7 1 0.2206028516120564 
---
0 29 17.722039473684212 18.0 5
11 7 13 13 7 0 0.16101833192401127 
2 3 7 3 0 0 0.8638348165698462 
7 6 3 13 3 1 0.8159007617304128 
7 4 11 14 4 1 0.3413784055967528 
2 1 2 2 3 0 0.2941051419550451 
7 4 8 4 10 1 0.3846856804994552 
4 4 5 7 8 1 0.602177088792494 
7 12 8 13 3 1 0.25288321264085534 
8 4 5 1 4 1 0.23867790002224432 
11 8 2 1 0 0 0.6247664682010783 
8 7 13 13 7 1 0.409915921805055 
11 12 12 8 4 1 0.16141809684316688 
0 11 11 4 12 0 0.688714988497114 
8 4 12 1 4 0 0.7885050468782671 
7 7 11 4 12 0 0.46868770085496836 
11 11 12 13 8 0 0.25982473587643895 
7 3 8 12 7 1 0.2206028516120564 
7 4 8 4 8 1 0.4295219476326604 
---
0 30 17.742598684210524 17.0 5
11 8 2 1 0 0 0.6247664682010783 
8 4 5 1 4 1 0.23867790002224432 
11 12 12 8 4 1 0.16141809684316688 
7 4 8 4 8 1 0.4295219476326604 
2 1 2 2 3 0 0.2941051419550451 
11 11 12 13 8 0 0.25982473587643895 
0 11 11 4 12 0 0.688714988497114 
11 7 13 13 7 0 0.16101833192401127 
2 3 7 3 0 0 0.8638348165698462 
7 3 8 12 7 1 0.2206028516120564 
7 12 8 13 3 1 0.25288321264085534 
8 4 12 1 4 0 0.7885050468782671 
7 4 11 14 4 1 0.3413784055967528 
7 4 8 4 10 1 0.3846856804994552 
4 4 5 7 8 1 0.602177088792494 
7 6 3 13 3 1 0.8159007617304128 
8 7 13 13 7 1 0.409915921805055 
---
0 31 29.399671052631575 1.0 5
4 1 2 1 2 0 0.23742917871830804 
---
1 0 29.35855263157895 1.0 5
4 2 0 1 2 0 0.5117517958629492 
---
1 1 23.14967105263158 2.0 5
12 7 8 0 8 1 0.5015188840581966 
4 2 0 1 2 0 0.5117517958629492 
---
1 2 18.009868421052634 4.0 5
11 7 12 8 1 1 0.17067058511496525 
2 1 7 1 1 0 0.8098626340888961 
12 7 13 4 0 1 0.15014233373761976 
11 4 13 2 7 0 0.35648603684917335 
---
1 3 16.714638157894736 5.0 5
12 12 13 8 0 1 0.27355035072839373 
11 7 12 8 1 1 0.17067058511496525 
12 7 13 4 0 1 0.15014233373761976 
11 4 13 2 7 0 0.35648603684917335 
2 1 7 1 1 0 0.8098626340888961 
---
1 4 21.525493421052634 3.0 5
4 2 0 1 2 0 0.5117517958629492 
12 7 8 0 8 1 0.5015188840581966 
7 4 1 1 10 1 0.20200309875824196 
---
1 5 18.009868421052634 4.0 5
11 7 12 8 1 1 0.17067058511496525 
2 1 7 1 1 0 0.8098626340888961 
12 7 13 4 0 1 0.15014233373761976 
11 4 13 2 7 0 0.35648603684917335 
---
1 6 23.14967105263158 2.0 5
12 7 8 0 8 1 0.5015188840581966 
4 2 0 1 2 0 0.5117517958629492 
---
1 7 21.525493421052634 3.0 5
4 2 0 1 2 0 0.5117517958629492 
12 7 8 0 8 1 0.5015188840581966 
7 4 1 1 10 1 0.20200309875824196 
---
1 8 16.714638157894736 5.0 5
12 12 13 8 0 1 0.27355035072839373 
11 7 12 8 1 1 0.17067058511496525 
12 7 13 4 0 1 0.15014233373761976 
11 4 13 2 7 0 0.35648603684917335 
2 1 7 1 1 0 0.8098626340888961 
---
1 9 16.488486842105264 8.0 5
11 7 12 8 1 1 0.17067058511496525 
11 4 13 2 7 0 0.35648603684917335 
1 4 7 2 2 0 0.412442936243703 
12 7 13 4 0 1 0.15014233373761976 
2 1 1 2 1 0 0.4922198613787745 
0 2 7 7 12 0 0.858837201751391 
7 12 4 8 8 1 0.4191068383157881 
12 12 13 8 0 1 0.27355035072839373 
---
1 10 16.488486842105264 8.0 5
11 7 12 8 1 1 0.17067058511496525 
11 4 13 2 7 0 0.35648603684917335 
1 4 7 2 2 0 0.412442936243703 
12 7 13 4 0 1 0.15014233373761976 
2 1 1 2 1 0 0.4922198613787745 
0 2 7 7 12 0 0.858837201751391 
7 12 4 8 8 1 0.4191068383157881 
12 12 13 8 0 1 0.27355035072839373 
---
2 0 29.399671052631575 1.0 5
1 2 4 4 2 0 0.34961969797860304 
---
2 1 23.273026315789476 2.0 5
12 7 8 13 2 1 0.4920997661188593 
1 2 0 2 2 0 0.23676260651737824 
---
2 2 23.273026315789476 2.0 5
12 7 8 13 2 1 0.4920997661188593 
1 2 0 2 2 0 0.23676260651737824 
---
2 3 21.217105263157894 3.0 5
0 7 13 4 8 1 0.5984340584503585 
0 2 2 1 2 0 0.3968397403088495 
12 7 8 13 2 1 0.4920997661188593 
---
2 4 18.688322368421055 11.0 5
12 7 8 13 2 1 0.4920997661188593 
11 4 13 1 12 0 0.30070258274149286 
12 7 8 4 8 1 0.5186347933187869 
12 2 13 8 2 1 0.4724502709491598 
11 11 4 13 11 1 0.24871579706879188 
1 3 2 11 8 1 0.22369952723748 
11 3 11 10 2 1 0.5144116623763133 
8 1 7 12 2 0 0.9395282927692024 
4 11 12 1 2 0 0.2653440778727083 
8 4 9 4 3 1 0.3316123865928281 
1 2 0 2 2 0 0.23676260651737824 
---
2 5 18.236019736842106 16.0 5
1 11 12 14 1 0 0.17835820269503988 
12 2 8 8 7 1 0.07914914712150467 
12 7 8 4 8 1 0.5186347933187869 
7 3 5 11 8 1 0.3413318301632411 
8 1 1 12 2 0 0.8069365106082216 
1 7 4 4 2 0 0.10961512001714713 
11 7 8 8 3 1 0.13869927458438336 
2 8 7 2 6 0 0.6596021121723851 
11 0 11 2 2 0 0.6816384595367511 
7 7 7 13 7 1 0.3978744318156262 
8 12 5 12 1 1 0.4271503208944647 
1 7 11 6 3 1 0.37914428573421843 
4 11 11 2 1 0 0.7072471550953614 
11 4 13 1 12 0 0.30070258274149286 
4 11 12 1 2 0 0.2653440778727083 
11 12 5 12 1 0 0.2745303733983664 
---
2 6 17.47532894736842 18.0 5
11 4 13 1 12 0 0.30070258274149286 
4 11 11 2 3 0 0.6950849262008914 
7 7 7 13 7 1 0.3978744318156262 
8 1 7 12 2 0 0.9395282927692024 
12 2 8 8 7 1 0.07914914712150467 
11 7 8 14 7 0 0.15256929894208504 
1 7 11 6 3 1 0.37914428573421843 
12 7 8 4 8 1 0.5186347933187869 
1 7 4 4 2 0 0.10961512001714713 
12 7 8 2 3 1 0.06973992160062559 
11 12 5 12 1 0 0.2745303733983664 
8 12 5 12 1 1 0.4271503208944647 
4 11 12 1 2 0 0.2653440778727083 
4 3 2 4 8 1 0.36762882749556103 
2 8 7 2 6 0 0.6596021121723851 
1 11 12 14 1 0 0.17835820269503988 
11 0 11 2 2 0 0.6816384595367511 
11 7 8 8 3 1 0.13869927458438336 
---
2 7 21.217105263157894 3.0 5
0 7 13 4 8 1 0.5984340584503585 
0 2 2 1 2 0 0.3968397403088495 
12 7 8 13 2 1 0.4920997661188593 
---
2 8 20.60032894736842 4.0 5
12 7 8 13 2 1 0.4920997661188593 
1 2 0 2 2 0 0.23676260651737824 
0 7 13 4 8 1 0.5984340584503585 
11 4 13 1 12 0 0.30070258274149286 
---
2 9 20.60032894736842 4.0 5
11 4 13 1 12 0 0.30070258274149286 
12 7 8 13 2 1 0.4920997661188593 
0 7 13 4 8 1 0.5984340584503585 
1 2 0 2 2 0 0.23676260651737824 
---
2 10 19.983552631578945 5.0 5
12 7 8 13 2 1 0.4920997661188593 
0 7 13 4 8 1 0.5984340584503585 
1 2 0 2 2 0 0.23676260651737824 
11 4 13 1 12 0 0.30070258274149286 
8 4 9 4 3 1 0.3316123865928281 
---
2 11 19.983552631578945 5.0 5
0 7 13 4 8 1 0.5984340584503585 
11 4 13 1 12 0 0.30070258274149286 
8 4 9 4 3 1 0.3316123865928281 
12 7 8 13 2 1 0.4920997661188593 
1 2 0 2 2 0 0.23676260651737824 
---
2 12 19.736842105263158 6.0 5
1 2 0 2 2 0 0.23676260651737824 
12 7 8 13 2 1 0.4920997661188593 
11 4 13 1 12 0 0.30070258274149286 
11 3 11 10 2 1 0.5144116623763133 
8 4 9 4 3 1 0.3316123865928281 
0 7 13 4 8 1 0.5984340584503585 
---
2 13 18.46217105263158 14.0 5
8 1 1 12 2 0 0.8069365106082216 
12 2 8 8 7 1 0.07914914712150467 
1 7 11 6 3 1 0.37914428573421843 
4 11 11 2 1 0 0.7072471550953614 
1 11 12 14 1 0 0.17835820269503988 
11 12 5 12 1 0 0.2745303733983664 
2 8 7 2 6 0 0.6596021121723851 
11 4 13 1 12 0 0.30070258274149286 
11 0 11 2 2 0 0.6816384595367511 
1 7 4 4 2 0 0.10961512001714713 
8 12 5 12 1 1 0.4271503208944647 
7 7 7 13 7 1 0.3978744318156262 
11 7 8 8 3 1 0.13869927458438336 
12 7 8 4 8 1 0.5186347933187869 
---
2 14 19.736842105263158 6.0 5
1 2 0 2 2 0 0.23676260651737824 
12 7 8 13 2 1 0.4920997661188593 
11 4 13 1 12 0 0.30070258274149286 
11 3 11 10 2 1 0.5144116623763133 
8 4 9 4 3 1 0.3316123865928281 
0 7 13 4 8 1 0.5984340584503585 
---
2 15 18.25657894736842 15.0 5
12 7 8 4 8 1 0.5186347933187869 
12 2 8 8 7 1 0.07914914712150467 
2 8 7 2 6 0 0.6596021121723851 
8 1 7 12 2 0 0.9395282927692024 
8 12 5 12 1 1 0.4271503208944647 
4 11 12 1 2 0 0.2653440778727083 
1 7 11 6 3 1 0.37914428573421843 
7 7 7 13 7 1 0.3978744318156262 
11 4 13 1 12 0 0.30070258274149286 
1 11 12 14 1 0 0.17835820269503988 
4 11 11 2 1 0 0.7072471550953614 
11 12 5 12 1 0 0.2745303733983664 
11 7 8 8 3 1 0.13869927458438336 
11 0 11 2 2 0 0.6816384595367511 
1 7 4 4 2 0 0.10961512001714713 
---
2 16 19.017269736842106 9.0 5
12 7 8 4 8 1 0.5186347933187869 
11 4 13 1 12 0 0.30070258274149286 
4 11 12 1 2 0 0.2653440778727083 
11 11 4 13 11 1 0.24871579706879188 
8 1 7 12 2 0 0.9395282927692024 
12 2 13 8 2 1 0.4724502709491598 
1 2 0 2 2 0 0.23676260651737824 
8 4 9 4 3 1 0.3316123865928281 
12 7 8 13 2 1 0.4920997661188593 
---
2 17 19.03782894736842 8.0 5
11 4 13 1 12 0 0.30070258274149286 
12 7 8 13 2 1 0.4920997661188593 
0 7 13 4 8 1 0.5984340584503585 
1 2 0 2 2 0 0.23676260651737824 
11 11 4 13 11 1 0.24871579706879188 
12 2 13 8 2 1 0.4724502709491598 
11 3 11 10 2 1 0.5144116623763133 
8 4 9 4 3 1 0.3316123865928281 
---
2 18 18.935032894736842 10.0 5
12 7 8 13 2 1 0.4920997661188593 
8 1 7 12 2 0 0.9395282927692024 
11 11 4 13 11 1 0.24871579706879188 
11 4 13 1 12 0 0.30070258274149286 
4 11 12 1 2 0 0.2653440778727083 
8 4 9 4 3 1 0.3316123865928281 
12 2 13 8 2 1 0.4724502709491598 
1 3 2 11 8 1 0.22369952723748 
12 7 8 4 8 1 0.5186347933187869 
1 2 0 2 2 0 0.23676260651737824 
---
2 19 19.03782894736842 8.0 5
11 4 13 1 12 0 0.30070258274149286 
12 7 8 13 2 1 0.4920997661188593 
0 7 13 4 8 1 0.5984340584503585 
1 2 0 2 2 0 0.23676260651737824 
11 11 4 13 11 1 0.24871579706879188 
12 2 13 8 2 1 0.4724502709491598 
11 3 11 10 2 1 0.5144116623763133 
8 4 9 4 3 1 0.3316123865928281 
---
2 20 19.017269736842106 9.0 5
1 2 0 2 2 0 0.23676260651737824 
11 11 4 13 11 1 0.24871579706879188 
11 4 13 1 12 0 0.30070258274149286 
8 1 7 12 2 0 0.9395282927692024 
12 2 13 8 2 1 0.4724502709491598 
8 4 9 4 3 1 0.3316123865928281 
12 7 8 4 8 1 0.5186347933187869 
12 7 8 13 2 1 0.4920997661188593 
4 11 12 1 2 0 0.2653440778727083 
---
2 21 18.46217105263158 14.0 5
8 1 1 12 2 0 0.8069365106082216 
12 2 8 8 7 1 0.07914914712150467 
1 7 11 6 3 1 0.37914428573421843 
4 11 11 2 1 0 0.7072471550953614 
1 11 12 14 1 0 0.17835820269503988 
11 12 5 12 1 0 0.2745303733983664 
2 8 7 2 6 0 0.6596021121723851 
11 4 13 1 12 0 0.30070258274149286 
11 0 11 2 2 0 0.6816384595367511 
1 7 4 4 2 0 0.10961512001714713 
8 12 5 12 1 1 0.4271503208944647 
7 7 7 13 7 1 0.3978744318156262 
11 7 8 8 3 1 0.13869927458438336 
12 7 8 4 8 1 0.5186347933187869 
---
2 22 18.935032894736842 10.0 5
12 7 8 13 2 1 0.4920997661188593 
8 1 7 12 2 0 0.9395282927692024 
11 11 4 13 11 1 0.24871579706879188 
11 4 13 1 12 0 0.30070258274149286 
4 11 12 1 2 0 0.2653440778727083 
8 4 9 4 3 1 0.3316123865928281 
12 2 13 8 2 1 0.4724502709491598 
1 3 2 11 8 1 0.22369952723748 
12 7 8 4 8 1 0.5186347933187869 
1 2 0 2 2 0 0.23676260651737824 
---
2 23 18.25657894736842 15.0 5
12 7 8 4 8 1 0.5186347933187869 
12 2 8 8 7 1 0.07914914712150467 
2 8 7 2 6 0 0.6596021121723851 
8 1 7 12 2 0 0.9395282927692024 
8 12 5 12 1 1 0.4271503208944647 
4 11 12 1 2 0 0.2653440778727083 
1 7 11 6 3 1 0.37914428573421843 
7 7 7 13 7 1 0.3978744318156262 
11 4 13 1 12 0 0.30070258274149286 
1 11 12 14 1 0 0.17835820269503988 
4 11 11 2 1 0 0.7072471550953614 
11 12 5 12 1 0 0.2745303733983664 
11 7 8 8 3 1 0.13869927458438336 
11 0 11 2 2 0 0.6816384595367511 
1 7 4 4 2 0 0.10961512001714713 
---
2 24 18.236019736842106 16.0 5
1 11 12 14 1 0 0.17835820269503988 
12 2 8 8 7 1 0.07914914712150467 
12 7 8 4 8 1 0.5186347933187869 
7 3 5 11 8 1 0.3413318301632411 
8 1 1 12 2 0 0.8069365106082216 
1 7 4 4 2 0 0.10961512001714713 
11 7 8 8 3 1 0.13869927458438336 
2 8 7 2 6 0 0.6596021121723851 
11 0 11 2 2 0 0.6816384595367511 
7 7 7 13 7 1 0.3978744318156262 
8 12 5 12 1 1 0.4271503208944647 
1 7 11 6 3 1 0.37914428573421843 
4 11 11 2 1 0 0.7072471550953614 
11 4 13 1 12 0 0.30070258274149286 
4 11 12 1 2 0 0.2653440778727083 
11 12 5 12 1 0 0.2745303733983664 
---
2 25 17.146381578947366 19.0 5
8 1 7 0 2 0 0.9341832987586258 
11 0 11 2 2 0 0.6816384595367511 
11 4 13 1 12 0 0.30070258274149286 
7 7 7 13 7 1 0.3978744318156262 
12 7 8 4 8 1 0.5186347933187869 
1 7 4 4 2 0 0.10961512001714713 
11 12 5 12 1 0 0.2745303733983664 
12 7 8 13 2 1 0.4920997661188593 
4 11 12 1 2 0 0.2653440778727083 
11 7 8 8 3 1 0.13869927458438336 
2 8 7 2 6 0 0.6596021121723851 
12 2 8 8 7 1 0.07914914712150467 
8 12 5 12 1 1 0.4271503208944647 
12 7 8 2 3 1 0.06973992160062559 
1 12 4 4 13 1 0.4482137711060601 
1 7 11 6 3 1 0.37914428573421843 
7 3 5 11 8 1 0.3413318301632411 
4 11 11 2 3 0 0.6950849262008914 
1 11 12 14 1 0 0.17835820269503988 
---
2 26 17.47532894736842 18.0 5
11 4 13 1 12 0 0.30070258274149286 
4 11 11 2 3 0 0.6950849262008914 
7 7 7 13 7 1 0.3978744318156262 
8 1 7 12 2 0 0.9395282927692024 
12 2 8 8 7 1 0.07914914712150467 
11 7 8 14 7 0 0.15256929894208504 
1 7 11 6 3 1 0.37914428573421843 
12 7 8 4 8 1 0.5186347933187869 
1 7 4 4 2 0 0.10961512001714713 
12 7 8 2 3 1 0.06973992160062559 
11 12 5 12 1 0 0.2745303733983664 
8 12 5 12 1 1 0.4271503208944647 
4 11 12 1 2 0 0.2653440778727083 
4 3 2 4 8 1 0.36762882749556103 
2 8 7 2 6 0 0.6596021121723851 
1 11 12 14 1 0 0.17835820269503988 
11 0 11 2 2 0 0.6816384595367511 
11 7 8 8 3 1 0.13869927458438336 
---
3 0 29.420230263157894 1.0 5
2 1 2 1 4 0 0.44200746095584353 
---
3 1 16.837993421052634 18.0 5
2 8 7 1 4 0 0.8990759056769679 
7 11 11 5 10 1 0.2936075748545621 
11 12 13 4 4 0 0.2057586690327302 
7 1 12 5 4 1 0.19122988089550141 
11 4 13 2 11 0 0.2586267477777908 
1 7 8 4 10 1 0.3332891724799478 
11 4 13 2 7 0 0.23306015071294506 
13 1 2 2 4 0 0.9851832720751253 
2 2 3 0 8 0 0.8195013258389048 
12 10 11 3 4 1 0.9542027705642885 
2 4 13 0 8 1 0.5082186563728552 
12 7 13 2 1 1 0.3171785371615776 
4 7 8 8 11 1 0.14602546945757444 
11 11 7 9 1 0 0.1811127677415606 
2 8 7 0 6 0 0.7773058043407555 
7 2 8 13 7 1 0.1970994706744038 
2 3 12 1 4 0 0.5936099721233332 
1 12 2 13 1 1 0.24109083549094978 
---
3 2 23.211348684210524 2.0 5
1 4 2 1 2 0 0.3269428100183003 
12 7 13 2 0 1 0.3467642229707122 
---
3 3 21.957236842105264 3.0 5
12 7 13 2 1 1 0.3171785371615776 
2 2 1 2 2 0 0.5516452179945346 
11 4 13 2 7 0 0.23306015071294506 
---
3 4 19.078947368421055 4.0 5
11 7 4 13 1 1 0.18587143031030418 
2 2 1 2 2 0 0.5516452179945346 
12 7 13 2 1 1 0.3171785371615776 
11 4 13 2 7 0 0.23306015071294506 
---
3 5 23.211348684210524 2.0 5
1 4 2 1 2 0 0.3269428100183003 
12 7 13 2 0 1 0.3467642229707122 
---
3 6 21.957236842105264 3.0 5
12 7 13 2 1 1 0.3171785371615776 
2 2 1 2 2 0 0.5516452179945346 
11 4 13 2 7 0 0.23306015071294506 
---
3 7 16.879111842105264 15.0 5
12 7 13 2 1 1 0.3171785371615776 
11 4 13 2 7 0 0.23306015071294506 
4 7 8 8 11 1 0.14602546945757444 
1 12 2 13 1 1 0.24109083549094978 
7 2 8 13 7 1 0.1970994706744038 
2 2 7 1 2 0 0.8526848565467446 
1 11 13 1 8 1 0.6427114778433396 
12 10 11 3 4 1 0.9542027705642885 
7 1 12 5 4 1 0.19122988089550141 
1 7 8 4 10 1 0.3332891724799478 
2 8 7 0 6 0 0.7773058043407555 
13 7 0 2 3 0 0.9801690137526005 
11 11 7 9 1 0 0.1811127677415606 
2 3 12 1 4 0 0.5936099721233332 
11 4 13 2 11 0 0.2586267477777908 
---
3 8 19.078947368421055 4.0 5
11 7 4 13 1 1 0.18587143031030418 
2 2 1 2 2 0 0.5516452179945346 
12 7 13 2 1 1 0.3171785371615776 
11 4 13 2 7 0 0.23306015071294506 
---
3 9 18.626644736842106 5.0 5
1 3 13 1 8 1 0.6431037320208184 
2 2 1 2 2 0 0.5516452179945346 
11 7 4 13 1 1 0.18587143031030418 
11 4 13 2 7 0 0.23306015071294506 
12 7 13 2 1 1 0.3171785371615776 
---
3 10 18.626644736842106 5.0 5
1 3 13 1 8 1 0.6431037320208184 
11 7 4 13 1 1 0.18587143031030418 
12 7 13 2 1 1 0.3171785371615776 
11 4 13 2 7 0 0.23306015071294506 
2 2 1 2 2 0 0.5516452179945346 
---
3 11 18.277138157894736 6.0 5
12 7 13 2 1 1 0.3171785371615776 
11 7 4 13 1 1 0.18587143031030418 
11 4 13 2 7 0 0.23306015071294506 
2 2 1 2 2 0 0.5516452179945346 
13 1 2 2 4 0 0.9851832720751253 
1 3 13 1 8 1 0.6431037320208184 
---
3 12 18.277138157894736 6.0 5
12 7 13 2 1 1 0.3171785371615776 
11 7 4 13 1 1 0.18587143031030418 
11 4 13 2 7 0 0.23306015071294506 
2 2 1 2 2 0 0.5516452179945346 
13 1 2 2 4 0 0.9851832720751253 
1 3 13 1 8 1 0.6431037320208184 
---
3 13 17.413651315789476 11.0 5
2 2 7 1 2 0 0.8526848565467446 
7 1 12 5 4 1 0.19122988089550141 
11 11 7 9 1 0 0.1811127677415606 
4 7 8 8 11 1 0.14602546945757444 
1 11 13 1 8 1 0.6427114778433396 
11 4 13 2 11 0 0.2586267477777908 
2 3 12 1 4 0 0.5936099721233332 
12 7 13 2 1 1 0.3171785371615776 
7 2 8 13 7 1 0.1970994706744038 
11 4 13 2 7 0 0.23306015071294506 
13 7 0 2 3 0 0.9801690137526005 
---
3 14 17.105263157894736 12.0 5
11 11 7 9 1 0 0.1811127677415606 
11 4 13 2 11 0 0.2586267477777908 
2 3 12 1 4 0 0.5936099721233332 
7 1 12 5 4 1 0.19122988089550141 
7 2 8 13 7 1 0.1970994706744038 
4 7 8 8 11 1 0.14602546945757444 
1 12 2 13 1 1 0.24109083549094978 
11 4 13 2 7 0 0.23306015071294506 
13 7 0 2 3 0 0.9801690137526005 
1 3 13 1 8 1 0.6431037320208184 
2 2 7 1 2 0 0.8526848565467446 
12 7 13 2 1 1 0.3171785371615776 
---
3 15 18.112664473684212 9.0 5
12 10 11 3 4 1 0.9542027705642885 
13 1 2 2 4 0 0.9851832720751253 
7 2 8 13 7 1 0.1970994706744038 
11 4 13 2 7 0 0.23306015071294506 
3 2 1 2 2 0 0.3265925414176678 
11 7 4 13 1 1 0.18587143031030418 
1 3 13 1 8 1 0.6431037320208184 
12 7 13 2 1 1 0.3171785371615776 
2 3 12 1 4 0 0.5936099721233332 
---
3 16 17.08470394736842 14.0 5
13 7 0 2 3 0 0.9801690137526005 
11 4 13 2 11 0 0.2586267477777908 
1 12 2 13 1 1 0.24109083549094978 
7 11 11 5 10 1 0.2936075748545621 
7 2 8 13 7 1 0.1970994706744038 
11 11 7 9 1 0 0.1811127677415606 
12 10 11 3 4 1 0.9542027705642885 
11 4 13 2 7 0 0.23306015071294506 
7 1 12 5 4 1 0.19122988089550141 
1 11 13 1 8 1 0.6427114778433396 
12 7 13 2 1 1 0.3171785371615776 
4 7 8 8 11 1 0.14602546945757444 
2 2 7 1 2 0 0.8526848565467446 
2 3 12 1 4 0 0.5936099721233332 
---
3 17 17.105263157894736 12.0 5
11 11 7 9 1 0 0.1811127677415606 
11 4 13 2 11 0 0.2586267477777908 
2 3 12 1 4 0 0.5936099721233332 
7 1 12 5 4 1 0.19122988089550141 
7 2 8 13 7 1 0.1970994706744038 
4 7 8 8 11 1 0.14602546945757444 
1 12 2 13 1 1 0.24109083549094978 
11 4 13 2 7 0 0.23306015071294506 
13 7 0 2 3 0 0.9801690137526005 
1 3 13 1 8 1 0.6431037320208184 
2 2 7 1 2 0 0.8526848565467446 
12 7 13 2 1 1 0.3171785371615776 
---
3 18 17.413651315789476 11.0 5
2 2 7 1 2 0 0.8526848565467446 
7 1 12 5 4 1 0.19122988089550141 
11 11 7 9 1 0 0.1811127677415606 
4 7 8 8 11 1 0.14602546945757444 
1 11 13 1 8 1 0.6427114778433396 
11 4 13 2 11 0 0.2586267477777908 
2 3 12 1 4 0 0.5936099721233332 
12 7 13 2 1 1 0.3171785371615776 
7 2 8 13 7 1 0.1970994706744038 
11 4 13 2 7 0 0.23306015071294506 
13 7 0 2 3 0 0.9801690137526005 
---
3 19 18.112664473684212 9.0 5
12 10 11 3 4 1 0.9542027705642885 
13 1 2 2 4 0 0.9851832720751253 
7 2 8 13 7 1 0.1970994706744038 
11 4 13 2 7 0 0.23306015071294506 
3 2 1 2 2 0 0.3265925414176678 
11 7 4 13 1 1 0.18587143031030418 
1 3 13 1 8 1 0.6431037320208184 
12 7 13 2 1 1 0.3171785371615776 
2 3 12 1 4 0 0.5936099721233332 
---
3 20 16.879111842105264 15.0 5
12 7 13 2 1 1 0.3171785371615776 
11 4 13 2 7 0 0.23306015071294506 
4 7 8 8 11 1 0.14602546945757444 
1 12 2 13 1 1 0.24109083549094978 
7 2 8 13 7 1 0.1970994706744038 
2 2 7 1 2 0 0.8526848565467446 
1 11 13 1 8 1 0.6427114778433396 
12 10 11 3 4 1 0.9542027705642885 
7 1 12 5 4 1 0.19122988089550141 
1 7 8 4 10 1 0.3332891724799478 
2 8 7 0 6 0 0.7773058043407555 
13 7 0 2 3 0 0.9801690137526005 
11 11 7 9 1 0 0.1811127677415606 
2 3 12 1 4 0 0.5936099721233332 
11 4 13 2 11 0 0.2586267477777908 
---
3 21 17.08470394736842 14.0 5
13 7 0 2 3 0 0.9801690137526005 
11 4 13 2 11 0 0.2586267477777908 
1 12 2 13 1 1 0.24109083549094978 
7 11 11 5 10 1 0.2936075748545621 
7 2 8 13 7 1 0.1970994706744038 
11 11 7 9 1 0 0.1811127677415606 
12 10 11 3 4 1 0.9542027705642885 
11 4 13 2 7 0 0.23306015071294506 
7 1 12 5 4 1 0.19122988089550141 
1 11 13 1 8 1 0.6427114778433396 
12 7 13 2 1 1 0.3171785371615776 
4 7 8 8 11 1 0.14602546945757444 
2 2 7 1 2 0 0.8526848565467446 
2 3 12 1 4 0 0.5936099721233332 
---
3 22 29.420230263157894 1.0 5
2 1 2 1 4 0 0.44200746095584353 
---
3 23 16.837993421052634 18.0 5
2 8 7 1 4 0 0.8990759056769679 
7 11 11 5 10 1 0.2936075748545621 
11 12 13 4 4 0 0.2057586690327302 
7 1 12 5 4 1 0.19122988089550141 
11 4 13 2 11 0 0.2586267477777908 
1 7 8 4 10 1 0.3332891724799478 
11 4 13 2 7 0 0.23306015071294506 
13 1 2 2 4 0 0.9851832720751253 
2 2 3 0 8 0 0.8195013258389048 
12 10 11 3 4 1 0.9542027705642885 
2 4 13 0 8 1 0.5082186563728552 
12 7 13 2 1 1 0.3171785371615776 
4 7 8 8 11 1 0.14602546945757444 
11 11 7 9 1 0 0.1811127677415606 
2 8 7 0 6 0 0.7773058043407555 
7 2 8 13 7 1 0.1970994706744038 
2 3 12 1 4 0 0.5936099721233332 
1 12 2 13 1 1 0.24109083549094978 
---
3 24 23.211348684210524 2.0 5
1 4 2 1 2 0 0.3269428100183003 
12 7 13 2 0 1 0.3467642229707122 
---
3 25 21.957236842105264 3.0 5
12 7 13 2 1 1 0.3171785371615776 
2 2 1 2 2 0 0.5516452179945346 
11 4 13 2 7 0 0.23306015071294506 
---
3 26 19.078947368421055 4.0 5
11 7 4 13 1 1 0.18587143031030418 
2 2 1 2 2 0 0.5516452179945346 
12 7 13 2 1 1 0.3171785371615776 
11 4 13 2 7 0 0.23306015071294506 
---
3 27 18.626644736842106 5.0 5
1 3 13 1 8 1 0.6431037320208184 
2 2 1 2 2 0 0.5516452179945346 
11 7 4 13 1 1 0.18587143031030418 
11 4 13 2 7 0 0.23306015071294506 
12 7 13 2 1 1 0.3171785371615776 
---
3 28 18.277138157894736 6.0 5
12 7 13 2 1 1 0.3171785371615776 
11 7 4 13 1 1 0.18587143031030418 
11 4 13 2 7 0 0.23306015071294506 
2 2 1 2 2 0 0.5516452179945346 
13 1 2 2 4 0 0.9851832720751253 
1 3 13 1 8 1 0.6431037320208184 
---
3 29 17.105263157894736 12.0 5
11 11 7 9 1 0 0.1811127677415606 
11 4 13 2 11 0 0.2586267477777908 
2 3 12 1 4 0 0.5936099721233332 
7 1 12 5 4 1 0.19122988089550141 
7 2 8 13 7 1 0.1970994706744038 
4 7 8 8 11 1 0.14602546945757444 
1 12 2 13 1 1 0.24109083549094978 
11 4 13 2 7 0 0.23306015071294506 
13 7 0 2 3 0 0.9801690137526005 
1 3 13 1 8 1 0.6431037320208184 
2 2 7 1 2 0 0.8526848565467446 
12 7 13 2 1 1 0.3171785371615776 
---
3 30 18.133223684210524 8.0 5
3 1 1 2 2 0 0.1314840245233868 
11 4 13 2 7 0 0.23306015071294506 
13 1 2 2 4 0 0.9851832720751253 
11 7 4 13 1 1 0.18587143031030418 
12 7 13 2 1 1 0.3171785371615776 
2 3 12 1 4 0 0.5936099721233332 
1 3 13 1 8 1 0.6431037320208184 
7 2 8 13 7 1 0.1970994706744038 
---
4 0 29.399671052631575 1.0 5
1 4 2 1 4 0 0.3466064913453004 
---
4 1 21.114309210526315 2.0 5
1 0 2 1 1 0 0.41092109212267514 
7 7 8 8 0 1 0.2389315684448261 
---
4 2 21.114309210526315 2.0 5
1 0 2 1 1 0 0.41092109212267514 
7 7 8 8 0 1 0.2389315684448261 
---
4 3 20.02467105263158 3.0 5
7 11 13 4 8 1 0.790561029220054 
7 7 8 8 1 1 0.17415342690419233 
1 2 2 1 1 0 0.4707587968445881 
---
4 4 19.058388157894736 9.0 5
7 7 8 8 1 1 0.17415342690419233 
12 7 1 2 1 0 0.2378889520180154 
11 1 5 4 7 0 0.3489518493746939 
1 4 3 13 3 1 0.34857926611577583 
11 1 8 2 7 0 0.18873859569347773 
7 11 2 4 8 1 0.5731942546141964 
4 11 1 2 3 0 0.1900885322187531 
7 11 13 4 8 1 0.790561029220054 
1 2 2 1 1 0 0.4707587968445881 
---
4 5 20.02467105263158 3.0 5
7 11 13 4 8 1 0.790561029220054 
7 7 8 8 1 1 0.17415342690419233 
1 2 2 1 1 0 0.4707587968445881 
---
4 6 19.860197368421055 4.0 5
11 1 8 2 7 0 0.18873859569347773 
7 11 13 4 8 1 0.790561029220054 
7 7 8 8 1 1 0.17415342690419233 
1 2 2 1 1 0 0.4707587968445881 
---
4 7 19.860197368421055 4.0 5
11 1 8 2 7 0 0.18873859569347773 
7 11 13 4 8 1 0.790561029220054 
7 7 8 8 1 1 0.17415342690419233 
1 2 2 1 1 0 0.4707587968445881 
---
4 8 19.613486842105264 5.0 5
7 7 8 8 1 1 0.17415342690419233 
1 2 2 1 1 0 0.4707587968445881 
11 1 8 2 7 0 0.18873859569347773 
12 7 1 2 1 0 0.2378889520180154 
7 11 13 4 8 1 0.790561029220054 
---
4 9 19.613486842105264 5.0 5
7 7 8 8 1 1 0.17415342690419233 
1 2 2 1 1 0 0.4707587968445881 
11 1 8 2 7 0 0.18873859569347773 
12 7 1 2 1 0 0.2378889520180154 
7 11 13 4 8 1 0.790561029220054 
---
4 10 19.449013157894736 7.0 5
7 7 8 8 1 1 0.17415342690419233 
12 7 1 2 1 0 0.2378889520180154 
4 11 1 2 3 0 0.1900885322187531 
7 11 13 4 8 1 0.790561029220054 
7 11 2 4 8 1 0.5731942546141964 
1 2 2 1 1 0 0.4707587968445881 
11 1 8 2 7 0 0.18873859569347773 
---
4 11 19.449013157894736 7.0 5
7 7 8 8 1 1 0.17415342690419233 
12 7 1 2 1 0 0.2378889520180154 
4 11 1 2 3 0 0.1900885322187531 
7 11 13 4 8 1 0.790561029220054 
7 11 2 4 8 1 0.5731942546141964 
1 2 2 1 1 0 0.4707587968445881 
11 1 8 2 7 0 0.18873859569347773 
---
4 12 19.058388157894736 9.0 5
7 7 8 8 1 1 0.17415342690419233 
12 7 1 2 1 0 0.2378889520180154 
11 1 5 4 7 0 0.3489518493746939 
1 4 3 13 3 1 0.34857926611577583 
11 1 8 2 7 0 0.18873859569347773 
7 11 2 4 8 1 0.5731942546141964 
4 11 1 2 3 0 0.1900885322187531 
7 11 13 4 8 1 0.790561029220054 
1 2 2 1 1 0 0.4707587968445881 
---
4 13 29.399671052631575 1.0 5
1 4 2 1 1 0 0.4253599475259966 
---
4 14 21.114309210526315 2.0 5
1 0 2 1 1 0 0.41092109212267514 
7 7 8 8 0 1 0.2389315684448261 
---
4 15 20.02467105263158 3.0 5
7 7 8 8 1 1 0.17415342690419233 
7 11 13 4 8 1 0.790561029220054 
1 2 2 1 1 0 0.4707587968445881 
---
4 16 19.860197368421055 4.0 5
11 1 8 2 7 0 0.18873859569347773 
7 11 13 4 8 1 0.790561029220054 
7 7 8 8 1 1 0.17415342690419233 
1 2 2 1 1 0 0.4707587968445881 
---
4 17 19.613486842105264 5.0 5
7 7 8 8 1 1 0.17415342690419233 
1 2 2 1 1 0 0.4707587968445881 
11 1 8 2 7 0 0.18873859569347773 
12 7 1 2 1 0 0.2378889520180154 
7 11 13 4 8 1 0.790561029220054 
---
4 18 19.449013157894736 7.0 5
7 7 8 8 1 1 0.17415342690419233 
12 7 1 2 1 0 0.2378889520180154 
4 11 1 2 3 0 0.1900885322187531 
7 11 13 4 8 1 0.790561029220054 
7 11 2 4 8 1 0.5731942546141964 
1 2 2 1 1 0 0.4707587968445881 
11 1 8 2 7 0 0.18873859569347773 
---
4 19 19.058388157894736 9.0 5
7 7 8 8 1 1 0.17415342690419233 
12 7 1 2 1 0 0.2378889520180154 
11 1 5 4 7 0 0.3489518493746939 
1 4 3 13 3 1 0.34857926611577583 
11 1 8 2 7 0 0.18873859569347773 
7 11 2 4 8 1 0.5731942546141964 
4 11 1 2 3 0 0.1900885322187531 
7 11 13 4 8 1 0.790561029220054 
1 2 2 1 1 0 0.4707587968445881 
---
5 0 29.379111842105267 1.0 5
1 2 1 1 4 0 0.6433932836824219 
---
5 1 22.018914473684212 2.0 5
2 1 2 4 4 0 0.39087329171467833 
12 7 8 8 4 1 0.33499024925709464 
---
5 2 21.97779605263158 4.0 5
12 1 8 8 1 1 0.2589733511059713 
11 7 2 2 11 0 0.13367142659596465 
7 12 4 4 10 1 0.47650155449825515 
2 1 2 1 1 0 0.5031667545610952 
---
5 3 19.449013157894736 5.0 5
3 7 13 4 7 0 0.2515418423607929 
2 1 7 0 2 0 0.7278417650148077 
12 7 13 2 7 1 0.19926744359154736 
7 7 4 2 8 1 0.39084952884197843 
7 12 4 4 10 1 0.47650155449825515 
---
5 4 21.97779605263158 4.0 5
12 1 8 8 1 1 0.2589733511059713 
7 12 4 4 10 1 0.47650155449825515 
11 7 2 2 11 0 0.13367142659596465 
2 1 2 1 1 0 0.5031667545610952 
---
5 5 22.018914473684212 2.0 5
12 7 8 8 4 1 0.33499024925709464 
2 1 2 4 4 0 0.39087329171467833 
---
5 6 19.449013157894736 5.0 5
3 7 13 4 7 0 0.2515418423607929 
2 1 7 0 2 0 0.7278417650148077 
12 7 13 2 7 1 0.19926744359154736 
7 7 4 2 8 1 0.39084952884197843 
7 12 4 4 10 1 0.47650155449825515 
---
5 7 18.935032894736842 6.0 5
3 7 13 4 7 0 0.2515418423607929 
7 12 4 4 10 1 0.47650155449825515 
1 1 7 0 2 0 0.4986443655639934 
12 7 13 2 7 1 0.19926744359154736 
7 12 4 2 3 0 0.12080328864514711 
7 7 4 2 8 1 0.39084952884197843 
---
5 8 17.907072368421055 7.0 5
3 7 13 4 7 0 0.2515418423607929 
1 1 7 0 2 0 0.4986443655639934 
11 1 8 2 11 0 0.1119178275167747 
7 7 4 2 8 1 0.39084952884197843 
11 11 8 12 1 1 0.21354111620845773 
12 7 13 2 7 1 0.19926744359154736 
7 12 4 4 10 1 0.47650155449825515 
---
5 9 18.935032894736842 6.0 5
3 7 13 4 7 0 0.2515418423607929 
7 12 4 4 10 1 0.47650155449825515 
1 1 7 0 2 0 0.4986443655639934 
12 7 13 2 7 1 0.19926744359154736 
7 12 4 2 3 0 0.12080328864514711 
7 7 4 2 8 1 0.39084952884197843 
---
5 10 17.845394736842106 9.0 5
7 7 4 2 8 1 0.39084952884197843 
3 7 13 4 7 0 0.2515418423607929 
7 12 4 4 10 1 0.47650155449825515 
7 12 4 2 3 0 0.12080328864514711 
11 11 8 12 1 1 0.21354111620845773 
1 1 7 0 2 0 0.4986443655639934 
1 4 8 5 4 1 0.24364399064139974 
11 1 8 2 11 0 0.1119178275167747 
12 7 13 2 7 1 0.19926744359154736 
---
5 11 17.907072368421055 7.0 5
3 7 13 4 7 0 0.2515418423607929 
1 1 7 0 2 0 0.4986443655639934 
11 1 8 2 11 0 0.1119178275167747 
7 7 4 2 8 1 0.39084952884197843 
11 11 8 12 1 1 0.21354111620845773 
12 7 13 2 7 1 0.19926744359154736 
7 12 4 4 10 1 0.47650155449825515 
---
5 12 17.578125 10.0 5
7 12 4 4 10 1 0.47650155449825515 
7 12 4 2 3 0 0.12080328864514711 
11 1 8 2 11 0 0.1119178275167747 
11 11 8 12 1 1 0.21354111620845773 
1 4 8 5 4 1 0.24364399064139974 
1 1 7 0 2 0 0.4986443655639934 
7 7 4 2 8 1 0.39084952884197843 
12 7 13 2 7 1 0.19926744359154736 
3 7 13 4 7 0 0.2515418423607929 
5 0 5 0 2 0 0.6914919350679278 
---
5 13 17.845394736842106 9.0 5
7 7 4 2 8 1 0.39084952884197843 
3 7 13 4 7 0 0.2515418423607929 
7 12 4 4 10 1 0.47650155449825515 
7 12 4 2 3 0 0.12080328864514711 
11 11 8 12 1 1 0.21354111620845773 
1 1 7 0 2 0 0.4986443655639934 
1 4 8 5 4 1 0.24364399064139974 
11 1 8 2 11 0 0.1119178275167747 
12 7 13 2 7 1 0.19926744359154736 
---
5 14 17.578125 10.0 5
7 12 4 4 10 1 0.47650155449825515 
7 12 4 2 3 0 0.12080328864514711 
11 1 8 2 11 0 0.1119178275167747 
11 11 8 12 1 1 0.21354111620845773 
1 4 8 5 4 1 0.24364399064139974 
1 1 7 0 2 0 0.4986443655639934 
7 7 4 2 8 1 0.39084952884197843 
12 7 13 2 7 1 0.19926744359154736 
3 7 13 4 7 0 0.2515418423607929 
5 0 5 0 2 0 0.6914919350679278 
---
5 15 29.379111842105267 1.0 5
1 2 1 1 4 0 0.6433932836824219 
---
5 16 21.97779605263158 4.0 5
12 1 8 8 1 1 0.2589733511059713 
11 7 2 2 11 0 0.13367142659596465 
7 12 4 4 10 1 0.47650155449825515 
2 1 2 1 1 0 0.5031667545610952 
---
5 17 22.018914473684212 2.0 5
12 7 8 8 4 1 0.33499024925709464 
2 1 2 4 4 0 0.39087329171467833 
---
5 18 19.449013157894736 5.0 5
3 7 13 4 7 0 0.2515418423607929 
2 1 7 0 2 0 0.7278417650148077 
12 7 13 2 7 1 0.19926744359154736 
7 7 4 2 8 1 0.39084952884197843 
7 12 4 4 10 1 0.47650155449825515 
---
5 19 18.935032894736842 6.0 5
3 7 13 4 7 0 0.2515418423607929 
7 12 4 4 10 1 0.47650155449825515 
1 1 7 0 2 0 0.4986443655639934 
12 7 13 2 7 1 0.19926744359154736 
7 12 4 2 3 0 0.12080328864514711 
7 7 4 2 8 1 0.39084952884197843 
---
5 20 17.907072368421055 7.0 5
3 7 13 4 7 0 0.2515418423607929 
1 1 7 0 2 0 0.4986443655639934 
11 1 8 2 11 0 0.1119178275167747 
7 7 4 2 8 1 0.39084952884197843 
11 11 8 12 1 1 0.21354111620845773 
12 7 13 2 7 1 0.19926744359154736 
7 12 4 4 10 1 0.47650155449825515 
---
6 0 29.399671052631575 1.0 5
0 4 4 1 2 0 0.43596853410479475 
---
6 1 21.58717105263158 2.0 5
1 0 2 1 1 0 0.41829264124364585 
7 7 2 8 0 1 0.20433935998812292 
---
6 2 17.043585526315788 16.0 5
11 8 9 7 11 0 0.7953171136837232 
1 1 3 4 2 0 0.6855075267654815 
8 2 7 5 11 0 0.7605528660168646 
11 8 8 7 11 0 0.7780157106594662 
12 11 8 2 1 1 0.25781008192986743 
13 2 7 8 1 0 0.9824095196062961 
3 7 13 2 11 0 0.31771200437121183 
7 8 7 5 12 1 0.7195137017037172 
11 11 6 0 1 1 0.8720242204160169 
7 3 4 1 6 1 0.07171230115998606 
11 11 11 1 12 1 0.4487210361066516 
4 4 1 2 8 0 0.01754615753807154 
4 8 13 5 0 1 0.43887184782892985 
7 1 5 2 2 1 0.08721916601666546 
11 7 1 4 10 1 0.28383371742391006 
8 3 7 12 3 0 0.9840964879676413 
---
6 3 21.58717105263158 2.0 5
1 0 2 1 1 0 0.41829264124364585 
7 7 2 8 0 1 0.20433935998812292 
---
6 4 21.237664473684212 3.0 5
1 1 3 4 2 0 0.6855075267654815 
7 7 1 2 4 1 0.04405291110726395 
4 8 8 7 11 0 0.6232440626132978 
---
6 5 21.237664473684212 3.0 5
1 1 3 4 2 0 0.6855075267654815 
7 7 1 2 4 1 0.04405291110726395 
4 8 8 7 11 0 0.6232440626132978 
---
6 6 19.53125 4.0 5
3 7 13 2 11 0 0.31771200437121183 
1 1 3 4 2 0 0.6855075267654815 
12 11 8 2 1 1 0.25781008192986743 
8 2 12 2 3 0 0.707684353515013 
---
6 7 19.53125 4.0 5
3 7 13 2 11 0 0.31771200437121183 
1 1 3 4 2 0 0.6855075267654815 
12 11 8 2 1 1 0.25781008192986743 
8 2 12 2 3 0 0.707684353515013 
---
6 8 18.297697368421055 5.0 5
8 2 12 2 3 0 0.707684353515013 
3 7 13 2 11 0 0.31771200437121183 
4 8 13 5 0 1 0.43887184782892985 
1 1 3 4 2 0 0.6855075267654815 
12 11 8 2 1 1 0.25781008192986743 
---
6 9 18.297697368421055 5.0 5
8 2 12 2 3 0 0.707684353515013 
3 7 13 2 11 0 0.31771200437121183 
4 8 13 5 0 1 0.43887184782892985 
1 1 3 4 2 0 0.6855075267654815 
12 11 8 2 1 1 0.25781008192986743 
---
6 10 17.96875 6.0 5
11 11 6 0 1 1 0.8720242204160169 
8 2 12 2 3 0 0.707684353515013 
12 11 8 2 1 1 0.25781008192986743 
4 8 13 5 0 1 0.43887184782892985 
1 1 3 4 2 0 0.6855075267654815 
3 7 13 2 11 0 0.31771200437121183 
---
6 11 17.804276315789476 7.0 5
1 1 3 4 2 0 0.6855075267654815 
4 8 13 5 0 1 0.43887184782892985 
3 7 13 2 11 0 0.31771200437121183 
12 11 8 2 1 1 0.25781008192986743 
8 2 1 2 3 0 0.8092257554806912 
11 8 8 7 11 0 0.7780157106594662 
11 11 6 0 1 1 0.8720242204160169 
---
6 12 17.639802631578945 8.0 5
1 1 3 4 2 0 0.6855075267654815 
11 7 1 4 10 1 0.28383371742391006 
8 2 12 2 3 0 0.707684353515013 
3 7 13 2 11 0 0.31771200437121183 
12 11 8 2 1 1 0.25781008192986743 
11 8 8 7 11 0 0.7780157106594662 
4 8 13 5 0 1 0.43887184782892985 
11 11 11 1 12 1 0.4487210361066516 
---
6 13 17.639802631578945 8.0 5
1 1 3 4 2 0 0.6855075267654815 
11 7 1 4 10 1 0.28383371742391006 
8 2 12 2 3 0 0.707684353515013 
3 7 13 2 11 0 0.31771200437121183 
12 11 8 2 1 1 0.25781008192986743 
11 8 8 7 11 0 0.7780157106594662 
4 8 13 5 0 1 0.43887184782892985 
11 11 11 1 12 1 0.4487210361066516 
---
6 14 17.516447368421055 9.0 5
11 7 1 4 10 1 0.28383371742391006 
3 7 13 2 11 0 0.31771200437121183 
1 1 3 4 2 0 0.6855075267654815 
12 11 8 2 1 1 0.25781008192986743 
4 8 13 5 0 1 0.43887184782892985 
8 2 1 2 3 0 0.8092257554806912 
11 8 8 7 11 0 0.7780157106594662 
11 11 11 1 12 1 0.4487210361066516 
7 8 7 5 12 1 0.7195137017037172 
---
6 15 17.96875 6.0 5
11 11 6 0 1 1 0.8720242204160169 
8 2 12 2 3 0 0.707684353515013 
12 11 8 2 1 1 0.25781008192986743 
4 8 13 5 0 1 0.43887184782892985 
1 1 3 4 2 0 0.6855075267654815 
3 7 13 2 11 0 0.31771200437121183 
---
6 16 17.804276315789476 7.0 5
1 1 3 4 2 0 0.6855075267654815 
4 8 13 5 0 1 0.43887184782892985 
3 7 13 2 11 0 0.31771200437121183 
12 11 8 2 1 1 0.25781008192986743 
8 2 1 2 3 0 0.8092257554806912 
11 8 8 7 11 0 0.7780157106594662 
11 11 6 0 1 1 0.8720242204160169 
---
6 17 17.516447368421055 9.0 5
11 7 1 4 10 1 0.28383371742391006 
3 7 13 2 11 0 0.31771200437121183 
1 1 3 4 2 0 0.6855075267654815 
12 11 8 2 1 1 0.25781008192986743 
4 8 13 5 0 1 0.43887184782892985 
8 2 1 2 3 0 0.8092257554806912 
11 8 8 7 11 0 0.7780157106594662 
11 11 11 1 12 1 0.4487210361066516 
7 8 7 5 12 1 0.7195137017037172 
---
6 18 17.413651315789476 12.0 5
12 11 8 2 1 1 0.25781008192986743 
11 11 11 1 12 1 0.4487210361066516 
3 7 13 2 11 0 0.31771200437121183 
11 11 6 0 1 1 0.8720242204160169 
11 8 8 7 11 0 0.7780157106594662 
11 7 1 4 10 1 0.28383371742391006 
8 2 12 2 3 0 0.707684353515013 
1 1 3 4 2 0 0.6855075267654815 
7 8 7 5 12 1 0.7195137017037172 
3 7 13 12 1 0 0.08371830201429042 
4 8 13 5 0 1 0.43887184782892985 
8 0 14 1 1 1 0.09399581280897062 
---
6 19 17.413651315789476 12.0 5
12 11 8 2 1 1 0.25781008192986743 
11 11 11 1 12 1 0.4487210361066516 
3 7 13 2 11 0 0.31771200437121183 
11 11 6 0 1 1 0.8720242204160169 
11 8 8 7 11 0 0.7780157106594662 
11 7 1 4 10 1 0.28383371742391006 
8 2 12 2 3 0 0.707684353515013 
1 1 3 4 2 0 0.6855075267654815 
7 8 7 5 12 1 0.7195137017037172 
3 7 13 12 1 0 0.08371830201429042 
4 8 13 5 0 1 0.43887184782892985 
8 0 14 1 1 1 0.09399581280897062 
---
6 20 17.043585526315788 16.0 5
11 11 6 0 1 1 0.8720242204160169 
4 8 13 5 0 1 0.43887184782892985 
11 8 9 7 11 0 0.7953171136837232 
11 7 1 4 10 1 0.28383371742391006 
7 1 5 2 2 1 0.08721916601666546 
11 11 11 1 12 1 0.4487210361066516 
12 11 8 2 1 1 0.25781008192986743 
8 2 7 5 11 0 0.7605528660168646 
1 1 3 4 2 0 0.6855075267654815 
3 7 13 2 11 0 0.31771200437121183 
4 4 1 2 8 0 0.01754615753807154 
11 8 8 7 11 0 0.7780157106594662 
7 3 4 1 6 1 0.07171230115998606 
13 2 7 8 1 0 0.9824095196062961 
8 3 7 12 3 0 0.9840964879676413 
7 8 7 5 12 1 0.7195137017037172 
---
6 21 29.399671052631575 1.0 5
0 4 4 1 2 0 0.43596853410479475 
---
6 22 21.58717105263158 2.0 5
1 0 2 1 1 0 0.41829264124364585 
7 7 2 8 0 1 0.20433935998812292 
---
6 23 21.237664473684212 3.0 5
1 1 3 4 2 0 0.6855075267654815 
7 7 1 2 4 1 0.04405291110726395 
4 8 8 7 11 0 0.6232440626132978 
---
6 24 19.53125 4.0 5
3 7 13 2 11 0 0.31771200437121183 
1 1 3 4 2 0 0.6855075267654815 
12 11 8 2 1 1 0.25781008192986743 
8 2 12 2 3 0 0.707684353515013 
---
6 25 18.297697368421055 5.0 5
8 2 12 2 3 0 0.707684353515013 
3 7 13 2 11 0 0.31771200437121183 
4 8 13 5 0 1 0.43887184782892985 
1 1 3 4 2 0 0.6855075267654815 
12 11 8 2 1 1 0.25781008192986743 
---
6 26 17.639802631578945 8.0 5
1 1 3 4 2 0 0.6855075267654815 
11 7 1 4 10 1 0.28383371742391006 
8 2 12 2 3 0 0.707684353515013 
3 7 13 2 11 0 0.31771200437121183 
12 11 8 2 1 1 0.25781008192986743 
11 8 8 7 11 0 0.7780157106594662 
4 8 13 5 0 1 0.43887184782892985 
11 11 11 1 12 1 0.4487210361066516 
---
6 27 17.96875 6.0 5
12 11 8 2 1 1 0.25781008192986743 
4 8 13 5 0 1 0.43887184782892985 
8 2 12 2 3 0 0.707684353515013 
1 1 3 4 2 0 0.6855075267654815 
11 11 6 0 1 1 0.8720242204160169 
3 7 13 2 11 0 0.31771200437121183 
---
6 28 17.804276315789476 7.0 5
1 1 3 4 2 0 0.6855075267654815 
4 8 13 5 0 1 0.43887184782892985 
3 7 13 2 11 0 0.31771200437121183 
12 11 8 2 1 1 0.25781008192986743 
8 2 1 2 3 0 0.8092257554806912 
11 8 8 7 11 0 0.7780157106594662 
11 11 6 0 1 1 0.8720242204160169 
---
6 29 17.516447368421055 9.0 5
11 7 1 4 10 1 0.28383371742391006 
3 7 13 2 11 0 0.31771200437121183 
1 1 3 4 2 0 0.6855075267654815 
12 11 8 2 1 1 0.25781008192986743 
4 8 13 5 0 1 0.43887184782892985 
8 2 1 2 3 0 0.8092257554806912 
11 8 8 7 11 0 0.7780157106594662 
11 11 11 1 12 1 0.4487210361066516 
7 8 7 5 12 1 0.7195137017037172 
---
6 30 17.413651315789476 12.0 5
12 11 8 2 1 1 0.25781008192986743 
11 11 11 1 12 1 0.4487210361066516 
3 7 13 2 11 0 0.31771200437121183 
11 11 6 0 1 1 0.8720242204160169 
11 8 8 7 11 0 0.7780157106594662 
11 7 1 4 10 1 0.28383371742391006 
8 2 12 2 3 0 0.707684353515013 
1 1 3 4 2 0 0.6855075267654815 
7 8 7 5 12 1 0.7195137017037172 
3 7 13 12 1 0 0.08371830201429042 
4 8 13 5 0 1 0.43887184782892985 
8 0 14 1 1 1 0.09399581280897062 
