---
12.94889502762431 12.0 36
0 0 4 0 2 0 2 7 0 4 1 4 0 0 0 0 2 5 0 1 2 0 0 12 2 0 2 4 4 0 2 1 2 2 0 7 2 0.5995578431385256 
1 0 0 0 4 2 0 12 1 2 4 0 1 2 2 0 4 2 0 12 1 2 0 12 0 2 0 0 0 4 2 12 1 0 4 0 0 0.7678128469599717 
1 0 0 0 1 7 0 0 0 4 0 7 3 0 0 0 1 0 7 7 1 2 0 0 0 4 4 0 11 0 0 0 7 0 0 7 0 0.6907742146686218 
0 0 0 1 0 0 0 0 0 12 11 0 0 0 1 11 0 7 1 0 1 0 3 11 0 0 0 0 0 0 0 1 4 12 0 1 5 0.9133484531068812 
0 0 12 0 0 1 0 11 12 12 0 0 0 4 0 0 0 0 0 3 0 12 0 0 8 0 0 1 0 4 12 7 0 4 0 0 3 0.12032896169400997 
4 0 0 0 0 0 0 1 4 0 0 0 0 7 3 3 0 12 1 0 0 0 0 1 0 0 0 0 2 0 1 0 0 0 1 0 5 0.8172624532108196 
4 0 0 0 0 0 1 0 0 4 0 0 0 11 0 0 0 3 0 0 0 0 0 7 0 0 0 1 0 0 0 0 0 0 0 4 4 0.4493652692101615 
0 0 0 0 0 10 0 0 0 0 0 0 0 0 4 0 0 0 8 0 0 0 0 0 0 0 0 0 0 0 0 0 0 0 0 0 1 0.9962617418642477 
0 0 0 0 0 0 0 0 0 0 0 0 0 0 0 0 0 3 8 0 0 0 0 0 0 0 0 0 0 10 0 0 0 0 0 0 1 0.9993083459634515 
0 0 0 0 0 0 0 0 0 0 12 0 0 0 0 0 0 1 11 0 0 4 2 0 7 0 3 0 0 0 0 0 0 0 0 0 5 0.23941159210869134 
0 0 0 0 0 0 0 0 0 4 0 0 0 0 0 0 0 3 11 0 0 6 0 0 0 0 0 0 0 1 0 0 0 0 0 0 4 0.7158025075907712 
0 0 12 0 8 1 0 11 12 12 10 0 0 4 0 0 0 0 0 3 0 12 0 0 8 0 0 1 0 4 12 7 0 4 0 0 2 0.544040387801295 
