---
13.328729281767956 13.0 36
2 0 2 7 1 2 4 7 0 4 1 4 0 0 1 12 5 13 2 7 2 2 4 12 2 0 2 4 4 2 0 0 0 0 2 0 2 0.6887478759477959 
0 0 0 0 0 0 0 0 0 0 0 0 0 0 0 2 0 3 0 0 0 0 0 0 0 0 0 8 0 10 0 8 1 0 0 4 1 0.9999073245405012 
0 0 1 0 3 0 12 4 1 12 0 1 0 12 0 7 0 0 1 7 0 1 0 0 0 0 0 7 11 4 7 0 0 0 0 0 0 0.8695624453396988 
0 4 7 0 12 4 7 0 0 12 7 11 12 7 7 11 0 12 11 3 4 4 1 0 0 0 7 11 4 4 0 7 4 0 0 0 5 0.9096558478422679 
0 0 4 1 4 0 4 7 2 4 1 0 4 4 0 1 2 12 2 4 2 1 0 0 2 4 1 7 0 0 2 0 2 0 7 1 5 0.2955129087738584 
2 0 2 7 1 2 4 7 0 4 1 4 0 0 1 12 5 13 2 7 2 2 4 12 2 0 2 4 4 2 0 0 0 0 2 0 2 0.7299425935288019 
2 0 0 0 0 0 0 0 1 0 0 7 0 0 0 0 0 6 0 1 0 0 0 0 0 0 0 0 0 0 0 7 0 0 0 0 4 0.7232962939036767 
1 0 2 0 1 2 2 4 1 4 0 0 0 2 4 12 1 4 0 0 0 0 2 12 4 4 2 1 1 4 2 4 1 0 0 1 0 0.941271022041765 
0 0 0 0 0 3 0 0 0 10 0 8 0 1 0 2 0 0 0 0 0 0 0 0 0 0 0 0 0 0 0 0 0 0 0 0 1 0.9987715098066567 
8 0 0 11 0 0 0 0 0 0 11 0 0 12 0 7 1 0 0 0 0 13 0 7 2 8 4 0 0 0 0 0 12 0 11 0 3 0.5538958206872316 
1 0 0 0 1 2 2 4 1 4 0 1 4 2 0 12 1 4 0 0 0 0 2 12 4 2 2 1 1 4 2 1 1 0 0 4 0 0.9527651036520701 
2 0 0 0 0 0 0 0 4 0 0 0 0 0 0 0 0 3 0 12 0 7 0 0 0 0 0 0 4 0 0 7 0 0 0 0 4 0.41515488841095705 
0 0 4 1 4 0 4 7 2 4 1 0 4 4 0 7 7 12 2 4 2 1 0 0 2 4 1 7 0 0 2 0 2 0 0 1 5 0.15298391006104506 
