---
11.9323087549646 8.0 36
0 1 1 0 0 0 0 0 4 0 0 0 0 0 1 0 0 4 0 1 4 0 0 11 0 1 0 11 2 4 0 0 0 0 0 0 5 0.7166858592254979 
0 0 5 0 0 0 0 2 0 0 0 0 0 6 0 0 4 1 0 0 0 0 0 0 0 0 0 0 0 1 0 0 0 0 0 0 1 0.9983475227781532 
0 0 0 0 0 0 0 2 0 0 0 0 0 0 0 0 0 1 0 0 0 10 0 0 0 0 0 0 0 1 8 0 0 0 0 0 1 0.9968738601174725 
0 0 12 7 0 2 0 11 12 0 0 0 0 0 12 7 0 8 4 0 0 0 0 1 0 0 4 0 0 0 0 0 4 0 0 0 3 0.1319701739311272 
0 1 1 1 4 0 0 0 0 0 0 0 0 4 7 0 0 4 0 11 2 0 0 0 0 1 0 4 2 0 0 0 0 0 0 0 5 0.45616908938996303 
0 0 0 1 0 0 0 0 0 0 0 0 0 0 0 0 0 3 0 7 0 0 2 0 0 0 0 0 0 0 0 0 0 0 0 0 4 0.15376476982795206 
1 0 0 0 0 0 0 0 1 2 0 0 1 0 0 7 1 2 0 0 1 0 0 0 0 4 0 4 1 0 0 0 0 0 0 4 0 0.6131939610427339 
0 0 4 0 0 0 0 7 0 0 0 0 0 0 4 12 5 8 8 7 2 0 8 0 0 0 0 4 0 0 2 1 2 0 0 1 2 0.6884435320965037 
