---
0 21.374309392265193 9.0 36 
0 1 0 0 0 0 0 0 0 0 0 0 0 0 0 0 0 0 5 0 0 0 0 0 6 0 0 0 6 0 0 0 0 0 0 0 1 0.9968349732242063
0 0 0 4 0 0 0 4 0 0 0 4 0 0 0 0 0 8 0 0 0 2 4 4 0 8 0 8 0 0 0 0 7 0 0 7 0 0.8781065201334244
8 8 0 12 5 0 0 0 0 0 4 0 0 0 0 0 0 13 4 7 0 13 0 0 0 0 0 0 0 0 0 0 0 0 0 7 2 0.626660746851341
0 0 0 0 0 0 0 0 0 0 0 0 0 0 0 4 0 0 1 0 0 11 0 0 1 0 0 0 0 0 7 0 0 0 0 0 4 0.4207731307201861
0 0 2 0 0 0 0 0 0 0 0 0 0 0 0 4 0 11 0 0 0 0 0 0 0 0 0 0 0 0 8 0 0 0 0 0 1 0.8234453055827045
0 0 0 0 0 0 0 0 0 0 0 0 0 0 0 0 0 0 0 0 0 0 0 3 0 0 0 7 0 0 11 1 12 0 4 0 5 0.6910277140067456
0 0 0 0 0 0 7 0 0 0 4 0 4 0 12 0 8 0 12 0 0 0 0 0 8 0 0 0 0 0 12 0 0 0 12 0 3 0.3254432011348769
4 0 0 0 0 0 0 1 0 0 0 0 0 0 0 0 0 0 0 0 0 0 0 7 0 0 0 12 0 0 8 1 5 0 4 1 2 0.4582883531636138
0 0 0 0 0 0 0 0 4 0 11 0 0 0 0 0 0 2 0 0 7 0 0 0 0 0 0 7 0 0 11 0 12 0 0 11 5 0.8210794622815374
---
1 17.645027624309392 8.0 36 
2 12 0 1 0 0 0 0 0 0 0 1 0 0 1 1 4 7 0 11 0 0 0 0 0 0 0 11 0 0 0 0 0 0 0 0 5 0.7803961026317676
0 0 0 7 4 4 0 0 0 0 2 0 0 0 0 0 5 2 2 1 0 0 0 4 2 0 2 12 0 0 4 7 0 0 0 2 2 0.6428935796928446
11 0 0 7 0 0 0 0 0 0 0 4 0 0 2 0 0 0 0 0 0 0 0 0 11 0 0 4 1 0 0 0 0 0 0 0 0 0.6018040327231301
0 0 0 0 0 0 4 0 0 0 0 0 0 0 0 0 11 0 0 0 0 0 0 0 0 0 0 0 0 0 0 0 0 3 7 0 4 0.3784407391225304
0 0 4 0 0 0 0 0 0 0 0 0 0 6 8 0 0 0 0 0 0 0 0 0 0 0 0 0 0 0 0 0 0 0 0 0 1 0.9119633871357852
0 0 0 0 0 4 12 0 12 0 0 7 0 0 12 0 0 0 0 0 0 13 0 0 12 8 0 1 0 0 0 0 0 0 0 0 3 0.1893415849892106
0 0 2 12 1 2 0 0 1 0 0 4 0 0 0 0 1 0 0 12 7 0 0 4 0 0 2 0 1 0 4 4 0 0 0 0 0 0.9461338681503836
0 0 0 0 0 3 0 0 0 0 0 0 0 0 0 0 0 0 1 0 0 0 0 13 0 0 0 0 0 0 0 0 0 1 0 0 1 0.9930243015367592
---
2 14.865331491712707 28.0 36 
7 0 0 0 0 0 0 0 0 0 0 0 0 8 0 0 0 0 0 1 0 0 0 0 0 0 0 0 0 11 6 0 0 0 0 0 5 0.7620355739250049
7 11 0 0 7 0 0 4 7 0 0 0 0 3 0 0 0 0 0 0 0 0 0 0 0 0 0 12 0 0 0 0 0 0 0 0 4 0.4595571193998389
7 0 7 0 12 0 0 0 0 0 0 0 0 0 0 3 0 12 7 4 0 0 0 0 0 2 0 7 4 0 0 0 0 0 0 1 5 0.6569006285422647
0 0 0 0 0 2 1 0 7 0 0 0 0 4 0 4 0 0 0 4 0 0 0 12 0 0 0 2 7 0 0 1 0 0 0 4 0 0.49007436369207846
0 0 12 0 0 0 8 0 0 0 4 11 0 0 12 0 0 0 0 0 0 0 0 0 0 8 11 0 0 13 0 0 0 0 0 0 3 0.2769659757625298
7 0 7 0 12 0 0 0 0 0 0 0 0 0 0 3 8 12 0 4 0 0 0 0 0 7 0 7 4 0 0 0 0 0 0 1 5 0.6280821118090005
0 0 0 0 0 0 0 0 3 6 0 0 0 0 0 4 0 0 0 0 0 3 0 13 0 0 0 0 12 0 8 0 0 0 0 0 1 0.9594014738350292
0 0 0 0 0 0 11 0 8 0 11 0 0 4 0 0 7 0 0 0 0 0 0 0 0 0 0 0 0 7 1 0 0 0 3 0 5 0.8853826790239376
2 8 0 0 13 13 0 0 0 0 0 0 8 8 8 4 8 0 0 0 0 0 0 7 0 13 0 12 0 13 0 0 1 4 0 0 2 0.847686373003379
4 0 0 7 0 0 0 7 12 0 0 0 13 0 0 0 0 8 0 0 0 0 0 11 4 0 0 0 12 0 0 0 0 12 0 0 3 0.33654264929600264
0 0 0 0 0 2 2 0 11 0 0 0 0 0 0 0 0 0 0 4 0 12 0 4 0 0 0 7 6 0 0 1 0 0 0 0 0 0.8729038928598201
4 0 0 7 0 0 0 7 12 0 0 0 13 0 4 0 0 8 0 0 0 0 0 11 4 0 0 0 12 0 0 0 0 12 0 0 3 0.3456754082889879
0 12 0 0 0 3 2 4 0 0 0 12 0 0 0 4 0 0 0 0 0 11 0 0 0 0 0 0 0 0 0 0 0 0 0 0 4 0.2716218173984192
7 0 7 0 0 0 0 0 0 0 0 0 0 0 0 0 0 0 7 1 0 6 0 0 0 0 0 0 4 0 0 0 0 0 0 1 4 0.5689259216873952
0 0 0 0 0 0 0 0 0 0 0 0 0 0 0 13 12 0 0 0 0 0 8 12 0 0 9 0 0 0 0 0 0 0 0 0 0 0.8290187412560495
0 0 0 0 0 6 0 0 0 0 0 0 0 11 0 0 0 0 11 0 0 0 0 0 4 0 0 1 0 0 0 0 0 0 0 0 4 0.6374604605943899
0 0 0 0 0 0 12 0 0 0 0 0 0 4 8 0 0 0 0 0 0 0 0 4 13 5 5 0 0 13 0 0 0 4 0 2 2 0.6159056861360047
0 8 0 0 0 12 1 0 7 0 0 0 0 0 0 4 0 0 0 4 0 0 0 12 0 0 0 2 7 0 0 1 0 0 0 0 0 0.5590883591340592
13 0 0 0 13 1 0 0 0 0 0 0 8 8 8 4 2 0 0 0 0 0 0 7 0 13 0 12 0 0 0 0 1 13 0 0 2 0.8489278504781694
0 10 0 0 0 0 0 0 0 0 8 0 0 0 0 0 0 11 0 0 0 0 0 0 0 0 0 0 0 0 0 0 0 0 0 0 1 0.9393078587673298
0 0 0 0 12 0 0 0 0 0 0 0 0 0 0 3 8 12 0 4 0 0 0 0 0 7 0 0 0 0 0 0 0 0 0 2 5 0.4021590867525342
0 12 0 0 0 1 0 0 0 0 0 0 8 0 8 7 8 13 13 0 0 0 0 0 0 8 0 0 0 13 0 0 0 4 0 0 2 0.5675875433976286
13 0 0 0 13 1 0 0 0 0 0 0 0 0 12 0 2 0 0 0 0 0 0 0 0 0 0 2 2 0 0 0 1 13 0 0 2 0.6654603981210139
0 0 0 0 0 0 0 0 0 0 1 0 0 0 0 0 0 0 0 8 0 0 0 0 0 0 8 0 0 0 0 0 0 6 8 0 1 0.9873394355161125
0 0 0 0 0 0 0 0 0 0 0 0 0 1 0 0 0 0 0 0 12 0 0 0 0 0 0 0 7 7 0 0 0 0 2 13 4 0.8449964113983992
2 0 0 0 13 13 0 0 0 0 0 7 8 0 8 4 2 0 0 0 0 0 0 0 0 13 0 12 0 13 0 0 12 4 0 0 2 0.766521316529976
0 2 0 0 0 0 0 0 0 0 0 2 0 0 8 0 0 0 0 0 0 0 0 10 13 0 0 0 0 0 7 0 0 0 0 0 2 0.896393658885412
0 0 0 0 0 0 0 0 0 0 1 0 2 0 0 0 0 0 0 8 0 0 0 0 0 0 8 0 0 0 0 0 0 3 8 8 1 0.8654577544836046
---
3 15.41781767955801 15.0 36 
0 0 0 0 0 0 0 0 0 8 0 12 5 0 0 0 0 0 0 2 0 0 8 0 0 2 0 0 8 0 0 7 2 0 0 0 2 0.7390429666026561
0 0 0 12 0 0 2 0 0 0 0 4 1 0 0 0 0 0 0 0 0 2 0 0 0 13 0 4 0 0 13 12 7 0 8 0 0 0.981031401939785
0 1 0 0 0 0 0 0 0 0 0 0 0 0 0 0 0 0 0 2 0 0 0 13 0 0 0 0 0 0 0 0 0 1 0 0 1 0.9768284934817841
0 0 0 0 0 8 0 0 0 8 0 12 5 0 0 0 0 0 0 1 0 0 8 0 0 13 0 12 8 13 0 12 2 0 0 0 2 0.79244181716541
0 0 0 0 0 11 0 4 0 11 0 0 0 0 0 0 0 11 0 0 0 11 0 0 0 0 0 0 0 0 0 0 0 0 0 0 4 0.8084492088684506
4 0 0 1 0 0 2 0 0 0 0 4 1 0 0 0 0 0 0 0 0 2 0 0 0 0 0 4 0 0 2 12 7 0 0 0 0 0.8683671816183306
0 7 0 0 0 0 6 0 0 0 0 0 2 0 0 11 0 0 0 0 0 0 0 0 0 0 0 0 0 0 0 0 0 0 0 0 5 0.3680648098409174
11 0 0 0 0 0 0 0 6 12 0 0 0 0 0 0 0 0 0 0 0 0 0 0 0 0 0 0 11 0 0 0 3 0 0 0 0 0.8507526230190251
0 0 0 0 0 0 0 0 0 0 12 0 0 0 0 0 0 0 0 7 12 0 12 7 0 0 0 0 0 0 12 1 8 0 12 0 3 0.077587841889458
0 0 0 0 0 11 0 7 0 0 0 0 0 11 0 0 0 0 0 0 0 0 0 0 0 0 0 0 0 0 0 12 0 0 0 0 4 0.5502734969748241
0 0 0 0 2 0 0 0 0 4 4 0 0 0 0 3 0 0 0 0 12 0 0 0 0 0 0 1 0 0 1 1 0 0 4 0 5 0.45116434999632504
0 0 0 0 0 0 0 0 0 8 4 0 5 0 0 0 0 0 0 2 0 0 8 0 0 2 0 0 0 0 1 12 0 0 4 0 2 0.6703712662641799
0 0 0 0 0 6 0 0 0 0 0 0 0 0 0 0 0 0 0 2 0 7 0 0 0 0 0 0 0 0 0 0 0 1 0 0 1 0.5687929409311665
0 0 0 0 0 0 0 0 5 0 0 0 6 0 0 0 0 0 0 0 0 2 0 0 1 0 0 0 0 1 8 0 0 0 0 0 1 0.9974451926102924
0 0 0 0 4 0 0 0 0 1 0 0 0 0 0 3 0 0 0 0 12 0 0 0 0 0 0 1 0 0 1 1 0 0 4 0 5 0.5738839531043598
---
4 13.587707182320441 21.0 36 
0 4 0 0 0 0 0 0 0 0 0 0 0 0 1 0 11 0 0 0 0 0 0 0 0 0 0 0 7 0 0 0 0 6 0 11 4 0.9556185744757169
0 4 0 0 0 0 0 0 0 0 0 0 0 0 13 4 0 0 0 11 0 0 0 0 0 0 0 12 13 13 0 12 0 0 0 0 2 0.7410919024452292
0 0 0 13 0 0 0 0 0 0 0 4 0 0 0 0 7 0 0 0 0 0 0 0 0 6 0 0 0 0 0 0 0 0 0 0 1 0.9893121655898249
0 11 0 0 0 0 0 0 0 7 0 0 0 0 0 0 11 0 0 0 0 0 0 12 0 0 4 0 0 0 0 0 0 0 4 0 4 0.2462812960172982
0 0 0 0 0 4 0 0 0 0 0 0 0 0 0 0 0 0 0 0 11 0 0 0 1 8 0 4 3 0 0 0 0 0 0 0 0 0.7160336449036846
0 11 0 0 0 0 0 0 0 7 0 0 7 0 0 0 11 0 0 0 0 0 0 12 7 0 4 0 0 0 0 0 0 0 4 0 4 0.4916267196275781
0 0 8 0 0 13 0 0 0 0 0 0 0 0 8 0 0 8 0 12 0 0 0 0 8 13 8 0 13 13 0 0 4 0 0 0 2 0.8130149678343979
0 10 0 0 0 0 0 0 0 7 0 0 0 0 0 0 11 0 0 0 0 0 0 12 0 0 4 0 0 0 0 0 0 0 2 0 1 0.4671527537022482
0 0 0 0 0 0 0 0 0 0 0 0 0 0 4 0 0 0 0 0 7 6 0 2 0 0 0 0 0 0 0 0 0 0 2 0 1 0.8783953961308477
0 8 0 7 0 0 0 0 0 0 0 0 0 0 0 0 0 0 12 0 0 0 0 0 8 0 0 0 0 0 0 0 0 13 11 0 3 0.45340841648717733
0 0 0 0 0 0 0 0 0 0 0 4 0 0 0 0 11 0 0 0 0 0 0 0 0 6 4 0 0 0 0 0 0 0 0 11 4 0.46577799802017905
0 0 0 0 0 0 0 0 0 7 0 0 0 0 0 0 11 0 0 0 0 0 0 0 0 0 4 0 0 11 0 0 0 0 4 0 4 0.2776464962213743
0 0 0 0 4 4 0 0 0 0 1 0 0 0 0 0 0 0 0 0 0 0 11 7 0 0 0 1 0 0 3 0 0 0 7 7 5 0.5393489462605887
0 0 0 0 2 0 0 1 0 0 0 0 0 1 0 0 0 12 0 11 0 0 0 0 0 0 0 0 0 4 0 0 7 7 0 0 5 0.4573293547541257
0 0 0 0 0 0 0 0 0 0 0 0 0 0 0 0 0 0 0 0 0 0 0 0 0 0 8 0 0 0 0 14 0 0 0 0 1 1.0
0 0 0 0 0 0 0 0 0 0 0 0 0 0 7 3 12 0 0 0 0 0 2 0 0 1 0 0 0 2 0 0 0 0 0 0 5 0.2319570442402641
0 0 0 0 0 13 0 0 0 0 0 0 0 0 0 0 7 0 0 0 4 0 0 0 0 0 5 0 12 0 8 0 0 0 8 0 0 0.9023399422014649
0 0 7 11 0 0 0 0 0 4 0 0 6 0 0 0 0 0 0 0 11 0 0 0 0 12 1 0 0 0 0 0 0 0 0 0 0 0.8538736377155828
0 0 0 0 0 0 4 0 0 8 0 0 2 1 0 0 5 0 0 0 0 0 0 0 0 13 0 4 13 0 0 0 4 0 8 7 2 0.7171596096086652
0 0 0 0 0 13 0 0 7 0 0 0 0 2 4 0 7 0 0 0 0 2 0 2 0 0 4 0 0 0 0 0 0 0 8 0 0 0.8463179822307915
0 0 0 0 0 13 0 0 0 0 0 0 0 0 0 0 2 0 0 0 1 0 0 0 0 0 5 0 7 0 8 0 0 0 8 0 0 0.8380829861694259
