---
0 16.80193403557244 19.0 36 
0 0 0 1 0 0 0 0 0 0 0 0 0 0 7 7 0 0 0 0 11 0 0 1 0 0 0 0 0 11 0 0 0 0 0 0 4 0.4745705905496749
0 3 0 0 0 0 0 0 1 0 0 0 0 0 0 12 7 0 0 4 0 0 0 1 0 0 0 12 0 0 0 0 0 0 0 0 4 0.22503663057528533
1 0 0 0 0 0 0 0 0 0 2 0 0 13 13 0 0 0 1 4 0 0 0 12 0 0 0 0 7 0 0 0 0 0 0 0 0 0.9660452281814161
0 0 0 0 0 0 0 0 0 11 0 0 0 0 0 0 0 0 0 0 11 0 0 1 0 0 0 0 7 0 0 0 0 0 0 0 4 0.45800683949625887
1 0 0 0 0 0 0 0 0 0 0 4 0 8 0 0 0 0 1 0 0 0 0 12 0 0 8 0 7 0 0 0 0 0 0 0 0 0.7594011274323145
0 2 0 0 4 0 0 0 0 0 0 5 0 0 0 0 0 0 0 0 0 0 0 0 0 0 0 0 0 0 0 0 0 7 0 0 1 0.8277609780401276
0 0 0 1 0 0 0 0 0 11 3 0 0 0 0 0 0 0 0 0 11 0 0 1 0 0 0 0 0 0 0 0 0 0 0 0 4 0.5495732207978528
0 0 4 0 0 0 0 1 0 2 0 0 4 0 0 0 0 4 0 0 0 0 0 0 4 4 0 0 0 0 0 0 0 4 0 7 5 0.18380186119870512
1 0 0 0 0 0 0 0 0 0 0 4 0 6 0 0 0 0 1 0 0 0 0 12 0 0 8 0 7 0 0 0 0 0 0 0 1 0.82488828655327
0 0 0 0 0 0 0 0 0 0 0 11 0 0 0 0 0 12 0 0 0 0 0 0 0 0 0 7 4 0 0 1 0 4 7 11 5 0.6073117021277917
0 6 0 0 10 0 0 0 1 0 0 8 0 0 0 0 0 0 0 0 0 0 0 0 0 0 0 0 0 0 0 0 0 0 0 0 1 0.9992093861813405
0 0 0 0 0 0 1 0 0 0 0 0 12 0 0 0 0 12 0 0 0 0 0 0 4 0 0 7 0 0 0 1 0 4 0 0 5 0.47874758634040115
0 0 0 0 0 0 0 0 0 0 0 11 0 0 0 11 0 12 0 0 7 0 0 0 0 0 0 11 0 0 0 0 0 4 11 11 5 0.7992691069470397
13 0 0 0 5 0 0 0 0 4 0 0 0 0 0 0 0 0 0 0 0 8 0 0 0 0 0 0 13 0 0 0 4 0 0 0 2 0.5723221992539315
0 4 0 0 11 0 0 0 0 0 0 0 0 0 0 0 6 0 0 4 0 0 0 0 0 0 0 0 0 12 0 0 0 0 0 0 0 0.579434230438433
13 0 0 0 5 0 0 0 0 4 0 0 0 0 0 0 0 0 0 0 0 2 0 0 0 0 0 0 2 0 0 0 4 0 0 0 2 0.4882371497413305
0 5 0 0 0 0 1 0 0 0 0 0 0 0 0 0 2 8 0 0 0 0 0 0 0 0 0 0 0 0 0 0 0 0 0 0 2 0.053327969533290664
13 0 0 0 5 0 0 0 0 11 0 0 0 0 0 0 0 0 0 0 0 8 0 0 0 0 0 0 13 0 0 0 4 0 0 0 3 0.4760946644121027
0 4 0 0 0 0 0 0 1 0 0 0 0 0 0 0 0 0 0 0 0 1 0 0 0 0 0 0 0 0 0 0 0 1 0 13 1 0.8392023841637949
---
1 17.13002935589708 7.0 36 
0 4 0 0 2 0 0 0 0 0 0 0 0 4 0 0 0 0 0 0 0 12 0 0 4 4 0 0 0 4 1 0 2 0 0 7 5 0.2918434938262745
0 0 0 0 0 4 2 0 1 0 0 4 0 4 0 12 0 0 0 0 0 0 0 4 0 0 0 4 7 0 0 0 1 2 0 0 0 0.7101358676060779
0 0 0 0 0 4 2 0 0 0 0 1 2 4 0 0 13 13 0 7 0 0 0 0 0 2 0 4 0 0 0 0 0 2 0 0 2 0.6107582579997293
0 0 0 0 0 0 0 0 0 0 2 0 0 1 0 0 0 0 8 0 0 0 0 0 0 0 0 0 0 0 0 2 0 7 0 0 1 0.20817322441537445
0 0 0 0 2 0 0 0 0 0 0 0 0 0 0 0 11 11 0 0 0 0 0 0 0 4 0 0 7 11 2 0 1 7 0 0 4 0.5735903768555479
0 11 0 0 12 0 0 0 0 0 0 0 0 0 0 0 0 0 0 0 0 0 0 12 0 0 0 12 0 0 0 0 0 7 0 0 4 0.6011494859945052
0 10 0 0 0 11 0 0 0 0 0 0 0 0 4 8 0 0 0 1 0 1 0 0 0 0 0 0 0 0 0 0 0 0 0 0 1 0.6698637307881239
---
2 16.92281125884994 12.0 36 
2 0 0 0 0 0 0 0 2 0 0 0 0 8 4 0 0 0 13 7 0 0 0 0 8 0 0 1 0 0 0 0 0 0 0 0 2 0.6674186891317124
0 0 0 0 12 0 0 0 4 0 11 0 0 0 0 0 0 4 0 0 0 0 11 0 4 0 0 0 0 0 0 11 0 0 0 7 5 0.8181500230510763
0 8 0 0 0 0 0 0 0 0 0 0 0 0 0 0 1 0 0 0 0 0 0 0 0 0 0 2 7 4 0 0 0 0 0 0 0 0.3681072925481168
0 0 0 0 11 0 4 0 3 0 0 0 0 0 0 0 0 0 0 0 0 0 0 0 0 8 4 0 11 0 0 0 0 0 0 0 0 0.8265012342770522
0 0 0 0 0 0 0 8 0 0 0 0 0 1 0 0 0 1 0 0 1 0 0 0 0 0 0 2 0 0 0 0 0 0 0 0 1 0.7339268300513426
0 0 0 0 0 0 0 0 0 0 0 0 0 0 0 0 0 11 0 1 0 11 0 0 0 0 0 1 0 0 0 0 11 0 0 0 4 0.7586218071794806
0 1 0 1 0 0 0 0 0 0 0 7 12 0 0 0 0 4 0 0 4 0 0 0 4 0 7 0 0 0 1 0 0 0 0 0 5 0.6360680370370213
0 0 0 0 8 0 4 7 0 0 0 0 0 0 0 0 0 0 4 0 0 0 12 0 13 12 4 0 0 0 0 0 0 0 0 0 3 0.1642708606729013
0 0 0 0 12 0 0 0 0 0 0 0 8 0 0 0 0 4 0 0 0 0 11 0 4 0 0 0 0 0 1 11 0 0 0 7 5 0.620221931278804
0 0 7 0 0 0 0 0 0 0 0 12 0 0 0 0 0 4 4 0 0 0 0 0 0 0 5 0 0 6 0 13 0 0 0 0 1 0.9538444445624241
0 0 3 0 0 4 0 0 0 0 0 0 0 0 0 0 0 11 0 7 0 0 0 0 0 0 0 0 0 0 0 0 0 0 0 0 4 0.11565635726942003
0 0 0 0 0 0 0 0 0 0 0 7 12 1 0 0 0 4 0 0 1 0 0 0 4 0 7 0 0 0 0 0 0 0 0 13 3 0.7975807379503632
---
3 14.108098773959593 12.0 36 
0 0 0 0 2 0 0 0 1 0 0 7 0 0 4 0 5 5 8 7 0 0 0 7 0 0 0 4 0 0 0 0 0 0 0 0 2 0.5153773744378682
0 0 0 1 7 0 0 0 0 0 0 1 4 7 1 0 7 4 0 0 0 4 0 3 0 0 0 0 0 0 0 11 0 0 11 0 5 0.7934141949896902
0 0 2 0 4 0 0 12 0 0 0 0 1 0 0 2 0 0 0 4 0 0 8 7 1 0 9 1 0 2 0 0 1 0 0 0 0 0.8954117370710211
0 1 0 0 6 12 0 0 0 0 0 0 0 0 0 7 0 0 0 0 0 0 0 0 0 0 0 4 0 0 0 0 11 0 0 0 0 0.8911329499869733
7 0 0 0 0 3 7 0 0 0 0 0 0 0 1 0 0 0 0 0 0 11 0 0 0 0 0 0 0 0 0 0 0 0 0 0 4 0.5271215005791392
0 0 0 0 0 0 4 0 0 0 0 0 0 6 1 13 0 0 0 0 0 0 2 0 1 0 0 0 0 0 0 0 0 0 0 0 1 0.9980226362956826
0 8 0 0 0 0 0 0 0 0 0 0 12 0 0 0 0 0 0 7 0 0 2 0 8 12 0 0 0 7 0 0 0 0 0 0 5 0.24582689923536238
0 0 12 0 0 0 0 0 0 0 0 11 12 0 0 0 0 13 0 0 0 8 0 0 0 0 12 0 0 8 4 0 12 12 0 0 3 0.3657016542643807
12 0 0 3 0 0 0 0 0 0 0 1 0 7 1 0 0 0 0 7 0 4 2 0 8 12 0 0 0 0 0 0 0 0 0 0 5 0.572027086649531
0 0 0 0 0 0 1 0 0 0 0 0 0 0 1 0 0 0 0 0 0 6 2 0 0 0 0 0 0 0 0 0 0 0 0 0 1 0.5441159364053128
13 8 0 0 0 0 7 0 0 0 0 0 0 0 0 0 0 11 0 0 0 0 0 0 0 0 2 0 0 0 12 0 0 0 0 0 4 0.7106545268074311
0 0 2 0 4 0 0 12 0 0 0 0 1 0 0 2 0 0 0 4 0 0 8 7 1 0 0 1 0 2 0 0 1 0 0 0 0 0.6100465602407152
---
4 14.418925919530306 8.0 36 
0 0 0 7 0 0 0 0 0 0 0 0 0 1 4 0 5 0 8 0 0 0 0 12 0 0 0 0 0 0 0 0 0 2 0 0 2 0.6904510240442812
0 0 12 7 8 12 12 0 0 4 0 0 0 0 0 0 0 0 0 7 0 0 12 0 4 4 12 0 0 0 0 0 0 0 0 0 3 0.30769622775288985
0 0 8 0 0 0 0 0 0 0 0 0 6 0 0 13 0 1 0 0 0 0 0 0 0 0 0 0 0 0 0 0 0 1 0 0 1 0.996573951747384
0 0 0 4 1 0 0 0 0 0 2 1 0 0 0 0 0 0 0 0 0 0 0 12 7 0 0 4 0 0 0 0 0 0 0 0 0 0.5577576732322322
0 4 0 0 0 4 0 0 2 0 0 0 0 0 0 1 4 4 0 0 0 0 0 1 4 0 0 7 0 0 0 0 0 0 0 0 5 0.24637561764942606
0 0 0 0 0 0 0 4 0 3 0 0 0 0 4 4 0 0 0 0 0 0 13 0 0 0 0 0 0 0 0 0 0 0 0 2 1 0.9109787208665949
0 11 0 4 7 0 0 0 0 0 0 1 0 0 0 0 0 11 0 0 0 0 0 12 7 0 0 0 0 0 0 0 0 0 0 0 4 0.8656961882070016
0 0 0 0 0 0 0 4 0 0 0 0 0 0 4 0 0 0 0 0 0 11 0 0 0 0 0 0 0 0 0 0 0 0 0 0 4 0.03460031938373187
