---
0 14.476660497635205 59.0 5 
7 7 8 8 1 1 0.1536193186681869
12 4 13 12 4 1 0.152646736500214
2 4 12 8 1 0 0.13489826217547818
12 2 13 4 2 1 0.14340477521841133
1 4 12 13 6 1 0.2055432268436217
7 12 6 7 2 0 0.9025283873716483
1 11 7 2 1 0 0.14684579528396502
13 12 13 4 2 0 0.4260279700463021
4 7 4 8 1 1 0.08981956893041931
4 10 7 1 8 1 0.3909364448454866
7 12 12 5 7 1 0.26803782392196207
7 7 2 2 11 0 0.13789255403165046
11 2 7 12 6 0 0.5238450960502319
7 7 8 8 1 1 0.1536193186681869
11 11 11 13 3 1 0.13792679192702328
7 12 12 5 7 1 0.26803782392196207
11 10 11 13 7 1 0.6407621176434484
7 8 7 13 0 0 0.1251979599963262
11 12 13 1 7 0 0.5701458766626769
7 7 13 7 8 1 0.4460823488581067
1 4 12 13 6 1 0.2055432268436217
4 3 7 2 11 0 0.4560118591125273
1 9 7 11 7 0 0.9905486763046143
1 7 13 10 7 0 0.5265397336348705
11 12 8 2 11 0 0.279560279696329
2 2 1 4 6 0 0.5293281891178456
1 4 0 13 11 1 0.0814083559735368
12 12 7 11 1 0 0.9163185970410905
1 7 13 10 7 0 0.5265397336348705
7 7 2 2 7 0 0.10067938666981258
7 7 4 2 14 0 0.09283840946213884
11 12 13 1 2 0 0.32003608119347193
7 7 13 7 8 1 0.4460823488581067
4 11 5 4 2 1 0.2672181694393432
12 4 7 11 9 0 0.859886265691414
4 3 1 1 7 0 0.5156707880272315
11 12 8 2 11 0 0.279560279696329
11 7 13 2 11 0 0.24902122414541916
7 7 13 7 8 1 0.4460823488581067
7 12 8 12 2 0 0.06520240153335477
7 12 8 14 1 1 0.16568827003356879
11 6 1 4 1 0 0.2158335293237137
4 7 12 2 3 0 0.09390255581482854
7 12 4 8 2 1 0.10116786824730095
12 1 8 2 12 1 0.15662404915346184
4 10 12 0 8 1 0.8284543529603716
7 7 8 1 10 1 0.17957847222030376
4 1 1 2 6 0 0.13023343672824272
11 7 13 2 11 0 0.24902122414541916
4 4 8 3 8 1 0.12359745899062036
12 7 8 2 4 1 0.15572778424558176
1 4 8 13 1 1 0.1898212203044336
7 7 3 6 10 1 0.5462234163892055
7 12 8 13 1 1 0.2478404138374115
11 7 4 5 6 1 0.0916312047790615
11 11 0 12 11 1 0.07298270946937313
4 4 8 8 11 0 0.06100430855024053
7 7 2 2 11 0 0.13789255403165046
7 1 7 2 10 1 0.1384028403978267
---
1 13.551305778326137 38.0 5 
7 8 7 7 13 0 0.8734118849455479
8 4 7 5 11 0 0.6995475900176891
1 11 13 12 11 1 0.24127965114303795
3 4 4 7 6 0 0.5049496351490295
3 12 4 13 4 1 0.3019671356928475
11 1 5 2 11 0 0.3002825806990792
7 2 13 12 7 0 0.2196388936268039
4 7 13 14 6 1 0.3253387799865075
5 8 2 4 4 0 0.9045000388719777
11 2 13 4 4 0 0.20757363394819528
12 0 8 0 14 1 0.4108635169639563
12 7 8 0 1 1 0.04918981221462615
1 7 8 12 4 1 0.0773294661144508
5 7 8 4 4 0 0.9730282543872499
3 13 4 13 6 0 0.18922230703812115
12 11 8 8 1 1 0.335155195156688
7 11 1 8 10 1 0.3371725495318807
7 7 4 7 8 1 0.201601949752517
4 1 8 8 2 1 0.27323270458330184
1 1 13 7 2 0 0.14945966593179283
2 7 7 7 6 0 0.835395045861457
11 8 5 4 4 0 0.46465521505949203
12 1 13 4 1 1 0.12762613397696287
1 11 11 1 2 0 0.47064812090462405
4 11 12 13 3 1 0.1485374274450295
7 2 4 13 12 1 0.34305989324073094
3 1 4 1 1 0 0.2625773636449671
12 1 13 8 1 1 0.3609671040503364
12 7 8 2 8 1 0.583457492158545
1 7 7 1 2 0 0.44533716285540104
1 2 7 2 10 1 0.21202711942851105
1 7 3 1 2 0 0.6356881039939745
7 7 1 8 1 1 0.16321739212629716
1 11 7 2 1 0 0.16517668539401398
8 7 7 1 8 0 0.7988297721730862
3 1 11 10 7 1 0.4581729525012206
11 4 7 5 11 1 0.12021075272690651
11 1 13 2 11 0 0.250671563614576
