---
13.831807977896737 13.0 36
0 4 2 2 1 4 0 12 4 4 0 0 1 0 13 0 1 0 1 2 4 2 0 4 1 2 2 4 1 0 4 0 1 4 4 1 0 0.7249097965803523 
4 1 1 0 0 4 0 4 2 4 1 1 0 0 0 7 4 4 1 1 4 4 0 1 2 4 4 7 4 1 1 0 2 4 1 0 5 0.6356757616208837 
0 0 0 0 0 0 0 0 0 0 0 0 0 0 0 0 0 3 13 0 0 0 0 0 0 0 0 0 0 0 0 0 0 0 0 0 1 0.9908875430227124 
4 0 4 0 7 11 0 0 4 0 0 0 0 0 1 2 7 11 2 0 7 11 0 4 4 0 0 0 2 1 0 0 0 1 2 4 4 0.9111587678845215 
4 1 1 0 0 4 0 0 2 4 1 1 0 0 0 7 4 4 1 1 4 4 0 1 2 4 4 7 2 1 1 0 2 4 1 0 5 0.556611338360747 
0 4 2 2 1 4 0 12 2 4 0 0 1 0 0 0 1 4 1 2 1 2 0 4 1 2 2 4 1 0 4 0 1 4 4 0 0 0.671483885234802 
4 0 12 1 12 7 12 7 4 0 0 3 4 13 0 7 0 0 0 0 0 13 0 0 0 1 4 0 4 4 4 0 0 4 7 0 3 0.5571908383012205 
4 1 1 0 0 0 0 0 2 4 1 4 0 0 0 0 2 4 1 1 4 4 0 1 4 4 1 7 2 1 1 4 2 4 4 0 5 0.43438865255972714 
4 1 1 0 0 0 0 0 2 4 1 4 0 0 0 7 2 4 1 1 4 4 0 1 4 4 1 7 2 1 1 1 2 4 4 0 5 0.5337946189856454 
0 0 0 0 0 0 0 0 0 0 0 0 0 0 0 0 12 12 0 0 0 0 0 0 0 10 0 0 0 0 4 8 0 0 8 0 1 0.8175241857549764 
4 1 1 0 0 0 0 0 2 4 1 4 0 0 0 7 2 4 1 1 2 4 0 1 4 4 1 7 2 1 1 1 2 4 4 0 5 0.4896188164785129 
0 0 0 0 0 0 0 0 0 10 14 0 0 0 0 0 0 0 0 0 0 0 8 0 0 0 0 0 0 0 0 0 0 0 0 0 1 1.0 
4 0 0 7 2 2 4 7 0 4 0 0 2 0 0 7 0 5 8 7 2 2 2 4 2 2 1 4 0 0 1 2 0 4 1 7 2 0.2346340841909047 
