---
12.430939226519337 8.0 36
1 2 2 0 1 0 0 4 1 0 0 0 1 0 0 0 1 0 0 0 1 0 0 0 1 4 4 4 1 4 0 0 0 0 0 0 0 0.7574999473535775 
1 0 0 0 0 0 0 0 0 4 0 1 0 0 0 11 0 4 0 0 4 0 1 1 4 1 1 0 4 0 1 1 0 4 0 0 5 0.7630613753192526 
0 0 0 0 0 0 8 0 0 0 0 0 0 6 0 0 0 0 0 0 0 0 0 0 0 0 0 13 0 0 0 0 0 0 0 0 1 0.9993790208666788 
7 7 0 0 0 0 0 1 0 1 0 0 4 1 0 0 0 11 0 4 0 0 4 0 7 0 0 0 0 0 0 0 0 0 0 0 4 0.5125752523568393 
0 1 0 0 0 0 0 0 0 1 2 0 0 0 1 0 0 0 0 8 0 3 2 0 0 0 0 0 0 1 0 0 0 0 0 0 1 0.9906302153231432 
0 12 0 1 0 0 0 0 4 0 7 0 0 0 0 4 0 13 0 0 0 0 0 11 0 0 7 0 0 0 0 0 0 12 0 7 3 0.1598960010494439 
2 0 0 7 0 0 4 4 0 0 4 0 2 2 8 4 0 13 0 7 5 0 1 4 0 0 4 12 2 0 0 0 0 2 1 0 2 0.7094053273800461 
7 0 0 0 0 0 0 0 0 4 0 1 0 0 0 11 0 4 0 0 4 0 1 1 4 1 1 0 4 0 1 1 0 4 0 0 5 0.7216205605992039 
