---
0 0 76.18718701433258 1.0 36
0 0 0 0 0 0 0 0 0 0 0 0 0 0 0 12 0 0 0 0 0 0 0 0 0 0 0 0 1 0 2 0 0 0 0 0 0 0.04541426741247356 
---
0 1 53.28958729062339 2.0 36
0 0 0 0 1 0 4 4 7 4 2 4 1 4 0 0 1 0 0 4 1 0 1 7 1 4 1 4 1 2 0 7 1 2 0 2 0 0.8953272218638038 
0 1 1 4 0 4 0 0 4 0 0 7 4 12 0 11 0 12 1 11 2 0 0 1 4 1 1 0 2 4 1 0 0 2 0 0 5 0.6679078705668768 
---
0 2 33.77654981868417 3.0 36
0 1 1 4 4 4 0 0 0 0 0 0 4 0 1 11 4 12 1 11 4 12 0 1 4 1 1 4 2 4 1 0 0 4 0 0 5 0.8080494620476506 
0 0 0 0 1 0 4 4 1 4 2 4 1 4 0 0 1 0 0 4 1 0 1 4 1 0 1 4 7 2 0 7 1 2 0 2 0 0.6673715330305399 
2 0 4 4 2 2 2 7 1 0 0 1 0 0 4 7 5 13 4 1 2 8 2 1 0 0 2 2 2 0 1 0 0 2 0 4 2 0.5860517237875255 
---
0 3 16.283888792954585 5.0 36
2 0 4 4 2 2 2 7 1 0 0 1 4 0 4 7 5 13 4 4 2 8 2 1 0 0 2 2 2 0 1 0 0 2 0 4 2 0.4551295989147853 
0 4 0 1 1 0 1 2 1 0 0 1 1 4 0 4 1 0 0 0 4 4 2 0 1 4 0 1 1 0 0 4 1 4 0 12 0 0.6968276059530791 
0 1 1 4 4 4 0 0 0 0 0 0 4 0 1 11 4 12 1 11 4 12 0 1 4 1 1 4 2 4 1 0 0 4 0 0 5 0.8080494620476506 
0 0 0 2 4 1 0 0 2 7 0 2 0 7 0 0 0 11 0 0 0 0 0 0 0 0 0 4 4 0 0 0 0 1 4 2 4 0.7372954112773638 
0 0 0 0 0 0 0 0 0 0 0 2 0 1 0 0 6 3 0 13 0 0 0 0 0 0 0 0 0 0 0 0 0 0 0 0 1 1.0 
---
0 4 33.77654981868417 3.0 36
0 1 1 4 4 4 0 0 0 0 0 0 4 0 1 11 4 12 1 11 4 12 0 1 4 1 1 4 2 4 1 0 0 4 0 0 5 0.8080494620476506 
0 0 0 0 1 0 4 4 1 4 2 4 1 4 0 0 1 0 0 4 1 0 1 4 1 0 1 4 7 2 0 7 1 2 0 2 0 0.6673715330305399 
2 0 4 4 2 2 2 7 1 0 0 1 0 0 4 7 5 13 4 1 2 8 2 1 0 0 2 2 2 0 1 0 0 2 0 4 2 0.5860517237875255 
---
0 5 26.16128475220169 4.0 36
0 0 0 0 1 0 4 4 7 4 2 4 1 4 0 0 1 0 0 4 1 0 1 7 1 0 1 4 1 2 0 7 1 2 0 2 0 0.8850904497192171 
0 0 0 2 4 1 0 0 2 7 0 2 0 7 0 0 0 11 0 0 0 0 0 0 0 0 0 4 4 0 0 0 0 1 4 2 4 0.24203878659770206 
0 1 1 4 4 4 0 0 0 0 0 0 4 0 1 11 4 12 1 11 4 12 0 1 4 1 1 4 2 2 1 0 0 4 0 0 5 0.8617974078558542 
2 0 4 4 2 2 2 7 1 0 0 1 0 0 4 7 5 13 4 4 2 8 2 1 0 0 2 2 2 0 1 0 0 2 0 4 2 0.5884269543468202 
---
0 6 26.16128475220169 4.0 36
0 0 0 0 1 0 4 4 7 4 2 4 1 4 0 0 1 0 0 4 1 0 1 7 1 0 1 4 1 2 0 7 1 2 0 2 0 0.8850904497192171 
0 0 0 2 4 1 0 0 2 7 0 2 0 7 0 0 0 11 0 0 0 0 0 0 0 0 0 4 4 0 0 0 0 1 4 2 4 0.24203878659770206 
0 1 1 4 4 4 0 0 0 0 0 0 4 0 1 11 4 12 1 11 4 12 0 1 4 1 1 4 2 2 1 0 0 4 0 0 5 0.8617974078558542 
2 0 4 4 2 2 2 7 1 0 0 1 0 0 4 7 5 13 4 4 2 8 2 1 0 0 2 2 2 0 1 0 0 2 0 4 2 0.5884269543468202 
---
0 7 13.78000345363495 6.0 36
2 0 4 4 2 2 2 7 1 0 0 1 0 0 4 7 5 13 4 4 2 8 2 1 0 0 2 2 2 0 1 0 0 2 0 4 2 0.5884269543468202 
0 4 0 1 1 0 1 2 1 0 0 1 1 4 0 4 1 0 0 0 4 4 2 0 1 4 0 1 1 0 0 4 1 4 0 12 0 0.6968276059530791 
0 1 1 4 4 4 0 0 0 0 0 0 4 0 1 11 4 12 1 11 4 12 0 1 4 1 1 4 2 4 1 0 0 4 0 0 5 0.8080494620476506 
0 0 0 2 4 1 0 0 2 7 0 2 0 7 0 0 0 11 0 0 0 0 0 0 0 0 0 4 4 0 0 0 0 1 4 2 4 0.7372954112773638 
0 0 0 0 0 0 0 0 0 0 0 2 0 1 0 0 6 3 0 13 0 0 0 0 0 0 0 0 0 0 0 0 0 0 0 0 1 1.0 
12 0 7 0 0 0 2 0 0 0 4 11 0 8 0 7 0 1 12 0 12 1 4 0 12 0 12 1 0 0 4 0 0 8 1 0 3 0.2509621801548674 
---
0 8 13.78000345363495 6.0 36
2 0 4 4 2 2 2 7 1 0 0 1 0 0 4 7 5 13 4 4 2 8 2 1 0 0 2 2 2 0 1 0 0 2 0 4 2 0.5884269543468202 
0 4 0 1 1 0 1 2 1 0 0 1 1 4 0 4 1 0 0 0 4 4 2 0 1 4 0 1 1 0 0 4 1 4 0 12 0 0.6968276059530791 
0 1 1 4 4 4 0 0 0 0 0 0 4 0 1 11 4 12 1 11 4 12 0 1 4 1 1 4 2 4 1 0 0 4 0 0 5 0.8080494620476506 
0 0 0 2 4 1 0 0 2 7 0 2 0 7 0 0 0 11 0 0 0 0 0 0 0 0 0 4 4 0 0 0 0 1 4 2 4 0.7372954112773638 
0 0 0 0 0 0 0 0 0 0 0 2 0 1 0 0 6 3 0 13 0 0 0 0 0 0 0 0 0 0 0 0 0 0 0 0 1 1.0 
12 0 7 0 0 0 2 0 0 0 4 11 0 8 0 7 0 1 12 0 12 1 4 0 12 0 12 1 0 0 4 0 0 8 1 0 3 0.2509621801548674 
---
0 9 26.16128475220169 4.0 36
0 0 0 0 1 0 4 4 7 4 2 4 1 4 0 0 1 0 0 4 1 0 1 7 1 0 1 4 1 2 0 7 1 2 0 2 0 0.8850904497192171 
0 0 0 2 4 1 0 0 2 7 0 2 0 7 0 0 0 11 0 0 0 0 0 0 0 0 0 4 4 0 0 0 0 1 4 2 4 0.24203878659770206 
0 1 1 4 4 4 0 0 0 0 0 0 4 0 1 11 4 12 1 11 4 12 0 1 4 1 1 4 2 2 1 0 0 4 0 0 5 0.8617974078558542 
2 0 4 4 2 2 2 7 1 0 0 1 0 0 4 7 5 13 4 4 2 8 2 1 0 0 2 2 2 0 1 0 0 2 0 4 2 0.5884269543468202 
---
0 10 13.78000345363495 6.0 36
2 0 4 4 2 2 2 7 1 0 0 1 0 0 4 7 5 13 4 4 2 8 2 1 0 0 2 2 2 0 1 0 0 2 0 4 2 0.5884269543468202 
0 4 0 1 1 0 1 2 1 0 0 1 1 4 0 4 1 0 0 0 4 4 2 0 1 4 0 1 1 0 0 4 1 4 0 12 0 0.6968276059530791 
0 1 1 4 4 4 0 0 0 0 0 0 4 0 1 11 4 12 1 11 4 12 0 1 4 1 1 4 2 4 1 0 0 4 0 0 5 0.8080494620476506 
0 0 0 2 4 1 0 0 2 7 0 2 0 7 0 0 0 11 0 0 0 0 0 0 0 0 0 4 4 0 0 0 0 1 4 2 4 0.7372954112773638 
0 0 0 0 0 0 0 0 0 0 0 2 0 1 0 0 6 3 0 13 0 0 0 0 0 0 0 0 0 0 0 0 0 0 0 0 1 1.0 
12 0 7 0 0 0 2 0 0 0 4 11 0 8 0 7 0 1 12 0 12 1 4 0 12 0 12 1 0 0 4 0 0 8 1 0 3 0.2509621801548674 
---
0 11 13.78000345363495 6.0 36
2 0 4 4 2 2 2 7 1 0 0 1 0 0 4 7 5 13 4 4 2 8 2 1 0 0 2 2 2 0 1 0 0 2 0 4 2 0.5884269543468202 
0 4 0 1 1 0 1 2 1 0 0 1 1 4 0 4 1 0 0 0 4 4 2 0 1 4 0 1 1 0 0 4 1 4 0 12 0 0.6968276059530791 
0 1 1 4 4 4 0 0 0 0 0 0 4 0 1 11 4 12 1 11 4 12 0 1 4 1 1 4 2 4 1 0 0 4 0 0 5 0.8080494620476506 
0 0 0 2 4 1 0 0 2 7 0 2 0 7 0 0 0 11 0 0 0 0 0 0 0 0 0 4 4 0 0 0 0 1 4 2 4 0.7372954112773638 
0 0 0 0 0 0 0 0 0 0 0 2 0 1 0 0 6 3 0 13 0 0 0 0 0 0 0 0 0 0 0 0 0 0 0 0 1 1.0 
12 0 7 0 0 0 2 0 0 0 4 11 0 8 0 7 0 1 12 0 12 1 4 0 12 0 12 1 0 0 4 0 0 8 1 0 3 0.2509621801548674 
---
0 12 13.78000345363495 6.0 36
2 0 4 4 2 2 2 7 1 0 0 1 0 0 4 7 5 13 4 4 2 8 2 1 0 0 2 2 2 0 1 0 0 2 0 4 2 0.5884269543468202 
0 4 0 1 1 0 1 2 1 0 0 1 1 4 0 4 1 0 0 0 4 4 2 0 1 4 0 1 1 0 0 4 1 4 0 12 0 0.6968276059530791 
0 1 1 4 4 4 0 0 0 0 0 0 4 0 1 11 4 12 1 11 4 12 0 1 4 1 1 4 2 4 1 0 0 4 0 0 5 0.8080494620476506 
0 0 0 2 4 1 0 0 2 7 0 2 0 7 0 0 0 11 0 0 0 0 0 0 0 0 0 4 4 0 0 0 0 1 4 2 4 0.7372954112773638 
0 0 0 0 0 0 0 0 0 0 0 2 0 1 0 0 6 3 0 13 0 0 0 0 0 0 0 0 0 0 0 0 0 0 0 0 1 1.0 
12 0 7 0 0 0 2 0 0 0 4 11 0 8 0 7 0 1 12 0 12 1 4 0 12 0 12 1 0 0 4 0 0 8 1 0 3 0.2509621801548674 
---
0 13 13.78000345363495 6.0 36
2 0 4 4 2 2 2 7 1 0 0 1 0 0 4 7 5 13 4 4 2 8 2 1 0 0 2 2 2 0 1 0 0 2 0 4 2 0.5884269543468202 
0 4 0 1 1 0 1 2 1 0 0 1 1 4 0 4 1 0 0 0 4 4 2 0 1 4 0 1 1 0 0 4 1 4 0 12 0 0.6968276059530791 
0 1 1 4 4 4 0 0 0 0 0 0 4 0 1 11 4 12 1 11 4 12 0 1 4 1 1 4 2 4 1 0 0 4 0 0 5 0.8080494620476506 
0 0 0 2 4 1 0 0 2 7 0 2 0 7 0 0 0 11 0 0 0 0 0 0 0 0 0 4 4 0 0 0 0 1 4 2 4 0.7372954112773638 
0 0 0 0 0 0 0 0 0 0 0 2 0 1 0 0 6 3 0 13 0 0 0 0 0 0 0 0 0 0 0 0 0 0 0 0 1 1.0 
12 0 7 0 0 0 2 0 0 0 4 11 0 8 0 7 0 1 12 0 12 1 4 0 12 0 12 1 0 0 4 0 0 8 1 0 3 0.2509621801548674 
---
0 14 13.78000345363495 6.0 36
2 0 4 4 2 2 2 7 1 0 0 1 0 0 4 7 5 13 4 4 2 8 2 1 0 0 2 2 2 0 1 0 0 2 0 4 2 0.5884269543468202 
0 4 0 1 1 0 1 2 1 0 0 1 1 4 0 4 1 0 0 0 4 4 2 0 1 4 0 1 1 0 0 4 1 4 0 12 0 0.6968276059530791 
0 1 1 4 4 4 0 0 0 0 0 0 4 0 1 11 4 12 1 11 4 12 0 1 4 1 1 4 2 4 1 0 0 4 0 0 5 0.8080494620476506 
0 0 0 2 4 1 0 0 2 7 0 2 0 7 0 0 0 11 0 0 0 0 0 0 0 0 0 4 4 0 0 0 0 1 4 2 4 0.7372954112773638 
0 0 0 0 0 0 0 0 0 0 0 2 0 1 0 0 6 3 0 13 0 0 0 0 0 0 0 0 0 0 0 0 0 0 0 0 1 1.0 
12 0 7 0 0 0 2 0 0 0 4 11 0 8 0 7 0 1 12 0 12 1 4 0 12 0 12 1 0 0 4 0 0 8 1 0 3 0.2509621801548674 
---
0 15 13.78000345363495 6.0 36
2 0 4 4 2 2 2 7 1 0 0 1 0 0 4 7 5 13 4 4 2 8 2 1 0 0 2 2 2 0 1 0 0 2 0 4 2 0.5884269543468202 
0 4 0 1 1 0 1 2 1 0 0 1 1 4 0 4 1 0 0 0 4 4 2 0 1 4 0 1 1 0 0 4 1 4 0 12 0 0.6968276059530791 
0 1 1 4 4 4 0 0 0 0 0 0 4 0 1 11 4 12 1 11 4 12 0 1 4 1 1 4 2 4 1 0 0 4 0 0 5 0.8080494620476506 
0 0 0 2 4 1 0 0 2 7 0 2 0 7 0 0 0 11 0 0 0 0 0 0 0 0 0 4 4 0 0 0 0 1 4 2 4 0.7372954112773638 
0 0 0 0 0 0 0 0 0 0 0 2 0 1 0 0 6 3 0 13 0 0 0 0 0 0 0 0 0 0 0 0 0 0 0 0 1 1.0 
12 0 7 0 0 0 2 0 0 0 4 11 0 8 0 7 0 1 12 0 12 1 4 0 12 0 12 1 0 0 4 0 0 8 1 0 3 0.2509621801548674 
---
0 16 13.78000345363495 6.0 36
2 0 4 4 2 2 2 7 1 0 0 1 0 0 4 7 5 13 4 4 2 8 2 1 0 0 2 2 2 0 1 0 0 2 0 4 2 0.5884269543468202 
0 4 0 1 1 0 1 2 1 0 0 1 1 4 0 4 1 0 0 0 4 4 2 0 1 4 0 1 1 0 0 4 1 4 0 12 0 0.6968276059530791 
0 1 1 4 4 4 0 0 0 0 0 0 4 0 1 11 4 12 1 11 4 12 0 1 4 1 1 4 2 4 1 0 0 4 0 0 5 0.8080494620476506 
0 0 0 2 4 1 0 0 2 7 0 2 0 7 0 0 0 11 0 0 0 0 0 0 0 0 0 4 4 0 0 0 0 1 4 2 4 0.7372954112773638 
0 0 0 0 0 0 0 0 0 0 0 2 0 1 0 0 6 3 0 13 0 0 0 0 0 0 0 0 0 0 0 0 0 0 0 0 1 1.0 
12 0 7 0 0 0 2 0 0 0 4 11 0 8 0 7 0 1 12 0 12 1 4 0 12 0 12 1 0 0 4 0 0 8 1 0 3 0.2509621801548674 
---
0 17 13.78000345363495 6.0 36
2 0 4 4 2 2 2 7 1 0 0 1 0 0 4 7 5 13 4 4 2 8 2 1 0 0 2 2 2 0 1 0 0 2 0 4 2 0.5884269543468202 
0 4 0 1 1 0 1 2 1 0 0 1 1 4 0 4 1 0 0 0 4 4 2 0 1 4 0 1 1 0 0 4 1 4 0 12 0 0.6968276059530791 
0 1 1 4 4 4 0 0 0 0 0 0 4 0 1 11 4 12 1 11 4 12 0 1 4 1 1 4 2 4 1 0 0 4 0 0 5 0.8080494620476506 
0 0 0 2 4 1 0 0 2 7 0 2 0 7 0 0 0 11 0 0 0 0 0 0 0 0 0 4 4 0 0 0 0 1 4 2 4 0.7372954112773638 
0 0 0 0 0 0 0 0 0 0 0 2 0 1 0 0 6 3 0 13 0 0 0 0 0 0 0 0 0 0 0 0 0 0 0 0 1 1.0 
12 0 7 0 0 0 2 0 0 0 4 11 0 8 0 7 0 1 12 0 12 1 4 0 12 0 12 1 0 0 4 0 0 8 1 0 3 0.2509621801548674 
---
0 18 13.78000345363495 6.0 36
2 0 4 4 2 2 2 7 1 0 0 1 0 0 4 7 5 13 4 4 2 8 2 1 0 0 2 2 2 0 1 0 0 2 0 4 2 0.5884269543468202 
0 4 0 1 1 0 1 2 1 0 0 1 1 4 0 4 1 0 0 0 4 4 2 0 1 4 0 1 1 0 0 4 1 4 0 12 0 0.6968276059530791 
0 1 1 4 4 4 0 0 0 0 0 0 4 0 1 11 4 12 1 11 4 12 0 1 4 1 1 4 2 4 1 0 0 4 0 0 5 0.8080494620476506 
0 0 0 2 4 1 0 0 2 7 0 2 0 7 0 0 0 11 0 0 0 0 0 0 0 0 0 4 4 0 0 0 0 1 4 2 4 0.7372954112773638 
0 0 0 0 0 0 0 0 0 0 0 2 0 1 0 0 6 3 0 13 0 0 0 0 0 0 0 0 0 0 0 0 0 0 0 0 1 1.0 
12 0 7 0 0 0 2 0 0 0 4 11 0 8 0 7 0 1 12 0 12 1 4 0 12 0 12 1 0 0 4 0 0 8 1 0 3 0.2509621801548674 
---
1 0 76.18718701433258 1.0 36
1 0 0 0 0 0 0 0 1 0 0 4 0 0 0 0 4 0 4 0 0 0 0 2 4 0 0 0 0 0 2 0 0 0 2 12 0 0.3429794586311705 
---
1 1 24.054567432222417 4.0 36
2 0 4 4 2 2 2 7 1 0 0 1 4 0 4 7 5 13 4 7 8 8 2 1 2 0 2 2 2 0 1 0 0 2 0 4 2 0.5839577002045323 
0 1 1 4 4 4 0 0 0 0 0 0 4 0 1 11 4 12 1 11 0 0 0 1 4 4 1 4 2 4 1 0 2 4 0 0 5 0.6442476136108137 
0 4 0 1 1 0 1 2 1 0 0 1 1 4 0 4 1 0 0 0 1 4 2 0 1 2 0 1 1 4 0 4 1 4 0 12 0 0.6855718306080261 
0 0 0 0 0 7 0 0 0 0 0 2 0 1 0 0 6 3 0 13 0 0 0 0 0 0 0 0 0 0 0 0 0 0 0 0 1 0.999504408457276 
---
1 2 33.32757727508203 3.0 36
0 1 1 4 4 4 0 0 0 0 0 0 4 0 1 11 4 12 1 11 0 0 0 1 4 4 1 4 2 4 1 0 2 4 0 0 5 0.6442476136108137 
0 4 0 1 1 0 1 2 1 0 0 1 1 4 0 4 1 0 0 0 1 4 2 0 1 2 0 1 1 4 0 4 1 4 0 12 0 0.6855718306080261 
2 0 4 4 2 2 2 7 1 0 0 1 4 0 4 7 5 13 4 7 8 8 2 1 2 0 2 2 2 0 1 0 0 2 0 4 2 0.5839577002045323 
---
1 3 16.076670695907442 5.0 36
0 0 0 2 4 1 0 0 2 7 0 2 0 7 0 0 0 11 0 0 0 0 0 0 0 0 0 4 4 0 0 0 0 1 4 2 4 0.7372954112773638 
0 0 0 0 0 0 0 0 0 0 0 2 0 1 0 0 6 3 0 13 0 0 0 0 0 0 0 0 0 0 0 0 0 0 0 0 1 0.9991264523825611 
2 0 4 4 2 2 2 7 1 0 0 1 4 0 4 7 5 13 4 7 8 8 2 1 2 0 2 2 2 0 1 0 0 2 0 4 2 0.5839577002045323 
0 4 0 7 7 0 1 2 1 0 0 1 1 4 0 4 1 0 0 0 1 4 2 0 1 4 0 1 1 0 0 4 1 4 0 12 0 0.8099928342431975 
0 1 1 4 4 4 0 0 0 0 0 0 4 0 1 11 4 12 1 11 4 0 0 1 0 4 1 4 2 4 1 0 2 4 0 0 5 0.6566608027174117 
---
1 4 33.32757727508203 3.0 36
0 1 1 4 4 4 0 0 0 0 0 0 4 0 1 11 4 12 1 11 0 0 0 1 4 4 1 4 2 4 1 0 2 4 0 0 5 0.6442476136108137 
0 4 0 1 1 0 1 2 1 0 0 1 1 4 0 4 1 0 0 0 1 4 2 0 1 2 0 1 1 4 0 4 1 4 0 12 0 0.6855718306080261 
2 0 4 4 2 2 2 7 1 0 0 1 4 0 4 7 5 13 4 7 8 8 2 1 2 0 2 2 2 0 1 0 0 2 0 4 2 0.5839577002045323 
---
1 5 13.918148851666379 6.0 36
0 4 0 1 1 0 1 2 1 0 4 1 1 4 0 12 1 0 0 0 1 4 2 0 1 4 0 1 1 0 0 4 1 4 0 12 0 0.8365810171035886 
0 1 1 4 4 4 0 0 0 0 0 0 4 0 1 11 4 12 1 11 4 0 0 1 4 4 1 4 2 4 1 0 2 4 0 0 5 0.762969664900075 
2 0 4 4 2 2 2 7 1 0 0 1 4 0 4 7 5 13 4 7 8 8 2 1 2 0 2 2 2 0 1 0 0 2 0 4 2 0.5839577002045323 
12 0 7 0 0 0 2 0 0 0 4 11 0 8 0 7 0 1 12 0 12 1 4 0 12 0 12 1 0 0 4 0 0 8 1 0 3 0.2509621801548674 
0 0 0 0 0 0 0 0 0 0 0 2 0 1 0 0 6 3 0 13 0 0 0 0 0 0 0 0 0 0 0 0 0 0 0 0 1 0.9991264523825611 
0 0 0 2 4 1 0 0 2 7 0 2 0 7 0 0 0 11 0 0 0 0 0 0 0 0 0 4 4 0 0 0 0 1 4 2 4 0.6023544885024226 
---
1 6 13.918148851666379 6.0 36
0 4 0 1 1 0 1 2 1 0 4 1 1 4 0 12 1 0 0 0 1 4 2 0 1 4 0 1 1 0 0 4 1 4 0 12 0 0.8365810171035886 
0 1 1 4 4 4 0 0 0 0 0 0 4 0 1 11 4 12 1 11 4 0 0 1 4 4 1 4 2 4 1 0 2 4 0 0 5 0.762969664900075 
2 0 4 4 2 2 2 7 1 0 0 1 4 0 4 7 5 13 4 7 8 8 2 1 2 0 2 2 2 0 1 0 0 2 0 4 2 0.5839577002045323 
12 0 7 0 0 0 2 0 0 0 4 11 0 8 0 7 0 1 12 0 12 1 4 0 12 0 12 1 0 0 4 0 0 8 1 0 3 0.2509621801548674 
0 0 0 0 0 0 0 0 0 0 0 2 0 1 0 0 6 3 0 13 0 0 0 0 0 0 0 0 0 0 0 0 0 0 0 0 1 0.9991264523825611 
0 0 0 2 4 1 0 0 2 7 0 2 0 7 0 0 0 11 0 0 0 0 0 0 0 0 0 4 4 0 0 0 0 1 4 2 4 0.6023544885024226 
---
1 7 76.18718701433258 1.0 36
0 2 0 1 1 0 1 2 2 0 0 1 1 4 0 0 1 0 0 0 1 4 2 0 1 4 0 1 4 0 0 4 1 4 2 12 0 0.4351478686559147 
---
1 8 33.32757727508203 3.0 36
2 0 4 4 2 2 2 7 1 0 0 1 4 0 4 7 5 13 4 7 8 8 2 1 2 0 2 2 2 0 1 0 0 2 0 4 2 0.5839577002045323 
0 4 0 1 1 0 1 2 1 0 0 1 1 4 0 4 1 0 0 0 1 4 2 0 1 2 0 1 1 4 0 4 1 4 0 12 0 0.6855718306080261 
0 1 1 4 4 4 0 0 0 0 0 0 4 0 1 11 4 12 1 11 0 0 0 1 4 4 1 4 2 4 1 0 2 4 0 0 5 0.6442476136108137 
---
1 9 13.918148851666379 6.0 36
0 4 0 1 1 0 1 2 1 0 4 1 1 4 0 12 1 0 0 0 1 4 2 0 1 4 0 1 1 0 0 4 1 4 0 12 0 0.8365810171035886 
0 1 1 4 4 4 0 0 0 0 0 0 4 0 1 11 4 12 1 11 4 0 0 1 4 4 1 4 2 4 1 0 2 4 0 0 5 0.762969664900075 
2 0 4 4 2 2 2 7 1 0 0 1 4 0 4 7 5 13 4 7 8 8 2 1 2 0 2 2 2 0 1 0 0 2 0 4 2 0.5839577002045323 
12 0 7 0 0 0 2 0 0 0 4 11 0 8 0 7 0 1 12 0 12 1 4 0 12 0 12 1 0 0 4 0 0 8 1 0 3 0.2509621801548674 
0 0 0 0 0 0 0 0 0 0 0 2 0 1 0 0 6 3 0 13 0 0 0 0 0 0 0 0 0 0 0 0 0 0 0 0 1 0.9991264523825611 
0 0 0 2 4 1 0 0 2 7 0 2 0 7 0 0 0 11 0 0 0 0 0 0 0 0 0 4 4 0 0 0 0 1 4 2 4 0.6023544885024226 
---
1 10 76.18718701433258 1.0 36
0 4 0 1 1 0 1 2 1 0 0 1 1 4 0 12 1 0 0 0 1 4 2 1 1 4 0 1 1 0 0 4 1 4 0 12 0 0.8524215937767206 
---
1 11 53.08236919357624 2.0 36
0 4 0 1 1 0 1 2 1 0 0 1 1 4 0 12 1 0 0 0 7 4 2 1 1 4 0 1 1 0 0 4 1 4 0 12 0 0.7921922033602631 
0 1 1 4 4 4 0 0 0 0 0 0 4 0 1 11 4 12 1 11 4 0 0 1 0 4 1 4 2 4 1 0 2 4 0 0 5 0.6566608027174117 
---
1 12 33.32757727508203 3.0 36
0 4 0 1 1 0 1 2 1 0 0 1 1 4 0 4 1 0 0 0 1 4 2 0 1 2 0 1 1 4 0 4 1 4 0 12 0 0.6855718306080261 
0 1 1 4 4 4 0 0 0 0 0 0 4 0 1 11 4 12 1 11 0 0 0 1 4 4 1 4 2 4 1 0 2 4 0 0 5 0.6442476136108137 
2 0 4 4 2 2 2 7 1 0 0 1 4 0 4 7 5 13 4 7 8 8 2 1 2 0 2 2 2 0 1 0 0 2 0 4 2 0.5839577002045323 
---
1 13 13.918148851666379 6.0 36
0 4 0 1 1 0 1 2 1 0 4 1 1 4 0 12 1 0 0 0 1 4 2 0 1 4 0 1 1 0 0 4 1 4 0 12 0 0.8365810171035886 
0 1 1 4 4 4 0 0 0 0 0 0 4 0 1 11 4 12 1 11 4 0 0 1 4 4 1 4 2 4 1 0 2 4 0 0 5 0.762969664900075 
2 0 4 4 2 2 2 7 1 0 0 1 4 0 4 7 5 13 4 7 8 8 2 1 2 0 2 2 2 0 1 0 0 2 0 4 2 0.5839577002045323 
12 0 7 0 0 0 2 0 0 0 4 11 0 8 0 7 0 1 12 0 12 1 4 0 12 0 12 1 0 0 4 0 0 8 1 0 3 0.2509621801548674 
0 0 0 0 0 0 0 0 0 0 0 2 0 1 0 0 6 3 0 13 0 0 0 0 0 0 0 0 0 0 0 0 0 0 0 0 1 0.9991264523825611 
0 0 0 2 4 1 0 0 2 7 0 2 0 7 0 0 0 11 0 0 0 0 0 0 0 0 0 4 4 0 0 0 0 1 4 2 4 0.6023544885024226 
---
1 14 76.18718701433258 1.0 36
0 4 0 1 1 0 1 2 1 0 0 1 1 4 0 12 1 0 0 0 1 4 2 1 1 4 0 1 1 0 0 4 1 4 0 12 0 0.8524215937767206 
---
1 15 13.918148851666379 6.0 36
0 4 0 1 1 0 1 2 1 0 4 1 1 4 0 12 1 0 0 0 1 4 2 0 1 4 0 1 1 0 0 4 1 4 0 12 0 0.8365810171035886 
0 1 1 4 4 4 0 0 0 0 0 0 4 0 1 11 4 12 1 11 4 0 0 1 4 4 1 4 2 4 1 0 2 4 0 0 5 0.762969664900075 
2 0 4 4 2 2 2 7 1 0 0 1 4 0 4 7 5 13 4 7 8 8 2 1 2 0 2 2 2 0 1 0 0 2 0 4 2 0.5839577002045323 
12 0 7 0 0 0 2 0 0 0 4 11 0 8 0 7 0 1 12 0 12 1 4 0 12 0 12 1 0 0 4 0 0 8 1 0 3 0.2509621801548674 
0 0 0 0 0 0 0 0 0 0 0 2 0 1 0 0 6 3 0 13 0 0 0 0 0 0 0 0 0 0 0 0 0 0 0 0 1 0.9991264523825611 
0 0 0 2 4 1 0 0 2 7 0 2 0 7 0 0 0 11 0 0 0 0 0 0 0 0 0 4 4 0 0 0 0 1 4 2 4 0.6023544885024226 
---
1 16 76.18718701433258 1.0 36
0 2 0 1 1 2 1 2 1 0 0 1 1 4 0 0 1 0 0 0 1 4 2 0 1 4 0 1 4 0 0 4 1 4 2 12 0 0.7045162644501084 
---
1 17 13.918148851666379 6.0 36
0 4 0 1 1 0 1 2 1 0 4 1 1 4 0 12 1 0 0 0 1 4 2 0 1 4 0 1 1 0 0 4 1 4 0 12 0 0.8365810171035886 
0 1 1 4 4 4 0 0 0 0 0 0 4 0 1 11 4 12 1 11 4 0 0 1 4 4 1 4 2 4 1 0 2 4 0 0 5 0.762969664900075 
2 0 4 4 2 2 2 7 1 0 0 1 4 0 4 7 5 13 4 7 8 8 2 1 2 0 2 2 2 0 1 0 0 2 0 4 2 0.5839577002045323 
12 0 7 0 0 0 2 0 0 0 4 11 0 8 0 7 0 1 12 0 12 1 4 0 12 0 12 1 0 0 4 0 0 8 1 0 3 0.2509621801548674 
0 0 0 0 0 0 0 0 0 0 0 2 0 1 0 0 6 3 0 13 0 0 0 0 0 0 0 0 0 0 0 0 0 0 0 0 1 0.9991264523825611 
0 0 0 2 4 1 0 0 2 7 0 2 0 7 0 0 0 11 0 0 0 0 0 0 0 0 0 4 4 0 0 0 0 1 4 2 4 0.6023544885024226 
---
1 18 76.18718701433258 1.0 36
0 2 0 1 1 0 1 2 1 0 0 1 1 4 0 4 1 0 0 0 1 1 2 0 1 2 0 0 1 4 0 4 1 4 0 12 0 0.7899414471833639 
---
1 19 76.18718701433258 1.0 36
0 4 0 1 1 0 1 2 1 0 0 1 1 4 0 12 1 0 0 0 1 4 2 1 1 4 0 1 1 0 0 4 1 4 0 12 0 0.8524215937767206 
---
1 20 76.18718701433258 1.0 36
0 4 0 1 1 0 1 2 1 0 0 1 1 4 0 12 1 0 0 0 1 4 2 0 1 4 0 1 1 0 0 1 1 4 0 12 0 0.850537552023164 
---
1 21 76.18718701433258 1.0 36
1 0 0 0 0 0 0 0 1 0 0 4 0 0 0 0 4 0 4 0 0 0 0 2 4 0 0 0 0 0 2 0 0 0 2 12 0 0.3429794586311705 
---
1 22 76.18718701433258 1.0 36
1 0 0 0 0 0 0 0 1 0 0 4 0 0 0 0 4 0 4 0 0 0 0 2 4 0 0 0 0 0 2 0 0 0 2 12 0 0.3429794586311705 
---
1 23 76.18718701433258 1.0 36
0 4 0 1 1 0 1 2 1 0 0 1 1 4 0 12 1 0 0 0 1 4 2 1 1 4 0 1 1 0 0 4 1 4 0 12 0 0.8524215937767206 
---
1 24 76.18718701433258 1.0 36
1 0 0 0 0 0 0 0 1 0 0 4 0 0 0 0 4 0 4 0 0 0 0 2 4 0 0 0 0 0 2 0 0 0 2 12 0 0.3429794586311705 
---
1 25 76.18718701433258 1.0 36
0 2 0 1 1 2 1 2 1 0 0 1 1 4 0 0 1 0 0 0 1 4 2 0 1 4 0 1 4 0 0 4 1 4 2 12 0 0.7045162644501084 
---
1 26 76.18718701433258 1.0 36
0 4 0 1 1 0 1 2 1 0 0 1 1 4 0 12 1 0 0 0 1 4 2 1 1 4 0 1 1 0 0 4 1 4 0 12 0 0.8524215937767206 
---
1 27 76.18718701433258 1.0 36
0 4 0 1 1 0 1 2 1 0 0 1 1 4 0 12 1 0 0 0 1 4 2 1 1 4 0 1 1 0 0 4 1 4 0 12 0 0.8524215937767206 
---
1 28 76.18718701433258 1.0 36
0 4 0 1 1 0 1 2 1 0 0 1 1 4 0 12 1 0 0 0 1 4 2 1 1 4 0 1 1 0 0 4 1 4 0 12 0 0.8524215937767206 
---
1 29 76.18718701433258 1.0 36
0 2 0 1 1 0 1 2 1 0 0 1 1 4 0 0 1 0 0 0 1 4 2 0 1 4 0 2 4 0 0 4 1 4 2 12 0 0.6788726059332818 
---
1 30 76.18718701433258 1.0 36
0 4 0 1 1 0 1 2 1 2 0 1 1 4 0 12 1 0 0 0 1 4 2 0 4 4 0 1 1 0 0 4 1 4 0 12 0 0.6001306513914255 
---
2 0 76.18718701433258 1.0 36
1 0 0 0 0 0 0 0 0 0 0 4 0 0 0 0 0 0 0 0 0 0 0 2 4 0 0 0 0 0 2 0 0 0 2 12 0 0.3717320631962542 
---
2 1 13.572785356587808 8.0 36
0 2 0 7 1 0 2 2 1 4 0 1 1 4 0 4 1 0 0 0 1 2 4 0 1 4 0 1 1 0 0 4 1 4 0 12 0 0.9253956646811786 
4 1 1 4 0 2 0 1 4 0 0 0 4 0 1 11 4 12 0 0 4 4 0 1 4 1 1 4 2 0 1 0 4 4 0 1 5 0.8704317702388524 
0 0 0 0 0 0 0 0 0 0 0 2 0 1 0 0 6 3 0 13 0 0 0 0 0 0 0 0 0 0 0 0 0 0 0 0 1 0.9991264523825611 
0 2 0 7 1 0 2 2 1 4 0 1 1 4 0 4 1 0 0 0 1 2 4 0 1 4 0 1 1 0 0 4 1 4 0 12 0 0.9253956646811786 
2 0 4 4 2 2 2 7 1 0 0 1 4 0 4 7 5 13 4 7 2 8 2 1 2 0 2 2 2 0 1 0 0 2 0 4 2 0.6092783869722578 
0 1 1 4 0 4 0 0 4 0 0 0 4 0 0 11 0 12 1 11 1 0 4 1 4 1 1 1 2 4 1 0 0 2 0 0 5 0.7435946626449612 
12 0 7 0 0 0 2 0 0 0 4 11 0 8 0 7 0 1 12 0 12 1 4 0 12 0 12 1 0 0 4 0 0 8 1 0 3 0.2509621801548674 
0 0 0 2 4 1 0 0 4 7 0 2 0 7 0 0 0 11 0 0 0 0 0 0 0 0 0 4 4 0 0 0 0 1 4 2 4 0.4376781533591696 
---
2 2 33.24123640131238 3.0 36
0 1 1 4 0 4 0 0 4 0 0 0 4 0 0 11 0 12 1 11 1 0 0 1 4 1 1 1 2 0 1 0 2 2 0 0 5 0.7115078848775114 
0 2 0 7 1 0 2 2 1 4 0 1 1 4 0 4 1 0 0 0 1 2 4 0 1 4 0 1 1 0 0 4 1 4 0 12 0 0.5159432456237751 
2 0 4 4 2 2 2 7 1 0 0 1 4 0 4 7 5 13 4 7 2 8 2 1 2 0 2 2 2 0 1 0 0 2 0 4 2 0.6092783869722578 
---
2 3 33.24123640131238 3.0 36
0 1 1 4 0 4 0 0 4 0 0 0 4 0 0 11 0 12 1 11 1 0 0 1 4 1 1 1 2 0 1 0 2 2 0 0 5 0.7115078848775114 
0 2 0 7 1 0 2 2 1 4 0 1 1 4 0 4 1 0 0 0 1 2 4 0 1 4 0 1 1 0 0 4 1 4 0 12 0 0.5159432456237751 
2 0 4 4 2 2 2 7 1 0 0 1 4 0 4 7 5 13 4 7 2 8 2 1 2 0 2 2 2 0 1 0 0 2 0 4 2 0.6092783869722578 
---
2 4 23.795544810913487 4.0 36
0 2 0 7 1 0 2 2 1 4 0 1 1 4 0 4 1 0 0 0 1 2 4 0 1 4 0 1 1 0 0 4 1 4 0 12 0 0.5159432456237751 
0 0 0 0 0 0 0 0 0 0 0 2 0 1 0 0 6 3 0 13 0 0 0 0 0 0 0 0 0 0 0 0 0 0 0 0 1 0.9991264523825611 
2 0 4 4 2 2 2 7 1 0 0 1 4 0 4 7 5 13 4 7 2 8 2 1 2 0 2 2 2 0 1 0 0 2 0 4 2 0.6092783869722578 
0 1 1 4 0 4 0 0 4 0 0 0 4 0 0 11 0 12 1 11 1 0 0 1 4 1 1 1 2 0 1 0 2 2 0 0 5 0.7115078848775114 
---
2 5 23.795544810913487 4.0 36
0 0 0 0 0 0 0 0 0 0 0 2 0 1 0 0 6 3 0 13 0 0 0 0 0 0 0 0 0 0 0 0 0 0 0 0 1 0.9991264523825611 
0 1 1 4 0 4 0 0 4 0 0 0 4 0 0 11 0 12 1 11 1 0 0 1 4 1 1 1 2 0 1 0 2 2 0 0 5 0.7115078848775114 
0 2 0 7 1 0 2 2 1 4 0 1 1 4 0 4 1 0 0 0 1 2 4 0 1 4 0 1 1 0 0 4 1 4 0 12 0 0.5159432456237751 
2 0 4 4 2 2 2 7 1 0 0 1 4 0 4 7 5 13 4 7 2 8 2 1 2 0 2 2 2 0 1 0 0 2 0 4 2 0.6092783869722578 
---
2 6 15.8694525988603 5.0 36
0 2 0 7 1 0 2 2 1 4 0 1 1 4 0 4 1 0 0 0 1 2 4 0 1 4 0 1 1 0 0 4 1 4 0 12 0 0.9253956646811786 
0 0 0 2 4 1 0 0 4 7 0 2 0 7 0 0 0 11 0 0 0 0 0 0 0 0 0 4 4 0 0 0 0 1 4 2 4 0.4376781533591696 
2 0 4 4 2 2 2 7 1 0 0 1 4 0 4 7 5 13 4 7 2 8 2 1 2 0 2 2 2 0 1 0 0 2 0 4 2 0.6092783869722578 
0 0 0 0 0 0 0 0 0 0 0 2 0 1 0 0 6 3 0 13 0 0 0 0 0 0 0 0 0 0 0 0 0 0 0 0 1 0.9991264523825611 
0 1 1 4 0 4 0 0 4 0 0 0 4 0 0 11 0 12 1 11 1 0 4 1 4 1 1 1 2 4 1 0 0 2 0 0 5 0.7435946626449612 
---
2 7 15.8694525988603 5.0 36
0 2 0 7 1 0 2 2 1 4 0 1 1 4 0 4 1 0 0 0 1 2 4 0 1 4 0 1 1 0 0 4 1 4 0 12 0 0.9253956646811786 
0 0 0 2 4 1 0 0 4 7 0 2 0 7 0 0 0 11 0 0 0 0 0 0 0 0 0 4 4 0 0 0 0 1 4 2 4 0.4376781533591696 
2 0 4 4 2 2 2 7 1 0 0 1 4 0 4 7 5 13 4 7 2 8 2 1 2 0 2 2 2 0 1 0 0 2 0 4 2 0.6092783869722578 
0 0 0 0 0 0 0 0 0 0 0 2 0 1 0 0 6 3 0 13 0 0 0 0 0 0 0 0 0 0 0 0 0 0 0 0 1 0.9991264523825611 
0 1 1 4 0 4 0 0 4 0 0 0 4 0 0 11 0 12 1 11 1 0 4 1 4 1 1 1 2 4 1 0 0 2 0 0 5 0.7435946626449612 
---
2 8 13.745467104127092 6.0 36
0 2 0 7 1 0 0 2 1 4 0 1 1 4 0 4 1 0 0 0 1 2 4 4 1 4 0 1 1 0 0 4 1 4 0 12 0 0.7746981228157575 
2 0 4 4 2 2 2 7 1 0 0 1 4 0 4 7 5 13 4 7 2 8 2 1 2 0 2 2 2 0 1 0 0 2 0 4 2 0.6092783869722578 
0 0 0 2 4 1 0 0 4 7 0 2 0 7 0 0 0 11 0 0 0 0 0 0 0 0 0 4 4 0 0 0 0 1 4 2 4 0.4376781533591696 
0 1 1 4 0 4 0 0 4 0 0 0 4 0 0 11 0 12 1 11 1 0 4 1 4 1 1 1 2 4 1 0 0 2 0 0 5 0.7435946626449612 
0 0 0 0 0 0 0 0 0 0 0 2 0 1 0 0 6 3 0 13 0 0 0 0 0 0 0 0 0 0 0 0 0 0 0 0 1 0.9991264523825611 
12 0 7 0 0 0 2 0 0 0 4 11 0 8 0 7 0 1 12 0 12 1 4 0 12 0 12 1 0 0 4 0 0 8 1 0 3 0.2509621801548674 
---
2 9 13.745467104127092 6.0 36
0 2 0 7 1 0 0 2 1 4 0 1 1 4 0 4 1 0 0 0 1 2 4 4 1 4 0 1 1 0 0 4 1 4 0 12 0 0.7746981228157575 
2 0 4 4 2 2 2 7 1 0 0 1 4 0 4 7 5 13 4 7 2 8 2 1 2 0 2 2 2 0 1 0 0 2 0 4 2 0.6092783869722578 
0 0 0 2 4 1 0 0 4 7 0 2 0 7 0 0 0 11 0 0 0 0 0 0 0 0 0 4 4 0 0 0 0 1 4 2 4 0.4376781533591696 
0 1 1 4 0 4 0 0 4 0 0 0 4 0 0 11 0 12 1 11 1 0 4 1 4 1 1 1 2 4 1 0 0 2 0 0 5 0.7435946626449612 
0 0 0 0 0 0 0 0 0 0 0 2 0 1 0 0 6 3 0 13 0 0 0 0 0 0 0 0 0 0 0 0 0 0 0 0 1 0.9991264523825611 
12 0 7 0 0 0 2 0 0 0 4 11 0 8 0 7 0 1 12 0 12 1 4 0 12 0 12 1 0 0 4 0 0 8 1 0 3 0.2509621801548674 
---
2 10 13.572785356587808 8.0 36
0 2 0 7 1 0 2 2 1 4 0 1 1 4 0 4 1 0 0 0 1 2 4 0 1 4 0 1 1 0 0 4 1 4 0 12 0 0.9253956646811786 
4 1 1 4 0 2 0 1 4 0 0 0 4 0 1 11 4 12 0 0 4 4 0 1 4 1 1 4 2 0 1 0 4 4 0 1 5 0.8704317702388524 
0 0 0 0 0 0 0 0 0 0 0 2 0 1 0 0 6 3 0 13 0 0 0 0 0 0 0 0 0 0 0 0 0 0 0 0 1 0.9991264523825611 
0 2 0 7 1 0 2 2 1 4 0 1 1 4 0 4 1 0 0 0 1 2 4 0 1 4 0 1 1 0 0 4 1 4 0 12 0 0.9253956646811786 
2 0 4 4 2 2 2 7 1 0 0 1 4 0 4 7 5 13 4 7 2 8 2 1 2 0 2 2 2 0 1 0 0 2 0 4 2 0.6092783869722578 
0 1 1 4 0 4 0 0 4 0 0 0 4 0 0 11 0 12 1 11 1 0 4 1 4 1 1 1 2 4 1 0 0 2 0 0 5 0.7435946626449612 
12 0 7 0 0 0 2 0 0 0 4 11 0 8 0 7 0 1 12 0 12 1 4 0 12 0 12 1 0 0 4 0 0 8 1 0 3 0.2509621801548674 
0 0 0 2 4 1 0 0 4 7 0 2 0 7 0 0 0 11 0 0 0 0 0 0 0 0 0 4 4 0 0 0 0 1 4 2 4 0.4376781533591696 
---
2 11 33.24123640131238 3.0 36
0 1 1 4 0 4 0 0 4 0 0 0 4 0 0 11 0 12 1 11 1 0 0 1 4 1 1 1 2 0 1 0 2 2 0 0 5 0.7115078848775114 
0 2 0 7 1 0 2 2 1 4 0 1 1 4 0 4 1 0 0 0 1 2 4 0 1 4 0 1 1 0 0 4 1 4 0 12 0 0.5159432456237751 
2 0 4 4 2 2 2 7 1 0 0 1 4 0 4 7 5 13 4 7 2 8 2 1 2 0 2 2 2 0 1 0 0 2 0 4 2 0.6092783869722578 
---
2 12 15.8694525988603 5.0 36
0 1 1 4 0 4 0 0 4 0 0 0 4 0 0 11 0 12 1 11 1 0 4 1 4 1 1 1 2 4 1 0 0 2 0 0 5 0.7435946626449612 
0 2 0 7 1 0 2 2 1 4 0 1 1 4 0 4 1 0 0 0 1 2 4 0 1 4 0 1 1 0 0 4 1 4 0 12 0 0.9253956646811786 
2 0 4 4 2 2 2 7 1 0 0 1 4 0 4 7 5 13 4 7 2 8 2 1 2 0 2 2 2 0 1 0 0 2 0 4 2 0.6092783869722578 
0 0 0 0 0 0 0 0 0 0 0 2 0 1 0 0 6 3 0 13 0 0 0 0 0 0 0 0 0 0 0 0 0 0 0 0 1 0.9991264523825611 
0 0 0 2 4 1 0 0 4 7 0 2 0 7 0 0 0 11 0 0 0 0 0 0 0 0 0 4 4 0 0 0 0 1 4 2 4 0.4376781533591696 
---
2 13 13.572785356587808 8.0 36
12 0 7 0 0 0 2 0 0 0 4 11 0 8 0 7 0 1 12 0 12 1 4 0 12 0 12 1 0 0 4 0 0 8 1 0 3 0.2509621801548674 
0 2 0 7 1 0 2 2 1 4 0 1 1 4 0 4 1 0 0 0 1 2 4 0 1 4 0 1 1 0 0 4 1 4 0 12 0 0.9253956646811786 
0 0 0 2 4 1 0 0 4 7 0 2 0 7 0 0 0 11 0 0 0 0 0 0 0 0 0 4 4 0 0 0 0 1 4 2 4 0.4376781533591696 
0 0 0 0 0 0 0 0 0 0 0 2 0 1 0 0 6 3 0 13 0 0 0 0 0 0 0 0 0 0 0 0 0 0 0 0 1 0.9991264523825611 
2 0 4 4 2 2 2 7 1 0 0 1 4 0 4 7 5 13 4 7 2 8 2 1 2 0 2 2 2 0 1 0 0 2 0 4 2 0.6092783869722578 
0 0 0 2 4 1 0 0 4 7 0 2 0 7 0 0 0 11 0 0 0 0 0 0 0 0 0 4 4 0 0 0 0 1 4 2 4 0.4376781533591696 
4 1 1 4 0 2 0 1 4 0 0 0 4 0 1 11 4 12 0 0 4 4 0 1 4 1 1 4 2 0 1 0 4 4 0 1 5 0.8704317702388524 
0 1 1 4 0 4 0 0 4 0 0 0 4 0 0 11 0 12 1 11 1 0 4 1 4 1 1 1 2 4 1 0 0 2 0 0 5 0.7435946626449612 
---
2 14 33.24123640131238 3.0 36
2 0 4 4 2 2 2 7 1 0 0 1 4 0 4 7 5 13 4 7 2 8 2 1 2 0 2 2 2 0 1 0 0 2 0 4 2 0.6092783869722578 
0 2 0 7 1 0 2 2 1 4 0 1 1 4 0 4 1 0 0 0 1 2 4 0 1 4 0 1 1 0 0 4 1 4 0 12 0 0.5159432456237751 
0 1 1 4 0 4 0 0 4 0 0 0 4 0 0 11 0 12 1 11 1 0 0 1 4 1 1 1 2 0 1 0 2 2 0 0 5 0.7115078848775114 
---
2 15 23.795544810913487 4.0 36
0 0 0 0 0 0 0 0 0 0 0 2 0 1 0 0 6 3 0 13 0 0 0 0 0 0 0 0 0 0 0 0 0 0 0 0 1 0.9991264523825611 
0 1 1 4 0 4 0 0 4 0 0 0 4 0 0 11 0 12 1 11 1 0 0 1 4 1 1 1 2 0 1 0 2 2 0 0 5 0.7115078848775114 
0 2 0 7 1 0 2 2 1 4 0 1 1 4 0 4 1 0 0 0 1 2 4 0 1 4 0 1 1 0 0 4 1 4 0 12 0 0.5159432456237751 
2 0 4 4 2 2 2 7 1 0 0 1 4 0 4 7 5 13 4 7 2 8 2 1 2 0 2 2 2 0 1 0 0 2 0 4 2 0.6092783869722578 
---
2 16 15.8694525988603 5.0 36
0 2 0 7 1 0 2 2 1 4 0 1 1 4 0 4 1 0 0 0 1 2 4 0 1 4 0 1 1 0 0 4 1 4 0 12 0 0.9253956646811786 
0 0 0 2 4 1 0 0 4 7 0 2 0 7 0 0 0 11 0 0 0 0 0 0 0 0 0 4 4 0 0 0 0 1 4 2 4 0.4376781533591696 
2 0 4 4 2 2 2 7 1 0 0 1 4 0 4 7 5 13 4 7 2 8 2 1 2 0 2 2 2 0 1 0 0 2 0 4 2 0.6092783869722578 
0 0 0 0 0 0 0 0 0 0 0 2 0 1 0 0 6 3 0 13 0 0 0 0 0 0 0 0 0 0 0 0 0 0 0 0 1 0.9991264523825611 
0 1 1 4 0 4 0 0 4 0 0 0 4 0 0 11 0 12 1 11 1 0 4 1 4 1 1 1 2 4 1 0 0 2 0 0 5 0.7435946626449612 
---
2 17 52.909687446036955 2.0 36
0 2 0 7 1 0 2 2 1 4 0 4 1 4 1 4 1 0 0 0 1 2 4 0 1 4 0 1 1 0 0 4 1 4 0 12 0 0.7656990909493577 
4 1 1 4 0 2 0 1 4 0 0 0 4 0 1 11 4 12 0 0 4 4 0 1 4 1 1 4 2 0 1 0 4 4 0 1 5 0.6618207375794911 
---
2 18 33.24123640131238 3.0 36
2 0 4 4 2 2 2 7 1 0 0 1 4 0 4 7 5 13 4 7 2 8 2 1 2 0 2 2 2 0 1 0 0 2 0 4 2 0.6092783869722578 
0 2 0 7 1 0 2 2 1 4 0 1 1 4 0 4 1 0 0 0 1 2 4 0 1 4 0 1 1 0 0 4 1 4 0 12 0 0.5159432456237751 
0 1 1 4 0 4 0 0 4 0 0 0 4 0 0 11 0 12 1 11 1 0 0 1 4 1 1 1 2 0 1 0 2 2 0 0 5 0.7115078848775114 
---
2 19 15.8694525988603 5.0 36
0 2 0 7 1 0 2 2 1 4 0 1 1 4 0 4 1 0 0 0 1 2 4 0 1 4 0 1 1 0 0 4 1 4 0 12 0 0.9253956646811786 
0 0 0 2 4 1 0 0 4 7 0 2 0 7 0 0 0 11 0 0 0 0 0 0 0 0 0 4 4 0 0 0 0 1 4 2 4 0.4376781533591696 
2 0 4 4 2 2 2 7 1 0 0 1 4 0 4 7 5 13 4 7 2 8 2 1 2 0 2 2 2 0 1 0 0 2 0 4 2 0.6092783869722578 
0 0 0 0 0 0 0 0 0 0 0 2 0 1 0 0 6 3 0 13 0 0 0 0 0 0 0 0 0 0 0 0 0 0 0 0 1 0.9991264523825611 
0 1 1 4 0 4 0 0 4 0 0 0 4 0 0 11 0 12 1 11 1 0 4 1 4 1 1 1 2 4 1 0 0 2 0 0 5 0.7435946626449612 
---
2 20 76.18718701433258 1.0 36
1 0 0 0 0 0 0 0 0 0 0 1 0 0 0 0 0 0 0 0 0 0 0 2 4 0 0 0 0 0 2 0 0 0 2 12 0 0.28197288048579283 
---
2 21 52.909687446036955 2.0 36
0 2 0 7 1 0 2 2 1 4 0 4 1 4 1 4 1 0 0 0 1 2 4 0 1 4 0 1 1 0 0 4 1 4 0 12 0 0.7656990909493577 
4 1 1 4 0 2 0 1 4 0 0 0 4 0 1 11 4 12 0 0 4 4 0 1 4 1 1 4 2 0 1 0 4 4 0 1 5 0.6618207375794911 
---
2 22 33.24123640131238 3.0 36
0 1 1 4 0 4 0 0 4 0 0 0 4 0 0 11 0 12 1 11 1 0 0 1 4 1 1 1 2 0 1 0 2 2 0 0 5 0.7115078848775114 
0 2 0 7 1 0 2 2 1 4 0 1 1 4 0 4 1 0 0 0 1 2 4 0 1 4 0 1 1 0 0 4 1 4 0 12 0 0.5159432456237751 
2 0 4 4 2 2 2 7 1 0 0 1 4 0 4 7 5 13 4 7 2 8 2 1 2 0 2 2 2 0 1 0 0 2 0 4 2 0.6092783869722578 
---
2 23 15.8694525988603 5.0 36
0 2 0 7 1 0 2 2 1 4 0 1 1 4 0 4 1 0 0 0 1 2 4 0 1 4 0 1 1 0 0 4 1 4 0 12 0 0.9253956646811786 
0 0 0 2 4 1 0 0 4 7 0 2 0 7 0 0 0 11 0 0 0 0 0 0 0 0 0 4 4 0 0 0 0 1 4 2 4 0.4376781533591696 
2 0 4 4 2 2 2 7 1 0 0 1 4 0 4 7 5 13 4 7 2 8 2 1 2 0 2 2 2 0 1 0 0 2 0 4 2 0.6092783869722578 
0 0 0 0 0 0 0 0 0 0 0 2 0 1 0 0 6 3 0 13 0 0 0 0 0 0 0 0 0 0 0 0 0 0 0 0 1 0.9991264523825611 
0 1 1 4 0 4 0 0 4 0 0 0 4 0 0 11 0 12 1 11 1 0 4 1 4 1 1 1 2 4 1 0 0 2 0 0 5 0.7435946626449612 
---
2 24 76.18718701433258 1.0 36
0 2 0 7 1 0 2 2 1 4 4 4 1 4 0 4 1 0 0 0 1 2 4 0 1 4 0 1 1 0 0 4 1 4 0 12 0 0.7905065287229628 
---
3 0 76.18718701433258 1.0 36
0 0 0 0 0 0 0 0 0 0 0 2 0 0 0 0 0 0 0 0 1 0 0 2 4 0 0 0 0 0 0 0 0 0 2 12 0 0.11178164859113449 
---
3 1 23.8646175099292 4.0 36
0 0 0 0 0 0 0 0 0 0 0 2 0 1 0 0 6 3 0 13 0 0 0 0 0 0 0 0 0 0 0 0 0 0 0 0 1 0.9991264523825611 
0 1 1 4 0 4 0 0 4 0 0 0 4 0 0 3 0 12 1 11 2 0 0 1 4 1 1 1 2 4 1 4 0 2 0 0 5 0.7225644059348203 
2 0 4 4 2 1 2 7 1 0 0 1 0 0 4 7 5 13 4 1 2 8 2 1 0 0 2 2 2 0 1 0 0 2 0 1 2 0.5142323503162407 
1 0 0 7 1 0 1 4 1 0 0 4 1 1 0 4 1 0 2 7 1 4 0 0 1 2 0 1 1 0 0 4 1 4 2 12 0 0.9028757251260824 
---
3 2 52.978760145052675 2.0 36
1 0 0 7 1 0 1 4 1 0 0 12 1 1 0 4 1 0 2 7 1 4 2 0 1 2 0 1 1 0 0 4 1 4 2 12 0 0.9236354156131641 
0 1 1 4 0 4 0 0 4 0 0 2 4 0 0 3 0 12 1 11 1 0 0 1 4 1 1 1 2 4 1 4 0 2 0 0 5 0.7152150263257517 
---
3 3 52.978760145052675 2.0 36
0 1 1 4 0 4 0 0 4 0 0 2 4 0 0 3 0 12 1 11 1 0 0 1 4 1 1 1 2 4 1 4 0 2 0 0 5 0.7152150263257517 
1 0 0 7 1 0 1 4 1 0 0 12 1 1 0 4 1 0 2 7 1 4 2 0 1 2 0 1 1 0 0 4 1 4 2 12 0 0.9236354156131641 
---
3 4 33.29304092557417 3.0 36
0 1 1 4 0 4 0 0 4 0 0 0 4 0 0 3 0 12 1 11 2 0 0 1 4 1 1 1 2 4 1 4 0 2 0 0 5 0.7225644059348203 
1 0 0 7 1 0 1 4 1 0 0 4 1 1 0 4 1 0 0 0 1 4 2 1 1 2 0 1 1 0 0 4 1 4 2 12 0 0.8921287719236487 
2 0 4 4 2 1 2 7 1 0 0 1 0 0 4 7 5 13 4 1 2 8 2 1 0 0 2 2 2 0 1 0 0 2 0 1 2 0.5142323503162407 
---
3 5 16.059402521153515 5.0 36
0 1 1 4 0 4 0 0 4 0 0 0 4 0 0 11 0 12 1 11 1 0 0 1 4 1 1 1 2 4 1 4 0 2 0 0 5 0.7571248832783162 
1 0 0 7 1 0 1 4 1 0 0 4 1 1 0 4 1 0 2 0 1 4 2 0 1 2 0 1 1 0 0 4 1 4 0 12 0 0.834387299476424 
2 0 4 4 2 1 2 7 1 0 0 1 0 0 4 7 5 13 4 1 2 8 2 1 0 0 2 2 2 0 1 0 0 2 0 1 2 0.5142323503162407 
0 0 0 0 0 0 0 0 0 0 0 2 0 1 0 0 6 3 0 13 0 0 0 0 0 0 0 0 0 0 0 0 7 0 0 0 1 0.9996650305825892 
0 0 0 2 4 1 0 0 2 7 0 2 0 7 0 0 0 11 0 0 0 0 0 0 0 0 0 4 4 0 0 0 0 1 4 2 4 0.43585101294577455 
---
3 6 16.059402521153515 5.0 36
0 1 1 4 0 4 0 0 4 0 0 0 4 0 0 11 0 12 1 11 1 0 0 1 4 1 1 1 2 4 1 4 0 2 0 0 5 0.7571248832783162 
1 0 0 7 1 0 1 4 1 0 0 4 1 1 0 4 1 0 2 0 1 4 2 0 1 2 0 1 1 0 0 4 1 4 0 12 0 0.834387299476424 
2 0 4 4 2 1 2 7 1 0 0 1 0 0 4 7 5 13 4 1 2 8 2 1 0 0 2 2 2 0 1 0 0 2 0 1 2 0.5142323503162407 
0 0 0 0 0 0 0 0 0 0 0 2 0 1 0 0 6 3 0 13 0 0 0 0 0 0 0 0 0 0 0 0 7 0 0 0 1 0.9996650305825892 
0 0 0 2 4 1 0 0 2 7 0 2 0 7 0 0 0 11 0 0 0 0 0 0 0 0 0 4 4 0 0 0 0 1 4 2 4 0.43585101294577455 
---
3 7 14.14263512346745 6.0 36
2 0 4 4 2 1 2 7 1 0 0 1 0 0 4 7 5 13 4 1 2 8 2 1 0 0 2 2 2 0 1 0 0 2 0 1 2 0.5142323503162407 
1 0 0 7 1 0 1 4 1 0 0 4 1 1 0 4 1 0 2 0 1 4 2 0 1 2 0 1 1 0 0 4 1 4 0 12 0 0.834387299476424 
0 1 1 4 0 4 0 0 4 0 0 0 4 0 0 11 0 12 1 11 1 0 7 1 4 1 1 1 2 4 1 0 0 2 0 0 5 0.8228547476084505 
0 0 0 0 0 0 0 0 0 0 0 2 0 1 0 0 6 3 0 13 0 0 0 0 0 0 0 0 0 0 0 0 0 0 0 0 1 0.9991264523825611 
12 0 7 0 0 0 2 0 0 0 4 11 0 8 0 7 0 1 12 0 12 1 4 0 12 0 12 1 0 0 4 0 0 8 1 0 3 0.2509621801548674 
0 0 0 2 4 1 0 0 4 7 0 2 0 7 0 0 0 11 0 0 0 0 0 0 0 0 0 4 4 0 0 0 0 1 4 2 4 0.4376781533591696 
---
3 8 14.14263512346745 6.0 36
2 0 4 4 2 1 2 7 1 0 0 1 0 0 4 7 5 13 4 1 2 8 2 1 0 0 2 2 2 0 1 0 0 2 0 1 2 0.5142323503162407 
1 0 0 7 1 0 1 4 1 0 0 4 1 1 0 4 1 0 2 0 1 4 2 0 1 2 0 1 1 0 0 4 1 4 0 12 0 0.834387299476424 
0 1 1 4 0 4 0 0 4 0 0 0 4 0 0 11 0 12 1 11 1 0 7 1 4 1 1 1 2 4 1 0 0 2 0 0 5 0.8228547476084505 
0 0 0 0 0 0 0 0 0 0 0 2 0 1 0 0 6 3 0 13 0 0 0 0 0 0 0 0 0 0 0 0 0 0 0 0 1 0.9991264523825611 
12 0 7 0 0 0 2 0 0 0 4 11 0 8 0 7 0 1 12 0 12 1 4 0 12 0 12 1 0 0 4 0 0 8 1 0 3 0.2509621801548674 
0 0 0 2 4 1 0 0 4 7 0 2 0 7 0 0 0 11 0 0 0 0 0 0 0 0 0 4 4 0 0 0 0 1 4 2 4 0.4376781533591696 
---
3 9 13.90088067691245 7.0 36
0 1 1 4 0 4 0 0 4 0 0 0 4 0 0 11 0 12 1 11 1 0 7 1 4 1 1 1 2 4 1 0 0 2 0 0 5 0.8228547476084505 
2 0 4 4 2 1 2 7 1 0 0 1 0 0 4 7 5 13 4 1 2 8 2 1 0 0 2 2 2 0 1 0 0 2 0 1 2 0.5142323503162407 
0 0 0 7 1 0 1 4 1 4 4 0 1 4 0 0 1 4 0 0 1 4 2 0 1 1 0 1 1 0 0 4 1 4 0 2 0 0.735060661911424 
1 0 0 7 1 0 1 4 1 0 0 4 1 1 0 4 1 0 2 0 1 4 2 0 1 2 0 1 1 0 0 4 1 4 0 12 0 0.834387299476424 
0 0 0 0 0 0 0 0 0 0 0 2 0 1 0 0 6 3 0 13 0 0 0 0 0 0 0 0 0 0 0 0 0 0 0 0 1 0.9991264523825611 
12 0 7 0 0 0 2 0 0 0 4 11 0 8 0 7 0 1 12 0 12 1 4 0 12 0 12 1 0 0 4 0 0 8 1 0 3 0.2509621801548674 
0 0 0 2 4 1 0 0 4 7 0 2 0 7 0 0 0 11 0 0 0 0 0 0 0 0 0 4 4 0 0 0 0 1 4 2 4 0.4376781533591696 
---
3 10 13.90088067691245 7.0 36
0 1 1 4 0 4 0 0 4 0 0 0 4 0 0 11 0 12 1 11 1 0 7 1 4 1 1 1 2 4 1 0 0 2 0 0 5 0.8228547476084505 
2 0 4 4 2 1 2 7 1 0 0 1 0 0 4 7 5 13 4 1 2 8 2 1 0 0 2 2 2 0 1 0 0 2 0 1 2 0.5142323503162407 
0 0 0 7 1 0 1 4 1 4 4 0 1 4 0 0 1 4 0 0 1 4 2 0 1 1 0 1 1 0 0 4 1 4 0 2 0 0.735060661911424 
1 0 0 7 1 0 1 4 1 0 0 4 1 1 0 4 1 0 2 0 1 4 2 0 1 2 0 1 1 0 0 4 1 4 0 12 0 0.834387299476424 
0 0 0 0 0 0 0 0 0 0 0 2 0 1 0 0 6 3 0 13 0 0 0 0 0 0 0 0 0 0 0 0 0 0 0 0 1 0.9991264523825611 
12 0 7 0 0 0 2 0 0 0 4 11 0 8 0 7 0 1 12 0 12 1 4 0 12 0 12 1 0 0 4 0 0 8 1 0 3 0.2509621801548674 
0 0 0 2 4 1 0 0 4 7 0 2 0 7 0 0 0 11 0 0 0 0 0 0 0 0 0 4 4 0 0 0 0 1 4 2 4 0.4376781533591696 
---
3 11 76.18718701433258 1.0 36
1 0 0 12 1 0 1 4 1 0 0 4 1 1 0 4 1 0 2 0 1 4 2 0 1 2 0 1 1 0 0 4 1 4 0 12 0 0.5386418960958251 
---
3 12 52.978760145052675 2.0 36
0 1 1 4 0 4 0 0 4 0 0 2 4 0 0 3 0 12 1 11 1 0 0 1 4 1 1 1 2 4 1 4 0 2 0 0 5 0.7152150263257517 
1 0 0 7 1 0 1 4 1 0 0 12 1 1 0 4 1 0 2 7 1 4 2 0 1 2 0 1 1 0 0 4 1 4 2 12 0 0.9236354156131641 
---
3 13 33.29304092557417 3.0 36
0 1 1 4 0 4 0 0 4 0 0 0 4 0 0 3 0 12 1 11 2 0 0 1 4 1 1 1 2 4 1 4 0 2 0 0 5 0.7225644059348203 
1 0 0 7 1 0 1 4 1 0 0 4 1 1 0 4 1 0 0 0 1 4 2 1 1 2 0 1 1 0 0 4 1 4 2 12 0 0.8921287719236487 
2 0 4 4 2 1 2 7 1 0 0 1 0 0 4 7 5 13 4 1 2 8 2 1 0 0 2 2 2 0 1 0 0 2 0 1 2 0.5142323503162407 
---
3 14 16.059402521153515 5.0 36
0 1 1 4 0 4 0 0 4 0 0 0 4 0 0 11 0 12 1 11 1 0 0 1 4 1 1 1 2 4 1 4 0 2 0 0 5 0.7571248832783162 
1 0 0 7 1 0 1 4 1 0 0 4 1 1 0 4 1 0 2 0 1 4 2 0 1 2 0 1 1 0 0 4 1 4 0 12 0 0.834387299476424 
2 0 4 4 2 1 2 7 1 0 0 1 0 0 4 7 5 13 4 1 2 8 2 1 0 0 2 2 2 0 1 0 0 2 0 1 2 0.5142323503162407 
0 0 0 0 0 0 0 0 0 0 0 2 0 1 0 0 6 3 0 13 0 0 0 0 0 0 0 0 0 0 0 0 7 0 0 0 1 0.9996650305825892 
0 0 0 2 4 1 0 0 2 7 0 2 0 7 0 0 0 11 0 0 0 0 0 0 0 0 0 4 4 0 0 0 0 1 4 2 4 0.43585101294577455 
---
3 15 14.14263512346745 6.0 36
12 0 7 0 0 0 2 0 0 0 4 11 0 8 0 7 0 1 12 0 12 1 4 0 12 0 12 1 0 0 4 0 0 8 1 0 3 0.2509621801548674 
0 0 0 2 4 1 0 0 4 7 0 2 0 7 0 0 0 11 0 0 0 0 0 0 0 0 0 4 4 0 0 0 0 1 4 2 4 0.4376781533591696 
2 0 4 4 2 1 2 7 1 0 0 1 0 0 4 7 5 13 4 1 2 8 2 1 0 0 2 2 2 0 1 0 0 2 0 1 2 0.5142323503162407 
0 0 0 0 0 0 0 0 0 0 0 2 0 1 0 0 6 3 0 13 0 0 0 0 0 0 0 0 0 0 0 0 0 0 0 0 1 0.9991264523825611 
1 0 0 7 1 0 1 4 1 0 0 4 1 1 0 4 1 0 2 0 1 4 2 0 1 2 0 1 1 0 0 4 1 4 0 12 0 0.834387299476424 
0 1 1 4 0 4 0 0 4 0 0 0 4 0 0 11 0 12 1 11 1 0 7 1 4 1 1 1 2 4 1 0 0 2 0 0 5 0.8228547476084505 
---
3 16 76.18718701433258 1.0 36
1 0 0 7 1 0 1 4 1 0 0 4 1 1 0 4 1 0 0 0 1 4 2 1 1 0 0 1 1 0 0 4 1 4 2 12 0 0.8593742559203914 
---
3 17 52.978760145052675 2.0 36
0 1 1 4 0 4 0 0 4 0 0 2 4 0 0 3 0 12 1 11 1 0 0 1 4 1 1 1 2 4 1 4 0 2 0 0 5 0.7152150263257517 
1 0 0 7 1 0 1 4 1 0 0 12 1 1 0 4 1 0 2 7 1 4 2 0 1 2 0 1 1 0 0 4 1 4 2 12 0 0.9236354156131641 
---
3 18 16.059402521153515 5.0 36
0 1 1 4 0 4 0 0 4 0 0 0 4 0 0 11 0 12 1 11 1 0 0 1 4 1 1 1 2 4 1 4 0 2 0 0 5 0.7571248832783162 
1 0 0 7 1 0 1 4 1 0 0 4 1 1 0 4 1 0 2 0 1 4 2 0 1 2 0 1 1 0 0 4 1 4 0 12 0 0.834387299476424 
2 0 4 4 2 1 2 7 1 0 0 1 0 0 4 7 5 13 4 1 2 8 2 1 0 0 2 2 2 0 1 0 0 2 0 1 2 0.5142323503162407 
0 0 0 0 0 0 0 0 0 0 0 2 0 1 0 0 6 3 0 13 0 0 0 0 0 0 0 0 0 0 0 0 7 0 0 0 1 0.9996650305825892 
0 0 0 2 4 1 0 0 2 7 0 2 0 7 0 0 0 11 0 0 0 0 0 0 0 0 0 4 4 0 0 0 0 1 4 2 4 0.43585101294577455 
---
3 19 14.14263512346745 6.0 36
2 0 4 4 2 1 2 7 1 0 0 1 0 0 4 7 5 13 4 1 2 8 2 1 0 0 2 2 2 0 1 0 0 2 0 1 2 0.5142323503162407 
1 0 0 7 1 0 1 4 1 0 0 4 1 1 0 4 1 0 2 0 1 4 2 0 1 2 0 1 1 0 0 4 1 4 0 12 0 0.834387299476424 
0 1 1 4 0 4 0 0 4 0 0 0 4 0 0 11 0 12 1 11 1 0 7 1 4 1 1 1 2 4 1 0 0 2 0 0 5 0.8228547476084505 
0 0 0 0 0 0 0 0 0 0 0 2 0 1 0 0 6 3 0 13 0 0 0 0 0 0 0 0 0 0 0 0 0 0 0 0 1 0.9991264523825611 
12 0 7 0 0 0 2 0 0 0 4 11 0 8 0 7 0 1 12 0 12 1 4 0 12 0 12 1 0 0 4 0 0 8 1 0 3 0.2509621801548674 
0 0 0 2 4 1 0 0 4 7 0 2 0 7 0 0 0 11 0 0 0 0 0 0 0 0 0 4 4 0 0 0 0 1 4 2 4 0.4376781533591696 
---
3 20 13.90088067691245 7.0 36
0 1 1 4 0 4 0 0 4 0 0 0 4 0 0 11 0 12 1 11 1 0 7 1 4 1 1 1 2 4 1 0 0 2 0 0 5 0.8228547476084505 
2 0 4 4 2 1 2 7 1 0 0 1 0 0 4 7 5 13 4 1 2 8 2 1 0 0 2 2 2 0 1 0 0 2 0 1 2 0.5142323503162407 
0 0 0 7 1 0 1 4 1 4 4 0 1 4 0 0 1 4 0 0 1 4 2 0 1 1 0 1 1 0 0 4 1 4 0 2 0 0.735060661911424 
1 0 0 7 1 0 1 4 1 0 0 4 1 1 0 4 1 0 2 0 1 4 2 0 1 2 0 1 1 0 0 4 1 4 0 12 0 0.834387299476424 
0 0 0 0 0 0 0 0 0 0 0 2 0 1 0 0 6 3 0 13 0 0 0 0 0 0 0 0 0 0 0 0 0 0 0 0 1 0.9991264523825611 
12 0 7 0 0 0 2 0 0 0 4 11 0 8 0 7 0 1 12 0 12 1 4 0 12 0 12 1 0 0 4 0 0 8 1 0 3 0.2509621801548674 
0 0 0 2 4 1 0 0 4 7 0 2 0 7 0 0 0 11 0 0 0 0 0 0 0 0 0 4 4 0 0 0 0 1 4 2 4 0.4376781533591696 
---
3 21 76.18718701433258 1.0 36
0 0 0 0 0 0 0 0 0 0 0 2 0 0 0 0 0 0 0 0 1 0 0 2 4 0 0 0 0 0 0 0 0 0 2 12 0 0.11178164859113449 
---
3 22 52.978760145052675 2.0 36
0 1 1 4 0 4 0 0 4 0 0 2 4 0 0 3 0 12 1 11 1 0 0 1 4 1 1 1 2 4 1 4 0 2 0 0 5 0.7152150263257517 
1 0 0 7 1 0 1 4 1 0 0 12 1 1 0 4 1 0 2 7 1 4 2 0 1 2 0 1 1 0 0 4 1 4 2 12 0 0.9236354156131641 
---
3 23 33.29304092557417 3.0 36
0 1 1 4 0 4 0 0 4 0 0 0 4 0 0 3 0 12 1 11 2 0 0 1 4 1 1 1 2 4 1 4 0 2 0 0 5 0.7225644059348203 
1 0 0 7 1 0 1 4 1 0 0 4 1 1 0 4 1 0 0 0 1 4 2 1 1 2 0 1 1 0 0 4 1 4 2 12 0 0.8921287719236487 
2 0 4 4 2 1 2 7 1 0 0 1 0 0 4 7 5 13 4 1 2 8 2 1 0 0 2 2 2 0 1 0 0 2 0 1 2 0.5142323503162407 
---
3 24 16.059402521153515 5.0 36
0 1 1 4 0 4 0 0 4 0 0 0 4 0 0 11 0 12 1 11 1 0 0 1 4 1 1 1 2 4 1 4 0 2 0 0 5 0.7571248832783162 
1 0 0 7 1 0 1 4 1 0 0 4 1 1 0 4 1 0 2 0 1 4 2 0 1 2 0 1 1 0 0 4 1 4 0 12 0 0.834387299476424 
2 0 4 4 2 1 2 7 1 0 0 1 0 0 4 7 5 13 4 1 2 8 2 1 0 0 2 2 2 0 1 0 0 2 0 1 2 0.5142323503162407 
0 0 0 0 0 0 0 0 0 0 0 2 0 1 0 0 6 3 0 13 0 0 0 0 0 0 0 0 0 0 0 0 7 0 0 0 1 0.9996650305825892 
0 0 0 2 4 1 0 0 2 7 0 2 0 7 0 0 0 11 0 0 0 0 0 0 0 0 0 4 4 0 0 0 0 1 4 2 4 0.43585101294577455 
---
3 25 13.90088067691245 7.0 36
0 1 1 4 0 4 0 0 4 0 0 0 4 0 0 11 0 12 1 11 1 0 7 1 4 1 1 1 2 4 1 0 0 2 0 0 5 0.8228547476084505 
2 0 4 4 2 1 2 7 1 0 0 1 0 0 4 7 5 13 4 1 2 8 2 1 0 0 2 2 2 0 1 0 0 2 0 1 2 0.5142323503162407 
0 0 0 7 1 0 1 4 1 4 4 0 1 4 0 0 1 4 0 0 1 4 2 0 1 1 0 1 1 0 0 4 1 4 0 2 0 0.735060661911424 
1 0 0 7 1 0 1 4 1 0 0 4 1 1 0 4 1 0 2 0 1 4 2 0 1 2 0 1 1 0 0 4 1 4 0 12 0 0.834387299476424 
0 0 0 0 0 0 0 0 0 0 0 2 0 1 0 0 6 3 0 13 0 0 0 0 0 0 0 0 0 0 0 0 0 0 0 0 1 0.9991264523825611 
12 0 7 0 0 0 2 0 0 0 4 11 0 8 0 7 0 1 12 0 12 1 4 0 12 0 12 1 0 0 4 0 0 8 1 0 3 0.2509621801548674 
0 0 0 2 4 1 0 0 4 7 0 2 0 7 0 0 0 11 0 0 0 0 0 0 0 0 0 4 4 0 0 0 0 1 4 2 4 0.4376781533591696 
---
3 26 52.978760145052675 2.0 36
0 1 1 4 0 4 0 0 4 0 0 2 4 0 0 3 0 12 1 11 1 0 0 1 4 1 1 1 2 4 1 4 0 2 0 0 5 0.7152150263257517 
1 0 0 7 1 0 1 4 1 0 0 12 1 1 0 4 1 0 2 7 1 4 2 0 1 2 0 1 1 0 0 4 1 4 2 12 0 0.9236354156131641 
---
3 27 16.059402521153515 5.0 36
0 1 1 4 0 4 0 0 4 0 0 0 4 0 0 11 0 12 1 11 1 0 0 1 4 1 1 1 2 4 1 4 0 2 0 0 5 0.7571248832783162 
1 0 0 7 1 0 1 4 1 0 0 4 1 1 0 4 1 0 2 0 1 4 2 0 1 2 0 1 1 0 0 4 1 4 0 12 0 0.834387299476424 
2 0 4 4 2 1 2 7 1 0 0 1 0 0 4 7 5 13 4 1 2 8 2 1 0 0 2 2 2 0 1 0 0 2 0 1 2 0.5142323503162407 
0 0 0 0 0 0 0 0 0 0 0 2 0 1 0 0 6 3 0 13 0 0 0 0 0 0 0 0 0 0 0 0 7 0 0 0 1 0.9996650305825892 
0 0 0 2 4 1 0 0 2 7 0 2 0 7 0 0 0 11 0 0 0 0 0 0 0 0 0 4 4 0 0 0 0 1 4 2 4 0.43585101294577455 
---
3 28 13.90088067691245 7.0 36
0 1 1 4 0 4 0 0 4 0 0 0 4 0 0 11 0 12 1 11 1 0 7 1 4 1 1 1 2 4 1 0 0 2 0 0 5 0.8228547476084505 
2 0 4 4 2 1 2 7 1 0 0 1 0 0 4 7 5 13 4 1 2 8 2 1 0 0 2 2 2 0 1 0 0 2 0 1 2 0.5142323503162407 
0 0 0 7 1 0 1 4 1 4 4 0 1 4 0 0 1 4 0 0 1 4 2 0 1 1 0 1 1 0 0 4 1 4 0 2 0 0.735060661911424 
1 0 0 7 1 0 1 4 1 0 0 4 1 1 0 4 1 0 2 0 1 4 2 0 1 2 0 1 1 0 0 4 1 4 0 12 0 0.834387299476424 
0 0 0 0 0 0 0 0 0 0 0 2 0 1 0 0 6 3 0 13 0 0 0 0 0 0 0 0 0 0 0 0 0 0 0 0 1 0.9991264523825611 
12 0 7 0 0 0 2 0 0 0 4 11 0 8 0 7 0 1 12 0 12 1 4 0 12 0 12 1 0 0 4 0 0 8 1 0 3 0.2509621801548674 
0 0 0 2 4 1 0 0 4 7 0 2 0 7 0 0 0 11 0 0 0 0 0 0 0 0 0 4 4 0 0 0 0 1 4 2 4 0.4376781533591696 
---
3 29 76.18718701433258 1.0 36
1 0 0 7 1 0 1 4 1 0 0 4 1 1 0 4 1 0 0 0 1 4 2 1 1 2 0 2 1 0 0 4 1 4 2 12 0 0.9000855618507491 
---
3 30 16.059402521153515 5.0 36
0 1 1 4 0 4 0 0 4 0 0 0 4 0 0 11 0 12 1 11 1 0 0 1 4 1 1 1 2 4 1 4 0 2 0 0 5 0.7571248832783162 
1 0 0 7 1 0 1 4 1 0 0 4 1 1 0 4 1 0 2 0 1 4 2 0 1 2 0 1 1 0 0 4 1 4 0 12 0 0.834387299476424 
2 0 4 4 2 1 2 7 1 0 0 1 0 0 4 7 5 13 4 1 2 8 2 1 0 0 2 2 2 0 1 0 0 2 0 1 2 0.5142323503162407 
0 0 0 0 0 0 0 0 0 0 0 2 0 1 0 0 6 3 0 13 0 0 0 0 0 0 0 0 0 0 0 0 7 0 0 0 1 0.9996650305825892 
0 0 0 2 4 1 0 0 2 7 0 2 0 7 0 0 0 11 0 0 0 0 0 0 0 0 0 4 4 0 0 0 0 1 4 2 4 0.43585101294577455 
---
3 31 13.90088067691245 7.0 36
0 1 1 4 0 4 0 0 4 0 0 0 4 0 0 11 0 12 1 11 1 0 7 1 4 1 1 1 2 4 1 0 0 2 0 0 5 0.8228547476084505 
2 0 4 4 2 1 2 7 1 0 0 1 0 0 4 7 5 13 4 1 2 8 2 1 0 0 2 2 2 0 1 0 0 2 0 1 2 0.5142323503162407 
0 0 0 7 1 0 1 4 1 4 4 0 1 4 0 0 1 4 0 0 1 4 2 0 1 1 0 1 1 0 0 4 1 4 0 2 0 0.735060661911424 
1 0 0 7 1 0 1 4 1 0 0 4 1 1 0 4 1 0 2 0 1 4 2 0 1 2 0 1 1 0 0 4 1 4 0 12 0 0.834387299476424 
0 0 0 0 0 0 0 0 0 0 0 2 0 1 0 0 6 3 0 13 0 0 0 0 0 0 0 0 0 0 0 0 0 0 0 0 1 0.9991264523825611 
12 0 7 0 0 0 2 0 0 0 4 11 0 8 0 7 0 1 12 0 12 1 4 0 12 0 12 1 0 0 4 0 0 8 1 0 3 0.2509621801548674 
0 0 0 2 4 1 0 0 4 7 0 2 0 7 0 0 0 11 0 0 0 0 0 0 0 0 0 4 4 0 0 0 0 1 4 2 4 0.4376781533591696 
---
3 32 16.059402521153515 5.0 36
0 1 1 4 0 4 0 0 4 0 0 0 4 0 0 11 0 12 1 11 1 0 0 1 4 1 1 1 2 4 1 4 0 2 0 0 5 0.7571248832783162 
1 0 0 7 1 0 1 4 1 0 0 4 1 1 0 4 1 0 2 0 1 4 2 0 1 2 0 1 1 0 0 4 1 4 0 12 0 0.834387299476424 
2 0 4 4 2 1 2 7 1 0 0 1 0 0 4 7 5 13 4 1 2 8 2 1 0 0 2 2 2 0 1 0 0 2 0 1 2 0.5142323503162407 
0 0 0 0 0 0 0 0 0 0 0 2 0 1 0 0 6 3 0 13 0 0 0 0 0 0 0 0 0 0 0 0 7 0 0 0 1 0.9996650305825892 
0 0 0 2 4 1 0 0 2 7 0 2 0 7 0 0 0 11 0 0 0 0 0 0 0 0 0 4 4 0 0 0 0 1 4 2 4 0.43585101294577455 
---
3 33 76.18718701433258 1.0 36
1 0 0 12 1 0 1 4 1 0 0 4 1 1 0 1 1 0 1 0 1 4 2 0 1 2 0 1 1 0 0 4 1 4 0 12 0 0.8917963047507531 
---
4 0 76.18718701433258 1.0 36
1 0 0 0 0 0 0 0 0 0 0 0 0 0 0 12 0 0 0 0 0 0 0 4 0 0 0 0 0 0 0 0 0 0 0 0 0 0.1129903485229059 
---
4 1 24.382662752547056 4.0 36
0 0 0 7 1 0 1 4 1 4 4 0 1 4 0 0 1 4 0 0 1 4 2 0 1 1 0 1 1 0 0 4 1 8 0 2 0 0.808639595439085 
2 0 4 4 8 1 2 7 1 0 0 1 0 0 4 7 5 13 4 1 13 8 2 1 0 0 2 2 2 0 1 0 0 2 0 1 2 0.4303041341949104 
0 1 1 4 0 4 0 0 4 0 0 0 4 0 0 11 0 12 1 11 1 0 0 1 4 1 1 7 2 4 1 0 0 2 0 0 5 0.8239989712182474 
0 0 0 0 0 0 0 0 0 0 0 2 0 1 0 0 6 3 0 13 0 0 0 0 0 0 0 0 0 0 0 0 0 0 0 0 1 1.0 
---
4 2 33.53479537212917 3.0 36
0 0 0 7 1 0 1 4 1 4 4 0 1 4 0 0 1 4 0 0 1 4 2 0 1 1 0 1 1 0 0 4 1 4 0 2 0 0.735060661911424 
2 0 4 4 2 1 2 7 1 0 0 1 0 0 4 7 5 13 4 1 13 8 2 1 0 0 2 2 2 0 1 0 0 2 0 1 2 0.6019676662321288 
0 1 1 4 0 4 0 0 4 4 0 0 4 0 0 11 0 12 1 11 1 0 0 1 4 1 1 1 2 4 1 0 0 2 0 0 5 0.7493859796287459 
---
4 3 33.53479537212917 3.0 36
0 0 0 7 1 0 1 4 1 4 4 0 1 4 0 0 1 4 0 0 1 4 2 0 1 1 0 1 1 0 0 4 1 4 0 2 0 0.735060661911424 
2 0 4 4 2 1 2 7 1 0 0 1 0 0 4 7 5 13 4 1 13 8 2 1 0 0 2 2 2 0 1 0 0 2 0 1 2 0.6019676662321288 
0 1 1 4 0 4 0 0 4 4 0 0 4 0 0 11 0 12 1 11 1 0 0 1 4 1 1 1 2 4 1 0 0 2 0 0 5 0.7493859796287459 
---
4 4 13.952685201174237 6.0 36
0 0 0 7 1 0 1 4 1 4 4 0 1 4 0 0 1 4 0 0 1 4 2 0 1 1 0 1 1 0 0 4 1 4 0 2 0 0.735060661911424 
12 0 7 0 0 0 2 0 0 0 4 11 0 8 0 7 0 1 12 0 12 1 4 0 12 0 12 1 0 0 4 0 0 8 1 0 3 0.2509621801548674 
0 0 0 0 0 0 0 0 0 0 0 2 0 1 0 0 6 3 0 13 0 0 0 0 0 0 0 0 0 0 0 0 0 0 0 0 1 1.0 
0 0 0 2 4 1 0 0 4 7 0 2 0 7 0 0 0 11 0 0 0 0 0 0 0 0 0 4 4 0 0 0 0 1 4 2 4 0.7404725978578628 
2 0 4 4 8 1 2 7 1 0 0 1 0 0 4 7 5 13 4 1 13 8 2 1 0 0 2 2 2 0 1 0 0 2 0 1 2 0.4303041341949104 
0 1 1 4 0 4 0 0 4 0 0 0 4 0 0 11 0 12 1 11 1 0 0 1 4 1 1 1 2 4 1 0 0 2 0 0 5 0.8324759395448293 
---
4 5 16.19754791918494 5.0 36
0 0 0 7 1 0 1 4 1 4 4 0 1 4 0 0 1 4 0 0 1 4 2 0 1 1 0 1 1 0 0 4 1 4 0 2 0 0.735060661911424 
0 0 0 0 0 0 0 0 0 0 0 2 0 1 0 0 6 3 0 13 0 0 0 0 0 0 0 0 0 0 0 0 0 0 0 0 1 0.9991264523825611 
2 0 4 4 8 1 2 7 1 0 0 1 0 0 4 7 5 13 4 1 13 8 2 1 0 0 2 2 2 0 1 0 0 2 0 1 2 0.4303041341949104 
0 0 0 2 4 1 0 0 4 7 0 2 0 7 0 0 0 11 0 0 0 0 0 0 0 0 0 4 4 0 0 0 0 1 4 2 4 0.7404725978578628 
0 1 1 4 0 4 0 0 4 0 0 0 4 0 0 11 0 12 1 11 1 0 0 1 4 1 1 7 2 4 1 0 0 2 0 0 5 0.8239989712182474 
---
4 6 13.88361250215852 8.0 36
0 1 1 4 0 4 0 0 4 0 0 0 4 0 0 11 0 12 1 11 1 0 0 1 4 1 1 1 2 4 1 0 0 2 0 0 5 0.8324759395448293 
2 0 4 4 8 1 2 7 1 0 0 1 0 0 4 7 5 13 4 1 13 8 2 1 0 0 2 2 2 0 1 0 0 2 0 1 2 0.4303041341949104 
0 0 0 7 1 0 1 4 1 4 4 0 1 4 0 0 1 4 0 0 1 4 2 0 1 1 0 1 1 0 0 4 1 8 0 2 0 0.808639595439085 
0 0 0 2 4 1 0 0 4 7 0 2 0 7 0 0 0 11 0 0 0 0 0 0 0 0 0 4 4 0 0 0 0 1 4 2 4 0.7404725978578628 
0 0 0 7 1 0 1 4 1 4 4 0 1 4 0 0 1 4 0 0 1 4 2 0 1 1 0 1 1 0 0 4 1 4 0 2 0 0.735060661911424 
12 0 7 0 0 0 2 0 0 0 4 11 0 8 0 7 0 1 12 0 12 1 4 0 12 0 12 1 0 0 4 0 0 8 1 0 3 0.2509621801548674 
0 0 0 0 0 0 0 0 0 0 0 2 0 1 0 0 6 3 0 13 0 0 0 0 0 0 0 0 0 0 0 0 0 0 0 0 1 0.9991264523825611 
0 7 0 0 4 0 0 0 0 0 0 0 0 0 0 13 0 0 0 0 2 0 8 0 3 0 14 0 0 0 0 0 0 0 0 0 1 0.9999954865167295 
---
4 7 16.19754791918494 5.0 36
0 1 1 4 0 4 0 0 4 0 0 0 4 0 0 11 0 12 1 11 1 0 0 1 4 1 1 7 2 4 1 0 0 2 0 0 5 0.8239989712182474 
0 0 0 0 0 0 0 0 0 0 0 2 0 1 0 0 6 3 0 13 0 0 0 0 0 0 0 0 0 0 0 0 0 0 0 0 1 1.0 
0 0 0 7 1 0 1 4 1 4 4 0 1 4 0 0 1 4 0 0 1 4 2 0 1 1 0 1 1 0 0 4 1 4 0 2 0 0.735060661911424 
0 0 0 2 4 1 0 0 4 7 0 2 0 7 0 0 0 11 0 0 0 0 0 0 0 0 0 4 4 0 0 0 0 1 4 2 4 0.7404725978578628 
2 0 4 4 8 1 2 7 1 0 0 1 0 0 4 7 5 13 4 1 13 8 2 1 0 0 2 2 2 0 1 0 0 2 0 1 2 0.4303041341949104 
---
4 8 13.88361250215852 8.0 36
0 1 1 4 0 4 0 0 4 0 0 0 4 0 0 11 0 12 1 11 1 0 0 1 4 1 1 1 2 4 1 0 0 2 0 0 5 0.8324759395448293 
2 0 4 4 8 1 2 7 1 0 0 1 0 0 4 7 5 13 4 1 13 8 2 1 0 0 2 2 2 0 1 0 0 2 0 1 2 0.4303041341949104 
0 0 0 7 1 0 1 4 1 4 4 0 1 4 0 0 1 4 0 0 1 4 2 0 1 1 0 1 1 0 0 4 1 8 0 2 0 0.808639595439085 
0 0 0 2 4 1 0 0 4 7 0 2 0 7 0 0 0 11 0 0 0 0 0 0 0 0 0 4 4 0 0 0 0 1 4 2 4 0.7404725978578628 
0 0 0 7 1 0 1 4 1 4 4 0 1 4 0 0 1 4 0 0 1 4 2 0 1 1 0 1 1 0 0 4 1 4 0 2 0 0.735060661911424 
12 0 7 0 0 0 2 0 0 0 4 11 0 8 0 7 0 1 12 0 12 1 4 0 12 0 12 1 0 0 4 0 0 8 1 0 3 0.2509621801548674 
0 0 0 0 0 0 0 0 0 0 0 2 0 1 0 0 6 3 0 13 0 0 0 0 0 0 0 0 0 0 0 0 0 0 0 0 1 0.9991264523825611 
0 7 0 0 4 0 0 0 0 0 0 0 0 0 0 13 0 0 0 0 2 0 8 0 3 0 14 0 0 0 0 0 0 0 0 0 1 0.9999954865167295 
---
4 9 76.18718701433258 1.0 36
1 0 0 0 0 0 0 0 0 0 0 0 0 0 0 12 0 0 0 0 0 0 0 4 0 0 0 0 0 0 0 0 0 0 0 0 0 0.1129903485229059 
---
4 10 53.047832844068374 2.0 36
0 0 0 7 1 0 1 4 1 4 4 0 1 4 0 0 1 4 0 0 1 4 2 0 1 1 0 1 1 0 0 4 1 8 0 2 0 0.808639595439085 
0 1 1 4 0 4 0 0 4 0 0 0 4 0 0 11 0 12 1 11 1 0 0 1 4 1 1 7 2 4 1 0 0 2 0 0 5 0.8239989712182474 
---
4 11 33.53479537212917 3.0 36
0 0 0 7 1 0 1 4 1 4 4 0 1 4 0 0 1 4 0 0 1 4 2 0 1 1 0 1 1 0 0 4 1 4 0 2 0 0.735060661911424 
0 1 1 4 0 4 0 0 4 4 0 0 4 0 0 11 0 12 1 11 1 0 0 1 4 1 1 1 2 4 1 0 0 2 0 0 5 0.7493859796287459 
2 0 4 4 2 1 2 7 1 0 0 1 0 0 4 7 5 13 4 1 13 8 2 1 0 0 2 2 2 0 1 0 0 2 0 1 2 0.6019676662321288 
---
4 12 16.19754791918494 5.0 36
0 1 1 4 0 4 0 0 4 0 0 0 4 0 0 11 0 12 1 11 1 0 0 1 4 1 1 7 2 4 1 0 0 2 0 0 5 0.8239989712182474 
0 0 0 0 0 0 0 0 0 0 0 2 0 1 0 0 6 3 0 13 0 0 0 0 0 0 0 0 0 0 0 0 0 0 0 0 1 1.0 
0 0 0 7 1 0 1 4 1 4 4 0 1 4 0 0 1 4 0 0 1 4 2 0 1 1 0 1 1 0 0 4 1 4 0 2 0 0.735060661911424 
0 0 0 2 4 1 0 0 4 7 0 2 0 7 0 0 0 11 0 0 0 0 0 0 0 0 0 4 4 0 0 0 0 1 4 2 4 0.7404725978578628 
2 0 4 4 8 1 2 7 1 0 0 1 0 0 4 7 5 13 4 1 13 8 2 1 0 0 2 2 2 0 1 0 0 2 0 1 2 0.4303041341949104 
---
4 13 13.88361250215852 8.0 36
0 1 1 4 0 4 0 0 4 0 0 0 4 0 0 11 0 12 1 11 1 0 0 1 4 1 1 1 2 4 1 0 0 2 0 0 5 0.8324759395448293 
2 0 4 4 8 1 2 7 1 0 0 1 0 0 4 7 5 13 4 1 13 8 2 1 0 0 2 2 2 0 1 0 0 2 0 1 2 0.4303041341949104 
0 0 0 7 1 0 1 4 1 4 4 0 1 4 0 0 1 4 0 0 1 4 2 0 1 1 0 1 1 0 0 4 1 8 0 2 0 0.808639595439085 
0 0 0 2 4 1 0 0 4 7 0 2 0 7 0 0 0 11 0 0 0 0 0 0 0 0 0 4 4 0 0 0 0 1 4 2 4 0.7404725978578628 
0 0 0 7 1 0 1 4 1 4 4 0 1 4 0 0 1 4 0 0 1 4 2 0 1 1 0 1 1 0 0 4 1 4 0 2 0 0.735060661911424 
12 0 7 0 0 0 2 0 0 0 4 11 0 8 0 7 0 1 12 0 12 1 4 0 12 0 12 1 0 0 4 0 0 8 1 0 3 0.2509621801548674 
0 0 0 0 0 0 0 0 0 0 0 2 0 1 0 0 6 3 0 13 0 0 0 0 0 0 0 0 0 0 0 0 0 0 0 0 1 0.9991264523825611 
0 7 0 0 4 0 0 0 0 0 0 0 0 0 0 13 0 0 0 0 2 0 8 0 3 0 14 0 0 0 0 0 0 0 0 0 1 0.9999954865167295 
---
4 14 33.53479537212917 3.0 36
0 0 0 7 1 0 1 4 1 4 4 0 1 4 0 0 1 4 0 0 1 4 2 0 1 1 0 1 1 0 0 4 1 4 0 2 0 0.735060661911424 
0 1 1 4 0 4 0 0 4 4 0 0 4 0 0 11 0 12 1 11 1 0 0 1 4 1 1 1 2 4 1 0 0 2 0 0 5 0.7493859796287459 
2 0 4 4 2 1 2 7 1 0 0 1 0 0 4 7 5 13 4 1 13 8 2 1 0 0 2 2 2 0 1 0 0 2 0 1 2 0.6019676662321288 
---
4 15 16.19754791918494 5.0 36
0 1 1 4 0 4 0 0 4 0 0 0 4 0 0 11 0 12 1 11 1 0 0 1 4 1 1 7 2 4 1 0 0 2 0 0 5 0.8239989712182474 
0 0 0 0 0 0 0 0 0 0 0 2 0 1 0 0 6 3 0 13 0 0 0 0 0 0 0 0 0 0 0 0 0 0 0 0 1 1.0 
0 0 0 7 1 0 1 4 1 4 4 0 1 4 0 0 1 4 0 0 1 4 2 0 1 1 0 1 1 0 0 4 1 4 0 2 0 0.735060661911424 
0 0 0 2 4 1 0 0 4 7 0 2 0 7 0 0 0 11 0 0 0 0 0 0 0 0 0 4 4 0 0 0 0 1 4 2 4 0.7404725978578628 
2 0 4 4 8 1 2 7 1 0 0 1 0 0 4 7 5 13 4 1 13 8 2 1 0 0 2 2 2 0 1 0 0 2 0 1 2 0.4303041341949104 
---
4 16 13.88361250215852 8.0 36
0 1 1 4 0 4 0 0 4 0 0 0 4 0 0 11 0 12 1 11 1 0 0 1 4 1 1 1 2 4 1 0 0 2 0 0 5 0.8324759395448293 
2 0 4 4 8 1 2 7 1 0 0 1 0 0 4 7 5 13 4 1 13 8 2 1 0 0 2 2 2 0 1 0 0 2 0 1 2 0.4303041341949104 
0 0 0 7 1 0 1 4 1 4 4 0 1 4 0 0 1 4 0 0 1 4 2 0 1 1 0 1 1 0 0 4 1 8 0 2 0 0.808639595439085 
0 0 0 2 4 1 0 0 4 7 0 2 0 7 0 0 0 11 0 0 0 0 0 0 0 0 0 4 4 0 0 0 0 1 4 2 4 0.7404725978578628 
0 0 0 7 1 0 1 4 1 4 4 0 1 4 0 0 1 4 0 0 1 4 2 0 1 1 0 1 1 0 0 4 1 4 0 2 0 0.735060661911424 
12 0 7 0 0 0 2 0 0 0 4 11 0 8 0 7 0 1 12 0 12 1 4 0 12 0 12 1 0 0 4 0 0 8 1 0 3 0.2509621801548674 
0 0 0 0 0 0 0 0 0 0 0 2 0 1 0 0 6 3 0 13 0 0 0 0 0 0 0 0 0 0 0 0 0 0 0 0 1 0.9991264523825611 
0 7 0 0 4 0 0 0 0 0 0 0 0 0 0 13 0 0 0 0 2 0 8 0 3 0 14 0 0 0 0 0 0 0 0 0 1 0.9999954865167295 
---
4 17 16.19754791918494 5.0 36
0 1 1 4 0 4 0 0 4 0 0 0 4 0 0 11 0 12 1 11 1 0 0 1 4 1 1 7 2 4 1 0 0 2 0 0 5 0.8239989712182474 
0 0 0 0 0 0 0 0 0 0 0 2 0 1 0 0 6 3 0 13 0 0 0 0 0 0 0 0 0 0 0 0 0 0 0 0 1 1.0 
0 0 0 7 1 0 1 4 1 4 4 0 1 4 0 0 1 4 0 0 1 4 2 0 1 1 0 1 1 0 0 4 1 4 0 2 0 0.735060661911424 
0 0 0 2 4 1 0 0 4 7 0 2 0 7 0 0 0 11 0 0 0 0 0 0 0 0 0 4 4 0 0 0 0 1 4 2 4 0.7404725978578628 
2 0 4 4 8 1 2 7 1 0 0 1 0 0 4 7 5 13 4 1 13 8 2 1 0 0 2 2 2 0 1 0 0 2 0 1 2 0.4303041341949104 
---
4 18 13.88361250215852 8.0 36
0 1 1 4 0 4 0 0 4 0 0 0 4 0 0 11 0 12 1 11 1 0 0 1 4 1 1 1 2 4 1 0 0 2 0 0 5 0.8324759395448293 
2 0 4 4 8 1 2 7 1 0 0 1 0 0 4 7 5 13 4 1 13 8 2 1 0 0 2 2 2 0 1 0 0 2 0 1 2 0.4303041341949104 
0 0 0 7 1 0 1 4 1 4 4 0 1 4 0 0 1 4 0 0 1 4 2 0 1 1 0 1 1 0 0 4 1 8 0 2 0 0.808639595439085 
0 0 0 2 4 1 0 0 4 7 0 2 0 7 0 0 0 11 0 0 0 0 0 0 0 0 0 4 4 0 0 0 0 1 4 2 4 0.7404725978578628 
0 0 0 7 1 0 1 4 1 4 4 0 1 4 0 0 1 4 0 0 1 4 2 0 1 1 0 1 1 0 0 4 1 4 0 2 0 0.735060661911424 
12 0 7 0 0 0 2 0 0 0 4 11 0 8 0 7 0 1 12 0 12 1 4 0 12 0 12 1 0 0 4 0 0 8 1 0 3 0.2509621801548674 
0 0 0 0 0 0 0 0 0 0 0 2 0 1 0 0 6 3 0 13 0 0 0 0 0 0 0 0 0 0 0 0 0 0 0 0 1 0.9991264523825611 
0 7 0 0 4 0 0 0 0 0 0 0 0 0 0 13 0 0 0 0 2 0 8 0 3 0 14 0 0 0 0 0 0 0 0 0 1 0.9999954865167295 
---
4 19 53.047832844068374 2.0 36
0 1 1 4 0 4 0 0 4 0 0 0 4 0 0 11 0 12 1 11 1 0 0 1 4 1 1 7 2 4 1 0 0 2 0 0 5 0.8239989712182474 
0 0 0 7 1 0 1 4 1 4 4 0 1 4 0 0 1 4 0 0 1 4 2 0 1 1 0 1 1 0 0 4 1 8 0 2 0 0.808639595439085 
---
4 20 16.19754791918494 5.0 36
0 1 1 4 0 4 0 0 4 0 0 0 4 0 0 11 0 12 1 11 1 0 0 1 4 1 1 7 2 4 1 0 0 2 0 0 5 0.8239989712182474 
0 0 0 0 0 0 0 0 0 0 0 2 0 1 0 0 6 3 0 13 0 0 0 0 0 0 0 0 0 0 0 0 0 0 0 0 1 1.0 
0 0 0 7 1 0 1 4 1 4 4 0 1 4 0 0 1 4 0 0 1 4 2 0 1 1 0 1 1 0 0 4 1 4 0 2 0 0.735060661911424 
0 0 0 2 4 1 0 0 4 7 0 2 0 7 0 0 0 11 0 0 0 0 0 0 0 0 0 4 4 0 0 0 0 1 4 2 4 0.7404725978578628 
2 0 4 4 8 1 2 7 1 0 0 1 0 0 4 7 5 13 4 1 13 8 2 1 0 0 2 2 2 0 1 0 0 2 0 1 2 0.4303041341949104 
---
4 21 13.88361250215852 8.0 36
0 1 1 4 0 4 0 0 4 0 0 0 4 0 0 11 0 12 1 11 1 0 0 1 4 1 1 1 2 4 1 0 0 2 0 0 5 0.8324759395448293 
2 0 4 4 8 1 2 7 1 0 0 1 0 0 4 7 5 13 4 1 13 8 2 1 0 0 2 2 2 0 1 0 0 2 0 1 2 0.4303041341949104 
0 0 0 7 1 0 1 4 1 4 4 0 1 4 0 0 1 4 0 0 1 4 2 0 1 1 0 1 1 0 0 4 1 8 0 2 0 0.808639595439085 
0 0 0 2 4 1 0 0 4 7 0 2 0 7 0 0 0 11 0 0 0 0 0 0 0 0 0 4 4 0 0 0 0 1 4 2 4 0.7404725978578628 
0 0 0 7 1 0 1 4 1 4 4 0 1 4 0 0 1 4 0 0 1 4 2 0 1 1 0 1 1 0 0 4 1 4 0 2 0 0.735060661911424 
12 0 7 0 0 0 2 0 0 0 4 11 0 8 0 7 0 1 12 0 12 1 4 0 12 0 12 1 0 0 4 0 0 8 1 0 3 0.2509621801548674 
0 0 0 0 0 0 0 0 0 0 0 2 0 1 0 0 6 3 0 13 0 0 0 0 0 0 0 0 0 0 0 0 0 0 0 0 1 0.9991264523825611 
0 7 0 0 4 0 0 0 0 0 0 0 0 0 0 13 0 0 0 0 2 0 8 0 3 0 14 0 0 0 0 0 0 0 0 0 1 0.9999954865167295 
---
4 22 76.18718701433258 1.0 36
1 0 0 0 0 0 0 0 0 0 0 0 0 0 0 12 0 0 0 0 0 0 0 4 0 0 0 0 0 0 0 0 0 0 0 0 0 0.1129903485229059 
---
4 23 16.19754791918494 5.0 36
0 1 1 4 0 4 0 0 4 0 0 0 4 0 0 11 0 12 1 11 1 0 0 1 4 1 1 7 2 4 1 0 0 2 0 0 5 0.8239989712182474 
0 0 0 0 0 0 0 0 0 0 0 2 0 1 0 0 6 3 0 13 0 0 0 0 0 0 0 0 0 0 0 0 0 0 0 0 1 1.0 
0 0 0 7 1 0 1 4 1 4 4 0 1 4 0 0 1 4 0 0 1 4 2 0 1 1 0 1 1 0 0 4 1 4 0 2 0 0.735060661911424 
0 0 0 2 4 1 0 0 4 7 0 2 0 7 0 0 0 11 0 0 0 0 0 0 0 0 0 4 4 0 0 0 0 1 4 2 4 0.7404725978578628 
2 0 4 4 8 1 2 7 1 0 0 1 0 0 4 7 5 13 4 1 13 8 2 1 0 0 2 2 2 0 1 0 0 2 0 1 2 0.4303041341949104 
---
5 0 76.18718701433258 1.0 36
0 2 0 0 1 0 0 0 0 0 0 1 0 0 0 0 0 0 0 0 0 0 2 2 1 4 0 0 0 0 0 12 1 0 0 0 0 0.43904876825346406 
---
5 1 13.797271628388879 10.0 36
0 1 1 3 0 4 0 0 4 0 0 7 4 0 0 11 0 12 1 11 12 0 1 1 4 1 1 0 2 4 1 0 0 2 0 0 5 0.9390060865031773 
2 8 4 4 2 1 0 7 1 0 0 1 0 0 4 7 5 13 5 1 2 8 2 1 0 0 2 1 0 0 1 0 0 2 4 0 2 0.8423823288284189 
4 0 0 0 0 0 12 4 0 0 0 0 2 0 0 0 0 0 0 0 0 0 0 0 11 0 0 0 0 0 0 0 0 6 0 5 1 0.7994134041563441 
12 0 7 0 0 0 2 0 0 0 4 11 0 8 0 7 4 1 12 0 12 1 4 0 12 0 12 1 0 0 4 7 0 8 1 0 3 0.1972529701266681 
0 0 0 2 4 1 0 0 4 7 0 2 0 7 0 0 0 11 0 0 0 0 0 0 0 0 0 4 4 0 0 0 0 1 4 2 4 0.7404725978578628 
0 0 0 0 0 0 0 0 0 0 0 2 0 1 0 0 6 3 0 13 0 0 0 0 0 0 0 0 0 0 0 0 0 0 0 0 1 1.0 
1 2 0 7 1 4 1 7 1 2 0 4 1 4 0 4 1 0 0 0 1 0 2 0 1 4 0 1 1 0 0 4 4 4 0 12 0 0.5033387374399325 
2 8 4 4 2 4 0 7 1 0 0 1 0 0 4 7 5 13 4 1 2 8 2 1 0 0 2 1 0 0 1 0 0 2 4 0 2 0.05476520919847572 
1 2 0 7 1 4 2 4 1 0 4 4 1 4 0 4 1 0 0 0 1 4 2 0 1 2 0 1 1 0 0 7 1 4 0 12 0 0.9563738205918164 
0 1 1 4 0 4 0 0 4 0 0 0 12 0 0 11 0 12 1 11 1 0 0 1 4 1 1 1 2 4 1 0 0 2 4 0 5 0.8445582039497178 
---
5 2 53.099637368330164 2.0 36
1 2 0 7 1 4 2 4 1 0 0 1 1 4 0 4 1 0 0 0 1 4 2 0 0 2 0 1 1 0 0 12 1 2 0 12 0 0.9285011101511187 
0 1 1 4 0 4 0 0 4 0 0 7 4 0 0 11 0 12 1 11 12 2 0 1 4 1 1 0 2 4 1 0 0 2 0 0 5 0.850162439918124 
---
5 3 53.099637368330164 2.0 36
1 2 0 7 1 4 2 4 1 0 0 1 1 4 0 4 1 0 0 0 1 4 2 0 0 2 0 1 1 0 0 12 1 2 0 12 0 0.9285011101511187 
0 1 1 4 0 4 0 0 4 0 0 7 4 0 0 11 0 12 1 11 12 2 0 1 4 1 1 0 2 4 1 0 0 2 0 0 5 0.850162439918124 
---
5 4 33.48299084786738 3.0 36
1 2 0 7 1 4 2 4 1 0 4 4 1 4 0 4 1 0 0 0 1 4 2 0 1 2 0 1 1 0 0 7 1 4 0 12 0 0.9563738205918164 
2 8 4 4 2 4 0 7 1 0 0 1 0 0 4 7 5 13 4 1 2 8 2 1 0 0 2 1 0 0 1 0 0 2 4 0 2 0.05476520919847572 
0 1 1 4 0 4 0 0 4 0 0 7 4 0 0 11 0 12 1 11 12 2 0 1 4 1 1 0 2 4 1 0 0 2 0 0 5 0.850162439918124 
---
5 5 14.246244171991021 8.0 36
2 8 4 4 2 1 0 7 1 0 0 1 0 0 4 7 5 13 5 0 2 8 2 1 0 0 2 1 0 0 1 0 0 2 4 0 2 0.8519600804390317 
1 2 0 7 1 4 2 4 1 0 4 4 1 4 0 4 1 0 0 0 1 4 2 0 1 2 0 1 1 0 0 7 1 4 0 12 0 0.9563738205918164 
0 1 1 3 0 4 0 0 4 0 0 7 4 0 0 11 0 12 1 11 12 0 1 1 4 1 1 0 2 4 1 0 0 2 0 0 5 0.9390060865031773 
0 0 0 2 4 1 0 0 4 7 0 2 0 7 0 0 0 11 0 0 0 0 0 0 0 0 0 4 4 0 0 0 0 1 4 2 4 0.7404725978578628 
0 1 1 4 0 4 0 0 4 0 0 0 12 0 0 11 0 12 1 11 1 0 0 1 4 1 1 0 2 4 1 0 0 2 4 0 5 0.845681652689038 
0 0 0 0 0 0 0 0 0 0 0 2 0 1 0 0 6 3 0 13 0 0 0 0 0 0 0 0 0 0 0 0 0 0 0 0 1 1.0 
12 0 7 0 0 0 2 0 0 0 4 11 0 8 0 7 4 1 12 0 12 1 4 0 12 0 12 1 0 0 4 7 0 8 1 0 3 0.1972529701266681 
4 0 0 0 0 0 12 4 0 0 0 0 2 0 0 0 0 0 0 0 0 0 0 0 11 0 0 0 0 0 0 0 0 6 0 5 1 0.7994134041563441 
---
5 6 24.08910378173027 4.0 36
2 8 4 4 2 4 0 7 1 0 0 1 0 0 4 7 5 13 4 1 2 8 2 1 0 0 2 1 0 0 1 0 0 2 4 0 2 0.05476520919847572 
1 2 0 7 1 4 2 4 1 0 4 4 1 4 0 4 1 0 0 0 1 4 2 0 1 2 0 1 1 0 0 7 1 4 0 12 0 0.9563738205918164 
0 1 1 4 0 4 0 0 4 0 0 0 12 0 0 11 0 12 1 11 1 0 0 1 4 1 1 0 2 4 1 0 0 2 4 0 5 0.845681652689038 
0 0 0 0 0 0 0 0 0 0 0 2 0 1 0 0 6 3 0 13 0 0 0 0 0 0 0 0 0 0 0 0 0 0 0 0 1 1.0 
---
5 7 17.233638404420653 5.0 36
0 1 1 4 0 4 0 0 4 0 0 0 12 0 0 11 0 12 1 11 1 0 0 1 4 1 1 0 2 4 1 0 0 2 4 0 5 0.845681652689038 
2 13 4 4 2 4 0 7 1 0 0 1 0 0 4 7 5 13 4 1 2 8 2 1 0 0 2 1 0 0 1 0 0 2 4 0 2 0.3039123203689187 
1 2 0 7 1 4 2 4 1 0 4 4 1 4 0 4 1 0 0 0 1 4 2 0 1 2 0 1 1 0 0 7 1 4 0 12 0 0.9563738205918164 
0 0 0 2 4 1 0 0 4 7 0 2 0 7 0 0 0 11 0 0 0 0 0 0 0 0 0 4 4 0 0 0 0 1 4 2 4 0.7404725978578628 
0 0 0 0 0 0 0 0 0 0 0 2 0 1 0 0 6 3 0 13 0 0 0 0 0 0 0 0 0 0 0 0 0 0 0 0 1 1.0 
---
5 8 17.233638404420653 5.0 36
0 1 1 4 0 4 0 0 4 0 0 0 12 0 0 11 0 12 1 11 1 0 0 1 4 1 1 0 2 4 1 0 0 2 4 0 5 0.845681652689038 
2 13 4 4 2 4 0 7 1 0 0 1 0 0 4 7 5 13 4 1 2 8 2 1 0 0 2 1 0 0 1 0 0 2 4 0 2 0.3039123203689187 
1 2 0 7 1 4 2 4 1 0 4 4 1 4 0 4 1 0 0 0 1 4 2 0 1 2 0 1 1 0 0 7 1 4 0 12 0 0.9563738205918164 
0 0 0 2 4 1 0 0 4 7 0 2 0 7 0 0 0 11 0 0 0 0 0 0 0 0 0 4 4 0 0 0 0 1 4 2 4 0.7404725978578628 
0 0 0 0 0 0 0 0 0 0 0 2 0 1 0 0 6 3 0 13 0 0 0 0 0 0 0 0 0 0 0 0 0 0 0 0 1 1.0 
---
5 9 14.626144016577447 6.0 36
1 2 0 7 1 4 1 7 1 2 0 4 1 4 0 4 1 0 0 0 1 0 2 0 1 4 0 7 1 0 0 4 4 4 0 12 0 0.4645930873675359 
0 1 1 3 0 4 0 0 4 0 0 7 4 0 0 11 0 12 1 11 12 0 1 1 4 1 1 0 2 4 1 0 0 2 0 0 5 0.9390060865031773 
2 8 4 4 2 1 0 7 1 0 0 1 0 0 4 7 5 13 5 1 2 8 2 1 0 0 2 1 0 0 1 0 0 2 4 0 2 0.8423823288284189 
0 0 0 2 4 1 0 0 4 7 0 2 0 7 0 0 0 11 0 0 0 0 0 0 0 0 0 4 4 0 0 0 0 1 4 2 4 0.4376781533591696 
12 0 7 0 0 0 2 0 0 0 4 11 0 8 0 7 4 1 12 0 12 1 4 0 12 0 12 1 0 0 4 7 0 8 1 0 3 0.1972529701266681 
0 0 0 0 0 0 0 0 0 0 0 2 0 1 0 0 6 3 0 13 0 0 0 0 0 0 0 0 0 0 0 0 0 0 0 0 1 1.0 
---
5 10 14.246244171991021 8.0 36
2 8 4 4 2 1 0 7 1 0 0 1 0 0 4 7 5 13 5 0 2 8 2 1 0 0 2 1 0 0 1 0 0 2 4 0 2 0.8519600804390317 
1 2 0 7 1 4 2 4 1 0 4 4 1 4 0 4 1 0 0 0 1 4 2 0 1 2 0 1 1 0 0 7 1 4 0 12 0 0.9563738205918164 
0 1 1 3 0 4 0 0 4 0 0 7 4 0 0 11 0 12 1 11 12 0 1 1 4 1 1 0 2 4 1 0 0 2 0 0 5 0.9390060865031773 
0 0 0 2 4 1 0 0 4 7 0 2 0 7 0 0 0 11 0 0 0 0 0 0 0 0 0 4 4 0 0 0 0 1 4 2 4 0.7404725978578628 
0 1 1 4 0 4 0 0 4 0 0 0 12 0 0 11 0 12 1 11 1 0 0 1 4 1 1 0 2 4 1 0 0 2 4 0 5 0.845681652689038 
0 0 0 0 0 0 0 0 0 0 0 2 0 1 0 0 6 3 0 13 0 0 0 0 0 0 0 0 0 0 0 0 0 0 0 0 1 1.0 
12 0 7 0 0 0 2 0 0 0 4 11 0 8 0 7 4 1 12 0 12 1 4 0 12 0 12 1 0 0 4 7 0 8 1 0 3 0.1972529701266681 
4 0 0 0 0 0 12 4 0 0 0 0 2 0 0 0 0 0 0 0 0 0 0 0 11 0 0 0 0 0 0 0 0 6 0 5 1 0.7994134041563441 
---
5 11 14.626144016577447 6.0 36
1 2 0 7 1 4 1 7 1 2 0 4 1 4 0 4 1 0 0 0 1 0 2 0 1 4 0 7 1 0 0 4 4 4 0 12 0 0.4645930873675359 
0 1 1 3 0 4 0 0 4 0 0 7 4 0 0 11 0 12 1 11 12 0 1 1 4 1 1 0 2 4 1 0 0 2 0 0 5 0.9390060865031773 
2 8 4 4 2 1 0 7 1 0 0 1 0 0 4 7 5 13 5 1 2 8 2 1 0 0 2 1 0 0 1 0 0 2 4 0 2 0.8423823288284189 
0 0 0 2 4 1 0 0 4 7 0 2 0 7 0 0 0 11 0 0 0 0 0 0 0 0 0 4 4 0 0 0 0 1 4 2 4 0.4376781533591696 
12 0 7 0 0 0 2 0 0 0 4 11 0 8 0 7 4 1 12 0 12 1 4 0 12 0 12 1 0 0 4 7 0 8 1 0 3 0.1972529701266681 
0 0 0 0 0 0 0 0 0 0 0 2 0 1 0 0 6 3 0 13 0 0 0 0 0 0 0 0 0 0 0 0 0 0 0 0 1 1.0 
---
5 12 24.08910378173027 4.0 36
2 8 4 4 2 4 0 7 1 0 0 1 0 0 4 7 5 13 4 1 2 8 2 1 0 0 2 1 0 0 1 0 0 2 4 0 2 0.05476520919847572 
1 2 0 7 1 4 2 4 1 0 4 4 1 4 0 4 1 0 0 0 1 4 2 0 1 2 0 1 1 0 0 7 1 4 0 12 0 0.9563738205918164 
0 1 1 4 0 4 0 0 4 0 0 0 12 0 0 11 0 12 1 11 1 0 0 1 4 1 1 0 2 4 1 0 0 2 4 0 5 0.845681652689038 
0 0 0 0 0 0 0 0 0 0 0 2 0 1 0 0 6 3 0 13 0 0 0 0 0 0 0 0 0 0 0 0 0 0 0 0 1 1.0 
---
5 13 17.233638404420653 5.0 36
0 1 1 4 0 4 0 0 4 0 0 0 12 0 0 11 0 12 1 11 1 0 0 1 4 1 1 0 2 4 1 0 0 2 4 0 5 0.845681652689038 
2 13 4 4 2 4 0 7 1 0 0 1 0 0 4 7 5 13 4 1 2 8 2 1 0 0 2 1 0 0 1 0 0 2 4 0 2 0.3039123203689187 
1 2 0 7 1 4 2 4 1 0 4 4 1 4 0 4 1 0 0 0 1 4 2 0 1 2 0 1 1 0 0 7 1 4 0 12 0 0.9563738205918164 
0 0 0 2 4 1 0 0 4 7 0 2 0 7 0 0 0 11 0 0 0 0 0 0 0 0 0 4 4 0 0 0 0 1 4 2 4 0.7404725978578628 
0 0 0 0 0 0 0 0 0 0 0 2 0 1 0 0 6 3 0 13 0 0 0 0 0 0 0 0 0 0 0 0 0 0 0 0 1 1.0 
---
5 14 14.246244171991021 8.0 36
2 8 4 4 2 1 0 7 1 0 0 1 0 0 4 7 5 13 5 0 2 8 2 1 0 0 2 1 0 0 1 0 0 2 4 0 2 0.8519600804390317 
1 2 0 7 1 4 2 4 1 0 4 4 1 4 0 4 1 0 0 0 1 4 2 0 1 2 0 1 1 0 0 7 1 4 0 12 0 0.9563738205918164 
0 1 1 3 0 4 0 0 4 0 0 7 4 0 0 11 0 12 1 11 12 0 1 1 4 1 1 0 2 4 1 0 0 2 0 0 5 0.9390060865031773 
0 0 0 2 4 1 0 0 4 7 0 2 0 7 0 0 0 11 0 0 0 0 0 0 0 0 0 4 4 0 0 0 0 1 4 2 4 0.7404725978578628 
0 1 1 4 0 4 0 0 4 0 0 0 12 0 0 11 0 12 1 11 1 0 0 1 4 1 1 0 2 4 1 0 0 2 4 0 5 0.845681652689038 
0 0 0 0 0 0 0 0 0 0 0 2 0 1 0 0 6 3 0 13 0 0 0 0 0 0 0 0 0 0 0 0 0 0 0 0 1 1.0 
12 0 7 0 0 0 2 0 0 0 4 11 0 8 0 7 4 1 12 0 12 1 4 0 12 0 12 1 0 0 4 7 0 8 1 0 3 0.1972529701266681 
4 0 0 0 0 0 12 4 0 0 0 0 2 0 0 0 0 0 0 0 0 0 0 0 11 0 0 0 0 0 0 0 0 6 0 5 1 0.7994134041563441 
---
5 15 76.18718701433258 1.0 36
0 2 0 0 1 0 0 2 0 0 0 1 0 0 0 0 0 0 0 0 0 0 2 2 1 4 0 0 0 0 0 12 1 0 0 0 0 0.6943198294708861 
---
5 16 17.233638404420653 5.0 36
0 1 1 4 0 4 0 0 4 0 0 0 12 0 0 11 0 12 1 11 1 0 0 1 4 1 1 0 2 4 1 0 0 2 4 0 5 0.845681652689038 
2 13 4 4 2 4 0 7 1 0 0 1 0 0 4 7 5 13 4 1 2 8 2 1 0 0 2 1 0 0 1 0 0 2 4 0 2 0.3039123203689187 
1 2 0 7 1 4 2 4 1 0 4 4 1 4 0 4 1 0 0 0 1 4 2 0 1 2 0 1 1 0 0 7 1 4 0 12 0 0.9563738205918164 
0 0 0 2 4 1 0 0 4 7 0 2 0 7 0 0 0 11 0 0 0 0 0 0 0 0 0 4 4 0 0 0 0 1 4 2 4 0.7404725978578628 
0 0 0 0 0 0 0 0 0 0 0 2 0 1 0 0 6 3 0 13 0 0 0 0 0 0 0 0 0 0 0 0 0 0 0 0 1 1.0 
---
5 17 76.18718701433258 1.0 36
0 2 0 0 1 0 0 0 0 0 0 1 0 0 0 0 0 0 0 0 0 0 2 2 1 4 0 0 0 0 0 12 1 0 0 0 0 0.43904876825346406 
---
5 18 33.48299084786738 3.0 36
1 2 0 7 1 4 2 4 1 0 4 4 1 4 0 4 1 0 0 0 1 4 2 0 1 2 0 1 1 0 0 7 1 4 0 12 0 0.9563738205918164 
2 8 4 4 2 4 0 7 1 0 0 1 0 0 4 7 5 13 4 1 2 8 2 1 0 0 2 1 0 0 1 0 0 2 4 0 2 0.05476520919847572 
0 1 1 4 0 4 0 0 4 0 0 7 4 0 0 11 0 12 1 11 12 2 0 1 4 1 1 0 2 4 1 0 0 2 0 0 5 0.850162439918124 
---
5 19 17.233638404420653 5.0 36
0 1 1 4 0 4 0 0 4 0 0 0 12 0 0 11 0 12 1 11 1 0 0 1 4 1 1 0 2 4 1 0 0 2 4 0 5 0.845681652689038 
2 13 4 4 2 4 0 7 1 0 0 1 0 0 4 7 5 13 4 1 2 8 2 1 0 0 2 1 0 0 1 0 0 2 4 0 2 0.3039123203689187 
1 2 0 7 1 4 2 4 1 0 4 4 1 4 0 4 1 0 0 0 1 4 2 0 1 2 0 1 1 0 0 7 1 4 0 12 0 0.9563738205918164 
0 0 0 2 4 1 0 0 4 7 0 2 0 7 0 0 0 11 0 0 0 0 0 0 0 0 0 4 4 0 0 0 0 1 4 2 4 0.7404725978578628 
0 0 0 0 0 0 0 0 0 0 0 2 0 1 0 0 6 3 0 13 0 0 0 0 0 0 0 0 0 0 0 0 0 0 0 0 1 1.0 
---
5 20 24.08910378173027 4.0 36
2 8 4 4 2 4 0 7 1 0 0 1 0 0 4 7 5 13 4 1 2 8 2 1 0 0 2 1 0 0 1 0 0 2 4 0 2 0.05476520919847572 
1 2 0 7 1 4 2 4 1 0 4 4 1 4 0 4 1 0 0 0 1 4 2 0 1 2 0 1 1 0 0 7 1 4 0 12 0 0.9563738205918164 
0 1 1 4 0 4 0 0 4 0 0 0 12 0 0 11 0 12 1 11 1 0 0 1 4 1 1 0 2 4 1 0 0 2 4 0 5 0.845681652689038 
0 0 0 0 0 0 0 0 0 0 0 2 0 1 0 0 6 3 0 13 0 0 0 0 0 0 0 0 0 0 0 0 0 0 0 0 1 1.0 
---
5 21 24.08910378173027 4.0 36
2 8 4 4 2 4 0 7 1 0 0 1 0 0 4 7 5 13 4 1 2 8 2 1 0 0 2 1 0 0 1 0 0 2 4 0 2 0.05476520919847572 
1 2 0 7 1 4 2 4 1 0 4 4 1 4 0 4 1 0 0 0 1 4 2 0 1 2 0 1 1 0 0 7 1 4 0 12 0 0.9563738205918164 
0 1 1 4 0 4 0 0 4 0 0 0 12 0 0 11 0 12 1 11 1 0 0 1 4 1 1 0 2 4 1 0 0 2 4 0 5 0.845681652689038 
0 0 0 0 0 0 0 0 0 0 0 2 0 1 0 0 6 3 0 13 0 0 0 0 0 0 0 0 0 0 0 0 0 0 0 0 1 1.0 
---
5 22 17.233638404420653 5.0 36
0 1 1 4 0 4 0 0 4 0 0 0 12 0 0 11 0 12 1 11 1 0 0 1 4 1 1 0 2 4 1 0 0 2 4 0 5 0.845681652689038 
2 13 4 4 2 4 0 7 1 0 0 1 0 0 4 7 5 13 4 1 2 8 2 1 0 0 2 1 0 0 1 0 0 2 4 0 2 0.3039123203689187 
1 2 0 7 1 4 2 4 1 0 4 4 1 4 0 4 1 0 0 0 1 4 2 0 1 2 0 1 1 0 0 7 1 4 0 12 0 0.9563738205918164 
0 0 0 2 4 1 0 0 4 7 0 2 0 7 0 0 0 11 0 0 0 0 0 0 0 0 0 4 4 0 0 0 0 1 4 2 4 0.7404725978578628 
0 0 0 0 0 0 0 0 0 0 0 2 0 1 0 0 6 3 0 13 0 0 0 0 0 0 0 0 0 0 0 0 0 0 0 0 1 1.0 
---
5 23 76.18718701433258 1.0 36
0 2 0 0 1 0 0 0 0 0 0 1 0 0 0 0 0 0 0 0 0 0 2 2 1 4 0 0 0 0 0 12 1 0 0 0 0 0.43904876825346406 
---
5 24 17.233638404420653 5.0 36
0 1 1 4 0 4 0 0 4 0 0 0 12 0 0 11 0 12 1 11 1 0 0 1 4 1 1 0 2 4 1 0 0 2 4 0 5 0.845681652689038 
2 13 4 4 2 4 0 7 1 0 0 1 0 0 4 7 5 13 4 1 2 8 2 1 0 0 2 1 0 0 1 0 0 2 4 0 2 0.3039123203689187 
1 2 0 7 1 4 2 4 1 0 4 4 1 4 0 4 1 0 0 0 1 4 2 0 1 2 0 1 1 0 0 7 1 4 0 12 0 0.9563738205918164 
0 0 0 2 4 1 0 0 4 7 0 2 0 7 0 0 0 11 0 0 0 0 0 0 0 0 0 4 4 0 0 0 0 1 4 2 4 0.7404725978578628 
0 0 0 0 0 0 0 0 0 0 0 2 0 1 0 0 6 3 0 13 0 0 0 0 0 0 0 0 0 0 0 0 0 0 0 0 1 1.0 
---
5 25 17.233638404420653 5.0 36
0 1 1 4 0 4 0 0 4 0 0 0 12 0 0 11 0 12 1 11 1 0 0 1 4 1 1 0 2 4 1 0 0 2 4 0 5 0.845681652689038 
2 13 4 4 2 4 0 7 1 0 0 1 0 0 4 7 5 13 4 1 2 8 2 1 0 0 2 1 0 0 1 0 0 2 4 0 2 0.3039123203689187 
1 2 0 7 1 4 2 4 1 0 4 4 1 4 0 4 1 0 0 0 1 4 2 0 1 2 0 1 1 0 0 7 1 4 0 12 0 0.9563738205918164 
0 0 0 2 4 1 0 0 4 7 0 2 0 7 0 0 0 11 0 0 0 0 0 0 0 0 0 4 4 0 0 0 0 1 4 2 4 0.7404725978578628 
0 0 0 0 0 0 0 0 0 0 0 2 0 1 0 0 6 3 0 13 0 0 0 0 0 0 0 0 0 0 0 0 0 0 0 0 1 1.0 
---
5 26 76.18718701433258 1.0 36
0 2 0 0 1 0 0 0 0 0 0 1 0 0 0 0 0 0 0 0 0 0 2 2 1 4 0 0 0 0 0 12 1 0 0 0 0 0.43904876825346406 
---
6 0 76.18718701433258 1.0 36
0 2 0 0 1 0 0 0 0 0 0 0 0 0 0 0 0 0 0 0 0 0 2 2 1 0 0 0 0 0 0 0 1 0 0 0 0 0.20528541783212795 
---
6 1 14.401657744776378 8.0 36
0 2 0 0 1 0 2 12 1 4 0 4 0 1 0 0 1 4 4 1 1 4 2 4 1 4 1 4 1 0 0 1 1 4 0 2 0 0.9203175500331782 
0 0 0 0 0 0 0 0 0 0 0 2 0 1 0 0 6 3 0 13 0 0 0 0 0 0 0 0 0 0 0 0 0 0 0 0 1 1.0 
0 0 0 2 4 1 0 0 4 7 0 2 0 7 0 0 0 11 0 0 0 0 0 0 0 0 0 4 4 0 0 0 0 1 4 2 4 0.4376781533591696 
2 8 4 4 2 1 0 7 1 0 0 1 0 0 4 7 5 13 5 1 2 8 2 1 0 0 2 1 0 0 1 0 0 2 4 0 2 0.5602341700367466 
0 1 1 4 0 4 0 0 2 0 0 0 4 0 0 1 0 12 1 11 1 1 0 1 4 1 1 1 2 4 1 0 0 2 0 0 5 0.6991141903011342 
12 0 7 0 0 0 2 0 0 0 4 11 0 8 0 7 4 1 12 0 12 1 4 0 12 0 12 1 0 0 4 7 0 8 1 0 3 0.1972529701266681 
0 1 1 2 0 4 0 0 4 0 0 7 4 0 0 11 0 12 1 11 12 0 1 1 4 1 1 0 2 4 1 0 0 2 0 0 5 0.6680073111757213 
1 2 0 7 1 4 1 7 1 2 0 4 1 4 0 4 1 0 0 0 1 0 2 0 1 4 0 1 1 0 0 4 1 4 0 12 0 0.8289758119916417 
---
6 2 34.415472284579515 3.0 36
0 1 1 4 0 4 0 0 4 0 0 7 4 0 0 11 0 12 2 11 12 0 0 1 4 12 1 0 2 4 0 0 0 2 0 0 5 0.6018108526435181 
0 0 0 0 1 0 1 4 1 4 2 4 1 4 0 0 1 0 0 4 1 0 2 4 7 0 1 4 1 0 0 7 1 2 0 2 0 0.6156769723274591 
2 8 4 4 2 1 0 7 1 0 0 1 0 0 4 7 5 13 4 1 2 8 2 1 0 0 2 1 0 0 1 0 0 2 4 0 2 0.13189849923485975 
---
6 3 24.037299257468487 4.0 36
2 8 4 4 2 1 0 7 1 0 0 1 0 0 4 7 5 13 4 1 2 8 2 1 0 0 2 1 0 0 1 0 0 2 4 0 2 0.4174962387798429 
0 1 1 4 0 4 0 0 4 0 0 7 4 0 0 11 0 12 1 11 12 0 0 1 4 1 1 0 2 4 0 0 0 2 0 0 5 0.7840135768540808 
0 0 0 0 1 0 1 4 1 4 2 4 1 4 0 0 1 0 0 4 1 0 2 4 7 0 1 4 1 0 0 7 1 2 0 2 0 0.6156769723274591 
0 0 0 0 0 0 0 0 0 0 0 2 0 1 0 0 6 3 0 13 0 0 0 0 0 0 0 0 0 0 0 0 0 0 0 0 1 1.0 
---
6 4 24.037299257468487 4.0 36
2 8 4 4 2 1 0 7 1 0 0 1 0 0 4 7 5 13 4 1 2 8 2 1 0 0 2 1 0 0 1 0 0 2 4 0 2 0.4174962387798429 
0 1 1 4 0 4 0 0 4 0 0 7 4 0 0 11 0 12 1 11 12 0 0 1 4 1 1 0 2 4 0 0 0 2 0 0 5 0.7840135768540808 
0 0 0 0 1 0 1 4 1 4 2 4 1 4 0 0 1 0 0 4 1 0 2 4 7 0 1 4 1 0 0 7 1 2 0 2 0 0.6156769723274591 
0 0 0 0 0 0 0 0 0 0 0 2 0 1 0 0 6 3 0 13 0 0 0 0 0 0 0 0 0 0 0 0 0 0 0 0 1 1.0 
---
6 5 14.936971162148161 6.0 36
2 8 4 4 2 1 0 7 1 0 0 1 0 0 4 7 5 13 5 1 13 4 2 1 0 0 2 1 0 0 1 0 0 2 4 0 2 0.5220465885810256 
1 2 0 7 1 4 1 7 1 2 0 4 1 4 0 4 1 0 0 0 1 0 2 0 1 4 0 1 1 0 0 4 1 4 0 12 0 0.8289758119916417 
0 1 1 2 0 4 0 0 4 0 0 7 4 0 0 11 0 12 1 11 12 0 1 1 4 1 1 0 2 4 1 0 0 2 0 0 5 0.6680073111757213 
0 0 0 2 4 1 0 0 4 7 0 2 0 7 0 0 0 11 0 0 0 0 0 0 0 0 0 4 4 0 0 0 0 1 4 2 4 0.4376781533591696 
0 0 0 0 0 0 0 0 0 0 0 2 0 1 0 0 6 3 0 13 0 0 0 0 0 0 0 0 0 0 0 0 0 0 0 0 1 1.0 
12 0 7 0 0 0 2 0 0 0 4 11 0 8 0 7 4 1 12 0 12 1 4 0 12 0 12 1 0 0 4 7 0 8 1 0 3 0.1972529701266681 
---
6 6 14.591607667069592 7.0 36
2 8 4 4 2 1 0 7 1 0 0 1 0 0 4 7 5 13 5 1 13 8 2 1 0 0 2 1 0 0 1 0 0 2 4 0 2 0.5384281936679916 
1 2 0 7 1 4 1 7 1 2 0 4 1 4 0 4 1 0 0 0 1 0 2 0 1 4 0 1 1 0 0 4 1 4 0 12 0 0.8289758119916417 
0 1 1 2 0 4 0 0 4 0 0 7 4 0 0 11 0 12 1 11 12 0 1 1 4 1 1 0 2 4 1 0 0 2 0 0 5 0.6680073111757213 
0 0 0 2 4 1 0 0 4 7 0 2 0 7 0 0 0 11 0 0 0 0 0 0 0 0 0 4 4 0 0 0 0 1 4 2 4 0.4376781533591696 
0 0 0 0 0 0 0 0 0 0 0 2 0 1 0 0 6 3 0 13 0 0 0 0 0 0 0 0 0 0 0 0 0 0 0 0 1 1.0 
12 0 7 0 0 0 2 0 0 0 4 11 0 8 0 7 4 1 12 0 12 1 4 0 12 0 12 1 0 0 4 7 0 8 1 0 3 0.1972529701266681 
0 1 1 4 0 4 0 0 2 0 0 0 4 0 0 1 0 12 1 11 1 1 0 1 4 1 1 1 2 4 1 0 0 2 0 0 5 0.6991141903011342 
---
6 7 14.936971162148161 6.0 36
2 8 4 4 2 1 0 7 1 0 0 1 0 0 4 7 5 13 5 1 13 4 2 1 0 0 2 1 0 0 1 0 0 2 4 0 2 0.5220465885810256 
1 2 0 7 1 4 1 7 1 2 0 4 1 4 0 4 1 0 0 0 1 0 2 0 1 4 0 1 1 0 0 4 1 4 0 12 0 0.8289758119916417 
0 1 1 2 0 4 0 0 4 0 0 7 4 0 0 11 0 12 1 11 12 0 1 1 4 1 1 0 2 4 1 0 0 2 0 0 5 0.6680073111757213 
0 0 0 2 4 1 0 0 4 7 0 2 0 7 0 0 0 11 0 0 0 0 0 0 0 0 0 4 4 0 0 0 0 1 4 2 4 0.4376781533591696 
0 0 0 0 0 0 0 0 0 0 0 2 0 1 0 0 6 3 0 13 0 0 0 0 0 0 0 0 0 0 0 0 0 0 0 0 1 1.0 
12 0 7 0 0 0 2 0 0 0 4 11 0 8 0 7 4 1 12 0 12 1 4 0 12 0 12 1 0 0 4 7 0 8 1 0 3 0.1972529701266681 
---
6 8 14.591607667069592 7.0 36
2 8 4 4 2 1 0 7 1 0 0 1 0 0 4 7 5 13 5 1 13 8 2 1 0 0 2 1 0 0 1 0 0 2 4 0 2 0.5384281936679916 
1 2 0 7 1 4 1 7 1 2 0 4 1 4 0 4 1 0 0 0 1 0 2 0 1 4 0 1 1 0 0 4 1 4 0 12 0 0.8289758119916417 
0 1 1 2 0 4 0 0 4 0 0 7 4 0 0 11 0 12 1 11 12 0 1 1 4 1 1 0 2 4 1 0 0 2 0 0 5 0.6680073111757213 
0 0 0 2 4 1 0 0 4 7 0 2 0 7 0 0 0 11 0 0 0 0 0 0 0 0 0 4 4 0 0 0 0 1 4 2 4 0.4376781533591696 
0 0 0 0 0 0 0 0 0 0 0 2 0 1 0 0 6 3 0 13 0 0 0 0 0 0 0 0 0 0 0 0 0 0 0 0 1 1.0 
12 0 7 0 0 0 2 0 0 0 4 11 0 8 0 7 4 1 12 0 12 1 4 0 12 0 12 1 0 0 4 7 0 8 1 0 3 0.1972529701266681 
0 1 1 4 0 4 0 0 2 0 0 0 4 0 0 1 0 12 1 11 1 1 0 1 4 1 1 1 2 4 1 0 0 2 0 0 5 0.6991141903011342 
---
6 9 76.18718701433258 1.0 36
0 2 0 0 2 0 0 0 0 0 0 0 0 0 0 0 0 0 0 0 0 0 2 2 1 0 0 0 0 0 0 0 1 0 0 0 0 0.1869559013215275 
---
6 10 14.401657744776378 8.0 36
0 2 0 0 1 0 2 12 1 4 0 4 0 1 0 0 1 4 4 1 1 4 2 4 1 4 1 4 1 0 0 1 1 4 0 2 0 0.9203175500331782 
0 0 0 0 0 0 0 0 0 0 0 2 0 1 0 0 6 3 0 13 0 0 0 0 0 0 0 0 0 0 0 0 0 0 0 0 1 1.0 
0 0 0 2 4 1 0 0 4 7 0 2 0 7 0 0 0 11 0 0 0 0 0 0 0 0 0 4 4 0 0 0 0 1 4 2 4 0.4376781533591696 
2 8 4 4 2 1 0 7 1 0 0 1 0 0 4 7 5 13 5 1 2 8 2 1 0 0 2 1 0 0 1 0 0 2 4 0 2 0.5602341700367466 
0 1 1 4 0 4 0 0 2 0 0 0 4 0 0 1 0 12 1 11 1 1 0 1 4 1 1 1 2 4 1 0 0 2 0 0 5 0.6991141903011342 
12 0 7 0 0 0 2 0 0 0 4 11 0 8 0 7 4 1 12 0 12 1 4 0 12 0 12 1 0 0 4 7 0 8 1 0 3 0.1972529701266681 
0 1 1 2 0 4 0 0 4 0 0 7 4 0 0 11 0 12 1 11 12 0 1 1 4 1 1 0 2 4 1 0 0 2 0 0 5 0.6680073111757213 
1 2 0 7 1 4 1 7 1 2 0 4 1 4 0 4 1 0 0 0 1 0 2 0 1 4 0 1 1 0 0 4 1 4 0 12 0 0.8289758119916417 
---
6 11 24.037299257468487 4.0 36
2 8 4 4 2 1 0 7 1 0 0 1 0 0 4 7 5 13 4 1 2 8 2 1 0 0 2 1 0 0 1 0 0 2 4 0 2 0.4174962387798429 
0 1 1 4 0 4 0 0 4 0 0 7 4 0 0 11 0 12 1 11 12 0 0 1 4 1 1 0 2 4 0 0 0 2 0 0 5 0.7840135768540808 
0 0 0 0 1 0 1 4 1 4 2 4 1 4 0 0 1 0 0 4 1 0 2 4 7 0 1 4 1 0 0 7 1 2 0 2 0 0.6156769723274591 
0 0 0 0 0 0 0 0 0 0 0 2 0 1 0 0 6 3 0 13 0 0 0 0 0 0 0 0 0 0 0 0 0 0 0 0 1 1.0 
---
6 12 17.13002935589708 5.0 36
2 8 4 4 2 1 0 7 1 0 0 1 0 0 4 7 5 13 5 1 2 8 2 1 0 0 2 1 0 0 1 0 0 2 4 0 2 0.5602341700367466 
1 2 0 7 1 4 1 7 1 2 0 4 1 4 0 4 1 0 0 0 1 0 2 0 1 4 0 1 1 0 0 4 1 4 0 12 0 0.8289758119916417 
0 1 1 2 0 4 0 0 4 0 0 7 4 0 0 11 0 12 1 11 12 0 1 1 4 1 1 0 2 4 1 0 0 2 0 0 5 0.6680073111757213 
0 0 0 2 4 1 0 0 4 7 0 2 0 7 0 0 0 11 0 0 0 0 0 0 0 0 0 4 4 0 0 0 0 1 4 2 4 0.4376781533591696 
0 0 0 0 0 0 0 0 0 0 0 2 0 1 0 0 6 3 0 13 0 0 0 0 0 0 0 0 0 0 0 0 0 0 0 0 1 1.0 
---
6 13 14.936971162148161 6.0 36
2 8 4 4 2 1 0 7 1 0 0 1 0 0 4 7 5 13 5 1 13 4 2 1 0 0 2 1 0 0 1 0 0 2 4 0 2 0.5220465885810256 
1 2 0 7 1 4 1 7 1 2 0 4 1 4 0 4 1 0 0 0 1 0 2 0 1 4 0 1 1 0 0 4 1 4 0 12 0 0.8289758119916417 
0 1 1 2 0 4 0 0 4 0 0 7 4 0 0 11 0 12 1 11 12 0 1 1 4 1 1 0 2 4 1 0 0 2 0 0 5 0.6680073111757213 
0 0 0 2 4 1 0 0 4 7 0 2 0 7 0 0 0 11 0 0 0 0 0 0 0 0 0 4 4 0 0 0 0 1 4 2 4 0.4376781533591696 
0 0 0 0 0 0 0 0 0 0 0 2 0 1 0 0 6 3 0 13 0 0 0 0 0 0 0 0 0 0 0 0 0 0 0 0 1 1.0 
12 0 7 0 0 0 2 0 0 0 4 11 0 8 0 7 4 1 12 0 12 1 4 0 12 0 12 1 0 0 4 7 0 8 1 0 3 0.1972529701266681 
---
6 14 14.401657744776378 8.0 36
0 2 0 0 1 0 2 12 1 4 0 4 0 1 0 0 1 4 4 1 1 4 2 4 1 4 1 4 1 0 0 1 1 4 0 2 0 0.9203175500331782 
0 0 0 0 0 0 0 0 0 0 0 2 0 1 0 0 6 3 0 13 0 0 0 0 0 0 0 0 0 0 0 0 0 0 0 0 1 1.0 
0 0 0 2 4 1 0 0 4 7 0 2 0 7 0 0 0 11 0 0 0 0 0 0 0 0 0 4 4 0 0 0 0 1 4 2 4 0.4376781533591696 
2 8 4 4 2 1 0 7 1 0 0 1 0 0 4 7 5 13 5 1 2 8 2 1 0 0 2 1 0 0 1 0 0 2 4 0 2 0.5602341700367466 
0 1 1 4 0 4 0 0 2 0 0 0 4 0 0 1 0 12 1 11 1 1 0 1 4 1 1 1 2 4 1 0 0 2 0 0 5 0.6991141903011342 
12 0 7 0 0 0 2 0 0 0 4 11 0 8 0 7 4 1 12 0 12 1 4 0 12 0 12 1 0 0 4 7 0 8 1 0 3 0.1972529701266681 
0 1 1 2 0 4 0 0 4 0 0 7 4 0 0 11 0 12 1 11 12 0 1 1 4 1 1 0 2 4 1 0 0 2 0 0 5 0.6680073111757213 
1 2 0 7 1 4 1 7 1 2 0 4 1 4 0 4 1 0 0 0 1 0 2 0 1 4 0 1 1 0 0 4 1 4 0 12 0 0.8289758119916417 
---
6 15 52.96149197029874 2.0 36
0 2 0 0 1 0 2 12 1 4 0 4 0 1 0 0 1 4 4 7 1 1 2 4 1 4 1 4 1 0 0 1 1 4 0 2 0 0.8762885758786098 
0 1 1 4 0 4 0 0 2 0 0 0 4 0 0 1 0 12 1 11 1 1 0 1 4 1 1 1 2 4 1 0 0 2 0 0 5 0.6896859887847837 
---
6 16 24.037299257468487 4.0 36
2 8 4 4 2 1 0 7 1 0 0 1 0 0 4 7 5 13 4 1 2 8 2 1 0 0 2 1 0 0 1 0 0 2 4 0 2 0.4174962387798429 
0 1 1 4 0 4 0 0 4 0 0 7 4 0 0 11 0 12 1 11 12 0 0 1 4 1 1 0 2 4 0 0 0 2 0 0 5 0.7840135768540808 
0 0 0 0 1 0 1 4 1 4 2 4 1 4 0 0 1 0 0 4 1 0 2 4 7 0 1 4 1 0 0 7 1 2 0 2 0 0.6156769723274591 
0 0 0 0 0 0 0 0 0 0 0 2 0 1 0 0 6 3 0 13 0 0 0 0 0 0 0 0 0 0 0 0 0 0 0 0 1 1.0 
---
6 17 17.13002935589708 5.0 36
2 8 4 4 2 1 0 7 1 0 0 1 0 0 4 7 5 13 5 1 2 8 2 1 0 0 2 1 0 0 1 0 0 2 4 0 2 0.5602341700367466 
1 2 0 7 1 4 1 7 1 2 0 4 1 4 0 4 1 0 0 0 1 0 2 0 1 4 0 1 1 0 0 4 1 4 0 12 0 0.8289758119916417 
0 1 1 2 0 4 0 0 4 0 0 7 4 0 0 11 0 12 1 11 12 0 1 1 4 1 1 0 2 4 1 0 0 2 0 0 5 0.6680073111757213 
0 0 0 2 4 1 0 0 4 7 0 2 0 7 0 0 0 11 0 0 0 0 0 0 0 0 0 4 4 0 0 0 0 1 4 2 4 0.4376781533591696 
0 0 0 0 0 0 0 0 0 0 0 2 0 1 0 0 6 3 0 13 0 0 0 0 0 0 0 0 0 0 0 0 0 0 0 0 1 1.0 
---
6 18 14.936971162148161 6.0 36
2 8 4 4 2 1 0 7 1 0 0 1 0 0 4 7 5 13 5 1 13 4 2 1 0 0 2 1 0 0 1 0 0 2 4 0 2 0.5220465885810256 
1 2 0 7 1 4 1 7 1 2 0 4 1 4 0 4 1 0 0 0 1 0 2 0 1 4 0 1 1 0 0 4 1 4 0 12 0 0.8289758119916417 
0 1 1 2 0 4 0 0 4 0 0 7 4 0 0 11 0 12 1 11 12 0 1 1 4 1 1 0 2 4 1 0 0 2 0 0 5 0.6680073111757213 
0 0 0 2 4 1 0 0 4 7 0 2 0 7 0 0 0 11 0 0 0 0 0 0 0 0 0 4 4 0 0 0 0 1 4 2 4 0.4376781533591696 
0 0 0 0 0 0 0 0 0 0 0 2 0 1 0 0 6 3 0 13 0 0 0 0 0 0 0 0 0 0 0 0 0 0 0 0 1 1.0 
12 0 7 0 0 0 2 0 0 0 4 11 0 8 0 7 4 1 12 0 12 1 4 0 12 0 12 1 0 0 4 7 0 8 1 0 3 0.1972529701266681 
---
6 19 76.18718701433258 1.0 36
0 2 0 0 1 0 0 0 0 0 0 0 0 0 0 0 0 0 0 0 0 0 2 2 1 0 0 0 0 0 0 0 1 0 0 0 0 0.20528541783212795 
---
6 20 14.401657744776378 8.0 36
0 2 0 0 1 0 2 12 1 4 0 4 0 1 0 0 1 4 4 1 1 4 2 4 1 4 1 4 1 0 0 1 1 4 0 2 0 0.9203175500331782 
0 0 0 0 0 0 0 0 0 0 0 2 0 1 0 0 6 3 0 13 0 0 0 0 0 0 0 0 0 0 0 0 0 0 0 0 1 1.0 
0 0 0 2 4 1 0 0 4 7 0 2 0 7 0 0 0 11 0 0 0 0 0 0 0 0 0 4 4 0 0 0 0 1 4 2 4 0.4376781533591696 
2 8 4 4 2 1 0 7 1 0 0 1 0 0 4 7 5 13 5 1 2 8 2 1 0 0 2 1 0 0 1 0 0 2 4 0 2 0.5602341700367466 
0 1 1 4 0 4 0 0 2 0 0 0 4 0 0 1 0 12 1 11 1 1 0 1 4 1 1 1 2 4 1 0 0 2 0 0 5 0.6991141903011342 
12 0 7 0 0 0 2 0 0 0 4 11 0 8 0 7 4 1 12 0 12 1 4 0 12 0 12 1 0 0 4 7 0 8 1 0 3 0.1972529701266681 
0 1 1 2 0 4 0 0 4 0 0 7 4 0 0 11 0 12 1 11 12 0 1 1 4 1 1 0 2 4 1 0 0 2 0 0 5 0.6680073111757213 
1 2 0 7 1 4 1 7 1 2 0 4 1 4 0 4 1 0 0 0 1 0 2 0 1 4 0 1 1 0 0 4 1 4 0 12 0 0.8289758119916417 
---
6 21 24.037299257468487 4.0 36
2 8 4 4 2 1 0 7 1 0 0 1 0 0 4 7 5 13 4 1 2 8 2 1 0 0 2 1 0 0 1 0 0 2 4 0 2 0.4174962387798429 
0 1 1 4 0 4 0 0 4 0 0 7 4 0 0 11 0 12 1 11 12 0 0 1 4 1 1 0 2 4 0 0 0 2 0 0 5 0.7840135768540808 
0 0 0 0 1 0 1 4 1 4 2 4 1 4 0 0 1 0 0 4 1 0 2 4 7 0 1 4 1 0 0 7 1 2 0 2 0 0.6156769723274591 
0 0 0 0 0 0 0 0 0 0 0 2 0 1 0 0 6 3 0 13 0 0 0 0 0 0 0 0 0 0 0 0 0 0 0 0 1 1.0 
---
6 22 76.18718701433258 1.0 36
0 2 0 0 1 0 2 12 1 4 0 1 0 4 0 1 1 4 4 7 4 4 2 4 1 4 1 4 1 0 0 1 1 4 0 2 0 0.8133780497122771 
---
6 23 14.401657744776378 8.0 36
0 2 0 0 1 0 2 12 1 4 0 4 0 1 0 0 1 4 4 1 1 4 2 4 1 4 1 4 1 0 0 1 1 4 0 2 0 0.9203175500331782 
0 0 0 0 0 0 0 0 0 0 0 2 0 1 0 0 6 3 0 13 0 0 0 0 0 0 0 0 0 0 0 0 0 0 0 0 1 1.0 
0 0 0 2 4 1 0 0 4 7 0 2 0 7 0 0 0 11 0 0 0 0 0 0 0 0 0 4 4 0 0 0 0 1 4 2 4 0.4376781533591696 
2 8 4 4 2 1 0 7 1 0 0 1 0 0 4 7 5 13 5 1 2 8 2 1 0 0 2 1 0 0 1 0 0 2 4 0 2 0.5602341700367466 
0 1 1 4 0 4 0 0 2 0 0 0 4 0 0 1 0 12 1 11 1 1 0 1 4 1 1 1 2 4 1 0 0 2 0 0 5 0.6991141903011342 
12 0 7 0 0 0 2 0 0 0 4 11 0 8 0 7 4 1 12 0 12 1 4 0 12 0 12 1 0 0 4 7 0 8 1 0 3 0.1972529701266681 
0 1 1 2 0 4 0 0 4 0 0 7 4 0 0 11 0 12 1 11 12 0 1 1 4 1 1 0 2 4 1 0 0 2 0 0 5 0.6680073111757213 
1 2 0 7 1 4 1 7 1 2 0 4 1 4 0 4 1 0 0 0 1 0 2 0 1 4 0 1 1 0 0 4 1 4 0 12 0 0.8289758119916417 
---
6 24 24.037299257468487 4.0 36
2 8 4 4 2 1 0 7 1 0 0 1 0 0 4 7 5 13 4 1 2 8 2 1 0 0 2 1 0 0 1 0 0 2 4 0 2 0.4174962387798429 
0 1 1 4 0 4 0 0 4 0 0 7 4 0 0 11 0 12 1 11 12 0 0 1 4 1 1 0 2 4 0 0 0 2 0 0 5 0.7840135768540808 
0 0 0 0 1 0 1 4 1 4 2 4 1 4 0 0 1 0 0 4 1 0 2 4 7 0 1 4 1 0 0 7 1 2 0 2 0 0.6156769723274591 
0 0 0 0 0 0 0 0 0 0 0 2 0 1 0 0 6 3 0 13 0 0 0 0 0 0 0 0 0 0 0 0 0 0 0 0 1 1.0 
---
6 25 76.18718701433258 1.0 36
0 2 0 0 2 0 0 0 0 0 0 0 0 0 0 0 0 0 0 0 0 0 2 2 1 0 0 0 0 0 0 0 1 0 0 0 0 0.1869559013215275 
---
6 26 14.401657744776378 8.0 36
0 2 0 0 1 0 2 12 1 4 0 4 0 1 0 0 1 4 4 1 1 4 2 4 1 4 1 4 1 0 0 1 1 4 0 2 0 0.9203175500331782 
0 0 0 0 0 0 0 0 0 0 0 2 0 1 0 0 6 3 0 13 0 0 0 0 0 0 0 0 0 0 0 0 0 0 0 0 1 1.0 
0 0 0 2 4 1 0 0 4 7 0 2 0 7 0 0 0 11 0 0 0 0 0 0 0 0 0 4 4 0 0 0 0 1 4 2 4 0.4376781533591696 
2 8 4 4 2 1 0 7 1 0 0 1 0 0 4 7 5 13 5 1 2 8 2 1 0 0 2 1 0 0 1 0 0 2 4 0 2 0.5602341700367466 
0 1 1 4 0 4 0 0 2 0 0 0 4 0 0 1 0 12 1 11 1 1 0 1 4 1 1 1 2 4 1 0 0 2 0 0 5 0.6991141903011342 
12 0 7 0 0 0 2 0 0 0 4 11 0 8 0 7 4 1 12 0 12 1 4 0 12 0 12 1 0 0 4 7 0 8 1 0 3 0.1972529701266681 
0 1 1 2 0 4 0 0 4 0 0 7 4 0 0 11 0 12 1 11 12 0 1 1 4 1 1 0 2 4 1 0 0 2 0 0 5 0.6680073111757213 
1 2 0 7 1 4 1 7 1 2 0 4 1 4 0 4 1 0 0 0 1 0 2 0 1 4 0 1 1 0 0 4 1 4 0 12 0 0.8289758119916417 
---
6 27 24.037299257468487 4.0 36
2 8 4 4 2 1 0 7 1 0 0 1 0 0 4 7 5 13 4 1 2 8 2 1 0 0 2 1 0 0 1 0 0 2 4 0 2 0.4174962387798429 
0 1 1 4 0 4 0 0 4 0 0 7 4 0 0 11 0 12 1 11 12 0 0 1 4 1 1 0 2 4 0 0 0 2 0 0 5 0.7840135768540808 
0 0 0 0 1 0 1 4 1 4 2 4 1 4 0 0 1 0 0 4 1 0 2 4 7 0 1 4 1 0 0 7 1 2 0 2 0 0.6156769723274591 
0 0 0 0 0 0 0 0 0 0 0 2 0 1 0 0 6 3 0 13 0 0 0 0 0 0 0 0 0 0 0 0 0 0 0 0 1 1.0 
