---
0 16.577447763771367 15.0 36 
8 8 0 4 0 0 0 0 0 1 0 0 13 0 0 0 0 0 4 0 0 5 0 0 0 0 0 0 0 0 0 0 0 0 0 0 2 0.525200031783872
0 4 0 1 0 0 0 4 0 0 0 0 0 4 0 0 0 0 0 0 3 0 0 0 0 0 0 0 0 4 0 12 0 0 0 0 0 0.6199601776585315
4 2 0 0 0 0 0 0 0 0 0 0 0 0 0 0 7 0 0 0 0 0 0 0 7 8 0 0 0 0 0 8 0 0 0 0 0 0.7957813116384416
0 0 4 0 0 0 0 0 1 0 0 0 0 0 0 0 0 0 8 0 0 10 0 0 0 0 0 0 0 0 0 0 0 0 0 0 1 0.9902414280073752
0 0 0 0 0 1 0 0 0 0 0 0 0 0 0 0 0 0 0 0 11 0 0 0 0 0 0 5 0 0 0 0 0 0 0 0 1 0.8882604071822933
0 0 0 0 7 0 0 0 0 0 0 0 1 0 0 0 0 7 0 0 0 11 0 0 0 0 0 0 11 0 0 4 0 0 0 0 4 0.33434587245813496
0 0 0 0 0 0 0 0 0 0 0 2 2 0 0 0 0 0 0 0 0 0 0 0 0 0 0 0 0 0 8 0 0 0 0 0 2 0.02568372553069387
7 0 0 0 7 0 0 0 0 0 0 0 1 0 0 0 0 7 0 0 0 11 0 0 0 0 0 0 11 0 0 4 0 0 0 0 4 0.4217653614242367
0 0 0 0 0 0 0 0 0 11 11 3 11 0 0 0 0 11 0 4 0 0 0 0 0 0 0 0 0 0 0 0 0 0 0 0 4 0.5585815195320536
0 0 4 0 0 0 0 0 6 0 0 0 0 0 0 0 0 0 8 0 0 0 0 0 0 0 0 0 0 0 0 0 0 0 0 0 1 0.15466715668287112
0 0 0 0 0 0 0 0 0 0 12 0 0 0 0 0 0 0 0 0 7 0 0 0 0 2 0 0 0 0 9 0 0 0 0 0 0 0.8755236709695258
4 0 0 0 4 0 0 0 4 4 0 0 0 0 0 0 0 0 0 11 0 0 0 0 0 6 0 0 4 0 0 0 0 0 0 7 4 0.401038225948968
4 0 0 0 4 0 0 0 4 4 0 0 0 0 0 0 0 0 0 11 0 0 0 0 0 12 0 0 4 0 0 0 0 0 0 5 3 0.5571533489496546
0 0 4 0 0 0 0 0 1 0 0 0 0 7 0 0 0 0 7 0 0 0 0 0 0 0 0 5 0 0 0 0 0 0 0 0 1 0.39441810651027565
4 0 0 0 4 0 0 0 4 4 0 0 0 0 0 0 0 0 0 11 0 0 0 0 0 12 0 0 4 0 0 0 0 0 0 7 5 0.4764126142569891
---
1 17.009152132619583 11.0 36 
11 0 0 0 0 0 0 0 0 1 0 0 0 3 0 0 0 0 1 0 0 0 0 0 0 0 0 0 0 0 0 11 0 0 0 0 4 0.410139485871873
0 0 0 1 0 11 0 0 0 0 0 0 7 3 0 0 0 0 0 0 0 0 0 0 7 0 0 0 0 0 0 0 0 0 0 0 4 0.4296691861101367
0 0 0 11 0 0 0 0 0 8 0 0 0 4 7 0 12 0 0 0 4 0 0 7 0 0 0 7 0 0 0 7 0 0 0 0 5 0.32011313326924906
0 0 0 0 0 0 0 0 0 4 0 0 0 0 1 0 0 0 0 0 4 0 0 3 0 7 0 0 0 0 0 11 0 0 1 11 5 0.5588382768589802
0 0 2 0 0 0 0 0 0 0 0 2 0 6 0 0 0 0 0 0 0 0 0 0 0 0 2 0 0 0 2 0 0 0 0 0 1 0.9854473207927641
0 0 0 0 0 4 0 0 0 0 0 0 0 8 0 0 0 0 0 0 0 0 3 0 0 0 0 4 0 13 0 0 0 0 0 6 2 0.6650880642496662
11 0 0 7 0 0 0 0 0 1 0 0 7 3 0 0 0 0 0 0 0 0 0 0 0 1 0 0 0 0 0 7 0 0 0 0 4 0.48833455837130857
11 0 0 0 0 0 0 7 0 0 4 0 0 0 0 0 0 0 0 0 0 8 0 0 0 0 0 12 11 0 7 0 0 0 0 0 0 0.8230576773169606
0 0 2 0 0 0 0 0 0 0 4 0 0 0 0 7 0 13 8 1 0 8 0 0 0 0 0 0 2 0 1 12 8 0 0 0 2 0.42719196348156996
0 0 0 12 4 0 0 2 0 0 0 0 0 0 0 0 0 0 2 0 1 0 1 0 7 0 0 0 0 0 0 2 0 0 0 0 0 0.45820836731299175
0 0 4 1 0 0 0 0 0 0 0 2 2 0 12 0 0 0 0 0 0 3 0 0 1 0 2 0 0 0 2 0 0 0 0 8 1 0.7819537813981521
---
2 14.764289414608875 22.0 36 
0 0 0 0 0 0 3 0 0 0 0 0 7 0 0 0 0 0 0 0 0 0 0 0 0 0 0 0 0 0 7 0 0 0 11 0 5 0.1405906292373218
0 0 0 0 0 4 1 0 0 0 0 0 0 0 1 0 4 0 0 0 0 7 0 0 4 0 0 0 7 7 0 11 4 0 1 0 5 0.5395670386575883
0 0 0 12 0 0 13 0 0 2 0 4 12 0 0 4 0 0 0 0 4 0 8 12 0 13 0 4 4 0 8 0 7 0 13 0 0 0.9835418113210126
0 0 0 4 0 4 0 0 0 0 4 7 0 0 0 0 3 0 12 0 0 0 0 7 0 0 0 0 11 0 0 0 0 0 0 0 0 0.7674003365206443
0 0 0 0 1 0 0 0 0 0 0 7 0 0 0 0 11 0 0 0 0 11 0 0 0 0 0 0 0 0 0 0 7 7 4 0 4 0.5418461492530686
0 0 0 11 0 0 0 0 0 0 12 11 0 0 4 0 0 13 12 0 0 8 0 0 0 0 12 0 0 0 0 0 0 0 0 0 3 0.18610195347267444
0 0 8 12 0 0 0 4 0 2 0 4 0 0 0 0 3 0 0 0 0 0 0 0 0 0 8 0 0 0 0 0 4 2 0 0 0 0.9322574675034044
0 0 0 0 0 0 0 0 13 0 0 4 4 0 0 0 13 0 8 0 8 4 0 4 4 0 0 8 0 0 0 12 0 0 8 0 2 0.7806960673643468
0 0 0 0 0 0 0 0 1 0 0 0 0 0 0 0 0 0 0 0 0 0 0 0 0 0 0 0 6 0 0 0 1 6 13 0 1 0.9927821557341869
8 0 4 0 0 13 0 0 0 0 0 0 0 2 5 0 0 0 0 0 0 0 0 0 0 0 12 0 0 0 0 0 0 0 0 2 2 0.443296866514753
0 0 0 0 0 0 0 0 0 0 0 0 10 6 0 0 0 0 0 0 0 0 0 0 0 0 13 0 0 0 0 0 0 0 0 0 1 0.9975078479140649
0 0 0 0 0 0 0 0 8 0 0 0 0 0 0 0 0 12 0 4 0 0 0 0 0 0 3 0 0 0 0 0 0 0 0 12 5 0.48405468029267473
0 0 0 12 0 4 0 0 0 0 0 7 0 0 0 0 3 0 2 0 0 0 0 0 0 0 0 0 11 0 0 0 0 0 0 0 0 0.7774405715467783
0 0 4 0 12 0 0 0 0 0 0 0 0 0 0 0 13 0 0 0 0 0 0 0 0 0 12 0 0 8 0 4 0 0 0 0 3 0.08722505714776507
0 0 3 0 0 6 0 0 0 3 0 0 0 0 0 0 0 0 0 0 0 0 0 0 0 0 0 0 0 0 0 0 0 0 0 0 4 0.8609360395726383
0 0 0 0 0 0 0 4 0 6 0 5 0 0 0 0 0 0 0 0 0 0 0 0 0 0 1 0 0 0 0 0 0 0 0 4 1 0.7863014189266951
0 0 0 0 0 0 0 0 0 0 0 0 0 0 0 0 0 12 0 0 0 0 3 0 0 0 0 0 0 0 0 0 5 0 0 0 5 0.28679083412248074
0 0 0 11 0 0 2 0 0 0 0 8 0 0 0 7 7 0 0 0 0 0 0 0 0 0 0 0 4 0 0 0 0 0 8 0 0 0.432361672354738
0 0 0 0 0 0 0 0 0 0 0 6 0 0 0 0 0 0 4 4 0 0 0 0 0 0 0 0 0 0 0 0 5 0 0 0 5 0.6297941893853021
0 0 0 0 0 0 0 0 0 0 0 7 0 0 0 0 0 0 7 0 0 0 0 0 0 0 0 0 11 0 0 10 0 7 10 0 4 0.797456197570785
0 0 0 0 0 0 0 4 0 0 0 0 0 0 0 0 0 0 0 0 0 0 0 0 0 0 0 0 0 0 10 0 4 0 10 0 4 0.6495585947908225
0 0 0 0 0 0 0 4 8 0 0 0 2 8 0 0 13 0 0 0 8 4 0 4 4 0 0 8 0 0 0 12 0 0 8 0 2 0.7055569715393952
---
3 16.232084268692798 16.0 36 
4 0 0 0 1 0 0 2 4 0 0 0 0 0 4 0 0 0 0 4 0 0 0 0 1 4 2 0 0 4 4 2 0 4 0 0 0 0.08995549938884706
0 0 0 0 0 0 1 0 0 11 0 7 0 0 0 0 0 0 1 7 0 0 0 0 0 0 0 0 0 0 0 0 0 0 0 0 4 0.17696961185490556
0 0 0 0 0 2 0 0 0 0 0 0 0 0 0 0 1 0 0 0 3 0 0 0 0 0 4 4 0 0 0 0 0 0 0 4 0 0.4216759504159484
0 0 0 0 0 0 0 0 0 6 5 0 0 0 0 0 0 0 0 0 0 0 0 0 0 0 0 0 0 0 0 0 0 3 0 0 1 0.9997532502348792
0 0 0 0 0 0 13 0 0 0 0 0 0 2 0 0 0 0 0 0 0 0 13 2 0 0 0 0 8 0 0 12 7 4 0 0 0 0.8358376381804034
0 0 4 0 0 0 0 0 0 0 0 0 0 0 0 0 0 0 0 0 0 0 0 0 0 0 8 0 3 6 0 0 0 0 0 0 1 0.9470018641773099
2 0 1 12 0 2 0 0 0 0 0 0 0 0 0 4 0 0 0 0 5 0 0 0 0 2 2 0 2 0 0 7 0 2 4 0 2 0.7430846270583396
0 0 0 0 0 11 0 0 0 1 0 0 0 0 0 0 0 0 7 12 0 2 0 4 0 0 0 13 2 0 0 0 0 13 0 0 2 0.9297214846012231
0 0 0 0 0 4 1 0 0 0 0 0 4 1 0 11 0 0 0 11 0 4 0 0 0 0 0 0 0 0 0 11 0 0 1 0 5 0.6199132094795827
0 0 0 0 4 0 0 0 0 0 0 0 0 0 0 0 0 0 0 0 0 11 0 0 0 0 0 0 11 0 0 0 0 0 0 0 4 0.167604657109653
0 0 0 0 0 2 0 0 0 1 0 0 13 0 0 4 0 13 0 12 5 2 0 4 0 0 0 0 0 0 0 0 0 0 0 0 2 0.807019524500519
0 0 0 0 0 11 4 0 0 0 0 0 0 0 0 0 0 0 0 0 0 0 0 0 0 0 0 0 0 0 0 0 0 13 0 0 4 0.026708170996036062
0 0 0 0 0 0 0 0 0 0 4 0 0 0 0 0 0 0 2 0 0 11 0 0 0 0 0 0 0 0 0 0 0 3 0 0 1 0.33903064276465233
0 0 0 0 0 7 4 0 0 0 0 0 0 0 0 0 0 0 0 0 0 0 0 0 0 0 0 0 0 0 0 0 10 12 0 0 0 0.9725947396843311
0 12 0 0 8 0 0 0 0 10 0 0 0 0 0 0 4 12 0 0 0 0 0 0 12 0 0 0 0 12 0 0 0 12 0 0 3 0.9955613018489874
0 0 0 0 0 11 0 0 0 0 0 0 0 0 0 0 0 0 0 0 0 0 0 0 0 0 0 0 11 0 0 0 0 1 0 0 4 0.10861215270911262
---
4 16.611984113279227 15.0 36 
0 0 0 0 0 0 0 0 6 0 12 1 0 0 0 0 0 0 0 0 0 4 0 0 0 0 0 0 11 0 0 0 0 0 0 0 0 0.1874664723508206
0 0 0 0 0 0 0 0 11 0 0 0 11 0 0 0 0 8 0 0 0 0 0 0 4 0 0 1 0 0 0 12 1 0 0 0 0 0.8254512759696104
0 0 0 0 0 0 0 0 2 0 7 7 0 12 0 0 0 0 0 0 0 13 4 11 0 0 4 0 12 0 0 0 0 0 0 0 3 0.29620649186791015
0 10 0 0 0 0 0 0 0 0 0 0 3 0 0 0 0 0 0 0 0 0 0 0 0 0 0 0 0 0 0 0 7 0 0 0 1 0.8104746915438067
0 0 0 0 0 3 0 0 0 0 0 0 0 0 0 0 0 0 0 0 0 10 4 0 0 0 0 0 0 0 0 0 0 0 4 0 1 0.9820949548039404
0 0 0 0 0 0 0 0 0 0 0 0 0 0 0 0 0 0 0 0 0 11 0 0 0 0 0 0 0 0 0 0 7 0 0 0 4 0.057446843552876437
4 0 0 0 0 0 0 0 4 0 0 0 0 0 0 0 0 0 0 11 0 0 11 0 0 7 0 1 0 0 0 0 7 0 0 6 5 0.823865939247656
0 0 0 0 0 0 12 1 0 2 0 0 0 0 0 0 0 0 0 0 0 0 0 0 0 0 0 0 0 1 11 0 7 0 0 0 5 0.16514287580383447
0 8 0 0 2 2 0 0 0 0 0 4 0 0 0 0 5 4 4 7 0 0 4 0 0 0 2 0 0 0 0 0 2 0 2 12 2 0.7465046849626185
0 8 0 0 2 2 0 0 0 0 0 1 0 0 0 0 13 13 0 7 0 0 4 0 0 0 2 0 0 0 2 0 2 0 2 2 2 0.7161584741432376
0 0 0 0 0 0 0 0 0 0 0 11 0 7 0 0 0 12 0 11 2 8 0 3 0 0 0 0 1 0 0 0 0 0 0 0 5 0.6934323303103618
0 0 0 0 0 0 0 0 0 0 0 0 3 11 0 0 0 0 0 0 0 0 0 0 0 0 0 0 0 11 0 0 0 0 0 0 4 0.4215817619749197
0 0 0 1 0 2 0 0 0 0 0 7 4 0 7 7 0 4 0 1 12 0 0 3 0 0 4 0 0 0 2 0 0 4 0 0 5 0.4582783299092229
0 8 0 0 8 2 0 0 0 0 0 4 0 0 0 0 5 2 4 7 0 0 4 0 0 0 2 0 0 13 0 0 2 0 2 12 2 0.7171196870310431
0 0 0 0 0 0 0 0 12 0 0 0 0 0 0 0 0 9 0 0 4 0 13 0 12 0 13 0 0 8 0 0 7 5 0 0 0 0.9996300754499066
