---
0 0 29.337993421052634 1.0 5
0 2 0 0 2 0 0.428548246884765 
---
0 1 14.864309210526317 9.0 5
4 4 7 8 2 0 0.30385000083034597 
5 1 0 0 7 0 0.9786739559011013 
11 2 13 7 1 0 0.495642471092514 
2 11 7 0 4 0 0.6930975347884416 
7 7 4 8 4 1 0.20190332605344197 
11 7 13 2 7 0 0.32574801858855185 
1 1 1 4 4 0 0.38580174617825547 
12 1 13 0 0 1 0.16896819077240066 
12 7 13 2 0 1 0.28066869061978084 
---
0 2 21.38157894736842 2.0 5
7 7 4 8 4 1 0.20190332605344197 
1 1 1 0 4 0 0.3585915510419566 
---
0 3 20.80592105263158 3.0 5
7 7 4 8 4 1 0.20190332605344197 
11 7 13 2 7 0 0.32574801858855185 
1 1 1 0 4 0 0.3585915510419566 
---
0 4 17.578125 4.0 5
12 7 13 2 0 1 0.28066869061978084 
1 1 1 0 4 0 0.3585915510419566 
11 7 13 2 7 0 0.32574801858855185 
7 7 4 8 4 1 0.20190332605344197 
---
0 5 21.38157894736842 2.0 5
1 1 1 0 4 0 0.3585915510419566 
7 7 4 8 4 1 0.20190332605344197 
---
0 6 20.80592105263158 3.0 5
7 7 4 8 4 1 0.20190332605344197 
1 1 1 0 4 0 0.3585915510419566 
11 7 13 2 7 0 0.32574801858855185 
---
0 7 17.578125 4.0 5
7 7 4 8 4 1 0.20190332605344197 
1 1 1 0 4 0 0.3585915510419566 
12 7 13 2 0 1 0.28066869061978084 
11 7 13 2 7 0 0.32574801858855185 
---
0 8 16.30345394736842 5.0 5
11 7 13 2 7 0 0.32574801858855185 
1 1 1 0 4 0 0.3585915510419566 
12 1 13 0 0 1 0.16896819077240066 
7 7 4 8 4 1 0.20190332605344197 
11 2 13 7 1 0 0.495642471092514 
---
0 9 16.30345394736842 5.0 5
7 7 4 8 4 1 0.20190332605344197 
11 2 13 7 1 0 0.495642471092514 
11 7 13 2 7 0 0.32574801858855185 
12 1 13 0 0 1 0.16896819077240066 
1 1 1 0 4 0 0.3585915510419566 
---
0 10 15.912828947368421 6.0 5
12 7 13 2 0 1 0.28066869061978084 
7 7 4 8 4 1 0.20190332605344197 
11 7 13 2 7 0 0.32574801858855185 
1 1 1 0 4 0 0.3585915510419566 
11 2 13 7 1 0 0.495642471092514 
12 1 13 0 0 1 0.16896819077240066 
---
0 11 15.583881578947366 7.0 5
7 7 4 8 4 1 0.20190332605344197 
1 1 1 0 4 0 0.3585915510419566 
11 2 13 7 1 0 0.495642471092514 
11 7 13 2 7 0 0.32574801858855185 
12 1 13 0 0 1 0.16896819077240066 
12 7 13 2 0 1 0.28066869061978084 
5 1 0 0 7 0 0.9786739559011013 
---
0 12 14.987664473684212 8.0 5
7 7 4 8 4 1 0.20190332605344197 
12 1 13 0 0 1 0.16896819077240066 
1 1 1 4 4 0 0.38580174617825547 
11 7 13 2 7 0 0.32574801858855185 
5 1 0 0 7 0 0.9786739559011013 
2 11 7 0 4 0 0.6930975347884416 
11 2 13 7 1 0 0.495642471092514 
12 7 13 2 0 1 0.28066869061978084 
---
0 13 14.987664473684212 8.0 5
7 7 4 8 4 1 0.20190332605344197 
12 1 13 0 0 1 0.16896819077240066 
1 1 1 4 4 0 0.38580174617825547 
11 7 13 2 7 0 0.32574801858855185 
5 1 0 0 7 0 0.9786739559011013 
2 11 7 0 4 0 0.6930975347884416 
11 2 13 7 1 0 0.495642471092514 
12 7 13 2 0 1 0.28066869061978084 
---
0 14 15.912828947368421 6.0 5
1 1 1 0 4 0 0.3585915510419566 
11 7 13 2 7 0 0.32574801858855185 
11 2 13 7 1 0 0.495642471092514 
12 7 13 2 0 1 0.28066869061978084 
12 1 13 0 0 1 0.16896819077240066 
7 7 4 8 4 1 0.20190332605344197 
---
0 15 15.583881578947366 7.0 5
1 1 1 0 4 0 0.3585915510419566 
12 7 13 2 0 1 0.28066869061978084 
12 1 13 0 0 1 0.16896819077240066 
5 1 0 0 7 0 0.9786739559011013 
11 2 13 7 1 0 0.495642471092514 
11 7 13 2 7 0 0.32574801858855185 
7 7 4 8 4 1 0.20190332605344197 
---
0 16 14.864309210526317 9.0 5
4 4 7 8 2 0 0.30385000083034597 
12 1 13 0 0 1 0.16896819077240066 
11 7 13 2 7 0 0.32574801858855185 
2 11 7 0 4 0 0.6930975347884416 
5 1 0 0 7 0 0.9786739559011013 
1 1 1 4 4 0 0.38580174617825547 
12 7 13 2 0 1 0.28066869061978084 
11 2 13 7 1 0 0.495642471092514 
7 7 4 8 4 1 0.20190332605344197 
---
0 17 21.38157894736842 2.0 5
1 1 1 0 4 0 0.3585915510419566 
7 7 4 8 4 1 0.20190332605344197 
---
0 18 20.80592105263158 3.0 5
11 7 13 2 7 0 0.32574801858855185 
1 1 1 0 4 0 0.3585915510419566 
7 7 4 8 4 1 0.20190332605344197 
---
0 19 17.578125 4.0 5
1 1 1 0 4 0 0.3585915510419566 
7 7 4 8 4 1 0.20190332605344197 
11 7 13 2 7 0 0.32574801858855185 
12 7 13 2 0 1 0.28066869061978084 
---
0 20 16.30345394736842 5.0 5
7 7 4 8 4 1 0.20190332605344197 
11 2 13 7 1 0 0.495642471092514 
12 1 13 0 0 1 0.16896819077240066 
11 7 13 2 7 0 0.32574801858855185 
1 1 1 0 4 0 0.3585915510419566 
---
0 21 14.987664473684212 8.0 5
7 7 4 8 4 1 0.20190332605344197 
12 1 13 0 0 1 0.16896819077240066 
1 1 1 4 4 0 0.38580174617825547 
11 7 13 2 7 0 0.32574801858855185 
5 1 0 0 7 0 0.9786739559011013 
2 11 7 0 4 0 0.6930975347884416 
11 2 13 7 1 0 0.495642471092514 
12 7 13 2 0 1 0.28066869061978084 
---
0 22 15.912828947368421 6.0 5
7 7 4 8 4 1 0.20190332605344197 
12 1 13 0 0 1 0.16896819077240066 
1 1 1 0 4 0 0.3585915510419566 
11 2 13 7 1 0 0.495642471092514 
11 7 13 2 7 0 0.32574801858855185 
12 7 13 2 0 1 0.28066869061978084 
---
0 23 15.583881578947366 7.0 5
11 2 13 7 1 0 0.495642471092514 
12 1 13 0 0 1 0.16896819077240066 
5 1 0 0 7 0 0.9786739559011013 
7 7 4 8 4 1 0.20190332605344197 
12 7 13 2 0 1 0.28066869061978084 
11 7 13 2 7 0 0.32574801858855185 
1 1 1 0 4 0 0.3585915510419566 
---
0 24 29.337993421052634 1.0 5
0 2 0 0 2 0 0.428548246884765 
---
0 25 14.864309210526317 9.0 5
4 4 7 8 2 0 0.30385000083034597 
12 1 13 0 0 1 0.16896819077240066 
11 7 13 2 7 0 0.32574801858855185 
2 11 7 0 4 0 0.6930975347884416 
5 1 0 0 7 0 0.9786739559011013 
1 1 1 4 4 0 0.38580174617825547 
12 7 13 2 0 1 0.28066869061978084 
11 2 13 7 1 0 0.495642471092514 
7 7 4 8 4 1 0.20190332605344197 
---
0 26 21.38157894736842 2.0 5
1 1 1 0 4 0 0.3585915510419566 
7 7 4 8 4 1 0.20190332605344197 
---
0 27 20.80592105263158 3.0 5
7 7 4 8 4 1 0.20190332605344197 
11 7 13 2 7 0 0.32574801858855185 
1 1 1 0 4 0 0.3585915510419566 
---
0 28 17.578125 4.0 5
7 7 4 8 4 1 0.20190332605344197 
1 1 1 0 4 0 0.3585915510419566 
12 7 13 2 0 1 0.28066869061978084 
11 7 13 2 7 0 0.32574801858855185 
---
0 29 16.30345394736842 5.0 5
11 7 13 2 7 0 0.32574801858855185 
12 1 13 0 0 1 0.16896819077240066 
11 2 13 7 1 0 0.495642471092514 
7 7 4 8 4 1 0.20190332605344197 
1 1 1 0 4 0 0.3585915510419566 
---
0 30 14.987664473684212 8.0 5
11 7 13 2 7 0 0.32574801858855185 
2 11 7 0 4 0 0.6930975347884416 
12 1 13 0 0 1 0.16896819077240066 
11 2 13 7 1 0 0.495642471092514 
12 7 13 2 0 1 0.28066869061978084 
1 1 1 4 4 0 0.38580174617825547 
7 7 4 8 4 1 0.20190332605344197 
5 1 0 0 7 0 0.9786739559011013 
---
0 31 15.912828947368421 6.0 5
12 7 13 2 0 1 0.28066869061978084 
7 7 4 8 4 1 0.20190332605344197 
11 7 13 2 7 0 0.32574801858855185 
1 1 1 0 4 0 0.3585915510419566 
11 2 13 7 1 0 0.495642471092514 
12 1 13 0 0 1 0.16896819077240066 
---
0 32 29.337993421052634 1.0 5
0 2 0 1 2 0 0.5297816907021409 
---
0 33 14.864309210526317 9.0 5
1 1 1 4 4 0 0.38580174617825547 
11 2 13 7 1 0 0.495642471092514 
4 4 7 8 2 0 0.30385000083034597 
7 7 4 8 4 1 0.20190332605344197 
2 11 7 0 4 0 0.6930975347884416 
12 7 13 2 0 1 0.28066869061978084 
12 1 13 0 0 1 0.16896819077240066 
5 1 0 0 7 0 0.9786739559011013 
11 7 13 2 7 0 0.32574801858855185 
---
0 34 21.38157894736842 2.0 5
1 1 1 0 4 0 0.3585915510419566 
7 7 4 8 4 1 0.20190332605344197 
---
0 35 20.80592105263158 3.0 5
11 7 13 2 7 0 0.32574801858855185 
1 1 1 0 4 0 0.3585915510419566 
7 7 4 8 4 1 0.20190332605344197 
---
0 36 17.578125 4.0 5
7 7 4 8 4 1 0.20190332605344197 
1 1 1 0 4 0 0.3585915510419566 
12 7 13 2 0 1 0.28066869061978084 
11 7 13 2 7 0 0.32574801858855185 
---
0 37 16.30345394736842 5.0 5
11 7 13 2 7 0 0.32574801858855185 
1 1 1 0 4 0 0.3585915510419566 
12 1 13 0 0 1 0.16896819077240066 
7 7 4 8 4 1 0.20190332605344197 
11 2 13 7 1 0 0.495642471092514 
---
0 38 14.987664473684212 8.0 5
11 7 13 2 7 0 0.32574801858855185 
2 11 7 0 4 0 0.6930975347884416 
12 1 13 0 0 1 0.16896819077240066 
11 2 13 7 1 0 0.495642471092514 
12 7 13 2 0 1 0.28066869061978084 
1 1 1 4 4 0 0.38580174617825547 
7 7 4 8 4 1 0.20190332605344197 
5 1 0 0 7 0 0.9786739559011013 
---
0 39 15.912828947368421 6.0 5
12 7 13 2 0 1 0.28066869061978084 
7 7 4 8 4 1 0.20190332605344197 
11 7 13 2 7 0 0.32574801858855185 
1 1 1 0 4 0 0.3585915510419566 
11 2 13 7 1 0 0.495642471092514 
12 1 13 0 0 1 0.16896819077240066 
---
0 40 15.583881578947366 7.0 5
11 2 13 7 1 0 0.495642471092514 
12 1 13 0 0 1 0.16896819077240066 
5 1 0 0 7 0 0.9786739559011013 
7 7 4 8 4 1 0.20190332605344197 
12 7 13 2 0 1 0.28066869061978084 
11 7 13 2 7 0 0.32574801858855185 
1 1 1 0 4 0 0.3585915510419566 
---
0 41 14.864309210526317 9.0 5
4 4 7 8 2 0 0.30385000083034597 
5 1 0 0 7 0 0.9786739559011013 
11 2 13 7 1 0 0.495642471092514 
2 11 7 0 4 0 0.6930975347884416 
7 7 4 8 4 1 0.20190332605344197 
11 7 13 2 7 0 0.32574801858855185 
1 1 1 4 4 0 0.38580174617825547 
12 1 13 0 0 1 0.16896819077240066 
12 7 13 2 0 1 0.28066869061978084 
---
0 42 21.38157894736842 2.0 5
7 7 4 8 4 1 0.20190332605344197 
1 1 1 0 4 0 0.3585915510419566 
---
0 43 20.80592105263158 3.0 5
7 7 4 8 4 1 0.20190332605344197 
1 1 1 0 4 0 0.3585915510419566 
11 7 13 2 7 0 0.32574801858855185 
---
0 44 17.578125 4.0 5
1 1 1 0 4 0 0.3585915510419566 
7 7 4 8 4 1 0.20190332605344197 
11 7 13 2 7 0 0.32574801858855185 
12 7 13 2 0 1 0.28066869061978084 
---
0 45 16.30345394736842 5.0 5
11 2 13 7 1 0 0.495642471092514 
1 1 1 0 4 0 0.3585915510419566 
7 7 4 8 4 1 0.20190332605344197 
11 7 13 2 7 0 0.32574801858855185 
12 1 13 0 0 1 0.16896819077240066 
---
0 46 14.987664473684212 8.0 5
11 7 13 2 7 0 0.32574801858855185 
2 11 7 0 4 0 0.6930975347884416 
12 1 13 0 0 1 0.16896819077240066 
11 2 13 7 1 0 0.495642471092514 
12 7 13 2 0 1 0.28066869061978084 
1 1 1 4 4 0 0.38580174617825547 
7 7 4 8 4 1 0.20190332605344197 
5 1 0 0 7 0 0.9786739559011013 
---
0 47 15.912828947368421 6.0 5
12 7 13 2 0 1 0.28066869061978084 
7 7 4 8 4 1 0.20190332605344197 
11 7 13 2 7 0 0.32574801858855185 
1 1 1 0 4 0 0.3585915510419566 
11 2 13 7 1 0 0.495642471092514 
12 1 13 0 0 1 0.16896819077240066 
---
0 48 15.583881578947366 7.0 5
1 1 1 0 4 0 0.3585915510419566 
12 7 13 2 0 1 0.28066869061978084 
12 1 13 0 0 1 0.16896819077240066 
5 1 0 0 7 0 0.9786739559011013 
11 2 13 7 1 0 0.495642471092514 
11 7 13 2 7 0 0.32574801858855185 
7 7 4 8 4 1 0.20190332605344197 
---
0 49 29.337993421052634 1.0 5
0 2 0 0 2 0 0.428548246884765 
---
0 50 14.864309210526317 9.0 5
4 4 7 8 2 0 0.30385000083034597 
5 1 0 0 7 0 0.9786739559011013 
11 2 13 7 1 0 0.495642471092514 
2 11 7 0 4 0 0.6930975347884416 
7 7 4 8 4 1 0.20190332605344197 
11 7 13 2 7 0 0.32574801858855185 
1 1 1 4 4 0 0.38580174617825547 
12 1 13 0 0 1 0.16896819077240066 
12 7 13 2 0 1 0.28066869061978084 
---
0 51 21.38157894736842 2.0 5
7 7 4 8 4 1 0.20190332605344197 
1 1 1 0 4 0 0.3585915510419566 
---
0 52 20.80592105263158 3.0 5
7 7 4 8 4 1 0.20190332605344197 
11 7 13 2 7 0 0.32574801858855185 
1 1 1 0 4 0 0.3585915510419566 
---
0 53 17.578125 4.0 5
1 1 1 0 4 0 0.3585915510419566 
7 7 4 8 4 1 0.20190332605344197 
11 7 13 2 7 0 0.32574801858855185 
12 7 13 2 0 1 0.28066869061978084 
---
0 54 16.30345394736842 5.0 5
11 2 13 7 1 0 0.495642471092514 
7 7 4 8 4 1 0.20190332605344197 
11 7 13 2 7 0 0.32574801858855185 
12 1 13 0 0 1 0.16896819077240066 
1 1 1 0 4 0 0.3585915510419566 
---
0 55 14.987664473684212 8.0 5
11 7 13 2 7 0 0.32574801858855185 
2 11 7 0 4 0 0.6930975347884416 
12 1 13 0 0 1 0.16896819077240066 
11 2 13 7 1 0 0.495642471092514 
12 7 13 2 0 1 0.28066869061978084 
1 1 1 4 4 0 0.38580174617825547 
7 7 4 8 4 1 0.20190332605344197 
5 1 0 0 7 0 0.9786739559011013 
---
0 56 15.912828947368421 6.0 5
7 7 4 8 4 1 0.20190332605344197 
11 7 13 2 7 0 0.32574801858855185 
12 7 13 2 0 1 0.28066869061978084 
11 2 13 7 1 0 0.495642471092514 
12 1 13 0 0 1 0.16896819077240066 
1 1 1 0 4 0 0.3585915510419566 
---
1 0 29.337993421052634 1.0 5
0 0 0 1 0 0 0.5017914432143586 
---
1 1 14.864309210526317 9.0 5
7 7 4 8 4 1 0.20190332605344197 
4 4 7 8 2 0 0.30385000083034597 
12 1 13 0 0 1 0.16896819077240066 
5 1 0 0 7 0 0.9786739559011013 
2 11 7 0 4 0 0.6930975347884416 
11 7 13 2 7 0 0.32574801858855185 
1 1 1 4 4 0 0.38580174617825547 
12 7 13 2 0 1 0.28066869061978084 
11 2 13 7 1 0 0.495642471092514 
---
1 2 21.402138157894736 2.0 5
1 1 4 0 1 0 0.2908066888845775 
7 7 4 8 0 1 0.23094206485068924 
---
1 3 20.497532894736842 3.0 5
1 1 4 0 1 0 0.2908066888845775 
7 7 4 8 0 1 0.23094206485068924 
12 1 13 0 0 1 0.16896819077240066 
---
1 4 17.598684210526315 4.0 5
1 1 1 0 4 0 0.3569827145660034 
7 7 4 8 4 1 0.20190332605344197 
11 7 13 2 7 0 0.32574801858855185 
12 7 13 2 0 1 0.28066869061978084 
---
1 5 21.402138157894736 2.0 5
1 1 4 0 1 0 0.2908066888845775 
7 7 4 8 0 1 0.23094206485068924 
---
1 6 20.497532894736842 3.0 5
1 1 4 0 1 0 0.2908066888845775 
7 7 4 8 0 1 0.23094206485068924 
12 1 13 0 0 1 0.16896819077240066 
---
1 7 16.755756578947366 5.0 5
7 7 4 8 4 1 0.20190332605344197 
11 7 13 2 7 0 0.32574801858855185 
12 1 13 0 0 1 0.16896819077240066 
1 1 1 4 4 0 0.38580174617825547 
11 2 13 7 1 0 0.495642471092514 
---
1 8 15.933388157894738 6.0 5
11 2 13 7 1 0 0.495642471092514 
12 1 13 0 0 1 0.16896819077240066 
7 7 4 8 4 1 0.20190332605344197 
1 1 1 0 4 0 0.3569827145660034 
12 7 13 2 0 1 0.28066869061978084 
11 7 13 2 7 0 0.32574801858855185 
---
1 9 15.337171052631579 7.0 5
1 1 1 4 4 0 0.38580174617825547 
12 1 13 0 0 1 0.16896819077240066 
2 11 7 0 4 0 0.6930975347884416 
5 1 0 0 7 0 0.9786739559011013 
11 2 13 7 1 0 0.495642471092514 
11 7 13 2 7 0 0.32574801858855185 
7 7 4 8 4 1 0.20190332605344197 
---
1 10 14.987664473684212 8.0 5
5 1 0 0 7 0 0.9786739559011013 
11 2 13 7 1 0 0.495642471092514 
7 7 4 8 4 1 0.20190332605344197 
12 1 13 0 0 1 0.16896819077240066 
11 7 13 2 7 0 0.32574801858855185 
2 11 7 0 4 0 0.6930975347884416 
1 1 1 4 4 0 0.38580174617825547 
12 7 13 2 0 1 0.28066869061978084 
---
1 11 17.598684210526315 4.0 5
11 7 13 2 7 0 0.32574801858855185 
7 7 4 8 4 1 0.20190332605344197 
1 1 1 0 4 0 0.3569827145660034 
12 7 13 2 0 1 0.28066869061978084 
---
1 12 16.755756578947366 5.0 5
7 7 4 8 4 1 0.20190332605344197 
11 7 13 2 7 0 0.32574801858855185 
12 1 13 0 0 1 0.16896819077240066 
1 1 1 4 4 0 0.38580174617825547 
11 2 13 7 1 0 0.495642471092514 
---
1 13 15.933388157894738 6.0 5
11 2 13 7 1 0 0.495642471092514 
12 1 13 0 0 1 0.16896819077240066 
7 7 4 8 4 1 0.20190332605344197 
1 1 1 0 4 0 0.3569827145660034 
12 7 13 2 0 1 0.28066869061978084 
11 7 13 2 7 0 0.32574801858855185 
---
1 14 15.337171052631579 7.0 5
2 11 7 0 4 0 0.6930975347884416 
11 2 13 7 1 0 0.495642471092514 
7 7 4 8 4 1 0.20190332605344197 
12 1 13 0 0 1 0.16896819077240066 
1 1 1 4 4 0 0.38580174617825547 
11 7 13 2 7 0 0.32574801858855185 
5 1 0 0 7 0 0.9786739559011013 
---
1 15 14.987664473684212 8.0 5
11 7 13 2 7 0 0.32574801858855185 
2 11 7 0 4 0 0.6930975347884416 
12 1 13 0 0 1 0.16896819077240066 
11 2 13 7 1 0 0.495642471092514 
12 7 13 2 0 1 0.28066869061978084 
1 1 1 4 4 0 0.38580174617825547 
7 7 4 8 4 1 0.20190332605344197 
5 1 0 0 7 0 0.9786739559011013 
---
1 16 29.337993421052634 1.0 5
0 2 0 1 0 0 0.5726224404744158 
---
1 17 14.864309210526317 9.0 5
7 7 4 8 4 1 0.20190332605344197 
4 4 7 8 2 0 0.30385000083034597 
12 1 13 0 0 1 0.16896819077240066 
5 1 0 0 7 0 0.9786739559011013 
2 11 7 0 4 0 0.6930975347884416 
11 7 13 2 7 0 0.32574801858855185 
1 1 1 4 4 0 0.38580174617825547 
12 7 13 2 0 1 0.28066869061978084 
11 2 13 7 1 0 0.495642471092514 
---
1 18 21.402138157894736 2.0 5
1 1 4 0 1 0 0.2908066888845775 
7 7 4 8 0 1 0.23094206485068924 
---
1 19 20.497532894736842 3.0 5
1 1 4 0 1 0 0.2908066888845775 
7 7 4 8 0 1 0.23094206485068924 
12 1 13 0 0 1 0.16896819077240066 
---
1 20 17.598684210526315 4.0 5
11 7 13 2 7 0 0.32574801858855185 
7 7 4 8 4 1 0.20190332605344197 
1 1 1 0 4 0 0.3569827145660034 
12 7 13 2 0 1 0.28066869061978084 
---
1 21 16.755756578947366 5.0 5
7 7 4 8 4 1 0.20190332605344197 
11 7 13 2 7 0 0.32574801858855185 
12 1 13 0 0 1 0.16896819077240066 
1 1 1 4 4 0 0.38580174617825547 
11 2 13 7 1 0 0.495642471092514 
---
1 22 15.933388157894738 6.0 5
11 2 13 7 1 0 0.495642471092514 
12 1 13 0 0 1 0.16896819077240066 
7 7 4 8 4 1 0.20190332605344197 
1 1 1 0 4 0 0.3569827145660034 
12 7 13 2 0 1 0.28066869061978084 
11 7 13 2 7 0 0.32574801858855185 
---
1 23 15.337171052631579 7.0 5
1 1 1 4 4 0 0.38580174617825547 
12 1 13 0 0 1 0.16896819077240066 
2 11 7 0 4 0 0.6930975347884416 
5 1 0 0 7 0 0.9786739559011013 
11 2 13 7 1 0 0.495642471092514 
11 7 13 2 7 0 0.32574801858855185 
7 7 4 8 4 1 0.20190332605344197 
---
1 24 14.987664473684212 8.0 5
11 7 13 2 7 0 0.32574801858855185 
2 11 7 0 4 0 0.6930975347884416 
12 1 13 0 0 1 0.16896819077240066 
11 2 13 7 1 0 0.495642471092514 
12 7 13 2 0 1 0.28066869061978084 
1 1 1 4 4 0 0.38580174617825547 
7 7 4 8 4 1 0.20190332605344197 
5 1 0 0 7 0 0.9786739559011013 
---
1 25 29.337993421052634 1.0 5
0 2 0 1 0 0 0.5726224404744158 
---
1 26 14.864309210526317 9.0 5
7 7 4 8 4 1 0.20190332605344197 
4 4 7 8 2 0 0.30385000083034597 
12 1 13 0 0 1 0.16896819077240066 
5 1 0 0 7 0 0.9786739559011013 
2 11 7 0 4 0 0.6930975347884416 
11 7 13 2 7 0 0.32574801858855185 
1 1 1 4 4 0 0.38580174617825547 
12 7 13 2 0 1 0.28066869061978084 
11 2 13 7 1 0 0.495642471092514 
---
1 27 21.402138157894736 2.0 5
1 1 4 0 1 0 0.2908066888845775 
7 7 4 8 0 1 0.23094206485068924 
---
1 28 20.497532894736842 3.0 5
1 1 4 0 1 0 0.2908066888845775 
7 7 4 8 0 1 0.23094206485068924 
12 1 13 0 0 1 0.16896819077240066 
---
1 29 17.598684210526315 4.0 5
11 7 13 2 7 0 0.32574801858855185 
7 7 4 8 4 1 0.20190332605344197 
1 1 1 0 4 0 0.3569827145660034 
12 7 13 2 0 1 0.28066869061978084 
---
1 30 16.755756578947366 5.0 5
7 7 4 8 4 1 0.20190332605344197 
11 7 13 2 7 0 0.32574801858855185 
12 1 13 0 0 1 0.16896819077240066 
1 1 1 4 4 0 0.38580174617825547 
11 2 13 7 1 0 0.495642471092514 
---
1 31 15.337171052631579 7.0 5
1 1 1 4 4 0 0.38580174617825547 
12 1 13 0 0 1 0.16896819077240066 
2 11 7 0 4 0 0.6930975347884416 
5 1 0 0 7 0 0.9786739559011013 
11 2 13 7 1 0 0.495642471092514 
11 7 13 2 7 0 0.32574801858855185 
7 7 4 8 4 1 0.20190332605344197 
---
1 32 14.987664473684212 8.0 5
11 7 13 2 7 0 0.32574801858855185 
2 11 7 0 4 0 0.6930975347884416 
12 1 13 0 0 1 0.16896819077240066 
11 2 13 7 1 0 0.495642471092514 
12 7 13 2 0 1 0.28066869061978084 
1 1 1 4 4 0 0.38580174617825547 
7 7 4 8 4 1 0.20190332605344197 
5 1 0 0 7 0 0.9786739559011013 
---
1 33 14.864309210526317 9.0 5
7 7 4 8 4 1 0.20190332605344197 
4 4 7 8 2 0 0.30385000083034597 
12 1 13 0 0 1 0.16896819077240066 
5 1 0 0 7 0 0.9786739559011013 
2 11 7 0 4 0 0.6930975347884416 
11 7 13 2 7 0 0.32574801858855185 
1 1 1 4 4 0 0.38580174617825547 
12 7 13 2 0 1 0.28066869061978084 
11 2 13 7 1 0 0.495642471092514 
---
1 34 21.402138157894736 2.0 5
1 1 4 0 1 0 0.2908066888845775 
7 7 4 8 0 1 0.23094206485068924 
---
1 35 20.497532894736842 3.0 5
1 1 4 0 1 0 0.2908066888845775 
7 7 4 8 0 1 0.23094206485068924 
12 1 13 0 0 1 0.16896819077240066 
---
1 36 17.598684210526315 4.0 5
11 7 13 2 7 0 0.32574801858855185 
7 7 4 8 4 1 0.20190332605344197 
1 1 1 0 4 0 0.3569827145660034 
12 7 13 2 0 1 0.28066869061978084 
---
1 37 16.755756578947366 5.0 5
7 7 4 8 4 1 0.20190332605344197 
11 7 13 2 7 0 0.32574801858855185 
12 1 13 0 0 1 0.16896819077240066 
1 1 1 4 4 0 0.38580174617825547 
11 2 13 7 1 0 0.495642471092514 
---
1 38 15.337171052631579 7.0 5
2 11 7 0 4 0 0.6930975347884416 
11 2 13 7 1 0 0.495642471092514 
7 7 4 8 4 1 0.20190332605344197 
12 1 13 0 0 1 0.16896819077240066 
1 1 1 4 4 0 0.38580174617825547 
11 7 13 2 7 0 0.32574801858855185 
5 1 0 0 7 0 0.9786739559011013 
---
1 39 14.987664473684212 8.0 5
11 7 13 2 7 0 0.32574801858855185 
2 11 7 0 4 0 0.6930975347884416 
12 1 13 0 0 1 0.16896819077240066 
11 2 13 7 1 0 0.495642471092514 
12 7 13 2 0 1 0.28066869061978084 
1 1 1 4 4 0 0.38580174617825547 
7 7 4 8 4 1 0.20190332605344197 
5 1 0 0 7 0 0.9786739559011013 
---
1 40 14.864309210526317 9.0 5
7 7 4 8 4 1 0.20190332605344197 
4 4 7 8 2 0 0.30385000083034597 
12 1 13 0 0 1 0.16896819077240066 
5 1 0 0 7 0 0.9786739559011013 
2 11 7 0 4 0 0.6930975347884416 
11 7 13 2 7 0 0.32574801858855185 
1 1 1 4 4 0 0.38580174617825547 
12 7 13 2 0 1 0.28066869061978084 
11 2 13 7 1 0 0.495642471092514 
---
1 41 21.402138157894736 2.0 5
1 1 4 0 1 0 0.2908066888845775 
7 7 4 8 0 1 0.23094206485068924 
---
1 42 20.497532894736842 3.0 5
12 1 13 0 0 1 0.16896819077240066 
7 7 4 8 0 1 0.23094206485068924 
1 1 4 0 1 0 0.2908066888845775 
---
1 43 17.598684210526315 4.0 5
11 7 13 2 7 0 0.32574801858855185 
7 7 4 8 4 1 0.20190332605344197 
1 1 1 0 4 0 0.3569827145660034 
12 7 13 2 0 1 0.28066869061978084 
---
1 44 16.755756578947366 5.0 5
7 7 4 8 4 1 0.20190332605344197 
11 2 13 7 1 0 0.495642471092514 
12 1 13 0 0 1 0.16896819077240066 
1 1 1 4 4 0 0.38580174617825547 
11 7 13 2 7 0 0.32574801858855185 
---
1 45 15.337171052631579 7.0 5
1 1 1 4 4 0 0.38580174617825547 
12 1 13 0 0 1 0.16896819077240066 
2 11 7 0 4 0 0.6930975347884416 
5 1 0 0 7 0 0.9786739559011013 
11 2 13 7 1 0 0.495642471092514 
11 7 13 2 7 0 0.32574801858855185 
7 7 4 8 4 1 0.20190332605344197 
---
1 46 14.987664473684212 8.0 5
1 1 1 4 4 0 0.38580174617825547 
12 7 13 2 0 1 0.28066869061978084 
2 11 7 0 4 0 0.6930975347884416 
12 1 13 0 0 1 0.16896819077240066 
7 7 4 8 4 1 0.20190332605344197 
11 2 13 7 1 0 0.495642471092514 
5 1 0 0 7 0 0.9786739559011013 
11 7 13 2 7 0 0.32574801858855185 
---
1 47 29.337993421052634 1.0 5
0 0 0 1 0 0 0.5017914432143586 
---
1 48 14.864309210526317 9.0 5
7 7 4 8 4 1 0.20190332605344197 
4 4 7 8 2 0 0.30385000083034597 
12 1 13 0 0 1 0.16896819077240066 
5 1 0 0 7 0 0.9786739559011013 
2 11 7 0 4 0 0.6930975347884416 
11 7 13 2 7 0 0.32574801858855185 
1 1 1 4 4 0 0.38580174617825547 
12 7 13 2 0 1 0.28066869061978084 
11 2 13 7 1 0 0.495642471092514 
---
1 49 21.402138157894736 2.0 5
1 1 4 0 1 0 0.2908066888845775 
7 7 4 8 0 1 0.23094206485068924 
---
1 50 17.598684210526315 4.0 5
11 7 13 2 7 0 0.32574801858855185 
7 7 4 8 4 1 0.20190332605344197 
1 1 1 0 4 0 0.3569827145660034 
12 7 13 2 0 1 0.28066869061978084 
---
1 51 16.755756578947366 5.0 5
7 7 4 8 4 1 0.20190332605344197 
11 7 13 2 7 0 0.32574801858855185 
12 1 13 0 0 1 0.16896819077240066 
1 1 1 4 4 0 0.38580174617825547 
11 2 13 7 1 0 0.495642471092514 
---
1 52 15.337171052631579 7.0 5
1 1 1 4 4 0 0.38580174617825547 
12 1 13 0 0 1 0.16896819077240066 
2 11 7 0 4 0 0.6930975347884416 
5 1 0 0 7 0 0.9786739559011013 
11 2 13 7 1 0 0.495642471092514 
11 7 13 2 7 0 0.32574801858855185 
7 7 4 8 4 1 0.20190332605344197 
---
1 53 14.987664473684212 8.0 5
11 7 13 2 7 0 0.32574801858855185 
2 11 7 0 4 0 0.6930975347884416 
12 1 13 0 0 1 0.16896819077240066 
11 2 13 7 1 0 0.495642471092514 
12 7 13 2 0 1 0.28066869061978084 
1 1 1 4 4 0 0.38580174617825547 
7 7 4 8 4 1 0.20190332605344197 
5 1 0 0 7 0 0.9786739559011013 
---
1 54 29.337993421052634 1.0 5
0 0 0 1 0 0 0.5017914432143586 
---
1 55 14.864309210526317 9.0 5
7 7 4 8 4 1 0.20190332605344197 
4 4 7 8 2 0 0.30385000083034597 
12 1 13 0 0 1 0.16896819077240066 
5 1 0 0 7 0 0.9786739559011013 
2 11 7 0 4 0 0.6930975347884416 
11 7 13 2 7 0 0.32574801858855185 
1 1 1 4 4 0 0.38580174617825547 
12 7 13 2 0 1 0.28066869061978084 
11 2 13 7 1 0 0.495642471092514 
---
1 56 21.402138157894736 2.0 5
1 1 4 0 1 0 0.2908066888845775 
7 7 4 8 0 1 0.23094206485068924 
---
1 57 17.598684210526315 4.0 5
11 7 13 2 7 0 0.32574801858855185 
7 7 4 8 4 1 0.20190332605344197 
1 1 1 0 4 0 0.3569827145660034 
12 7 13 2 0 1 0.28066869061978084 
---
2 0 29.337993421052634 1.0 5
0 0 0 1 2 0 0.4417366268130196 
---
2 1 14.987664473684212 8.0 5
12 1 13 0 0 1 0.16896819077240066 
11 7 13 2 7 0 0.32574801858855185 
12 7 13 2 0 1 0.28066869061978084 
5 1 0 0 7 0 0.9786739559011013 
1 1 1 4 4 0 0.38580174617825547 
2 11 7 0 4 0 0.6930975347884416 
11 2 13 7 1 0 0.495642471092514 
7 7 4 8 4 1 0.20190332605344197 
---
2 2 21.38157894736842 2.0 5
7 7 4 8 4 1 0.20190332605344197 
1 1 1 0 4 0 0.3585915510419566 
---
2 3 16.69407894736842 5.0 5
1 1 1 4 4 0 0.38580174617825547 
12 7 13 2 0 1 0.28066869061978084 
2 11 7 0 4 0 0.6930975347884416 
11 7 13 2 7 0 0.32574801858855185 
7 7 4 8 4 1 0.20190332605344197 
---
2 4 20.02467105263158 3.0 5
1 1 1 0 4 0 0.3585915510419566 
7 7 4 8 4 1 0.20190332605344197 
12 7 13 2 0 1 0.28066869061978084 
---
2 5 17.454769736842106 4.0 5
7 7 4 8 4 1 0.20190332605344197 
12 1 13 0 0 1 0.16896819077240066 
1 1 1 0 4 0 0.3585915510419566 
11 2 13 7 1 0 0.495642471092514 
---
2 6 17.454769736842106 4.0 5
1 1 1 0 4 0 0.3585915510419566 
11 2 13 7 1 0 0.495642471092514 
12 1 13 0 0 1 0.16896819077240066 
7 7 4 8 4 1 0.20190332605344197 
---
2 7 21.38157894736842 2.0 5
7 7 4 8 4 1 0.20190332605344197 
1 1 1 0 4 0 0.3585915510419566 
---
2 8 20.02467105263158 3.0 5
1 1 1 0 4 0 0.3585915510419566 
12 7 13 2 0 1 0.28066869061978084 
7 7 4 8 4 1 0.20190332605344197 
---
2 9 15.892269736842104 6.0 5
11 7 13 2 7 0 0.32574801858855185 
7 7 4 8 4 1 0.20190332605344197 
2 11 7 0 4 0 0.6930975347884416 
1 1 1 0 4 0 0.3585915510419566 
12 1 13 0 0 1 0.16896819077240066 
11 2 13 7 1 0 0.495642471092514 
---
2 10 15.892269736842104 6.0 5
11 7 13 2 7 0 0.32574801858855185 
11 2 13 7 1 0 0.495642471092514 
2 11 7 0 4 0 0.6930975347884416 
7 7 4 8 4 1 0.20190332605344197 
1 1 1 0 4 0 0.3585915510419566 
12 1 13 0 0 1 0.16896819077240066 
---
2 11 15.337171052631579 7.0 5
11 2 13 7 1 0 0.495642471092514 
7 7 4 8 4 1 0.20190332605344197 
5 1 0 0 7 0 0.9786739559011013 
1 1 1 4 4 0 0.38580174617825547 
12 1 13 0 0 1 0.16896819077240066 
11 7 13 2 7 0 0.32574801858855185 
2 11 7 0 4 0 0.6930975347884416 
---
2 12 15.337171052631579 7.0 5
11 2 13 7 1 0 0.495642471092514 
7 7 4 8 4 1 0.20190332605344197 
5 1 0 0 7 0 0.9786739559011013 
1 1 1 4 4 0 0.38580174617825547 
12 1 13 0 0 1 0.16896819077240066 
11 7 13 2 7 0 0.32574801858855185 
2 11 7 0 4 0 0.6930975347884416 
---
2 13 14.987664473684212 8.0 5
1 1 1 4 4 0 0.38580174617825547 
11 7 13 2 7 0 0.32574801858855185 
12 1 13 0 0 1 0.16896819077240066 
11 2 13 7 1 0 0.495642471092514 
5 1 0 0 7 0 0.9786739559011013 
7 7 4 8 4 1 0.20190332605344197 
2 11 7 0 4 0 0.6930975347884416 
12 7 13 2 0 1 0.28066869061978084 
---
2 14 17.454769736842106 4.0 5
1 1 1 0 4 0 0.3585915510419566 
11 2 13 7 1 0 0.495642471092514 
12 1 13 0 0 1 0.16896819077240066 
7 7 4 8 4 1 0.20190332605344197 
---
2 15 21.38157894736842 2.0 5
1 1 1 0 4 0 0.3585915510419566 
7 7 4 8 4 1 0.20190332605344197 
---
2 16 20.02467105263158 3.0 5
1 1 1 0 4 0 0.3585915510419566 
7 7 4 8 4 1 0.20190332605344197 
12 7 13 2 0 1 0.28066869061978084 
---
2 17 15.337171052631579 7.0 5
11 2 13 7 1 0 0.495642471092514 
7 7 4 8 4 1 0.20190332605344197 
5 1 0 0 7 0 0.9786739559011013 
1 1 1 4 4 0 0.38580174617825547 
12 1 13 0 0 1 0.16896819077240066 
11 7 13 2 7 0 0.32574801858855185 
2 11 7 0 4 0 0.6930975347884416 
---
2 18 14.987664473684212 8.0 5
1 1 1 4 4 0 0.38580174617825547 
11 7 13 2 7 0 0.32574801858855185 
12 1 13 0 0 1 0.16896819077240066 
11 2 13 7 1 0 0.495642471092514 
5 1 0 0 7 0 0.9786739559011013 
7 7 4 8 4 1 0.20190332605344197 
2 11 7 0 4 0 0.6930975347884416 
12 7 13 2 0 1 0.28066869061978084 
---
2 19 17.454769736842106 4.0 5
1 1 1 0 4 0 0.3585915510419566 
11 2 13 7 1 0 0.495642471092514 
12 1 13 0 0 1 0.16896819077240066 
7 7 4 8 4 1 0.20190332605344197 
---
2 20 21.38157894736842 2.0 5
7 7 4 8 4 1 0.20190332605344197 
1 1 1 0 4 0 0.3585915510419566 
---
2 21 20.02467105263158 3.0 5
1 1 1 0 4 0 0.3585915510419566 
7 7 4 8 4 1 0.20190332605344197 
12 7 13 2 0 1 0.28066869061978084 
---
2 22 15.337171052631579 7.0 5
11 2 13 7 1 0 0.495642471092514 
7 7 4 8 4 1 0.20190332605344197 
5 1 0 0 7 0 0.9786739559011013 
1 1 1 4 4 0 0.38580174617825547 
12 1 13 0 0 1 0.16896819077240066 
11 7 13 2 7 0 0.32574801858855185 
2 11 7 0 4 0 0.6930975347884416 
---
2 23 14.987664473684212 8.0 5
1 1 1 4 4 0 0.38580174617825547 
11 7 13 2 7 0 0.32574801858855185 
12 1 13 0 0 1 0.16896819077240066 
11 2 13 7 1 0 0.495642471092514 
5 1 0 0 7 0 0.9786739559011013 
7 7 4 8 4 1 0.20190332605344197 
2 11 7 0 4 0 0.6930975347884416 
12 7 13 2 0 1 0.28066869061978084 
---
2 24 17.454769736842106 4.0 5
7 7 4 8 4 1 0.20190332605344197 
12 1 13 0 0 1 0.16896819077240066 
1 1 1 0 4 0 0.3585915510419566 
11 2 13 7 1 0 0.495642471092514 
---
2 25 21.38157894736842 2.0 5
1 1 1 0 4 0 0.3585915510419566 
7 7 4 8 4 1 0.20190332605344197 
---
2 26 20.02467105263158 3.0 5
1 1 1 0 4 0 0.3585915510419566 
7 7 4 8 4 1 0.20190332605344197 
12 7 13 2 0 1 0.28066869061978084 
---
2 27 15.892269736842104 6.0 5
11 7 13 2 7 0 0.32574801858855185 
11 2 13 7 1 0 0.495642471092514 
2 11 7 0 4 0 0.6930975347884416 
7 7 4 8 4 1 0.20190332605344197 
1 1 1 0 4 0 0.3585915510419566 
12 1 13 0 0 1 0.16896819077240066 
---
2 28 15.337171052631579 7.0 5
11 2 13 7 1 0 0.495642471092514 
7 7 4 8 4 1 0.20190332605344197 
5 1 0 0 7 0 0.9786739559011013 
1 1 1 4 4 0 0.38580174617825547 
12 1 13 0 0 1 0.16896819077240066 
11 7 13 2 7 0 0.32574801858855185 
2 11 7 0 4 0 0.6930975347884416 
---
2 29 14.987664473684212 8.0 5
1 1 1 4 4 0 0.38580174617825547 
11 7 13 2 7 0 0.32574801858855185 
12 1 13 0 0 1 0.16896819077240066 
11 2 13 7 1 0 0.495642471092514 
5 1 0 0 7 0 0.9786739559011013 
7 7 4 8 4 1 0.20190332605344197 
2 11 7 0 4 0 0.6930975347884416 
12 7 13 2 0 1 0.28066869061978084 
---
2 30 17.454769736842106 4.0 5
7 7 4 8 4 1 0.20190332605344197 
11 2 13 7 1 0 0.495642471092514 
1 1 1 0 4 0 0.3585915510419566 
12 1 13 0 0 1 0.16896819077240066 
---
2 31 21.38157894736842 2.0 5
7 7 4 8 4 1 0.20190332605344197 
1 1 1 0 4 0 0.3585915510419566 
---
2 32 20.02467105263158 3.0 5
1 1 1 0 4 0 0.3585915510419566 
7 7 4 8 4 1 0.20190332605344197 
12 7 13 2 0 1 0.28066869061978084 
---
2 33 15.892269736842104 6.0 5
11 7 13 2 7 0 0.32574801858855185 
11 2 13 7 1 0 0.495642471092514 
2 11 7 0 4 0 0.6930975347884416 
7 7 4 8 4 1 0.20190332605344197 
1 1 1 0 4 0 0.3585915510419566 
12 1 13 0 0 1 0.16896819077240066 
---
2 34 15.337171052631579 7.0 5
11 2 13 7 1 0 0.495642471092514 
7 7 4 8 4 1 0.20190332605344197 
5 1 0 0 7 0 0.9786739559011013 
1 1 1 4 4 0 0.38580174617825547 
12 1 13 0 0 1 0.16896819077240066 
11 7 13 2 7 0 0.32574801858855185 
2 11 7 0 4 0 0.6930975347884416 
---
2 35 14.987664473684212 8.0 5
1 1 1 4 4 0 0.38580174617825547 
11 7 13 2 7 0 0.32574801858855185 
12 1 13 0 0 1 0.16896819077240066 
11 2 13 7 1 0 0.495642471092514 
5 1 0 0 7 0 0.9786739559011013 
7 7 4 8 4 1 0.20190332605344197 
2 11 7 0 4 0 0.6930975347884416 
12 7 13 2 0 1 0.28066869061978084 
---
2 36 21.38157894736842 2.0 5
7 7 4 8 4 1 0.20190332605344197 
1 1 1 0 4 0 0.3585915510419566 
---
2 37 20.02467105263158 3.0 5
1 1 1 0 4 0 0.3585915510419566 
7 7 4 8 4 1 0.20190332605344197 
12 7 13 2 0 1 0.28066869061978084 
---
2 38 17.454769736842106 4.0 5
1 1 1 0 4 0 0.3585915510419566 
11 2 13 7 1 0 0.495642471092514 
7 7 4 8 4 1 0.20190332605344197 
12 1 13 0 0 1 0.16896819077240066 
---
2 39 15.892269736842104 6.0 5
11 7 13 2 7 0 0.32574801858855185 
11 2 13 7 1 0 0.495642471092514 
12 1 13 0 0 1 0.16896819077240066 
2 11 7 0 4 0 0.6930975347884416 
1 1 1 0 4 0 0.3585915510419566 
7 7 4 8 4 1 0.20190332605344197 
---
2 40 15.337171052631579 7.0 5
11 2 13 7 1 0 0.495642471092514 
7 7 4 8 4 1 0.20190332605344197 
5 1 0 0 7 0 0.9786739559011013 
1 1 1 4 4 0 0.38580174617825547 
12 1 13 0 0 1 0.16896819077240066 
11 7 13 2 7 0 0.32574801858855185 
2 11 7 0 4 0 0.6930975347884416 
---
2 41 29.337993421052634 1.0 5
0 0 0 1 2 0 0.4417366268130196 
---
2 42 14.987664473684212 8.0 5
1 1 1 4 4 0 0.38580174617825547 
11 7 13 2 7 0 0.32574801858855185 
12 1 13 0 0 1 0.16896819077240066 
11 2 13 7 1 0 0.495642471092514 
5 1 0 0 7 0 0.9786739559011013 
7 7 4 8 4 1 0.20190332605344197 
2 11 7 0 4 0 0.6930975347884416 
12 7 13 2 0 1 0.28066869061978084 
---
2 43 21.38157894736842 2.0 5
7 7 4 8 4 1 0.20190332605344197 
1 1 1 0 4 0 0.3585915510419566 
---
2 44 20.02467105263158 3.0 5
1 1 1 0 4 0 0.3585915510419566 
7 7 4 8 4 1 0.20190332605344197 
12 7 13 2 0 1 0.28066869061978084 
---
2 45 17.454769736842106 4.0 5
12 1 13 0 0 1 0.16896819077240066 
1 1 1 0 4 0 0.3585915510419566 
11 2 13 7 1 0 0.495642471092514 
7 7 4 8 4 1 0.20190332605344197 
---
2 46 15.892269736842104 6.0 5
1 1 1 0 4 0 0.3585915510419566 
7 7 4 8 4 1 0.20190332605344197 
2 11 7 0 4 0 0.6930975347884416 
11 7 13 2 7 0 0.32574801858855185 
12 1 13 0 0 1 0.16896819077240066 
11 2 13 7 1 0 0.495642471092514 
---
2 47 15.337171052631579 7.0 5
11 2 13 7 1 0 0.495642471092514 
7 7 4 8 4 1 0.20190332605344197 
5 1 0 0 7 0 0.9786739559011013 
1 1 1 4 4 0 0.38580174617825547 
12 1 13 0 0 1 0.16896819077240066 
11 7 13 2 7 0 0.32574801858855185 
2 11 7 0 4 0 0.6930975347884416 
---
2 48 14.987664473684212 8.0 5
12 1 13 0 0 1 0.16896819077240066 
11 7 13 2 7 0 0.32574801858855185 
12 7 13 2 0 1 0.28066869061978084 
5 1 0 0 7 0 0.9786739559011013 
1 1 1 4 4 0 0.38580174617825547 
2 11 7 0 4 0 0.6930975347884416 
11 2 13 7 1 0 0.495642471092514 
7 7 4 8 4 1 0.20190332605344197 
---
2 49 21.38157894736842 2.0 5
7 7 4 8 4 1 0.20190332605344197 
1 1 1 0 4 0 0.3585915510419566 
---
2 50 20.02467105263158 3.0 5
1 1 1 0 4 0 0.3585915510419566 
7 7 4 8 4 1 0.20190332605344197 
12 7 13 2 0 1 0.28066869061978084 
---
2 51 17.454769736842106 4.0 5
1 1 1 0 4 0 0.3585915510419566 
11 2 13 7 1 0 0.495642471092514 
7 7 4 8 4 1 0.20190332605344197 
12 1 13 0 0 1 0.16896819077240066 
---
3 0 29.337993421052634 1.0 5
0 0 0 1 2 0 0.45240254488605625 
---
3 1 21.38157894736842 2.0 5
7 7 4 8 4 1 0.20190332605344197 
1 1 1 0 4 0 0.3585915510419566 
---
3 2 20.02467105263158 3.0 5
12 7 13 2 0 1 0.28066869061978084 
7 7 4 8 4 1 0.20190332605344197 
1 1 1 0 4 0 0.3585915510419566 
---
3 3 17.454769736842106 4.0 5
1 1 1 0 4 0 0.3585915510419566 
7 7 4 8 4 1 0.20190332605344197 
11 2 13 7 1 0 0.495642471092514 
12 1 13 0 0 1 0.16896819077240066 
---
3 4 14.864309210526317 9.0 5
4 4 7 8 2 0 0.30385000083034597 
12 7 13 2 0 1 0.28066869061978084 
2 11 7 0 4 0 0.6930975347884416 
7 7 4 8 4 1 0.20190332605344197 
1 1 1 4 4 0 0.38580174617825547 
12 1 13 0 0 1 0.16896819077240066 
5 1 0 0 7 0 0.9786739559011013 
11 7 13 2 7 0 0.32574801858855185 
11 2 13 7 1 0 0.495642471092514 
---
3 5 21.38157894736842 2.0 5
7 7 4 8 4 1 0.20190332605344197 
1 1 1 0 4 0 0.3585915510419566 
---
3 6 20.02467105263158 3.0 5
12 7 13 2 0 1 0.28066869061978084 
7 7 4 8 4 1 0.20190332605344197 
1 1 1 0 4 0 0.3585915510419566 
---
3 7 17.454769736842106 4.0 5
1 1 1 0 4 0 0.3585915510419566 
7 7 4 8 4 1 0.20190332605344197 
11 2 13 7 1 0 0.495642471092514 
12 1 13 0 0 1 0.16896819077240066 
---
3 8 16.30345394736842 5.0 5
12 1 13 0 0 1 0.16896819077240066 
7 7 4 8 4 1 0.20190332605344197 
1 1 1 0 4 0 0.3585915510419566 
11 7 13 2 7 0 0.32574801858855185 
11 2 13 7 1 0 0.495642471092514 
---
3 9 15.912828947368421 6.0 5
11 7 13 2 7 0 0.32574801858855185 
12 7 13 2 0 1 0.28066869061978084 
1 1 1 0 4 0 0.3585915510419566 
12 1 13 0 0 1 0.16896819077240066 
11 2 13 7 1 0 0.495642471092514 
7 7 4 8 4 1 0.20190332605344197 
---
3 10 15.810032894736842 7.0 5
2 11 7 0 4 0 0.6930975347884416 
4 4 7 8 2 0 0.30385000083034597 
11 2 13 7 1 0 0.495642471092514 
1 1 1 0 4 0 0.3585915510419566 
11 7 13 2 7 0 0.32574801858855185 
12 1 13 0 0 1 0.16896819077240066 
7 7 4 8 4 1 0.20190332605344197 
---
3 11 15.810032894736842 7.0 5
2 11 7 0 4 0 0.6930975347884416 
4 4 7 8 2 0 0.30385000083034597 
11 2 13 7 1 0 0.495642471092514 
1 1 1 0 4 0 0.3585915510419566 
11 7 13 2 7 0 0.32574801858855185 
12 1 13 0 0 1 0.16896819077240066 
7 7 4 8 4 1 0.20190332605344197 
---
3 12 15.357730263157896 8.0 5
1 1 1 4 14 0 0.7279361979807051 
2 11 7 0 4 0 0.6930975347884416 
11 2 13 7 1 0 0.495642471092514 
7 7 4 8 4 1 0.20190332605344197 
12 7 13 2 0 1 0.28066869061978084 
12 1 13 0 0 1 0.16896819077240066 
11 7 13 2 7 0 0.32574801858855185 
1 1 1 4 4 0 0.38580174617825547 
---
3 13 15.357730263157896 8.0 5
1 1 1 4 4 0 0.38580174617825547 
7 7 4 8 4 1 0.20190332605344197 
12 7 13 2 0 1 0.28066869061978084 
1 1 1 4 14 0 0.7279361979807051 
2 11 7 0 4 0 0.6930975347884416 
11 7 13 2 7 0 0.32574801858855185 
11 2 13 7 1 0 0.495642471092514 
12 1 13 0 0 1 0.16896819077240066 
---
3 14 14.864309210526317 9.0 5
4 4 7 8 2 0 0.30385000083034597 
12 7 13 2 0 1 0.28066869061978084 
2 11 7 0 4 0 0.6930975347884416 
7 7 4 8 4 1 0.20190332605344197 
1 1 1 4 4 0 0.38580174617825547 
12 1 13 0 0 1 0.16896819077240066 
5 1 0 0 7 0 0.9786739559011013 
11 7 13 2 7 0 0.32574801858855185 
11 2 13 7 1 0 0.495642471092514 
---
3 15 16.30345394736842 5.0 5
11 2 13 7 1 0 0.495642471092514 
12 1 13 0 0 1 0.16896819077240066 
7 7 4 8 4 1 0.20190332605344197 
1 1 1 0 4 0 0.3585915510419566 
11 7 13 2 7 0 0.32574801858855185 
---
3 16 15.912828947368421 6.0 5
11 7 13 2 7 0 0.32574801858855185 
7 7 4 8 4 1 0.20190332605344197 
12 7 13 2 0 1 0.28066869061978084 
11 2 13 7 1 0 0.495642471092514 
12 1 13 0 0 1 0.16896819077240066 
1 1 1 0 4 0 0.3585915510419566 
---
3 17 29.337993421052634 1.0 5
0 2 0 1 2 0 0.5269400206784028 
---
3 18 21.38157894736842 2.0 5
7 7 4 8 4 1 0.20190332605344197 
1 1 1 0 4 0 0.3585915510419566 
---
3 19 20.02467105263158 3.0 5
7 7 4 8 4 1 0.20190332605344197 
12 7 13 2 0 1 0.28066869061978084 
1 1 1 0 4 0 0.3585915510419566 
---
3 20 17.454769736842106 4.0 5
1 1 1 0 4 0 0.3585915510419566 
7 7 4 8 4 1 0.20190332605344197 
11 2 13 7 1 0 0.495642471092514 
12 1 13 0 0 1 0.16896819077240066 
---
3 21 15.810032894736842 7.0 5
2 11 7 0 4 0 0.6930975347884416 
4 4 7 8 2 0 0.30385000083034597 
11 2 13 7 1 0 0.495642471092514 
1 1 1 0 4 0 0.3585915510419566 
11 7 13 2 7 0 0.32574801858855185 
12 1 13 0 0 1 0.16896819077240066 
7 7 4 8 4 1 0.20190332605344197 
---
3 22 15.357730263157896 8.0 5
1 1 1 4 4 0 0.38580174617825547 
7 7 4 8 4 1 0.20190332605344197 
12 7 13 2 0 1 0.28066869061978084 
1 1 1 4 14 0 0.7279361979807051 
2 11 7 0 4 0 0.6930975347884416 
11 7 13 2 7 0 0.32574801858855185 
11 2 13 7 1 0 0.495642471092514 
12 1 13 0 0 1 0.16896819077240066 
---
3 23 14.864309210526317 9.0 5
4 4 7 8 2 0 0.30385000083034597 
12 7 13 2 0 1 0.28066869061978084 
2 11 7 0 4 0 0.6930975347884416 
7 7 4 8 4 1 0.20190332605344197 
1 1 1 4 4 0 0.38580174617825547 
12 1 13 0 0 1 0.16896819077240066 
5 1 0 0 7 0 0.9786739559011013 
11 7 13 2 7 0 0.32574801858855185 
11 2 13 7 1 0 0.495642471092514 
---
3 24 16.30345394736842 5.0 5
11 2 13 7 1 0 0.495642471092514 
12 1 13 0 0 1 0.16896819077240066 
7 7 4 8 4 1 0.20190332605344197 
1 1 1 0 4 0 0.3585915510419566 
11 7 13 2 7 0 0.32574801858855185 
---
3 25 15.912828947368421 6.0 5
1 1 1 0 4 0 0.3585915510419566 
12 7 13 2 0 1 0.28066869061978084 
11 2 13 7 1 0 0.495642471092514 
11 7 13 2 7 0 0.32574801858855185 
7 7 4 8 4 1 0.20190332605344197 
12 1 13 0 0 1 0.16896819077240066 
---
3 26 29.337993421052634 1.0 5
0 2 0 1 2 0 0.5269400206784028 
---
3 27 21.38157894736842 2.0 5
7 7 4 8 4 1 0.20190332605344197 
1 1 1 0 4 0 0.3585915510419566 
---
3 28 20.02467105263158 3.0 5
1 1 1 0 4 0 0.3585915510419566 
7 7 4 8 4 1 0.20190332605344197 
12 7 13 2 0 1 0.28066869061978084 
---
3 29 17.454769736842106 4.0 5
1 1 1 0 4 0 0.3585915510419566 
7 7 4 8 4 1 0.20190332605344197 
11 2 13 7 1 0 0.495642471092514 
12 1 13 0 0 1 0.16896819077240066 
---
3 30 15.810032894736842 7.0 5
2 11 7 0 4 0 0.6930975347884416 
4 4 7 8 2 0 0.30385000083034597 
11 2 13 7 1 0 0.495642471092514 
1 1 1 0 4 0 0.3585915510419566 
11 7 13 2 7 0 0.32574801858855185 
12 1 13 0 0 1 0.16896819077240066 
7 7 4 8 4 1 0.20190332605344197 
---
3 31 15.357730263157896 8.0 5
1 1 1 4 4 0 0.38580174617825547 
7 7 4 8 4 1 0.20190332605344197 
12 7 13 2 0 1 0.28066869061978084 
1 1 1 4 14 0 0.7279361979807051 
2 11 7 0 4 0 0.6930975347884416 
11 7 13 2 7 0 0.32574801858855185 
11 2 13 7 1 0 0.495642471092514 
12 1 13 0 0 1 0.16896819077240066 
---
3 32 14.864309210526317 9.0 5
4 4 7 8 2 0 0.30385000083034597 
12 7 13 2 0 1 0.28066869061978084 
2 11 7 0 4 0 0.6930975347884416 
7 7 4 8 4 1 0.20190332605344197 
1 1 1 4 4 0 0.38580174617825547 
12 1 13 0 0 1 0.16896819077240066 
5 1 0 0 7 0 0.9786739559011013 
11 7 13 2 7 0 0.32574801858855185 
11 2 13 7 1 0 0.495642471092514 
---
3 33 16.30345394736842 5.0 5
12 1 13 0 0 1 0.16896819077240066 
7 7 4 8 4 1 0.20190332605344197 
1 1 1 0 4 0 0.3585915510419566 
11 7 13 2 7 0 0.32574801858855185 
11 2 13 7 1 0 0.495642471092514 
---
3 34 15.912828947368421 6.0 5
12 7 13 2 0 1 0.28066869061978084 
7 7 4 8 4 1 0.20190332605344197 
1 1 1 0 4 0 0.3585915510419566 
11 7 13 2 7 0 0.32574801858855185 
12 1 13 0 0 1 0.16896819077240066 
11 2 13 7 1 0 0.495642471092514 
---
3 35 29.337993421052634 1.0 5
0 0 0 1 2 0 0.45240254488605625 
---
3 36 21.38157894736842 2.0 5
1 1 1 0 4 0 0.3585915510419566 
7 7 4 8 4 1 0.20190332605344197 
---
3 37 20.02467105263158 3.0 5
1 1 1 0 4 0 0.3585915510419566 
7 7 4 8 4 1 0.20190332605344197 
12 7 13 2 0 1 0.28066869061978084 
---
3 38 15.810032894736842 7.0 5
2 11 7 0 4 0 0.6930975347884416 
4 4 7 8 2 0 0.30385000083034597 
11 2 13 7 1 0 0.495642471092514 
1 1 1 0 4 0 0.3585915510419566 
11 7 13 2 7 0 0.32574801858855185 
12 1 13 0 0 1 0.16896819077240066 
7 7 4 8 4 1 0.20190332605344197 
---
3 39 15.357730263157896 8.0 5
1 1 1 4 4 0 0.38580174617825547 
7 7 4 8 4 1 0.20190332605344197 
12 7 13 2 0 1 0.28066869061978084 
1 1 1 4 14 0 0.7279361979807051 
2 11 7 0 4 0 0.6930975347884416 
11 7 13 2 7 0 0.32574801858855185 
11 2 13 7 1 0 0.495642471092514 
12 1 13 0 0 1 0.16896819077240066 
---
3 40 14.864309210526317 9.0 5
4 4 7 8 2 0 0.30385000083034597 
12 7 13 2 0 1 0.28066869061978084 
2 11 7 0 4 0 0.6930975347884416 
7 7 4 8 4 1 0.20190332605344197 
1 1 1 4 4 0 0.38580174617825547 
12 1 13 0 0 1 0.16896819077240066 
5 1 0 0 7 0 0.9786739559011013 
11 7 13 2 7 0 0.32574801858855185 
11 2 13 7 1 0 0.495642471092514 
---
3 41 16.30345394736842 5.0 5
12 1 13 0 0 1 0.16896819077240066 
7 7 4 8 4 1 0.20190332605344197 
1 1 1 0 4 0 0.3585915510419566 
11 7 13 2 7 0 0.32574801858855185 
11 2 13 7 1 0 0.495642471092514 
---
3 42 15.912828947368421 6.0 5
11 2 13 7 1 0 0.495642471092514 
12 1 13 0 0 1 0.16896819077240066 
11 7 13 2 7 0 0.32574801858855185 
1 1 1 0 4 0 0.3585915510419566 
7 7 4 8 4 1 0.20190332605344197 
12 7 13 2 0 1 0.28066869061978084 
---
3 43 21.38157894736842 2.0 5
7 7 4 8 4 1 0.20190332605344197 
1 1 1 0 4 0 0.3585915510419566 
---
3 44 20.02467105263158 3.0 5
1 1 1 0 4 0 0.3585915510419566 
7 7 4 8 4 1 0.20190332605344197 
12 7 13 2 0 1 0.28066869061978084 
---
3 45 15.810032894736842 7.0 5
2 11 7 0 4 0 0.6930975347884416 
4 4 7 8 2 0 0.30385000083034597 
11 2 13 7 1 0 0.495642471092514 
1 1 1 0 4 0 0.3585915510419566 
11 7 13 2 7 0 0.32574801858855185 
12 1 13 0 0 1 0.16896819077240066 
7 7 4 8 4 1 0.20190332605344197 
---
3 46 14.864309210526317 9.0 5
4 4 7 8 2 0 0.30385000083034597 
12 7 13 2 0 1 0.28066869061978084 
2 11 7 0 4 0 0.6930975347884416 
7 7 4 8 4 1 0.20190332605344197 
1 1 1 4 4 0 0.38580174617825547 
12 1 13 0 0 1 0.16896819077240066 
5 1 0 0 7 0 0.9786739559011013 
11 7 13 2 7 0 0.32574801858855185 
11 2 13 7 1 0 0.495642471092514 
---
3 47 16.30345394736842 5.0 5
7 7 4 8 4 1 0.20190332605344197 
11 7 13 2 7 0 0.32574801858855185 
11 2 13 7 1 0 0.495642471092514 
12 1 13 0 0 1 0.16896819077240066 
1 1 1 0 4 0 0.3585915510419566 
---
3 48 15.912828947368421 6.0 5
11 7 13 2 7 0 0.32574801858855185 
12 1 13 0 0 1 0.16896819077240066 
1 1 1 0 4 0 0.3585915510419566 
11 2 13 7 1 0 0.495642471092514 
12 7 13 2 0 1 0.28066869061978084 
7 7 4 8 4 1 0.20190332605344197 
---
3 49 29.337993421052634 1.0 5
0 0 0 1 2 0 0.45240254488605625 
---
3 50 21.38157894736842 2.0 5
7 7 4 8 4 1 0.20190332605344197 
1 1 1 0 4 0 0.3585915510419566 
---
3 51 20.02467105263158 3.0 5
1 1 1 0 4 0 0.3585915510419566 
7 7 4 8 4 1 0.20190332605344197 
12 7 13 2 0 1 0.28066869061978084 
---
3 52 17.454769736842106 4.0 5
1 1 1 0 4 0 0.3585915510419566 
11 2 13 7 1 0 0.495642471092514 
7 7 4 8 4 1 0.20190332605344197 
12 1 13 0 0 1 0.16896819077240066 
---
3 53 15.810032894736842 7.0 5
2 11 7 0 4 0 0.6930975347884416 
4 4 7 8 2 0 0.30385000083034597 
11 2 13 7 1 0 0.495642471092514 
1 1 1 0 4 0 0.3585915510419566 
11 7 13 2 7 0 0.32574801858855185 
12 1 13 0 0 1 0.16896819077240066 
7 7 4 8 4 1 0.20190332605344197 
---
3 54 14.864309210526317 9.0 5
4 4 7 8 2 0 0.30385000083034597 
12 7 13 2 0 1 0.28066869061978084 
2 11 7 0 4 0 0.6930975347884416 
7 7 4 8 4 1 0.20190332605344197 
1 1 1 4 4 0 0.38580174617825547 
12 1 13 0 0 1 0.16896819077240066 
5 1 0 0 7 0 0.9786739559011013 
11 7 13 2 7 0 0.32574801858855185 
11 2 13 7 1 0 0.495642471092514 
---
4 0 29.337993421052634 1.0 5
0 2 0 1 0 0 0.5726224404744158 
---
4 1 14.864309210526317 9.0 5
11 2 13 7 1 0 0.495642471092514 
1 1 1 4 4 0 0.38580174617825547 
4 4 7 8 2 0 0.30385000083034597 
12 1 13 0 0 1 0.16896819077240066 
7 7 4 8 4 1 0.20190332605344197 
2 11 7 0 4 0 0.6930975347884416 
5 1 0 0 7 0 0.9786739559011013 
11 7 13 2 7 0 0.32574801858855185 
12 7 13 2 0 1 0.28066869061978084 
---
4 2 21.38157894736842 2.0 5
1 1 1 0 4 0 0.3585915510419566 
7 7 4 8 4 1 0.20190332605344197 
---
4 3 20.02467105263158 3.0 5
12 7 13 2 0 1 0.28066869061978084 
7 7 4 8 4 1 0.20190332605344197 
1 1 1 0 4 0 0.3585915510419566 
---
4 4 17.454769736842106 4.0 5
11 2 13 7 1 0 0.495642471092514 
1 1 1 0 4 0 0.3585915510419566 
12 1 13 0 0 1 0.16896819077240066 
7 7 4 8 4 1 0.20190332605344197 
---
4 5 15.542763157894738 7.0 5
7 7 4 8 4 1 0.20190332605344197 
1 1 1 4 4 0 0.38580174617825547 
2 11 7 0 4 0 0.6930975347884416 
11 2 13 7 1 0 0.495642471092514 
11 7 13 2 7 0 0.32574801858855185 
4 4 7 8 2 0 0.30385000083034597 
12 1 13 0 0 1 0.16896819077240066 
---
4 6 21.38157894736842 2.0 5
1 1 1 0 4 0 0.3585915510419566 
7 7 4 8 4 1 0.20190332605344197 
---
4 7 20.02467105263158 3.0 5
7 7 4 8 4 1 0.20190332605344197 
1 1 1 0 4 0 0.3585915510419566 
12 7 13 2 0 1 0.28066869061978084 
---
4 8 17.454769736842106 4.0 5
11 2 13 7 1 0 0.495642471092514 
12 1 13 0 0 1 0.16896819077240066 
1 1 1 0 4 0 0.3585915510419566 
7 7 4 8 4 1 0.20190332605344197 
---
4 9 16.30345394736842 5.0 5
11 7 13 2 7 0 0.32574801858855185 
12 1 13 0 0 1 0.16896819077240066 
1 1 1 0 4 0 0.3585915510419566 
11 2 13 7 1 0 0.495642471092514 
7 7 4 8 4 1 0.20190332605344197 
---
4 10 15.912828947368421 6.0 5
11 2 13 7 1 0 0.495642471092514 
12 7 13 2 0 1 0.28066869061978084 
11 7 13 2 7 0 0.32574801858855185 
12 1 13 0 0 1 0.16896819077240066 
7 7 4 8 4 1 0.20190332605344197 
1 1 1 0 4 0 0.3585915510419566 
---
4 11 16.30345394736842 5.0 5
11 7 13 2 7 0 0.32574801858855185 
12 1 13 0 0 1 0.16896819077240066 
1 1 1 0 4 0 0.3585915510419566 
11 2 13 7 1 0 0.495642471092514 
7 7 4 8 4 1 0.20190332605344197 
---
4 12 14.987664473684212 8.0 5
11 7 13 2 7 0 0.32574801858855185 
2 11 7 0 4 0 0.6930975347884416 
12 1 13 0 0 1 0.16896819077240066 
11 2 13 7 1 0 0.495642471092514 
12 7 13 2 0 1 0.28066869061978084 
1 1 1 4 4 0 0.38580174617825547 
7 7 4 8 4 1 0.20190332605344197 
5 1 0 0 7 0 0.9786739559011013 
---
4 13 15.912828947368421 6.0 5
11 2 13 7 1 0 0.495642471092514 
12 7 13 2 0 1 0.28066869061978084 
11 7 13 2 7 0 0.32574801858855185 
12 1 13 0 0 1 0.16896819077240066 
7 7 4 8 4 1 0.20190332605344197 
1 1 1 0 4 0 0.3585915510419566 
---
4 14 14.987664473684212 8.0 5
12 1 13 0 0 1 0.16896819077240066 
5 1 0 0 7 0 0.9786739559011013 
1 1 1 4 4 0 0.38580174617825547 
12 7 13 2 0 1 0.28066869061978084 
2 11 7 0 4 0 0.6930975347884416 
11 2 13 7 1 0 0.495642471092514 
7 7 4 8 4 1 0.20190332605344197 
11 7 13 2 7 0 0.32574801858855185 
---
4 15 14.864309210526317 9.0 5
11 2 13 7 1 0 0.495642471092514 
1 1 1 4 4 0 0.38580174617825547 
4 4 7 8 2 0 0.30385000083034597 
12 1 13 0 0 1 0.16896819077240066 
7 7 4 8 4 1 0.20190332605344197 
2 11 7 0 4 0 0.6930975347884416 
5 1 0 0 7 0 0.9786739559011013 
11 7 13 2 7 0 0.32574801858855185 
12 7 13 2 0 1 0.28066869061978084 
---
4 16 21.38157894736842 2.0 5
1 1 1 0 4 0 0.3585915510419566 
7 7 4 8 4 1 0.20190332605344197 
---
4 17 20.02467105263158 3.0 5
1 1 1 0 4 0 0.3585915510419566 
7 7 4 8 4 1 0.20190332605344197 
12 7 13 2 0 1 0.28066869061978084 
---
4 18 17.454769736842106 4.0 5
11 2 13 7 1 0 0.495642471092514 
12 1 13 0 0 1 0.16896819077240066 
1 1 1 0 4 0 0.3585915510419566 
7 7 4 8 4 1 0.20190332605344197 
---
4 19 16.30345394736842 5.0 5
11 7 13 2 7 0 0.32574801858855185 
12 1 13 0 0 1 0.16896819077240066 
1 1 1 0 4 0 0.3585915510419566 
11 2 13 7 1 0 0.495642471092514 
7 7 4 8 4 1 0.20190332605344197 
---
4 20 15.912828947368421 6.0 5
12 7 13 2 0 1 0.28066869061978084 
7 7 4 8 4 1 0.20190332605344197 
1 1 1 0 4 0 0.3585915510419566 
12 1 13 0 0 1 0.16896819077240066 
11 2 13 7 1 0 0.495642471092514 
11 7 13 2 7 0 0.32574801858855185 
---
4 21 14.987664473684212 8.0 5
12 1 13 0 0 1 0.16896819077240066 
5 1 0 0 7 0 0.9786739559011013 
1 1 1 4 4 0 0.38580174617825547 
12 7 13 2 0 1 0.28066869061978084 
2 11 7 0 4 0 0.6930975347884416 
11 2 13 7 1 0 0.495642471092514 
7 7 4 8 4 1 0.20190332605344197 
11 7 13 2 7 0 0.32574801858855185 
---
4 22 14.864309210526317 9.0 5
11 2 13 7 1 0 0.495642471092514 
1 1 1 4 4 0 0.38580174617825547 
4 4 7 8 2 0 0.30385000083034597 
12 1 13 0 0 1 0.16896819077240066 
7 7 4 8 4 1 0.20190332605344197 
2 11 7 0 4 0 0.6930975347884416 
5 1 0 0 7 0 0.9786739559011013 
11 7 13 2 7 0 0.32574801858855185 
12 7 13 2 0 1 0.28066869061978084 
---
4 23 21.38157894736842 2.0 5
7 7 4 8 4 1 0.20190332605344197 
1 1 1 0 4 0 0.3585915510419566 
---
4 24 20.02467105263158 3.0 5
12 7 13 2 0 1 0.28066869061978084 
1 1 1 0 4 0 0.3585915510419566 
7 7 4 8 4 1 0.20190332605344197 
---
4 25 17.454769736842106 4.0 5
12 1 13 0 0 1 0.16896819077240066 
11 2 13 7 1 0 0.495642471092514 
1 1 1 0 4 0 0.3585915510419566 
7 7 4 8 4 1 0.20190332605344197 
---
4 26 16.30345394736842 5.0 5
11 7 13 2 7 0 0.32574801858855185 
12 1 13 0 0 1 0.16896819077240066 
1 1 1 0 4 0 0.3585915510419566 
11 2 13 7 1 0 0.495642471092514 
7 7 4 8 4 1 0.20190332605344197 
---
4 27 15.912828947368421 6.0 5
11 2 13 7 1 0 0.495642471092514 
12 7 13 2 0 1 0.28066869061978084 
11 7 13 2 7 0 0.32574801858855185 
12 1 13 0 0 1 0.16896819077240066 
7 7 4 8 4 1 0.20190332605344197 
1 1 1 0 4 0 0.3585915510419566 
---
4 28 14.987664473684212 8.0 5
11 7 13 2 7 0 0.32574801858855185 
2 11 7 0 4 0 0.6930975347884416 
12 1 13 0 0 1 0.16896819077240066 
11 2 13 7 1 0 0.495642471092514 
12 7 13 2 0 1 0.28066869061978084 
1 1 1 4 4 0 0.38580174617825547 
7 7 4 8 4 1 0.20190332605344197 
5 1 0 0 7 0 0.9786739559011013 
---
4 29 14.864309210526317 9.0 5
11 2 13 7 1 0 0.495642471092514 
1 1 1 4 4 0 0.38580174617825547 
4 4 7 8 2 0 0.30385000083034597 
12 1 13 0 0 1 0.16896819077240066 
7 7 4 8 4 1 0.20190332605344197 
2 11 7 0 4 0 0.6930975347884416 
5 1 0 0 7 0 0.9786739559011013 
11 7 13 2 7 0 0.32574801858855185 
12 7 13 2 0 1 0.28066869061978084 
---
4 30 21.38157894736842 2.0 5
7 7 4 8 4 1 0.20190332605344197 
1 1 1 0 4 0 0.3585915510419566 
---
4 31 20.02467105263158 3.0 5
12 7 13 2 0 1 0.28066869061978084 
7 7 4 8 4 1 0.20190332605344197 
1 1 1 0 4 0 0.3585915510419566 
---
4 32 17.454769736842106 4.0 5
11 2 13 7 1 0 0.495642471092514 
12 1 13 0 0 1 0.16896819077240066 
1 1 1 0 4 0 0.3585915510419566 
7 7 4 8 4 1 0.20190332605344197 
---
4 33 16.30345394736842 5.0 5
11 7 13 2 7 0 0.32574801858855185 
12 1 13 0 0 1 0.16896819077240066 
1 1 1 0 4 0 0.3585915510419566 
11 2 13 7 1 0 0.495642471092514 
7 7 4 8 4 1 0.20190332605344197 
---
4 34 15.912828947368421 6.0 5
11 2 13 7 1 0 0.495642471092514 
12 7 13 2 0 1 0.28066869061978084 
11 7 13 2 7 0 0.32574801858855185 
12 1 13 0 0 1 0.16896819077240066 
7 7 4 8 4 1 0.20190332605344197 
1 1 1 0 4 0 0.3585915510419566 
---
4 35 14.987664473684212 8.0 5
12 1 13 0 0 1 0.16896819077240066 
5 1 0 0 7 0 0.9786739559011013 
1 1 1 4 4 0 0.38580174617825547 
12 7 13 2 0 1 0.28066869061978084 
2 11 7 0 4 0 0.6930975347884416 
11 2 13 7 1 0 0.495642471092514 
7 7 4 8 4 1 0.20190332605344197 
11 7 13 2 7 0 0.32574801858855185 
---
4 36 29.337993421052634 1.0 5
0 2 0 1 0 0 0.5726224404744158 
---
4 37 14.864309210526317 9.0 5
11 2 13 7 1 0 0.495642471092514 
1 1 1 4 4 0 0.38580174617825547 
4 4 7 8 2 0 0.30385000083034597 
12 1 13 0 0 1 0.16896819077240066 
7 7 4 8 4 1 0.20190332605344197 
2 11 7 0 4 0 0.6930975347884416 
5 1 0 0 7 0 0.9786739559011013 
11 7 13 2 7 0 0.32574801858855185 
12 7 13 2 0 1 0.28066869061978084 
---
4 38 21.38157894736842 2.0 5
7 7 4 8 4 1 0.20190332605344197 
1 1 1 0 4 0 0.3585915510419566 
---
4 39 20.02467105263158 3.0 5
1 1 1 0 4 0 0.3585915510419566 
7 7 4 8 4 1 0.20190332605344197 
12 7 13 2 0 1 0.28066869061978084 
---
4 40 17.454769736842106 4.0 5
11 2 13 7 1 0 0.495642471092514 
12 1 13 0 0 1 0.16896819077240066 
1 1 1 0 4 0 0.3585915510419566 
7 7 4 8 4 1 0.20190332605344197 
---
4 41 16.30345394736842 5.0 5
11 7 13 2 7 0 0.32574801858855185 
1 1 1 0 4 0 0.3585915510419566 
12 1 13 0 0 1 0.16896819077240066 
11 2 13 7 1 0 0.495642471092514 
7 7 4 8 4 1 0.20190332605344197 
---
4 42 15.912828947368421 6.0 5
1 1 1 0 4 0 0.3585915510419566 
7 7 4 8 4 1 0.20190332605344197 
11 2 13 7 1 0 0.495642471092514 
12 7 13 2 0 1 0.28066869061978084 
12 1 13 0 0 1 0.16896819077240066 
11 7 13 2 7 0 0.32574801858855185 
---
4 43 14.987664473684212 8.0 5
12 1 13 0 0 1 0.16896819077240066 
5 1 0 0 7 0 0.9786739559011013 
1 1 1 4 4 0 0.38580174617825547 
12 7 13 2 0 1 0.28066869061978084 
2 11 7 0 4 0 0.6930975347884416 
11 2 13 7 1 0 0.495642471092514 
7 7 4 8 4 1 0.20190332605344197 
11 7 13 2 7 0 0.32574801858855185 
---
4 44 29.337993421052634 1.0 5
0 2 0 1 0 0 0.5726224404744158 
---
4 45 14.864309210526317 9.0 5
11 2 13 7 1 0 0.495642471092514 
1 1 1 4 4 0 0.38580174617825547 
4 4 7 8 2 0 0.30385000083034597 
12 1 13 0 0 1 0.16896819077240066 
7 7 4 8 4 1 0.20190332605344197 
2 11 7 0 4 0 0.6930975347884416 
5 1 0 0 7 0 0.9786739559011013 
11 7 13 2 7 0 0.32574801858855185 
12 7 13 2 0 1 0.28066869061978084 
---
4 46 21.38157894736842 2.0 5
7 7 4 8 4 1 0.20190332605344197 
1 1 1 0 4 0 0.3585915510419566 
---
4 47 20.02467105263158 3.0 5
12 7 13 2 0 1 0.28066869061978084 
7 7 4 8 4 1 0.20190332605344197 
1 1 1 0 4 0 0.3585915510419566 
---
4 48 17.454769736842106 4.0 5
11 2 13 7 1 0 0.495642471092514 
12 1 13 0 0 1 0.16896819077240066 
1 1 1 0 4 0 0.3585915510419566 
7 7 4 8 4 1 0.20190332605344197 
---
4 49 16.30345394736842 5.0 5
11 7 13 2 7 0 0.32574801858855185 
12 1 13 0 0 1 0.16896819077240066 
1 1 1 0 4 0 0.3585915510419566 
11 2 13 7 1 0 0.495642471092514 
7 7 4 8 4 1 0.20190332605344197 
---
4 50 15.912828947368421 6.0 5
11 2 13 7 1 0 0.495642471092514 
12 7 13 2 0 1 0.28066869061978084 
11 7 13 2 7 0 0.32574801858855185 
12 1 13 0 0 1 0.16896819077240066 
7 7 4 8 4 1 0.20190332605344197 
1 1 1 0 4 0 0.3585915510419566 
---
4 51 14.864309210526317 9.0 5
11 2 13 7 1 0 0.495642471092514 
1 1 1 4 4 0 0.38580174617825547 
4 4 7 8 2 0 0.30385000083034597 
12 1 13 0 0 1 0.16896819077240066 
7 7 4 8 4 1 0.20190332605344197 
2 11 7 0 4 0 0.6930975347884416 
5 1 0 0 7 0 0.9786739559011013 
11 7 13 2 7 0 0.32574801858855185 
12 7 13 2 0 1 0.28066869061978084 
---
4 52 21.38157894736842 2.0 5
7 7 4 8 4 1 0.20190332605344197 
1 1 1 0 4 0 0.3585915510419566 
---
4 53 20.02467105263158 3.0 5
1 1 1 0 4 0 0.3585915510419566 
7 7 4 8 4 1 0.20190332605344197 
12 7 13 2 0 1 0.28066869061978084 
---
4 54 17.454769736842106 4.0 5
11 2 13 7 1 0 0.495642471092514 
12 1 13 0 0 1 0.16896819077240066 
1 1 1 0 4 0 0.3585915510419566 
7 7 4 8 4 1 0.20190332605344197 
---
4 55 16.30345394736842 5.0 5
11 7 13 2 7 0 0.32574801858855185 
12 1 13 0 0 1 0.16896819077240066 
1 1 1 0 4 0 0.3585915510419566 
11 2 13 7 1 0 0.495642471092514 
7 7 4 8 4 1 0.20190332605344197 
