---
0 0 29.35855263157895 1.0 5
0 2 0 0 0 0 0.48108155820860476 
---
0 1 15.830592105263158 6.0 5
1 1 7 0 1 0 0.47863352990687225 
7 7 12 8 1 1 0.27597145071983675 
12 4 13 2 0 1 0.15037652966424142 
11 1 13 4 7 0 0.3681644656444292 
5 1 2 1 1 0 0.9883571905064522 
12 7 13 4 0 1 0.19420197609374212 
---
0 2 24.054276315789476 2.0 5
12 4 13 2 0 1 0.15037652966424142 
0 2 4 2 1 0 0.36966821202331657 
---
0 3 24.054276315789476 2.0 5
12 4 13 2 0 1 0.15037652966424142 
0 2 4 2 1 0 0.36966821202331657 
---
0 4 20.538651315789476 3.0 5
12 4 13 2 0 1 0.15037652966424142 
7 7 12 8 1 1 0.27597145071983675 
0 2 4 2 1 0 0.36966821202331657 
---
0 5 20.538651315789476 3.0 5
12 4 13 2 0 1 0.15037652966424142 
7 7 12 8 1 1 0.27597145071983675 
0 2 4 2 1 0 0.36966821202331657 
---
0 6 16.858552631578945 4.0 5
7 7 12 8 1 1 0.27597145071983675 
11 1 13 4 7 0 0.3681644656444292 
1 1 7 0 1 0 0.47863352990687225 
12 7 13 4 0 1 0.19420197609374212 
---
0 7 16.858552631578945 4.0 5
7 7 12 8 1 1 0.27597145071983675 
11 1 13 4 7 0 0.3681644656444292 
1 1 7 0 1 0 0.47863352990687225 
12 7 13 4 0 1 0.19420197609374212 
---
0 8 16.138980263157894 5.0 5
11 1 13 4 7 0 0.3681644656444292 
12 7 13 4 0 1 0.19420197609374212 
1 1 7 0 1 0 0.47863352990687225 
12 4 13 2 0 1 0.15037652966424142 
7 7 12 8 1 1 0.27597145071983675 
---
0 9 16.138980263157894 5.0 5
12 7 13 4 0 1 0.19420197609374212 
11 1 13 4 7 0 0.3681644656444292 
7 7 12 8 1 1 0.27597145071983675 
12 4 13 2 0 1 0.15037652966424142 
1 1 7 0 1 0 0.47863352990687225 
---
0 10 15.830592105263158 6.0 5
1 1 7 0 1 0 0.47863352990687225 
7 7 12 8 1 1 0.27597145071983675 
12 4 13 2 0 1 0.15037652966424142 
11 1 13 4 7 0 0.3681644656444292 
5 1 2 1 1 0 0.9883571905064522 
12 7 13 4 0 1 0.19420197609374212 
---
0 11 24.054276315789476 2.0 5
0 2 4 2 1 0 0.36966821202331657 
12 4 13 2 0 1 0.15037652966424142 
---
0 12 20.538651315789476 3.0 5
12 4 13 2 0 1 0.15037652966424142 
7 7 12 8 1 1 0.27597145071983675 
0 2 4 2 1 0 0.36966821202331657 
---
0 13 16.858552631578945 4.0 5
7 7 12 8 1 1 0.27597145071983675 
12 7 13 4 0 1 0.19420197609374212 
1 1 7 0 1 0 0.47863352990687225 
11 1 13 4 7 0 0.3681644656444292 
---
0 14 16.138980263157894 5.0 5
11 1 13 4 7 0 0.3681644656444292 
12 7 13 4 0 1 0.19420197609374212 
1 1 7 0 1 0 0.47863352990687225 
12 4 13 2 0 1 0.15037652966424142 
7 7 12 8 1 1 0.27597145071983675 
---
0 15 15.830592105263158 6.0 5
12 4 13 2 0 1 0.15037652966424142 
7 7 12 8 1 1 0.27597145071983675 
5 1 2 1 1 0 0.9883571905064522 
12 7 13 4 0 1 0.19420197609374212 
11 1 13 4 7 0 0.3681644656444292 
1 1 7 0 1 0 0.47863352990687225 
---
0 16 20.538651315789476 3.0 5
12 4 13 2 0 1 0.15037652966424142 
7 7 12 8 1 1 0.27597145071983675 
0 2 4 2 1 0 0.36966821202331657 
---
0 17 16.858552631578945 4.0 5
7 7 12 8 1 1 0.27597145071983675 
1 1 7 0 1 0 0.47863352990687225 
12 7 13 4 0 1 0.19420197609374212 
11 1 13 4 7 0 0.3681644656444292 
---
0 18 16.138980263157894 5.0 5
11 1 13 4 7 0 0.3681644656444292 
12 7 13 4 0 1 0.19420197609374212 
1 1 7 0 1 0 0.47863352990687225 
12 4 13 2 0 1 0.15037652966424142 
7 7 12 8 1 1 0.27597145071983675 
---
0 19 29.35855263157895 1.0 5
0 2 0 0 0 0 0.48108155820860476 
---
0 20 15.830592105263158 6.0 5
12 4 13 2 0 1 0.15037652966424142 
7 7 12 8 1 1 0.27597145071983675 
5 1 2 1 1 0 0.9883571905064522 
12 7 13 4 0 1 0.19420197609374212 
11 1 13 4 7 0 0.3681644656444292 
1 1 7 0 1 0 0.47863352990687225 
---
0 21 20.538651315789476 3.0 5
12 4 13 2 0 1 0.15037652966424142 
7 7 12 8 1 1 0.27597145071983675 
0 2 4 2 1 0 0.36966821202331657 
---
0 22 16.858552631578945 4.0 5
12 7 13 4 0 1 0.19420197609374212 
1 1 7 0 1 0 0.47863352990687225 
7 7 12 8 1 1 0.27597145071983675 
11 1 13 4 7 0 0.3681644656444292 
---
0 23 16.138980263157894 5.0 5
11 1 13 4 7 0 0.3681644656444292 
12 7 13 4 0 1 0.19420197609374212 
1 1 7 0 1 0 0.47863352990687225 
12 4 13 2 0 1 0.15037652966424142 
7 7 12 8 1 1 0.27597145071983675 
---
0 24 29.35855263157895 1.0 5
0 2 0 0 0 0 0.48108155820860476 
---
0 25 15.830592105263158 6.0 5
12 4 13 2 0 1 0.15037652966424142 
7 7 12 8 1 1 0.27597145071983675 
5 1 2 1 1 0 0.9883571905064522 
12 7 13 4 0 1 0.19420197609374212 
11 1 13 4 7 0 0.3681644656444292 
1 1 7 0 1 0 0.47863352990687225 
---
0 26 20.538651315789476 3.0 5
12 4 13 2 0 1 0.15037652966424142 
7 7 12 8 1 1 0.27597145071983675 
0 2 4 2 1 0 0.36966821202331657 
---
0 27 16.858552631578945 4.0 5
7 7 12 8 1 1 0.27597145071983675 
12 7 13 4 0 1 0.19420197609374212 
11 1 13 4 7 0 0.3681644656444292 
1 1 7 0 1 0 0.47863352990687225 
---
0 28 16.138980263157894 5.0 5
11 1 13 4 7 0 0.3681644656444292 
12 7 13 4 0 1 0.19420197609374212 
1 1 7 0 1 0 0.47863352990687225 
12 4 13 2 0 1 0.15037652966424142 
7 7 12 8 1 1 0.27597145071983675 
---
0 29 29.35855263157895 1.0 5
0 2 0 0 0 0 0.48108155820860476 
---
0 30 15.830592105263158 6.0 5
7 7 12 8 1 1 0.27597145071983675 
12 7 13 4 0 1 0.19420197609374212 
11 1 13 4 7 0 0.3681644656444292 
12 4 13 2 0 1 0.15037652966424142 
1 1 7 0 1 0 0.47863352990687225 
5 1 2 1 1 0 0.9883571905064522 
---
0 31 20.538651315789476 3.0 5
12 4 13 2 0 1 0.15037652966424142 
7 7 12 8 1 1 0.27597145071983675 
0 2 4 2 1 0 0.36966821202331657 
---
0 32 16.858552631578945 4.0 5
11 1 13 4 7 0 0.3681644656444292 
1 1 7 0 1 0 0.47863352990687225 
7 7 12 8 1 1 0.27597145071983675 
12 7 13 4 0 1 0.19420197609374212 
---
0 33 16.138980263157894 5.0 5
11 1 13 4 7 0 0.3681644656444292 
12 7 13 4 0 1 0.19420197609374212 
1 1 7 0 1 0 0.47863352990687225 
12 4 13 2 0 1 0.15037652966424142 
7 7 12 8 1 1 0.27597145071983675 
---
0 34 15.830592105263158 6.0 5
1 1 7 0 1 0 0.47863352990687225 
7 7 12 8 1 1 0.27597145071983675 
12 4 13 2 0 1 0.15037652966424142 
11 1 13 4 7 0 0.3681644656444292 
5 1 2 1 1 0 0.9883571905064522 
12 7 13 4 0 1 0.19420197609374212 
---
0 35 20.538651315789476 3.0 5
12 4 13 2 0 1 0.15037652966424142 
7 7 12 8 1 1 0.27597145071983675 
0 2 4 2 1 0 0.36966821202331657 
---
0 36 16.858552631578945 4.0 5
11 1 13 4 7 0 0.3681644656444292 
12 7 13 4 0 1 0.19420197609374212 
1 1 7 0 1 0 0.47863352990687225 
7 7 12 8 1 1 0.27597145071983675 
---
0 37 16.138980263157894 5.0 5
12 7 13 4 0 1 0.19420197609374212 
11 1 13 4 7 0 0.3681644656444292 
7 7 12 8 1 1 0.27597145071983675 
12 4 13 2 0 1 0.15037652966424142 
1 1 7 0 1 0 0.47863352990687225 
---
0 38 29.35855263157895 1.0 5
0 2 0 0 0 0 0.48108155820860476 
---
0 39 15.830592105263158 6.0 5
7 7 12 8 1 1 0.27597145071983675 
12 7 13 4 0 1 0.19420197609374212 
11 1 13 4 7 0 0.3681644656444292 
12 4 13 2 0 1 0.15037652966424142 
1 1 7 0 1 0 0.47863352990687225 
5 1 2 1 1 0 0.9883571905064522 
---
0 40 16.858552631578945 4.0 5
11 1 13 4 7 0 0.3681644656444292 
1 1 7 0 1 0 0.47863352990687225 
7 7 12 8 1 1 0.27597145071983675 
12 7 13 4 0 1 0.19420197609374212 
---
0 41 16.138980263157894 5.0 5
12 7 13 4 0 1 0.19420197609374212 
7 7 12 8 1 1 0.27597145071983675 
1 1 7 0 1 0 0.47863352990687225 
12 4 13 2 0 1 0.15037652966424142 
11 1 13 4 7 0 0.3681644656444292 
---
0 42 29.35855263157895 1.0 5
0 2 0 0 0 0 0.48108155820860476 
---
0 43 15.830592105263158 6.0 5
7 7 12 8 1 1 0.27597145071983675 
12 7 13 4 0 1 0.19420197609374212 
12 4 13 2 0 1 0.15037652966424142 
11 1 13 4 7 0 0.3681644656444292 
1 1 7 0 1 0 0.47863352990687225 
5 1 2 1 1 0 0.9883571905064522 
---
0 44 16.858552631578945 4.0 5
11 1 13 4 7 0 0.3681644656444292 
12 7 13 4 0 1 0.19420197609374212 
1 1 7 0 1 0 0.47863352990687225 
7 7 12 8 1 1 0.27597145071983675 
---
0 45 16.138980263157894 5.0 5
12 7 13 4 0 1 0.19420197609374212 
11 1 13 4 7 0 0.3681644656444292 
7 7 12 8 1 1 0.27597145071983675 
12 4 13 2 0 1 0.15037652966424142 
1 1 7 0 1 0 0.47863352990687225 
---
0 46 15.830592105263158 6.0 5
1 1 7 0 1 0 0.47863352990687225 
7 7 12 8 1 1 0.27597145071983675 
12 4 13 2 0 1 0.15037652966424142 
11 1 13 4 7 0 0.3681644656444292 
5 1 2 1 1 0 0.9883571905064522 
12 7 13 4 0 1 0.19420197609374212 
---
0 47 16.858552631578945 4.0 5
11 1 13 4 7 0 0.3681644656444292 
1 1 7 0 1 0 0.47863352990687225 
12 7 13 4 0 1 0.19420197609374212 
7 7 12 8 1 1 0.27597145071983675 
---
0 48 16.138980263157894 5.0 5
12 7 13 4 0 1 0.19420197609374212 
11 1 13 4 7 0 0.3681644656444292 
7 7 12 8 1 1 0.27597145071983675 
12 4 13 2 0 1 0.15037652966424142 
1 1 7 0 1 0 0.47863352990687225 
---
0 49 15.830592105263158 6.0 5
12 4 13 2 0 1 0.15037652966424142 
7 7 12 8 1 1 0.27597145071983675 
5 1 2 1 1 0 0.9883571905064522 
12 7 13 4 0 1 0.19420197609374212 
11 1 13 4 7 0 0.3681644656444292 
1 1 7 0 1 0 0.47863352990687225 
---
0 50 16.858552631578945 4.0 5
11 1 13 4 7 0 0.3681644656444292 
12 7 13 4 0 1 0.19420197609374212 
1 1 7 0 1 0 0.47863352990687225 
7 7 12 8 1 1 0.27597145071983675 
---
0 51 16.138980263157894 5.0 5
1 1 7 0 1 0 0.47863352990687225 
12 4 13 2 0 1 0.15037652966424142 
12 7 13 4 0 1 0.19420197609374212 
11 1 13 4 7 0 0.3681644656444292 
7 7 12 8 1 1 0.27597145071983675 
---
0 52 15.830592105263158 6.0 5
12 4 13 2 0 1 0.15037652966424142 
7 7 12 8 1 1 0.27597145071983675 
5 1 2 1 1 0 0.9883571905064522 
12 7 13 4 0 1 0.19420197609374212 
11 1 13 4 7 0 0.3681644656444292 
1 1 7 0 1 0 0.47863352990687225 
---
0 53 16.858552631578945 4.0 5
11 1 13 4 7 0 0.3681644656444292 
1 1 7 0 1 0 0.47863352990687225 
12 7 13 4 0 1 0.19420197609374212 
7 7 12 8 1 1 0.27597145071983675 
---
1 0 29.35855263157895 1.0 5
0 2 0 1 0 0 0.5543302854071503 
---
1 1 15.830592105263158 6.0 5
12 7 13 4 0 1 0.19420197609374212 
1 1 7 0 1 0 0.47863352990687225 
7 7 12 8 1 1 0.27597145071983675 
5 1 2 1 1 0 0.9883571905064522 
12 4 13 2 0 1 0.15037652966424142 
11 1 13 4 7 0 0.3681644656444292 
---
1 2 21.875 2.0 5
4 7 8 8 0 1 0.2706529856965314 
0 2 2 1 1 0 0.4821016356730421 
---
1 3 21.628289473684212 3.0 5
0 2 4 1 1 0 0.5920145048050374 
7 7 12 8 1 1 0.27597145071983675 
12 7 13 8 0 1 0.3850801218827067 
---
1 4 16.858552631578945 4.0 5
11 1 13 4 7 0 0.3681644656444292 
12 7 13 4 0 1 0.19420197609374212 
1 1 7 0 1 0 0.47863352990687225 
7 7 12 8 1 1 0.27597145071983675 
---
1 5 21.875 2.0 5
4 7 8 8 0 1 0.2706529856965314 
0 2 2 1 1 0 0.4821016356730421 
---
1 6 21.628289473684212 3.0 5
0 2 4 1 1 0 0.5920145048050374 
7 7 12 8 1 1 0.27597145071983675 
12 7 13 8 0 1 0.3850801218827067 
---
1 7 16.858552631578945 4.0 5
1 1 7 0 1 0 0.47863352990687225 
12 7 13 4 0 1 0.19420197609374212 
11 1 13 4 7 0 0.3681644656444292 
7 7 12 8 1 1 0.27597145071983675 
---
1 8 16.138980263157894 5.0 5
12 4 13 2 0 1 0.15037652966424142 
7 7 12 8 1 1 0.27597145071983675 
12 7 13 4 0 1 0.19420197609374212 
11 1 13 4 7 0 0.3681644656444292 
1 1 7 0 1 0 0.47863352990687225 
---
1 9 16.138980263157894 5.0 5
12 4 13 2 0 1 0.15037652966424142 
11 1 13 4 7 0 0.3681644656444292 
1 1 7 0 1 0 0.47863352990687225 
7 7 12 8 1 1 0.27597145071983675 
12 7 13 4 0 1 0.19420197609374212 
---
1 10 15.830592105263158 6.0 5
11 1 13 4 7 0 0.3681644656444292 
1 1 7 0 1 0 0.47863352990687225 
12 4 13 2 0 1 0.15037652966424142 
12 7 13 4 0 1 0.19420197609374212 
5 1 2 1 1 0 0.9883571905064522 
7 7 12 8 1 1 0.27597145071983675 
---
1 11 21.875 2.0 5
4 7 8 8 0 1 0.2706529856965314 
0 2 2 1 1 0 0.4821016356730421 
---
1 12 21.628289473684212 3.0 5
0 2 4 1 1 0 0.5920145048050374 
7 7 12 8 1 1 0.27597145071983675 
12 7 13 8 0 1 0.3850801218827067 
---
1 13 16.858552631578945 4.0 5
1 1 7 0 1 0 0.47863352990687225 
11 1 13 4 7 0 0.3681644656444292 
7 7 12 8 1 1 0.27597145071983675 
12 7 13 4 0 1 0.19420197609374212 
---
1 14 16.138980263157894 5.0 5
12 4 13 2 0 1 0.15037652966424142 
7 7 12 8 1 1 0.27597145071983675 
12 7 13 4 0 1 0.19420197609374212 
11 1 13 4 7 0 0.3681644656444292 
1 1 7 0 1 0 0.47863352990687225 
---
1 15 15.830592105263158 6.0 5
12 7 13 4 0 1 0.19420197609374212 
1 1 7 0 1 0 0.47863352990687225 
7 7 12 8 1 1 0.27597145071983675 
5 1 2 1 1 0 0.9883571905064522 
12 4 13 2 0 1 0.15037652966424142 
11 1 13 4 7 0 0.3681644656444292 
---
1 16 21.875 2.0 5
4 7 8 8 0 1 0.2706529856965314 
0 2 2 1 1 0 0.4821016356730421 
---
1 17 21.628289473684212 3.0 5
0 2 4 1 1 0 0.5920145048050374 
7 7 12 8 1 1 0.27597145071983675 
12 7 13 8 0 1 0.3850801218827067 
---
1 18 16.858552631578945 4.0 5
11 1 13 4 7 0 0.3681644656444292 
12 7 13 4 0 1 0.19420197609374212 
1 1 7 0 1 0 0.47863352990687225 
7 7 12 8 1 1 0.27597145071983675 
---
1 19 16.138980263157894 5.0 5
1 1 7 0 1 0 0.47863352990687225 
11 1 13 4 7 0 0.3681644656444292 
12 7 13 4 0 1 0.19420197609374212 
7 7 12 8 1 1 0.27597145071983675 
12 4 13 2 0 1 0.15037652966424142 
---
1 20 15.830592105263158 6.0 5
5 1 2 1 1 0 0.9883571905064522 
12 7 13 4 0 1 0.19420197609374212 
7 7 12 8 1 1 0.27597145071983675 
1 1 7 0 1 0 0.47863352990687225 
12 4 13 2 0 1 0.15037652966424142 
11 1 13 4 7 0 0.3681644656444292 
---
1 21 21.875 2.0 5
4 7 8 8 0 1 0.2706529856965314 
0 2 2 1 1 0 0.4821016356730421 
---
1 22 21.628289473684212 3.0 5
0 2 4 1 1 0 0.5920145048050374 
7 7 12 8 1 1 0.27597145071983675 
12 7 13 8 0 1 0.3850801218827067 
---
1 23 16.858552631578945 4.0 5
1 1 7 0 1 0 0.47863352990687225 
11 1 13 4 7 0 0.3681644656444292 
7 7 12 8 1 1 0.27597145071983675 
12 7 13 4 0 1 0.19420197609374212 
---
1 24 16.138980263157894 5.0 5
1 1 7 0 1 0 0.47863352990687225 
12 7 13 4 0 1 0.19420197609374212 
12 4 13 2 0 1 0.15037652966424142 
7 7 12 8 1 1 0.27597145071983675 
11 1 13 4 7 0 0.3681644656444292 
---
1 25 15.830592105263158 6.0 5
12 4 13 2 0 1 0.15037652966424142 
12 7 13 4 0 1 0.19420197609374212 
5 1 2 1 1 0 0.9883571905064522 
11 1 13 4 7 0 0.3681644656444292 
1 1 7 0 1 0 0.47863352990687225 
7 7 12 8 1 1 0.27597145071983675 
---
1 26 21.875 2.0 5
4 7 8 8 0 1 0.2706529856965314 
0 2 2 1 1 0 0.4821016356730421 
---
1 27 21.628289473684212 3.0 5
0 2 4 1 1 0 0.5920145048050374 
7 7 12 8 1 1 0.27597145071983675 
12 7 13 8 0 1 0.3850801218827067 
---
1 28 16.858552631578945 4.0 5
1 1 7 0 1 0 0.47863352990687225 
11 1 13 4 7 0 0.3681644656444292 
7 7 12 8 1 1 0.27597145071983675 
12 7 13 4 0 1 0.19420197609374212 
---
1 29 16.138980263157894 5.0 5
12 4 13 2 0 1 0.15037652966424142 
7 7 12 8 1 1 0.27597145071983675 
12 7 13 4 0 1 0.19420197609374212 
11 1 13 4 7 0 0.3681644656444292 
1 1 7 0 1 0 0.47863352990687225 
---
1 30 15.830592105263158 6.0 5
12 7 13 4 0 1 0.19420197609374212 
1 1 7 0 1 0 0.47863352990687225 
7 7 12 8 1 1 0.27597145071983675 
5 1 2 1 1 0 0.9883571905064522 
12 4 13 2 0 1 0.15037652966424142 
11 1 13 4 7 0 0.3681644656444292 
---
1 31 16.858552631578945 4.0 5
11 1 13 4 7 0 0.3681644656444292 
12 7 13 4 0 1 0.19420197609374212 
1 1 7 0 1 0 0.47863352990687225 
7 7 12 8 1 1 0.27597145071983675 
---
1 32 16.138980263157894 5.0 5
1 1 7 0 1 0 0.47863352990687225 
12 7 13 4 0 1 0.19420197609374212 
12 4 13 2 0 1 0.15037652966424142 
7 7 12 8 1 1 0.27597145071983675 
11 1 13 4 7 0 0.3681644656444292 
---
1 33 15.830592105263158 6.0 5
12 7 13 4 0 1 0.19420197609374212 
1 1 7 0 1 0 0.47863352990687225 
7 7 12 8 1 1 0.27597145071983675 
5 1 2 1 1 0 0.9883571905064522 
12 4 13 2 0 1 0.15037652966424142 
11 1 13 4 7 0 0.3681644656444292 
---
1 34 16.858552631578945 4.0 5
11 1 13 4 7 0 0.3681644656444292 
1 1 7 0 1 0 0.47863352990687225 
7 7 12 8 1 1 0.27597145071983675 
12 7 13 4 0 1 0.19420197609374212 
---
1 35 16.138980263157894 5.0 5
1 1 7 0 1 0 0.47863352990687225 
11 1 13 4 7 0 0.3681644656444292 
12 7 13 4 0 1 0.19420197609374212 
7 7 12 8 1 1 0.27597145071983675 
12 4 13 2 0 1 0.15037652966424142 
---
1 36 15.830592105263158 6.0 5
12 4 13 2 0 1 0.15037652966424142 
12 7 13 4 0 1 0.19420197609374212 
5 1 2 1 1 0 0.9883571905064522 
11 1 13 4 7 0 0.3681644656444292 
1 1 7 0 1 0 0.47863352990687225 
7 7 12 8 1 1 0.27597145071983675 
---
1 37 16.858552631578945 4.0 5
1 1 7 0 1 0 0.47863352990687225 
11 1 13 4 7 0 0.3681644656444292 
7 7 12 8 1 1 0.27597145071983675 
12 7 13 4 0 1 0.19420197609374212 
---
1 38 16.138980263157894 5.0 5
1 1 7 0 1 0 0.47863352990687225 
12 7 13 4 0 1 0.19420197609374212 
12 4 13 2 0 1 0.15037652966424142 
7 7 12 8 1 1 0.27597145071983675 
11 1 13 4 7 0 0.3681644656444292 
---
1 39 15.830592105263158 6.0 5
12 4 13 2 0 1 0.15037652966424142 
12 7 13 4 0 1 0.19420197609374212 
5 1 2 1 1 0 0.9883571905064522 
11 1 13 4 7 0 0.3681644656444292 
1 1 7 0 1 0 0.47863352990687225 
7 7 12 8 1 1 0.27597145071983675 
---
1 40 16.858552631578945 4.0 5
11 1 13 4 7 0 0.3681644656444292 
1 1 7 0 1 0 0.47863352990687225 
7 7 12 8 1 1 0.27597145071983675 
12 7 13 4 0 1 0.19420197609374212 
---
1 41 16.138980263157894 5.0 5
1 1 7 0 1 0 0.47863352990687225 
12 7 13 4 0 1 0.19420197609374212 
12 4 13 2 0 1 0.15037652966424142 
7 7 12 8 1 1 0.27597145071983675 
11 1 13 4 7 0 0.3681644656444292 
---
1 42 15.830592105263158 6.0 5
7 7 12 8 1 1 0.27597145071983675 
1 1 7 0 1 0 0.47863352990687225 
12 7 13 4 0 1 0.19420197609374212 
11 1 13 4 7 0 0.3681644656444292 
5 1 2 1 1 0 0.9883571905064522 
12 4 13 2 0 1 0.15037652966424142 
---
1 43 16.858552631578945 4.0 5
1 1 7 0 1 0 0.47863352990687225 
11 1 13 4 7 0 0.3681644656444292 
7 7 12 8 1 1 0.27597145071983675 
12 7 13 4 0 1 0.19420197609374212 
---
1 44 16.138980263157894 5.0 5
11 1 13 4 7 0 0.3681644656444292 
1 1 7 0 1 0 0.47863352990687225 
12 7 13 4 0 1 0.19420197609374212 
7 7 12 8 1 1 0.27597145071983675 
12 4 13 2 0 1 0.15037652966424142 
---
1 45 29.35855263157895 1.0 5
0 2 0 1 0 0 0.5543302854071503 
---
1 46 15.830592105263158 6.0 5
11 1 13 4 7 0 0.3681644656444292 
5 1 2 1 1 0 0.9883571905064522 
12 7 13 4 0 1 0.19420197609374212 
1 1 7 0 1 0 0.47863352990687225 
12 4 13 2 0 1 0.15037652966424142 
7 7 12 8 1 1 0.27597145071983675 
---
1 47 16.858552631578945 4.0 5
1 1 7 0 1 0 0.47863352990687225 
11 1 13 4 7 0 0.3681644656444292 
7 7 12 8 1 1 0.27597145071983675 
12 7 13 4 0 1 0.19420197609374212 
---
1 48 16.138980263157894 5.0 5
12 4 13 2 0 1 0.15037652966424142 
11 1 13 4 7 0 0.3681644656444292 
1 1 7 0 1 0 0.47863352990687225 
7 7 12 8 1 1 0.27597145071983675 
12 7 13 4 0 1 0.19420197609374212 
---
1 49 29.35855263157895 1.0 5
0 2 0 1 0 0 0.5543302854071503 
---
1 50 15.830592105263158 6.0 5
11 1 13 4 7 0 0.3681644656444292 
1 1 7 0 1 0 0.47863352990687225 
12 4 13 2 0 1 0.15037652966424142 
12 7 13 4 0 1 0.19420197609374212 
5 1 2 1 1 0 0.9883571905064522 
7 7 12 8 1 1 0.27597145071983675 
---
2 0 29.35855263157895 1.0 5
0 2 0 1 2 0 0.5289591457931391 
---
2 1 15.830592105263158 6.0 5
5 1 2 1 1 0 0.9883571905064522 
1 1 7 0 1 0 0.47863352990687225 
12 7 13 4 0 1 0.19420197609374212 
11 1 13 4 7 0 0.3681644656444292 
12 4 13 2 0 1 0.15037652966424142 
7 7 12 8 1 1 0.27597145071983675 
---
2 2 20.189144736842106 2.0 5
12 7 8 0 2 1 0.2359731702238117 
2 2 0 1 2 0 0.6096105352238601 
---
2 3 16.858552631578945 4.0 5
11 1 13 4 7 0 0.3681644656444292 
7 7 12 8 1 1 0.27597145071983675 
12 7 13 4 0 1 0.19420197609374212 
1 1 7 0 1 0 0.47863352990687225 
---
2 4 20.189144736842106 2.0 5
12 7 8 0 2 1 0.2359731702238117 
2 2 0 1 2 0 0.6096105352238601 
---
2 5 16.858552631578945 4.0 5
1 1 7 0 1 0 0.47863352990687225 
7 7 12 8 1 1 0.27597145071983675 
11 1 13 4 7 0 0.3681644656444292 
12 7 13 4 0 1 0.19420197609374212 
---
2 6 16.138980263157894 5.0 5
11 1 13 4 7 0 0.3681644656444292 
12 7 13 4 0 1 0.19420197609374212 
7 7 12 8 1 1 0.27597145071983675 
12 4 13 2 0 1 0.15037652966424142 
1 1 7 0 1 0 0.47863352990687225 
---
2 7 16.138980263157894 5.0 5
11 1 13 4 7 0 0.3681644656444292 
12 7 13 4 0 1 0.19420197609374212 
7 7 12 8 1 1 0.27597145071983675 
12 4 13 2 0 1 0.15037652966424142 
1 1 7 0 1 0 0.47863352990687225 
---
2 8 29.35855263157895 1.0 5
0 2 0 0 2 0 0.42590234511305125 
---
2 9 15.830592105263158 6.0 5
5 1 2 1 1 0 0.9883571905064522 
7 7 12 8 1 1 0.27597145071983675 
12 4 13 2 0 1 0.15037652966424142 
12 7 13 4 0 1 0.19420197609374212 
11 1 13 4 7 0 0.3681644656444292 
1 1 7 0 1 0 0.47863352990687225 
---
2 10 20.189144736842106 2.0 5
2 2 0 1 2 0 0.6096105352238601 
12 7 8 0 2 1 0.2359731702238117 
---
2 11 16.858552631578945 4.0 5
1 1 7 0 1 0 0.47863352990687225 
11 1 13 4 7 0 0.3681644656444292 
7 7 12 8 1 1 0.27597145071983675 
12 7 13 4 0 1 0.19420197609374212 
---
2 12 15.830592105263158 6.0 5
11 1 13 4 7 0 0.3681644656444292 
12 7 13 4 0 1 0.19420197609374212 
1 1 7 0 1 0 0.47863352990687225 
7 7 12 8 1 1 0.27597145071983675 
12 4 13 2 0 1 0.15037652966424142 
5 1 2 1 1 0 0.9883571905064522 
---
2 13 20.189144736842106 2.0 5
2 2 0 1 2 0 0.6096105352238601 
12 7 8 0 2 1 0.2359731702238117 
---
2 14 16.858552631578945 4.0 5
7 7 12 8 1 1 0.27597145071983675 
1 1 7 0 1 0 0.47863352990687225 
11 1 13 4 7 0 0.3681644656444292 
12 7 13 4 0 1 0.19420197609374212 
---
2 15 29.35855263157895 1.0 5
0 2 0 1 2 0 0.5289591457931391 
---
2 16 15.830592105263158 6.0 5
5 1 2 1 1 0 0.9883571905064522 
1 1 7 0 1 0 0.47863352990687225 
12 7 13 4 0 1 0.19420197609374212 
11 1 13 4 7 0 0.3681644656444292 
12 4 13 2 0 1 0.15037652966424142 
7 7 12 8 1 1 0.27597145071983675 
---
2 17 20.189144736842106 2.0 5
12 7 8 0 2 1 0.2359731702238117 
2 2 0 1 2 0 0.6096105352238601 
---
2 18 16.858552631578945 4.0 5
1 1 7 0 1 0 0.47863352990687225 
11 1 13 4 7 0 0.3681644656444292 
7 7 12 8 1 1 0.27597145071983675 
12 7 13 4 0 1 0.19420197609374212 
---
2 19 15.830592105263158 6.0 5
12 7 13 4 0 1 0.19420197609374212 
1 1 7 0 1 0 0.47863352990687225 
7 7 12 8 1 1 0.27597145071983675 
12 4 13 2 0 1 0.15037652966424142 
11 1 13 4 7 0 0.3681644656444292 
5 1 2 1 1 0 0.9883571905064522 
---
2 20 20.189144736842106 2.0 5
12 7 8 0 2 1 0.2359731702238117 
2 2 0 1 2 0 0.6096105352238601 
---
2 21 16.858552631578945 4.0 5
7 7 12 8 1 1 0.27597145071983675 
12 7 13 4 0 1 0.19420197609374212 
1 1 7 0 1 0 0.47863352990687225 
11 1 13 4 7 0 0.3681644656444292 
---
2 22 29.35855263157895 1.0 5
0 2 0 1 2 0 0.5289591457931391 
---
2 23 15.830592105263158 6.0 5
5 1 2 1 1 0 0.9883571905064522 
1 1 7 0 1 0 0.47863352990687225 
12 7 13 4 0 1 0.19420197609374212 
11 1 13 4 7 0 0.3681644656444292 
12 4 13 2 0 1 0.15037652966424142 
7 7 12 8 1 1 0.27597145071983675 
---
2 24 20.189144736842106 2.0 5
12 7 8 0 2 1 0.2359731702238117 
2 2 0 1 2 0 0.6096105352238601 
---
2 25 16.858552631578945 4.0 5
11 1 13 4 7 0 0.3681644656444292 
7 7 12 8 1 1 0.27597145071983675 
12 7 13 4 0 1 0.19420197609374212 
1 1 7 0 1 0 0.47863352990687225 
---
2 26 29.35855263157895 1.0 5
0 2 0 1 2 0 0.5289591457931391 
---
2 27 15.830592105263158 6.0 5
5 1 2 1 1 0 0.9883571905064522 
1 1 7 0 1 0 0.47863352990687225 
12 7 13 4 0 1 0.19420197609374212 
11 1 13 4 7 0 0.3681644656444292 
12 4 13 2 0 1 0.15037652966424142 
7 7 12 8 1 1 0.27597145071983675 
---
2 28 20.189144736842106 2.0 5
2 2 0 1 2 0 0.6096105352238601 
12 7 8 0 2 1 0.2359731702238117 
---
2 29 16.858552631578945 4.0 5
7 7 12 8 1 1 0.27597145071983675 
12 7 13 4 0 1 0.19420197609374212 
1 1 7 0 1 0 0.47863352990687225 
11 1 13 4 7 0 0.3681644656444292 
---
2 30 15.830592105263158 6.0 5
5 1 2 1 1 0 0.9883571905064522 
1 1 7 0 1 0 0.47863352990687225 
12 7 13 4 0 1 0.19420197609374212 
11 1 13 4 7 0 0.3681644656444292 
12 4 13 2 0 1 0.15037652966424142 
7 7 12 8 1 1 0.27597145071983675 
---
2 31 20.189144736842106 2.0 5
12 7 8 0 2 1 0.2359731702238117 
2 2 0 1 2 0 0.6096105352238601 
---
2 32 16.858552631578945 4.0 5
1 1 7 0 1 0 0.47863352990687225 
11 1 13 4 7 0 0.3681644656444292 
7 7 12 8 1 1 0.27597145071983675 
12 7 13 4 0 1 0.19420197609374212 
---
2 33 15.830592105263158 6.0 5
5 1 2 1 1 0 0.9883571905064522 
1 1 7 0 1 0 0.47863352990687225 
12 7 13 4 0 1 0.19420197609374212 
11 1 13 4 7 0 0.3681644656444292 
12 4 13 2 0 1 0.15037652966424142 
7 7 12 8 1 1 0.27597145071983675 
---
2 34 20.189144736842106 2.0 5
2 2 0 1 2 0 0.6096105352238601 
12 7 8 0 2 1 0.2359731702238117 
---
2 35 16.858552631578945 4.0 5
1 1 7 0 1 0 0.47863352990687225 
11 1 13 4 7 0 0.3681644656444292 
7 7 12 8 1 1 0.27597145071983675 
12 7 13 4 0 1 0.19420197609374212 
---
2 36 15.830592105263158 6.0 5
5 1 2 1 1 0 0.9883571905064522 
1 1 7 0 1 0 0.47863352990687225 
12 7 13 4 0 1 0.19420197609374212 
11 1 13 4 7 0 0.3681644656444292 
12 4 13 2 0 1 0.15037652966424142 
7 7 12 8 1 1 0.27597145071983675 
---
2 37 20.189144736842106 2.0 5
2 2 0 1 2 0 0.6096105352238601 
12 7 8 0 2 1 0.2359731702238117 
---
2 38 16.858552631578945 4.0 5
7 7 12 8 1 1 0.27597145071983675 
12 7 13 4 0 1 0.19420197609374212 
1 1 7 0 1 0 0.47863352990687225 
11 1 13 4 7 0 0.3681644656444292 
---
2 39 29.35855263157895 1.0 5
0 2 0 1 2 0 0.5289591457931391 
---
2 40 15.830592105263158 6.0 5
5 1 2 1 1 0 0.9883571905064522 
1 1 7 0 1 0 0.47863352990687225 
12 7 13 4 0 1 0.19420197609374212 
11 1 13 4 7 0 0.3681644656444292 
12 4 13 2 0 1 0.15037652966424142 
7 7 12 8 1 1 0.27597145071983675 
---
2 41 20.189144736842106 2.0 5
12 7 8 0 2 1 0.2359731702238117 
2 2 0 1 2 0 0.6096105352238601 
---
2 42 16.858552631578945 4.0 5
1 1 7 0 1 0 0.47863352990687225 
11 1 13 4 7 0 0.3681644656444292 
7 7 12 8 1 1 0.27597145071983675 
12 7 13 4 0 1 0.19420197609374212 
---
2 43 15.830592105263158 6.0 5
5 1 2 1 1 0 0.9883571905064522 
1 1 7 0 1 0 0.47863352990687225 
12 7 13 4 0 1 0.19420197609374212 
11 1 13 4 7 0 0.3681644656444292 
12 4 13 2 0 1 0.15037652966424142 
7 7 12 8 1 1 0.27597145071983675 
---
2 44 20.189144736842106 2.0 5
12 7 8 0 2 1 0.2359731702238117 
2 2 0 1 2 0 0.6096105352238601 
---
2 45 16.858552631578945 4.0 5
1 1 7 0 1 0 0.47863352990687225 
11 1 13 4 7 0 0.3681644656444292 
7 7 12 8 1 1 0.27597145071983675 
12 7 13 4 0 1 0.19420197609374212 
---
2 46 29.35855263157895 1.0 5
0 2 0 1 2 0 0.5289591457931391 
---
2 47 15.830592105263158 6.0 5
5 1 2 1 1 0 0.9883571905064522 
1 1 7 0 1 0 0.47863352990687225 
12 7 13 4 0 1 0.19420197609374212 
11 1 13 4 7 0 0.3681644656444292 
12 4 13 2 0 1 0.15037652966424142 
7 7 12 8 1 1 0.27597145071983675 
---
2 48 20.189144736842106 2.0 5
2 2 0 1 2 0 0.6096105352238601 
12 7 8 0 2 1 0.2359731702238117 
---
2 49 16.858552631578945 4.0 5
7 7 12 8 1 1 0.27597145071983675 
12 7 13 4 0 1 0.19420197609374212 
1 1 7 0 1 0 0.47863352990687225 
11 1 13 4 7 0 0.3681644656444292 
---
2 50 29.35855263157895 1.0 5
0 2 0 1 2 0 0.5289591457931391 
---
2 51 15.830592105263158 6.0 5
5 1 2 1 1 0 0.9883571905064522 
1 1 7 0 1 0 0.47863352990687225 
12 7 13 4 0 1 0.19420197609374212 
11 1 13 4 7 0 0.3681644656444292 
12 4 13 2 0 1 0.15037652966424142 
7 7 12 8 1 1 0.27597145071983675 
---
2 52 20.189144736842106 2.0 5
2 2 0 1 2 0 0.6096105352238601 
12 7 8 0 2 1 0.2359731702238117 
---
2 53 16.858552631578945 4.0 5
7 7 12 8 1 1 0.27597145071983675 
1 1 7 0 1 0 0.47863352990687225 
11 1 13 4 7 0 0.3681644656444292 
12 7 13 4 0 1 0.19420197609374212 
---
3 0 29.35855263157895 1.0 5
0 0 0 1 2 0 0.44051547264048674 
---
3 1 20.826480263157894 2.0 5
2 2 2 1 2 0 0.47225731374746927 
12 7 8 0 2 1 0.13590510586836668 
---
3 2 19.962993421052634 3.0 5
2 4 1 7 2 0 0.7961570135240715 
12 7 8 0 2 1 0.24646450819610566 
2 4 2 1 2 0 0.4317927469088585 
---
3 3 16.858552631578945 4.0 5
1 1 7 0 1 0 0.47863352990687225 
12 7 13 4 0 1 0.19420197609374212 
11 1 13 4 7 0 0.3681644656444292 
7 7 12 8 1 1 0.27597145071983675 
---
3 4 15.830592105263158 6.0 5
12 7 13 4 0 1 0.19420197609374212 
7 7 12 8 1 1 0.27597145071983675 
11 1 13 4 7 0 0.3681644656444292 
1 1 7 0 1 0 0.47863352990687225 
12 4 13 2 0 1 0.15037652966424142 
5 1 2 1 1 0 0.9883571905064522 
---
3 5 20.826480263157894 2.0 5
2 2 2 1 2 0 0.47225731374746927 
12 7 8 0 2 1 0.13590510586836668 
---
3 6 19.962993421052634 3.0 5
2 4 1 7 2 0 0.7961570135240715 
12 7 8 0 2 1 0.24646450819610566 
2 4 2 1 2 0 0.4317927469088585 
---
3 7 16.858552631578945 4.0 5
11 1 13 4 7 0 0.3681644656444292 
12 7 13 4 0 1 0.19420197609374212 
7 7 12 8 1 1 0.27597145071983675 
1 1 7 0 1 0 0.47863352990687225 
---
3 8 16.550164473684212 5.0 5
5 1 2 1 1 0 0.9883571905064522 
1 1 7 0 1 0 0.47863352990687225 
11 1 13 4 7 0 0.3681644656444292 
12 7 13 4 0 1 0.19420197609374212 
7 7 12 8 1 1 0.27597145071983675 
---
3 9 16.550164473684212 5.0 5
5 1 2 1 1 0 0.9883571905064522 
1 1 7 0 1 0 0.47863352990687225 
11 1 13 4 7 0 0.3681644656444292 
12 7 13 4 0 1 0.19420197609374212 
7 7 12 8 1 1 0.27597145071983675 
---
3 10 15.830592105263158 6.0 5
12 7 13 4 0 1 0.19420197609374212 
7 7 12 8 1 1 0.27597145071983675 
11 1 13 4 7 0 0.3681644656444292 
1 1 7 0 1 0 0.47863352990687225 
12 4 13 2 0 1 0.15037652966424142 
5 1 2 1 1 0 0.9883571905064522 
---
3 11 20.826480263157894 2.0 5
2 2 2 1 2 0 0.47225731374746927 
12 7 8 0 2 1 0.13590510586836668 
---
3 12 19.962993421052634 3.0 5
2 4 1 7 2 0 0.7961570135240715 
12 7 8 0 2 1 0.24646450819610566 
2 4 2 1 2 0 0.4317927469088585 
---
3 13 16.858552631578945 4.0 5
1 1 7 0 1 0 0.47863352990687225 
11 1 13 4 7 0 0.3681644656444292 
12 7 13 4 0 1 0.19420197609374212 
7 7 12 8 1 1 0.27597145071983675 
---
3 14 15.830592105263158 6.0 5
12 7 13 4 0 1 0.19420197609374212 
7 7 12 8 1 1 0.27597145071983675 
11 1 13 4 7 0 0.3681644656444292 
1 1 7 0 1 0 0.47863352990687225 
12 4 13 2 0 1 0.15037652966424142 
5 1 2 1 1 0 0.9883571905064522 
---
3 15 29.35855263157895 1.0 5
0 0 0 1 2 0 0.4659858787475448 
---
3 16 20.826480263157894 2.0 5
2 2 2 1 2 0 0.47225731374746927 
12 7 8 0 2 1 0.13590510586836668 
---
3 17 19.962993421052634 3.0 5
2 4 1 7 2 0 0.7961570135240715 
12 7 8 0 2 1 0.24646450819610566 
2 4 2 1 2 0 0.4317927469088585 
---
3 18 16.858552631578945 4.0 5
7 7 12 8 1 1 0.27597145071983675 
1 1 7 0 1 0 0.47863352990687225 
12 7 13 4 0 1 0.19420197609374212 
11 1 13 4 7 0 0.3681644656444292 
---
3 19 15.830592105263158 6.0 5
12 7 13 4 0 1 0.19420197609374212 
7 7 12 8 1 1 0.27597145071983675 
11 1 13 4 7 0 0.3681644656444292 
1 1 7 0 1 0 0.47863352990687225 
12 4 13 2 0 1 0.15037652966424142 
5 1 2 1 1 0 0.9883571905064522 
---
3 20 29.35855263157895 1.0 5
0 0 0 1 2 0 0.44051547264048674 
---
3 21 20.826480263157894 2.0 5
2 2 2 1 2 0 0.47225731374746927 
12 7 8 0 2 1 0.13590510586836668 
---
3 22 19.962993421052634 3.0 5
2 4 1 7 2 0 0.7961570135240715 
12 7 8 0 2 1 0.24646450819610566 
2 4 2 1 2 0 0.4317927469088585 
---
3 23 16.858552631578945 4.0 5
7 7 12 8 1 1 0.27597145071983675 
1 1 7 0 1 0 0.47863352990687225 
12 7 13 4 0 1 0.19420197609374212 
11 1 13 4 7 0 0.3681644656444292 
---
3 24 15.830592105263158 6.0 5
12 7 13 4 0 1 0.19420197609374212 
7 7 12 8 1 1 0.27597145071983675 
11 1 13 4 7 0 0.3681644656444292 
1 1 7 0 1 0 0.47863352990687225 
12 4 13 2 0 1 0.15037652966424142 
5 1 2 1 1 0 0.9883571905064522 
---
3 25 20.826480263157894 2.0 5
2 2 2 1 2 0 0.47225731374746927 
12 7 8 0 2 1 0.13590510586836668 
---
3 26 19.962993421052634 3.0 5
2 4 1 7 2 0 0.7961570135240715 
12 7 8 0 2 1 0.24646450819610566 
2 4 2 1 2 0 0.4317927469088585 
---
3 27 16.858552631578945 4.0 5
11 1 13 4 7 0 0.3681644656444292 
12 7 13 4 0 1 0.19420197609374212 
1 1 7 0 1 0 0.47863352990687225 
7 7 12 8 1 1 0.27597145071983675 
---
3 28 15.830592105263158 6.0 5
12 7 13 4 0 1 0.19420197609374212 
7 7 12 8 1 1 0.27597145071983675 
11 1 13 4 7 0 0.3681644656444292 
1 1 7 0 1 0 0.47863352990687225 
12 4 13 2 0 1 0.15037652966424142 
5 1 2 1 1 0 0.9883571905064522 
---
3 29 29.35855263157895 1.0 5
0 0 0 1 2 0 0.44051547264048674 
---
3 30 20.826480263157894 2.0 5
2 2 2 1 2 0 0.47225731374746927 
12 7 8 0 2 1 0.13590510586836668 
---
3 31 19.962993421052634 3.0 5
2 4 1 7 2 0 0.7961570135240715 
12 7 8 0 2 1 0.24646450819610566 
2 4 2 1 2 0 0.4317927469088585 
---
3 32 16.858552631578945 4.0 5
1 1 7 0 1 0 0.47863352990687225 
12 7 13 4 0 1 0.19420197609374212 
11 1 13 4 7 0 0.3681644656444292 
7 7 12 8 1 1 0.27597145071983675 
---
3 33 15.830592105263158 6.0 5
12 7 13 4 0 1 0.19420197609374212 
7 7 12 8 1 1 0.27597145071983675 
11 1 13 4 7 0 0.3681644656444292 
1 1 7 0 1 0 0.47863352990687225 
12 4 13 2 0 1 0.15037652966424142 
5 1 2 1 1 0 0.9883571905064522 
---
3 34 16.858552631578945 4.0 5
7 7 12 8 1 1 0.27597145071983675 
1 1 7 0 1 0 0.47863352990687225 
12 7 13 4 0 1 0.19420197609374212 
11 1 13 4 7 0 0.3681644656444292 
---
3 35 29.35855263157895 1.0 5
0 0 0 1 2 0 0.4659858787475448 
---
3 36 15.830592105263158 6.0 5
12 7 13 4 0 1 0.19420197609374212 
7 7 12 8 1 1 0.27597145071983675 
11 1 13 4 7 0 0.3681644656444292 
1 1 7 0 1 0 0.47863352990687225 
12 4 13 2 0 1 0.15037652966424142 
5 1 2 1 1 0 0.9883571905064522 
---
3 37 16.858552631578945 4.0 5
12 7 13 4 0 1 0.19420197609374212 
7 7 12 8 1 1 0.27597145071983675 
1 1 7 0 1 0 0.47863352990687225 
11 1 13 4 7 0 0.3681644656444292 
---
3 38 15.830592105263158 6.0 5
12 7 13 4 0 1 0.19420197609374212 
7 7 12 8 1 1 0.27597145071983675 
11 1 13 4 7 0 0.3681644656444292 
1 1 7 0 1 0 0.47863352990687225 
12 4 13 2 0 1 0.15037652966424142 
5 1 2 1 1 0 0.9883571905064522 
---
3 39 16.858552631578945 4.0 5
7 7 12 8 1 1 0.27597145071983675 
1 1 7 0 1 0 0.47863352990687225 
12 7 13 4 0 1 0.19420197609374212 
11 1 13 4 7 0 0.3681644656444292 
---
3 40 15.830592105263158 6.0 5
12 7 13 4 0 1 0.19420197609374212 
7 7 12 8 1 1 0.27597145071983675 
12 4 13 2 0 1 0.15037652966424142 
11 1 13 4 7 0 0.3681644656444292 
5 1 2 1 1 0 0.9883571905064522 
1 1 7 0 1 0 0.47863352990687225 
---
3 41 16.858552631578945 4.0 5
11 1 13 4 7 0 0.3681644656444292 
12 7 13 4 0 1 0.19420197609374212 
1 1 7 0 1 0 0.47863352990687225 
7 7 12 8 1 1 0.27597145071983675 
---
3 42 15.830592105263158 6.0 5
12 7 13 4 0 1 0.19420197609374212 
7 7 12 8 1 1 0.27597145071983675 
11 1 13 4 7 0 0.3681644656444292 
1 1 7 0 1 0 0.47863352990687225 
12 4 13 2 0 1 0.15037652966424142 
5 1 2 1 1 0 0.9883571905064522 
---
3 43 16.858552631578945 4.0 5
11 1 13 4 7 0 0.3681644656444292 
12 7 13 4 0 1 0.19420197609374212 
1 1 7 0 1 0 0.47863352990687225 
7 7 12 8 1 1 0.27597145071983675 
---
3 44 29.35855263157895 1.0 5
0 2 0 0 2 0 0.43362547255566763 
---
3 45 15.830592105263158 6.0 5
12 7 13 4 0 1 0.19420197609374212 
7 7 12 8 1 1 0.27597145071983675 
11 1 13 4 7 0 0.3681644656444292 
1 1 7 0 1 0 0.47863352990687225 
12 4 13 2 0 1 0.15037652966424142 
5 1 2 1 1 0 0.9883571905064522 
---
3 46 16.858552631578945 4.0 5
1 1 7 0 1 0 0.47863352990687225 
11 1 13 4 7 0 0.3681644656444292 
12 7 13 4 0 1 0.19420197609374212 
7 7 12 8 1 1 0.27597145071983675 
---
3 47 15.830592105263158 6.0 5
12 7 13 4 0 1 0.19420197609374212 
7 7 12 8 1 1 0.27597145071983675 
11 1 13 4 7 0 0.3681644656444292 
1 1 7 0 1 0 0.47863352990687225 
12 4 13 2 0 1 0.15037652966424142 
5 1 2 1 1 0 0.9883571905064522 
---
3 48 16.858552631578945 4.0 5
11 1 13 4 7 0 0.3681644656444292 
12 7 13 4 0 1 0.19420197609374212 
1 1 7 0 1 0 0.47863352990687225 
7 7 12 8 1 1 0.27597145071983675 
---
3 49 15.830592105263158 6.0 5
12 7 13 4 0 1 0.19420197609374212 
7 7 12 8 1 1 0.27597145071983675 
11 1 13 4 7 0 0.3681644656444292 
1 1 7 0 1 0 0.47863352990687225 
12 4 13 2 0 1 0.15037652966424142 
5 1 2 1 1 0 0.9883571905064522 
---
4 0 29.35855263157895 1.0 5
0 2 0 1 2 0 0.533352837816486 
---
4 1 15.830592105263158 6.0 5
1 1 7 0 1 0 0.47863352990687225 
7 7 12 8 1 1 0.27597145071983675 
12 4 13 2 0 1 0.15037652966424142 
11 1 13 4 7 0 0.3681644656444292 
5 1 2 1 1 0 0.9883571905064522 
12 7 13 4 0 1 0.19420197609374212 
---
4 2 20.106907894736842 2.0 5
12 7 8 0 2 1 0.2359731702238117 
2 2 0 1 2 0 0.5903220036139745 
---
4 3 16.858552631578945 4.0 5
7 7 12 8 1 1 0.27597145071983675 
11 1 13 4 7 0 0.3681644656444292 
1 1 7 0 1 0 0.47863352990687225 
12 7 13 4 0 1 0.19420197609374212 
---
4 4 20.106907894736842 2.0 5
12 7 8 0 2 1 0.2359731702238117 
2 2 0 1 2 0 0.5903220036139745 
---
4 5 16.858552631578945 4.0 5
1 1 7 0 1 0 0.47863352990687225 
7 7 12 8 1 1 0.27597145071983675 
12 7 13 4 0 1 0.19420197609374212 
11 1 13 4 7 0 0.3681644656444292 
---
4 6 16.138980263157894 5.0 5
12 4 13 2 0 1 0.15037652966424142 
12 7 13 4 0 1 0.19420197609374212 
1 1 7 0 1 0 0.47863352990687225 
11 1 13 4 7 0 0.3681644656444292 
7 7 12 8 1 1 0.27597145071983675 
---
4 7 16.138980263157894 5.0 5
12 4 13 2 0 1 0.15037652966424142 
11 1 13 4 7 0 0.3681644656444292 
7 7 12 8 1 1 0.27597145071983675 
12 7 13 4 0 1 0.19420197609374212 
1 1 7 0 1 0 0.47863352990687225 
---
4 8 15.830592105263158 6.0 5
1 1 7 0 1 0 0.47863352990687225 
7 7 12 8 1 1 0.27597145071983675 
12 4 13 2 0 1 0.15037652966424142 
11 1 13 4 7 0 0.3681644656444292 
5 1 2 1 1 0 0.9883571905064522 
12 7 13 4 0 1 0.19420197609374212 
---
4 9 20.106907894736842 2.0 5
12 7 8 0 2 1 0.2359731702238117 
2 2 0 1 2 0 0.5903220036139745 
---
4 10 16.858552631578945 4.0 5
12 7 13 4 0 1 0.19420197609374212 
7 7 12 8 1 1 0.27597145071983675 
11 1 13 4 7 0 0.3681644656444292 
1 1 7 0 1 0 0.47863352990687225 
---
4 11 16.138980263157894 5.0 5
12 7 13 4 0 1 0.19420197609374212 
1 1 7 0 1 0 0.47863352990687225 
7 7 12 8 1 1 0.27597145071983675 
11 1 13 4 7 0 0.3681644656444292 
12 4 13 2 0 1 0.15037652966424142 
---
4 12 29.35855263157895 1.0 5
0 2 0 1 2 0 0.533352837816486 
---
4 13 15.830592105263158 6.0 5
5 1 2 1 1 0 0.9883571905064522 
11 1 13 4 7 0 0.3681644656444292 
12 4 13 2 0 1 0.15037652966424142 
1 1 7 0 1 0 0.47863352990687225 
7 7 12 8 1 1 0.27597145071983675 
12 7 13 4 0 1 0.19420197609374212 
---
4 14 20.106907894736842 2.0 5
12 7 8 0 2 1 0.2359731702238117 
2 2 0 1 2 0 0.5903220036139745 
---
4 15 16.858552631578945 4.0 5
7 7 12 8 1 1 0.27597145071983675 
11 1 13 4 7 0 0.3681644656444292 
1 1 7 0 1 0 0.47863352990687225 
12 7 13 4 0 1 0.19420197609374212 
---
4 16 16.138980263157894 5.0 5
12 7 13 4 0 1 0.19420197609374212 
1 1 7 0 1 0 0.47863352990687225 
7 7 12 8 1 1 0.27597145071983675 
11 1 13 4 7 0 0.3681644656444292 
12 4 13 2 0 1 0.15037652966424142 
---
4 17 29.35855263157895 1.0 5
0 2 0 1 2 0 0.533352837816486 
---
4 18 15.830592105263158 6.0 5
1 1 7 0 1 0 0.47863352990687225 
7 7 12 8 1 1 0.27597145071983675 
12 4 13 2 0 1 0.15037652966424142 
11 1 13 4 7 0 0.3681644656444292 
5 1 2 1 1 0 0.9883571905064522 
12 7 13 4 0 1 0.19420197609374212 
---
4 19 20.106907894736842 2.0 5
12 7 8 0 2 1 0.2359731702238117 
2 2 0 1 2 0 0.5903220036139745 
---
4 20 16.858552631578945 4.0 5
7 7 12 8 1 1 0.27597145071983675 
11 1 13 4 7 0 0.3681644656444292 
1 1 7 0 1 0 0.47863352990687225 
12 7 13 4 0 1 0.19420197609374212 
---
4 21 16.138980263157894 5.0 5
12 7 13 4 0 1 0.19420197609374212 
1 1 7 0 1 0 0.47863352990687225 
7 7 12 8 1 1 0.27597145071983675 
11 1 13 4 7 0 0.3681644656444292 
12 4 13 2 0 1 0.15037652966424142 
---
4 22 29.35855263157895 1.0 5
0 2 0 1 2 0 0.533352837816486 
---
4 23 15.830592105263158 6.0 5
1 1 7 0 1 0 0.47863352990687225 
7 7 12 8 1 1 0.27597145071983675 
12 4 13 2 0 1 0.15037652966424142 
11 1 13 4 7 0 0.3681644656444292 
5 1 2 1 1 0 0.9883571905064522 
12 7 13 4 0 1 0.19420197609374212 
---
4 24 20.106907894736842 2.0 5
12 7 8 0 2 1 0.2359731702238117 
2 2 0 1 2 0 0.5903220036139745 
---
4 25 16.858552631578945 4.0 5
7 7 12 8 1 1 0.27597145071983675 
1 1 7 0 1 0 0.47863352990687225 
12 7 13 4 0 1 0.19420197609374212 
11 1 13 4 7 0 0.3681644656444292 
---
4 26 16.138980263157894 5.0 5
12 4 13 2 0 1 0.15037652966424142 
12 7 13 4 0 1 0.19420197609374212 
7 7 12 8 1 1 0.27597145071983675 
1 1 7 0 1 0 0.47863352990687225 
11 1 13 4 7 0 0.3681644656444292 
---
4 27 15.830592105263158 6.0 5
5 1 2 1 1 0 0.9883571905064522 
11 1 13 4 7 0 0.3681644656444292 
12 4 13 2 0 1 0.15037652966424142 
1 1 7 0 1 0 0.47863352990687225 
7 7 12 8 1 1 0.27597145071983675 
12 7 13 4 0 1 0.19420197609374212 
---
4 28 20.106907894736842 2.0 5
12 7 8 0 2 1 0.2359731702238117 
2 2 0 1 2 0 0.5903220036139745 
---
4 29 16.858552631578945 4.0 5
7 7 12 8 1 1 0.27597145071983675 
1 1 7 0 1 0 0.47863352990687225 
12 7 13 4 0 1 0.19420197609374212 
11 1 13 4 7 0 0.3681644656444292 
---
4 30 16.138980263157894 5.0 5
12 7 13 4 0 1 0.19420197609374212 
1 1 7 0 1 0 0.47863352990687225 
7 7 12 8 1 1 0.27597145071983675 
11 1 13 4 7 0 0.3681644656444292 
12 4 13 2 0 1 0.15037652966424142 
---
4 31 29.35855263157895 1.0 5
0 2 0 1 2 0 0.533352837816486 
---
4 32 15.830592105263158 6.0 5
5 1 2 1 1 0 0.9883571905064522 
11 1 13 4 7 0 0.3681644656444292 
12 4 13 2 0 1 0.15037652966424142 
1 1 7 0 1 0 0.47863352990687225 
7 7 12 8 1 1 0.27597145071983675 
12 7 13 4 0 1 0.19420197609374212 
---
4 33 20.106907894736842 2.0 5
12 7 8 0 2 1 0.2359731702238117 
2 2 0 1 2 0 0.5903220036139745 
---
4 34 16.858552631578945 4.0 5
12 7 13 4 0 1 0.19420197609374212 
1 1 7 0 1 0 0.47863352990687225 
7 7 12 8 1 1 0.27597145071983675 
11 1 13 4 7 0 0.3681644656444292 
---
4 35 16.138980263157894 5.0 5
12 7 13 4 0 1 0.19420197609374212 
1 1 7 0 1 0 0.47863352990687225 
7 7 12 8 1 1 0.27597145071983675 
11 1 13 4 7 0 0.3681644656444292 
12 4 13 2 0 1 0.15037652966424142 
---
4 36 29.35855263157895 1.0 5
0 2 0 1 2 0 0.533352837816486 
---
4 37 15.830592105263158 6.0 5
1 1 7 0 1 0 0.47863352990687225 
7 7 12 8 1 1 0.27597145071983675 
12 4 13 2 0 1 0.15037652966424142 
11 1 13 4 7 0 0.3681644656444292 
5 1 2 1 1 0 0.9883571905064522 
12 7 13 4 0 1 0.19420197609374212 
---
4 38 20.106907894736842 2.0 5
2 2 0 1 2 0 0.5903220036139745 
12 7 8 0 2 1 0.2359731702238117 
---
4 39 16.858552631578945 4.0 5
7 7 12 8 1 1 0.27597145071983675 
11 1 13 4 7 0 0.3681644656444292 
12 7 13 4 0 1 0.19420197609374212 
1 1 7 0 1 0 0.47863352990687225 
---
4 40 16.138980263157894 5.0 5
12 7 13 4 0 1 0.19420197609374212 
1 1 7 0 1 0 0.47863352990687225 
7 7 12 8 1 1 0.27597145071983675 
11 1 13 4 7 0 0.3681644656444292 
12 4 13 2 0 1 0.15037652966424142 
---
4 41 29.35855263157895 1.0 5
0 2 0 1 2 0 0.533352837816486 
---
4 42 15.830592105263158 6.0 5
1 1 7 0 1 0 0.47863352990687225 
7 7 12 8 1 1 0.27597145071983675 
12 4 13 2 0 1 0.15037652966424142 
11 1 13 4 7 0 0.3681644656444292 
5 1 2 1 1 0 0.9883571905064522 
12 7 13 4 0 1 0.19420197609374212 
---
4 43 20.106907894736842 2.0 5
12 7 8 0 2 1 0.2359731702238117 
2 2 0 1 2 0 0.5903220036139745 
---
4 44 16.858552631578945 4.0 5
7 7 12 8 1 1 0.27597145071983675 
11 1 13 4 7 0 0.3681644656444292 
1 1 7 0 1 0 0.47863352990687225 
12 7 13 4 0 1 0.19420197609374212 
---
4 45 16.138980263157894 5.0 5
12 7 13 4 0 1 0.19420197609374212 
1 1 7 0 1 0 0.47863352990687225 
7 7 12 8 1 1 0.27597145071983675 
11 1 13 4 7 0 0.3681644656444292 
12 4 13 2 0 1 0.15037652966424142 
---
4 46 29.35855263157895 1.0 5
0 2 0 1 2 0 0.533352837816486 
---
4 47 15.830592105263158 6.0 5
1 1 7 0 1 0 0.47863352990687225 
7 7 12 8 1 1 0.27597145071983675 
12 4 13 2 0 1 0.15037652966424142 
11 1 13 4 7 0 0.3681644656444292 
5 1 2 1 1 0 0.9883571905064522 
12 7 13 4 0 1 0.19420197609374212 
---
4 48 20.106907894736842 2.0 5
12 7 8 0 2 1 0.2359731702238117 
2 2 0 1 2 0 0.5903220036139745 
---
4 49 16.858552631578945 4.0 5
7 7 12 8 1 1 0.27597145071983675 
11 1 13 4 7 0 0.3681644656444292 
1 1 7 0 1 0 0.47863352990687225 
12 7 13 4 0 1 0.19420197609374212 
---
4 50 16.138980263157894 5.0 5
12 7 13 4 0 1 0.19420197609374212 
1 1 7 0 1 0 0.47863352990687225 
7 7 12 8 1 1 0.27597145071983675 
11 1 13 4 7 0 0.3681644656444292 
12 4 13 2 0 1 0.15037652966424142 
---
4 51 29.35855263157895 1.0 5
0 2 0 1 2 0 0.533352837816486 
---
4 52 15.830592105263158 6.0 5
1 1 7 0 1 0 0.47863352990687225 
7 7 12 8 1 1 0.27597145071983675 
12 4 13 2 0 1 0.15037652966424142 
11 1 13 4 7 0 0.3681644656444292 
5 1 2 1 1 0 0.9883571905064522 
12 7 13 4 0 1 0.19420197609374212 
---
4 53 20.106907894736842 2.0 5
12 7 8 0 2 1 0.2359731702238117 
2 2 0 1 2 0 0.5903220036139745 
---
4 54 16.858552631578945 4.0 5
12 7 13 4 0 1 0.19420197609374212 
1 1 7 0 1 0 0.47863352990687225 
7 7 12 8 1 1 0.27597145071983675 
11 1 13 4 7 0 0.3681644656444292 
---
4 55 16.138980263157894 5.0 5
12 7 13 4 0 1 0.19420197609374212 
1 1 7 0 1 0 0.47863352990687225 
7 7 12 8 1 1 0.27597145071983675 
11 1 13 4 7 0 0.3681644656444292 
12 4 13 2 0 1 0.15037652966424142 
---
4 56 29.35855263157895 1.0 5
0 2 0 1 2 0 0.533352837816486 
---
4 57 15.830592105263158 6.0 5
11 1 13 4 7 0 0.3681644656444292 
7 7 12 8 1 1 0.27597145071983675 
12 4 13 2 0 1 0.15037652966424142 
1 1 7 0 1 0 0.47863352990687225 
12 7 13 4 0 1 0.19420197609374212 
5 1 2 1 1 0 0.9883571905064522 
