---
0 0 29.344026321200907 1.0 5
0 2 0 1 2 0 0.5233610699580384 
---
0 1 14.168208924532182 10.0 5
12 7 8 2 0 1 0.22280631356900504 
12 4 8 8 0 1 0.1555307330873814 
7 11 1 14 1 0 0.19923065103115833 
11 2 13 4 7 0 0.37487172833609694 
1 7 13 2 7 0 0.19750474042472188 
1 6 7 0 7 0 0.6523445785240871 
1 12 2 2 8 1 0.2886164810135041 
5 1 13 3 7 0 0.9702581478802303 
8 12 7 0 11 0 0.933994708671192 
2 2 4 2 2 0 0.3810323246647669 
---
0 2 21.056960723833022 2.0 5
2 2 2 1 1 0 0.5407959021364308 
12 7 8 2 0 1 0.18182787177102178 
---
0 3 14.785112070738226 8.0 5
11 2 13 4 7 0 0.3898641448460911 
2 2 4 2 2 0 0.3810323246647669 
1 12 2 2 8 1 0.2886164810135041 
1 6 7 0 7 0 0.6523445785240871 
1 7 13 2 7 0 0.19750474042472188 
12 7 8 2 0 1 0.21812248672129964 
12 4 8 8 0 1 0.1555307330873814 
8 12 7 0 11 0 0.933994708671192 
---
0 4 19.63808348755912 3.0 5
1 7 13 2 7 0 0.19750474042472188 
12 7 8 2 0 1 0.21812248672129964 
2 2 1 4 2 0 0.63022999197952 
---
0 5 18.85667283569813 4.0 5
12 7 8 2 0 1 0.21812248672129964 
1 7 13 2 7 0 0.19750474042472188 
2 2 1 4 2 0 0.63022999197952 
8 12 7 0 11 0 0.933994708671192 
---
0 6 16.57413119473576 6.0 5
1 7 13 2 7 0 0.19750474042472188 
2 2 1 4 2 0 0.63022999197952 
1 6 7 0 7 0 0.6523445785240871 
8 12 7 0 11 0 0.933994708671192 
12 7 8 2 0 1 0.21812248672129964 
11 2 13 4 7 0 0.3898641448460911 
---
0 7 15.340324902323669 7.0 5
12 4 8 8 0 1 0.1555307330873814 
2 2 4 2 2 0 0.3810323246647669 
1 7 13 2 7 0 0.19750474042472188 
11 2 13 4 7 0 0.3898641448460911 
12 7 8 2 0 1 0.21812248672129964 
1 6 7 0 7 0 0.6523445785240871 
8 12 7 0 11 0 0.933994708671192 
---
0 8 21.056960723833022 2.0 5
2 2 2 1 1 0 0.5407959021364308 
12 7 8 2 0 1 0.18182787177102178 
---
0 9 19.63808348755912 3.0 5
2 2 1 4 2 0 0.63022999197952 
1 7 13 2 7 0 0.19750474042472188 
12 7 8 2 0 1 0.21812248672129964 
---
0 10 14.785112070738226 8.0 5
11 2 13 4 7 0 0.3898641448460911 
2 2 4 2 2 0 0.3810323246647669 
1 12 2 2 8 1 0.2886164810135041 
1 6 7 0 7 0 0.6523445785240871 
1 7 13 2 7 0 0.19750474042472188 
12 7 8 2 0 1 0.21812248672129964 
12 4 8 8 0 1 0.1555307330873814 
8 12 7 0 11 0 0.933994708671192 
---
0 11 15.340324902323669 7.0 5
1 6 7 0 7 0 0.6523445785240871 
12 4 8 8 0 1 0.1555307330873814 
12 7 8 2 0 1 0.21812248672129964 
2 2 4 2 2 0 0.3810323246647669 
1 7 13 2 7 0 0.19750474042472188 
8 12 7 0 11 0 0.933994708671192 
11 2 13 4 7 0 0.3898641448460911 
---
0 12 18.85667283569813 4.0 5
12 7 8 2 0 1 0.21812248672129964 
1 7 13 2 7 0 0.19750474042472188 
2 2 1 4 2 0 0.63022999197952 
8 12 7 0 11 0 0.933994708671192 
---
0 13 17.663993419699775 5.0 5
12 4 8 8 0 1 0.1555307330873814 
11 2 13 4 7 0 0.3898641448460911 
2 2 4 2 2 0 0.3810323246647669 
8 12 7 0 11 0 0.933994708671192 
12 7 8 2 0 1 0.22280631356900504 
---
0 14 17.663993419699775 5.0 5
12 4 8 8 0 1 0.1555307330873814 
2 2 4 2 2 0 0.3810323246647669 
8 12 7 0 11 0 0.933994708671192 
11 2 13 4 7 0 0.3898641448460911 
12 7 8 2 0 1 0.22280631356900504 
---
0 15 16.57413119473576 6.0 5
1 7 13 2 7 0 0.19750474042472188 
2 2 1 4 2 0 0.63022999197952 
1 6 7 0 7 0 0.6523445785240871 
8 12 7 0 11 0 0.933994708671192 
12 7 8 2 0 1 0.21812248672129964 
11 2 13 4 7 0 0.3898641448460911 
---
0 16 14.168208924532182 10.0 5
12 7 8 2 0 1 0.22280631356900504 
12 4 8 8 0 1 0.1555307330873814 
7 11 1 14 1 0 0.19923065103115833 
11 2 13 4 7 0 0.37487172833609694 
1 7 13 2 7 0 0.19750474042472188 
1 6 7 0 7 0 0.6523445785240871 
1 12 2 2 8 1 0.2886164810135041 
5 1 13 3 7 0 0.9702581478802303 
8 12 7 0 11 0 0.933994708671192 
2 2 4 2 2 0 0.3810323246647669 
---
0 17 21.056960723833022 2.0 5
2 2 2 1 1 0 0.5407959021364308 
12 7 8 2 0 1 0.18182787177102178 
---
0 18 19.63808348755912 3.0 5
1 7 13 2 7 0 0.19750474042472188 
12 7 8 2 0 1 0.21812248672129964 
2 2 1 4 2 0 0.63022999197952 
---
0 19 14.785112070738226 8.0 5
11 2 13 4 7 0 0.3898641448460911 
2 2 4 2 2 0 0.3810323246647669 
1 12 2 2 8 1 0.2886164810135041 
1 6 7 0 7 0 0.6523445785240871 
1 7 13 2 7 0 0.19750474042472188 
12 7 8 2 0 1 0.21812248672129964 
12 4 8 8 0 1 0.1555307330873814 
8 12 7 0 11 0 0.933994708671192 
---
0 20 15.340324902323669 7.0 5
1 7 13 2 7 0 0.19750474042472188 
8 12 7 0 11 0 0.933994708671192 
2 2 4 2 2 0 0.3810323246647669 
12 4 8 8 0 1 0.1555307330873814 
1 6 7 0 7 0 0.6523445785240871 
12 7 8 2 0 1 0.21812248672129964 
11 2 13 4 7 0 0.3898641448460911 
---
0 21 18.85667283569813 4.0 5
12 7 8 2 0 1 0.21812248672129964 
1 7 13 2 7 0 0.19750474042472188 
8 12 7 0 11 0 0.933994708671192 
2 2 1 4 2 0 0.63022999197952 
---
0 22 17.663993419699775 5.0 5
12 4 8 8 0 1 0.1555307330873814 
2 2 4 2 2 0 0.3810323246647669 
8 12 7 0 11 0 0.933994708671192 
11 2 13 4 7 0 0.3898641448460911 
12 7 8 2 0 1 0.22280631356900504 
---
0 23 16.57413119473576 6.0 5
1 7 13 2 7 0 0.19750474042472188 
2 2 1 4 2 0 0.63022999197952 
1 6 7 0 7 0 0.6523445785240871 
8 12 7 0 11 0 0.933994708671192 
12 7 8 2 0 1 0.21812248672129964 
11 2 13 4 7 0 0.3898641448460911 
---
0 24 14.168208924532182 10.0 5
12 7 8 2 0 1 0.22280631356900504 
12 4 8 8 0 1 0.1555307330873814 
7 11 1 14 1 0 0.19923065103115833 
11 2 13 4 7 0 0.37487172833609694 
1 7 13 2 7 0 0.19750474042472188 
1 6 7 0 7 0 0.6523445785240871 
1 12 2 2 8 1 0.2886164810135041 
5 1 13 3 7 0 0.9702581478802303 
8 12 7 0 11 0 0.933994708671192 
2 2 4 2 2 0 0.3810323246647669 
---
0 25 21.056960723833022 2.0 5
2 2 2 1 1 0 0.5407959021364308 
12 7 8 2 0 1 0.18182787177102178 
---
0 26 19.63808348755912 3.0 5
1 7 13 2 7 0 0.19750474042472188 
12 7 8 2 0 1 0.21812248672129964 
2 2 1 4 2 0 0.63022999197952 
---
0 27 14.785112070738226 8.0 5
11 2 13 4 7 0 0.3898641448460911 
2 2 4 2 2 0 0.3810323246647669 
1 12 2 2 8 1 0.2886164810135041 
1 6 7 0 7 0 0.6523445785240871 
1 7 13 2 7 0 0.19750474042472188 
12 7 8 2 0 1 0.21812248672129964 
12 4 8 8 0 1 0.1555307330873814 
8 12 7 0 11 0 0.933994708671192 
---
0 28 15.340324902323669 7.0 5
1 7 13 2 7 0 0.19750474042472188 
8 12 7 0 11 0 0.933994708671192 
2 2 4 2 2 0 0.3810323246647669 
12 4 8 8 0 1 0.1555307330873814 
1 6 7 0 7 0 0.6523445785240871 
12 7 8 2 0 1 0.21812248672129964 
11 2 13 4 7 0 0.3898641448460911 
---
0 29 18.85667283569813 4.0 5
12 7 8 2 0 1 0.21812248672129964 
1 7 13 2 7 0 0.19750474042472188 
2 2 1 4 2 0 0.63022999197952 
8 12 7 0 11 0 0.933994708671192 
---
0 30 17.663993419699775 5.0 5
12 4 8 8 0 1 0.1555307330873814 
2 2 4 2 2 0 0.3810323246647669 
8 12 7 0 11 0 0.933994708671192 
11 2 13 4 7 0 0.3898641448460911 
12 7 8 2 0 1 0.22280631356900504 
---
0 31 16.57413119473576 6.0 5
1 7 13 2 7 0 0.19750474042472188 
2 2 1 4 2 0 0.63022999197952 
1 6 7 0 7 0 0.6523445785240871 
8 12 7 0 11 0 0.933994708671192 
12 7 8 2 0 1 0.21812248672129964 
11 2 13 4 7 0 0.3898641448460911 
---
0 32 19.63808348755912 3.0 5
1 7 13 2 7 0 0.19750474042472188 
12 7 8 2 0 1 0.21812248672129964 
2 2 1 4 2 0 0.63022999197952 
---
0 33 14.785112070738226 8.0 5
1 6 7 0 7 0 0.6523445785240871 
1 12 2 2 8 1 0.2886164810135041 
12 7 8 2 0 1 0.21812248672129964 
2 2 4 2 2 0 0.3810323246647669 
1 7 13 2 7 0 0.19750474042472188 
12 4 8 8 0 1 0.1555307330873814 
8 12 7 0 11 0 0.933994708671192 
11 2 13 4 7 0 0.3898641448460911 
---
0 34 15.340324902323669 7.0 5
1 6 7 0 7 0 0.6523445785240871 
12 4 8 8 0 1 0.1555307330873814 
12 7 8 2 0 1 0.21812248672129964 
2 2 4 2 2 0 0.3810323246647669 
1 7 13 2 7 0 0.19750474042472188 
8 12 7 0 11 0 0.933994708671192 
11 2 13 4 7 0 0.3898641448460911 
---
0 35 18.85667283569813 4.0 5
12 7 8 2 0 1 0.21812248672129964 
1 7 13 2 7 0 0.19750474042472188 
2 2 1 4 2 0 0.63022999197952 
8 12 7 0 11 0 0.933994708671192 
---
0 36 17.663993419699775 5.0 5
12 4 8 8 0 1 0.1555307330873814 
2 2 4 2 2 0 0.3810323246647669 
8 12 7 0 11 0 0.933994708671192 
11 2 13 4 7 0 0.3898641448460911 
12 7 8 2 0 1 0.22280631356900504 
---
0 37 16.57413119473576 6.0 5
1 7 13 2 7 0 0.19750474042472188 
2 2 1 4 2 0 0.63022999197952 
1 6 7 0 7 0 0.6523445785240871 
8 12 7 0 11 0 0.933994708671192 
12 7 8 2 0 1 0.21812248672129964 
11 2 13 4 7 0 0.3898641448460911 
---
0 38 19.63808348755912 3.0 5
1 7 13 2 7 0 0.19750474042472188 
12 7 8 2 0 1 0.21812248672129964 
2 2 1 4 2 0 0.63022999197952 
---
0 39 14.785112070738226 8.0 5
11 2 13 4 7 0 0.3898641448460911 
2 2 4 2 2 0 0.3810323246647669 
1 12 2 2 8 1 0.2886164810135041 
1 6 7 0 7 0 0.6523445785240871 
1 7 13 2 7 0 0.19750474042472188 
12 7 8 2 0 1 0.21812248672129964 
12 4 8 8 0 1 0.1555307330873814 
8 12 7 0 11 0 0.933994708671192 
---
0 40 15.340324902323669 7.0 5
1 7 13 2 7 0 0.19750474042472188 
8 12 7 0 11 0 0.933994708671192 
2 2 4 2 2 0 0.3810323246647669 
12 4 8 8 0 1 0.1555307330873814 
1 6 7 0 7 0 0.6523445785240871 
12 7 8 2 0 1 0.21812248672129964 
11 2 13 4 7 0 0.3898641448460911 
---
0 41 18.85667283569813 4.0 5
12 7 8 2 0 1 0.21812248672129964 
1 7 13 2 7 0 0.19750474042472188 
2 2 1 4 2 0 0.63022999197952 
8 12 7 0 11 0 0.933994708671192 
---
0 42 17.663993419699775 5.0 5
12 4 8 8 0 1 0.1555307330873814 
2 2 4 2 2 0 0.3810323246647669 
8 12 7 0 11 0 0.933994708671192 
11 2 13 4 7 0 0.3898641448460911 
12 7 8 2 0 1 0.22280631356900504 
---
0 43 16.57413119473576 6.0 5
2 2 1 4 2 0 0.63022999197952 
11 2 13 4 7 0 0.3898641448460911 
12 7 8 2 0 1 0.21812248672129964 
8 12 7 0 11 0 0.933994708671192 
1 6 7 0 7 0 0.6523445785240871 
1 7 13 2 7 0 0.19750474042472188 
---
0 44 19.63808348755912 3.0 5
1 7 13 2 7 0 0.19750474042472188 
12 7 8 2 0 1 0.21812248672129964 
2 2 1 4 2 0 0.63022999197952 
---
0 45 14.785112070738226 8.0 5
11 2 13 4 7 0 0.3898641448460911 
2 2 4 2 2 0 0.3810323246647669 
1 12 2 2 8 1 0.2886164810135041 
1 6 7 0 7 0 0.6523445785240871 
1 7 13 2 7 0 0.19750474042472188 
12 7 8 2 0 1 0.21812248672129964 
12 4 8 8 0 1 0.1555307330873814 
8 12 7 0 11 0 0.933994708671192 
---
0 46 15.340324902323669 7.0 5
1 7 13 2 7 0 0.19750474042472188 
8 12 7 0 11 0 0.933994708671192 
2 2 4 2 2 0 0.3810323246647669 
12 4 8 8 0 1 0.1555307330873814 
1 6 7 0 7 0 0.6523445785240871 
12 7 8 2 0 1 0.21812248672129964 
11 2 13 4 7 0 0.3898641448460911 
---
0 47 18.85667283569813 4.0 5
8 12 7 0 11 0 0.933994708671192 
1 7 13 2 7 0 0.19750474042472188 
12 7 8 2 0 1 0.21812248672129964 
2 2 1 4 2 0 0.63022999197952 
---
0 48 17.663993419699775 5.0 5
12 4 8 8 0 1 0.1555307330873814 
11 2 13 4 7 0 0.3898641448460911 
2 2 4 2 2 0 0.3810323246647669 
8 12 7 0 11 0 0.933994708671192 
12 7 8 2 0 1 0.22280631356900504 
---
0 49 16.57413119473576 6.0 5
1 7 13 2 7 0 0.19750474042472188 
2 2 1 4 2 0 0.63022999197952 
1 6 7 0 7 0 0.6523445785240871 
8 12 7 0 11 0 0.933994708671192 
12 7 8 2 0 1 0.21812248672129964 
11 2 13 4 7 0 0.3898641448460911 
---
0 50 19.63808348755912 3.0 5
1 7 13 2 7 0 0.19750474042472188 
12 7 8 2 0 1 0.21812248672129964 
2 2 1 4 2 0 0.63022999197952 
---
0 51 14.785112070738226 8.0 5
11 2 13 4 7 0 0.3898641448460911 
2 2 4 2 2 0 0.3810323246647669 
1 12 2 2 8 1 0.2886164810135041 
1 6 7 0 7 0 0.6523445785240871 
1 7 13 2 7 0 0.19750474042472188 
12 7 8 2 0 1 0.21812248672129964 
12 4 8 8 0 1 0.1555307330873814 
8 12 7 0 11 0 0.933994708671192 
---
0 52 15.340324902323669 7.0 5
1 7 13 2 7 0 0.19750474042472188 
8 12 7 0 11 0 0.933994708671192 
2 2 4 2 2 0 0.3810323246647669 
12 4 8 8 0 1 0.1555307330873814 
1 6 7 0 7 0 0.6523445785240871 
12 7 8 2 0 1 0.21812248672129964 
11 2 13 4 7 0 0.3898641448460911 
---
0 53 17.663993419699775 5.0 5
12 4 8 8 0 1 0.1555307330873814 
2 2 4 2 2 0 0.3810323246647669 
8 12 7 0 11 0 0.933994708671192 
11 2 13 4 7 0 0.3898641448460911 
12 7 8 2 0 1 0.22280631356900504 
---
1 0 29.344026321200907 1.0 5
0 1 0 0 2 0 0.2999923347245297 
---
1 1 14.332716430187128 9.0 5
12 7 8 2 0 1 0.21812248672129964 
11 2 13 4 7 0 0.37487172833609694 
2 2 4 2 2 0 0.3810323246647669 
8 12 7 0 11 0 0.933994708671192 
1 7 13 2 7 0 0.19750474042472188 
1 12 2 2 8 1 0.2886164810135041 
7 11 1 14 1 0 0.19923065103115833 
1 6 7 0 7 0 0.6523445785240871 
12 4 8 8 0 1 0.1555307330873814 
---
1 2 20.52231133045445 2.0 5
12 7 8 2 0 1 0.22280631356900504 
2 2 2 4 1 0 0.4688464354601749 
---
1 3 20.52231133045445 2.0 5
2 2 2 4 1 0 0.4688464354601749 
12 7 8 2 0 1 0.22280631356900504 
---
1 4 19.453012543697305 3.0 5
12 7 8 2 0 1 0.21812248672129964 
1 7 13 2 7 0 0.19750474042472188 
2 2 2 1 1 0 0.558427194522068 
---
1 5 18.60991157721571 5.0 5
8 12 7 0 11 0 0.933994708671192 
1 6 7 0 7 0 0.6523445785240871 
1 7 13 2 7 0 0.19750474042472188 
2 2 2 1 1 0 0.558427194522068 
12 7 8 2 0 1 0.21812248672129964 
---
1 6 16.12173555418466 6.0 5
12 7 8 2 0 1 0.21812248672129964 
1 7 13 2 7 0 0.19750474042472188 
1 6 7 0 7 0 0.6523445785240871 
11 2 13 4 7 0 0.37487172833609694 
2 2 4 2 2 0 0.3810323246647669 
8 12 7 0 11 0 0.933994708671192 
---
1 7 15.669339913633559 7.0 5
2 2 4 2 2 0 0.3810323246647669 
12 7 8 2 0 1 0.21812248672129964 
11 2 13 4 7 0 0.37487172833609694 
1 6 7 0 7 0 0.6523445785240871 
1 7 13 2 7 0 0.19750474042472188 
8 12 7 0 11 0 0.933994708671192 
7 11 1 14 1 0 0.19923065103115833 
---
1 8 14.785112070738226 8.0 5
12 7 8 2 0 1 0.21812248672129964 
1 7 13 2 7 0 0.19750474042472188 
11 2 13 4 7 0 0.37487172833609694 
1 12 2 2 8 1 0.2886164810135041 
2 2 4 2 2 0 0.3810323246647669 
8 12 7 0 11 0 0.933994708671192 
1 6 7 0 7 0 0.6523445785240871 
12 4 8 8 0 1 0.1555307330873814 
---
1 9 19.453012543697305 3.0 5
12 7 8 2 0 1 0.21812248672129964 
1 7 13 2 7 0 0.19750474042472188 
2 2 2 1 1 0 0.558427194522068 
---
1 10 18.85667283569813 4.0 5
1 6 7 0 7 0 0.6523445785240871 
2 2 2 1 1 0 0.558427194522068 
12 7 8 2 0 1 0.21812248672129964 
1 7 13 2 7 0 0.19750474042472188 
---
1 11 14.785112070738226 8.0 5
12 7 8 2 0 1 0.21812248672129964 
1 7 13 2 7 0 0.19750474042472188 
11 2 13 4 7 0 0.37487172833609694 
1 12 2 2 8 1 0.2886164810135041 
2 2 4 2 2 0 0.3810323246647669 
8 12 7 0 11 0 0.933994708671192 
1 6 7 0 7 0 0.6523445785240871 
12 4 8 8 0 1 0.1555307330873814 
---
1 12 16.12173555418466 6.0 5
1 7 13 2 7 0 0.19750474042472188 
8 12 7 0 11 0 0.933994708671192 
2 2 4 2 2 0 0.3810323246647669 
1 6 7 0 7 0 0.6523445785240871 
11 2 13 4 7 0 0.37487172833609694 
12 7 8 2 0 1 0.21812248672129964 
---
1 13 18.85667283569813 4.0 5
2 2 2 1 1 0 0.558427194522068 
12 7 8 2 0 1 0.21812248672129964 
1 7 13 2 7 0 0.19750474042472188 
1 6 7 0 7 0 0.6523445785240871 
---
1 14 18.60991157721571 5.0 5
8 12 7 0 11 0 0.933994708671192 
1 6 7 0 7 0 0.6523445785240871 
1 7 13 2 7 0 0.19750474042472188 
2 2 2 1 1 0 0.558427194522068 
12 7 8 2 0 1 0.21812248672129964 
---
1 15 15.669339913633559 7.0 5
1 6 7 0 7 0 0.6523445785240871 
2 2 4 2 2 0 0.3810323246647669 
12 7 8 2 0 1 0.21812248672129964 
8 12 7 0 11 0 0.933994708671192 
11 2 13 4 7 0 0.37487172833609694 
7 11 1 14 1 0 0.19923065103115833 
1 7 13 2 7 0 0.19750474042472188 
---
1 16 29.344026321200907 1.0 5
0 1 0 0 2 0 0.2999923347245297 
---
1 17 14.332716430187128 9.0 5
12 7 8 2 0 1 0.21812248672129964 
2 2 4 2 2 0 0.3810323246647669 
1 12 2 2 8 1 0.2886164810135041 
8 12 7 0 11 0 0.933994708671192 
1 7 13 2 7 0 0.19750474042472188 
1 6 7 0 7 0 0.6523445785240871 
11 2 13 4 7 0 0.37487172833609694 
7 11 1 14 1 0 0.19923065103115833 
12 4 8 8 0 1 0.1555307330873814 
---
1 18 20.52231133045445 2.0 5
2 2 2 4 1 0 0.4688464354601749 
12 7 8 2 0 1 0.22280631356900504 
---
1 19 19.453012543697305 3.0 5
12 7 8 2 0 1 0.21812248672129964 
1 7 13 2 7 0 0.19750474042472188 
2 2 2 1 1 0 0.558427194522068 
---
1 20 14.785112070738226 8.0 5
12 7 8 2 0 1 0.21812248672129964 
1 7 13 2 7 0 0.19750474042472188 
11 2 13 4 7 0 0.37487172833609694 
1 12 2 2 8 1 0.2886164810135041 
2 2 4 2 2 0 0.3810323246647669 
8 12 7 0 11 0 0.933994708671192 
1 6 7 0 7 0 0.6523445785240871 
12 4 8 8 0 1 0.1555307330873814 
---
1 21 16.12173555418466 6.0 5
1 7 13 2 7 0 0.19750474042472188 
8 12 7 0 11 0 0.933994708671192 
2 2 4 2 2 0 0.3810323246647669 
1 6 7 0 7 0 0.6523445785240871 
11 2 13 4 7 0 0.37487172833609694 
12 7 8 2 0 1 0.21812248672129964 
---
1 22 18.85667283569813 4.0 5
12 7 8 2 0 1 0.21812248672129964 
2 2 2 1 1 0 0.558427194522068 
1 6 7 0 7 0 0.6523445785240871 
1 7 13 2 7 0 0.19750474042472188 
---
1 23 15.669339913633559 7.0 5
2 2 4 2 2 0 0.3810323246647669 
12 7 8 2 0 1 0.21812248672129964 
11 2 13 4 7 0 0.37487172833609694 
1 6 7 0 7 0 0.6523445785240871 
1 7 13 2 7 0 0.19750474042472188 
8 12 7 0 11 0 0.933994708671192 
7 11 1 14 1 0 0.19923065103115833 
---
1 24 29.344026321200907 1.0 5
0 1 0 0 2 0 0.2999923347245297 
---
1 25 14.332716430187128 9.0 5
12 7 8 2 0 1 0.21812248672129964 
11 2 13 4 7 0 0.37487172833609694 
2 2 4 2 2 0 0.3810323246647669 
8 12 7 0 11 0 0.933994708671192 
1 7 13 2 7 0 0.19750474042472188 
1 12 2 2 8 1 0.2886164810135041 
7 11 1 14 1 0 0.19923065103115833 
1 6 7 0 7 0 0.6523445785240871 
12 4 8 8 0 1 0.1555307330873814 
---
1 26 20.52231133045445 2.0 5
2 2 2 4 1 0 0.4688464354601749 
12 7 8 2 0 1 0.22280631356900504 
---
1 27 19.453012543697305 3.0 5
1 7 13 2 7 0 0.19750474042472188 
12 7 8 2 0 1 0.21812248672129964 
2 2 2 1 1 0 0.558427194522068 
---
1 28 14.785112070738226 8.0 5
12 7 8 2 0 1 0.21812248672129964 
1 7 13 2 7 0 0.19750474042472188 
11 2 13 4 7 0 0.37487172833609694 
1 12 2 2 8 1 0.2886164810135041 
2 2 4 2 2 0 0.3810323246647669 
8 12 7 0 11 0 0.933994708671192 
1 6 7 0 7 0 0.6523445785240871 
12 4 8 8 0 1 0.1555307330873814 
---
1 29 16.12173555418466 6.0 5
1 7 13 2 7 0 0.19750474042472188 
8 12 7 0 11 0 0.933994708671192 
2 2 4 2 2 0 0.3810323246647669 
1 6 7 0 7 0 0.6523445785240871 
11 2 13 4 7 0 0.37487172833609694 
12 7 8 2 0 1 0.21812248672129964 
---
1 30 18.85667283569813 4.0 5
1 7 13 2 7 0 0.19750474042472188 
1 6 7 0 7 0 0.6523445785240871 
12 7 8 2 0 1 0.21812248672129964 
2 2 2 1 1 0 0.558427194522068 
---
1 31 15.669339913633559 7.0 5
2 2 4 2 2 0 0.3810323246647669 
12 7 8 2 0 1 0.21812248672129964 
11 2 13 4 7 0 0.37487172833609694 
1 6 7 0 7 0 0.6523445785240871 
1 7 13 2 7 0 0.19750474042472188 
8 12 7 0 11 0 0.933994708671192 
7 11 1 14 1 0 0.19923065103115833 
---
1 32 29.344026321200907 1.0 5
0 0 0 0 2 0 0.3536082474226804 
---
1 33 14.332716430187128 9.0 5
12 7 8 2 0 1 0.21812248672129964 
11 2 13 4 7 0 0.37487172833609694 
2 2 4 2 2 0 0.3810323246647669 
8 12 7 0 11 0 0.933994708671192 
1 7 13 2 7 0 0.19750474042472188 
1 12 2 2 8 1 0.2886164810135041 
7 11 1 14 1 0 0.19923065103115833 
1 6 7 0 7 0 0.6523445785240871 
12 4 8 8 0 1 0.1555307330873814 
---
1 34 20.52231133045445 2.0 5
2 2 2 4 1 0 0.4688464354601749 
12 7 8 2 0 1 0.22280631356900504 
---
1 35 19.453012543697305 3.0 5
1 7 13 2 7 0 0.19750474042472188 
12 7 8 2 0 1 0.21812248672129964 
2 2 2 1 1 0 0.558427194522068 
---
1 36 14.785112070738226 8.0 5
12 4 8 8 0 1 0.1555307330873814 
1 6 7 0 7 0 0.6523445785240871 
12 7 8 2 0 1 0.21812248672129964 
1 12 2 2 8 1 0.2886164810135041 
2 2 4 2 2 0 0.3810323246647669 
8 12 7 0 11 0 0.933994708671192 
1 7 13 2 7 0 0.19750474042472188 
11 2 13 4 7 0 0.37487172833609694 
---
1 37 16.12173555418466 6.0 5
1 7 13 2 7 0 0.19750474042472188 
8 12 7 0 11 0 0.933994708671192 
2 2 4 2 2 0 0.3810323246647669 
1 6 7 0 7 0 0.6523445785240871 
11 2 13 4 7 0 0.37487172833609694 
12 7 8 2 0 1 0.21812248672129964 
---
1 38 18.85667283569813 4.0 5
1 6 7 0 7 0 0.6523445785240871 
2 2 2 1 1 0 0.558427194522068 
12 7 8 2 0 1 0.21812248672129964 
1 7 13 2 7 0 0.19750474042472188 
---
1 39 15.669339913633559 7.0 5
2 2 4 2 2 0 0.3810323246647669 
12 7 8 2 0 1 0.21812248672129964 
11 2 13 4 7 0 0.37487172833609694 
1 6 7 0 7 0 0.6523445785240871 
1 7 13 2 7 0 0.19750474042472188 
8 12 7 0 11 0 0.933994708671192 
7 11 1 14 1 0 0.19923065103115833 
---
1 40 29.344026321200907 1.0 5
0 0 0 0 2 0 0.3536082474226804 
---
1 41 14.332716430187128 9.0 5
12 7 8 2 0 1 0.21812248672129964 
2 2 4 2 2 0 0.3810323246647669 
1 12 2 2 8 1 0.2886164810135041 
8 12 7 0 11 0 0.933994708671192 
1 7 13 2 7 0 0.19750474042472188 
1 6 7 0 7 0 0.6523445785240871 
11 2 13 4 7 0 0.37487172833609694 
7 11 1 14 1 0 0.19923065103115833 
12 4 8 8 0 1 0.1555307330873814 
---
1 42 20.52231133045445 2.0 5
2 2 2 4 1 0 0.4688464354601749 
12 7 8 2 0 1 0.22280631356900504 
---
1 43 19.453012543697305 3.0 5
12 7 8 2 0 1 0.21812248672129964 
2 2 2 1 1 0 0.558427194522068 
1 7 13 2 7 0 0.19750474042472188 
---
1 44 14.785112070738226 8.0 5
12 7 8 2 0 1 0.21812248672129964 
1 7 13 2 7 0 0.19750474042472188 
11 2 13 4 7 0 0.37487172833609694 
1 12 2 2 8 1 0.2886164810135041 
2 2 4 2 2 0 0.3810323246647669 
8 12 7 0 11 0 0.933994708671192 
1 6 7 0 7 0 0.6523445785240871 
12 4 8 8 0 1 0.1555307330873814 
---
1 45 16.12173555418466 6.0 5
12 7 8 2 0 1 0.21812248672129964 
1 7 13 2 7 0 0.19750474042472188 
1 6 7 0 7 0 0.6523445785240871 
11 2 13 4 7 0 0.37487172833609694 
2 2 4 2 2 0 0.3810323246647669 
8 12 7 0 11 0 0.933994708671192 
---
1 46 18.85667283569813 4.0 5
1 6 7 0 7 0 0.6523445785240871 
2 2 2 1 1 0 0.558427194522068 
12 7 8 2 0 1 0.21812248672129964 
1 7 13 2 7 0 0.19750474042472188 
---
1 47 15.669339913633559 7.0 5
2 2 4 2 2 0 0.3810323246647669 
12 7 8 2 0 1 0.21812248672129964 
11 2 13 4 7 0 0.37487172833609694 
1 6 7 0 7 0 0.6523445785240871 
1 7 13 2 7 0 0.19750474042472188 
8 12 7 0 11 0 0.933994708671192 
7 11 1 14 1 0 0.19923065103115833 
---
1 48 29.344026321200907 1.0 5
0 1 0 0 2 0 0.2999923347245297 
---
1 49 14.332716430187128 9.0 5
12 7 8 2 0 1 0.21812248672129964 
11 2 13 4 7 0 0.37487172833609694 
2 2 4 2 2 0 0.3810323246647669 
8 12 7 0 11 0 0.933994708671192 
1 7 13 2 7 0 0.19750474042472188 
1 12 2 2 8 1 0.2886164810135041 
7 11 1 14 1 0 0.19923065103115833 
1 6 7 0 7 0 0.6523445785240871 
12 4 8 8 0 1 0.1555307330873814 
---
1 50 20.52231133045445 2.0 5
2 2 2 4 1 0 0.4688464354601749 
12 7 8 2 0 1 0.22280631356900504 
---
1 51 19.453012543697305 3.0 5
12 7 8 2 0 1 0.21812248672129964 
1 7 13 2 7 0 0.19750474042472188 
2 2 2 1 1 0 0.558427194522068 
---
1 52 14.785112070738226 8.0 5
12 7 8 2 0 1 0.21812248672129964 
1 7 13 2 7 0 0.19750474042472188 
11 2 13 4 7 0 0.37487172833609694 
1 12 2 2 8 1 0.2886164810135041 
2 2 4 2 2 0 0.3810323246647669 
8 12 7 0 11 0 0.933994708671192 
1 6 7 0 7 0 0.6523445785240871 
12 4 8 8 0 1 0.1555307330873814 
---
1 53 16.12173555418466 6.0 5
12 7 8 2 0 1 0.21812248672129964 
1 7 13 2 7 0 0.19750474042472188 
1 6 7 0 7 0 0.6523445785240871 
11 2 13 4 7 0 0.37487172833609694 
2 2 4 2 2 0 0.3810323246647669 
8 12 7 0 11 0 0.933994708671192 
---
1 54 18.85667283569813 4.0 5
1 6 7 0 7 0 0.6523445785240871 
2 2 2 1 1 0 0.558427194522068 
12 7 8 2 0 1 0.21812248672129964 
1 7 13 2 7 0 0.19750474042472188 
---
1 55 15.669339913633559 7.0 5
2 2 4 2 2 0 0.3810323246647669 
12 7 8 2 0 1 0.21812248672129964 
11 2 13 4 7 0 0.37487172833609694 
1 6 7 0 7 0 0.6523445785240871 
1 7 13 2 7 0 0.19750474042472188 
8 12 7 0 11 0 0.933994708671192 
7 11 1 14 1 0 0.19923065103115833 
---
1 56 29.344026321200907 1.0 5
0 1 0 0 2 0 0.2999923347245297 
---
1 57 14.332716430187128 9.0 5
12 7 8 2 0 1 0.21812248672129964 
11 2 13 4 7 0 0.37487172833609694 
2 2 4 2 2 0 0.3810323246647669 
8 12 7 0 11 0 0.933994708671192 
1 7 13 2 7 0 0.19750474042472188 
1 12 2 2 8 1 0.2886164810135041 
7 11 1 14 1 0 0.19923065103115833 
1 6 7 0 7 0 0.6523445785240871 
12 4 8 8 0 1 0.1555307330873814 
---
1 58 19.453012543697305 3.0 5
1 7 13 2 7 0 0.19750474042472188 
12 7 8 2 0 1 0.21812248672129964 
2 2 2 1 1 0 0.558427194522068 
---
1 59 14.785112070738226 8.0 5
12 7 8 2 0 1 0.21812248672129964 
1 7 13 2 7 0 0.19750474042472188 
11 2 13 4 7 0 0.37487172833609694 
1 12 2 2 8 1 0.2886164810135041 
2 2 4 2 2 0 0.3810323246647669 
8 12 7 0 11 0 0.933994708671192 
1 6 7 0 7 0 0.6523445785240871 
12 4 8 8 0 1 0.1555307330873814 
---
2 0 29.344026321200907 1.0 5
0 0 0 0 2 0 0.3656080347448425 
---
2 1 14.64116800329015 9.0 5
8 12 7 0 11 0 0.933994708671192 
12 7 8 2 0 1 0.21812248672129964 
11 2 13 4 7 0 0.3898641448460911 
2 2 4 2 2 0 0.3810323246647669 
1 6 7 0 7 0 0.6523445785240871 
12 4 8 8 0 1 0.1555307330873814 
1 7 13 2 7 0 0.19750474042472188 
1 12 2 2 8 1 0.2886164810135041 
3 4 7 5 1 1 0.22901929679772803 
---
2 2 21.69442730824594 2.0 5
1 2 1 7 1 0 0.7948551320424011 
12 7 8 0 0 1 0.07937862013078911 
---
2 3 15.340324902323669 7.0 5
12 4 8 8 0 1 0.1555307330873814 
1 6 7 0 7 0 0.6523445785240871 
8 12 7 0 11 0 0.933994708671192 
12 7 8 2 0 1 0.21812248672129964 
2 2 4 2 2 0 0.3810323246647669 
11 2 13 4 7 0 0.37487172833609694 
1 7 13 2 7 0 0.19750474042472188 
---
2 4 18.52765782438824 4.0 5
12 7 8 2 0 1 0.21812248672129964 
11 2 13 4 7 0 0.37487172833609694 
2 2 4 2 2 0 0.3810323246647669 
8 12 7 0 11 0 0.933994708671192 
---
2 5 17.088217149907464 5.0 5
11 2 13 4 7 0 0.37487172833609694 
1 6 7 0 7 0 0.6523445785240871 
12 7 8 2 0 1 0.21812248672129964 
2 2 4 2 2 0 0.3810323246647669 
8 12 7 0 11 0 0.933994708671192 
---
2 6 21.69442730824594 2.0 5
1 2 1 7 1 0 0.7948551320424011 
12 7 8 0 0 1 0.07937862013078911 
---
2 7 21.406539173349785 3.0 5
1 2 1 7 1 0 0.7948551320424011 
11 2 13 4 7 0 0.37487172833609694 
12 7 8 0 0 1 0.07937862013078911 
---
2 8 17.088217149907464 5.0 5
2 2 4 2 2 0 0.3810323246647669 
12 7 8 2 0 1 0.21812248672129964 
11 2 13 4 7 0 0.37487172833609694 
8 12 7 0 11 0 0.933994708671192 
1 6 7 0 7 0 0.6523445785240871 
---
2 9 16.12173555418466 6.0 5
12 7 8 2 0 1 0.21812248672129964 
11 2 13 4 7 0 0.37487172833609694 
1 6 7 0 7 0 0.6523445785240871 
1 7 13 2 7 0 0.19750474042472188 
8 12 7 0 11 0 0.933994708671192 
2 2 4 2 2 0 0.3810323246647669 
---
2 10 16.12173555418466 6.0 5
12 7 8 2 0 1 0.21812248672129964 
11 2 13 4 7 0 0.37487172833609694 
1 6 7 0 7 0 0.6523445785240871 
1 7 13 2 7 0 0.19750474042472188 
8 12 7 0 11 0 0.933994708671192 
2 2 4 2 2 0 0.3810323246647669 
---
2 11 14.785112070738226 8.0 5
1 7 13 2 7 0 0.19750474042472188 
1 12 2 2 8 1 0.2886164810135041 
8 12 7 0 11 0 0.933994708671192 
1 6 7 0 7 0 0.6523445785240871 
12 4 8 8 0 1 0.1555307330873814 
2 2 4 2 2 0 0.3810323246647669 
11 2 13 4 7 0 0.37487172833609694 
12 7 8 2 0 1 0.21812248672129964 
---
2 12 21.406539173349785 3.0 5
12 7 8 0 0 1 0.07937862013078911 
1 2 1 7 1 0 0.7948551320424011 
11 2 13 4 7 0 0.37487172833609694 
---
2 13 14.785112070738226 8.0 5
1 7 13 2 7 0 0.19750474042472188 
1 12 2 2 8 1 0.2886164810135041 
8 12 7 0 11 0 0.933994708671192 
1 6 7 0 7 0 0.6523445785240871 
12 4 8 8 0 1 0.1555307330873814 
2 2 4 2 2 0 0.3810323246647669 
11 2 13 4 7 0 0.37487172833609694 
12 7 8 2 0 1 0.21812248672129964 
---
2 14 14.64116800329015 9.0 5
8 12 7 0 11 0 0.933994708671192 
12 7 8 2 0 1 0.21812248672129964 
11 2 13 4 7 0 0.3898641448460911 
2 2 4 2 2 0 0.3810323246647669 
1 6 7 0 7 0 0.6523445785240871 
12 4 8 8 0 1 0.1555307330873814 
1 7 13 2 7 0 0.19750474042472188 
1 12 2 2 8 1 0.2886164810135041 
3 4 7 5 1 1 0.22901929679772803 
---
2 15 21.69442730824594 2.0 5
1 2 1 7 1 0 0.7948551320424011 
12 7 8 0 0 1 0.07937862013078911 
---
2 16 17.088217149907464 5.0 5
11 2 13 4 7 0 0.37487172833609694 
1 6 7 0 7 0 0.6523445785240871 
8 12 7 0 11 0 0.933994708671192 
12 7 8 2 0 1 0.21812248672129964 
2 2 4 2 2 0 0.3810323246647669 
---
2 17 16.12173555418466 6.0 5
12 7 8 2 0 1 0.21812248672129964 
11 2 13 4 7 0 0.37487172833609694 
1 6 7 0 7 0 0.6523445785240871 
1 7 13 2 7 0 0.19750474042472188 
8 12 7 0 11 0 0.933994708671192 
2 2 4 2 2 0 0.3810323246647669 
---
2 18 21.406539173349785 3.0 5
12 7 8 0 0 1 0.07937862013078911 
1 2 1 7 1 0 0.7948551320424011 
11 2 13 4 7 0 0.37487172833609694 
---
2 19 18.52765782438824 4.0 5
2 2 4 2 2 0 0.3810323246647669 
12 7 8 2 0 1 0.21812248672129964 
11 2 13 4 7 0 0.37487172833609694 
8 12 7 0 11 0 0.933994708671192 
---
2 20 14.785112070738226 8.0 5
2 2 4 2 2 0 0.3810323246647669 
12 4 8 8 0 1 0.1555307330873814 
1 7 13 2 7 0 0.19750474042472188 
11 2 13 4 7 0 0.37487172833609694 
8 12 7 0 11 0 0.933994708671192 
1 6 7 0 7 0 0.6523445785240871 
1 12 2 2 8 1 0.2886164810135041 
12 7 8 2 0 1 0.21812248672129964 
---
2 21 29.344026321200907 1.0 5
0 0 0 0 2 0 0.3656080347448425 
---
2 22 14.64116800329015 9.0 5
8 12 7 0 11 0 0.933994708671192 
12 7 8 2 0 1 0.21812248672129964 
11 2 13 4 7 0 0.3898641448460911 
2 2 4 2 2 0 0.3810323246647669 
1 6 7 0 7 0 0.6523445785240871 
12 4 8 8 0 1 0.1555307330873814 
1 7 13 2 7 0 0.19750474042472188 
1 12 2 2 8 1 0.2886164810135041 
3 4 7 5 1 1 0.22901929679772803 
---
2 23 21.69442730824594 2.0 5
1 2 1 7 1 0 0.7948551320424011 
12 7 8 0 0 1 0.07937862013078911 
---
2 24 17.088217149907464 5.0 5
8 12 7 0 11 0 0.933994708671192 
1 6 7 0 7 0 0.6523445785240871 
11 2 13 4 7 0 0.37487172833609694 
2 2 4 2 2 0 0.3810323246647669 
12 7 8 2 0 1 0.21812248672129964 
---
2 25 16.12173555418466 6.0 5
2 2 4 2 2 0 0.3810323246647669 
12 7 8 2 0 1 0.21812248672129964 
8 12 7 0 11 0 0.933994708671192 
1 6 7 0 7 0 0.6523445785240871 
11 2 13 4 7 0 0.37487172833609694 
1 7 13 2 7 0 0.19750474042472188 
---
2 26 21.406539173349785 3.0 5
11 2 13 4 7 0 0.37487172833609694 
1 2 1 7 1 0 0.7948551320424011 
12 7 8 0 0 1 0.07937862013078911 
---
2 27 18.52765782438824 4.0 5
12 7 8 2 0 1 0.21812248672129964 
11 2 13 4 7 0 0.37487172833609694 
2 2 4 2 2 0 0.3810323246647669 
8 12 7 0 11 0 0.933994708671192 
---
2 28 14.785112070738226 8.0 5
2 2 4 2 2 0 0.3810323246647669 
12 4 8 8 0 1 0.1555307330873814 
1 7 13 2 7 0 0.19750474042472188 
11 2 13 4 7 0 0.37487172833609694 
8 12 7 0 11 0 0.933994708671192 
1 6 7 0 7 0 0.6523445785240871 
1 12 2 2 8 1 0.2886164810135041 
12 7 8 2 0 1 0.21812248672129964 
---
2 29 14.64116800329015 9.0 5
8 12 7 0 11 0 0.933994708671192 
12 7 8 2 0 1 0.21812248672129964 
11 2 13 4 7 0 0.3898641448460911 
2 2 4 2 2 0 0.3810323246647669 
1 6 7 0 7 0 0.6523445785240871 
12 4 8 8 0 1 0.1555307330873814 
1 7 13 2 7 0 0.19750474042472188 
1 12 2 2 8 1 0.2886164810135041 
3 4 7 5 1 1 0.22901929679772803 
---
2 30 21.69442730824594 2.0 5
1 2 1 7 1 0 0.7948551320424011 
12 7 8 0 0 1 0.07937862013078911 
---
2 31 17.088217149907464 5.0 5
2 2 4 2 2 0 0.3810323246647669 
12 7 8 2 0 1 0.21812248672129964 
11 2 13 4 7 0 0.37487172833609694 
8 12 7 0 11 0 0.933994708671192 
1 6 7 0 7 0 0.6523445785240871 
---
2 32 16.12173555418466 6.0 5
12 7 8 2 0 1 0.21812248672129964 
11 2 13 4 7 0 0.37487172833609694 
1 6 7 0 7 0 0.6523445785240871 
1 7 13 2 7 0 0.19750474042472188 
8 12 7 0 11 0 0.933994708671192 
2 2 4 2 2 0 0.3810323246647669 
---
2 33 21.406539173349785 3.0 5
11 2 13 4 7 0 0.37487172833609694 
12 7 8 0 0 1 0.07937862013078911 
1 2 1 7 1 0 0.7948551320424011 
---
2 34 18.52765782438824 4.0 5
12 7 8 2 0 1 0.21812248672129964 
11 2 13 4 7 0 0.37487172833609694 
2 2 4 2 2 0 0.3810323246647669 
8 12 7 0 11 0 0.933994708671192 
---
2 35 14.785112070738226 8.0 5
2 2 4 2 2 0 0.3810323246647669 
12 4 8 8 0 1 0.1555307330873814 
1 7 13 2 7 0 0.19750474042472188 
11 2 13 4 7 0 0.37487172833609694 
8 12 7 0 11 0 0.933994708671192 
1 6 7 0 7 0 0.6523445785240871 
1 12 2 2 8 1 0.2886164810135041 
12 7 8 2 0 1 0.21812248672129964 
---
2 36 29.344026321200907 1.0 5
0 0 0 1 2 0 0.47318874918647913 
---
2 37 14.64116800329015 9.0 5
8 12 7 0 11 0 0.933994708671192 
12 7 8 2 0 1 0.21812248672129964 
11 2 13 4 7 0 0.3898641448460911 
2 2 4 2 2 0 0.3810323246647669 
1 6 7 0 7 0 0.6523445785240871 
12 4 8 8 0 1 0.1555307330873814 
1 7 13 2 7 0 0.19750474042472188 
1 12 2 2 8 1 0.2886164810135041 
3 4 7 5 1 1 0.22901929679772803 
---
2 38 21.69442730824594 2.0 5
1 2 1 7 1 0 0.7948551320424011 
12 7 8 0 0 1 0.07937862013078911 
---
2 39 17.088217149907464 5.0 5
8 12 7 0 11 0 0.933994708671192 
1 6 7 0 7 0 0.6523445785240871 
11 2 13 4 7 0 0.37487172833609694 
2 2 4 2 2 0 0.3810323246647669 
12 7 8 2 0 1 0.21812248672129964 
---
2 40 16.12173555418466 6.0 5
12 7 8 2 0 1 0.21812248672129964 
11 2 13 4 7 0 0.37487172833609694 
1 6 7 0 7 0 0.6523445785240871 
1 7 13 2 7 0 0.19750474042472188 
8 12 7 0 11 0 0.933994708671192 
2 2 4 2 2 0 0.3810323246647669 
---
2 41 21.406539173349785 3.0 5
11 2 13 4 7 0 0.37487172833609694 
1 2 1 7 1 0 0.7948551320424011 
12 7 8 0 0 1 0.07937862013078911 
---
2 42 14.785112070738226 8.0 5
2 2 4 2 2 0 0.3810323246647669 
12 4 8 8 0 1 0.1555307330873814 
1 7 13 2 7 0 0.19750474042472188 
11 2 13 4 7 0 0.37487172833609694 
8 12 7 0 11 0 0.933994708671192 
1 6 7 0 7 0 0.6523445785240871 
1 12 2 2 8 1 0.2886164810135041 
12 7 8 2 0 1 0.21812248672129964 
---
2 43 14.64116800329015 9.0 5
8 12 7 0 11 0 0.933994708671192 
12 7 8 2 0 1 0.21812248672129964 
11 2 13 4 7 0 0.3898641448460911 
2 2 4 2 2 0 0.3810323246647669 
1 6 7 0 7 0 0.6523445785240871 
12 4 8 8 0 1 0.1555307330873814 
1 7 13 2 7 0 0.19750474042472188 
1 12 2 2 8 1 0.2886164810135041 
3 4 7 5 1 1 0.22901929679772803 
---
2 44 21.69442730824594 2.0 5
1 2 1 7 1 0 0.7948551320424011 
12 7 8 0 0 1 0.07937862013078911 
---
2 45 17.088217149907464 5.0 5
2 2 4 2 2 0 0.3810323246647669 
12 7 8 2 0 1 0.21812248672129964 
11 2 13 4 7 0 0.37487172833609694 
8 12 7 0 11 0 0.933994708671192 
1 6 7 0 7 0 0.6523445785240871 
---
2 46 16.12173555418466 6.0 5
12 7 8 2 0 1 0.21812248672129964 
11 2 13 4 7 0 0.37487172833609694 
1 6 7 0 7 0 0.6523445785240871 
1 7 13 2 7 0 0.19750474042472188 
8 12 7 0 11 0 0.933994708671192 
2 2 4 2 2 0 0.3810323246647669 
---
2 47 21.406539173349785 3.0 5
12 7 8 0 0 1 0.07937862013078911 
1 2 1 7 1 0 0.7948551320424011 
11 2 13 4 7 0 0.37487172833609694 
---
2 48 18.52765782438824 4.0 5
12 7 8 2 0 1 0.21812248672129964 
11 2 13 4 7 0 0.37487172833609694 
2 2 4 2 2 0 0.3810323246647669 
8 12 7 0 11 0 0.933994708671192 
---
2 49 14.785112070738226 8.0 5
2 2 4 2 2 0 0.3810323246647669 
12 4 8 8 0 1 0.1555307330873814 
1 7 13 2 7 0 0.19750474042472188 
11 2 13 4 7 0 0.37487172833609694 
8 12 7 0 11 0 0.933994708671192 
1 6 7 0 7 0 0.6523445785240871 
1 12 2 2 8 1 0.2886164810135041 
12 7 8 2 0 1 0.21812248672129964 
---
2 50 14.64116800329015 9.0 5
8 12 7 0 11 0 0.933994708671192 
12 7 8 2 0 1 0.21812248672129964 
11 2 13 4 7 0 0.3898641448460911 
2 2 4 2 2 0 0.3810323246647669 
1 6 7 0 7 0 0.6523445785240871 
12 4 8 8 0 1 0.1555307330873814 
1 7 13 2 7 0 0.19750474042472188 
1 12 2 2 8 1 0.2886164810135041 
3 4 7 5 1 1 0.22901929679772803 
---
2 51 21.69442730824594 2.0 5
1 2 1 7 1 0 0.7948551320424011 
12 7 8 0 0 1 0.07937862013078911 
---
2 52 17.088217149907464 5.0 5
2 2 4 2 2 0 0.3810323246647669 
12 7 8 2 0 1 0.21812248672129964 
11 2 13 4 7 0 0.37487172833609694 
8 12 7 0 11 0 0.933994708671192 
1 6 7 0 7 0 0.6523445785240871 
---
2 53 16.12173555418466 6.0 5
12 7 8 2 0 1 0.21812248672129964 
11 2 13 4 7 0 0.37487172833609694 
1 6 7 0 7 0 0.6523445785240871 
1 7 13 2 7 0 0.19750474042472188 
8 12 7 0 11 0 0.933994708671192 
2 2 4 2 2 0 0.3810323246647669 
---
3 0 29.344026321200907 1.0 5
0 1 0 0 0 0 0.35288574424916597 
---
3 1 14.332716430187128 9.0 5
12 7 8 2 0 1 0.21812248672129964 
2 2 4 2 2 0 0.3810323246647669 
1 12 2 2 8 1 0.2886164810135041 
8 12 7 0 11 0 0.933994708671192 
1 7 13 2 7 0 0.19750474042472188 
1 6 7 0 7 0 0.6523445785240871 
11 2 13 4 7 0 0.37487172833609694 
7 11 1 14 1 0 0.19923065103115833 
12 4 8 8 0 1 0.1555307330873814 
---
3 2 21.714990746452806 2.0 5
12 7 8 2 0 1 0.21812248672129964 
2 0 2 2 1 0 0.29987946685247047 
---
3 3 15.093563643841252 8.0 5
1 12 2 2 8 1 0.2886164810135041 
7 11 1 14 1 0 0.19923065103115833 
2 2 4 2 2 0 0.3810323246647669 
1 6 7 0 7 0 0.6523445785240871 
1 7 13 2 7 0 0.19750474042472188 
8 12 7 0 11 0 0.933994708671192 
11 2 13 4 7 0 0.37487172833609694 
12 7 8 2 0 1 0.21812248672129964 
---
3 4 20.769072588936872 3.0 5
12 7 8 2 0 1 0.21812248672129964 
2 0 2 2 1 0 0.29987946685247047 
2 2 4 2 2 0 0.3810323246647669 
---
3 5 18.52765782438824 4.0 5
8 12 7 0 11 0 0.933994708671192 
11 2 13 4 7 0 0.37487172833609694 
2 2 4 2 2 0 0.3810323246647669 
12 7 8 2 0 1 0.21812248672129964 
---
3 6 18.52765782438824 4.0 5
8 12 7 0 11 0 0.933994708671192 
11 2 13 4 7 0 0.37487172833609694 
2 2 4 2 2 0 0.3810323246647669 
12 7 8 2 0 1 0.21812248672129964 
---
3 7 17.088217149907464 5.0 5
2 2 4 2 2 0 0.3810323246647669 
12 7 8 2 0 1 0.21812248672129964 
8 12 7 0 11 0 0.933994708671192 
11 2 13 4 7 0 0.37487172833609694 
1 6 7 0 7 0 0.6523445785240871 
---
3 8 21.714990746452806 2.0 5
12 7 8 2 0 1 0.21812248672129964 
2 0 2 2 1 0 0.29987946685247047 
---
3 9 20.769072588936872 3.0 5
12 7 8 2 0 1 0.21812248672129964 
2 0 2 2 1 0 0.29987946685247047 
2 2 4 2 2 0 0.3810323246647669 
---
3 10 16.12173555418466 6.0 5
2 2 4 2 2 0 0.3810323246647669 
11 2 13 4 7 0 0.37487172833609694 
1 6 7 0 7 0 0.6523445785240871 
1 7 13 2 7 0 0.19750474042472188 
12 7 8 2 0 1 0.21812248672129964 
8 12 7 0 11 0 0.933994708671192 
---
3 11 15.54595928439235 7.0 5
1 7 13 2 7 0 0.19750474042472188 
1 12 2 2 8 1 0.2886164810135041 
8 12 7 0 11 0 0.933994708671192 
11 2 13 4 7 0 0.37487172833609694 
2 2 4 2 2 0 0.3810323246647669 
12 7 8 2 0 1 0.21812248672129964 
1 6 7 0 7 0 0.6523445785240871 
---
3 12 15.54595928439235 7.0 5
1 7 13 2 7 0 0.19750474042472188 
1 12 2 2 8 1 0.2886164810135041 
8 12 7 0 11 0 0.933994708671192 
11 2 13 4 7 0 0.37487172833609694 
2 2 4 2 2 0 0.3810323246647669 
12 7 8 2 0 1 0.21812248672129964 
1 6 7 0 7 0 0.6523445785240871 
---
3 13 17.088217149907464 5.0 5
2 2 4 2 2 0 0.3810323246647669 
12 7 8 2 0 1 0.21812248672129964 
8 12 7 0 11 0 0.933994708671192 
11 2 13 4 7 0 0.37487172833609694 
1 6 7 0 7 0 0.6523445785240871 
---
3 14 16.12173555418466 6.0 5
2 2 4 2 2 0 0.3810323246647669 
11 2 13 4 7 0 0.37487172833609694 
1 6 7 0 7 0 0.6523445785240871 
1 7 13 2 7 0 0.19750474042472188 
12 7 8 2 0 1 0.21812248672129964 
8 12 7 0 11 0 0.933994708671192 
---
3 15 14.332716430187128 9.0 5
12 7 8 2 0 1 0.21812248672129964 
2 2 4 2 2 0 0.3810323246647669 
1 12 2 2 8 1 0.2886164810135041 
8 12 7 0 11 0 0.933994708671192 
1 7 13 2 7 0 0.19750474042472188 
1 6 7 0 7 0 0.6523445785240871 
11 2 13 4 7 0 0.37487172833609694 
7 11 1 14 1 0 0.19923065103115833 
12 4 8 8 0 1 0.1555307330873814 
---
3 16 18.52765782438824 4.0 5
2 2 4 2 2 0 0.3810323246647669 
12 7 8 2 0 1 0.21812248672129964 
8 12 7 0 11 0 0.933994708671192 
11 2 13 4 7 0 0.37487172833609694 
---
3 17 21.714990746452806 2.0 5
12 7 8 2 0 1 0.21812248672129964 
2 0 2 2 1 0 0.29987946685247047 
---
3 18 20.769072588936872 3.0 5
2 2 4 2 2 0 0.3810323246647669 
12 7 8 2 0 1 0.21812248672129964 
2 0 2 2 1 0 0.29987946685247047 
---
3 19 15.54595928439235 7.0 5
1 7 13 2 7 0 0.19750474042472188 
1 12 2 2 8 1 0.2886164810135041 
8 12 7 0 11 0 0.933994708671192 
11 2 13 4 7 0 0.37487172833609694 
2 2 4 2 2 0 0.3810323246647669 
12 7 8 2 0 1 0.21812248672129964 
1 6 7 0 7 0 0.6523445785240871 
---
3 20 17.088217149907464 5.0 5
2 2 4 2 2 0 0.3810323246647669 
12 7 8 2 0 1 0.21812248672129964 
8 12 7 0 11 0 0.933994708671192 
11 2 13 4 7 0 0.37487172833609694 
1 6 7 0 7 0 0.6523445785240871 
---
3 21 16.12173555418466 6.0 5
2 2 4 2 2 0 0.3810323246647669 
11 2 13 4 7 0 0.37487172833609694 
1 6 7 0 7 0 0.6523445785240871 
1 7 13 2 7 0 0.19750474042472188 
12 7 8 2 0 1 0.21812248672129964 
8 12 7 0 11 0 0.933994708671192 
---
3 22 14.332716430187128 9.0 5
12 7 8 2 0 1 0.21812248672129964 
2 2 4 2 2 0 0.3810323246647669 
1 12 2 2 8 1 0.2886164810135041 
8 12 7 0 11 0 0.933994708671192 
1 7 13 2 7 0 0.19750474042472188 
1 6 7 0 7 0 0.6523445785240871 
11 2 13 4 7 0 0.37487172833609694 
7 11 1 14 1 0 0.19923065103115833 
12 4 8 8 0 1 0.1555307330873814 
---
3 23 18.52765782438824 4.0 5
8 12 7 0 11 0 0.933994708671192 
11 2 13 4 7 0 0.37487172833609694 
2 2 4 2 2 0 0.3810323246647669 
12 7 8 2 0 1 0.21812248672129964 
---
3 24 21.714990746452806 2.0 5
12 7 8 2 0 1 0.21812248672129964 
2 0 2 2 1 0 0.29987946685247047 
---
3 25 20.769072588936872 3.0 5
2 2 4 2 2 0 0.3810323246647669 
12 7 8 2 0 1 0.21812248672129964 
2 0 2 2 1 0 0.29987946685247047 
---
3 26 15.54595928439235 7.0 5
1 7 13 2 7 0 0.19750474042472188 
1 12 2 2 8 1 0.2886164810135041 
8 12 7 0 11 0 0.933994708671192 
11 2 13 4 7 0 0.37487172833609694 
2 2 4 2 2 0 0.3810323246647669 
12 7 8 2 0 1 0.21812248672129964 
1 6 7 0 7 0 0.6523445785240871 
---
3 27 17.088217149907464 5.0 5
2 2 4 2 2 0 0.3810323246647669 
12 7 8 2 0 1 0.21812248672129964 
8 12 7 0 11 0 0.933994708671192 
11 2 13 4 7 0 0.37487172833609694 
1 6 7 0 7 0 0.6523445785240871 
---
3 28 16.12173555418466 6.0 5
12 7 8 2 0 1 0.21812248672129964 
2 2 4 2 2 0 0.3810323246647669 
11 2 13 4 7 0 0.37487172833609694 
8 12 7 0 11 0 0.933994708671192 
1 6 7 0 7 0 0.6523445785240871 
1 7 13 2 7 0 0.19750474042472188 
---
3 29 14.332716430187128 9.0 5
1 6 7 0 7 0 0.6523445785240871 
12 4 8 8 0 1 0.1555307330873814 
11 2 13 4 7 0 0.37487172833609694 
7 11 1 14 1 0 0.19923065103115833 
12 7 8 2 0 1 0.21812248672129964 
1 12 2 2 8 1 0.2886164810135041 
1 7 13 2 7 0 0.19750474042472188 
8 12 7 0 11 0 0.933994708671192 
2 2 4 2 2 0 0.3810323246647669 
---
3 30 18.52765782438824 4.0 5
8 12 7 0 11 0 0.933994708671192 
11 2 13 4 7 0 0.37487172833609694 
2 2 4 2 2 0 0.3810323246647669 
12 7 8 2 0 1 0.21812248672129964 
---
3 31 21.714990746452806 2.0 5
2 0 2 2 1 0 0.29987946685247047 
12 7 8 2 0 1 0.21812248672129964 
---
3 32 20.769072588936872 3.0 5
12 7 8 2 0 1 0.21812248672129964 
2 0 2 2 1 0 0.29987946685247047 
2 2 4 2 2 0 0.3810323246647669 
---
3 33 17.088217149907464 5.0 5
2 2 4 2 2 0 0.3810323246647669 
12 7 8 2 0 1 0.21812248672129964 
8 12 7 0 11 0 0.933994708671192 
11 2 13 4 7 0 0.37487172833609694 
1 6 7 0 7 0 0.6523445785240871 
---
3 34 16.12173555418466 6.0 5
12 7 8 2 0 1 0.21812248672129964 
1 7 13 2 7 0 0.19750474042472188 
2 2 4 2 2 0 0.3810323246647669 
11 2 13 4 7 0 0.37487172833609694 
8 12 7 0 11 0 0.933994708671192 
1 6 7 0 7 0 0.6523445785240871 
---
3 35 15.54595928439235 7.0 5
12 7 8 2 0 1 0.21812248672129964 
8 12 7 0 11 0 0.933994708671192 
1 7 13 2 7 0 0.19750474042472188 
1 12 2 2 8 1 0.2886164810135041 
1 6 7 0 7 0 0.6523445785240871 
2 2 4 2 2 0 0.3810323246647669 
11 2 13 4 7 0 0.37487172833609694 
---
3 36 14.332716430187128 9.0 5
2 2 4 2 2 0 0.3810323246647669 
11 2 13 4 7 0 0.37487172833609694 
7 11 1 14 1 0 0.19923065103115833 
1 12 2 2 8 1 0.2886164810135041 
8 12 7 0 11 0 0.933994708671192 
1 7 13 2 7 0 0.19750474042472188 
1 6 7 0 7 0 0.6523445785240871 
12 4 8 8 0 1 0.1555307330873814 
12 7 8 2 0 1 0.21812248672129964 
---
3 37 18.52765782438824 4.0 5
2 2 4 2 2 0 0.3810323246647669 
12 7 8 2 0 1 0.21812248672129964 
8 12 7 0 11 0 0.933994708671192 
11 2 13 4 7 0 0.37487172833609694 
---
3 38 21.714990746452806 2.0 5
12 7 8 2 0 1 0.21812248672129964 
2 0 2 2 1 0 0.29987946685247047 
---
3 39 20.769072588936872 3.0 5
12 7 8 2 0 1 0.21812248672129964 
2 0 2 2 1 0 0.29987946685247047 
2 2 4 2 2 0 0.3810323246647669 
---
3 40 17.088217149907464 5.0 5
2 2 4 2 2 0 0.3810323246647669 
12 7 8 2 0 1 0.21812248672129964 
8 12 7 0 11 0 0.933994708671192 
11 2 13 4 7 0 0.37487172833609694 
1 6 7 0 7 0 0.6523445785240871 
---
3 41 16.12173555418466 6.0 5
8 12 7 0 11 0 0.933994708671192 
2 2 4 2 2 0 0.3810323246647669 
12 7 8 2 0 1 0.21812248672129964 
11 2 13 4 7 0 0.37487172833609694 
1 6 7 0 7 0 0.6523445785240871 
1 7 13 2 7 0 0.19750474042472188 
---
3 42 29.344026321200907 1.0 5
0 1 0 0 0 0 0.35288574424916597 
---
3 43 14.332716430187128 9.0 5
12 7 8 2 0 1 0.21812248672129964 
2 2 4 2 2 0 0.3810323246647669 
1 12 2 2 8 1 0.2886164810135041 
8 12 7 0 11 0 0.933994708671192 
1 7 13 2 7 0 0.19750474042472188 
1 6 7 0 7 0 0.6523445785240871 
11 2 13 4 7 0 0.37487172833609694 
7 11 1 14 1 0 0.19923065103115833 
12 4 8 8 0 1 0.1555307330873814 
---
3 44 18.52765782438824 4.0 5
8 12 7 0 11 0 0.933994708671192 
11 2 13 4 7 0 0.37487172833609694 
2 2 4 2 2 0 0.3810323246647669 
12 7 8 2 0 1 0.21812248672129964 
---
3 45 21.714990746452806 2.0 5
2 0 2 2 1 0 0.29987946685247047 
12 7 8 2 0 1 0.21812248672129964 
---
3 46 20.769072588936872 3.0 5
2 2 4 2 2 0 0.3810323246647669 
12 7 8 2 0 1 0.21812248672129964 
2 0 2 2 1 0 0.29987946685247047 
---
3 47 16.12173555418466 6.0 5
8 12 7 0 11 0 0.933994708671192 
2 2 4 2 2 0 0.3810323246647669 
12 7 8 2 0 1 0.21812248672129964 
11 2 13 4 7 0 0.37487172833609694 
1 6 7 0 7 0 0.6523445785240871 
1 7 13 2 7 0 0.19750474042472188 
---
3 48 14.332716430187128 9.0 5
2 2 4 2 2 0 0.3810323246647669 
11 2 13 4 7 0 0.37487172833609694 
7 11 1 14 1 0 0.19923065103115833 
1 12 2 2 8 1 0.2886164810135041 
8 12 7 0 11 0 0.933994708671192 
1 7 13 2 7 0 0.19750474042472188 
1 6 7 0 7 0 0.6523445785240871 
12 4 8 8 0 1 0.1555307330873814 
12 7 8 2 0 1 0.21812248672129964 
---
3 49 21.714990746452806 2.0 5
2 0 2 2 1 0 0.29987946685247047 
12 7 8 2 0 1 0.21812248672129964 
---
3 50 20.769072588936872 3.0 5
2 2 4 2 2 0 0.3810323246647669 
12 7 8 2 0 1 0.21812248672129964 
2 0 2 2 1 0 0.29987946685247047 
---
3 51 16.12173555418466 6.0 5
2 2 4 2 2 0 0.3810323246647669 
11 2 13 4 7 0 0.37487172833609694 
1 6 7 0 7 0 0.6523445785240871 
1 7 13 2 7 0 0.19750474042472188 
12 7 8 2 0 1 0.21812248672129964 
8 12 7 0 11 0 0.933994708671192 
---
3 52 18.52765782438824 4.0 5
8 12 7 0 11 0 0.933994708671192 
11 2 13 4 7 0 0.37487172833609694 
2 2 4 2 2 0 0.3810323246647669 
12 7 8 2 0 1 0.21812248672129964 
---
3 53 14.332716430187128 9.0 5
2 2 4 2 2 0 0.3810323246647669 
11 2 13 4 7 0 0.37487172833609694 
7 11 1 14 1 0 0.19923065103115833 
1 12 2 2 8 1 0.2886164810135041 
8 12 7 0 11 0 0.933994708671192 
1 7 13 2 7 0 0.19750474042472188 
1 6 7 0 7 0 0.6523445785240871 
12 4 8 8 0 1 0.1555307330873814 
12 7 8 2 0 1 0.21812248672129964 
---
4 0 29.344026321200907 1.0 5
0 1 0 0 0 0 0.35288574424916597 
---
4 1 14.332716430187128 9.0 5
1 12 2 2 8 1 0.2886164810135041 
7 11 1 14 1 0 0.19923065103115833 
12 4 8 8 0 1 0.1555307330873814 
11 2 13 4 7 0 0.37487172833609694 
1 7 13 2 7 0 0.19750474042472188 
2 2 4 2 2 0 0.3810323246647669 
12 7 8 2 0 1 0.21812248672129964 
8 12 7 0 11 0 0.933994708671192 
1 6 7 0 7 0 0.6523445785240871 
---
4 2 21.098087600246764 2.0 5
2 0 2 2 0 0 0.2577831027339671 
12 7 8 8 0 1 0.37439212170739666 
---
4 3 19.18568784700802 4.0 5
11 2 13 4 7 0 0.37487172833609694 
12 7 8 8 0 1 0.37439212170739666 
12 7 8 2 0 1 0.21812248672129964 
2 0 2 2 0 0 0.2577831027339671 
---
4 4 17.088217149907464 5.0 5
12 7 8 2 0 1 0.21812248672129964 
11 2 13 4 7 0 0.37487172833609694 
8 12 7 0 11 0 0.933994708671192 
1 6 7 0 7 0 0.6523445785240871 
2 2 4 2 2 0 0.3810323246647669 
---
4 5 21.098087600246764 2.0 5
12 7 8 8 0 1 0.37439212170739666 
2 0 2 2 0 0 0.2577831027339671 
---
4 6 20.028788813489616 3.0 5
12 7 8 2 0 1 0.21812248672129964 
2 0 2 2 0 0 0.2577831027339671 
12 7 8 8 0 1 0.37439212170739666 
---
4 7 20.028788813489616 3.0 5
2 0 2 2 0 0 0.2577831027339671 
12 7 8 8 0 1 0.37439212170739666 
12 7 8 2 0 1 0.21812248672129964 
---
4 8 19.18568784700802 4.0 5
11 2 13 4 7 0 0.37487172833609694 
12 7 8 8 0 1 0.37439212170739666 
12 7 8 2 0 1 0.21812248672129964 
2 0 2 2 0 0 0.2577831027339671 
---
4 9 16.306806498046473 6.0 5
1 6 7 0 7 0 0.6523445785240871 
12 4 8 8 0 1 0.1555307330873814 
12 7 8 2 0 1 0.21812248672129964 
2 2 4 2 2 0 0.3810323246647669 
8 12 7 0 11 0 0.933994708671192 
11 2 13 4 7 0 0.37487172833609694 
---
4 10 15.340324902323669 7.0 5
2 2 4 2 2 0 0.3810323246647669 
12 7 8 2 0 1 0.21812248672129964 
11 2 13 4 7 0 0.37487172833609694 
8 12 7 0 11 0 0.933994708671192 
1 6 7 0 7 0 0.6523445785240871 
12 4 8 8 0 1 0.1555307330873814 
1 7 13 2 7 0 0.19750474042472188 
---
4 11 17.088217149907464 5.0 5
12 7 8 2 0 1 0.21812248672129964 
11 2 13 4 7 0 0.37487172833609694 
8 12 7 0 11 0 0.933994708671192 
1 6 7 0 7 0 0.6523445785240871 
2 2 4 2 2 0 0.3810323246647669 
---
4 12 16.306806498046473 6.0 5
1 6 7 0 7 0 0.6523445785240871 
2 2 4 2 2 0 0.3810323246647669 
11 2 13 4 7 0 0.37487172833609694 
12 4 8 8 0 1 0.1555307330873814 
8 12 7 0 11 0 0.933994708671192 
12 7 8 2 0 1 0.21812248672129964 
---
4 13 14.785112070738226 8.0 5
2 2 4 2 2 0 0.3810323246647669 
1 7 13 2 7 0 0.19750474042472188 
1 12 2 2 8 1 0.2886164810135041 
12 4 8 8 0 1 0.1555307330873814 
11 2 13 4 7 0 0.37487172833609694 
1 6 7 0 7 0 0.6523445785240871 
12 7 8 2 0 1 0.21812248672129964 
8 12 7 0 11 0 0.933994708671192 
---
4 14 15.340324902323669 7.0 5
2 2 4 2 2 0 0.3810323246647669 
12 7 8 2 0 1 0.21812248672129964 
11 2 13 4 7 0 0.37487172833609694 
8 12 7 0 11 0 0.933994708671192 
1 6 7 0 7 0 0.6523445785240871 
12 4 8 8 0 1 0.1555307330873814 
1 7 13 2 7 0 0.19750474042472188 
---
4 15 14.785112070738226 8.0 5
2 2 4 2 2 0 0.3810323246647669 
1 7 13 2 7 0 0.19750474042472188 
1 12 2 2 8 1 0.2886164810135041 
12 4 8 8 0 1 0.1555307330873814 
11 2 13 4 7 0 0.37487172833609694 
1 6 7 0 7 0 0.6523445785240871 
12 7 8 2 0 1 0.21812248672129964 
8 12 7 0 11 0 0.933994708671192 
---
4 16 14.332716430187128 9.0 5
1 12 2 2 8 1 0.2886164810135041 
7 11 1 14 1 0 0.19923065103115833 
12 4 8 8 0 1 0.1555307330873814 
11 2 13 4 7 0 0.37487172833609694 
1 7 13 2 7 0 0.19750474042472188 
2 2 4 2 2 0 0.3810323246647669 
12 7 8 2 0 1 0.21812248672129964 
8 12 7 0 11 0 0.933994708671192 
1 6 7 0 7 0 0.6523445785240871 
---
4 17 21.098087600246764 2.0 5
2 0 2 2 0 0 0.2577831027339671 
12 7 8 8 0 1 0.37439212170739666 
---
4 18 20.028788813489616 3.0 5
12 7 8 8 0 1 0.37439212170739666 
12 7 8 2 0 1 0.21812248672129964 
2 0 2 2 0 0 0.2577831027339671 
---
4 19 19.18568784700802 4.0 5
11 2 13 4 7 0 0.37487172833609694 
12 7 8 2 0 1 0.21812248672129964 
12 7 8 8 0 1 0.37439212170739666 
2 0 2 2 0 0 0.2577831027339671 
---
4 20 17.088217149907464 5.0 5
12 7 8 2 0 1 0.21812248672129964 
11 2 13 4 7 0 0.37487172833609694 
8 12 7 0 11 0 0.933994708671192 
1 6 7 0 7 0 0.6523445785240871 
2 2 4 2 2 0 0.3810323246647669 
---
4 21 16.306806498046473 6.0 5
1 6 7 0 7 0 0.6523445785240871 
12 4 8 8 0 1 0.1555307330873814 
12 7 8 2 0 1 0.21812248672129964 
2 2 4 2 2 0 0.3810323246647669 
8 12 7 0 11 0 0.933994708671192 
11 2 13 4 7 0 0.37487172833609694 
---
4 22 15.340324902323669 7.0 5
12 7 8 2 0 1 0.21812248672129964 
11 2 13 4 7 0 0.37487172833609694 
2 2 4 2 2 0 0.3810323246647669 
12 4 8 8 0 1 0.1555307330873814 
8 12 7 0 11 0 0.933994708671192 
1 6 7 0 7 0 0.6523445785240871 
1 7 13 2 7 0 0.19750474042472188 
---
4 23 14.785112070738226 8.0 5
2 2 4 2 2 0 0.3810323246647669 
1 7 13 2 7 0 0.19750474042472188 
1 12 2 2 8 1 0.2886164810135041 
12 4 8 8 0 1 0.1555307330873814 
11 2 13 4 7 0 0.37487172833609694 
1 6 7 0 7 0 0.6523445785240871 
12 7 8 2 0 1 0.21812248672129964 
8 12 7 0 11 0 0.933994708671192 
---
4 24 14.332716430187128 9.0 5
1 12 2 2 8 1 0.2886164810135041 
7 11 1 14 1 0 0.19923065103115833 
12 4 8 8 0 1 0.1555307330873814 
11 2 13 4 7 0 0.37487172833609694 
1 7 13 2 7 0 0.19750474042472188 
2 2 4 2 2 0 0.3810323246647669 
12 7 8 2 0 1 0.21812248672129964 
8 12 7 0 11 0 0.933994708671192 
1 6 7 0 7 0 0.6523445785240871 
---
4 25 21.098087600246764 2.0 5
2 0 2 2 0 0 0.2577831027339671 
12 7 8 8 0 1 0.37439212170739666 
---
4 26 20.028788813489616 3.0 5
12 7 8 2 0 1 0.21812248672129964 
2 0 2 2 0 0 0.2577831027339671 
12 7 8 8 0 1 0.37439212170739666 
---
4 27 19.18568784700802 4.0 5
11 2 13 4 7 0 0.37487172833609694 
12 7 8 2 0 1 0.21812248672129964 
2 0 2 2 0 0 0.2577831027339671 
12 7 8 8 0 1 0.37439212170739666 
---
4 28 17.088217149907464 5.0 5
12 7 8 2 0 1 0.21812248672129964 
11 2 13 4 7 0 0.37487172833609694 
8 12 7 0 11 0 0.933994708671192 
1 6 7 0 7 0 0.6523445785240871 
2 2 4 2 2 0 0.3810323246647669 
---
4 29 16.306806498046473 6.0 5
1 6 7 0 7 0 0.6523445785240871 
12 4 8 8 0 1 0.1555307330873814 
12 7 8 2 0 1 0.21812248672129964 
2 2 4 2 2 0 0.3810323246647669 
8 12 7 0 11 0 0.933994708671192 
11 2 13 4 7 0 0.37487172833609694 
---
4 30 15.340324902323669 7.0 5
12 7 8 2 0 1 0.21812248672129964 
11 2 13 4 7 0 0.37487172833609694 
2 2 4 2 2 0 0.3810323246647669 
8 12 7 0 11 0 0.933994708671192 
1 6 7 0 7 0 0.6523445785240871 
12 4 8 8 0 1 0.1555307330873814 
1 7 13 2 7 0 0.19750474042472188 
---
4 31 14.785112070738226 8.0 5
2 2 4 2 2 0 0.3810323246647669 
1 7 13 2 7 0 0.19750474042472188 
1 12 2 2 8 1 0.2886164810135041 
12 4 8 8 0 1 0.1555307330873814 
11 2 13 4 7 0 0.37487172833609694 
1 6 7 0 7 0 0.6523445785240871 
12 7 8 2 0 1 0.21812248672129964 
8 12 7 0 11 0 0.933994708671192 
---
4 32 14.332716430187128 9.0 5
1 12 2 2 8 1 0.2886164810135041 
7 11 1 14 1 0 0.19923065103115833 
12 4 8 8 0 1 0.1555307330873814 
11 2 13 4 7 0 0.37487172833609694 
1 7 13 2 7 0 0.19750474042472188 
2 2 4 2 2 0 0.3810323246647669 
12 7 8 2 0 1 0.21812248672129964 
8 12 7 0 11 0 0.933994708671192 
1 6 7 0 7 0 0.6523445785240871 
---
4 33 21.098087600246764 2.0 5
2 0 2 2 0 0 0.2577831027339671 
12 7 8 8 0 1 0.37439212170739666 
---
4 34 20.028788813489616 3.0 5
12 7 8 2 0 1 0.21812248672129964 
12 7 8 8 0 1 0.37439212170739666 
2 0 2 2 0 0 0.2577831027339671 
---
4 35 19.18568784700802 4.0 5
11 2 13 4 7 0 0.37487172833609694 
12 7 8 8 0 1 0.37439212170739666 
12 7 8 2 0 1 0.21812248672129964 
2 0 2 2 0 0 0.2577831027339671 
---
4 36 17.088217149907464 5.0 5
12 7 8 2 0 1 0.21812248672129964 
11 2 13 4 7 0 0.37487172833609694 
8 12 7 0 11 0 0.933994708671192 
1 6 7 0 7 0 0.6523445785240871 
2 2 4 2 2 0 0.3810323246647669 
---
4 37 16.306806498046473 6.0 5
12 4 8 8 0 1 0.1555307330873814 
11 2 13 4 7 0 0.37487172833609694 
12 7 8 2 0 1 0.21812248672129964 
1 6 7 0 7 0 0.6523445785240871 
8 12 7 0 11 0 0.933994708671192 
2 2 4 2 2 0 0.3810323246647669 
---
4 38 14.785112070738226 8.0 5
2 2 4 2 2 0 0.3810323246647669 
1 7 13 2 7 0 0.19750474042472188 
1 12 2 2 8 1 0.2886164810135041 
12 4 8 8 0 1 0.1555307330873814 
11 2 13 4 7 0 0.37487172833609694 
1 6 7 0 7 0 0.6523445785240871 
12 7 8 2 0 1 0.21812248672129964 
8 12 7 0 11 0 0.933994708671192 
---
4 39 14.332716430187128 9.0 5
1 12 2 2 8 1 0.2886164810135041 
7 11 1 14 1 0 0.19923065103115833 
12 4 8 8 0 1 0.1555307330873814 
11 2 13 4 7 0 0.37487172833609694 
1 7 13 2 7 0 0.19750474042472188 
2 2 4 2 2 0 0.3810323246647669 
12 7 8 2 0 1 0.21812248672129964 
8 12 7 0 11 0 0.933994708671192 
1 6 7 0 7 0 0.6523445785240871 
---
4 40 21.098087600246764 2.0 5
12 7 8 8 0 1 0.37439212170739666 
2 0 2 2 0 0 0.2577831027339671 
---
4 41 20.028788813489616 3.0 5
12 7 8 8 0 1 0.37439212170739666 
12 7 8 2 0 1 0.21812248672129964 
2 0 2 2 0 0 0.2577831027339671 
---
4 42 19.18568784700802 4.0 5
11 2 13 4 7 0 0.37487172833609694 
12 7 8 2 0 1 0.21812248672129964 
12 7 8 8 0 1 0.37439212170739666 
2 0 2 2 0 0 0.2577831027339671 
---
4 43 17.088217149907464 5.0 5
12 7 8 2 0 1 0.21812248672129964 
11 2 13 4 7 0 0.37487172833609694 
8 12 7 0 11 0 0.933994708671192 
1 6 7 0 7 0 0.6523445785240871 
2 2 4 2 2 0 0.3810323246647669 
---
4 44 16.306806498046473 6.0 5
1 6 7 0 7 0 0.6523445785240871 
12 4 8 8 0 1 0.1555307330873814 
12 7 8 2 0 1 0.21812248672129964 
2 2 4 2 2 0 0.3810323246647669 
8 12 7 0 11 0 0.933994708671192 
11 2 13 4 7 0 0.37487172833609694 
---
4 45 14.785112070738226 8.0 5
2 2 4 2 2 0 0.3810323246647669 
1 7 13 2 7 0 0.19750474042472188 
1 12 2 2 8 1 0.2886164810135041 
12 4 8 8 0 1 0.1555307330873814 
11 2 13 4 7 0 0.37487172833609694 
1 6 7 0 7 0 0.6523445785240871 
12 7 8 2 0 1 0.21812248672129964 
8 12 7 0 11 0 0.933994708671192 
---
4 46 14.332716430187128 9.0 5
1 12 2 2 8 1 0.2886164810135041 
7 11 1 14 1 0 0.19923065103115833 
12 4 8 8 0 1 0.1555307330873814 
11 2 13 4 7 0 0.37487172833609694 
1 7 13 2 7 0 0.19750474042472188 
2 2 4 2 2 0 0.3810323246647669 
12 7 8 2 0 1 0.21812248672129964 
8 12 7 0 11 0 0.933994708671192 
1 6 7 0 7 0 0.6523445785240871 
---
4 47 21.098087600246764 2.0 5
12 7 8 8 0 1 0.37439212170739666 
2 0 2 2 0 0 0.2577831027339671 
---
4 48 20.028788813489616 3.0 5
12 7 8 8 0 1 0.37439212170739666 
12 7 8 2 0 1 0.21812248672129964 
2 0 2 2 0 0 0.2577831027339671 
---
4 49 19.18568784700802 4.0 5
12 7 8 2 0 1 0.21812248672129964 
12 7 8 8 0 1 0.37439212170739666 
2 0 2 2 0 0 0.2577831027339671 
11 2 13 4 7 0 0.37487172833609694 
---
4 50 17.088217149907464 5.0 5
12 7 8 2 0 1 0.21812248672129964 
11 2 13 4 7 0 0.37487172833609694 
8 12 7 0 11 0 0.933994708671192 
1 6 7 0 7 0 0.6523445785240871 
2 2 4 2 2 0 0.3810323246647669 
---
4 51 16.306806498046473 6.0 5
1 6 7 0 7 0 0.6523445785240871 
2 2 4 2 2 0 0.3810323246647669 
11 2 13 4 7 0 0.37487172833609694 
12 4 8 8 0 1 0.1555307330873814 
8 12 7 0 11 0 0.933994708671192 
12 7 8 2 0 1 0.21812248672129964 
---
4 52 14.785112070738226 8.0 5
2 2 4 2 2 0 0.3810323246647669 
1 7 13 2 7 0 0.19750474042472188 
1 12 2 2 8 1 0.2886164810135041 
12 4 8 8 0 1 0.1555307330873814 
11 2 13 4 7 0 0.37487172833609694 
1 6 7 0 7 0 0.6523445785240871 
12 7 8 2 0 1 0.21812248672129964 
8 12 7 0 11 0 0.933994708671192 
---
4 53 14.332716430187128 9.0 5
1 12 2 2 8 1 0.2886164810135041 
7 11 1 14 1 0 0.19923065103115833 
12 4 8 8 0 1 0.1555307330873814 
11 2 13 4 7 0 0.37487172833609694 
1 7 13 2 7 0 0.19750474042472188 
2 2 4 2 2 0 0.3810323246647669 
12 7 8 2 0 1 0.21812248672129964 
8 12 7 0 11 0 0.933994708671192 
1 6 7 0 7 0 0.6523445785240871 
