---
0 0 29.35855263157895 1.0 5
0 0 0 1 2 0 0.45868673595925236 
---
0 1 14.473684210526317 10.0 5
7 12 11 13 4 1 0.2948372574189648 
3 1 13 0 7 0 0.4085346387180788 
12 7 12 8 4 1 0.1893210623742343 
4 11 13 7 8 1 0.6177586545485583 
2 1 1 2 4 0 0.498637433928912 
7 12 12 13 4 1 0.3902527973461314 
5 7 8 7 4 0 0.9723221005235755 
4 11 8 12 0 1 0.11067474463002425 
12 1 13 2 0 1 0.2465056457824908 
8 4 7 13 11 0 0.6901265722352409 
---
0 2 22.327302631578945 2.0 5
12 1 13 2 0 1 0.2465056457824908 
1 4 2 2 1 0 0.20859474401352296 
---
0 3 22.327302631578945 2.0 5
1 4 2 2 1 0 0.20859474401352296 
12 1 13 2 0 1 0.2465056457824908 
---
0 4 20.148026315789476 3.0 5
7 12 12 13 4 1 0.3902527973461314 
1 4 2 2 1 0 0.20859474401352296 
12 1 13 2 0 1 0.2465056457824908 
---
0 5 20.148026315789476 3.0 5
7 12 12 13 4 1 0.3902527973461314 
1 4 2 2 1 0 0.20859474401352296 
12 1 13 2 0 1 0.2465056457824908 
---
0 6 17.023026315789476 4.0 5
3 1 13 0 7 0 0.4085346387180788 
2 1 1 2 4 0 0.498637433928912 
12 1 13 2 0 1 0.2465056457824908 
7 12 12 13 4 1 0.3902527973461314 
---
0 7 17.023026315789476 4.0 5
12 1 13 2 0 1 0.2465056457824908 
3 1 13 0 7 0 0.4085346387180788 
7 12 12 13 4 1 0.3902527973461314 
2 1 1 2 4 0 0.498637433928912 
---
0 8 16.221217105263158 5.0 5
2 1 1 2 4 0 0.498637433928912 
12 1 13 2 0 1 0.2465056457824908 
4 11 13 7 8 1 0.6177586545485583 
7 12 12 13 4 1 0.3902527973461314 
3 1 13 0 7 0 0.4085346387180788 
---
0 9 16.221217105263158 5.0 5
4 11 13 7 8 1 0.6177586545485583 
2 1 1 2 4 0 0.498637433928912 
12 1 13 2 0 1 0.2465056457824908 
7 12 12 13 4 1 0.3902527973461314 
3 1 13 0 7 0 0.4085346387180788 
---
0 10 15.912828947368421 6.0 5
4 11 13 7 8 1 0.6177586545485583 
3 1 13 0 7 0 0.4085346387180788 
12 1 13 2 0 1 0.2465056457824908 
2 1 1 2 4 0 0.498637433928912 
7 12 12 13 4 1 0.3902527973461314 
12 7 12 8 4 1 0.1893210623742343 
---
0 11 15.912828947368421 6.0 5
12 1 13 2 0 1 0.2465056457824908 
2 1 1 2 4 0 0.498637433928912 
12 7 12 8 4 1 0.1893210623742343 
3 1 13 0 7 0 0.4085346387180788 
7 12 12 13 4 1 0.3902527973461314 
4 11 13 7 8 1 0.6177586545485583 
---
0 12 15.378289473684212 7.0 5
12 1 13 2 0 1 0.2465056457824908 
4 11 13 7 8 1 0.6177586545485583 
12 7 12 8 4 1 0.1893210623742343 
7 12 12 13 4 1 0.3902527973461314 
2 1 1 2 4 0 0.498637433928912 
8 4 7 13 11 0 0.6901265722352409 
3 1 13 0 7 0 0.4085346387180788 
---
0 13 14.905427631578947 9.0 5
7 12 12 13 4 1 0.3902527973461314 
12 1 13 2 0 1 0.2465056457824908 
2 1 1 2 4 0 0.498637433928912 
3 1 13 0 7 0 0.4085346387180788 
12 7 12 8 4 1 0.1893210623742343 
5 7 8 7 4 0 0.9723221005235755 
4 11 13 7 8 1 0.6177586545485583 
8 4 7 13 11 0 0.6901265722352409 
7 12 11 13 4 1 0.2948372574189648 
---
0 14 15.378289473684212 7.0 5
12 1 13 2 0 1 0.2465056457824908 
4 11 13 7 8 1 0.6177586545485583 
12 7 12 8 4 1 0.1893210623742343 
7 12 12 13 4 1 0.3902527973461314 
2 1 1 2 4 0 0.498637433928912 
8 4 7 13 11 0 0.6901265722352409 
3 1 13 0 7 0 0.4085346387180788 
---
0 15 15.111019736842104 8.0 5
2 1 1 2 4 0 0.498637433928912 
4 11 13 7 8 1 0.6177586545485583 
3 1 13 0 7 0 0.4085346387180788 
7 12 12 13 4 1 0.3902527973461314 
12 7 12 8 4 1 0.1893210623742343 
12 1 13 2 0 1 0.2465056457824908 
8 4 7 13 11 0 0.6901265722352409 
5 7 8 7 4 0 0.9723221005235755 
---
0 16 14.905427631578947 9.0 5
7 12 12 13 4 1 0.3902527973461314 
12 1 13 2 0 1 0.2465056457824908 
2 1 1 2 4 0 0.498637433928912 
3 1 13 0 7 0 0.4085346387180788 
12 7 12 8 4 1 0.1893210623742343 
5 7 8 7 4 0 0.9723221005235755 
4 11 13 7 8 1 0.6177586545485583 
8 4 7 13 11 0 0.6901265722352409 
7 12 11 13 4 1 0.2948372574189648 
---
0 17 15.111019736842104 8.0 5
2 1 1 2 4 0 0.498637433928912 
4 11 13 7 8 1 0.6177586545485583 
3 1 13 0 7 0 0.4085346387180788 
7 12 12 13 4 1 0.3902527973461314 
12 7 12 8 4 1 0.1893210623742343 
12 1 13 2 0 1 0.2465056457824908 
8 4 7 13 11 0 0.6901265722352409 
5 7 8 7 4 0 0.9723221005235755 
---
0 18 29.35855263157895 1.0 5
0 0 0 1 2 0 0.45868673595925236 
---
0 19 14.473684210526317 10.0 5
7 12 11 13 4 1 0.2948372574189648 
3 1 13 0 7 0 0.4085346387180788 
12 7 12 8 4 1 0.1893210623742343 
4 11 13 7 8 1 0.6177586545485583 
2 1 1 2 4 0 0.498637433928912 
7 12 12 13 4 1 0.3902527973461314 
5 7 8 7 4 0 0.9723221005235755 
4 11 8 12 0 1 0.11067474463002425 
12 1 13 2 0 1 0.2465056457824908 
8 4 7 13 11 0 0.6901265722352409 
---
0 20 22.327302631578945 2.0 5
1 4 2 2 1 0 0.20859474401352296 
12 1 13 2 0 1 0.2465056457824908 
---
0 21 20.148026315789476 3.0 5
7 12 12 13 4 1 0.3902527973461314 
1 4 2 2 1 0 0.20859474401352296 
12 1 13 2 0 1 0.2465056457824908 
---
0 22 17.023026315789476 4.0 5
12 1 13 2 0 1 0.2465056457824908 
2 1 1 2 4 0 0.498637433928912 
3 1 13 0 7 0 0.4085346387180788 
7 12 12 13 4 1 0.3902527973461314 
---
0 23 16.221217105263158 5.0 5
4 11 13 7 8 1 0.6177586545485583 
2 1 1 2 4 0 0.498637433928912 
3 1 13 0 7 0 0.4085346387180788 
12 1 13 2 0 1 0.2465056457824908 
7 12 12 13 4 1 0.3902527973461314 
---
0 24 15.912828947368421 6.0 5
12 1 13 2 0 1 0.2465056457824908 
2 1 1 2 4 0 0.498637433928912 
12 7 12 8 4 1 0.1893210623742343 
3 1 13 0 7 0 0.4085346387180788 
7 12 12 13 4 1 0.3902527973461314 
4 11 13 7 8 1 0.6177586545485583 
---
0 25 15.378289473684212 7.0 5
12 1 13 2 0 1 0.2465056457824908 
8 4 7 13 11 0 0.6901265722352409 
12 7 12 8 4 1 0.1893210623742343 
4 11 13 7 8 1 0.6177586545485583 
7 12 12 13 4 1 0.3902527973461314 
2 1 1 2 4 0 0.498637433928912 
3 1 13 0 7 0 0.4085346387180788 
---
0 26 15.111019736842104 8.0 5
2 1 1 2 4 0 0.498637433928912 
4 11 13 7 8 1 0.6177586545485583 
3 1 13 0 7 0 0.4085346387180788 
7 12 12 13 4 1 0.3902527973461314 
12 7 12 8 4 1 0.1893210623742343 
12 1 13 2 0 1 0.2465056457824908 
8 4 7 13 11 0 0.6901265722352409 
5 7 8 7 4 0 0.9723221005235755 
---
0 27 14.905427631578947 9.0 5
7 12 12 13 4 1 0.3902527973461314 
12 1 13 2 0 1 0.2465056457824908 
2 1 1 2 4 0 0.498637433928912 
3 1 13 0 7 0 0.4085346387180788 
12 7 12 8 4 1 0.1893210623742343 
5 7 8 7 4 0 0.9723221005235755 
4 11 13 7 8 1 0.6177586545485583 
8 4 7 13 11 0 0.6901265722352409 
7 12 11 13 4 1 0.2948372574189648 
---
0 28 29.35855263157895 1.0 5
0 0 0 1 2 0 0.45868673595925236 
---
0 29 14.473684210526317 10.0 5
7 12 11 13 4 1 0.2948372574189648 
3 1 13 0 7 0 0.4085346387180788 
12 7 12 8 4 1 0.1893210623742343 
4 11 13 7 8 1 0.6177586545485583 
2 1 1 2 4 0 0.498637433928912 
7 12 12 13 4 1 0.3902527973461314 
5 7 8 7 4 0 0.9723221005235755 
4 11 8 12 0 1 0.11067474463002425 
12 1 13 2 0 1 0.2465056457824908 
8 4 7 13 11 0 0.6901265722352409 
---
0 30 22.327302631578945 2.0 5
12 1 13 2 0 1 0.2465056457824908 
1 4 2 2 1 0 0.20859474401352296 
---
0 31 20.148026315789476 3.0 5
12 1 13 2 0 1 0.2465056457824908 
7 12 12 13 4 1 0.3902527973461314 
1 4 2 2 1 0 0.20859474401352296 
---
0 32 17.023026315789476 4.0 5
3 1 13 0 7 0 0.4085346387180788 
2 1 1 2 4 0 0.498637433928912 
12 1 13 2 0 1 0.2465056457824908 
7 12 12 13 4 1 0.3902527973461314 
---
0 33 16.221217105263158 5.0 5
2 1 1 2 4 0 0.498637433928912 
3 1 13 0 7 0 0.4085346387180788 
12 1 13 2 0 1 0.2465056457824908 
4 11 13 7 8 1 0.6177586545485583 
7 12 12 13 4 1 0.3902527973461314 
---
0 34 15.912828947368421 6.0 5
12 1 13 2 0 1 0.2465056457824908 
2 1 1 2 4 0 0.498637433928912 
12 7 12 8 4 1 0.1893210623742343 
3 1 13 0 7 0 0.4085346387180788 
7 12 12 13 4 1 0.3902527973461314 
4 11 13 7 8 1 0.6177586545485583 
---
0 35 15.378289473684212 7.0 5
12 1 13 2 0 1 0.2465056457824908 
4 11 13 7 8 1 0.6177586545485583 
12 7 12 8 4 1 0.1893210623742343 
7 12 12 13 4 1 0.3902527973461314 
2 1 1 2 4 0 0.498637433928912 
8 4 7 13 11 0 0.6901265722352409 
3 1 13 0 7 0 0.4085346387180788 
---
0 36 14.905427631578947 9.0 5
7 12 12 13 4 1 0.3902527973461314 
12 1 13 2 0 1 0.2465056457824908 
2 1 1 2 4 0 0.498637433928912 
3 1 13 0 7 0 0.4085346387180788 
12 7 12 8 4 1 0.1893210623742343 
5 7 8 7 4 0 0.9723221005235755 
4 11 13 7 8 1 0.6177586545485583 
8 4 7 13 11 0 0.6901265722352409 
7 12 11 13 4 1 0.2948372574189648 
---
0 37 15.111019736842104 8.0 5
2 1 1 2 4 0 0.498637433928912 
4 11 13 7 8 1 0.6177586545485583 
3 1 13 0 7 0 0.4085346387180788 
7 12 12 13 4 1 0.3902527973461314 
12 7 12 8 4 1 0.1893210623742343 
12 1 13 2 0 1 0.2465056457824908 
8 4 7 13 11 0 0.6901265722352409 
5 7 8 7 4 0 0.9723221005235755 
---
0 38 29.35855263157895 1.0 5
0 0 0 1 2 0 0.45868673595925236 
---
0 39 14.473684210526317 10.0 5
8 4 7 13 11 0 0.6901265722352409 
7 12 11 13 4 1 0.2948372574189648 
12 7 12 8 4 1 0.1893210623742343 
4 11 13 7 8 1 0.6177586545485583 
5 7 8 7 4 0 0.9723221005235755 
12 1 13 2 0 1 0.2465056457824908 
4 11 8 12 0 1 0.11067474463002425 
2 1 1 2 4 0 0.498637433928912 
7 12 12 13 4 1 0.3902527973461314 
3 1 13 0 7 0 0.4085346387180788 
---
0 40 22.327302631578945 2.0 5
12 1 13 2 0 1 0.2465056457824908 
1 4 2 2 1 0 0.20859474401352296 
---
0 41 20.148026315789476 3.0 5
7 12 12 13 4 1 0.3902527973461314 
1 4 2 2 1 0 0.20859474401352296 
12 1 13 2 0 1 0.2465056457824908 
---
0 42 17.023026315789476 4.0 5
12 1 13 2 0 1 0.2465056457824908 
7 12 12 13 4 1 0.3902527973461314 
3 1 13 0 7 0 0.4085346387180788 
2 1 1 2 4 0 0.498637433928912 
---
0 43 16.221217105263158 5.0 5
2 1 1 2 4 0 0.498637433928912 
12 1 13 2 0 1 0.2465056457824908 
4 11 13 7 8 1 0.6177586545485583 
7 12 12 13 4 1 0.3902527973461314 
3 1 13 0 7 0 0.4085346387180788 
---
0 44 15.912828947368421 6.0 5
4 11 13 7 8 1 0.6177586545485583 
3 1 13 0 7 0 0.4085346387180788 
12 1 13 2 0 1 0.2465056457824908 
2 1 1 2 4 0 0.498637433928912 
7 12 12 13 4 1 0.3902527973461314 
12 7 12 8 4 1 0.1893210623742343 
---
0 45 15.378289473684212 7.0 5
2 1 1 2 4 0 0.498637433928912 
4 11 13 7 8 1 0.6177586545485583 
12 1 13 2 0 1 0.2465056457824908 
7 12 12 13 4 1 0.3902527973461314 
3 1 13 0 7 0 0.4085346387180788 
12 7 12 8 4 1 0.1893210623742343 
8 4 7 13 11 0 0.6901265722352409 
---
0 46 15.111019736842104 8.0 5
2 1 1 2 4 0 0.498637433928912 
4 11 13 7 8 1 0.6177586545485583 
3 1 13 0 7 0 0.4085346387180788 
7 12 12 13 4 1 0.3902527973461314 
12 7 12 8 4 1 0.1893210623742343 
12 1 13 2 0 1 0.2465056457824908 
8 4 7 13 11 0 0.6901265722352409 
5 7 8 7 4 0 0.9723221005235755 
---
0 47 14.905427631578947 9.0 5
7 12 12 13 4 1 0.3902527973461314 
12 1 13 2 0 1 0.2465056457824908 
2 1 1 2 4 0 0.498637433928912 
3 1 13 0 7 0 0.4085346387180788 
12 7 12 8 4 1 0.1893210623742343 
5 7 8 7 4 0 0.9723221005235755 
4 11 13 7 8 1 0.6177586545485583 
8 4 7 13 11 0 0.6901265722352409 
7 12 11 13 4 1 0.2948372574189648 
---
0 48 14.473684210526317 10.0 5
7 12 11 13 4 1 0.2948372574189648 
3 1 13 0 7 0 0.4085346387180788 
12 7 12 8 4 1 0.1893210623742343 
4 11 13 7 8 1 0.6177586545485583 
2 1 1 2 4 0 0.498637433928912 
7 12 12 13 4 1 0.3902527973461314 
5 7 8 7 4 0 0.9723221005235755 
4 11 8 12 0 1 0.11067474463002425 
12 1 13 2 0 1 0.2465056457824908 
8 4 7 13 11 0 0.6901265722352409 
---
0 49 22.327302631578945 2.0 5
12 1 13 2 0 1 0.2465056457824908 
1 4 2 2 1 0 0.20859474401352296 
---
0 50 20.148026315789476 3.0 5
1 4 2 2 1 0 0.20859474401352296 
12 1 13 2 0 1 0.2465056457824908 
7 12 12 13 4 1 0.3902527973461314 
---
0 51 17.023026315789476 4.0 5
12 1 13 2 0 1 0.2465056457824908 
2 1 1 2 4 0 0.498637433928912 
3 1 13 0 7 0 0.4085346387180788 
7 12 12 13 4 1 0.3902527973461314 
---
0 52 16.221217105263158 5.0 5
4 11 13 7 8 1 0.6177586545485583 
2 1 1 2 4 0 0.498637433928912 
12 1 13 2 0 1 0.2465056457824908 
7 12 12 13 4 1 0.3902527973461314 
3 1 13 0 7 0 0.4085346387180788 
---
0 53 15.912828947368421 6.0 5
4 11 13 7 8 1 0.6177586545485583 
3 1 13 0 7 0 0.4085346387180788 
12 1 13 2 0 1 0.2465056457824908 
2 1 1 2 4 0 0.498637433928912 
7 12 12 13 4 1 0.3902527973461314 
12 7 12 8 4 1 0.1893210623742343 
---
0 54 15.378289473684212 7.0 5
12 1 13 2 0 1 0.2465056457824908 
4 11 13 7 8 1 0.6177586545485583 
12 7 12 8 4 1 0.1893210623742343 
7 12 12 13 4 1 0.3902527973461314 
2 1 1 2 4 0 0.498637433928912 
8 4 7 13 11 0 0.6901265722352409 
3 1 13 0 7 0 0.4085346387180788 
---
0 55 15.111019736842104 8.0 5
2 1 1 2 4 0 0.498637433928912 
4 11 13 7 8 1 0.6177586545485583 
3 1 13 0 7 0 0.4085346387180788 
7 12 12 13 4 1 0.3902527973461314 
12 7 12 8 4 1 0.1893210623742343 
12 1 13 2 0 1 0.2465056457824908 
8 4 7 13 11 0 0.6901265722352409 
5 7 8 7 4 0 0.9723221005235755 
---
0 56 14.905427631578947 9.0 5
7 12 12 13 4 1 0.3902527973461314 
12 1 13 2 0 1 0.2465056457824908 
2 1 1 2 4 0 0.498637433928912 
3 1 13 0 7 0 0.4085346387180788 
12 7 12 8 4 1 0.1893210623742343 
5 7 8 7 4 0 0.9723221005235755 
4 11 13 7 8 1 0.6177586545485583 
8 4 7 13 11 0 0.6901265722352409 
7 12 11 13 4 1 0.2948372574189648 
---
0 57 29.35855263157895 1.0 5
0 0 0 1 2 0 0.45868673595925236 
---
0 58 14.473684210526317 10.0 5
7 12 11 13 4 1 0.2948372574189648 
3 1 13 0 7 0 0.4085346387180788 
12 7 12 8 4 1 0.1893210623742343 
4 11 13 7 8 1 0.6177586545485583 
2 1 1 2 4 0 0.498637433928912 
7 12 12 13 4 1 0.3902527973461314 
5 7 8 7 4 0 0.9723221005235755 
4 11 8 12 0 1 0.11067474463002425 
12 1 13 2 0 1 0.2465056457824908 
8 4 7 13 11 0 0.6901265722352409 
---
1 0 29.35855263157895 1.0 5
0 2 0 1 2 0 0.5218537400825827 
---
1 1 14.473684210526317 10.0 5
7 12 12 13 4 1 0.3902527973461314 
7 12 11 13 4 1 0.2948372574189648 
2 1 1 2 4 0 0.498637433928912 
4 11 13 7 8 1 0.6177586545485583 
5 7 8 7 4 0 0.9723221005235755 
12 1 13 2 0 1 0.2465056457824908 
8 4 7 13 11 0 0.6901265722352409 
12 7 12 8 4 1 0.1893210623742343 
4 11 8 12 0 1 0.11067474463002425 
3 1 13 0 7 0 0.4085346387180788 
---
1 2 24.691611842105264 2.0 5
2 2 0 1 2 0 0.5695341603210347 
12 1 13 2 0 1 0.2465056457824908 
---
1 3 21.648848684210524 3.0 5
2 2 1 4 2 0 0.6323984468400925 
12 1 13 2 0 1 0.2465056457824908 
3 1 13 0 7 0 0.4085346387180788 
---
1 4 17.023026315789476 4.0 5
12 1 13 2 0 1 0.2465056457824908 
2 1 1 2 4 0 0.498637433928912 
3 1 13 0 7 0 0.4085346387180788 
7 12 12 13 4 1 0.3902527973461314 
---
1 5 24.691611842105264 2.0 5
2 2 0 1 2 0 0.5695341603210347 
12 1 13 2 0 1 0.2465056457824908 
---
1 6 21.648848684210524 3.0 5
2 2 1 4 2 0 0.6323984468400925 
12 1 13 2 0 1 0.2465056457824908 
3 1 13 0 7 0 0.4085346387180788 
---
1 7 17.023026315789476 4.0 5
12 1 13 2 0 1 0.2465056457824908 
2 1 1 2 4 0 0.498637433928912 
3 1 13 0 7 0 0.4085346387180788 
7 12 12 13 4 1 0.3902527973461314 
---
1 8 16.221217105263158 5.0 5
4 11 13 7 8 1 0.6177586545485583 
7 12 12 13 4 1 0.3902527973461314 
3 1 13 0 7 0 0.4085346387180788 
2 1 1 2 4 0 0.498637433928912 
12 1 13 2 0 1 0.2465056457824908 
---
1 9 16.221217105263158 5.0 5
12 1 13 2 0 1 0.2465056457824908 
2 1 1 2 4 0 0.498637433928912 
3 1 13 0 7 0 0.4085346387180788 
4 11 13 7 8 1 0.6177586545485583 
7 12 12 13 4 1 0.3902527973461314 
---
1 10 15.768914473684212 6.0 5
7 12 12 13 4 1 0.3902527973461314 
8 4 7 13 11 0 0.6901265722352409 
2 1 1 2 4 0 0.498637433928912 
12 1 13 2 0 1 0.2465056457824908 
4 11 13 7 8 1 0.6177586545485583 
3 1 13 0 7 0 0.4085346387180788 
---
1 11 15.296052631578947 7.0 5
4 11 13 7 8 1 0.6177586545485583 
7 12 12 13 4 1 0.3902527973461314 
12 1 13 2 0 1 0.2465056457824908 
3 1 13 0 7 0 0.4085346387180788 
4 11 8 12 0 1 0.11067474463002425 
8 4 7 13 11 0 0.6901265722352409 
2 1 1 2 4 0 0.498637433928912 
---
1 12 15.008223684210526 8.0 5
8 4 7 13 11 0 0.6901265722352409 
7 12 12 13 4 1 0.3902527973461314 
4 11 13 7 8 1 0.6177586545485583 
5 7 8 7 4 0 0.9723221005235755 
12 1 13 2 0 1 0.2465056457824908 
4 11 8 12 0 1 0.11067474463002425 
2 1 1 2 4 0 0.498637433928912 
3 1 13 0 7 0 0.4085346387180788 
---
1 13 14.679276315789474 9.0 5
3 1 13 0 7 0 0.4085346387180788 
4 11 13 7 8 1 0.6177586545485583 
8 4 7 13 11 0 0.6901265722352409 
2 1 1 2 4 0 0.498637433928912 
4 11 8 12 0 1 0.11067474463002425 
12 7 12 8 4 1 0.1893210623742343 
12 1 13 2 0 1 0.2465056457824908 
5 7 8 7 4 0 0.9723221005235755 
7 12 12 13 4 1 0.3902527973461314 
---
1 14 15.768914473684212 6.0 5
7 12 12 13 4 1 0.3902527973461314 
8 4 7 13 11 0 0.6901265722352409 
2 1 1 2 4 0 0.498637433928912 
12 1 13 2 0 1 0.2465056457824908 
4 11 13 7 8 1 0.6177586545485583 
3 1 13 0 7 0 0.4085346387180788 
---
1 15 15.008223684210526 8.0 5
2 1 1 2 4 0 0.498637433928912 
5 7 8 7 4 0 0.9723221005235755 
8 4 7 13 11 0 0.6901265722352409 
7 12 12 13 4 1 0.3902527973461314 
4 11 13 7 8 1 0.6177586545485583 
4 11 8 12 0 1 0.11067474463002425 
3 1 13 0 7 0 0.4085346387180788 
12 1 13 2 0 1 0.2465056457824908 
---
1 16 14.679276315789474 9.0 5
3 1 13 0 7 0 0.4085346387180788 
4 11 13 7 8 1 0.6177586545485583 
8 4 7 13 11 0 0.6901265722352409 
12 1 13 2 0 1 0.2465056457824908 
7 12 12 13 4 1 0.3902527973461314 
5 7 8 7 4 0 0.9723221005235755 
12 7 12 8 4 1 0.1893210623742343 
4 11 8 12 0 1 0.11067474463002425 
2 1 1 2 4 0 0.498637433928912 
---
1 17 15.296052631578947 7.0 5
4 11 13 7 8 1 0.6177586545485583 
7 12 12 13 4 1 0.3902527973461314 
12 1 13 2 0 1 0.2465056457824908 
3 1 13 0 7 0 0.4085346387180788 
4 11 8 12 0 1 0.11067474463002425 
8 4 7 13 11 0 0.6901265722352409 
2 1 1 2 4 0 0.498637433928912 
---
1 18 29.35855263157895 1.0 5
0 2 0 1 2 0 0.5218537400825827 
---
1 19 14.473684210526317 10.0 5
7 12 12 13 4 1 0.3902527973461314 
7 12 11 13 4 1 0.2948372574189648 
2 1 1 2 4 0 0.498637433928912 
4 11 13 7 8 1 0.6177586545485583 
5 7 8 7 4 0 0.9723221005235755 
12 1 13 2 0 1 0.2465056457824908 
8 4 7 13 11 0 0.6901265722352409 
12 7 12 8 4 1 0.1893210623742343 
4 11 8 12 0 1 0.11067474463002425 
3 1 13 0 7 0 0.4085346387180788 
---
1 20 24.691611842105264 2.0 5
2 2 0 1 2 0 0.5695341603210347 
12 1 13 2 0 1 0.2465056457824908 
---
1 21 21.648848684210524 3.0 5
2 2 1 4 2 0 0.6323984468400925 
12 1 13 2 0 1 0.2465056457824908 
3 1 13 0 7 0 0.4085346387180788 
---
1 22 17.023026315789476 4.0 5
12 1 13 2 0 1 0.2465056457824908 
3 1 13 0 7 0 0.4085346387180788 
7 12 12 13 4 1 0.3902527973461314 
2 1 1 2 4 0 0.498637433928912 
---
1 23 16.221217105263158 5.0 5
4 11 13 7 8 1 0.6177586545485583 
7 12 12 13 4 1 0.3902527973461314 
3 1 13 0 7 0 0.4085346387180788 
2 1 1 2 4 0 0.498637433928912 
12 1 13 2 0 1 0.2465056457824908 
---
1 24 15.768914473684212 6.0 5
7 12 12 13 4 1 0.3902527973461314 
8 4 7 13 11 0 0.6901265722352409 
2 1 1 2 4 0 0.498637433928912 
12 1 13 2 0 1 0.2465056457824908 
4 11 13 7 8 1 0.6177586545485583 
3 1 13 0 7 0 0.4085346387180788 
---
1 25 15.008223684210526 8.0 5
8 4 7 13 11 0 0.6901265722352409 
7 12 12 13 4 1 0.3902527973461314 
4 11 13 7 8 1 0.6177586545485583 
5 7 8 7 4 0 0.9723221005235755 
12 1 13 2 0 1 0.2465056457824908 
4 11 8 12 0 1 0.11067474463002425 
2 1 1 2 4 0 0.498637433928912 
3 1 13 0 7 0 0.4085346387180788 
---
1 26 15.296052631578947 7.0 5
4 11 13 7 8 1 0.6177586545485583 
7 12 12 13 4 1 0.3902527973461314 
12 1 13 2 0 1 0.2465056457824908 
3 1 13 0 7 0 0.4085346387180788 
4 11 8 12 0 1 0.11067474463002425 
8 4 7 13 11 0 0.6901265722352409 
2 1 1 2 4 0 0.498637433928912 
---
1 27 14.679276315789474 9.0 5
3 1 13 0 7 0 0.4085346387180788 
4 11 13 7 8 1 0.6177586545485583 
8 4 7 13 11 0 0.6901265722352409 
2 1 1 2 4 0 0.498637433928912 
4 11 8 12 0 1 0.11067474463002425 
12 7 12 8 4 1 0.1893210623742343 
12 1 13 2 0 1 0.2465056457824908 
5 7 8 7 4 0 0.9723221005235755 
7 12 12 13 4 1 0.3902527973461314 
---
1 28 29.35855263157895 1.0 5
0 2 0 0 2 0 0.43219374401020727 
---
1 29 14.473684210526317 10.0 5
7 12 12 13 4 1 0.3902527973461314 
7 12 11 13 4 1 0.2948372574189648 
2 1 1 2 4 0 0.498637433928912 
4 11 13 7 8 1 0.6177586545485583 
5 7 8 7 4 0 0.9723221005235755 
12 1 13 2 0 1 0.2465056457824908 
8 4 7 13 11 0 0.6901265722352409 
12 7 12 8 4 1 0.1893210623742343 
4 11 8 12 0 1 0.11067474463002425 
3 1 13 0 7 0 0.4085346387180788 
---
1 30 24.691611842105264 2.0 5
2 2 0 1 2 0 0.5695341603210347 
12 1 13 2 0 1 0.2465056457824908 
---
1 31 21.648848684210524 3.0 5
2 2 1 4 2 0 0.6323984468400925 
12 1 13 2 0 1 0.2465056457824908 
3 1 13 0 7 0 0.4085346387180788 
---
1 32 17.023026315789476 4.0 5
2 1 1 2 4 0 0.498637433928912 
12 1 13 2 0 1 0.2465056457824908 
3 1 13 0 7 0 0.4085346387180788 
7 12 12 13 4 1 0.3902527973461314 
---
1 33 16.221217105263158 5.0 5
4 11 13 7 8 1 0.6177586545485583 
7 12 12 13 4 1 0.3902527973461314 
3 1 13 0 7 0 0.4085346387180788 
2 1 1 2 4 0 0.498637433928912 
12 1 13 2 0 1 0.2465056457824908 
---
1 34 15.008223684210526 8.0 5
2 1 1 2 4 0 0.498637433928912 
5 7 8 7 4 0 0.9723221005235755 
8 4 7 13 11 0 0.6901265722352409 
7 12 12 13 4 1 0.3902527973461314 
4 11 13 7 8 1 0.6177586545485583 
4 11 8 12 0 1 0.11067474463002425 
3 1 13 0 7 0 0.4085346387180788 
12 1 13 2 0 1 0.2465056457824908 
---
1 35 15.296052631578947 7.0 5
4 11 13 7 8 1 0.6177586545485583 
7 12 12 13 4 1 0.3902527973461314 
12 1 13 2 0 1 0.2465056457824908 
3 1 13 0 7 0 0.4085346387180788 
4 11 8 12 0 1 0.11067474463002425 
8 4 7 13 11 0 0.6901265722352409 
2 1 1 2 4 0 0.498637433928912 
---
1 36 14.679276315789474 9.0 5
3 1 13 0 7 0 0.4085346387180788 
4 11 13 7 8 1 0.6177586545485583 
8 4 7 13 11 0 0.6901265722352409 
2 1 1 2 4 0 0.498637433928912 
4 11 8 12 0 1 0.11067474463002425 
12 7 12 8 4 1 0.1893210623742343 
12 1 13 2 0 1 0.2465056457824908 
5 7 8 7 4 0 0.9723221005235755 
7 12 12 13 4 1 0.3902527973461314 
---
1 37 29.35855263157895 1.0 5
0 2 0 1 2 0 0.5218537400825827 
---
1 38 14.473684210526317 10.0 5
7 12 12 13 4 1 0.3902527973461314 
7 12 11 13 4 1 0.2948372574189648 
2 1 1 2 4 0 0.498637433928912 
4 11 13 7 8 1 0.6177586545485583 
5 7 8 7 4 0 0.9723221005235755 
12 1 13 2 0 1 0.2465056457824908 
8 4 7 13 11 0 0.6901265722352409 
12 7 12 8 4 1 0.1893210623742343 
4 11 8 12 0 1 0.11067474463002425 
3 1 13 0 7 0 0.4085346387180788 
---
1 39 24.691611842105264 2.0 5
2 2 0 1 2 0 0.5695341603210347 
12 1 13 2 0 1 0.2465056457824908 
---
1 40 21.648848684210524 3.0 5
3 1 13 0 7 0 0.4085346387180788 
2 2 1 4 2 0 0.6323984468400925 
12 1 13 2 0 1 0.2465056457824908 
---
1 41 17.023026315789476 4.0 5
12 1 13 2 0 1 0.2465056457824908 
7 12 12 13 4 1 0.3902527973461314 
3 1 13 0 7 0 0.4085346387180788 
2 1 1 2 4 0 0.498637433928912 
---
1 42 16.221217105263158 5.0 5
4 11 13 7 8 1 0.6177586545485583 
7 12 12 13 4 1 0.3902527973461314 
3 1 13 0 7 0 0.4085346387180788 
2 1 1 2 4 0 0.498637433928912 
12 1 13 2 0 1 0.2465056457824908 
---
1 43 15.296052631578947 7.0 5
4 11 13 7 8 1 0.6177586545485583 
7 12 12 13 4 1 0.3902527973461314 
12 1 13 2 0 1 0.2465056457824908 
3 1 13 0 7 0 0.4085346387180788 
4 11 8 12 0 1 0.11067474463002425 
8 4 7 13 11 0 0.6901265722352409 
2 1 1 2 4 0 0.498637433928912 
---
1 44 14.679276315789474 9.0 5
12 1 13 2 0 1 0.2465056457824908 
12 7 12 8 4 1 0.1893210623742343 
4 11 13 7 8 1 0.6177586545485583 
3 1 13 0 7 0 0.4085346387180788 
5 7 8 7 4 0 0.9723221005235755 
8 4 7 13 11 0 0.6901265722352409 
2 1 1 2 4 0 0.498637433928912 
4 11 8 12 0 1 0.11067474463002425 
7 12 12 13 4 1 0.3902527973461314 
---
1 45 29.35855263157895 1.0 5
0 2 0 1 2 0 0.5218537400825827 
---
1 46 14.473684210526317 10.0 5
7 12 12 13 4 1 0.3902527973461314 
7 12 11 13 4 1 0.2948372574189648 
2 1 1 2 4 0 0.498637433928912 
4 11 13 7 8 1 0.6177586545485583 
5 7 8 7 4 0 0.9723221005235755 
12 1 13 2 0 1 0.2465056457824908 
8 4 7 13 11 0 0.6901265722352409 
12 7 12 8 4 1 0.1893210623742343 
4 11 8 12 0 1 0.11067474463002425 
3 1 13 0 7 0 0.4085346387180788 
---
1 47 21.648848684210524 3.0 5
2 2 1 4 2 0 0.6323984468400925 
12 1 13 2 0 1 0.2465056457824908 
3 1 13 0 7 0 0.4085346387180788 
---
1 48 17.023026315789476 4.0 5
12 1 13 2 0 1 0.2465056457824908 
7 12 12 13 4 1 0.3902527973461314 
3 1 13 0 7 0 0.4085346387180788 
2 1 1 2 4 0 0.498637433928912 
---
1 49 15.296052631578947 7.0 5
4 11 13 7 8 1 0.6177586545485583 
7 12 12 13 4 1 0.3902527973461314 
12 1 13 2 0 1 0.2465056457824908 
3 1 13 0 7 0 0.4085346387180788 
4 11 8 12 0 1 0.11067474463002425 
8 4 7 13 11 0 0.6901265722352409 
2 1 1 2 4 0 0.498637433928912 
---
1 50 14.679276315789474 9.0 5
3 1 13 0 7 0 0.4085346387180788 
4 11 13 7 8 1 0.6177586545485583 
8 4 7 13 11 0 0.6901265722352409 
2 1 1 2 4 0 0.498637433928912 
4 11 8 12 0 1 0.11067474463002425 
12 7 12 8 4 1 0.1893210623742343 
12 1 13 2 0 1 0.2465056457824908 
5 7 8 7 4 0 0.9723221005235755 
7 12 12 13 4 1 0.3902527973461314 
---
1 51 29.35855263157895 1.0 5
0 2 0 1 2 0 0.5218537400825827 
---
1 52 14.473684210526317 10.0 5
7 12 12 13 4 1 0.3902527973461314 
7 12 11 13 4 1 0.2948372574189648 
2 1 1 2 4 0 0.498637433928912 
4 11 13 7 8 1 0.6177586545485583 
5 7 8 7 4 0 0.9723221005235755 
12 1 13 2 0 1 0.2465056457824908 
8 4 7 13 11 0 0.6901265722352409 
12 7 12 8 4 1 0.1893210623742343 
4 11 8 12 0 1 0.11067474463002425 
3 1 13 0 7 0 0.4085346387180788 
---
1 53 21.648848684210524 3.0 5
2 2 1 4 2 0 0.6323984468400925 
3 1 13 0 7 0 0.4085346387180788 
12 1 13 2 0 1 0.2465056457824908 
---
1 54 17.023026315789476 4.0 5
2 1 1 2 4 0 0.498637433928912 
12 1 13 2 0 1 0.2465056457824908 
3 1 13 0 7 0 0.4085346387180788 
7 12 12 13 4 1 0.3902527973461314 
---
1 55 15.296052631578947 7.0 5
4 11 13 7 8 1 0.6177586545485583 
7 12 12 13 4 1 0.3902527973461314 
12 1 13 2 0 1 0.2465056457824908 
3 1 13 0 7 0 0.4085346387180788 
4 11 8 12 0 1 0.11067474463002425 
8 4 7 13 11 0 0.6901265722352409 
2 1 1 2 4 0 0.498637433928912 
---
1 56 14.679276315789474 9.0 5
3 1 13 0 7 0 0.4085346387180788 
4 11 13 7 8 1 0.6177586545485583 
8 4 7 13 11 0 0.6901265722352409 
2 1 1 2 4 0 0.498637433928912 
4 11 8 12 0 1 0.11067474463002425 
12 7 12 8 4 1 0.1893210623742343 
12 1 13 2 0 1 0.2465056457824908 
5 7 8 7 4 0 0.9723221005235755 
7 12 12 13 4 1 0.3902527973461314 
---
1 57 29.35855263157895 1.0 5
0 2 0 1 2 0 0.5218537400825827 
---
1 58 14.473684210526317 10.0 5
7 12 12 13 4 1 0.3902527973461314 
7 12 11 13 4 1 0.2948372574189648 
2 1 1 2 4 0 0.498637433928912 
4 11 13 7 8 1 0.6177586545485583 
5 7 8 7 4 0 0.9723221005235755 
12 1 13 2 0 1 0.2465056457824908 
8 4 7 13 11 0 0.6901265722352409 
12 7 12 8 4 1 0.1893210623742343 
4 11 8 12 0 1 0.11067474463002425 
3 1 13 0 7 0 0.4085346387180788 
---
1 59 21.648848684210524 3.0 5
2 2 1 4 2 0 0.6323984468400925 
12 1 13 2 0 1 0.2465056457824908 
3 1 13 0 7 0 0.4085346387180788 
---
2 0 29.35855263157895 1.0 5
0 0 0 1 2 0 0.45136524008105705 
---
2 1 14.473684210526317 10.0 5
12 1 13 2 0 1 0.2465056457824908 
7 12 11 13 4 1 0.2948372574189648 
12 7 12 8 4 1 0.1893210623742343 
7 12 12 13 4 1 0.3902527973461314 
4 11 8 12 0 1 0.11067474463002425 
5 7 8 7 4 0 0.9723221005235755 
4 11 13 7 8 1 0.6177586545485583 
8 4 7 13 11 0 0.6901265722352409 
2 1 1 2 4 0 0.498637433928912 
3 1 13 0 7 0 0.4085346387180788 
---
2 2 22.923519736842106 2.0 5
2 1 1 2 4 0 0.498637433928912 
7 12 0 13 4 1 0.2905525145445573 
---
2 3 21.299342105263158 3.0 5
2 1 1 2 4 0 0.498637433928912 
4 11 13 7 8 1 0.6177586545485583 
7 12 12 13 4 1 0.3902527973461314 
---
2 4 17.023026315789476 4.0 5
7 12 12 13 4 1 0.3902527973461314 
3 1 13 0 7 0 0.4085346387180788 
2 1 1 2 4 0 0.498637433928912 
12 1 13 2 0 1 0.2465056457824908 
---
2 5 22.923519736842106 2.0 5
2 1 1 2 4 0 0.498637433928912 
7 12 0 13 4 1 0.2905525145445573 
---
2 6 15.008223684210526 8.0 5
7 12 12 13 4 1 0.3902527973461314 
3 1 13 0 7 0 0.4085346387180788 
2 1 1 2 4 0 0.498637433928912 
12 1 13 2 0 1 0.2465056457824908 
5 7 8 7 4 0 0.9723221005235755 
4 11 8 12 0 1 0.11067474463002425 
8 4 7 13 11 0 0.6901265722352409 
4 11 13 7 8 1 0.6177586545485583 
---
2 7 14.679276315789474 9.0 5
12 1 13 2 0 1 0.2465056457824908 
7 12 12 13 4 1 0.3902527973461314 
3 1 13 0 7 0 0.4085346387180788 
8 4 7 13 11 0 0.6901265722352409 
12 7 12 8 4 1 0.1893210623742343 
4 11 8 12 0 1 0.11067474463002425 
4 11 13 7 8 1 0.6177586545485583 
2 1 1 2 4 0 0.498637433928912 
5 7 8 7 4 0 0.9723221005235755 
---
2 8 15.501644736842104 7.0 5
4 11 13 7 8 1 0.6177586545485583 
2 1 1 2 4 0 0.498637433928912 
7 12 12 13 4 1 0.3902527973461314 
12 1 13 2 0 1 0.2465056457824908 
3 1 13 0 7 0 0.4085346387180788 
8 4 7 13 11 0 0.6901265722352409 
5 7 8 7 4 0 0.9723221005235755 
---
2 9 17.023026315789476 4.0 5
7 12 12 13 4 1 0.3902527973461314 
3 1 13 0 7 0 0.4085346387180788 
2 1 1 2 4 0 0.498637433928912 
12 1 13 2 0 1 0.2465056457824908 
---
2 10 15.501644736842104 7.0 5
4 11 13 7 8 1 0.6177586545485583 
12 1 13 2 0 1 0.2465056457824908 
7 12 12 13 4 1 0.3902527973461314 
8 4 7 13 11 0 0.6901265722352409 
2 1 1 2 4 0 0.498637433928912 
5 7 8 7 4 0 0.9723221005235755 
3 1 13 0 7 0 0.4085346387180788 
---
2 11 16.221217105263158 5.0 5
4 11 13 7 8 1 0.6177586545485583 
3 1 13 0 7 0 0.4085346387180788 
2 1 1 2 4 0 0.498637433928912 
7 12 12 13 4 1 0.3902527973461314 
12 1 13 2 0 1 0.2465056457824908 
---
2 12 14.679276315789474 9.0 5
12 1 13 2 0 1 0.2465056457824908 
7 12 12 13 4 1 0.3902527973461314 
3 1 13 0 7 0 0.4085346387180788 
8 4 7 13 11 0 0.6901265722352409 
12 7 12 8 4 1 0.1893210623742343 
4 11 8 12 0 1 0.11067474463002425 
4 11 13 7 8 1 0.6177586545485583 
2 1 1 2 4 0 0.498637433928912 
5 7 8 7 4 0 0.9723221005235755 
---
2 13 16.221217105263158 5.0 5
4 11 13 7 8 1 0.6177586545485583 
7 12 12 13 4 1 0.3902527973461314 
12 1 13 2 0 1 0.2465056457824908 
2 1 1 2 4 0 0.498637433928912 
3 1 13 0 7 0 0.4085346387180788 
---
2 14 14.473684210526317 10.0 5
12 1 13 2 0 1 0.2465056457824908 
7 12 11 13 4 1 0.2948372574189648 
12 7 12 8 4 1 0.1893210623742343 
7 12 12 13 4 1 0.3902527973461314 
4 11 8 12 0 1 0.11067474463002425 
5 7 8 7 4 0 0.9723221005235755 
4 11 13 7 8 1 0.6177586545485583 
8 4 7 13 11 0 0.6901265722352409 
2 1 1 2 4 0 0.498637433928912 
3 1 13 0 7 0 0.4085346387180788 
---
2 15 22.923519736842106 2.0 5
7 12 0 13 4 1 0.2905525145445573 
2 1 1 2 4 0 0.498637433928912 
---
2 16 21.299342105263158 3.0 5
7 12 12 13 4 1 0.3902527973461314 
4 11 13 7 8 1 0.6177586545485583 
2 1 1 2 4 0 0.498637433928912 
---
2 17 17.023026315789476 4.0 5
2 1 1 2 4 0 0.498637433928912 
3 1 13 0 7 0 0.4085346387180788 
12 1 13 2 0 1 0.2465056457824908 
7 12 12 13 4 1 0.3902527973461314 
---
2 18 14.679276315789474 9.0 5
12 1 13 2 0 1 0.2465056457824908 
7 12 12 13 4 1 0.3902527973461314 
3 1 13 0 7 0 0.4085346387180788 
8 4 7 13 11 0 0.6901265722352409 
12 7 12 8 4 1 0.1893210623742343 
4 11 8 12 0 1 0.11067474463002425 
4 11 13 7 8 1 0.6177586545485583 
2 1 1 2 4 0 0.498637433928912 
5 7 8 7 4 0 0.9723221005235755 
---
2 19 16.221217105263158 5.0 5
12 1 13 2 0 1 0.2465056457824908 
3 1 13 0 7 0 0.4085346387180788 
2 1 1 2 4 0 0.498637433928912 
4 11 13 7 8 1 0.6177586545485583 
7 12 12 13 4 1 0.3902527973461314 
---
2 20 14.473684210526317 10.0 5
12 1 13 2 0 1 0.2465056457824908 
7 12 11 13 4 1 0.2948372574189648 
12 7 12 8 4 1 0.1893210623742343 
7 12 12 13 4 1 0.3902527973461314 
4 11 8 12 0 1 0.11067474463002425 
5 7 8 7 4 0 0.9723221005235755 
4 11 13 7 8 1 0.6177586545485583 
8 4 7 13 11 0 0.6901265722352409 
2 1 1 2 4 0 0.498637433928912 
3 1 13 0 7 0 0.4085346387180788 
---
2 21 22.923519736842106 2.0 5
2 1 1 2 4 0 0.498637433928912 
7 12 0 13 4 1 0.2905525145445573 
---
2 22 21.299342105263158 3.0 5
7 12 12 13 4 1 0.3902527973461314 
4 11 13 7 8 1 0.6177586545485583 
2 1 1 2 4 0 0.498637433928912 
---
2 23 17.023026315789476 4.0 5
2 1 1 2 4 0 0.498637433928912 
3 1 13 0 7 0 0.4085346387180788 
7 12 12 13 4 1 0.3902527973461314 
12 1 13 2 0 1 0.2465056457824908 
---
2 24 16.221217105263158 5.0 5
4 11 13 7 8 1 0.6177586545485583 
12 1 13 2 0 1 0.2465056457824908 
2 1 1 2 4 0 0.498637433928912 
3 1 13 0 7 0 0.4085346387180788 
7 12 12 13 4 1 0.3902527973461314 
---
2 25 29.35855263157895 1.0 5
0 0 0 1 0 0 0.5202617361544587 
---
2 26 14.473684210526317 10.0 5
12 1 13 2 0 1 0.2465056457824908 
7 12 11 13 4 1 0.2948372574189648 
12 7 12 8 4 1 0.1893210623742343 
7 12 12 13 4 1 0.3902527973461314 
4 11 8 12 0 1 0.11067474463002425 
5 7 8 7 4 0 0.9723221005235755 
4 11 13 7 8 1 0.6177586545485583 
8 4 7 13 11 0 0.6901265722352409 
2 1 1 2 4 0 0.498637433928912 
3 1 13 0 7 0 0.4085346387180788 
---
2 27 22.923519736842106 2.0 5
7 12 0 13 4 1 0.2905525145445573 
2 1 1 2 4 0 0.498637433928912 
---
2 28 21.299342105263158 3.0 5
4 11 13 7 8 1 0.6177586545485583 
2 1 1 2 4 0 0.498637433928912 
7 12 12 13 4 1 0.3902527973461314 
---
2 29 17.023026315789476 4.0 5
7 12 12 13 4 1 0.3902527973461314 
3 1 13 0 7 0 0.4085346387180788 
2 1 1 2 4 0 0.498637433928912 
12 1 13 2 0 1 0.2465056457824908 
---
2 30 16.221217105263158 5.0 5
4 11 13 7 8 1 0.6177586545485583 
7 12 12 13 4 1 0.3902527973461314 
12 1 13 2 0 1 0.2465056457824908 
2 1 1 2 4 0 0.498637433928912 
3 1 13 0 7 0 0.4085346387180788 
---
2 31 15.748355263157896 6.0 5
2 1 1 2 4 0 0.498637433928912 
7 12 12 13 4 1 0.3902527973461314 
4 11 13 7 8 1 0.6177586545485583 
12 1 13 2 0 1 0.2465056457824908 
3 1 13 0 7 0 0.4085346387180788 
4 11 8 12 0 1 0.11067474463002425 
---
2 32 29.35855263157895 1.0 5
0 0 0 1 2 0 0.45136524008105705 
---
2 33 14.473684210526317 10.0 5
12 1 13 2 0 1 0.2465056457824908 
7 12 11 13 4 1 0.2948372574189648 
12 7 12 8 4 1 0.1893210623742343 
7 12 12 13 4 1 0.3902527973461314 
4 11 8 12 0 1 0.11067474463002425 
5 7 8 7 4 0 0.9723221005235755 
4 11 13 7 8 1 0.6177586545485583 
8 4 7 13 11 0 0.6901265722352409 
2 1 1 2 4 0 0.498637433928912 
3 1 13 0 7 0 0.4085346387180788 
---
2 34 22.923519736842106 2.0 5
2 1 1 2 4 0 0.498637433928912 
7 12 0 13 4 1 0.2905525145445573 
---
2 35 17.023026315789476 4.0 5
7 12 12 13 4 1 0.3902527973461314 
3 1 13 0 7 0 0.4085346387180788 
2 1 1 2 4 0 0.498637433928912 
12 1 13 2 0 1 0.2465056457824908 
---
2 36 16.221217105263158 5.0 5
7 12 12 13 4 1 0.3902527973461314 
2 1 1 2 4 0 0.498637433928912 
12 1 13 2 0 1 0.2465056457824908 
3 1 13 0 7 0 0.4085346387180788 
4 11 13 7 8 1 0.6177586545485583 
---
2 37 15.748355263157896 6.0 5
12 1 13 2 0 1 0.2465056457824908 
7 12 12 13 4 1 0.3902527973461314 
3 1 13 0 7 0 0.4085346387180788 
2 1 1 2 4 0 0.498637433928912 
4 11 8 12 0 1 0.11067474463002425 
4 11 13 7 8 1 0.6177586545485583 
---
2 38 14.473684210526317 10.0 5
12 1 13 2 0 1 0.2465056457824908 
7 12 11 13 4 1 0.2948372574189648 
12 7 12 8 4 1 0.1893210623742343 
7 12 12 13 4 1 0.3902527973461314 
4 11 8 12 0 1 0.11067474463002425 
5 7 8 7 4 0 0.9723221005235755 
4 11 13 7 8 1 0.6177586545485583 
8 4 7 13 11 0 0.6901265722352409 
2 1 1 2 4 0 0.498637433928912 
3 1 13 0 7 0 0.4085346387180788 
---
2 39 22.923519736842106 2.0 5
7 12 0 13 4 1 0.2905525145445573 
2 1 1 2 4 0 0.498637433928912 
---
2 40 21.299342105263158 3.0 5
7 12 12 13 4 1 0.3902527973461314 
2 1 1 2 4 0 0.498637433928912 
4 11 13 7 8 1 0.6177586545485583 
---
2 41 17.023026315789476 4.0 5
7 12 12 13 4 1 0.3902527973461314 
3 1 13 0 7 0 0.4085346387180788 
2 1 1 2 4 0 0.498637433928912 
12 1 13 2 0 1 0.2465056457824908 
---
2 42 16.221217105263158 5.0 5
7 12 12 13 4 1 0.3902527973461314 
2 1 1 2 4 0 0.498637433928912 
12 1 13 2 0 1 0.2465056457824908 
3 1 13 0 7 0 0.4085346387180788 
4 11 13 7 8 1 0.6177586545485583 
---
2 43 14.473684210526317 10.0 5
12 1 13 2 0 1 0.2465056457824908 
7 12 11 13 4 1 0.2948372574189648 
12 7 12 8 4 1 0.1893210623742343 
7 12 12 13 4 1 0.3902527973461314 
4 11 8 12 0 1 0.11067474463002425 
5 7 8 7 4 0 0.9723221005235755 
4 11 13 7 8 1 0.6177586545485583 
8 4 7 13 11 0 0.6901265722352409 
2 1 1 2 4 0 0.498637433928912 
3 1 13 0 7 0 0.4085346387180788 
---
2 44 22.923519736842106 2.0 5
7 12 0 13 4 1 0.2905525145445573 
2 1 1 2 4 0 0.498637433928912 
---
2 45 21.299342105263158 3.0 5
4 11 13 7 8 1 0.6177586545485583 
7 12 12 13 4 1 0.3902527973461314 
2 1 1 2 4 0 0.498637433928912 
---
2 46 17.023026315789476 4.0 5
3 1 13 0 7 0 0.4085346387180788 
12 1 13 2 0 1 0.2465056457824908 
7 12 12 13 4 1 0.3902527973461314 
2 1 1 2 4 0 0.498637433928912 
---
3 0 29.35855263157895 1.0 5
0 0 0 1 2 0 0.45868673595925236 
---
3 1 15.912828947368421 9.0 5
4 8 7 7 11 0 0.9075108351549075 
3 1 13 0 7 0 0.4085346387180788 
2 1 1 2 4 0 0.498637433928912 
4 11 8 12 0 1 0.21060720779839448 
7 12 12 13 4 1 0.3902527973461314 
12 1 13 2 0 1 0.2465056457824908 
5 7 8 7 4 0 0.9723221005235755 
4 11 13 7 8 1 0.6177586545485583 
4 8 7 1 3 0 0.8607550869715199 
---
3 2 21.895559210526315 2.0 5
2 4 2 1 1 0 0.48602381943180273 
4 7 2 8 0 1 0.18278650454503054 
---
3 3 20.703125 3.0 5
4 11 13 7 8 1 0.6177586545485583 
4 7 2 8 0 1 0.18278650454503054 
2 4 2 1 1 0 0.48602381943180273 
---
3 4 17.023026315789476 4.0 5
12 1 13 2 0 1 0.2465056457824908 
7 12 12 13 4 1 0.3902527973461314 
2 1 1 2 4 0 0.498637433928912 
3 1 13 0 7 0 0.4085346387180788 
---
3 5 15.995065789473683 7.0 5
4 8 7 1 11 0 0.8711335033367822 
5 7 8 7 4 0 0.9723221005235755 
12 1 13 2 0 1 0.2465056457824908 
7 12 12 13 4 1 0.3902527973461314 
2 1 1 2 4 0 0.498637433928912 
3 1 13 0 7 0 0.4085346387180788 
4 11 13 7 8 1 0.6177586545485583 
---
3 6 21.895559210526315 2.0 5
2 4 2 1 1 0 0.48602381943180273 
4 7 2 8 0 1 0.18278650454503054 
---
3 7 20.703125 3.0 5
4 11 13 7 8 1 0.6177586545485583 
2 4 2 1 1 0 0.48602381943180273 
4 7 2 8 0 1 0.18278650454503054 
---
3 8 17.023026315789476 4.0 5
12 1 13 2 0 1 0.2465056457824908 
7 12 12 13 4 1 0.3902527973461314 
2 1 1 2 4 0 0.498637433928912 
3 1 13 0 7 0 0.4085346387180788 
---
3 9 16.221217105263158 5.0 5
7 12 12 13 4 1 0.3902527973461314 
12 1 13 2 0 1 0.2465056457824908 
2 1 1 2 4 0 0.498637433928912 
3 1 13 0 7 0 0.4085346387180788 
4 11 13 7 8 1 0.6177586545485583 
---
3 10 16.221217105263158 5.0 5
7 12 12 13 4 1 0.3902527973461314 
12 1 13 2 0 1 0.2465056457824908 
2 1 1 2 4 0 0.498637433928912 
3 1 13 0 7 0 0.4085346387180788 
4 11 13 7 8 1 0.6177586545485583 
---
3 11 15.995065789473683 7.0 5
4 8 7 1 11 0 0.8711335033367822 
5 7 8 7 4 0 0.9723221005235755 
12 1 13 2 0 1 0.2465056457824908 
7 12 12 13 4 1 0.3902527973461314 
2 1 1 2 4 0 0.498637433928912 
3 1 13 0 7 0 0.4085346387180788 
4 11 13 7 8 1 0.6177586545485583 
---
3 12 15.912828947368421 9.0 5
4 8 7 7 11 0 0.9075108351549075 
3 1 13 0 7 0 0.4085346387180788 
2 1 1 2 4 0 0.498637433928912 
4 11 8 12 0 1 0.21060720779839448 
7 12 12 13 4 1 0.3902527973461314 
12 1 13 2 0 1 0.2465056457824908 
5 7 8 7 4 0 0.9723221005235755 
4 11 13 7 8 1 0.6177586545485583 
4 8 7 1 3 0 0.8607550869715199 
---
3 13 21.895559210526315 2.0 5
2 4 2 1 1 0 0.48602381943180273 
4 7 2 8 0 1 0.18278650454503054 
---
3 14 20.703125 3.0 5
2 4 2 1 1 0 0.48602381943180273 
4 11 13 7 8 1 0.6177586545485583 
4 7 2 8 0 1 0.18278650454503054 
---
3 15 17.023026315789476 4.0 5
12 1 13 2 0 1 0.2465056457824908 
7 12 12 13 4 1 0.3902527973461314 
2 1 1 2 4 0 0.498637433928912 
3 1 13 0 7 0 0.4085346387180788 
---
3 16 16.221217105263158 5.0 5
3 1 13 0 7 0 0.4085346387180788 
12 1 13 2 0 1 0.2465056457824908 
4 11 13 7 8 1 0.6177586545485583 
7 12 12 13 4 1 0.3902527973461314 
2 1 1 2 4 0 0.498637433928912 
---
3 17 15.995065789473683 7.0 5
4 8 7 1 11 0 0.8711335033367822 
5 7 8 7 4 0 0.9723221005235755 
12 1 13 2 0 1 0.2465056457824908 
7 12 12 13 4 1 0.3902527973461314 
2 1 1 2 4 0 0.498637433928912 
3 1 13 0 7 0 0.4085346387180788 
4 11 13 7 8 1 0.6177586545485583 
---
3 18 15.912828947368421 9.0 5
4 8 7 7 11 0 0.9075108351549075 
3 1 13 0 7 0 0.4085346387180788 
2 1 1 2 4 0 0.498637433928912 
4 11 8 12 0 1 0.21060720779839448 
7 12 12 13 4 1 0.3902527973461314 
12 1 13 2 0 1 0.2465056457824908 
5 7 8 7 4 0 0.9723221005235755 
4 11 13 7 8 1 0.6177586545485583 
4 8 7 1 3 0 0.8607550869715199 
---
3 19 21.895559210526315 2.0 5
4 7 2 8 0 1 0.18278650454503054 
2 4 2 1 1 0 0.48602381943180273 
---
3 20 20.703125 3.0 5
4 11 13 7 8 1 0.6177586545485583 
4 7 2 8 0 1 0.18278650454503054 
2 4 2 1 1 0 0.48602381943180273 
---
3 21 17.023026315789476 4.0 5
12 1 13 2 0 1 0.2465056457824908 
7 12 12 13 4 1 0.3902527973461314 
2 1 1 2 4 0 0.498637433928912 
3 1 13 0 7 0 0.4085346387180788 
---
3 22 16.221217105263158 5.0 5
7 12 12 13 4 1 0.3902527973461314 
12 1 13 2 0 1 0.2465056457824908 
2 1 1 2 4 0 0.498637433928912 
3 1 13 0 7 0 0.4085346387180788 
4 11 13 7 8 1 0.6177586545485583 
---
3 23 21.895559210526315 2.0 5
4 7 2 8 0 1 0.18278650454503054 
2 4 2 1 1 0 0.48602381943180273 
---
3 24 20.703125 3.0 5
4 7 2 8 0 1 0.18278650454503054 
4 11 13 7 8 1 0.6177586545485583 
2 4 2 1 1 0 0.48602381943180273 
---
3 25 17.023026315789476 4.0 5
12 1 13 2 0 1 0.2465056457824908 
7 12 12 13 4 1 0.3902527973461314 
2 1 1 2 4 0 0.498637433928912 
3 1 13 0 7 0 0.4085346387180788 
---
3 26 16.221217105263158 5.0 5
7 12 12 13 4 1 0.3902527973461314 
12 1 13 2 0 1 0.2465056457824908 
2 1 1 2 4 0 0.498637433928912 
3 1 13 0 7 0 0.4085346387180788 
4 11 13 7 8 1 0.6177586545485583 
---
3 27 21.895559210526315 2.0 5
2 4 2 1 1 0 0.48602381943180273 
4 7 2 8 0 1 0.18278650454503054 
---
3 28 20.703125 3.0 5
4 7 2 8 0 1 0.18278650454503054 
4 11 13 7 8 1 0.6177586545485583 
2 4 2 1 1 0 0.48602381943180273 
---
3 29 17.023026315789476 4.0 5
7 12 12 13 4 1 0.3902527973461314 
3 1 13 0 7 0 0.4085346387180788 
12 1 13 2 0 1 0.2465056457824908 
2 1 1 2 4 0 0.498637433928912 
---
3 30 16.221217105263158 5.0 5
7 12 12 13 4 1 0.3902527973461314 
12 1 13 2 0 1 0.2465056457824908 
2 1 1 2 4 0 0.498637433928912 
3 1 13 0 7 0 0.4085346387180788 
4 11 13 7 8 1 0.6177586545485583 
---
3 31 21.895559210526315 2.0 5
2 4 2 1 1 0 0.48602381943180273 
4 7 2 8 0 1 0.18278650454503054 
---
3 32 20.703125 3.0 5
2 4 2 1 1 0 0.48602381943180273 
4 11 13 7 8 1 0.6177586545485583 
4 7 2 8 0 1 0.18278650454503054 
---
3 33 17.023026315789476 4.0 5
7 12 12 13 4 1 0.3902527973461314 
3 1 13 0 7 0 0.4085346387180788 
12 1 13 2 0 1 0.2465056457824908 
2 1 1 2 4 0 0.498637433928912 
---
3 34 16.221217105263158 5.0 5
4 11 13 7 8 1 0.6177586545485583 
3 1 13 0 7 0 0.4085346387180788 
12 1 13 2 0 1 0.2465056457824908 
2 1 1 2 4 0 0.498637433928912 
7 12 12 13 4 1 0.3902527973461314 
---
3 35 21.895559210526315 2.0 5
4 7 2 8 0 1 0.18278650454503054 
2 4 2 1 1 0 0.48602381943180273 
---
3 36 20.703125 3.0 5
4 11 13 7 8 1 0.6177586545485583 
2 4 2 1 1 0 0.48602381943180273 
4 7 2 8 0 1 0.18278650454503054 
---
3 37 17.023026315789476 4.0 5
3 1 13 0 7 0 0.4085346387180788 
2 1 1 2 4 0 0.498637433928912 
12 1 13 2 0 1 0.2465056457824908 
7 12 12 13 4 1 0.3902527973461314 
---
3 38 16.221217105263158 5.0 5
4 11 13 7 8 1 0.6177586545485583 
3 1 13 0 7 0 0.4085346387180788 
12 1 13 2 0 1 0.2465056457824908 
2 1 1 2 4 0 0.498637433928912 
7 12 12 13 4 1 0.3902527973461314 
---
3 39 21.895559210526315 2.0 5
2 4 2 1 1 0 0.48602381943180273 
4 7 2 8 0 1 0.18278650454503054 
---
3 40 20.703125 3.0 5
4 11 13 7 8 1 0.6177586545485583 
4 7 2 8 0 1 0.18278650454503054 
2 4 2 1 1 0 0.48602381943180273 
---
3 41 17.023026315789476 4.0 5
12 1 13 2 0 1 0.2465056457824908 
7 12 12 13 4 1 0.3902527973461314 
2 1 1 2 4 0 0.498637433928912 
3 1 13 0 7 0 0.4085346387180788 
---
3 42 16.221217105263158 5.0 5
7 12 12 13 4 1 0.3902527973461314 
12 1 13 2 0 1 0.2465056457824908 
2 1 1 2 4 0 0.498637433928912 
3 1 13 0 7 0 0.4085346387180788 
4 11 13 7 8 1 0.6177586545485583 
---
3 43 29.35855263157895 1.0 5
0 0 0 1 2 0 0.45868673595925236 
---
3 44 21.895559210526315 2.0 5
2 4 2 1 1 0 0.48602381943180273 
4 7 2 8 0 1 0.18278650454503054 
---
3 45 20.703125 3.0 5
4 7 2 8 0 1 0.18278650454503054 
4 11 13 7 8 1 0.6177586545485583 
2 4 2 1 1 0 0.48602381943180273 
---
3 46 17.023026315789476 4.0 5
12 1 13 2 0 1 0.2465056457824908 
7 12 12 13 4 1 0.3902527973461314 
2 1 1 2 4 0 0.498637433928912 
3 1 13 0 7 0 0.4085346387180788 
---
3 47 16.221217105263158 5.0 5
2 1 1 2 4 0 0.498637433928912 
3 1 13 0 7 0 0.4085346387180788 
7 12 12 13 4 1 0.3902527973461314 
12 1 13 2 0 1 0.2465056457824908 
4 11 13 7 8 1 0.6177586545485583 
---
3 48 21.895559210526315 2.0 5
4 7 2 8 0 1 0.18278650454503054 
2 4 2 1 1 0 0.48602381943180273 
---
3 49 20.703125 3.0 5
2 4 2 1 1 0 0.48602381943180273 
4 11 13 7 8 1 0.6177586545485583 
4 7 2 8 0 1 0.18278650454503054 
---
4 0 29.35855263157895 1.0 5
0 2 0 0 0 0 0.4832722006026511 
---
4 1 14.473684210526317 10.0 5
7 12 11 13 4 1 0.2948372574189648 
3 1 13 0 7 0 0.4085346387180788 
12 7 12 8 4 1 0.1893210623742343 
4 11 13 7 8 1 0.6177586545485583 
2 1 1 2 4 0 0.498637433928912 
7 12 12 13 4 1 0.3902527973461314 
5 7 8 7 4 0 0.9723221005235755 
4 11 8 12 0 1 0.11067474463002425 
12 1 13 2 0 1 0.2465056457824908 
8 4 7 13 11 0 0.6901265722352409 
---
4 2 23.54029605263158 2.0 5
1 0 2 2 4 0 0.15285562688281917 
7 7 8 2 8 1 0.42329981411401607 
---
4 3 21.011513157894736 3.0 5
2 1 1 2 4 0 0.498637433928912 
3 1 13 0 7 0 0.4085346387180788 
12 1 13 2 0 1 0.2465056457824908 
---
4 4 17.023026315789476 4.0 5
3 1 13 0 7 0 0.4085346387180788 
12 1 13 2 0 1 0.2465056457824908 
7 12 12 13 4 1 0.3902527973461314 
2 1 1 2 4 0 0.498637433928912 
---
4 5 21.011513157894736 3.0 5
3 1 13 0 7 0 0.4085346387180788 
2 1 1 2 4 0 0.498637433928912 
12 1 13 2 0 1 0.2465056457824908 
---
4 6 15.296052631578947 7.0 5
3 1 13 0 7 0 0.4085346387180788 
2 1 1 2 4 0 0.498637433928912 
12 1 13 2 0 1 0.2465056457824908 
8 4 7 13 11 0 0.6901265722352409 
4 11 13 7 8 1 0.6177586545485583 
4 11 8 12 0 1 0.11067474463002425 
7 12 12 13 4 1 0.3902527973461314 
---
4 7 17.023026315789476 4.0 5
3 1 13 0 7 0 0.4085346387180788 
12 1 13 2 0 1 0.2465056457824908 
7 12 12 13 4 1 0.3902527973461314 
2 1 1 2 4 0 0.498637433928912 
---
4 8 16.344572368421055 5.0 5
2 1 1 2 4 0 0.498637433928912 
3 1 13 0 7 0 0.4085346387180788 
12 1 13 2 0 1 0.2465056457824908 
7 12 12 13 4 1 0.3902527973461314 
4 11 8 12 0 1 0.11067474463002425 
---
4 9 16.344572368421055 5.0 5
2 1 1 2 4 0 0.498637433928912 
3 1 13 0 7 0 0.4085346387180788 
12 1 13 2 0 1 0.2465056457824908 
7 12 12 13 4 1 0.3902527973461314 
4 11 8 12 0 1 0.11067474463002425 
---
4 10 15.748355263157896 6.0 5
12 1 13 2 0 1 0.2465056457824908 
3 1 13 0 7 0 0.4085346387180788 
7 12 12 13 4 1 0.3902527973461314 
2 1 1 2 4 0 0.498637433928912 
4 11 8 12 0 1 0.11067474463002425 
4 11 13 7 8 1 0.6177586545485583 
---
4 11 15.748355263157896 6.0 5
12 1 13 2 0 1 0.2465056457824908 
3 1 13 0 7 0 0.4085346387180788 
7 12 12 13 4 1 0.3902527973461314 
2 1 1 2 4 0 0.498637433928912 
4 11 8 12 0 1 0.11067474463002425 
4 11 13 7 8 1 0.6177586545485583 
---
4 12 15.296052631578947 7.0 5
3 1 13 0 7 0 0.4085346387180788 
12 1 13 2 0 1 0.2465056457824908 
8 4 7 13 11 0 0.6901265722352409 
4 11 13 7 8 1 0.6177586545485583 
2 1 1 2 4 0 0.498637433928912 
7 12 12 13 4 1 0.3902527973461314 
4 11 8 12 0 1 0.11067474463002425 
---
4 13 29.35855263157895 1.0 5
0 2 0 0 0 0 0.4832722006026511 
---
4 14 14.473684210526317 10.0 5
7 12 11 13 4 1 0.2948372574189648 
3 1 13 0 7 0 0.4085346387180788 
12 7 12 8 4 1 0.1893210623742343 
4 11 13 7 8 1 0.6177586545485583 
2 1 1 2 4 0 0.498637433928912 
7 12 12 13 4 1 0.3902527973461314 
5 7 8 7 4 0 0.9723221005235755 
4 11 8 12 0 1 0.11067474463002425 
12 1 13 2 0 1 0.2465056457824908 
8 4 7 13 11 0 0.6901265722352409 
---
4 15 23.54029605263158 2.0 5
1 0 2 2 4 0 0.15285562688281917 
7 7 8 2 8 1 0.42329981411401607 
---
4 16 21.011513157894736 3.0 5
2 1 1 2 4 0 0.498637433928912 
3 1 13 0 7 0 0.4085346387180788 
12 1 13 2 0 1 0.2465056457824908 
---
4 17 17.023026315789476 4.0 5
3 1 13 0 7 0 0.4085346387180788 
12 1 13 2 0 1 0.2465056457824908 
7 12 12 13 4 1 0.3902527973461314 
2 1 1 2 4 0 0.498637433928912 
---
4 18 16.344572368421055 5.0 5
2 1 1 2 4 0 0.498637433928912 
3 1 13 0 7 0 0.4085346387180788 
12 1 13 2 0 1 0.2465056457824908 
7 12 12 13 4 1 0.3902527973461314 
4 11 8 12 0 1 0.11067474463002425 
---
4 19 29.35855263157895 1.0 5
0 2 0 0 0 0 0.4832722006026511 
---
4 20 14.473684210526317 10.0 5
7 12 11 13 4 1 0.2948372574189648 
3 1 13 0 7 0 0.4085346387180788 
12 7 12 8 4 1 0.1893210623742343 
4 11 13 7 8 1 0.6177586545485583 
2 1 1 2 4 0 0.498637433928912 
7 12 12 13 4 1 0.3902527973461314 
5 7 8 7 4 0 0.9723221005235755 
4 11 8 12 0 1 0.11067474463002425 
12 1 13 2 0 1 0.2465056457824908 
8 4 7 13 11 0 0.6901265722352409 
---
4 21 21.011513157894736 3.0 5
12 1 13 2 0 1 0.2465056457824908 
3 1 13 0 7 0 0.4085346387180788 
2 1 1 2 4 0 0.498637433928912 
---
4 22 17.023026315789476 4.0 5
2 1 1 2 4 0 0.498637433928912 
12 1 13 2 0 1 0.2465056457824908 
3 1 13 0 7 0 0.4085346387180788 
7 12 12 13 4 1 0.3902527973461314 
---
4 23 16.344572368421055 5.0 5
3 1 13 0 7 0 0.4085346387180788 
2 1 1 2 4 0 0.498637433928912 
7 12 12 13 4 1 0.3902527973461314 
4 11 8 12 0 1 0.11067474463002425 
12 1 13 2 0 1 0.2465056457824908 
---
4 24 14.679276315789474 9.0 5
7 12 12 13 4 1 0.3902527973461314 
3 1 13 0 7 0 0.4085346387180788 
12 7 12 8 4 1 0.1893210623742343 
5 7 8 7 4 0 0.9723221005235755 
8 4 7 13 11 0 0.6901265722352409 
2 1 1 2 4 0 0.498637433928912 
4 11 8 12 0 1 0.11067474463002425 
12 1 13 2 0 1 0.2465056457824908 
4 11 13 7 8 1 0.6177586545485583 
---
4 25 14.473684210526317 10.0 5
7 12 11 13 4 1 0.2948372574189648 
3 1 13 0 7 0 0.4085346387180788 
12 7 12 8 4 1 0.1893210623742343 
4 11 13 7 8 1 0.6177586545485583 
2 1 1 2 4 0 0.498637433928912 
7 12 12 13 4 1 0.3902527973461314 
5 7 8 7 4 0 0.9723221005235755 
4 11 8 12 0 1 0.11067474463002425 
12 1 13 2 0 1 0.2465056457824908 
8 4 7 13 11 0 0.6901265722352409 
---
4 26 21.011513157894736 3.0 5
2 1 1 2 4 0 0.498637433928912 
3 1 13 0 7 0 0.4085346387180788 
12 1 13 2 0 1 0.2465056457824908 
---
4 27 17.023026315789476 4.0 5
12 1 13 2 0 1 0.2465056457824908 
3 1 13 0 7 0 0.4085346387180788 
2 1 1 2 4 0 0.498637433928912 
7 12 12 13 4 1 0.3902527973461314 
---
4 28 16.344572368421055 5.0 5
2 1 1 2 4 0 0.498637433928912 
3 1 13 0 7 0 0.4085346387180788 
12 1 13 2 0 1 0.2465056457824908 
7 12 12 13 4 1 0.3902527973461314 
4 11 8 12 0 1 0.11067474463002425 
---
4 29 14.679276315789474 9.0 5
7 12 12 13 4 1 0.3902527973461314 
3 1 13 0 7 0 0.4085346387180788 
12 7 12 8 4 1 0.1893210623742343 
5 7 8 7 4 0 0.9723221005235755 
8 4 7 13 11 0 0.6901265722352409 
2 1 1 2 4 0 0.498637433928912 
4 11 8 12 0 1 0.11067474463002425 
12 1 13 2 0 1 0.2465056457824908 
4 11 13 7 8 1 0.6177586545485583 
---
4 30 14.473684210526317 10.0 5
7 12 11 13 4 1 0.2948372574189648 
3 1 13 0 7 0 0.4085346387180788 
12 7 12 8 4 1 0.1893210623742343 
4 11 13 7 8 1 0.6177586545485583 
2 1 1 2 4 0 0.498637433928912 
7 12 12 13 4 1 0.3902527973461314 
5 7 8 7 4 0 0.9723221005235755 
4 11 8 12 0 1 0.11067474463002425 
12 1 13 2 0 1 0.2465056457824908 
8 4 7 13 11 0 0.6901265722352409 
---
4 31 21.011513157894736 3.0 5
2 1 1 2 4 0 0.498637433928912 
3 1 13 0 7 0 0.4085346387180788 
12 1 13 2 0 1 0.2465056457824908 
---
4 32 17.023026315789476 4.0 5
12 1 13 2 0 1 0.2465056457824908 
7 12 12 13 4 1 0.3902527973461314 
3 1 13 0 7 0 0.4085346387180788 
2 1 1 2 4 0 0.498637433928912 
---
4 33 16.344572368421055 5.0 5
12 1 13 2 0 1 0.2465056457824908 
4 11 8 12 0 1 0.11067474463002425 
3 1 13 0 7 0 0.4085346387180788 
7 12 12 13 4 1 0.3902527973461314 
2 1 1 2 4 0 0.498637433928912 
---
4 34 14.473684210526317 10.0 5
7 12 11 13 4 1 0.2948372574189648 
3 1 13 0 7 0 0.4085346387180788 
12 7 12 8 4 1 0.1893210623742343 
4 11 13 7 8 1 0.6177586545485583 
2 1 1 2 4 0 0.498637433928912 
7 12 12 13 4 1 0.3902527973461314 
5 7 8 7 4 0 0.9723221005235755 
4 11 8 12 0 1 0.11067474463002425 
12 1 13 2 0 1 0.2465056457824908 
8 4 7 13 11 0 0.6901265722352409 
---
4 35 21.011513157894736 3.0 5
3 1 13 0 7 0 0.4085346387180788 
12 1 13 2 0 1 0.2465056457824908 
2 1 1 2 4 0 0.498637433928912 
---
4 36 17.023026315789476 4.0 5
2 1 1 2 4 0 0.498637433928912 
3 1 13 0 7 0 0.4085346387180788 
7 12 12 13 4 1 0.3902527973461314 
12 1 13 2 0 1 0.2465056457824908 
---
4 37 16.344572368421055 5.0 5
2 1 1 2 4 0 0.498637433928912 
3 1 13 0 7 0 0.4085346387180788 
12 1 13 2 0 1 0.2465056457824908 
7 12 12 13 4 1 0.3902527973461314 
4 11 8 12 0 1 0.11067474463002425 
---
4 38 14.473684210526317 10.0 5
7 12 11 13 4 1 0.2948372574189648 
3 1 13 0 7 0 0.4085346387180788 
12 7 12 8 4 1 0.1893210623742343 
4 11 13 7 8 1 0.6177586545485583 
2 1 1 2 4 0 0.498637433928912 
7 12 12 13 4 1 0.3902527973461314 
5 7 8 7 4 0 0.9723221005235755 
4 11 8 12 0 1 0.11067474463002425 
12 1 13 2 0 1 0.2465056457824908 
8 4 7 13 11 0 0.6901265722352409 
---
4 39 23.54029605263158 2.0 5
1 0 2 2 4 0 0.15285562688281917 
7 7 8 2 8 1 0.42329981411401607 
---
4 40 21.011513157894736 3.0 5
3 1 13 0 7 0 0.4085346387180788 
12 1 13 2 0 1 0.2465056457824908 
2 1 1 2 4 0 0.498637433928912 
---
4 41 17.023026315789476 4.0 5
3 1 13 0 7 0 0.4085346387180788 
12 1 13 2 0 1 0.2465056457824908 
7 12 12 13 4 1 0.3902527973461314 
2 1 1 2 4 0 0.498637433928912 
---
4 42 16.344572368421055 5.0 5
4 11 8 12 0 1 0.11067474463002425 
12 1 13 2 0 1 0.2465056457824908 
7 12 12 13 4 1 0.3902527973461314 
3 1 13 0 7 0 0.4085346387180788 
2 1 1 2 4 0 0.498637433928912 
---
4 43 29.35855263157895 1.0 5
0 2 0 0 0 0 0.4832722006026511 
---
4 44 14.473684210526317 10.0 5
7 12 11 13 4 1 0.2948372574189648 
3 1 13 0 7 0 0.4085346387180788 
12 7 12 8 4 1 0.1893210623742343 
4 11 13 7 8 1 0.6177586545485583 
2 1 1 2 4 0 0.498637433928912 
7 12 12 13 4 1 0.3902527973461314 
5 7 8 7 4 0 0.9723221005235755 
4 11 8 12 0 1 0.11067474463002425 
12 1 13 2 0 1 0.2465056457824908 
8 4 7 13 11 0 0.6901265722352409 
