---
0 16.077302631578945 23.0 5 
0 11 7 1 2 0 0.5161657004395358
8 4 7 4 3 0 0.920307393658242
0 11 11 0 1 0 0.6871770377504691
3 7 5 0 7 0 0.47909079954141776
4 7 4 8 1 1 0.14158600109168584
12 5 3 4 7 0 0.9161442026022883
11 4 13 4 4 0 0.2563176806884584
4 7 8 4 8 1 0.4033202215589491
4 12 8 8 1 1 0.13002137008320913
4 11 13 12 1 1 0.2737333971899516
8 1 1 4 2 0 0.7857894563846796
12 4 13 2 1 1 0.14390577612196465
0 1 7 7 6 0 0.7489682831428133
4 11 13 4 12 1 0.2472961288996216
0 11 13 1 13 1 0.8463103407681221
1 1 1 2 3 0 0.201610863265274
4 11 8 4 8 1 0.4566184136371818
7 11 7 8 13 1 0.25263426476961826
0 4 9 0 13 1 0.6558222750747846
8 4 9 0 1 1 0.13831344886426322
13 6 13 7 7 0 1.0
0 1 10 0 2 0 0.41797365542234055
4 8 4 4 5 0 0.41335752654066393
---
1 16.200657894736842 31.0 5 
7 2 12 14 1 0 0.18679265358031394
12 12 13 8 4 1 0.21261746701216788
4 11 13 4 8 1 0.6621280696789666
4 11 13 10 7 0 0.4851719158322896
1 7 5 4 1 0 0.19962133131721727
12 1 13 8 1 1 0.16987455646892802
8 8 13 12 4 1 0.15980233544836742
0 8 11 12 0 0 0.9243177965542761
7 3 11 6 11 1 0.30940378137953584
11 11 13 13 11 0 0.26681547816546025
7 8 11 10 0 1 1.0
12 12 13 8 8 1 0.6915156107432432
1 12 8 5 1 1 0.15376937882999142
7 3 3 8 10 1 0.7021390014936564
7 3 1 1 12 1 0.10338074674179931
7 7 12 8 7 1 0.17080110707283946
1 1 2 12 9 1 0.5300887870122829
5 3 12 1 7 0 0.9960512620483715
12 11 13 4 1 1 0.1358626164271608
12 12 13 5 1 1 0.2976038108287069
7 1 2 12 10 1 0.3018068319786802
7 3 3 6 11 1 0.40054757640420857
4 7 14 4 4 0 0.3046962951556802
1 8 7 8 11 0 0.6669633253031535
11 12 12 13 11 1 0.27251511463822964
1 1 1 2 7 0 0.36949924163313175
12 1 13 4 4 1 0.09819964386631908
4 1 2 2 2 0 0.05430728920797323
11 12 12 5 7 1 0.2466330194776829
11 8 12 13 4 1 0.2657695469317227
3 12 1 4 7 0 0.48342365603011217
---
2 16.50904605263158 16.0 5 
1 1 4 2 3 0 0.11108996383794878
7 11 12 4 2 1 0.1944657333606068
7 8 7 13 12 1 0.8997964949135635
7 7 7 10 1 1 0.2538828378889557
2 7 12 2 1 0 0.25363485146105247
4 2 8 13 4 1 0.2986373391223123
11 4 4 2 7 0 0.22797623037342474
2 1 13 4 12 1 0.06386503518495368
8 1 7 4 7 0 0.9625105808045205
11 12 7 12 1 0 0.49037555320409276
12 7 8 4 6 1 0.19082878814164572
7 4 1 2 10 1 0.38457061470058296
11 1 7 12 1 0 0.3728289831956795
4 2 8 8 4 1 0.11104804449391437
13 11 8 1 2 0 0.9877539234984237
7 7 12 8 1 1 0.2563676823006864
---
3 16.632401315789476 48.0 5 
1 3 3 12 11 0 0.8201688294273888
2 3 0 2 1 0 0.3355491176004717
12 7 13 4 0 1 0.35389466019145277
12 7 8 8 1 1 0.2954809629622106
11 8 13 11 7 0 0.6686842246170672
7 8 2 12 6 0 0.5417742706134498
1 11 13 12 4 1 0.5344842179780602
8 5 1 3 2 0 0.8523361180716327
12 12 8 12 1 0 0.14514126535244531
3 12 13 1 11 0 0.5266061737405467
11 8 13 7 7 0 0.6528592448481624
12 7 13 8 1 1 0.46934607380604554
1 7 1 13 7 1 0.15441893090366277
2 9 4 8 4 0 0.753122442424458
7 4 13 12 11 0 0.18780268324560856
3 2 2 1 2 0 0.35214812113277283
4 0 13 4 0 1 0.11795475403677202
8 2 8 2 11 0 0.28783100037345677
11 14 2 1 7 0 1.0
2 1 13 11 3 0 0.3475538547432848
2 3 12 2 1 0 0.38415627032068844
12 2 7 8 6 0 0.399916474328329
2 3 0 6 1 0 0.2902529604975703
7 12 13 12 7 0 0.20894433842306515
11 7 0 5 3 1 0.07926303106013222
12 7 13 1 0 1 0.18890087217124896
2 3 4 8 11 0 0.3045896915363995
7 2 12 1 8 1 0.0605058031986101
11 10 7 3 4 1 0.7738614344707853
1 4 5 3 2 0 0.4172813543520746
8 2 7 8 6 0 0.7099638010488059
7 11 2 12 6 1 0.39405587099297845
4 1 14 3 1 0 0.36778429640578625
2 2 3 1 5 0 0.7954389264077835
11 2 2 14 8 1 0.7101666918596281
0 3 7 5 0 0 0.08093024300473595
6 8 2 7 7 0 0.9442289182229324
1 7 8 2 11 0 0.08874962055296165
2 3 4 2 1 0 0.3606387651792793
2 3 2 8 0 1 0.12945430243070555
4 8 14 3 7 0 0.5106807217563445
12 7 7 2 8 1 0.05715597106818571
7 2 13 14 0 1 0.18823568834995108
8 2 7 8 6 0 0.7099638010488059
7 2 12 1 8 1 0.0605058031986101
12 7 13 8 1 1 0.46934607380604554
11 2 2 14 8 1 0.7101666918596281
12 7 13 1 0 1 0.18890087217124896
---
4 14.967105263157896 21.0 5 
13 7 8 2 4 0 0.9362029131891494
4 11 12 2 7 0 0.17808564983098152
8 1 7 2 2 0 0.8846027119874162
3 12 2 4 4 0 0.2760362654040789
3 12 2 2 1 0 0.18066360717914542
12 12 13 2 10 1 0.5070506557955804
12 1 8 2 8 1 0.45651856691440096
7 7 8 11 8 1 0.28234848672196944
7 4 5 7 12 0 0.1624580048471005
7 4 13 7 12 0 0.11481337344823062
7 7 12 8 4 1 0.17550492167826692
12 2 8 8 3 1 0.059425537189608635
7 7 8 7 8 1 0.34214931873233057
8 1 7 13 11 0 0.7263559620200075
8 11 13 2 1 1 0.23841150394222277
12 12 13 2 4 1 0.13335423789747203
3 12 2 8 8 1 0.5178541302336925
8 1 13 1 3 0 0.11581202939302626
11 1 6 1 10 1 0.7674961840343756
11 1 13 13 11 0 0.08873430733146126
7 1 7 1 2 0 0.5007418210396917
