---
0 16.611842105263158 31.0 5 
7 3 12 4 7 1 0.16517504422295648
12 4 11 10 4 1 0.3433282670459157
4 13 2 6 8 0 1.0
4 7 13 1 12 1 0.10635242037452786
7 4 4 8 1 1 0.04226910010002061
7 3 3 10 4 0 0.2895508323859478
7 11 13 13 7 0 0.17476012265831553
11 1 12 8 7 1 0.16239664197867665
5 1 4 2 1 0 0.9796258015292845
7 3 2 12 7 1 0.14657372341449992
3 12 2 1 14 0 0.14730600352208723
4 7 9 1 8 1 0.30062556524943806
7 1 11 10 1 1 0.2833976153321761
12 4 13 2 4 1 0.15766250805621085
3 12 2 1 7 0 0.5431930393226074
2 1 11 2 10 1 0.4343351332679277
2 7 13 0 10 1 0.16966633069704806
8 7 7 5 11 0 0.6857360948135025
12 7 12 5 1 1 0.1764317240022435
11 1 11 2 1 0 0.37765604747397385
7 12 11 10 3 1 0.6093387023492092
7 3 7 13 8 0 0.06056548340155232
11 1 12 8 7 1 0.16239664197867665
12 4 13 2 4 1 0.15766250805621085
0 3 2 2 11 0 0.23489147457828619
12 3 13 4 1 1 0.1551391874087209
4 3 2 11 11 0 0.5069905264214891
12 2 2 8 1 0 0.10740888146926819
1 11 7 2 7 0 0.1648196051049473
11 5 7 2 11 0 0.9230726998422185
7 12 8 5 1 1 0.24049474668280202
---
1 15.727796052631579 32.0 5 
1 7 8 8 2 1 0.32008415693567627
1 3 4 2 7 0 0.1423887940032148
1 7 2 13 2 1 0.3165571807447931
3 7 8 12 13 1 0.6315288888266777
11 4 11 10 11 1 0.831041798809224
0 2 13 14 3 1 0.22434124308160563
12 1 1 4 8 1 0.08065537355670127
11 10 7 1 0 1 0.3383428659558787
1 1 8 8 2 1 0.2787477975968411
8 11 8 2 1 0 0.3128947267992197
12 4 13 8 2 1 0.45252817641267407
11 3 11 8 12 0 0.15965439754012767
7 1 5 2 7 0 0.2521631944575098
2 2 7 8 2 0 0.43352900622811363
11 7 8 8 12 1 0.21393135915337025
11 10 0 1 10 0 0.8391828379845285
11 2 8 12 8 1 0.47594129653633477
7 3 12 12 3 1 0.22327682975725271
12 7 9 3 12 0 0.2785244262412272
4 8 9 7 4 0 0.544346231358797
13 7 13 1 1 0 0.8784104976260887
12 4 13 4 2 1 0.24184581981528952
1 11 7 1 2 0 0.47513198228580644
12 7 13 0 2 1 0.2958763088173817
11 12 9 1 7 0 0.7435130312189908
3 2 8 7 1 0 0.5286310135724275
12 4 8 2 1 1 0.038489804376171666
2 2 2 3 2 0 0.6158120179516533
1 11 7 3 2 0 0.7205241274175838
11 11 13 12 6 1 0.2525128530651308
11 7 1 4 14 0 0.45647834843133706
11 7 6 12 3 0 0.7789372802511405
---
2 15.810032894736842 33.0 5 
11 12 13 4 7 0 0.38079702094199797
7 12 8 3 8 1 0.4045977160787265
7 4 8 8 1 1 0.10958377381720086
11 7 13 2 11 0 0.186920708787623
4 1 2 3 12 0 0.44696596128734756
12 8 1 8 6 0 0.2734413871875718
11 12 13 4 7 0 0.38079702094199797
4 11 13 1 8 1 0.6794092496289196
4 3 11 0 1 0 0.7246320574768064
1 7 2 4 10 1 0.26174165568819374
4 11 5 1 4 1 0.0846314540429336
7 11 6 13 1 1 0.6570197859635518
7 12 8 3 8 1 0.4045977160787265
12 4 13 2 0 1 0.19660246344742172
2 3 12 7 2 0 0.7275177969252344
4 11 4 14 1 0 0.0552608757802755
11 8 1 2 6 0 0.4350373622120005
12 2 11 2 13 0 0.7571318537249556
1 0 2 1 10 1 0.12656883088110948
1 12 13 8 2 1 0.2837053739685409
1 4 4 9 7 1 0.06540485412362873
12 11 13 2 1 1 0.3653490171543359
1 7 6 4 4 0 0.7007731072786725
13 7 4 7 1 0 0.997400698031877
7 10 4 1 13 1 0.8083222616979338
7 11 13 11 8 1 0.7752787020975243
12 4 13 7 4 0 0.10885635629030532
1 8 14 7 7 0 0.6611353185789468
4 7 4 8 7 0 0.04627695049641867
7 12 8 8 12 1 0.16480619169585164
7 12 4 1 8 1 0.14355577407612796
7 4 6 13 1 1 0.547056547718987
2 2 12 7 2 0 0.7378578478156848
---
3 15.049342105263158 42.0 5 
3 12 13 4 10 1 0.22292222125783434
4 7 8 2 8 1 0.5661134152227709
3 8 11 3 7 0 0.9658125677758442
7 12 2 2 4 0 0.14292093652969484
8 4 4 8 2 0 0.34156060660493237
13 7 8 2 11 0 0.935304345951119
0 6 0 2 4 0 0.5149899734353729
11 12 8 13 1 1 0.2660439217210304
0 8 11 11 8 0 0.9046209352150596
2 7 2 2 4 0 0.16772149474560516
13 7 8 4 2 0 0.9576341061869729
11 7 2 8 2 1 0.2680505289875734
8 4 13 7 11 1 0.11924451965162808
12 4 13 8 7 1 0.20772410481651749
11 8 1 7 8 0 0.6332494757245604
7 4 13 2 7 0 0.16186992397086297
7 1 4 14 7 0 0.2561679746082266
7 7 13 2 6 1 0.20199536620731307
11 12 13 4 4 0 0.2330693465998046
11 5 5 7 1 0 0.6194052552579368
1 4 4 2 8 1 0.2760402802755324
4 11 13 4 11 1 0.1253940685215018
11 7 0 2 2 1 0.11822222716579134
11 11 8 9 7 0 0.2801185020400986
1 1 6 9 7 0 0.4199891494952357
8 11 8 2 11 0 0.38206665949549046
4 7 12 12 12 0 0.08453141770561245
1 7 8 6 8 1 0.2998730101512386
3 1 13 4 7 0 0.27036355653133737
4 7 12 3 13 0 0.13916919460982613
11 3 11 1 2 1 0.18062769230478493
7 0 14 12 12 1 0.2704965766702432
11 3 12 2 4 1 0.16350808775120518
11 10 6 6 1 1 0.38006149218948737
7 10 1 11 3 0 0.33879771097165334
3 6 11 1 7 1 0.1744026159583445
11 4 9 2 8 1 0.4240872592876199
8 4 13 7 11 1 0.11924451965162808
12 4 13 8 7 1 0.20772410481651749
11 1 12 4 4 0 0.012784505295364346
11 12 13 4 4 0 0.2330693465998046
3 12 13 4 7 0 0.43697820970395607
---
4 16.488486842105264 26.0 5 
1 11 4 2 11 0 0.16394008223714374
3 1 5 0 3 0 0.4518538219299517
7 7 12 2 4 1 0.09807782109495733
4 4 8 2 8 1 0.4680148164563396
4 14 8 12 1 1 0.6547775150100232
11 11 11 8 1 1 0.16345533313436533
11 11 7 1 12 1 0.11459740133097829
8 4 13 1 2 1 0.18079738897296083
11 7 8 2 7 0 0.13116150801405646
4 7 8 8 1 1 0.17171991576900703
3 8 2 7 0 0 0.7265459728723644
7 4 11 8 2 0 0.5691239491327937
12 0 6 3 7 0 0.9311283496253061
7 4 8 8 12 1 0.2193548676285162
7 1 12 12 4 0 0.0671663174462298
7 7 1 8 1 1 0.14596547118208525
7 7 8 8 4 1 0.20288820587195944
3 4 8 12 7 0 0.28604296648616656
2 1 4 8 11 0 0.2945664472759457
11 7 11 6 4 1 0.2671440435161063
1 0 11 12 6 0 0.7945071710393476
8 4 12 1 2 0 0.7258908641452269
2 1 7 1 8 0 0.4396316827021979
3 8 4 3 11 0 0.855296707239422
3 4 13 1 8 1 0.37424240460682956
3 6 8 11 7 1 0.5017231637464636
