0 0 29.344026321200907 29.390018484288355 1 1
1 0 13.016656384947565 16.081330868761555 45 223
2 0 20.974706971005553 23.10536044362292 2 8
3 0 20.00822537528275 21.072088724584106 3 13
4 0 18.71272876825005 20.51756007393715 4 19
5 0 20.974706971005553 23.10536044362292 2 8
6 0 18.71272876825005 20.51756007393715 4 19
7 0 20.00822537528275 21.072088724584106 3 13
8 0 17.622866543286037 19.593345656192238 5 24
9 0 17.622866543286037 19.593345656192238 5 24
10 0 16.656384947563232 20.147874306839185 6 28
11 0 14.826238947151966 16.45101663585952 16 78
12 0 15.936664610322845 18.11460258780037 8 37
13 0 15.54595928439235 17.190388170055453 9 42
14 0 16.656384947563232 20.147874306839185 6 28
15 0 16.43018712728768 19.593345656192238 7 34
16 0 14.99074645280691 17.190388170055453 14 67
17 0 13.756940160394818 16.635859519408502 24 117
18 0 13.962574542463498 16.820702402957487 26 127
19 0 13.119473575981905 16.266173752310536 41 203
20 0 13.119473575981905 16.266173752310536 41 203
21 0 13.181163890602509 15.89648798521257 39 192
22 0 13.078346699568169 16.081330868761555 43 213
23 0 14.64116800329015 16.635859519408502 17 83
24 0 14.435533621221468 17.005545286506468 18 87
25 0 15.422578655151142 17.375231053604438 10 47
26 0 15.299198025909932 16.635859519408502 11 52
27 0 16.43018712728768 19.593345656192238 7 34
28 0 14.64116800329015 16.635859519408502 17 83
29 0 15.936664610322845 18.11460258780037 8 37
30 0 14.435533621221468 17.005545286506468 18 87
31 0 14.312152991980259 17.005545286506468 19 92
32 0 14.024264857084104 17.190388170055453 21 102
33 0 13.900884227842894 16.820702402957487 22 107
34 0 14.18877236273905 17.005545286506468 20 97
35 0 14.024264857084104 17.190388170055453 21 102
36 0 15.299198025909932 16.635859519408502 11 52
37 0 15.237507711289327 16.45101663585952 12 57
38 0 15.54595928439235 17.190388170055453 9 42
39 0 15.237507711289327 16.45101663585952 12 57
40 0 15.422578655151142 17.375231053604438 10 47
41 0 15.114127082048118 16.635859519408502 13 62
42 0 15.114127082048118 16.635859519408502 13 62
43 0 13.859757351429158 16.635859519408502 23 112
44 0 13.448488587291795 15.711645101663585 33 163
45 0 13.859757351429158 16.820702402957487 27 132
46 0 13.839193913222292 16.635859519408502 28 136
47 0 13.345671396257455 15.711645101663585 34 168
48 0 13.900884227842894 16.820702402957487 22 107
49 0 13.345671396257455 15.711645101663585 34 168
50 0 13.469052025498662 15.89648798521257 31 152
51 0 13.28398108163685 15.89648798521257 35 173
52 0 13.469052025498662 15.711645101663585 32 158
53 0 13.859757351429158 16.820702402957487 27 132
54 0 13.859757351429158 16.635859519408502 23 112
55 0 13.181163890602509 15.89648798521257 39 192
56 0 13.839193913222292 16.635859519408502 28 136
57 0 13.571869216533003 15.711645101663585 29 143
58 0 13.530742340119268 15.711645101663585 30 147
59 0 13.571869216533003 15.711645101663585 29 143
60 0 13.756940160394818 16.635859519408502 24 117
61 0 13.530742340119268 15.711645101663585 30 147
62 0 13.263417643429982 15.89648798521257 36 178
63 0 13.222290767016245 15.89648798521257 37 182
64 0 13.962574542463498 16.820702402957487 26 127
65 0 13.469052025498662 15.89648798521257 31 152
66 0 14.312152991980259 17.005545286506468 19 92
67 0 13.28398108163685 15.89648798521257 35 173
68 0 13.263417643429982 15.89648798521257 36 178
69 0 14.18877236273905 17.005545286506468 20 97
70 0 13.469052025498662 15.711645101663585 32 158
71 0 13.222290767016245 15.89648798521257 37 182
72 0 13.222290767016245 15.89648798521257 38 187
73 0 13.0577832613613 16.081330868761555 44 217
74 0 13.448488587291795 15.711645101663585 33 163
75 0 13.222290767016245 15.89648798521257 38 187
76 0 13.078346699568169 16.081330868761555 43 213
77 0 14.99074645280691 17.190388170055453 14 67
78 0 13.0577832613613 16.081330868761555 44 217
79 0 14.826238947151966 16.45101663585952 16 78
80 0 29.344026321200907 29.390018484288355 1 1
81 0 13.016656384947565 16.081330868761555 45 223
82 0 20.974706971005553 23.10536044362292 2 8
83 0 18.71272876825005 20.51756007393715 4 19
84 0 20.00822537528275 21.072088724584106 3 13
85 0 17.622866543286037 19.593345656192238 5 24
86 0 16.656384947563232 20.147874306839185 6 28
87 0 13.119473575981905 16.266173752310536 41 203
88 0 16.43018712728768 19.593345656192238 7 34
89 0 14.64116800329015 16.635859519408502 17 83
90 0 15.936664610322845 18.11460258780037 8 37
91 0 14.435533621221468 17.005545286506468 18 87
92 0 14.024264857084104 17.190388170055453 21 102
93 0 15.299198025909932 16.635859519408502 11 52
94 0 15.54595928439235 17.190388170055453 9 42
95 0 15.237507711289327 16.45101663585952 12 57
96 0 15.422578655151142 17.375231053604438 10 47
97 0 15.114127082048118 16.635859519408502 13 62
98 0 13.900884227842894 16.820702402957487 22 107
99 0 13.345671396257455 15.711645101663585 34 168
100 0 13.859757351429158 16.820702402957487 27 132
101 0 13.859757351429158 16.635859519408502 23 112
102 0 13.181163890602509 15.89648798521257 39 192
103 0 13.839193913222292 16.635859519408502 28 136
104 0 13.571869216533003 15.711645101663585 29 143
105 0 13.756940160394818 16.635859519408502 24 117
106 0 13.530742340119268 15.711645101663585 30 147
107 0 13.469052025498662 15.89648798521257 31 152
108 0 13.962574542463498 16.820702402957487 26 127
109 0 14.312152991980259 17.005545286506468 19 92
110 0 13.28398108163685 15.89648798521257 35 173
111 0 14.18877236273905 17.005545286506468 20 97
112 0 13.263417643429982 15.89648798521257 36 178
113 0 13.469052025498662 15.711645101663585 32 158
114 0 13.222290767016245 15.89648798521257 37 182
115 0 13.222290767016245 15.89648798521257 38 187
116 0 13.448488587291795 15.711645101663585 33 163
117 0 13.078346699568169 16.081330868761555 43 213
118 0 14.99074645280691 17.190388170055453 14 67
119 0 13.0577832613613 16.081330868761555 44 217
120 0 14.826238947151966 16.45101663585952 16 78
121 0 29.344026321200907 29.390018484288355 1 1
122 0 13.016656384947565 16.081330868761555 45 223
123 0 20.974706971005553 23.10536044362292 2 8
124 0 18.71272876825005 20.51756007393715 4 19
125 0 20.00822537528275 21.072088724584106 3 13
126 0 17.622866543286037 19.593345656192238 5 24
127 0 16.656384947563232 20.147874306839185 6 28
128 0 13.119473575981905 16.266173752310536 41 203
129 0 16.43018712728768 19.593345656192238 7 34
130 0 15.936664610322845 18.11460258780037 8 37
131 0 14.64116800329015 16.635859519408502 17 83
132 0 14.435533621221468 17.005545286506468 18 87
133 0 14.024264857084104 17.190388170055453 21 102
134 0 15.299198025909932 16.635859519408502 11 52
135 0 15.54595928439235 17.190388170055453 9 42
136 0 15.237507711289327 16.45101663585952 12 57
137 0 15.422578655151142 17.375231053604438 10 47
138 0 15.114127082048118 16.635859519408502 13 62
139 0 13.900884227842894 16.820702402957487 22 107
140 0 13.345671396257455 15.711645101663585 34 168
141 0 13.859757351429158 16.635859519408502 23 112
142 0 13.859757351429158 16.820702402957487 27 132
143 0 13.181163890602509 15.89648798521257 39 192
144 0 13.839193913222292 16.635859519408502 28 136
145 0 13.571869216533003 15.711645101663585 29 143
146 0 13.756940160394818 16.635859519408502 24 117
147 0 13.530742340119268 15.711645101663585 30 147
148 0 13.469052025498662 15.89648798521257 31 152
149 0 13.962574542463498 16.820702402957487 26 127
150 0 29.426280074028377 29.390018484288355 1 4
151 0 14.682294879703885 17.56007393715342 31 152
152 0 20.99527040921242 22.36598890942699 2 9
153 0 20.99527040921242 22.36598890942699 2 9
154 0 18.651038453629447 19.77818853974122 3 14
155 0 18.651038453629447 19.77818853974122 3 14
156 0 17.82850092535472 19.223659889094268 4 19
157 0 17.82850092535472 19.223659889094268 4 19
158 0 17.02652683528686 19.038817005545287 5 24
159 0 17.02652683528686 19.038817005545287 5 24
160 0 16.43018712728768 16.081330868761555 10 49
161 0 16.32736993625334 17.375231053604438 12 59
162 0 16.47131400370142 16.820702402957487 11 54
163 0 16.759202138597573 19.038817005545287 6 29
164 0 16.203989307012133 17.929759704251385 13 64
165 0 16.47131400370142 16.820702402957487 11 54
166 0 16.32736993625334 17.375231053604438 12 59
167 0 16.759202138597573 19.038817005545287 6 29
168 0 16.594694632942627 18.66913123844732 7 34
169 0 16.203989307012133 17.929759704251385 13 64
170 0 15.977791486736582 18.11460258780037 14 69
171 0 16.594694632942627 18.66913123844732 7 34
172 0 16.491877441908287 19.038817005545287 8 39
173 0 16.491877441908287 19.038817005545287 8 39
174 0 16.286243059839606 19.223659889094268 9 43
175 0 15.977791486736582 18.11460258780037 14 69
176 0 15.689903351840428 18.11460258780037 15 74
177 0 16.286243059839606 19.223659889094268 9 43
178 0 16.43018712728768 16.081330868761555 10 49
179 0 15.689903351840428 18.11460258780037 15 74
180 0 15.54595928439235 18.484288354898336 16 79
181 0 15.54595928439235 18.484288354898336 16 79
182 0 15.402015216944273 18.484288354898336 17 84
183 0 15.258071149496196 18.299445471349355 18 89
184 0 15.114127082048118 18.299445471349355 19 94
185 0 15.402015216944273 18.484288354898336 17 84
186 0 15.114127082048118 18.299445471349355 19 94
187 0 15.011309891013777 18.11460258780037 20 99
188 0 15.258071149496196 18.299445471349355 18 89
189 0 15.011309891013777 18.11460258780037 20 99
190 0 14.846802385358831 17.56007393715342 21 104
191 0 14.846802385358831 17.56007393715342 21 104
192 0 14.805675508945097 17.56007393715342 22 109
193 0 14.76454863253136 17.56007393715342 25 123
194 0 14.702858317910755 17.56007393715342 26 128
195 0 14.743985194324491 17.56007393715342 28 137
196 0 14.682294879703885 17.56007393715342 29 143
197 0 14.805675508945097 17.56007393715342 22 109
198 0 14.702858317910755 17.56007393715342 26 128
199 0 14.682294879703885 17.56007393715342 29 143
200 0 14.64116800329015 17.56007393715342 30 148
201 0 14.76454863253136 17.56007393715342 27 133
202 0 14.76454863253136 17.56007393715342 24 118
203 0 14.846802385358831 17.56007393715342 23 113
204 0 14.76454863253136 17.56007393715342 24 118
205 0 14.76454863253136 17.56007393715342 25 123
206 0 14.64116800329015 17.56007393715342 30 148
207 0 14.76454863253136 17.56007393715342 27 133
208 0 14.846802385358831 17.56007393715342 23 113
209 0 14.743985194324491 17.56007393715342 28 137
210 0 29.426280074028377 29.390018484288355 1 4
211 0 14.682294879703885 17.56007393715342 31 152
212 0 20.99527040921242 22.36598890942699 2 9
213 0 18.651038453629447 19.77818853974122 3 14
214 0 17.82850092535472 19.223659889094268 4 19
215 0 17.02652683528686 19.038817005545287 5 24
216 0 16.47131400370142 16.820702402957487 11 54
217 0 16.32736993625334 17.375231053604438 12 59
218 0 16.759202138597573 19.038817005545287 6 29
219 0 16.203989307012133 17.929759704251385 13 64
220 0 16.594694632942627 18.66913123844732 7 34
221 0 16.491877441908287 19.038817005545287 8 39
222 0 15.977791486736582 18.11460258780037 14 69
223 0 16.286243059839606 19.223659889094268 9 43
224 0 16.43018712728768 16.081330868761555 10 49
225 0 15.689903351840428 18.11460258780037 15 74
226 0 15.54595928439235 18.484288354898336 16 79
227 0 15.402015216944273 18.484288354898336 17 84
228 0 15.114127082048118 18.299445471349355 19 94
229 0 15.258071149496196 18.299445471349355 18 89
230 0 15.011309891013777 18.11460258780037 20 99
231 0 14.846802385358831 17.56007393715342 21 104
232 0 14.805675508945097 17.56007393715342 22 109
233 0 14.702858317910755 17.56007393715342 26 128
234 0 14.682294879703885 17.56007393715342 29 143
235 0 14.743985194324491 17.56007393715342 28 137
236 0 14.76454863253136 17.56007393715342 24 118
237 0 14.76454863253136 17.56007393715342 27 133
238 0 14.64116800329015 17.56007393715342 30 148
239 0 14.76454863253136 17.56007393715342 25 123
240 0 14.846802385358831 17.56007393715342 23 113
241 0 29.426280074028377 29.390018484288355 1 4
242 0 14.682294879703885 17.56007393715342 31 152
243 0 20.99527040921242 22.36598890942699 2 9
244 0 18.651038453629447 19.77818853974122 3 14
245 0 17.82850092535472 19.223659889094268 4 19
246 0 17.02652683528686 19.038817005545287 5 24
247 0 16.47131400370142 16.820702402957487 11 54
248 0 16.32736993625334 17.375231053604438 12 59
249 0 16.759202138597573 19.038817005545287 6 29
250 0 16.203989307012133 17.929759704251385 13 64
251 0 16.594694632942627 18.66913123844732 7 34
252 0 16.491877441908287 19.038817005545287 8 39
253 0 15.977791486736582 18.11460258780037 14 69
254 0 16.286243059839606 19.223659889094268 9 43
255 0 16.43018712728768 16.081330868761555 10 49
256 0 15.689903351840428 18.11460258780037 15 74
257 0 15.54595928439235 18.484288354898336 16 79
258 0 15.402015216944273 18.484288354898336 17 84
259 0 15.114127082048118 18.299445471349355 19 94
260 0 15.258071149496196 18.299445471349355 18 89
261 0 15.011309891013777 18.11460258780037 20 99
262 0 14.846802385358831 17.56007393715342 21 104
263 0 14.805675508945097 17.56007393715342 22 109
264 0 14.702858317910755 17.56007393715342 26 128
265 0 14.682294879703885 17.56007393715342 29 143
266 0 14.846802385358831 17.56007393715342 23 113
267 0 14.743985194324491 17.56007393715342 28 137
268 0 14.76454863253136 17.56007393715342 24 118
269 0 14.76454863253136 17.56007393715342 27 133
270 0 14.76454863253136 17.56007393715342 25 123
271 0 14.64116800329015 17.56007393715342 30 148
272 0 29.40571663582151 29.390018484288355 1 3
273 0 14.682294879703885 17.56007393715342 31 152
274 0 20.99527040921242 22.36598890942699 2 9
275 0 18.651038453629447 19.77818853974122 3 14
276 0 17.82850092535472 19.223659889094268 4 19
277 0 17.02652683528686 19.038817005545287 5 24
278 0 16.47131400370142 16.820702402957487 11 54
279 0 16.32736993625334 17.375231053604438 12 59
280 0 16.759202138597573 19.038817005545287 6 29
281 0 16.203989307012133 17.929759704251385 13 64
282 0 16.594694632942627 18.66913123844732 7 34
283 0 16.491877441908287 19.038817005545287 8 39
284 0 15.977791486736582 18.11460258780037 14 69
285 0 16.286243059839606 19.223659889094268 9 43
286 0 16.43018712728768 16.081330868761555 10 49
287 0 15.689903351840428 18.11460258780037 15 74
288 0 15.54595928439235 18.484288354898336 16 79
289 0 15.402015216944273 18.484288354898336 17 84
290 0 15.114127082048118 18.299445471349355 19 94
291 0 15.258071149496196 18.299445471349355 18 89
292 0 15.011309891013777 18.11460258780037 20 99
293 0 14.846802385358831 17.56007393715342 21 104
294 0 14.805675508945097 17.56007393715342 22 109
295 0 14.702858317910755 17.56007393715342 26 128
296 0 14.682294879703885 17.56007393715342 29 143
297 0 14.846802385358831 17.56007393715342 23 113
298 0 14.743985194324491 17.56007393715342 28 137
299 0 14.64116800329015 17.56007393715342 30 148
