0 0 29.36458975940777 29.390018484288355 1 1
1 0 14.476660497635205 17.744916820702404 59 291
2 0 21.262595105901706 20.88724584103512 2 9
3 0 14.558914250462676 17.744916820702404 57 281
4 0 14.497223935842074 17.744916820702404 52 256
5 0 21.262595105901706 20.88724584103512 2 9
6 0 20.069915689903354 20.70240295748614 3 14
7 0 14.66173144149702 16.081330868761555 36 177
8 0 14.51778737404894 16.45101663585952 45 222
9 0 14.497223935842074 17.375231053604438 49 241
10 0 14.53835081225581 16.45101663585952 40 197
11 0 18.9389265885256 19.223659889094268 4 19
12 0 18.198642813078347 17.929759704251385 5 24
13 0 20.069915689903354 20.70240295748614 3 14
14 0 18.9389265885256 19.223659889094268 4 19
15 0 14.558914250462676 16.635859519408502 43 212
16 0 18.198642813078347 17.929759704251385 5 24
17 0 17.766810610734115 17.375231053604438 6 29
18 0 14.53835081225581 16.45101663585952 40 197
19 0 17.170470902734937 17.005545286506468 7 35
20 0 16.676948385770103 17.005545286506468 8 40
21 0 17.766810610734115 17.375231053604438 6 29
22 0 17.170470902734937 17.005545286506468 7 35
23 0 14.826238947151966 17.005545286506468 31 152
24 0 14.723421756117622 16.820702402957487 32 157
25 0 14.702858317910755 16.820702402957487 34 167
26 0 14.846802385358831 17.005545286506468 29 141
27 0 14.558914250462676 16.635859519408502 43 212
28 0 14.51778737404894 16.45101663585952 45 222
29 0 14.558914250462676 17.744916820702404 57 281
30 0 14.497223935842074 17.375231053604438 49 241
31 0 14.51778737404894 17.744916820702404 51 251
32 0 16.409623689080817 18.299445471349355 11 55
33 0 16.203989307012133 18.484288354898336 12 60
34 0 16.53300431832202 16.820702402957487 9 45
35 0 16.676948385770103 18.484288354898336 10 50
36 0 16.142298992391527 18.299445471349355 13 65
37 0 15.977791486736582 17.56007393715342 14 70
38 0 16.676948385770103 18.484288354898336 10 50
39 0 15.977791486736582 17.56007393715342 14 70
40 0 16.409623689080817 18.299445471349355 11 55
41 0 15.854410857495374 17.56007393715342 15 75
42 0 16.676948385770103 17.005545286506468 8 40
43 0 15.854410857495374 17.56007393715342 15 75
44 0 16.53300431832202 16.820702402957487 9 45
45 0 15.731030228254165 17.375231053604438 16 80
46 0 15.731030228254165 17.375231053604438 16 80
47 0 15.936664610322845 17.375231053604438 17 84
48 0 16.203989307012133 18.484288354898336 12 60
49 0 15.936664610322845 17.375231053604438 17 84
50 0 15.587086160806088 17.190388170055453 18 90
51 0 16.142298992391527 18.299445471349355 13 65
52 0 15.587086160806088 17.190388170055453 18 90
53 0 15.607649599012955 17.005545286506468 19 95
54 0 15.607649599012955 17.005545286506468 19 95
55 0 15.525395846185482 17.005545286506468 20 100
56 0 15.237507711289327 17.005545286506468 22 109
57 0 15.114127082048118 17.005545286506468 26 128
58 0 15.278634587703063 17.005545286506468 21 105
59 0 15.175817396668723 17.005545286506468 23 114
60 0 14.929056138186306 17.005545286506468 27 131
61 0 15.525395846185482 17.005545286506468 20 100
62 0 15.278634587703063 17.005545286506468 21 105
63 0 15.237507711289327 17.005545286506468 22 109
64 0 14.723421756117622 16.820702402957487 32 157
65 0 14.846802385358831 17.005545286506468 29 141
66 0 14.826238947151966 17.005545286506468 31 152
67 0 14.702858317910755 16.820702402957487 34 167
68 0 14.702858317910755 16.820702402957487 35 172
69 0 15.175817396668723 17.005545286506468 23 114
70 0 14.949619576393172 17.005545286506468 28 136
71 0 15.299198025909932 17.005545286506468 25 123
72 0 15.114127082048118 17.005545286506468 26 128
73 0 14.702858317910755 16.820702402957487 35 172
74 0 15.114127082048118 16.820702402957487 24 119
75 0 15.114127082048118 16.820702402957487 24 119
76 0 15.299198025909932 17.005545286506468 25 123
77 0 14.51778737404894 17.744916820702404 51 251
78 0 14.497223935842074 17.744916820702404 52 256
79 0 14.929056138186306 17.005545286506468 27 131
80 0 14.949619576393172 17.005545286506468 28 136
81 0 14.66173144149702 16.081330868761555 36 177
82 0 29.36458975940777 29.390018484288355 1 1
83 0 14.476660497635205 17.744916820702404 59 291
84 0 21.262595105901706 20.88724584103512 2 9
85 0 20.069915689903354 20.70240295748614 3 14
86 0 18.9389265885256 19.223659889094268 4 19
87 0 18.198642813078347 17.929759704251385 5 24
88 0 14.53835081225581 16.45101663585952 40 197
89 0 17.766810610734115 17.375231053604438 6 29
90 0 17.170470902734937 17.005545286506468 7 35
91 0 14.558914250462676 16.635859519408502 43 212
92 0 14.51778737404894 16.45101663585952 45 222
93 0 14.558914250462676 17.744916820702404 57 281
94 0 14.497223935842074 17.375231053604438 49 241
95 0 16.676948385770103 18.484288354898336 10 50
96 0 15.977791486736582 17.56007393715342 14 70
97 0 16.409623689080817 18.299445471349355 11 55
98 0 16.676948385770103 17.005545286506468 8 40
99 0 15.854410857495374 17.56007393715342 15 75
100 0 16.53300431832202 16.820702402957487 9 45
101 0 15.731030228254165 17.375231053604438 16 80
102 0 16.203989307012133 18.484288354898336 12 60
103 0 15.936664610322845 17.375231053604438 17 84
104 0 16.142298992391527 18.299445471349355 13 65
105 0 15.587086160806088 17.190388170055453 18 90
106 0 15.607649599012955 17.005545286506468 19 95
107 0 15.525395846185482 17.005545286506468 20 100
108 0 15.278634587703063 17.005545286506468 21 105
109 0 15.237507711289327 17.005545286506468 22 109
110 0 14.723421756117622 16.820702402957487 32 157
111 0 14.846802385358831 17.005545286506468 29 141
112 0 14.826238947151966 17.005545286506468 31 152
113 0 14.702858317910755 16.820702402957487 34 167
114 0 15.175817396668723 17.005545286506468 23 114
115 0 15.114127082048118 17.005545286506468 26 128
116 0 14.702858317910755 16.820702402957487 35 172
117 0 15.114127082048118 16.820702402957487 24 119
118 0 14.51778737404894 17.744916820702404 51 251
119 0 15.299198025909932 17.005545286506468 25 123
120 0 14.497223935842074 17.744916820702404 52 256
121 0 14.929056138186306 17.005545286506468 27 131
122 0 14.949619576393172 17.005545286506468 28 136
123 0 14.66173144149702 16.081330868761555 36 177
124 0 29.36458975940777 29.390018484288355 1 1
125 0 14.476660497635205 17.744916820702404 59 291
126 0 21.262595105901706 20.88724584103512 2 9
127 0 20.069915689903354 20.70240295748614 3 14
128 0 18.9389265885256 19.223659889094268 4 19
129 0 18.198642813078347 17.929759704251385 5 24
130 0 14.53835081225581 16.45101663585952 40 197
131 0 17.766810610734115 17.375231053604438 6 29
132 0 17.170470902734937 17.005545286506468 7 35
133 0 14.558914250462676 16.635859519408502 43 212
134 0 14.51778737404894 16.45101663585952 45 222
135 0 14.558914250462676 17.744916820702404 57 281
136 0 14.497223935842074 17.375231053604438 49 241
137 0 16.676948385770103 18.484288354898336 10 50
138 0 15.977791486736582 17.56007393715342 14 70
139 0 16.409623689080817 18.299445471349355 11 55
140 0 16.676948385770103 17.005545286506468 8 40
141 0 15.854410857495374 17.56007393715342 15 75
142 0 16.53300431832202 16.820702402957487 9 45
143 0 15.731030228254165 17.375231053604438 16 80
144 0 16.203989307012133 18.484288354898336 12 60
145 0 15.936664610322845 17.375231053604438 17 84
146 0 16.142298992391527 18.299445471349355 13 65
147 0 15.587086160806088 17.190388170055453 18 90
148 0 15.607649599012955 17.005545286506468 19 95
149 0 15.525395846185482 17.005545286506468 20 100
150 0 29.446843512235244 29.390018484288355 1 5
151 0 13.61299609294674 15.89648798521257 39 192
152 0 21.34484885872918 22.36598890942699 2 10
153 0 20.21385975735143 20.88724584103512 3 14
154 0 18.239769689492082 19.038817005545287 4 19
155 0 21.34484885872918 22.36598890942699 2 10
156 0 18.239769689492082 19.038817005545287 4 19
157 0 20.21385975735143 20.88724584103512 3 14
158 0 17.1293440263212 16.820702402957487 5 24
159 0 17.1293440263212 16.820702402957487 5 24
160 0 16.491877441908287 16.45101663585952 6 29
161 0 14.250462677359653 15.526802218114602 18 87
162 0 14.29158955377339 15.89648798521257 20 97
163 0 13.715813283981081 15.89648798521257 36 177
164 0 13.551305778326137 15.89648798521257 38 187
165 0 16.491877441908287 16.45101663585952 6 29
166 0 16.162862430598395 16.635859519408502 7 34
167 0 14.97018301460004 14.972273567467653 10 49
168 0 14.66173144149702 16.081330868761555 11 53
169 0 16.162862430598395 16.635859519408502 7 34
170 0 15.731030228254165 16.635859519408502 9 42
171 0 14.97018301460004 14.972273567467653 10 49
172 0 15.91610117211598 17.005545286506468 8 37
173 0 14.497223935842074 16.081330868761555 12 58
174 0 14.312152991980259 15.341959334565619 13 64
175 0 14.66173144149702 16.081330868761555 11 53
176 0 14.497223935842074 16.081330868761555 12 58
177 0 15.91610117211598 17.005545286506468 8 37
178 0 15.731030228254165 16.635859519408502 9 42
179 0 14.373843306600865 15.89648798521257 17 84
180 0 14.312152991980259 15.341959334565619 13 64
181 0 14.373843306600865 15.89648798521257 16 79
182 0 14.373843306600865 15.89648798521257 17 84
183 0 14.51778737404894 16.266173752310536 14 69
184 0 14.51778737404894 16.266173752310536 14 69
185 0 14.476660497635205 16.266173752310536 15 73
186 0 13.962574542463498 14.232902033271719 21 104
187 0 14.476660497635205 16.266173752310536 15 73
188 0 14.373843306600865 15.89648798521257 16 79
189 0 14.250462677359653 15.526802218114602 18 87
190 0 13.715813283981081 15.89648798521257 36 177
191 0 13.962574542463498 14.232902033271719 21 104
192 0 13.880320789636027 14.972273567467653 28 138
193 0 13.900884227842894 14.417744916820702 22 107
194 0 13.839193913222292 14.602587800369685 23 112
195 0 13.859757351429158 14.78743068391867 29 142
196 0 13.715813283981081 15.89648798521257 35 172
197 0 13.839193913222292 14.602587800369685 23 112
198 0 13.859757351429158 14.78743068391867 29 142
199 0 13.551305778326137 15.89648798521257 38 187
200 0 13.900884227842894 14.417744916820702 22 107
201 0 13.756940160394818 14.78743068391867 30 148
202 0 14.29158955377339 15.89648798521257 20 97
203 0 13.839193913222292 14.602587800369685 24 117
204 0 13.839193913222292 14.602587800369685 24 117
205 0 13.818630475015423 14.417744916820702 25 122
206 0 13.818630475015423 14.417744916820702 25 122
207 0 13.715813283981081 14.78743068391867 31 153
208 0 13.592432654739872 14.78743068391867 34 167
209 0 13.798067036808554 14.417744916820702 26 127
210 0 13.715813283981081 15.89648798521257 35 172
211 0 13.798067036808554 14.417744916820702 26 127
212 0 13.715813283981081 14.78743068391867 32 158
213 0 13.777503598601687 14.417744916820702 27 132
214 0 13.756940160394818 14.78743068391867 30 148
215 0 13.777503598601687 14.417744916820702 27 132
216 0 13.715813283981081 14.78743068391867 32 158
217 0 13.695249845774212 14.78743068391867 33 162
218 0 13.592432654739872 14.78743068391867 34 167
219 0 13.880320789636027 14.972273567467653 28 138
220 0 13.695249845774212 14.78743068391867 33 162
221 0 13.715813283981081 14.78743068391867 31 153
222 0 29.40571663582151 29.390018484288355 1 3
223 0 13.61299609294674 15.89648798521257 39 192
224 0 21.34484885872918 22.36598890942699 2 10
225 0 18.239769689492082 19.038817005545287 4 19
226 0 20.21385975735143 20.88724584103512 3 14
227 0 17.1293440263212 16.820702402957487 5 24
228 0 16.491877441908287 16.45101663585952 6 29
229 0 16.162862430598395 16.635859519408502 7 34
230 0 14.97018301460004 14.972273567467653 10 49
231 0 14.66173144149702 16.081330868761555 11 53
232 0 14.497223935842074 16.081330868761555 12 58
233 0 15.91610117211598 17.005545286506468 8 37
234 0 15.731030228254165 16.635859519408502 9 42
235 0 14.312152991980259 15.341959334565619 13 64
236 0 14.373843306600865 15.89648798521257 17 84
237 0 14.51778737404894 16.266173752310536 14 69
238 0 14.476660497635205 16.266173752310536 15 73
239 0 14.373843306600865 15.89648798521257 16 79
240 0 14.250462677359653 15.526802218114602 18 87
241 0 13.715813283981081 15.89648798521257 36 177
242 0 13.962574542463498 14.232902033271719 21 104
243 0 13.859757351429158 14.78743068391867 29 142
244 0 13.551305778326137 15.89648798521257 38 187
245 0 13.900884227842894 14.417744916820702 22 107
246 0 13.839193913222292 14.602587800369685 23 112
247 0 14.29158955377339 15.89648798521257 20 97
248 0 13.839193913222292 14.602587800369685 24 117
249 0 13.818630475015423 14.417744916820702 25 122
250 0 13.798067036808554 14.417744916820702 26 127
251 0 13.715813283981081 15.89648798521257 35 172
252 0 13.756940160394818 14.78743068391867 30 148
253 0 13.715813283981081 14.78743068391867 32 158
254 0 13.777503598601687 14.417744916820702 27 132
255 0 13.715813283981081 14.78743068391867 31 153
256 0 13.880320789636027 14.972273567467653 28 138
257 0 13.695249845774212 14.78743068391867 33 162
258 0 13.592432654739872 14.78743068391867 34 167
259 0 29.38515319761464 29.390018484288355 1 3
260 0 13.61299609294674 15.89648798521257 39 192
261 0 21.34484885872918 22.36598890942699 2 10
262 0 18.239769689492082 19.038817005545287 4 19
263 0 20.21385975735143 20.88724584103512 3 14
264 0 17.1293440263212 16.820702402957487 5 24
265 0 16.491877441908287 16.45101663585952 6 29
266 0 16.162862430598395 16.635859519408502 7 34
267 0 14.97018301460004 14.972273567467653 10 49
268 0 14.66173144149702 16.081330868761555 11 53
269 0 14.497223935842074 16.081330868761555 12 58
270 0 15.91610117211598 17.005545286506468 8 37
271 0 15.731030228254165 16.635859519408502 9 42
272 0 14.312152991980259 15.341959334565619 13 64
273 0 14.373843306600865 15.89648798521257 17 84
274 0 14.51778737404894 16.266173752310536 14 69
275 0 14.476660497635205 16.266173752310536 15 73
276 0 14.373843306600865 15.89648798521257 16 79
277 0 14.250462677359653 15.526802218114602 18 87
278 0 13.715813283981081 15.89648798521257 36 177
279 0 13.962574542463498 14.232902033271719 21 104
280 0 13.900884227842894 14.417744916820702 22 107
281 0 13.839193913222292 14.602587800369685 23 112
282 0 14.29158955377339 15.89648798521257 20 97
283 0 13.551305778326137 15.89648798521257 38 187
284 0 13.859757351429158 14.78743068391867 29 142
285 0 13.839193913222292 14.602587800369685 24 117
286 0 13.818630475015423 14.417744916820702 25 122
287 0 13.798067036808554 14.417744916820702 26 127
288 0 13.715813283981081 15.89648798521257 35 172
289 0 13.756940160394818 14.78743068391867 30 148
290 0 13.715813283981081 14.78743068391867 32 158
291 0 13.777503598601687 14.417744916820702 27 132
292 0 13.715813283981081 14.78743068391867 31 153
293 0 13.592432654739872 14.78743068391867 34 167
294 0 13.695249845774212 14.78743068391867 33 162
295 0 13.880320789636027 14.972273567467653 28 138
296 0 29.38515319761464 29.390018484288355 1 3
297 0 13.61299609294674 15.89648798521257 39 192
298 0 21.34484885872918 22.36598890942699 2 10
299 0 18.239769689492082 19.038817005545287 4 19
