0 0 29.379111842105267 29.259259259259256 1 4
1 0 12.870065789473683 14.25925925925926 57 277
2 0 21.443256578947366 24.074074074074073 2 9
3 0 12.952302631578947 14.074074074074074 49 239
4 0 21.443256578947366 24.074074074074073 2 9
5 0 20.086348684210524 23.14814814814815 3 13
6 0 20.086348684210524 23.14814814814815 3 13
7 0 18.996710526315788 21.11111111111111 4 18
8 0 18.996710526315788 21.11111111111111 4 18
9 0 17.804276315789476 21.11111111111111 5 21
10 0 17.804276315789476 21.11111111111111 5 21
11 0 17.372532894736842 20.925925925925924 6 26
12 0 17.372532894736842 20.925925925925924 6 26
13 0 17.125822368421055 20.185185185185187 7 31
14 0 13.363486842105262 14.444444444444443 33 162
15 0 13.322368421052634 14.444444444444443 35 171
16 0 13.363486842105262 14.444444444444443 33 162
17 0 13.425164473684212 14.444444444444443 31 153
18 0 17.125822368421055 20.185185185185187 7 31
19 0 16.69407894736842 19.62962962962963 8 35
20 0 13.013980263157896 14.074074074074074 47 230
21 0 13.322368421052634 14.25925925925926 39 190
22 0 13.219572368421053 14.25925925925926 41 199
23 0 13.034539473684212 14.074074074074074 45 220
24 0 13.075657894736842 14.074074074074074 43 210
25 0 13.034539473684212 14.074074074074074 45 220
26 0 15.378289473684212 14.444444444444443 12 57
27 0 15.563322368421053 15.74074074074074 13 63
28 0 15.563322368421053 15.74074074074074 13 63
29 0 15.357730263157896 15.925925925925927 14 68
30 0 15.357730263157896 15.925925925925927 14 68
31 0 14.782072368421053 16.11111111111111 18 88
32 0 14.514802631578947 15.185185185185185 19 93
33 0 15.193256578947366 16.11111111111111 15 73
34 0 15.193256578947366 16.11111111111111 15 73
35 0 14.987664473684212 15.74074074074074 16 78
36 0 16.69407894736842 19.62962962962963 8 35
37 0 14.884868421052634 15.925925925925927 17 83
38 0 16.529605263157894 19.62962962962963 9 40
39 0 14.782072368421053 16.11111111111111 18 88
40 0 14.987664473684212 15.74074074074074 16 78
41 0 16.11842105263158 19.074074074074073 11 50
42 0 14.884868421052634 15.925925925925927 17 83
43 0 15.378289473684212 14.444444444444443 12 57
44 0 14.514802631578947 15.185185185185185 19 93
45 0 14.370888157894738 15.0 20 98
46 0 16.30345394736842 19.25925925925926 10 45
47 0 16.11842105263158 19.074074074074073 11 50
48 0 14.370888157894738 15.0 20 98
49 0 14.350328947368421 15.185185185185185 21 103
50 0 14.350328947368421 15.185185185185185 21 103
51 0 14.206414473684212 14.814814814814813 22 108
52 0 14.206414473684212 14.814814814814813 22 108
53 0 14.185855263157896 15.0 23 113
54 0 16.529605263157894 19.62962962962963 9 40
55 0 16.30345394736842 19.25925925925926 10 45
56 0 13.425164473684212 14.444444444444443 31 153
57 0 14.185855263157896 15.0 23 113
58 0 13.856907894736842 14.814814814814813 27 132
59 0 14.103618421052634 15.0 24 117
60 0 14.103618421052634 15.0 24 117
61 0 13.918585526315788 15.0 25 123
62 0 13.610197368421053 15.185185185185185 28 138
63 0 13.918585526315788 15.0 25 123
64 0 13.404605263157896 14.444444444444443 36 175
65 0 13.671875 15.0 26 128
66 0 13.610197368421053 15.185185185185185 28 138
67 0 13.527960526315788 15.185185185185185 30 147
68 0 13.322368421052634 14.444444444444443 35 171
69 0 13.569078947368421 15.185185185185185 29 142
70 0 13.671875 15.0 26 128
71 0 13.384046052631579 14.444444444444443 37 179
72 0 13.856907894736842 14.814814814814813 27 132
73 0 13.363486842105262 14.25925925925926 38 185
74 0 13.363486842105262 14.25925925925926 38 185
75 0 12.972861842105262 14.074074074074074 48 235
76 0 12.952302631578947 14.074074074074074 49 239
77 0 13.075657894736842 14.074074074074074 43 210
78 0 13.404605263157896 14.444444444444443 36 175
79 0 13.199013157894738 14.25925925925926 42 204
80 0 13.199013157894738 14.25925925925926 42 204
81 0 13.384046052631579 14.444444444444443 37 179
82 0 13.322368421052634 14.25925925925926 39 190
83 0 13.569078947368421 15.185185185185185 29 142
84 0 12.972861842105262 14.074074074074074 48 235
85 0 13.013980263157896 14.074074074074074 47 230
86 0 13.219572368421053 14.25925925925926 41 199
87 0 13.527960526315788 15.185185185185185 30 147
88 0 29.379111842105267 29.259259259259256 1 3
89 0 12.870065789473683 14.25925925925926 57 277
90 0 21.443256578947366 24.074074074074073 2 9
91 0 20.086348684210524 23.14814814814815 3 13
92 0 18.996710526315788 21.11111111111111 4 18
93 0 17.804276315789476 21.11111111111111 5 21
94 0 17.372532894736842 20.925925925925924 6 26
95 0 13.363486842105262 14.444444444444443 33 162
96 0 17.125822368421055 20.185185185185187 7 31
97 0 13.034539473684212 14.074074074074074 45 220
98 0 15.563322368421053 15.74074074074074 13 63
99 0 15.357730263157896 15.925925925925927 14 68
100 0 15.193256578947366 16.11111111111111 15 73
101 0 16.69407894736842 19.62962962962963 8 35
102 0 14.782072368421053 16.11111111111111 18 88
103 0 14.987664473684212 15.74074074074074 16 78
104 0 14.884868421052634 15.925925925925927 17 83
105 0 15.378289473684212 14.444444444444443 12 57
106 0 14.514802631578947 15.185185185185185 19 93
107 0 16.11842105263158 19.074074074074073 11 50
108 0 14.370888157894738 15.0 20 98
109 0 14.350328947368421 15.185185185185185 21 103
110 0 14.206414473684212 14.814814814814813 22 108
111 0 16.529605263157894 19.62962962962963 9 40
112 0 16.30345394736842 19.25925925925926 10 45
113 0 13.425164473684212 14.444444444444443 31 153
114 0 14.185855263157896 15.0 23 113
115 0 14.103618421052634 15.0 24 117
116 0 13.918585526315788 15.0 25 123
117 0 13.610197368421053 15.185185185185185 28 138
118 0 13.322368421052634 14.444444444444443 35 171
119 0 13.671875 15.0 26 128
120 0 13.856907894736842 14.814814814814813 27 132
121 0 13.363486842105262 14.25925925925926 38 185
122 0 12.952302631578947 14.074074074074074 49 239
123 0 13.075657894736842 14.074074074074074 43 210
124 0 13.404605263157896 14.444444444444443 36 175
125 0 13.199013157894738 14.25925925925926 42 204
126 0 13.384046052631579 14.444444444444443 37 179
127 0 13.322368421052634 14.25925925925926 39 190
128 0 13.569078947368421 15.185185185185185 29 142
129 0 12.972861842105262 14.074074074074074 48 235
130 0 13.013980263157896 14.074074074074074 47 230
131 0 13.527960526315788 15.185185185185185 30 147
132 0 13.219572368421053 14.25925925925926 41 199
133 0 29.379111842105267 29.259259259259256 1 4
134 0 12.870065789473683 14.25925925925926 57 277
135 0 21.443256578947366 24.074074074074073 2 9
136 0 20.086348684210524 23.14814814814815 3 13
137 0 18.996710526315788 21.11111111111111 4 18
138 0 17.804276315789476 21.11111111111111 5 21
139 0 17.372532894736842 20.925925925925924 6 26
140 0 13.363486842105262 14.444444444444443 33 162
141 0 17.125822368421055 20.185185185185187 7 31
142 0 13.034539473684212 14.074074074074074 45 220
143 0 15.563322368421053 15.74074074074074 13 63
144 0 15.357730263157896 15.925925925925927 14 68
145 0 15.193256578947366 16.11111111111111 15 73
146 0 16.69407894736842 19.62962962962963 8 35
147 0 14.782072368421053 16.11111111111111 18 88
148 0 14.987664473684212 15.74074074074074 16 78
149 0 15.378289473684212 14.444444444444443 12 57
150 0 29.461348684210524 29.259259259259256 1 5
151 0 13.260690789473683 12.777777777777777 50 246
152 0 21.854440789473685 25.0 2 9
153 0 20.065789473684212 22.59259259259259 3 13
154 0 18.503289473684212 18.14814814814815 4 20
155 0 21.854440789473685 25.0 2 9
156 0 20.065789473684212 22.59259259259259 3 13
157 0 13.28125 12.962962962962962 46 226
158 0 18.503289473684212 18.14814814814815 4 20
159 0 17.763157894736842 18.51851851851852 5 25
160 0 13.507401315789474 12.777777777777777 39 192
161 0 13.589638157894738 13.703703703703704 36 179
162 0 17.763157894736842 18.51851851851852 5 25
163 0 17.002467105263158 19.25925925925926 6 30
164 0 17.002467105263158 19.25925925925926 6 30
165 0 16.30345394736842 18.14814814814815 7 35
166 0 13.589638157894738 13.148148148148147 40 198
167 0 13.404605263157896 13.88888888888889 42 208
168 0 13.28125 12.962962962962962 46 226
169 0 13.363486842105262 12.962962962962962 44 216
170 0 16.30345394736842 18.14814814814815 7 35
171 0 16.11842105263158 18.14814814814815 8 40
172 0 16.11842105263158 18.14814814814815 8 40
173 0 15.830592105263158 16.666666666666664 9 44
174 0 15.830592105263158 16.666666666666664 9 44
175 0 15.501644736842104 16.296296296296298 10 49
176 0 15.501644736842104 16.296296296296298 10 49
177 0 15.213815789473683 16.296296296296298 11 54
178 0 15.213815789473683 16.296296296296298 11 54
179 0 14.370888157894738 14.814814814814813 17 83
180 0 14.268092105263158 14.444444444444443 18 88
181 0 14.987664473684212 16.11111111111111 12 59
182 0 14.761513157894738 16.296296296296298 13 64
183 0 14.617598684210526 16.11111111111111 14 69
184 0 14.268092105263158 14.444444444444443 18 88
185 0 14.987664473684212 16.11111111111111 12 59
186 0 13.939144736842104 14.25925925925926 22 109
187 0 13.774671052631579 14.444444444444443 23 114
188 0 14.761513157894738 16.296296296296298 13 64
189 0 14.103618421052634 14.629629629629628 19 93
190 0 14.103618421052634 14.629629629629628 19 93
191 0 14.720394736842104 16.11111111111111 16 78
192 0 14.370888157894738 14.814814814814813 17 83
193 0 13.918585526315788 14.444444444444443 20 99
194 0 13.589638157894738 13.703703703703704 36 179
195 0 13.918585526315788 14.444444444444443 20 99
196 0 13.898026315789474 14.25925925925926 21 104
197 0 13.939144736842104 14.25925925925926 22 109
198 0 13.507401315789474 12.777777777777777 39 192
199 0 13.898026315789474 14.25925925925926 21 104
200 0 13.754111842105262 14.25925925925926 25 124
201 0 13.651315789473683 14.074074074074074 26 129
202 0 14.617598684210526 16.11111111111111 14 69
203 0 14.638157894736842 16.296296296296298 15 74
204 0 14.638157894736842 16.296296296296298 15 74
205 0 14.720394736842104 16.11111111111111 16 78
206 0 13.795230263157896 14.25925925925926 30 149
207 0 13.712993421052634 14.25925925925926 31 154
208 0 13.774671052631579 14.444444444444443 23 114
209 0 13.589638157894738 13.518518518518519 34 169
210 0 13.815789473684212 13.703703703703704 28 139
211 0 13.630756578947366 13.518518518518519 33 164
212 0 13.589638157894738 13.518518518518519 34 169
213 0 13.733552631578947 14.25925925925926 24 119
214 0 13.466282894736842 13.703703703703704 35 174
215 0 13.712993421052634 13.703703703703704 29 144
216 0 13.815789473684212 13.703703703703704 27 134
217 0 13.815789473684212 13.703703703703704 28 139
218 0 13.486842105263158 13.333333333333334 43 212
219 0 13.651315789473683 14.074074074074074 26 129
220 0 13.815789473684212 13.703703703703704 27 134
221 0 13.589638157894738 13.148148148148147 40 198
222 0 13.733552631578947 14.25925925925926 24 119
223 0 13.486842105263158 13.333333333333334 43 212
224 0 13.651315789473683 13.518518518518519 32 159
225 0 13.630756578947366 13.518518518518519 33 164
226 0 13.754111842105262 14.25925925925926 25 124
227 0 13.404605263157896 13.88888888888889 42 208
228 0 13.363486842105262 12.962962962962962 44 216
229 0 13.712993421052634 14.25925925925926 31 154
230 0 13.466282894736842 13.703703703703704 35 174
231 0 13.712993421052634 13.703703703703704 29 144
232 0 13.795230263157896 14.25925925925926 30 149
233 0 13.651315789473683 13.518518518518519 32 159
234 0 29.461348684210524 29.259259259259256 1 5
235 0 13.260690789473683 12.777777777777777 50 246
236 0 21.854440789473685 25.0 2 9
237 0 20.065789473684212 22.59259259259259 3 13
238 0 18.503289473684212 18.14814814814815 4 20
239 0 17.763157894736842 18.51851851851852 5 25
240 0 17.002467105263158 19.25925925925926 6 30
241 0 13.28125 12.962962962962962 46 226
242 0 16.30345394736842 18.14814814814815 7 35
243 0 16.11842105263158 18.14814814814815 8 40
244 0 15.830592105263158 16.666666666666664 9 44
245 0 15.501644736842104 16.296296296296298 10 49
246 0 15.213815789473683 16.296296296296298 11 54
247 0 14.987664473684212 16.11111111111111 12 59
248 0 14.268092105263158 14.444444444444443 18 88
249 0 14.761513157894738 16.296296296296298 13 64
250 0 14.103618421052634 14.629629629629628 19 93
251 0 14.370888157894738 14.814814814814813 17 83
252 0 13.589638157894738 13.703703703703704 36 179
253 0 13.918585526315788 14.444444444444443 20 99
254 0 13.507401315789474 12.777777777777777 39 192
255 0 13.898026315789474 14.25925925925926 21 104
256 0 13.939144736842104 14.25925925925926 22 109
257 0 14.617598684210526 16.11111111111111 14 69
258 0 14.638157894736842 16.296296296296298 15 74
259 0 14.720394736842104 16.11111111111111 16 78
260 0 13.774671052631579 14.444444444444443 23 114
261 0 13.589638157894738 13.518518518518519 34 169
262 0 13.815789473684212 13.703703703703704 28 139
263 0 13.651315789473683 14.074074074074074 26 129
264 0 13.815789473684212 13.703703703703704 27 134
265 0 13.589638157894738 13.148148148148147 40 198
266 0 13.733552631578947 14.25925925925926 24 119
267 0 13.486842105263158 13.333333333333334 43 212
268 0 13.754111842105262 14.25925925925926 25 124
269 0 13.404605263157896 13.88888888888889 42 208
270 0 13.630756578947366 13.518518518518519 33 164
271 0 13.363486842105262 12.962962962962962 44 216
272 0 13.712993421052634 14.25925925925926 31 154
273 0 13.466282894736842 13.703703703703704 35 174
274 0 13.712993421052634 13.703703703703704 29 144
275 0 13.651315789473683 13.518518518518519 32 159
276 0 13.795230263157896 14.25925925925926 30 149
277 0 29.44078947368421 29.259259259259256 1 5
278 0 13.260690789473683 12.777777777777777 50 246
279 0 21.854440789473685 25.0 2 9
280 0 20.065789473684212 22.59259259259259 3 13
281 0 18.503289473684212 18.14814814814815 4 20
282 0 17.763157894736842 18.51851851851852 5 25
283 0 17.002467105263158 19.25925925925926 6 30
284 0 13.28125 12.962962962962962 46 226
285 0 16.30345394736842 18.14814814814815 7 35
286 0 16.11842105263158 18.14814814814815 8 40
287 0 15.830592105263158 16.666666666666664 9 44
288 0 15.501644736842104 16.296296296296298 10 49
289 0 15.213815789473683 16.296296296296298 11 54
290 0 14.987664473684212 16.11111111111111 12 59
291 0 14.268092105263158 14.444444444444443 18 88
292 0 14.761513157894738 16.296296296296298 13 64
293 0 14.103618421052634 14.629629629629628 19 93
294 0 14.370888157894738 14.814814814814813 17 83
295 0 13.589638157894738 13.703703703703704 36 179
296 0 13.918585526315788 14.444444444444443 20 99
297 0 13.898026315789474 14.25925925925926 21 104
298 0 13.939144736842104 14.25925925925926 22 109
299 0 13.507401315789474 12.777777777777777 39 192
