0 0 29.36458975940777 29.57486136783734 1 3
1 0 12.543697306189594 15.526802218114602 55 262
2 0 20.707382274316267 20.88724584103512 2 9
3 0 17.993008431009667 18.11460258780037 5 24
4 0 16.738638700390705 17.190388170055453 6 27
5 0 19.08287065597368 19.77818853974122 4 16
6 0 17.993008431009667 18.11460258780037 5 24
7 0 12.523133867982727 15.341959334565619 47 228
8 0 12.564260744396464 15.711645101663585 51 246
9 0 12.564260744396464 15.711645101663585 51 246
10 0 20.707382274316267 20.88724584103512 2 9
11 0 20.049352251696483 20.70240295748614 3 14
12 0 16.738638700390705 17.190388170055453 6 27
13 0 20.049352251696483 20.70240295748614 3 14
14 0 19.08287065597368 19.77818853974122 4 16
15 0 16.060045239564054 17.005545286506468 7 31
16 0 16.060045239564054 17.005545286506468 7 31
17 0 15.7721571046679 16.081330868761555 8 35
18 0 15.566522722599219 15.341959334565619 9 41
19 0 15.710466790047295 16.266173752310536 10 44
20 0 12.667077935430804 15.157116451016636 45 218
21 0 12.646514497223935 15.341959334565619 42 203
22 0 12.72876825005141 15.157116451016636 43 208
23 0 12.523133867982727 15.341959334565619 47 228
24 0 12.687641373637673 15.341959334565619 40 193
25 0 12.667077935430804 15.157116451016636 45 218
26 0 15.278634587703063 16.266173752310536 12 54
27 0 14.929056138186306 15.711645101663585 13 59
28 0 15.7721571046679 16.081330868761555 8 35
29 0 15.566522722599219 15.341959334565619 9 41
30 0 15.504832407978613 16.266173752310536 11 50
31 0 15.278634587703063 16.266173752310536 12 54
32 0 15.710466790047295 16.266173752310536 10 44
33 0 15.504832407978613 16.266173752310536 11 50
34 0 14.929056138186306 15.711645101663585 13 59
35 0 14.723421756117622 15.526802218114602 14 64
36 0 14.723421756117622 15.526802218114602 14 64
37 0 14.620604565083282 15.341959334565619 15 68
38 0 14.39440674480773 15.341959334565619 17 78
39 0 14.18877236273905 15.526802218114602 18 82
40 0 14.620604565083282 15.341959334565619 15 68
41 0 14.18877236273905 15.526802218114602 18 82
42 0 13.325107958050586 15.711645101663585 27 129
43 0 14.476660497635205 15.341959334565619 16 73
44 0 13.16060045239564 15.526802218114602 28 134
45 0 13.880320789636027 15.526802218114602 19 87
46 0 14.476660497635205 15.341959334565619 16 73
47 0 13.736376722187948 15.157116451016636 21 98
48 0 14.39440674480773 15.341959334565619 17 78
49 0 13.674686407567346 14.972273567467653 22 103
50 0 13.859757351429158 15.526802218114602 20 93
51 0 13.242854205223114 14.78743068391867 25 119
52 0 13.633559531153608 14.972273567467653 23 108
53 0 13.736376722187948 15.157116451016636 21 98
54 0 13.345671396257455 14.602587800369685 24 114
55 0 13.16060045239564 14.78743068391867 26 124
56 0 13.345671396257455 14.602587800369685 24 114
57 0 13.16060045239564 15.711645101663585 30 143
58 0 13.242854205223114 14.78743068391867 25 119
59 0 13.098910137775036 15.711645101663585 31 148
60 0 13.880320789636027 15.526802218114602 19 87
61 0 13.16060045239564 15.526802218114602 28 134
62 0 12.95496607032696 15.157116451016636 32 154
63 0 12.852148879292619 15.157116451016636 35 169
64 0 12.81102200287888 15.341959334565619 38 183
65 0 12.913839193913223 15.526802218114602 36 173
66 0 12.913839193913223 15.526802218114602 36 173
67 0 13.859757351429158 15.526802218114602 20 93
68 0 12.83158544108575 15.341959334565619 37 178
69 0 12.872712317499484 14.972273567467653 33 159
70 0 13.181163890602509 15.89648798521257 29 138
71 0 12.769895126465144 15.341959334565619 39 188
72 0 13.674686407567346 14.972273567467653 22 103
73 0 13.592432654739872 15.157116451016636 23 108
74 0 12.687641373637673 15.341959334565619 40 193
75 0 13.16060045239564 14.78743068391867 26 124
76 0 12.83158544108575 15.341959334565619 37 178
77 0 12.893275755706354 14.972273567467653 34 164
78 0 12.852148879292619 15.157116451016636 35 169
79 0 13.325107958050586 15.711645101663585 27 129
80 0 12.81102200287888 15.341959334565619 38 183
81 0 12.646514497223935 15.341959334565619 42 203
82 0 12.72876825005141 15.157116451016636 43 208
83 0 13.098910137775036 15.711645101663585 31 148
84 0 12.872712317499484 14.972273567467653 33 159
85 0 12.769895126465144 15.341959334565619 39 188
86 0 13.181163890602509 15.89648798521257 29 138
87 0 12.893275755706354 14.972273567467653 34 164
88 0 12.95496607032696 15.157116451016636 32 154
89 0 13.16060045239564 15.711645101663585 30 143
90 0 29.36458975940777 29.57486136783734 1 3
91 0 12.543697306189594 15.526802218114602 55 262
92 0 17.993008431009667 18.11460258780037 5 24
93 0 12.564260744396464 15.711645101663585 51 246
94 0 20.707382274316267 20.88724584103512 2 9
95 0 16.738638700390705 17.190388170055453 6 27
96 0 20.049352251696483 20.70240295748614 3 14
97 0 19.08287065597368 19.77818853974122 4 16
98 0 16.060045239564054 17.005545286506468 7 31
99 0 12.523133867982727 15.341959334565619 47 228
100 0 12.667077935430804 15.157116451016636 45 218
101 0 15.7721571046679 16.081330868761555 8 35
102 0 15.566522722599219 15.341959334565619 9 41
103 0 15.278634587703063 16.266173752310536 12 54
104 0 15.710466790047295 16.266173752310536 10 44
105 0 15.504832407978613 16.266173752310536 11 50
106 0 14.929056138186306 15.711645101663585 13 59
107 0 14.723421756117622 15.526802218114602 14 64
108 0 14.620604565083282 15.341959334565619 15 68
109 0 14.18877236273905 15.526802218114602 18 82
110 0 14.476660497635205 15.341959334565619 16 73
111 0 14.39440674480773 15.341959334565619 17 78
112 0 13.736376722187948 15.157116451016636 21 98
113 0 13.345671396257455 14.602587800369685 24 114
114 0 13.242854205223114 14.78743068391867 25 119
115 0 13.880320789636027 15.526802218114602 19 87
116 0 13.16060045239564 15.526802218114602 28 134
117 0 12.913839193913223 15.526802218114602 36 173
118 0 13.859757351429158 15.526802218114602 20 93
119 0 13.674686407567346 14.972273567467653 22 103
120 0 13.592432654739872 15.157116451016636 23 108
121 0 12.687641373637673 15.341959334565619 40 193
122 0 13.16060045239564 14.78743068391867 26 124
123 0 12.83158544108575 15.341959334565619 37 178
124 0 12.81102200287888 15.341959334565619 38 183
125 0 12.646514497223935 15.341959334565619 42 203
126 0 12.852148879292619 15.157116451016636 35 169
127 0 13.325107958050586 15.711645101663585 27 129
128 0 12.72876825005141 15.157116451016636 43 208
129 0 13.098910137775036 15.711645101663585 31 148
130 0 13.181163890602509 15.89648798521257 29 138
131 0 12.872712317499484 14.972273567467653 33 159
132 0 12.769895126465144 15.341959334565619 39 188
133 0 12.95496607032696 15.157116451016636 32 154
134 0 12.893275755706354 14.972273567467653 34 164
135 0 13.16060045239564 15.711645101663585 30 143
136 0 29.36458975940777 29.57486136783734 1 3
137 0 12.543697306189594 15.526802218114602 55 262
138 0 17.993008431009667 18.11460258780037 5 24
139 0 12.564260744396464 15.711645101663585 51 246
140 0 20.707382274316267 20.88724584103512 2 9
141 0 16.738638700390705 17.190388170055453 6 27
142 0 20.049352251696483 20.70240295748614 3 14
143 0 19.08287065597368 19.77818853974122 4 16
144 0 16.060045239564054 17.005545286506468 7 31
145 0 12.523133867982727 15.341959334565619 47 228
146 0 12.667077935430804 15.157116451016636 45 218
147 0 15.7721571046679 16.081330868761555 8 35
148 0 15.566522722599219 15.341959334565619 9 41
149 0 15.278634587703063 16.266173752310536 12 54
150 0 29.36458975940777 29.57486136783734 1 4
151 0 13.489615463705531 14.232902033271719 51 246
152 0 21.303721982315444 19.963031423290204 2 7
153 0 20.11104256631709 18.484288354898336 3 11
154 0 18.486530947974504 19.223659889094268 4 20
155 0 21.303721982315444 19.963031423290204 2 7
156 0 20.11104256631709 18.484288354898336 3 11
157 0 13.61299609294674 13.863216266173753 47 225
158 0 18.486530947974504 19.223659889094268 4 20
159 0 17.725683734320377 19.593345656192238 5 25
160 0 14.003701418877238 14.78743068391867 33 158
161 0 18.157515936664613 17.56007393715342 6 30
162 0 17.23216121735554 17.375231053604438 7 35
163 0 17.725683734320377 19.593345656192238 5 25
164 0 18.157515936664613 17.56007393715342 6 30
165 0 17.23216121735554 17.375231053604438 7 35
166 0 17.108780588114332 17.56007393715342 8 40
167 0 13.777503598601687 14.78743068391867 41 197
168 0 13.921447666049763 14.232902033271719 35 167
169 0 13.859757351429158 13.863216266173753 36 172
170 0 13.818630475015423 14.417744916820702 38 181
171 0 13.798067036808554 14.78743068391867 39 187
172 0 17.108780588114332 17.56007393715342 8 40
173 0 17.334978408389883 17.375231053604438 9 45
174 0 17.334978408389883 17.375231053604438 9 45
175 0 17.334978408389883 17.56007393715342 10 49
176 0 15.073000205634383 15.711645101663585 15 75
177 0 16.10117211597779 15.89648798521257 12 60
178 0 15.751593666461034 15.89648798521257 13 65
179 0 14.887929261772568 15.341959334565619 16 80
180 0 17.334978408389883 17.56007393715342 10 49
181 0 15.64877647542669 16.266173752310536 14 70
182 0 15.073000205634383 15.711645101663585 15 75
183 0 16.697511823976967 16.820702402957487 11 55
184 0 16.697511823976967 16.820702402957487 11 55
185 0 16.10117211597779 15.89648798521257 12 60
186 0 15.751593666461034 15.89648798521257 13 65
187 0 15.64877647542669 16.266173752310536 14 70
188 0 14.99074645280691 14.972273567467653 17 85
189 0 14.887929261772568 15.341959334565619 18 90
190 0 14.908492699979437 14.972273567467653 16 80
191 0 14.887929261772568 15.341959334565619 18 90
192 0 14.99074645280691 15.341959334565619 19 95
193 0 14.99074645280691 14.972273567467653 17 85
194 0 14.08595517170471 14.78743068391867 32 153
195 0 14.682294879703885 15.89648798521257 20 100
196 0 14.620604565083282 15.711645101663585 21 104
197 0 14.99074645280691 15.341959334565619 19 95
198 0 14.682294879703885 15.89648798521257 20 100
199 0 14.558914250462676 15.711645101663585 30 147
200 0 14.044828295290973 14.602587800369685 31 148
201 0 14.044828295290973 14.602587800369685 31 148
202 0 14.846802385358831 15.89648798521257 23 113
203 0 14.08595517170471 14.78743068391867 32 153
204 0 14.723421756117622 16.081330868761555 24 118
205 0 13.756940160394818 14.78743068391867 42 201
206 0 14.723421756117622 16.081330868761555 24 118
207 0 14.558914250462676 16.081330868761555 26 128
208 0 14.476660497635205 16.081330868761555 27 133
209 0 14.51778737404894 16.081330868761555 28 137
210 0 13.736376722187948 14.602587800369685 43 206
211 0 14.476660497635205 16.081330868761555 27 133
212 0 14.497223935842074 16.081330868761555 25 123
213 0 14.51778737404894 16.081330868761555 28 137
214 0 14.476660497635205 15.89648798521257 29 142
215 0 13.674686407567346 14.417744916820702 44 211
216 0 13.633559531153608 14.417744916820702 46 221
217 0 13.61299609294674 13.863216266173753 47 225
218 0 13.859757351429158 13.863216266173753 36 172
219 0 14.64116800329015 16.081330868761555 22 109
220 0 13.695249845774212 14.232902033271719 45 216
221 0 13.818630475015423 14.417744916820702 38 181
222 0 13.633559531153608 14.417744916820702 46 221
223 0 14.846802385358831 15.89648798521257 23 113
224 0 14.003701418877238 14.78743068391867 33 158
225 0 13.798067036808554 14.78743068391867 39 187
226 0 14.620604565083282 15.711645101663585 21 104
227 0 13.756940160394818 14.78743068391867 42 201
228 0 14.497223935842074 16.081330868761555 25 123
229 0 14.476660497635205 15.89648798521257 29 142
230 0 13.674686407567346 14.417744916820702 44 211
231 0 13.921447666049763 14.232902033271719 35 167
232 0 13.736376722187948 14.602587800369685 43 206
233 0 14.558914250462676 15.711645101663585 30 147
234 0 14.64116800329015 16.081330868761555 22 109
235 0 13.777503598601687 14.78743068391867 41 197
236 0 14.558914250462676 16.081330868761555 26 128
237 0 13.695249845774212 14.232902033271719 45 216
238 0 29.36458975940777 29.57486136783734 1 4
239 0 13.489615463705531 14.232902033271719 51 246
240 0 21.303721982315444 19.963031423290204 2 7
241 0 20.11104256631709 18.484288354898336 3 11
242 0 18.486530947974504 19.223659889094268 4 20
243 0 17.725683734320377 19.593345656192238 5 25
244 0 18.157515936664613 17.56007393715342 6 30
245 0 17.23216121735554 17.375231053604438 7 35
246 0 17.108780588114332 17.56007393715342 8 40
247 0 17.334978408389883 17.375231053604438 9 45
248 0 17.334978408389883 17.56007393715342 10 49
249 0 15.073000205634383 15.711645101663585 15 75
250 0 16.697511823976967 16.820702402957487 11 55
251 0 16.10117211597779 15.89648798521257 12 60
252 0 15.751593666461034 15.89648798521257 13 65
253 0 15.64877647542669 16.266173752310536 14 70
254 0 14.887929261772568 15.341959334565619 16 80
255 0 14.887929261772568 15.341959334565619 18 90
256 0 14.99074645280691 14.972273567467653 17 85
257 0 14.99074645280691 15.341959334565619 19 95
258 0 14.682294879703885 15.89648798521257 20 100
259 0 14.044828295290973 14.602587800369685 31 148
260 0 14.08595517170471 14.78743068391867 32 153
261 0 14.723421756117622 16.081330868761555 24 118
262 0 14.51778737404894 16.081330868761555 28 137
263 0 14.476660497635205 16.081330868761555 27 133
264 0 13.61299609294674 13.863216266173753 47 225
265 0 13.859757351429158 13.863216266173753 36 172
266 0 14.846802385358831 15.89648798521257 23 113
267 0 13.633559531153608 14.417744916820702 46 221
268 0 13.818630475015423 14.417744916820702 38 181
269 0 14.003701418877238 14.78743068391867 33 158
270 0 13.798067036808554 14.78743068391867 39 187
271 0 14.620604565083282 15.711645101663585 21 104
272 0 13.756940160394818 14.78743068391867 42 201
273 0 14.476660497635205 15.89648798521257 29 142
274 0 13.674686407567346 14.417744916820702 44 211
275 0 14.497223935842074 16.081330868761555 25 123
276 0 14.64116800329015 16.081330868761555 22 109
277 0 13.921447666049763 14.232902033271719 35 167
278 0 14.558914250462676 16.081330868761555 26 128
279 0 14.558914250462676 15.711645101663585 30 147
280 0 13.695249845774212 14.232902033271719 45 216
281 0 13.736376722187948 14.602587800369685 43 206
282 0 13.777503598601687 14.78743068391867 41 197
283 0 29.344026321200907 29.57486136783734 1 4
284 0 13.489615463705531 14.232902033271719 51 246
285 0 21.303721982315444 19.963031423290204 2 7
286 0 20.11104256631709 18.484288354898336 3 11
287 0 18.486530947974504 19.223659889094268 4 20
288 0 17.725683734320377 19.593345656192238 5 25
289 0 18.157515936664613 17.56007393715342 6 30
290 0 17.23216121735554 17.375231053604438 7 35
291 0 17.108780588114332 17.56007393715342 8 40
292 0 17.334978408389883 17.375231053604438 9 45
293 0 17.334978408389883 17.56007393715342 10 49
294 0 15.073000205634383 15.711645101663585 15 75
295 0 16.697511823976967 16.820702402957487 11 55
296 0 16.10117211597779 15.89648798521257 12 60
297 0 15.751593666461034 15.89648798521257 13 65
298 0 15.64877647542669 16.266173752310536 14 70
299 0 14.908492699979437 14.972273567467653 16 80
