0 0 29.35855263157895 29.629629629629626 1 2
1 0 12.890625 15.74074074074074 37 181
2 0 21.361019736842106 20.74074074074074 2 8
3 0 21.361019736842106 20.74074074074074 2 8
4 0 19.880756578947366 20.555555555555554 3 13
5 0 19.592927631578945 19.814814814814817 4 20
6 0 18.092105263157894 17.962962962962965 5 25
7 0 19.880756578947366 20.555555555555554 3 13
8 0 19.592927631578945 19.814814814814817 4 20
9 0 17.701480263157894 18.51851851851852 6 28
10 0 17.002467105263158 18.333333333333332 7 33
11 0 18.092105263157894 17.962962962962965 5 25
12 0 17.701480263157894 18.51851851851852 6 28
13 0 12.911184210526317 15.74074074074074 35 172
14 0 12.767269736842104 15.185185185185185 33 162
15 0 12.911184210526317 15.74074074074074 35 172
16 0 15.645559210526317 18.333333333333332 11 53
17 0 14.905427631578947 15.185185185185185 12 57
18 0 17.002467105263158 18.333333333333332 7 33
19 0 16.488486842105264 17.962962962962965 8 38
20 0 16.488486842105264 17.962962962962965 8 38
21 0 16.221217105263158 17.40740740740741 9 43
22 0 16.221217105263158 17.40740740740741 9 43
23 0 15.748355263157896 18.14814814814815 10 48
24 0 14.905427631578947 15.185185185185185 12 57
25 0 14.699835526315788 14.629629629629628 13 62
26 0 14.699835526315788 14.629629629629628 13 62
27 0 14.699835526315788 15.925925925925927 14 67
28 0 14.494243421052634 15.555555555555555 15 72
29 0 14.494243421052634 15.555555555555555 15 72
30 0 14.699835526315788 15.925925925925927 14 67
31 0 14.103618421052634 15.185185185185185 16 77
32 0 14.103618421052634 15.185185185185185 16 77
33 0 14.000822368421053 15.0 17 82
34 0 14.000822368421053 15.0 17 82
35 0 13.774671052631579 15.37037037037037 18 87
36 0 13.671875 15.555555555555555 19 92
37 0 13.569078947368421 15.74074074074074 20 97
38 0 15.748355263157896 18.14814814814815 10 48
39 0 15.645559210526317 18.333333333333332 11 53
40 0 13.774671052631579 15.37037037037037 18 87
41 0 13.671875 15.555555555555555 19 92
42 0 13.569078947368421 15.74074074074074 20 97
43 0 13.569078947368421 15.925925925925927 21 102
44 0 13.363486842105262 15.185185185185185 24 117
45 0 13.096217105263158 15.0 28 137
46 0 13.219572368421053 15.37037037037037 25 122
47 0 12.931743421052634 15.0 29 142
48 0 12.767269736842104 15.185185185185185 33 162
49 0 13.569078947368421 15.925925925925927 21 102
50 0 13.219572368421053 15.185185185185185 26 127
51 0 12.993421052631579 15.185185185185185 30 147
52 0 13.384046052631579 15.74074074074074 22 107
53 0 13.116776315789474 14.814814814814813 27 132
54 0 12.870065789473683 15.37037037037037 31 152
55 0 13.384046052631579 15.74074074074074 22 107
56 0 13.301809210526317 16.11111111111111 23 112
57 0 13.219572368421053 15.37037037037037 25 122
58 0 13.219572368421053 15.185185185185185 26 127
59 0 13.116776315789474 14.814814814814813 27 132
60 0 12.746710526315788 15.185185185185185 32 157
61 0 13.096217105263158 15.0 28 137
62 0 12.870065789473683 15.37037037037037 31 152
63 0 12.746710526315788 15.185185185185185 32 157
64 0 12.931743421052634 15.0 29 142
65 0 12.993421052631579 15.185185185185185 30 147
66 0 13.301809210526317 16.11111111111111 23 112
67 0 13.363486842105262 15.185185185185185 24 117
68 0 29.35855263157895 29.629629629629626 1 1
69 0 12.890625 15.74074074074074 37 181
70 0 21.361019736842106 20.74074074074074 2 8
71 0 19.880756578947366 20.555555555555554 3 13
72 0 19.592927631578945 19.814814814814817 4 20
73 0 18.092105263157894 17.962962962962965 5 25
74 0 17.701480263157894 18.51851851851852 6 28
75 0 12.911184210526317 15.74074074074074 35 172
76 0 17.002467105263158 18.333333333333332 7 33
77 0 16.488486842105264 17.962962962962965 8 38
78 0 16.221217105263158 17.40740740740741 9 43
79 0 14.905427631578947 15.185185185185185 12 57
80 0 14.699835526315788 14.629629629629628 13 62
81 0 14.699835526315788 15.925925925925927 14 67
82 0 14.494243421052634 15.555555555555555 15 72
83 0 14.103618421052634 15.185185185185185 16 77
84 0 14.000822368421053 15.0 17 82
85 0 15.748355263157896 18.14814814814815 10 48
86 0 15.645559210526317 18.333333333333332 11 53
87 0 13.774671052631579 15.37037037037037 18 87
88 0 13.671875 15.555555555555555 19 92
89 0 13.569078947368421 15.74074074074074 20 97
90 0 12.767269736842104 15.185185185185185 33 162
91 0 13.569078947368421 15.925925925925927 21 102
92 0 13.384046052631579 15.74074074074074 22 107
93 0 13.219572368421053 15.37037037037037 25 122
94 0 13.219572368421053 15.185185185185185 26 127
95 0 13.116776315789474 14.814814814814813 27 132
96 0 13.096217105263158 15.0 28 137
97 0 12.870065789473683 15.37037037037037 31 152
98 0 12.746710526315788 15.185185185185185 32 157
99 0 12.931743421052634 15.0 29 142
100 0 12.993421052631579 15.185185185185185 30 147
101 0 13.301809210526317 16.11111111111111 23 112
102 0 13.363486842105262 15.185185185185185 24 117
103 0 29.337993421052634 29.629629629629626 1 2
104 0 12.890625 15.74074074074074 37 181
105 0 21.361019736842106 20.74074074074074 2 8
106 0 19.880756578947366 20.555555555555554 3 13
107 0 19.592927631578945 19.814814814814817 4 20
108 0 18.092105263157894 17.962962962962965 5 25
109 0 17.701480263157894 18.51851851851852 6 28
110 0 12.911184210526317 15.74074074074074 35 172
111 0 17.002467105263158 18.333333333333332 7 33
112 0 16.488486842105264 17.962962962962965 8 38
113 0 16.221217105263158 17.40740740740741 9 43
114 0 14.905427631578947 15.185185185185185 12 57
115 0 14.699835526315788 14.629629629629628 13 62
116 0 14.699835526315788 15.925925925925927 14 67
117 0 14.494243421052634 15.555555555555555 15 72
118 0 14.103618421052634 15.185185185185185 16 77
119 0 14.000822368421053 15.0 17 82
120 0 15.748355263157896 18.14814814814815 10 48
121 0 15.645559210526317 18.333333333333332 11 53
122 0 13.774671052631579 15.37037037037037 18 87
123 0 13.671875 15.555555555555555 19 92
124 0 13.569078947368421 15.74074074074074 20 97
125 0 12.767269736842104 15.185185185185185 33 162
126 0 13.569078947368421 15.925925925925927 21 102
127 0 13.384046052631579 15.74074074074074 22 107
128 0 13.219572368421053 15.37037037037037 25 122
129 0 13.219572368421053 15.185185185185185 26 127
130 0 13.116776315789474 14.814814814814813 27 132
131 0 13.096217105263158 15.0 28 137
132 0 12.870065789473683 15.37037037037037 31 152
133 0 12.746710526315788 15.185185185185185 32 157
134 0 12.931743421052634 15.0 29 142
135 0 12.993421052631579 15.185185185185185 30 147
136 0 13.301809210526317 16.11111111111111 23 112
137 0 13.363486842105262 15.185185185185185 24 117
138 0 29.35855263157895 29.629629629629626 1 2
139 0 12.890625 15.74074074074074 37 181
140 0 21.361019736842106 20.74074074074074 2 8
141 0 19.880756578947366 20.555555555555554 3 13
142 0 19.592927631578945 19.814814814814817 4 20
143 0 18.092105263157894 17.962962962962965 5 25
144 0 17.701480263157894 18.51851851851852 6 28
145 0 12.911184210526317 15.74074074074074 35 172
146 0 17.002467105263158 18.333333333333332 7 33
147 0 16.488486842105264 17.962962962962965 8 38
148 0 16.221217105263158 17.40740740740741 9 43
149 0 14.905427631578947 15.185185185185185 12 57
150 0 29.379111842105267 29.629629629629626 1 4
151 0 13.918585526315788 17.22222222222222 43 206
152 0 21.052631578947366 20.37037037037037 2 8
153 0 13.939144736842104 17.037037037037038 39 186
154 0 21.052631578947366 20.37037037037037 2 8
155 0 20.106907894736842 19.814814814814817 3 14
156 0 20.106907894736842 19.814814814814817 3 14
157 0 18.46217105263158 20.185185185185187 4 17
158 0 18.46217105263158 20.185185185185187 4 17
159 0 17.886513157894736 19.25925925925926 5 22
160 0 17.886513157894736 19.25925925925926 5 22
161 0 17.47532894736842 18.88888888888889 6 27
162 0 17.47532894736842 18.88888888888889 6 27
163 0 17.064144736842106 19.25925925925926 7 31
164 0 14.165296052631579 17.22222222222222 31 146
165 0 14.432565789473683 17.037037037037038 26 122
166 0 14.124177631578947 17.22222222222222 33 156
167 0 14.083059210526317 17.22222222222222 35 164
168 0 14.124177631578947 17.59259259259259 38 180
169 0 14.021381578947366 17.037037037037038 36 172
170 0 14.350328947368421 17.59259259259259 28 132
171 0 14.124177631578947 17.22222222222222 33 156
172 0 17.064144736842106 19.25925925925926 7 31
173 0 16.426809210526315 17.962962962962965 8 36
174 0 16.200657894736842 17.962962962962965 9 41
175 0 16.344572368421055 17.962962962962965 10 46
176 0 16.344572368421055 17.962962962962965 10 46
177 0 15.953947368421053 17.962962962962965 11 49
178 0 16.426809210526315 17.962962962962965 8 36
179 0 15.481085526315788 17.59259259259259 14 64
180 0 15.152138157894738 17.77777777777778 16 74
181 0 16.200657894736842 17.962962962962965 9 41
182 0 15.008223684210526 16.85185185185185 17 79
183 0 15.234375 17.037037037037038 15 69
184 0 15.953947368421053 17.962962962962965 11 49
185 0 15.830592105263158 17.77777777777778 12 53
186 0 15.008223684210526 16.85185185185185 17 79
187 0 15.830592105263158 17.77777777777778 12 53
188 0 15.707236842105262 18.14814814814815 13 58
189 0 14.905427631578947 17.037037037037038 18 84
190 0 15.234375 17.037037037037038 15 69
191 0 15.707236842105262 18.14814814814815 13 58
192 0 14.309210526315788 17.59259259259259 30 142
193 0 15.481085526315788 17.59259259259259 14 64
194 0 15.152138157894738 17.77777777777778 16 74
195 0 14.370888157894738 16.296296296296298 25 117
196 0 14.802631578947366 17.037037037037038 19 88
197 0 14.740953947368421 17.037037037037038 20 93
198 0 14.165296052631579 17.22222222222222 31 146
199 0 14.432565789473683 17.037037037037038 26 122
200 0 14.658717105263158 17.22222222222222 22 102
201 0 14.473684210526317 17.77777777777778 29 136
202 0 14.432565789473683 16.296296296296298 23 107
203 0 14.350328947368421 17.59259259259259 28 132
204 0 14.309210526315788 17.59259259259259 30 142
205 0 14.021381578947366 17.037037037037038 36 172
206 0 14.432565789473683 16.296296296296298 23 107
207 0 14.84375 17.77777777777778 21 97
208 0 14.412006578947366 16.296296296296298 24 112
209 0 14.370888157894738 16.296296296296298 25 117
210 0 14.124177631578947 17.59259259259259 38 181
211 0 14.658717105263158 17.22222222222222 22 102
212 0 14.473684210526317 17.77777777777778 29 136
213 0 14.412006578947366 16.296296296296298 24 112
214 0 14.740953947368421 17.037037037037038 20 93
215 0 14.84375 17.77777777777778 21 97
216 0 13.939144736842104 17.037037037037038 39 186
217 0 14.905427631578947 17.037037037037038 18 84
218 0 14.802631578947366 17.037037037037038 19 88
219 0 14.083059210526317 17.22222222222222 35 164
220 0 29.35855263157895 29.629629629629626 1 3
221 0 13.918585526315788 17.22222222222222 43 206
222 0 21.052631578947366 20.37037037037037 2 8
223 0 20.106907894736842 19.814814814814817 3 14
224 0 18.46217105263158 20.185185185185187 4 17
225 0 17.886513157894736 19.25925925925926 5 22
226 0 17.47532894736842 18.88888888888889 6 27
227 0 14.124177631578947 17.22222222222222 33 156
228 0 17.064144736842106 19.25925925925926 7 31
229 0 16.344572368421055 17.962962962962965 10 46
230 0 16.426809210526315 17.962962962962965 8 36
231 0 16.200657894736842 17.962962962962965 9 41
232 0 15.953947368421053 17.962962962962965 11 49
233 0 15.008223684210526 16.85185185185185 17 79
234 0 15.830592105263158 17.77777777777778 12 53
235 0 15.234375 17.037037037037038 15 69
236 0 15.707236842105262 18.14814814814815 13 58
237 0 15.152138157894738 17.77777777777778 16 74
238 0 15.481085526315788 17.59259259259259 14 64
239 0 14.165296052631579 17.22222222222222 31 146
240 0 14.432565789473683 17.037037037037038 26 122
241 0 14.350328947368421 17.59259259259259 28 132
242 0 14.309210526315788 17.59259259259259 30 142
243 0 14.021381578947366 17.037037037037038 36 172
244 0 14.432565789473683 16.296296296296298 23 107
245 0 14.370888157894738 16.296296296296298 25 117
246 0 14.124177631578947 17.59259259259259 38 180
247 0 14.412006578947366 16.296296296296298 24 112
248 0 14.658717105263158 17.22222222222222 22 102
249 0 14.473684210526317 17.77777777777778 29 136
250 0 14.740953947368421 17.037037037037038 20 93
251 0 14.84375 17.77777777777778 21 97
252 0 13.939144736842104 17.037037037037038 39 186
253 0 14.905427631578947 17.037037037037038 18 84
254 0 14.083059210526317 17.22222222222222 35 164
255 0 14.802631578947366 17.037037037037038 19 88
256 0 29.379111842105267 29.629629629629626 1 4
257 0 13.918585526315788 17.22222222222222 43 206
258 0 21.052631578947366 20.37037037037037 2 8
259 0 20.106907894736842 19.814814814814817 3 14
260 0 18.46217105263158 20.185185185185187 4 17
261 0 17.886513157894736 19.25925925925926 5 22
262 0 17.47532894736842 18.88888888888889 6 27
263 0 14.124177631578947 17.22222222222222 33 156
264 0 17.064144736842106 19.25925925925926 7 31
265 0 16.344572368421055 17.962962962962965 10 46
266 0 16.426809210526315 17.962962962962965 8 36
267 0 16.200657894736842 17.962962962962965 9 41
268 0 15.953947368421053 17.962962962962965 11 49
269 0 15.008223684210526 16.85185185185185 17 79
270 0 15.830592105263158 17.77777777777778 12 53
271 0 15.234375 17.037037037037038 15 69
272 0 15.707236842105262 18.14814814814815 13 58
273 0 15.481085526315788 17.59259259259259 14 64
274 0 15.152138157894738 17.77777777777778 16 74
275 0 14.165296052631579 17.22222222222222 31 146
276 0 14.432565789473683 17.037037037037038 26 122
277 0 14.309210526315788 17.59259259259259 30 142
278 0 14.350328947368421 17.59259259259259 28 132
279 0 14.021381578947366 17.037037037037038 36 172
280 0 14.432565789473683 16.296296296296298 23 107
281 0 14.658717105263158 17.22222222222222 22 102
282 0 14.473684210526317 17.77777777777778 29 136
283 0 14.370888157894738 16.296296296296298 25 117
284 0 14.124177631578947 17.59259259259259 38 180
285 0 14.412006578947366 16.296296296296298 24 112
286 0 14.740953947368421 17.037037037037038 20 93
287 0 14.84375 17.77777777777778 21 97
288 0 13.939144736842104 17.037037037037038 39 186
289 0 14.905427631578947 17.037037037037038 18 84
290 0 14.083059210526317 17.22222222222222 35 164
291 0 14.802631578947366 17.037037037037038 19 88
292 0 29.379111842105267 29.629629629629626 1 4
293 0 13.918585526315788 17.22222222222222 43 206
294 0 21.052631578947366 20.37037037037037 2 8
295 0 20.106907894736842 19.814814814814817 3 14
296 0 18.46217105263158 20.185185185185187 4 17
297 0 17.886513157894736 19.25925925925926 5 22
298 0 17.47532894736842 18.88888888888889 6 27
299 0 14.124177631578947 17.22222222222222 33 156
