0 0 29.35855263157895 29.444444444444446 1 2
1 0 13.651315789473683 16.85185185185185 39 190
2 0 21.237664473684212 24.814814814814813 2 8
3 0 21.237664473684212 24.814814814814813 2 8
4 0 19.449013157894736 21.48148148148148 3 13
5 0 18.729440789473685 22.407407407407405 4 18
6 0 17.783717105263158 19.444444444444446 5 23
7 0 19.449013157894736 21.48148148148148 3 13
8 0 18.729440789473685 22.407407407407405 4 18
9 0 16.920230263157894 19.62962962962963 7 34
10 0 16.324013157894736 18.88888888888889 8 39
11 0 17.619243421052634 19.62962962962963 6 27
12 0 16.920230263157894 19.62962962962963 7 34
13 0 13.692434210526317 16.85185185185185 35 170
14 0 13.671875 16.85185185185185 37 180
15 0 13.671875 16.85185185185185 37 180
16 0 17.783717105263158 19.444444444444446 5 23
17 0 17.619243421052634 19.62962962962963 6 27
18 0 15.892269736842104 17.77777777777778 10 49
19 0 15.727796052631579 17.40740740740741 11 52
20 0 16.11842105263158 18.14814814814815 9 44
21 0 15.892269736842104 17.77777777777778 10 49
22 0 16.324013157894736 18.88888888888889 8 39
23 0 16.11842105263158 18.14814814814815 9 44
24 0 15.501644736842104 17.22222222222222 12 57
25 0 15.357730263157896 16.85185185185185 13 62
26 0 15.727796052631579 17.40740740740741 11 52
27 0 15.501644736842104 17.22222222222222 12 57
28 0 15.357730263157896 16.85185185185185 13 62
29 0 15.028782894736842 17.037037037037038 14 67
30 0 15.028782894736842 17.037037037037038 14 67
31 0 14.84375 16.666666666666664 15 72
32 0 14.84375 16.666666666666664 15 72
33 0 14.740953947368421 17.40740740740741 17 83
34 0 14.514802631578947 17.22222222222222 20 98
35 0 14.658717105263158 17.40740740740741 18 88
36 0 14.268092105263158 17.22222222222222 21 103
37 0 14.761513157894738 16.85185185185185 16 77
38 0 14.761513157894738 16.85185185185185 16 77
39 0 14.268092105263158 17.22222222222222 21 103
40 0 14.658717105263158 17.40740740740741 18 88
41 0 14.597039473684212 17.40740740740741 19 93
42 0 14.0625 17.037037037037038 24 118
43 0 14.740953947368421 17.40740740740741 17 83
44 0 14.597039473684212 17.40740740740741 19 93
45 0 14.514802631578947 17.22222222222222 20 98
46 0 14.309210526315788 16.85185185185185 22 106
47 0 14.206414473684212 16.85185185185185 25 121
48 0 13.774671052631579 17.037037037037038 32 155
49 0 13.712993421052634 17.037037037037038 33 160
50 0 13.856907894736842 16.85185185185185 28 137
51 0 13.836348684210526 16.85185185185185 29 141
52 0 13.836348684210526 16.85185185185185 29 141
53 0 13.795230263157896 16.85185185185185 30 146
54 0 14.309210526315788 16.85185185185185 22 106
55 0 14.206414473684212 16.85185185185185 25 121
56 0 13.877467105263158 16.85185185185185 27 132
57 0 14.144736842105262 16.85185185185185 26 126
58 0 14.247532894736842 16.85185185185185 23 111
59 0 13.856907894736842 16.85185185185185 28 137
60 0 13.692434210526317 16.85185185185185 35 170
61 0 13.795230263157896 16.85185185185185 30 146
62 0 14.144736842105262 16.85185185185185 26 126
63 0 14.247532894736842 16.85185185185185 23 111
64 0 13.712993421052634 17.037037037037038 34 165
65 0 14.0625 17.037037037037038 24 118
66 0 13.754111842105262 16.85185185185185 31 151
67 0 13.877467105263158 16.85185185185185 27 132
68 0 13.712993421052634 17.037037037037038 33 160
69 0 13.754111842105262 16.85185185185185 31 151
70 0 13.712993421052634 17.037037037037038 34 165
71 0 13.774671052631579 17.037037037037038 32 155
72 0 29.35855263157895 29.444444444444446 1 2
73 0 13.651315789473683 16.85185185185185 39 190
74 0 21.237664473684212 24.814814814814813 2 8
75 0 19.449013157894736 21.48148148148148 3 13
76 0 18.729440789473685 22.407407407407405 4 18
77 0 16.920230263157894 19.62962962962963 7 34
78 0 13.671875 16.85185185185185 37 180
79 0 17.783717105263158 19.444444444444446 5 23
80 0 17.619243421052634 19.62962962962963 6 27
81 0 15.892269736842104 17.77777777777778 10 49
82 0 16.324013157894736 18.88888888888889 8 39
83 0 16.11842105263158 18.14814814814815 9 44
84 0 15.727796052631579 17.40740740740741 11 52
85 0 15.501644736842104 17.22222222222222 12 57
86 0 15.357730263157896 16.85185185185185 13 62
87 0 15.028782894736842 17.037037037037038 14 67
88 0 14.84375 16.666666666666664 15 72
89 0 14.268092105263158 17.22222222222222 21 103
90 0 14.761513157894738 16.85185185185185 16 77
91 0 14.658717105263158 17.40740740740741 18 88
92 0 14.597039473684212 17.40740740740741 19 93
93 0 14.514802631578947 17.22222222222222 20 98
94 0 14.740953947368421 17.40740740740741 17 83
95 0 13.836348684210526 16.85185185185185 29 141
96 0 14.206414473684212 16.85185185185185 25 121
97 0 14.309210526315788 16.85185185185185 22 106
98 0 13.856907894736842 16.85185185185185 28 137
99 0 13.692434210526317 16.85185185185185 35 170
100 0 13.795230263157896 16.85185185185185 30 146
101 0 14.247532894736842 16.85185185185185 23 111
102 0 14.144736842105262 16.85185185185185 26 126
103 0 14.0625 17.037037037037038 24 118
104 0 13.877467105263158 16.85185185185185 27 132
105 0 13.712993421052634 17.037037037037038 33 160
106 0 13.754111842105262 16.85185185185185 31 151
107 0 13.774671052631579 17.037037037037038 32 155
108 0 13.712993421052634 17.037037037037038 34 165
109 0 29.35855263157895 29.444444444444446 1 2
110 0 13.651315789473683 16.85185185185185 39 190
111 0 21.237664473684212 24.814814814814813 2 8
112 0 19.449013157894736 21.48148148148148 3 13
113 0 18.729440789473685 22.407407407407405 4 18
114 0 16.920230263157894 19.62962962962963 7 34
115 0 13.671875 16.85185185185185 37 180
116 0 17.783717105263158 19.444444444444446 5 23
117 0 17.619243421052634 19.62962962962963 6 27
118 0 15.892269736842104 17.77777777777778 10 49
119 0 16.324013157894736 18.88888888888889 8 39
120 0 16.11842105263158 18.14814814814815 9 44
121 0 15.727796052631579 17.40740740740741 11 52
122 0 15.501644736842104 17.22222222222222 12 57
123 0 15.357730263157896 16.85185185185185 13 62
124 0 15.028782894736842 17.037037037037038 14 67
125 0 14.84375 16.666666666666664 15 72
126 0 14.658717105263158 17.40740740740741 18 88
127 0 14.761513157894738 16.85185185185185 16 77
128 0 14.268092105263158 17.22222222222222 21 103
129 0 14.597039473684212 17.40740740740741 19 93
130 0 14.514802631578947 17.22222222222222 20 98
131 0 14.740953947368421 17.40740740740741 17 83
132 0 13.836348684210526 16.85185185185185 29 141
133 0 14.309210526315788 16.85185185185185 22 106
134 0 14.206414473684212 16.85185185185185 25 121
135 0 13.856907894736842 16.85185185185185 28 137
136 0 13.692434210526317 16.85185185185185 35 170
137 0 13.795230263157896 16.85185185185185 30 146
138 0 14.144736842105262 16.85185185185185 26 126
139 0 14.247532894736842 16.85185185185185 23 111
140 0 13.877467105263158 16.85185185185185 27 132
141 0 14.0625 17.037037037037038 24 118
142 0 13.712993421052634 17.037037037037038 33 160
143 0 13.754111842105262 16.85185185185185 31 151
144 0 13.712993421052634 17.037037037037038 34 165
145 0 13.774671052631579 17.037037037037038 32 155
146 0 29.35855263157895 29.444444444444446 1 2
147 0 13.651315789473683 16.85185185185185 39 190
148 0 21.237664473684212 24.814814814814813 2 8
149 0 19.449013157894736 21.48148148148148 3 13
150 0 29.399671052631575 29.259259259259256 1 3
151 0 13.240131578947366 16.296296296296298 41 204
152 0 21.546052631578945 23.51851851851852 2 9
153 0 21.546052631578945 23.51851851851852 2 9
154 0 19.736842105263158 21.11111111111111 3 14
155 0 19.736842105263158 21.11111111111111 3 14
156 0 18.030427631578945 19.444444444444446 4 20
157 0 18.030427631578945 19.444444444444446 4 20
158 0 17.310855263157894 20.37037037037037 5 25
159 0 17.310855263157894 20.37037037037037 5 25
160 0 16.796875 19.25925925925926 6 30
161 0 16.796875 19.25925925925926 6 30
162 0 16.447368421052634 19.25925925925926 7 35
163 0 13.363486842105262 16.296296296296298 31 154
164 0 13.404605263157896 16.296296296296298 32 159
165 0 13.28125 16.296296296296298 34 169
166 0 13.28125 16.296296296296298 34 169
167 0 13.425164473684212 16.48148148148148 29 144
168 0 13.240131578947366 16.48148148148148 39 194
169 0 13.301809210526317 16.48148148148148 36 179
170 0 16.447368421052634 19.25925925925926 7 35
171 0 15.974506578947366 18.88888888888889 8 40
172 0 15.974506578947366 18.88888888888889 8 40
173 0 15.686677631578947 19.814814814814817 9 44
174 0 14.864309210526317 17.77777777777778 17 84
175 0 15.419407894736842 19.25925925925926 10 49
176 0 14.905427631578947 19.444444444444446 13 64
177 0 15.131578947368421 19.25925925925926 11 54
178 0 14.617598684210526 17.59259259259259 18 89
179 0 14.638157894736842 18.88888888888889 14 69
180 0 15.686677631578947 19.814814814814817 9 44
181 0 15.131578947368421 19.25925925925926 11 54
182 0 15.049342105263158 18.14814814814815 16 79
183 0 15.419407894736842 19.25925925925926 10 49
184 0 14.864309210526317 17.77777777777778 17 84
185 0 14.864309210526317 18.703703703703702 12 59
186 0 14.617598684210526 17.59259259259259 18 89
187 0 14.864309210526317 18.703703703703702 12 59
188 0 14.905427631578947 19.444444444444446 13 64
189 0 14.288651315789474 17.59259259259259 19 94
190 0 14.576480263157896 19.074074074074073 15 74
191 0 15.049342105263158 18.14814814814815 16 79
192 0 14.288651315789474 17.59259259259259 19 94
193 0 14.226973684210526 17.59259259259259 20 99
194 0 13.898026315789474 17.037037037037038 22 110
195 0 13.795230263157896 16.666666666666664 23 114
196 0 14.638157894736842 18.88888888888889 14 69
197 0 13.733552631578947 16.296296296296298 26 129
198 0 13.466282894736842 16.48148148148148 27 134
199 0 14.576480263157896 19.074074074074073 15 74
200 0 13.425164473684212 16.48148148148148 29 144
201 0 14.226973684210526 17.59259259259259 20 99
202 0 13.795230263157896 16.666666666666664 23 114
203 0 13.363486842105262 16.296296296296298 31 154
204 0 13.712993421052634 16.296296296296298 24 119
205 0 14.185855263157896 17.59259259259259 21 104
206 0 14.185855263157896 17.59259259259259 21 104
207 0 13.712993421052634 16.296296296296298 24 119
208 0 13.898026315789474 17.037037037037038 22 110
209 0 13.651315789473683 16.48148148148148 25 124
210 0 13.28125 16.666666666666664 37 184
211 0 13.28125 16.666666666666664 38 189
212 0 13.404605263157896 16.296296296296298 32 159
213 0 13.466282894736842 16.48148148148148 27 134
214 0 13.651315789473683 16.48148148148148 25 124
215 0 13.28125 16.666666666666664 38 189
216 0 13.445723684210526 16.48148148148148 28 139
217 0 13.445723684210526 16.48148148148148 28 139
218 0 13.733552631578947 16.296296296296298 26 129
219 0 13.301809210526317 16.48148148148148 36 179
220 0 13.240131578947366 16.48148148148148 39 194
221 0 13.28125 16.666666666666664 37 184
222 0 29.420230263157894 29.259259259259256 1 3
223 0 13.240131578947366 16.296296296296298 41 204
224 0 21.546052631578945 23.51851851851852 2 9
225 0 19.736842105263158 21.11111111111111 3 14
226 0 18.030427631578945 19.444444444444446 4 20
227 0 17.310855263157894 20.37037037037037 5 25
228 0 16.796875 19.25925925925926 6 30
229 0 13.28125 16.296296296296298 34 169
230 0 16.447368421052634 19.25925925925926 7 35
231 0 15.974506578947366 18.88888888888889 8 40
232 0 15.686677631578947 19.814814814814817 9 44
233 0 15.131578947368421 19.25925925925926 11 54
234 0 15.419407894736842 19.25925925925926 10 49
235 0 14.864309210526317 17.77777777777778 17 84
236 0 14.617598684210526 17.59259259259259 18 89
237 0 14.864309210526317 18.703703703703702 12 59
238 0 14.905427631578947 19.444444444444446 13 64
239 0 15.049342105263158 18.14814814814815 16 79
240 0 14.288651315789474 17.59259259259259 19 94
241 0 14.638157894736842 18.88888888888889 14 69
242 0 14.576480263157896 19.074074074074073 15 74
243 0 13.425164473684212 16.48148148148148 29 144
244 0 14.226973684210526 17.59259259259259 20 99
245 0 13.795230263157896 16.666666666666664 23 114
246 0 13.363486842105262 16.296296296296298 31 154
247 0 13.712993421052634 16.296296296296298 24 119
248 0 14.185855263157896 17.59259259259259 21 104
249 0 13.898026315789474 17.037037037037038 22 110
250 0 13.404605263157896 16.296296296296298 32 159
251 0 13.466282894736842 16.48148148148148 27 134
252 0 13.651315789473683 16.48148148148148 25 124
253 0 13.28125 16.666666666666664 38 189
254 0 13.301809210526317 16.48148148148148 36 179
255 0 13.445723684210526 16.48148148148148 28 139
256 0 13.733552631578947 16.296296296296298 26 129
257 0 13.240131578947366 16.48148148148148 39 194
258 0 13.28125 16.666666666666664 37 184
259 0 29.399671052631575 29.259259259259256 1 3
260 0 13.240131578947366 16.296296296296298 41 204
261 0 21.546052631578945 23.51851851851852 2 9
262 0 19.736842105263158 21.11111111111111 3 14
263 0 18.030427631578945 19.444444444444446 4 20
264 0 17.310855263157894 20.37037037037037 5 25
265 0 16.796875 19.25925925925926 6 30
266 0 13.28125 16.296296296296298 34 169
267 0 16.447368421052634 19.25925925925926 7 35
268 0 15.974506578947366 18.88888888888889 8 40
269 0 15.686677631578947 19.814814814814817 9 44
270 0 15.131578947368421 19.25925925925926 11 54
271 0 15.419407894736842 19.25925925925926 10 49
272 0 14.864309210526317 17.77777777777778 17 84
273 0 14.617598684210526 17.59259259259259 18 89
274 0 14.864309210526317 18.703703703703702 12 59
275 0 14.905427631578947 19.444444444444446 13 64
276 0 15.049342105263158 18.14814814814815 16 79
277 0 14.288651315789474 17.59259259259259 19 94
278 0 14.638157894736842 18.88888888888889 14 69
279 0 14.576480263157896 19.074074074074073 15 74
280 0 13.425164473684212 16.48148148148148 29 144
281 0 14.226973684210526 17.59259259259259 20 99
282 0 13.795230263157896 16.666666666666664 23 114
283 0 13.363486842105262 16.296296296296298 31 154
284 0 14.185855263157896 17.59259259259259 21 104
285 0 13.712993421052634 16.296296296296298 24 119
286 0 13.898026315789474 17.037037037037038 22 110
287 0 13.404605263157896 16.296296296296298 32 159
288 0 13.466282894736842 16.48148148148148 27 134
289 0 13.651315789473683 16.48148148148148 25 124
290 0 13.28125 16.666666666666664 38 189
291 0 13.733552631578947 16.296296296296298 26 129
292 0 13.301809210526317 16.48148148148148 36 179
293 0 13.445723684210526 16.48148148148148 28 139
294 0 13.240131578947366 16.48148148148148 39 194
295 0 13.28125 16.666666666666664 37 184
296 0 29.399671052631575 29.444444444444446 1 3
297 0 13.240131578947366 16.296296296296298 41 204
298 0 21.546052631578945 23.51851851851852 2 9
299 0 19.736842105263158 21.11111111111111 3 14
