0 0 29.36458975940777 29.390018484288355 1 2
1 0 13.962574542463498 13.863216266173753 48 233
2 0 21.385975735142914 20.51756007393715 2 9
3 0 21.385975735142914 20.51756007393715 2 9
4 0 19.987661937075877 19.963031423290204 3 14
5 0 13.942011104256633 13.493530499075785 40 195
6 0 13.983137980670367 13.67837338262477 44 214
7 0 19.987661937075877 19.963031423290204 3 14
8 0 19.782027555007197 18.299445471349355 4 19
9 0 18.404277195147028 16.081330868761555 5 24
10 0 17.314414970183016 15.157116451016636 6 29
11 0 17.314414970183016 15.157116451016636 6 29
12 0 17.04709027349373 16.081330868761555 7 33
13 0 17.04709027349373 16.081330868761555 7 33
14 0 16.47131400370142 15.711645101663585 8 39
15 0 16.47131400370142 15.711645101663585 8 39
16 0 15.91610117211598 15.157116451016636 9 44
17 0 19.782027555007197 18.299445471349355 4 19
18 0 18.404277195147028 16.081330868761555 5 24
19 0 14.003701418877238 13.493530499075785 39 190
20 0 13.942011104256633 13.67837338262477 46 225
21 0 14.003701418877238 13.493530499075785 37 180
22 0 13.983137980670367 13.67837338262477 44 214
23 0 13.942011104256633 13.67837338262477 46 225
24 0 15.91610117211598 15.157116451016636 9 44
25 0 15.628213037219824 15.341959334565619 10 49
26 0 15.628213037219824 15.341959334565619 10 49
27 0 15.463705531564878 15.341959334565619 11 53
28 0 15.360888340530538 16.635859519408502 13 61
29 0 15.114127082048118 16.45101663585952 14 66
30 0 15.463705531564878 15.341959334565619 11 53
31 0 15.237507711289327 16.081330868761555 12 57
32 0 14.66173144149702 14.417744916820702 23 111
33 0 14.600041126876414 14.78743068391867 24 116
34 0 15.114127082048118 16.45101663585952 14 66
35 0 14.846802385358831 14.048059149722736 19 92
36 0 14.908492699979437 16.081330868761555 17 80
37 0 15.073000205634383 15.89648798521257 15 71
38 0 14.826238947151966 14.78743068391867 20 96
39 0 14.785112070738226 14.232902033271719 18 87
40 0 15.237507711289327 16.081330868761555 12 57
41 0 15.073000205634383 15.89648798521257 15 71
42 0 14.743985194324491 14.78743068391867 21 101
43 0 14.702858317910755 14.417744916820702 22 107
44 0 14.97018301460004 16.081330868761555 16 76
45 0 15.360888340530538 16.635859519408502 13 61
46 0 14.826238947151966 14.78743068391867 20 96
47 0 14.785112070738226 14.232902033271719 18 87
48 0 14.846802385358831 14.048059149722736 19 92
49 0 14.743985194324491 14.78743068391867 21 101
50 0 14.600041126876414 14.78743068391867 24 116
51 0 14.435533621221468 13.863216266173753 25 122
52 0 14.97018301460004 16.081330868761555 16 76
53 0 14.08595517170471 12.939001848428836 31 151
54 0 14.003701418877238 12.939001848428836 32 156
55 0 14.250462677359653 13.308687615526802 27 131
56 0 13.962574542463498 12.939001848428836 33 161
57 0 14.29158955377339 13.123844731977819 28 136
58 0 14.003701418877238 12.939001848428836 32 156
59 0 14.908492699979437 16.081330868761555 17 80
60 0 14.08595517170471 13.863216266173753 30 146
61 0 14.51778737404894 14.602587800369685 26 125
62 0 14.250462677359653 13.308687615526802 27 131
63 0 14.08595517170471 12.939001848428836 31 151
64 0 14.702858317910755 14.417744916820702 22 107
65 0 14.435533621221468 13.863216266173753 25 122
66 0 14.250462677359653 13.123844731977819 29 141
67 0 14.51778737404894 14.602587800369685 26 125
68 0 14.66173144149702 14.417744916820702 23 111
69 0 14.08595517170471 13.863216266173753 30 146
70 0 13.942011104256633 13.493530499075785 40 195
71 0 13.962574542463498 12.939001848428836 33 161
72 0 14.044828295290973 13.308687615526802 35 171
73 0 14.106518609911578 13.308687615526802 36 176
74 0 14.106518609911578 13.308687615526802 36 176
75 0 14.18877236273905 13.308687615526802 34 166
76 0 14.003701418877238 13.493530499075785 37 180
77 0 14.29158955377339 13.123844731977819 28 136
78 0 14.18877236273905 13.308687615526802 34 166
79 0 14.003701418877238 13.493530499075785 39 190
80 0 14.250462677359653 13.123844731977819 29 141
81 0 14.044828295290973 13.308687615526802 35 171
82 0 29.36458975940777 29.390018484288355 1 2
83 0 13.962574542463498 13.863216266173753 48 233
84 0 21.385975735142914 20.51756007393715 2 9
85 0 19.987661937075877 19.963031423290204 3 14
86 0 17.314414970183016 15.157116451016636 6 29
87 0 17.04709027349373 16.081330868761555 7 33
88 0 16.47131400370142 15.711645101663585 8 39
89 0 19.782027555007197 18.299445471349355 4 19
90 0 18.404277195147028 16.081330868761555 5 24
91 0 13.983137980670367 13.67837338262477 44 214
92 0 13.942011104256633 13.67837338262477 46 225
93 0 15.91610117211598 15.157116451016636 9 44
94 0 15.628213037219824 15.341959334565619 10 49
95 0 15.463705531564878 15.341959334565619 11 53
96 0 15.114127082048118 16.45101663585952 14 66
97 0 15.237507711289327 16.081330868761555 12 57
98 0 15.073000205634383 15.89648798521257 15 71
99 0 15.360888340530538 16.635859519408502 13 61
100 0 14.785112070738226 14.232902033271719 18 87
101 0 14.826238947151966 14.78743068391867 20 96
102 0 14.846802385358831 14.048059149722736 19 92
103 0 14.743985194324491 14.78743068391867 21 101
104 0 14.600041126876414 14.78743068391867 24 116
105 0 14.97018301460004 16.081330868761555 16 76
106 0 14.003701418877238 12.939001848428836 32 156
107 0 14.908492699979437 16.081330868761555 17 80
108 0 14.08595517170471 12.939001848428836 31 151
109 0 14.250462677359653 13.308687615526802 27 131
110 0 14.702858317910755 14.417744916820702 22 107
111 0 14.435533621221468 13.863216266173753 25 122
112 0 14.51778737404894 14.602587800369685 26 125
113 0 14.08595517170471 13.863216266173753 30 146
114 0 14.66173144149702 14.417744916820702 23 111
115 0 13.942011104256633 13.493530499075785 40 195
116 0 13.962574542463498 12.939001848428836 33 161
117 0 14.106518609911578 13.308687615526802 36 176
118 0 14.003701418877238 13.493530499075785 37 180
119 0 14.29158955377339 13.123844731977819 28 136
120 0 14.18877236273905 13.308687615526802 34 166
121 0 14.044828295290973 13.308687615526802 35 171
122 0 14.003701418877238 13.493530499075785 39 190
123 0 14.250462677359653 13.123844731977819 29 141
124 0 29.36458975940777 29.390018484288355 1 2
125 0 13.962574542463498 13.863216266173753 48 233
126 0 21.385975735142914 20.51756007393715 2 9
127 0 19.987661937075877 19.963031423290204 3 14
128 0 17.314414970183016 15.157116451016636 6 29
129 0 17.04709027349373 16.081330868761555 7 33
130 0 16.47131400370142 15.711645101663585 8 39
131 0 19.782027555007197 18.299445471349355 4 19
132 0 18.404277195147028 16.081330868761555 5 24
133 0 13.983137980670367 13.67837338262477 44 214
134 0 13.942011104256633 13.67837338262477 46 225
135 0 15.91610117211598 15.157116451016636 9 44
136 0 15.628213037219824 15.341959334565619 10 49
137 0 15.463705531564878 15.341959334565619 11 53
138 0 15.114127082048118 16.45101663585952 14 66
139 0 15.237507711289327 16.081330868761555 12 57
140 0 15.073000205634383 15.89648798521257 15 71
141 0 15.360888340530538 16.635859519408502 13 61
142 0 14.785112070738226 14.232902033271719 18 87
143 0 14.826238947151966 14.78743068391867 20 96
144 0 14.743985194324491 14.78743068391867 21 101
145 0 14.846802385358831 14.048059149722736 19 92
146 0 14.600041126876414 14.78743068391867 24 116
147 0 14.97018301460004 16.081330868761555 16 76
148 0 14.003701418877238 12.939001848428836 32 156
149 0 14.908492699979437 16.081330868761555 17 80
150 0 29.446843512235244 29.390018484288355 1 5
151 0 14.64116800329015 14.048059149722736 32 155
152 0 21.385975735142914 19.77818853974122 2 8
153 0 20.64569195969566 19.77818853974122 3 13
154 0 19.309068476249227 21.811460258780038 4 18
155 0 19.309068476249227 21.811460258780038 4 18
156 0 18.178079374871476 16.45101663585952 5 23
157 0 18.178079374871476 16.45101663585952 5 23
158 0 17.376105284803618 16.635859519408502 6 28
159 0 21.385975735142914 19.77818853974122 2 8
160 0 20.64569195969566 19.77818853974122 3 13
161 0 14.702858317910755 13.67837338262477 30 146
162 0 17.376105284803618 16.635859519408502 6 28
163 0 16.94427308245939 16.081330868761555 7 33
164 0 16.94427308245939 16.081330868761555 7 33
165 0 17.00596339707999 16.635859519408502 8 39
166 0 17.00596339707999 16.635859519408502 8 39
167 0 16.718075262183838 15.89648798521257 9 44
168 0 16.718075262183838 15.89648798521257 9 44
169 0 16.47131400370142 15.526802218114602 10 49
170 0 16.47131400370142 15.526802218114602 10 49
171 0 16.265679621632735 15.711645101663585 11 54
172 0 15.196380834875592 13.308687615526802 17 84
173 0 15.99835492494345 15.89648798521257 13 64
174 0 15.792720542874768 15.89648798521257 14 68
175 0 15.114127082048118 13.308687615526802 18 89
176 0 15.114127082048118 13.308687615526802 18 89
177 0 15.031873329220646 13.493530499075785 19 93
178 0 15.031873329220646 13.493530499075785 19 93
179 0 14.908492699979437 13.493530499075785 20 98
180 0 15.710466790047295 15.89648798521257 15 73
181 0 15.628213037219824 15.89648798521257 16 78
182 0 16.265679621632735 15.711645101663585 11 54
183 0 15.792720542874768 15.89648798521257 14 68
184 0 16.203989307012133 15.711645101663585 12 59
185 0 15.99835492494345 15.89648798521257 13 64
186 0 15.710466790047295 15.89648798521257 15 73
187 0 16.203989307012133 15.711645101663585 12 59
188 0 14.908492699979437 13.493530499075785 20 98
189 0 14.887929261772568 13.67837338262477 21 103
190 0 14.887929261772568 13.67837338262477 21 103
191 0 14.805675508945097 13.493530499075785 22 108
192 0 15.628213037219824 15.89648798521257 16 78
193 0 14.826238947151966 14.048059149722736 23 113
194 0 15.196380834875592 13.308687615526802 17 84
195 0 14.785112070738226 13.67837338262477 24 118
196 0 14.805675508945097 13.493530499075785 22 108
197 0 14.785112070738226 13.67837338262477 24 118
198 0 14.76454863253136 13.67837338262477 25 122
199 0 14.826238947151966 14.048059149722736 23 113
200 0 14.76454863253136 13.67837338262477 25 122
201 0 14.743985194324491 13.67837338262477 26 127
202 0 14.76454863253136 13.493530499075785 28 136
203 0 14.723421756117622 13.67837338262477 29 141
204 0 14.702858317910755 13.67837338262477 30 146
205 0 14.743985194324491 13.67837338262477 26 127
206 0 14.723421756117622 13.67837338262477 29 141
207 0 14.785112070738226 13.493530499075785 27 132
208 0 14.76454863253136 13.493530499075785 28 136
209 0 14.785112070738226 13.493530499075785 27 132
210 0 29.426280074028377 29.390018484288355 1 5
211 0 14.64116800329015 14.048059149722736 32 155
212 0 19.309068476249227 21.811460258780038 4 18
213 0 18.178079374871476 16.45101663585952 5 23
214 0 21.385975735142914 19.77818853974122 2 8
215 0 20.64569195969566 19.77818853974122 3 13
216 0 17.376105284803618 16.635859519408502 6 28
217 0 16.94427308245939 16.081330868761555 7 33
218 0 17.00596339707999 16.635859519408502 8 39
219 0 16.718075262183838 15.89648798521257 9 44
220 0 16.47131400370142 15.526802218114602 10 49
221 0 15.114127082048118 13.308687615526802 18 89
222 0 15.031873329220646 13.493530499075785 19 93
223 0 16.265679621632735 15.711645101663585 11 54
224 0 15.792720542874768 15.89648798521257 14 68
225 0 15.99835492494345 15.89648798521257 13 64
226 0 16.203989307012133 15.711645101663585 12 59
227 0 15.710466790047295 15.89648798521257 15 73
228 0 14.908492699979437 13.493530499075785 20 98
229 0 14.887929261772568 13.67837338262477 21 103
230 0 15.628213037219824 15.89648798521257 16 78
231 0 15.196380834875592 13.308687615526802 17 84
232 0 14.805675508945097 13.493530499075785 22 108
233 0 14.785112070738226 13.67837338262477 24 118
234 0 14.826238947151966 14.048059149722736 23 113
235 0 14.76454863253136 13.67837338262477 25 122
236 0 14.702858317910755 13.67837338262477 30 146
237 0 14.743985194324491 13.67837338262477 26 127
238 0 14.723421756117622 13.67837338262477 29 141
239 0 14.785112070738226 13.493530499075785 27 132
240 0 14.76454863253136 13.493530499075785 28 136
241 0 29.446843512235244 29.390018484288355 1 5
242 0 14.64116800329015 14.048059149722736 32 155
243 0 19.309068476249227 21.811460258780038 4 18
244 0 18.178079374871476 16.45101663585952 5 23
245 0 21.385975735142914 19.77818853974122 2 8
246 0 20.64569195969566 19.77818853974122 3 13
247 0 17.376105284803618 16.635859519408502 6 28
248 0 16.94427308245939 16.081330868761555 7 33
249 0 17.00596339707999 16.635859519408502 8 39
250 0 16.718075262183838 15.89648798521257 9 44
251 0 16.47131400370142 15.526802218114602 10 49
252 0 15.114127082048118 13.308687615526802 18 89
253 0 15.031873329220646 13.493530499075785 19 93
254 0 16.265679621632735 15.711645101663585 11 54
255 0 15.792720542874768 15.89648798521257 14 68
256 0 16.203989307012133 15.711645101663585 12 59
257 0 15.710466790047295 15.89648798521257 15 73
258 0 15.99835492494345 15.89648798521257 13 64
259 0 14.908492699979437 13.493530499075785 20 98
260 0 14.887929261772568 13.67837338262477 21 103
261 0 15.628213037219824 15.89648798521257 16 78
262 0 15.196380834875592 13.308687615526802 17 84
263 0 14.805675508945097 13.493530499075785 22 108
264 0 14.785112070738226 13.67837338262477 24 118
265 0 14.826238947151966 14.048059149722736 23 113
266 0 14.76454863253136 13.67837338262477 25 122
267 0 14.702858317910755 13.67837338262477 30 146
268 0 14.743985194324491 13.67837338262477 26 127
269 0 14.723421756117622 13.67837338262477 29 141
270 0 14.785112070738226 13.493530499075785 27 132
271 0 14.76454863253136 13.493530499075785 28 136
272 0 29.426280074028377 29.390018484288355 1 5
273 0 14.64116800329015 14.048059149722736 32 155
274 0 19.309068476249227 21.811460258780038 4 18
275 0 18.178079374871476 16.45101663585952 5 23
276 0 21.385975735142914 19.77818853974122 2 8
277 0 20.64569195969566 19.77818853974122 3 13
278 0 17.376105284803618 16.635859519408502 6 28
279 0 16.94427308245939 16.081330868761555 7 33
280 0 17.00596339707999 16.635859519408502 8 39
281 0 16.718075262183838 15.89648798521257 9 44
282 0 16.47131400370142 15.526802218114602 10 49
283 0 15.114127082048118 13.308687615526802 18 89
284 0 15.031873329220646 13.493530499075785 19 93
285 0 16.265679621632735 15.711645101663585 11 54
286 0 15.792720542874768 15.89648798521257 14 68
287 0 16.203989307012133 15.711645101663585 12 59
288 0 15.710466790047295 15.89648798521257 15 73
289 0 15.99835492494345 15.89648798521257 13 64
290 0 14.908492699979437 13.493530499075785 20 98
291 0 14.887929261772568 13.67837338262477 21 103
292 0 15.628213037219824 15.89648798521257 16 78
293 0 15.196380834875592 13.308687615526802 17 84
294 0 14.805675508945097 13.493530499075785 22 108
295 0 14.785112070738226 13.67837338262477 24 118
296 0 14.826238947151966 14.048059149722736 23 113
297 0 14.76454863253136 13.67837338262477 25 122
298 0 14.702858317910755 13.67837338262477 30 146
299 0 14.743985194324491 13.67837338262477 26 127
