0 0 29.35855263157895 29.814814814814817 1 4
1 0 13.096217105263158 14.444444444444443 36 174
2 0 21.217105263157894 22.962962962962962 2 10
3 0 20.682565789473685 23.333333333333332 3 14
4 0 18.75 18.333333333333332 4 19
5 0 18.75 18.333333333333332 4 19
6 0 17.454769736842106 17.962962962962965 5 24
7 0 21.217105263157894 22.962962962962962 2 10
8 0 20.682565789473685 23.333333333333332 3 14
9 0 17.454769736842106 17.962962962962965 5 24
10 0 16.570723684210524 17.59259259259259 6 28
11 0 16.570723684210524 17.59259259259259 6 28
12 0 16.036184210526315 17.40740740740741 7 33
13 0 16.036184210526315 17.40740740740741 7 33
14 0 15.481085526315788 16.85185185185185 8 38
15 0 15.481085526315788 16.85185185185185 8 38
16 0 15.337171052631579 16.85185185185185 9 43
17 0 15.337171052631579 16.85185185185185 9 43
18 0 15.069901315789474 16.48148148148148 10 48
19 0 14.782072368421053 16.296296296296298 12 58
20 0 14.494243421052634 15.74074074074074 13 61
21 0 14.494243421052634 15.74074074074074 13 61
22 0 14.309210526315788 15.74074074074074 14 66
23 0 14.309210526315788 15.74074074074074 14 66
24 0 14.884868421052634 16.48148148148148 11 53
25 0 14.782072368421053 16.296296296296298 12 58
26 0 14.309210526315788 15.74074074074074 15 71
27 0 14.309210526315788 15.74074074074074 15 71
28 0 14.268092105263158 15.555555555555555 16 76
29 0 15.069901315789474 16.48148148148148 10 48
30 0 14.884868421052634 16.48148148148148 11 53
31 0 14.226973684210526 15.37037037037037 17 81
32 0 14.021381578947366 15.37037037037037 19 90
33 0 13.712993421052634 15.37037037037037 22 105
34 0 14.165296052631579 15.37037037037037 18 86
35 0 13.898026315789474 15.74074074074074 20 95
36 0 13.486842105263158 15.0 23 110
37 0 14.165296052631579 15.37037037037037 18 86
38 0 13.898026315789474 15.74074074074074 20 95
39 0 14.021381578947366 15.37037037037037 19 90
40 0 13.856907894736842 15.555555555555555 21 100
41 0 14.268092105263158 15.555555555555555 16 76
42 0 14.226973684210526 15.37037037037037 17 81
43 0 13.486842105263158 15.0 23 110
44 0 13.856907894736842 15.555555555555555 21 100
45 0 13.342927631578947 15.0 27 130
46 0 13.322368421052634 14.444444444444443 25 120
47 0 13.157894736842104 14.444444444444443 35 170
48 0 13.712993421052634 15.37037037037037 22 105
49 0 13.260690789473683 14.444444444444443 26 125
50 0 13.322368421052634 14.629629629629628 24 115
51 0 13.199013157894738 14.629629629629628 28 135
52 0 13.322368421052634 14.629629629629628 24 115
53 0 13.260690789473683 14.444444444444443 26 125
54 0 13.322368421052634 14.444444444444443 25 120
55 0 13.342927631578947 15.0 27 130
56 0 13.199013157894738 14.444444444444443 32 154
57 0 13.178453947368421 14.444444444444443 33 160
58 0 13.199013157894738 14.629629629629628 28 135
59 0 13.178453947368421 14.25925925925926 34 165
60 0 13.219572368421053 14.444444444444443 29 140
61 0 13.219572368421053 14.444444444444443 30 144
62 0 13.157894736842104 14.444444444444443 35 170
63 0 13.219572368421053 14.444444444444443 29 140
64 0 13.199013157894738 14.444444444444443 31 149
65 0 13.219572368421053 14.444444444444443 30 144
66 0 13.178453947368421 14.444444444444443 33 160
67 0 13.199013157894738 14.444444444444443 31 149
68 0 13.199013157894738 14.444444444444443 32 154
69 0 13.178453947368421 14.25925925925926 34 165
70 0 29.35855263157895 29.814814814814817 1 4
71 0 13.096217105263158 14.444444444444443 36 174
72 0 18.75 18.333333333333332 4 19
73 0 21.217105263157894 22.962962962962962 2 10
74 0 20.682565789473685 23.333333333333332 3 14
75 0 17.454769736842106 17.962962962962965 5 24
76 0 16.570723684210524 17.59259259259259 6 28
77 0 16.036184210526315 17.40740740740741 7 33
78 0 15.481085526315788 16.85185185185185 8 38
79 0 15.337171052631579 16.85185185185185 9 43
80 0 14.494243421052634 15.74074074074074 13 61
81 0 14.309210526315788 15.74074074074074 14 66
82 0 14.782072368421053 16.296296296296298 12 58
83 0 14.309210526315788 15.74074074074074 15 71
84 0 15.069901315789474 16.48148148148148 10 48
85 0 14.884868421052634 16.48148148148148 11 53
86 0 13.898026315789474 15.74074074074074 20 95
87 0 14.165296052631579 15.37037037037037 18 86
88 0 14.021381578947366 15.37037037037037 19 90
89 0 14.268092105263158 15.555555555555555 16 76
90 0 14.226973684210526 15.37037037037037 17 81
91 0 13.486842105263158 15.0 23 110
92 0 13.856907894736842 15.555555555555555 21 100
93 0 13.712993421052634 15.37037037037037 22 105
94 0 13.260690789473683 14.444444444444443 26 125
95 0 13.322368421052634 14.629629629629628 24 115
96 0 13.342927631578947 15.0 27 130
97 0 13.322368421052634 14.444444444444443 25 120
98 0 13.199013157894738 14.629629629629628 28 135
99 0 13.219572368421053 14.444444444444443 29 140
100 0 13.219572368421053 14.444444444444443 30 144
101 0 13.157894736842104 14.444444444444443 35 170
102 0 13.178453947368421 14.444444444444443 33 160
103 0 13.199013157894738 14.444444444444443 31 149
104 0 13.199013157894738 14.444444444444443 32 154
105 0 13.178453947368421 14.25925925925926 34 165
106 0 29.35855263157895 29.814814814814817 1 4
107 0 13.096217105263158 14.444444444444443 36 174
108 0 18.75 18.333333333333332 4 19
109 0 21.217105263157894 22.962962962962962 2 10
110 0 20.682565789473685 23.333333333333332 3 14
111 0 17.454769736842106 17.962962962962965 5 24
112 0 16.570723684210524 17.59259259259259 6 28
113 0 16.036184210526315 17.40740740740741 7 33
114 0 15.481085526315788 16.85185185185185 8 38
115 0 15.337171052631579 16.85185185185185 9 43
116 0 14.494243421052634 15.74074074074074 13 61
117 0 14.309210526315788 15.74074074074074 14 66
118 0 14.782072368421053 16.296296296296298 12 58
119 0 14.309210526315788 15.74074074074074 15 71
120 0 15.069901315789474 16.48148148148148 10 48
121 0 14.884868421052634 16.48148148148148 11 53
122 0 13.898026315789474 15.74074074074074 20 95
123 0 14.165296052631579 15.37037037037037 18 86
124 0 14.021381578947366 15.37037037037037 19 90
125 0 14.268092105263158 15.555555555555555 16 76
126 0 14.226973684210526 15.37037037037037 17 81
127 0 13.486842105263158 15.0 23 110
128 0 13.856907894736842 15.555555555555555 21 100
129 0 13.712993421052634 15.37037037037037 22 105
130 0 13.260690789473683 14.444444444444443 26 125
131 0 13.322368421052634 14.629629629629628 24 115
132 0 13.342927631578947 15.0 27 130
133 0 13.322368421052634 14.444444444444443 25 120
134 0 13.199013157894738 14.629629629629628 28 135
135 0 13.219572368421053 14.444444444444443 30 144
136 0 13.157894736842104 14.444444444444443 35 170
137 0 13.219572368421053 14.444444444444443 29 140
138 0 13.178453947368421 14.444444444444443 33 160
139 0 13.199013157894738 14.444444444444443 31 149
140 0 13.199013157894738 14.444444444444443 32 154
141 0 13.178453947368421 14.25925925925926 34 165
142 0 29.35855263157895 29.814814814814817 1 4
143 0 13.096217105263158 14.444444444444443 36 174
144 0 18.75 18.333333333333332 4 19
145 0 21.217105263157894 22.962962962962962 2 10
146 0 20.682565789473685 23.333333333333332 3 14
147 0 17.454769736842106 17.962962962962965 5 24
148 0 16.570723684210524 17.59259259259259 6 28
149 0 16.036184210526315 17.40740740740741 7 33
150 0 29.420230263157894 29.259259259259256 1 4
151 0 13.199013157894738 17.77777777777778 52 255
152 0 21.032072368421055 23.14814814814815 2 7
153 0 20.086348684210524 21.666666666666668 3 12
154 0 19.03782894736842 19.074074074074073 4 20
155 0 19.03782894736842 19.074074074074073 4 20
156 0 17.989309210526315 19.074074074074073 5 25
157 0 21.032072368421055 23.14814814814815 2 7
158 0 20.086348684210524 21.666666666666668 3 12
159 0 13.013980263157896 17.59259259259259 48 235
160 0 13.240131578947366 17.77777777777778 51 250
161 0 17.989309210526315 19.074074074074073 5 25
162 0 17.249177631578945 19.25925925925926 6 30
163 0 16.262335526315788 17.77777777777778 9 44
164 0 15.830592105263158 18.88888888888889 10 49
165 0 13.980263157894738 17.77777777777778 24 118
166 0 15.830592105263158 18.88888888888889 10 49
167 0 15.542763157894738 18.703703703703702 11 54
168 0 13.939144736842104 17.59259259259259 26 128
169 0 16.611842105263158 18.14814814814815 8 40
170 0 16.262335526315788 17.77777777777778 9 44
171 0 17.249177631578945 19.25925925925926 6 30
172 0 16.89967105263158 18.88888888888889 7 34
173 0 13.116776315789474 17.59259259259259 46 225
174 0 13.342927631578947 17.59259259259259 41 200
175 0 13.404605263157896 17.77777777777778 37 180
176 0 13.384046052631579 17.77777777777778 39 191
177 0 13.260690789473683 17.40740740740741 43 211
178 0 13.137335526315788 17.59259259259259 44 216
179 0 15.542763157894738 18.703703703703702 11 54
180 0 15.028782894736842 18.333333333333332 12 58
181 0 16.89967105263158 18.88888888888889 7 34
182 0 16.611842105263158 18.14814814814815 8 40
183 0 14.884868421052634 17.59259259259259 14 68
184 0 14.823190789473683 17.77777777777778 15 74
185 0 14.987664473684212 18.333333333333332 13 63
186 0 14.884868421052634 17.59259259259259 14 68
187 0 14.823190789473683 17.77777777777778 15 74
188 0 14.432565789473683 17.962962962962965 19 94
189 0 14.617598684210526 18.14814814814815 16 79
190 0 14.226973684210526 18.14814814814815 20 98
191 0 15.028782894736842 18.333333333333332 12 58
192 0 14.617598684210526 18.14814814814815 16 79
193 0 13.404605263157896 17.77777777777778 35 171
194 0 14.987664473684212 18.333333333333332 13 63
195 0 14.514802631578947 18.333333333333332 17 84
196 0 13.384046052631579 17.77777777777778 36 175
197 0 14.103618421052634 17.962962962962965 23 113
198 0 13.795230263157896 17.77777777777778 27 134
199 0 14.165296052631579 18.14814814814815 21 103
200 0 14.165296052631579 17.962962962962965 22 108
201 0 13.836348684210526 17.77777777777778 28 139
202 0 13.013980263157896 17.59259259259259 48 235
203 0 14.226973684210526 18.14814814814815 20 98
204 0 13.589638157894738 17.59259259259259 31 152
205 0 13.671875 17.40740740740741 29 142
206 0 13.527960526315788 17.59259259259259 32 157
207 0 13.240131578947366 17.77777777777778 51 250
208 0 13.425164473684212 17.40740740740741 33 162
209 0 13.610197368421053 17.40740740740741 30 146
210 0 13.527960526315788 17.59259259259259 32 157
211 0 14.165296052631579 18.14814814814815 21 103
212 0 14.514802631578947 18.333333333333332 17 84
213 0 14.165296052631579 17.962962962962965 22 108
214 0 13.836348684210526 17.77777777777778 28 139
215 0 13.096217105263158 17.59259259259259 47 230
216 0 14.412006578947366 18.14814814814815 18 89
217 0 14.412006578947366 18.14814814814815 18 89
218 0 13.671875 17.40740740740741 29 142
219 0 13.795230263157896 17.77777777777778 27 134
220 0 14.103618421052634 17.962962962962965 23 113
221 0 14.432565789473683 17.962962962962965 19 94
222 0 13.980263157894738 17.77777777777778 24 118
223 0 13.342927631578947 17.59259259259259 41 200
224 0 13.260690789473683 17.40740740740741 43 211
225 0 13.939144736842104 17.59259259259259 26 128
226 0 13.404605263157896 17.77777777777778 37 180
227 0 13.137335526315788 17.59259259259259 44 216
228 0 13.384046052631579 17.77777777777778 36 175
229 0 13.425164473684212 17.40740740740741 33 162
230 0 13.342927631578947 17.77777777777778 40 196
231 0 13.384046052631579 17.77777777777778 39 191
232 0 13.096217105263158 17.59259259259259 47 230
233 0 13.116776315789474 17.59259259259259 46 225
234 0 13.425164473684212 17.40740740740741 34 167
235 0 13.610197368421053 17.40740740740741 30 146
236 0 13.425164473684212 17.40740740740741 34 167
237 0 13.342927631578947 17.77777777777778 40 196
238 0 13.589638157894738 17.59259259259259 31 152
239 0 13.404605263157896 17.77777777777778 35 171
240 0 29.420230263157894 29.444444444444446 1 4
241 0 13.199013157894738 17.77777777777778 52 255
242 0 19.03782894736842 19.074074074074073 4 20
243 0 21.032072368421055 23.14814814814815 2 7
244 0 20.086348684210524 21.666666666666668 3 12
245 0 17.989309210526315 19.074074074074073 5 25
246 0 15.830592105263158 18.88888888888889 10 49
247 0 16.262335526315788 17.77777777777778 9 44
248 0 17.249177631578945 19.25925925925926 6 30
249 0 15.542763157894738 18.703703703703702 11 54
250 0 16.89967105263158 18.88888888888889 7 34
251 0 16.611842105263158 18.14814814814815 8 40
252 0 14.884868421052634 17.59259259259259 14 68
253 0 14.823190789473683 17.77777777777778 15 74
254 0 15.028782894736842 18.333333333333332 12 58
255 0 14.617598684210526 18.14814814814815 16 79
256 0 14.987664473684212 18.333333333333332 13 63
257 0 13.013980263157896 17.59259259259259 48 235
258 0 14.226973684210526 18.14814814814815 20 98
259 0 13.527960526315788 17.59259259259259 32 157
260 0 13.240131578947366 17.77777777777778 51 250
261 0 14.165296052631579 18.14814814814815 21 103
262 0 14.514802631578947 18.333333333333332 17 84
263 0 13.836348684210526 17.77777777777778 28 139
264 0 14.165296052631579 17.962962962962965 22 108
265 0 13.795230263157896 17.77777777777778 27 134
266 0 14.103618421052634 17.962962962962965 23 113
267 0 14.432565789473683 17.962962962962965 19 94
268 0 14.412006578947366 18.14814814814815 18 89
269 0 13.671875 17.40740740740741 29 142
270 0 13.980263157894738 17.77777777777778 24 118
271 0 13.342927631578947 17.59259259259259 41 200
272 0 13.260690789473683 17.40740740740741 43 211
273 0 13.939144736842104 17.59259259259259 26 128
274 0 13.404605263157896 17.77777777777778 37 180
275 0 13.137335526315788 17.59259259259259 44 216
276 0 13.384046052631579 17.77777777777778 36 175
277 0 13.425164473684212 17.40740740740741 33 162
278 0 13.096217105263158 17.59259259259259 47 230
279 0 13.116776315789474 17.59259259259259 46 225
280 0 13.384046052631579 17.77777777777778 39 191
281 0 13.610197368421053 17.40740740740741 30 146
282 0 13.425164473684212 17.40740740740741 34 167
283 0 13.589638157894738 17.59259259259259 31 152
284 0 13.342927631578947 17.77777777777778 40 196
285 0 13.404605263157896 17.77777777777778 35 171
286 0 29.420230263157894 29.444444444444446 1 4
287 0 13.199013157894738 17.77777777777778 52 255
288 0 19.03782894736842 19.074074074074073 4 20
289 0 21.032072368421055 23.14814814814815 2 7
290 0 20.086348684210524 21.666666666666668 3 12
291 0 17.989309210526315 19.074074074074073 5 25
292 0 15.830592105263158 18.88888888888889 10 49
293 0 16.262335526315788 17.77777777777778 9 44
294 0 17.249177631578945 19.25925925925926 6 30
295 0 15.542763157894738 18.703703703703702 11 54
296 0 16.89967105263158 18.88888888888889 7 34
297 0 16.611842105263158 18.14814814814815 8 40
298 0 14.884868421052634 17.59259259259259 14 68
299 0 14.823190789473683 17.77777777777778 15 74
