0 0 29.379111842105267 29.259259259259256 1 2
1 0 13.28125 15.37037037037037 46 227
2 0 21.114309210526315 21.666666666666668 2 10
3 0 13.219572368421053 15.185185185185185 39 193
4 0 21.114309210526315 21.666666666666668 2 10
5 0 18.688322368421055 19.444444444444446 3 15
6 0 18.75 21.11111111111111 4 18
7 0 17.516447368421055 19.25925925925926 5 23
8 0 17.516447368421055 19.25925925925926 5 23
9 0 16.365131578947366 17.962962962962965 6 28
10 0 13.342927631578947 15.37037037037037 38 188
11 0 13.322368421052634 15.37037037037037 35 173
12 0 15.953947368421053 16.85185185185185 8 38
13 0 15.625 19.074074074074073 9 44
14 0 16.365131578947366 17.962962962962965 6 28
15 0 15.974506578947366 17.77777777777778 7 33
16 0 13.898026315789474 16.48148148148148 25 124
17 0 13.980263157894738 16.48148148148148 23 114
18 0 18.688322368421055 19.444444444444446 3 15
19 0 18.75 21.11111111111111 4 18
20 0 15.974506578947366 17.77777777777778 7 33
21 0 15.953947368421053 16.85185185185185 8 38
22 0 15.172697368421053 18.703703703703702 11 54
23 0 15.337171052631579 17.77777777777778 12 59
24 0 15.625 19.074074074074073 9 44
25 0 15.337171052631579 17.77777777777778 12 59
26 0 15.439967105263158 18.88888888888889 10 49
27 0 15.254934210526317 17.77777777777778 13 64
28 0 15.439967105263158 18.88888888888889 10 49
29 0 15.172697368421053 18.703703703703702 11 54
30 0 15.172697368421053 17.59259259259259 14 69
31 0 14.905427631578947 17.22222222222222 15 74
32 0 15.254934210526317 17.77777777777778 13 64
33 0 14.905427631578947 17.22222222222222 15 74
34 0 14.761513157894738 17.22222222222222 17 84
35 0 15.172697368421053 17.59259259259259 14 69
36 0 14.494243421052634 17.037037037037038 18 89
37 0 14.782072368421053 17.22222222222222 16 79
38 0 14.350328947368421 16.85185185185185 19 94
39 0 13.651315789473683 15.74074074074074 27 133
40 0 14.226973684210526 16.85185185185185 20 99
41 0 13.507401315789474 15.37037037037037 28 138
42 0 14.494243421052634 17.037037037037038 18 89
43 0 14.782072368421053 17.22222222222222 16 79
44 0 14.226973684210526 16.85185185185185 20 99
45 0 14.165296052631579 16.666666666666664 21 104
46 0 13.877467105263158 16.666666666666664 26 129
47 0 14.350328947368421 16.85185185185185 19 94
48 0 14.165296052631579 16.666666666666664 21 104
49 0 14.761513157894738 17.22222222222222 17 84
50 0 13.980263157894738 16.48148148148148 22 109
51 0 13.651315789473683 15.74074074074074 27 133
52 0 13.980263157894738 16.48148148148148 22 109
53 0 13.425164473684212 15.185185185185185 33 163
54 0 13.404605263157896 15.37037037037037 34 168
55 0 13.877467105263158 16.666666666666664 26 129
56 0 13.404605263157896 15.37037037037037 34 168
57 0 13.980263157894738 16.48148148148148 23 114
58 0 13.507401315789474 15.185185185185185 32 158
59 0 13.527960526315788 15.37037037037037 30 148
60 0 13.425164473684212 15.185185185185185 33 163
61 0 13.898026315789474 16.48148148148148 25 124
62 0 13.527960526315788 15.37037037037037 31 153
63 0 13.507401315789474 15.185185185185185 29 143
64 0 13.527960526315788 15.37037037037037 30 148
65 0 13.219572368421053 15.185185185185185 39 193
66 0 13.322368421052634 15.37037037037037 35 173
67 0 13.507401315789474 15.37037037037037 28 138
68 0 13.527960526315788 15.37037037037037 31 153
69 0 13.507401315789474 15.185185185185185 32 158
70 0 13.507401315789474 15.185185185185185 29 143
71 0 13.342927631578947 15.37037037037037 38 188
72 0 29.379111842105267 29.259259259259256 1 2
73 0 13.28125 15.37037037037037 46 227
74 0 21.114309210526315 21.666666666666668 2 10
75 0 17.516447368421055 19.25925925925926 5 23
76 0 16.365131578947366 17.962962962962965 6 28
77 0 18.688322368421055 19.444444444444446 3 15
78 0 18.75 21.11111111111111 4 18
79 0 15.974506578947366 17.77777777777778 7 33
80 0 15.953947368421053 16.85185185185185 8 38
81 0 15.625 19.074074074074073 9 44
82 0 15.337171052631579 17.77777777777778 12 59
83 0 15.439967105263158 18.88888888888889 10 49
84 0 15.172697368421053 18.703703703703702 11 54
85 0 15.254934210526317 17.77777777777778 13 64
86 0 14.905427631578947 17.22222222222222 15 74
87 0 15.172697368421053 17.59259259259259 14 69
88 0 14.494243421052634 17.037037037037038 18 89
89 0 14.782072368421053 17.22222222222222 16 79
90 0 14.226973684210526 16.85185185185185 20 99
91 0 14.350328947368421 16.85185185185185 19 94
92 0 14.165296052631579 16.666666666666664 21 104
93 0 13.651315789473683 15.74074074074074 27 133
94 0 14.761513157894738 17.22222222222222 17 84
95 0 13.980263157894738 16.48148148148148 22 109
96 0 13.877467105263158 16.666666666666664 26 129
97 0 13.404605263157896 15.37037037037037 34 168
98 0 13.980263157894738 16.48148148148148 23 114
99 0 13.898026315789474 16.48148148148148 25 124
100 0 13.425164473684212 15.185185185185185 33 163
101 0 13.527960526315788 15.37037037037037 30 148
102 0 13.219572368421053 15.185185185185185 39 193
103 0 13.322368421052634 15.37037037037037 35 173
104 0 13.507401315789474 15.37037037037037 28 138
105 0 13.527960526315788 15.37037037037037 31 153
106 0 13.507401315789474 15.185185185185185 29 143
107 0 13.507401315789474 15.185185185185185 32 158
108 0 13.342927631578947 15.37037037037037 38 188
109 0 29.35855263157895 29.259259259259256 1 1
110 0 13.28125 15.37037037037037 46 227
111 0 21.114309210526315 21.666666666666668 2 10
112 0 17.516447368421055 19.25925925925926 5 23
113 0 16.365131578947366 17.962962962962965 6 28
114 0 18.688322368421055 19.444444444444446 3 15
115 0 18.75 21.11111111111111 4 18
116 0 15.974506578947366 17.77777777777778 7 33
117 0 15.953947368421053 16.85185185185185 8 38
118 0 15.625 19.074074074074073 9 44
119 0 15.337171052631579 17.77777777777778 12 59
120 0 15.439967105263158 18.88888888888889 10 49
121 0 15.172697368421053 18.703703703703702 11 54
122 0 15.254934210526317 17.77777777777778 13 64
123 0 14.905427631578947 17.22222222222222 15 74
124 0 15.172697368421053 17.59259259259259 14 69
125 0 14.494243421052634 17.037037037037038 18 89
126 0 14.782072368421053 17.22222222222222 16 79
127 0 14.226973684210526 16.85185185185185 20 99
128 0 14.165296052631579 16.666666666666664 21 104
129 0 14.350328947368421 16.85185185185185 19 94
130 0 14.761513157894738 17.22222222222222 17 84
131 0 13.651315789473683 15.74074074074074 27 133
132 0 13.980263157894738 16.48148148148148 22 109
133 0 13.877467105263158 16.666666666666664 26 129
134 0 13.404605263157896 15.37037037037037 34 168
135 0 13.980263157894738 16.48148148148148 23 114
136 0 13.425164473684212 15.185185185185185 33 163
137 0 13.898026315789474 16.48148148148148 25 124
138 0 13.527960526315788 15.37037037037037 30 148
139 0 13.219572368421053 15.185185185185185 39 193
140 0 13.322368421052634 15.37037037037037 35 173
141 0 13.507401315789474 15.37037037037037 28 138
142 0 13.527960526315788 15.37037037037037 31 153
143 0 13.342927631578947 15.37037037037037 38 188
144 0 13.507401315789474 15.185185185185185 29 143
145 0 13.507401315789474 15.185185185185185 32 158
146 0 29.379111842105267 29.259259259259256 1 2
147 0 13.28125 15.37037037037037 46 227
148 0 21.114309210526315 21.666666666666668 2 10
149 0 17.516447368421055 19.25925925925926 5 23
150 0 29.461348684210524 29.259259259259256 1 4
151 0 12.746710526315788 15.185185185185185 57 281
152 0 21.217105263157894 21.85185185185185 2 9
153 0 19.880756578947366 19.25925925925926 3 15
154 0 17.68092105263158 19.25925925925926 4 20
155 0 12.890625 15.37037037037037 54 268
156 0 12.561677631578947 15.555555555555555 49 241
157 0 21.217105263157894 21.85185185185185 2 9
158 0 19.880756578947366 19.25925925925926 3 15
159 0 16.981907894736842 18.88888888888889 6 30
160 0 16.69407894736842 20.185185185185187 7 35
161 0 12.561677631578947 15.555555555555555 49 241
162 0 12.664473684210526 15.555555555555555 46 226
163 0 17.68092105263158 19.25925925925926 4 20
164 0 17.29029605263158 18.703703703703702 5 25
165 0 13.322368421052634 16.11111111111111 30 148
166 0 16.69407894736842 20.185185185185187 7 35
167 0 16.488486842105264 19.814814814814817 8 40
168 0 13.199013157894738 16.296296296296298 32 157
169 0 12.993421052631579 16.11111111111111 38 186
170 0 13.322368421052634 16.11111111111111 30 148
171 0 13.322368421052634 16.296296296296298 28 139
172 0 15.953947368421053 19.814814814814817 9 45
173 0 15.768914473684212 19.444444444444446 10 50
174 0 17.29029605263158 18.703703703703702 5 25
175 0 16.981907894736842 18.88888888888889 6 30
176 0 12.828947368421053 15.925925925925927 55 273
177 0 12.952302631578947 16.11111111111111 40 195
178 0 13.075657894736842 16.296296296296298 34 167
179 0 13.137335526315788 16.48148148148148 36 177
180 0 16.488486842105264 19.814814814814817 8 40
181 0 15.049342105263158 18.51851851851852 13 65
182 0 14.802631578947366 18.51851851851852 14 70
183 0 15.953947368421053 19.814814814814817 9 45
184 0 15.357730263157896 19.444444444444446 12 60
185 0 15.049342105263158 18.51851851851852 13 65
186 0 15.522203947368421 19.444444444444446 11 55
187 0 15.357730263157896 19.444444444444446 12 60
188 0 15.768914473684212 19.444444444444446 10 50
189 0 14.802631578947366 18.51851851851852 14 70
190 0 15.522203947368421 19.444444444444446 11 55
191 0 14.494243421052634 17.40740740740741 15 75
192 0 13.322368421052634 16.296296296296298 28 139
193 0 14.494243421052634 17.40740740740741 15 75
194 0 14.309210526315788 17.037037037037038 16 80
195 0 14.309210526315788 17.59259259259259 17 84
196 0 14.309210526315788 17.59259259259259 17 84
197 0 14.309210526315788 17.037037037037038 16 80
198 0 14.185855263157896 17.59259259259259 18 89
199 0 13.980263157894738 17.037037037037038 19 94
200 0 13.836348684210526 16.666666666666664 20 99
201 0 14.185855263157896 17.59259259259259 18 89
202 0 13.980263157894738 17.037037037037038 19 94
203 0 13.836348684210526 16.666666666666664 20 99
204 0 13.548519736842104 16.48148148148148 24 119
205 0 13.507401315789474 16.48148148148148 25 124
206 0 13.774671052631579 16.666666666666664 21 104
207 0 13.774671052631579 16.666666666666664 21 104
208 0 13.733552631578947 16.85185185185185 23 112
209 0 13.548519736842104 16.48148148148148 24 119
210 0 13.712993421052634 16.666666666666664 22 107
211 0 13.712993421052634 16.666666666666664 22 107
212 0 12.849506578947366 16.11111111111111 42 206
213 0 12.767269736842104 16.11111111111111 43 211
214 0 13.733552631578947 16.85185185185185 23 112
215 0 13.075657894736842 16.296296296296298 34 167
216 0 13.363486842105262 16.296296296296298 26 129
217 0 13.116776315789474 16.48148148148148 37 182
218 0 13.137335526315788 16.48148148148148 36 177
219 0 13.363486842105262 16.48148148148148 27 134
220 0 13.178453947368421 16.296296296296298 33 162
221 0 12.828947368421053 15.925925925925927 55 273
222 0 13.363486842105262 16.48148148148148 27 134
223 0 12.890625 16.11111111111111 41 203
224 0 12.849506578947366 16.11111111111111 42 206
225 0 13.199013157894738 16.296296296296298 32 157
226 0 12.993421052631579 16.11111111111111 38 186
227 0 13.178453947368421 16.296296296296298 33 162
228 0 12.767269736842104 16.11111111111111 44 216
229 0 12.705592105263158 15.925925925925927 45 221
230 0 12.952302631578947 16.11111111111111 40 195
231 0 12.890625 15.37037037037037 54 268
232 0 12.890625 16.11111111111111 41 203
233 0 12.705592105263158 15.925925925925927 45 221
234 0 12.664473684210526 15.555555555555555 46 226
235 0 13.507401315789474 16.48148148148148 25 124
236 0 12.767269736842104 16.11111111111111 43 211
237 0 12.767269736842104 16.11111111111111 44 216
238 0 13.363486842105262 16.296296296296298 26 129
239 0 13.116776315789474 16.48148148148148 37 182
240 0 29.461348684210524 29.259259259259256 1 4
241 0 12.746710526315788 15.185185185185185 57 282
242 0 21.217105263157894 21.85185185185185 2 9
243 0 19.880756578947366 19.25925925925926 3 15
244 0 12.561677631578947 15.555555555555555 49 241
245 0 17.68092105263158 19.25925925925926 4 20
246 0 16.69407894736842 20.185185185185187 7 35
247 0 13.322368421052634 16.11111111111111 30 148
248 0 17.29029605263158 18.703703703703702 5 25
249 0 16.981907894736842 18.88888888888889 6 30
250 0 16.488486842105264 19.814814814814817 8 40
251 0 15.953947368421053 19.814814814814817 9 45
252 0 15.049342105263158 18.51851851851852 13 65
253 0 15.357730263157896 19.444444444444446 12 60
254 0 15.768914473684212 19.444444444444446 10 50
255 0 14.802631578947366 18.51851851851852 14 70
256 0 15.522203947368421 19.444444444444446 11 55
257 0 13.322368421052634 16.296296296296298 28 139
258 0 14.494243421052634 17.40740740740741 15 75
259 0 14.309210526315788 17.037037037037038 16 80
260 0 14.309210526315788 17.59259259259259 17 84
261 0 14.185855263157896 17.59259259259259 18 89
262 0 13.980263157894738 17.037037037037038 19 94
263 0 13.836348684210526 16.666666666666664 20 99
264 0 13.774671052631579 16.666666666666664 21 104
265 0 13.548519736842104 16.48148148148148 24 119
266 0 13.712993421052634 16.666666666666664 22 107
267 0 13.733552631578947 16.85185185185185 23 112
268 0 13.075657894736842 16.296296296296298 34 167
269 0 13.137335526315788 16.48148148148148 36 177
270 0 12.828947368421053 15.925925925925927 55 273
271 0 13.363486842105262 16.48148148148148 27 134
272 0 12.849506578947366 16.11111111111111 42 206
273 0 13.199013157894738 16.296296296296298 32 157
274 0 12.993421052631579 16.11111111111111 38 186
275 0 13.178453947368421 16.296296296296298 33 162
276 0 12.705592105263158 15.925925925925927 45 221
277 0 12.890625 16.11111111111111 41 203
278 0 12.952302631578947 16.11111111111111 40 195
279 0 12.890625 15.37037037037037 54 268
280 0 12.664473684210526 15.555555555555555 46 226
281 0 13.507401315789474 16.48148148148148 25 124
282 0 12.767269736842104 16.11111111111111 43 211
283 0 12.767269736842104 16.11111111111111 44 216
284 0 13.363486842105262 16.296296296296298 26 129
285 0 13.116776315789474 16.48148148148148 37 182
286 0 29.461348684210524 29.259259259259256 1 4
287 0 12.746710526315788 15.185185185185185 57 281
288 0 21.217105263157894 21.85185185185185 2 9
289 0 19.880756578947366 19.25925925925926 3 15
290 0 12.561677631578947 15.555555555555555 49 241
291 0 17.68092105263158 19.25925925925926 4 20
292 0 16.69407894736842 20.185185185185187 7 35
293 0 13.322368421052634 16.11111111111111 30 148
294 0 17.29029605263158 18.703703703703702 5 25
295 0 16.981907894736842 18.88888888888889 6 30
296 0 16.488486842105264 19.814814814814817 8 40
297 0 15.953947368421053 19.814814814814817 9 45
298 0 15.049342105263158 18.51851851851852 13 65
299 0 15.357730263157896 19.444444444444446 12 60
