0 0 29.35855263157895 29.444444444444446 1 3
1 0 13.548519736842104 14.629629629629628 51 247
2 0 21.854440789473685 19.444444444444446 2 7
3 0 21.854440789473685 19.444444444444446 2 7
4 0 20.435855263157894 19.62962962962963 3 14
5 0 13.692434210526317 15.0 34 164
6 0 13.671875 15.0 38 183
7 0 13.651315789473683 15.0 39 189
8 0 19.962993421052634 19.25925925925926 4 18
9 0 18.893914473684212 18.333333333333332 5 22
10 0 13.630756578947366 14.814814814814813 43 209
11 0 18.893914473684212 18.333333333333332 5 22
12 0 18.07154605263158 17.962962962962965 6 26
13 0 18.07154605263158 17.962962962962965 6 26
14 0 16.50904605263158 16.11111111111111 7 31
15 0 20.435855263157894 19.62962962962963 3 14
16 0 19.962993421052634 19.25925925925926 4 18
17 0 13.630756578947366 14.814814814814813 43 209
18 0 13.548519736842104 14.629629629629628 46 220
19 0 13.548519736842104 14.629629629629628 48 231
20 0 16.50904605263158 16.11111111111111 7 31
21 0 15.995065789473683 14.814814814814813 8 35
22 0 13.856907894736842 14.814814814814813 33 159
23 0 15.995065789473683 14.814814814814813 8 35
24 0 15.625 15.74074074074074 9 40
25 0 13.754111842105262 15.74074074074074 29 141
26 0 13.774671052631579 15.74074074074074 27 131
27 0 13.548519736842104 14.629629629629628 48 232
28 0 13.754111842105262 15.74074074074074 29 141
29 0 13.548519736842104 14.629629629629628 46 220
30 0 13.712993421052634 15.74074074074074 31 151
31 0 13.712993421052634 15.74074074074074 31 151
32 0 15.090460526315788 15.185185185185185 11 49
33 0 14.740953947368421 15.185185185185185 12 54
34 0 15.275493421052634 15.185185185185185 10 45
35 0 15.090460526315788 15.185185185185185 11 49
36 0 15.625 15.74074074074074 9 40
37 0 15.275493421052634 15.185185185185185 10 45
38 0 14.905427631578947 15.37037037037037 16 76
39 0 14.473684210526317 14.814814814814813 18 86
40 0 14.740953947368421 15.37037037037037 17 81
41 0 14.288651315789474 15.925925925925927 19 91
42 0 14.740953947368421 15.37037037037037 17 81
43 0 14.473684210526317 14.814814814814813 18 86
44 0 14.288651315789474 15.925925925925927 19 91
45 0 14.720394736842104 15.37037037037037 13 59
46 0 15.028782894736842 15.74074074074074 14 66
47 0 14.761513157894738 15.37037037037037 15 69
48 0 14.247532894736842 16.296296296296298 20 96
49 0 15.028782894736842 15.74074074074074 14 66
50 0 14.740953947368421 15.185185185185185 12 54
51 0 14.144736842105262 16.666666666666664 22 106
52 0 14.720394736842104 15.37037037037037 13 59
53 0 14.083059210526317 16.48148148148148 23 111
54 0 14.309210526315788 16.48148148148148 21 101
55 0 14.144736842105262 16.666666666666664 22 106
56 0 13.692434210526317 15.0 34 164
57 0 13.671875 15.0 38 183
58 0 13.774671052631579 15.74074074074074 27 131
59 0 14.083059210526317 16.48148148148148 23 111
60 0 13.836348684210526 15.555555555555555 26 126
61 0 13.856907894736842 15.925925925925927 24 116
62 0 13.877467105263158 15.74074074074074 25 121
63 0 13.856907894736842 15.925925925925927 24 116
64 0 14.761513157894738 15.37037037037037 15 69
65 0 14.247532894736842 16.296296296296298 20 96
66 0 13.877467105263158 15.74074074074074 25 121
67 0 14.309210526315788 16.48148148148148 21 101
68 0 14.905427631578947 15.37037037037037 16 76
69 0 13.836348684210526 15.555555555555555 26 126
70 0 13.651315789473683 15.0 39 189
71 0 13.856907894736842 14.814814814814813 33 159
72 0 29.35855263157895 29.444444444444446 1 3
73 0 13.548519736842104 14.629629629629628 51 247
74 0 21.854440789473685 19.444444444444446 2 7
75 0 18.893914473684212 18.333333333333332 5 22
76 0 18.07154605263158 17.962962962962965 6 26
77 0 20.435855263157894 19.62962962962963 3 14
78 0 19.962993421052634 19.25925925925926 4 18
79 0 13.630756578947366 14.814814814814813 43 209
80 0 16.50904605263158 16.11111111111111 7 31
81 0 15.995065789473683 14.814814814814813 8 35
82 0 13.548519736842104 14.629629629629628 48 231
83 0 13.754111842105262 15.74074074074074 29 141
84 0 13.548519736842104 14.629629629629628 46 220
85 0 13.712993421052634 15.74074074074074 31 151
86 0 15.090460526315788 15.185185185185185 11 49
87 0 15.625 15.74074074074074 9 40
88 0 15.275493421052634 15.185185185185185 10 45
89 0 14.740953947368421 15.37037037037037 17 81
90 0 14.473684210526317 14.814814814814813 18 86
91 0 14.288651315789474 15.925925925925927 19 91
92 0 15.028782894736842 15.74074074074074 14 66
93 0 14.740953947368421 15.185185185185185 12 54
94 0 14.720394736842104 15.37037037037037 13 59
95 0 14.144736842105262 16.666666666666664 22 106
96 0 13.692434210526317 15.0 34 164
97 0 13.671875 15.0 38 183
98 0 13.774671052631579 15.74074074074074 27 131
99 0 14.083059210526317 16.48148148148148 23 111
100 0 13.856907894736842 15.925925925925927 24 116
101 0 14.761513157894738 15.37037037037037 15 69
102 0 14.247532894736842 16.296296296296298 20 96
103 0 13.877467105263158 15.74074074074074 25 121
104 0 14.905427631578947 15.37037037037037 16 76
105 0 14.309210526315788 16.48148148148148 21 101
106 0 13.836348684210526 15.555555555555555 26 126
107 0 13.651315789473683 15.0 39 189
108 0 13.856907894736842 14.814814814814813 33 159
109 0 29.35855263157895 29.444444444444446 1 3
110 0 13.548519736842104 14.629629629629628 51 247
111 0 21.854440789473685 19.444444444444446 2 7
112 0 18.893914473684212 18.333333333333332 5 22
113 0 18.07154605263158 17.962962962962965 6 26
114 0 20.435855263157894 19.62962962962963 3 14
115 0 19.962993421052634 19.25925925925926 4 18
116 0 13.630756578947366 14.814814814814813 43 209
117 0 16.50904605263158 16.11111111111111 7 31
118 0 15.995065789473683 14.814814814814813 8 35
119 0 13.548519736842104 14.629629629629628 48 231
120 0 13.754111842105262 15.74074074074074 29 141
121 0 13.548519736842104 14.629629629629628 46 220
122 0 13.712993421052634 15.74074074074074 31 151
123 0 15.090460526315788 15.185185185185185 11 49
124 0 15.625 15.74074074074074 9 40
125 0 15.275493421052634 15.185185185185185 10 45
126 0 14.740953947368421 15.37037037037037 17 81
127 0 14.473684210526317 14.814814814814813 18 86
128 0 14.288651315789474 15.925925925925927 19 91
129 0 15.028782894736842 15.74074074074074 14 66
130 0 14.740953947368421 15.185185185185185 12 54
131 0 14.720394736842104 15.37037037037037 13 59
132 0 14.144736842105262 16.666666666666664 22 106
133 0 13.692434210526317 15.0 34 164
134 0 13.671875 15.0 38 183
135 0 13.774671052631579 15.74074074074074 27 131
136 0 14.083059210526317 16.48148148148148 23 111
137 0 13.856907894736842 15.925925925925927 24 116
138 0 14.247532894736842 16.296296296296298 20 96
139 0 14.761513157894738 15.37037037037037 15 69
140 0 13.877467105263158 15.74074074074074 25 121
141 0 14.905427631578947 15.37037037037037 16 76
142 0 13.836348684210526 15.555555555555555 26 126
143 0 14.309210526315788 16.48148148148148 21 101
144 0 13.651315789473683 15.0 39 189
145 0 13.856907894736842 14.814814814814813 33 159
146 0 29.35855263157895 29.444444444444446 1 3
147 0 13.548519736842104 14.629629629629628 51 247
148 0 21.854440789473685 19.444444444444446 2 7
149 0 18.893914473684212 18.333333333333332 5 22
150 0 29.420230263157894 29.444444444444446 1 4
151 0 13.445723684210526 13.88888888888889 33 159
152 0 21.237664473684212 19.074074074074073 2 8
153 0 20.949835526315788 18.51851851851852 3 13
154 0 18.976151315789476 20.555555555555554 4 18
155 0 18.976151315789476 20.555555555555554 4 18
156 0 17.146381578947366 18.333333333333332 5 22
157 0 17.146381578947366 18.333333333333332 5 22
158 0 16.180098684210524 15.37037037037037 6 27
159 0 13.486842105263158 13.88888888888889 30 145
160 0 21.237664473684212 19.074074074074073 2 8
161 0 20.949835526315788 18.51851851851852 3 13
162 0 16.180098684210524 15.37037037037037 6 27
163 0 15.542763157894738 15.0 7 32
164 0 15.542763157894738 15.0 7 32
165 0 15.008223684210526 14.629629629629628 8 37
166 0 15.008223684210526 14.629629629629628 8 37
167 0 14.617598684210526 14.074074074074074 9 42
168 0 14.597039473684212 13.518518518518519 10 47
169 0 14.412006578947366 13.703703703703704 11 52
170 0 14.617598684210526 14.074074074074074 9 42
171 0 14.597039473684212 13.518518518518519 10 47
172 0 14.412006578947366 13.703703703703704 11 52
173 0 14.288651315789474 13.703703703703704 12 57
174 0 14.288651315789474 13.703703703703704 12 57
175 0 14.206414473684212 13.88888888888889 13 62
176 0 14.185855263157896 13.88888888888889 14 67
177 0 14.083059210526317 14.074074074074074 15 72
178 0 14.083059210526317 14.074074074074074 15 72
179 0 13.939144736842104 13.88888888888889 16 77
180 0 13.939144736842104 13.88888888888889 16 77
181 0 13.898026315789474 13.88888888888889 17 82
182 0 14.206414473684212 13.88888888888889 13 62
183 0 14.185855263157896 13.88888888888889 14 67
184 0 13.918585526315788 13.88888888888889 18 87
185 0 13.898026315789474 13.703703703703704 19 92
186 0 13.898026315789474 13.703703703703704 19 92
187 0 13.856907894736842 13.703703703703704 20 97
188 0 13.898026315789474 13.88888888888889 17 82
189 0 13.918585526315788 13.88888888888889 18 87
190 0 13.425164473684212 13.703703703703704 29 140
191 0 13.795230263157896 13.703703703703704 22 106
192 0 13.836348684210526 13.703703703703704 23 111
193 0 13.856907894736842 13.703703703703704 20 97
194 0 13.836348684210526 13.703703703703704 23 111
195 0 13.486842105263158 13.703703703703704 28 135
196 0 13.589638157894738 13.703703703703704 26 125
197 0 13.569078947368421 13.88888888888889 25 120
198 0 13.425164473684212 13.703703703703704 29 140
199 0 13.589638157894738 13.703703703703704 26 125
200 0 13.815789473684212 13.703703703703704 24 116
201 0 13.569078947368421 13.703703703703704 27 130
202 0 13.815789473684212 13.703703703703704 21 101
203 0 13.486842105263158 13.88888888888889 30 145
204 0 13.815789473684212 13.703703703703704 21 101
205 0 13.569078947368421 13.703703703703704 27 130
206 0 13.815789473684212 13.703703703703704 24 116
207 0 13.486842105263158 13.703703703703704 28 135
208 0 13.569078947368421 13.88888888888889 25 120
209 0 13.795230263157896 13.703703703703704 22 106
210 0 29.420230263157894 29.444444444444446 1 3
211 0 13.445723684210526 13.88888888888889 33 159
212 0 18.976151315789476 20.555555555555554 4 18
213 0 17.146381578947366 18.333333333333332 5 22
214 0 21.237664473684212 19.074074074074073 2 8
215 0 20.949835526315788 18.51851851851852 3 13
216 0 16.180098684210524 15.37037037037037 6 27
217 0 15.542763157894738 15.0 7 32
218 0 15.008223684210526 14.629629629629628 8 37
219 0 14.617598684210526 14.074074074074074 9 42
220 0 14.597039473684212 13.518518518518519 10 47
221 0 14.412006578947366 13.703703703703704 11 52
222 0 14.288651315789474 13.703703703703704 12 57
223 0 14.083059210526317 14.074074074074074 15 72
224 0 13.939144736842104 13.88888888888889 16 77
225 0 14.206414473684212 13.88888888888889 13 62
226 0 14.185855263157896 13.88888888888889 14 67
227 0 13.898026315789474 13.703703703703704 19 92
228 0 13.898026315789474 13.88888888888889 17 82
229 0 13.918585526315788 13.88888888888889 18 87
230 0 13.856907894736842 13.703703703703704 20 97
231 0 13.836348684210526 13.703703703703704 23 111
232 0 13.425164473684212 13.703703703703704 29 140
233 0 13.589638157894738 13.703703703703704 26 125
234 0 13.486842105263158 13.88888888888889 30 145
235 0 13.569078947368421 13.703703703703704 27 130
236 0 13.815789473684212 13.703703703703704 21 101
237 0 13.815789473684212 13.703703703703704 24 116
238 0 13.569078947368421 13.88888888888889 25 120
239 0 13.795230263157896 13.703703703703704 22 106
240 0 13.486842105263158 13.703703703703704 28 135
241 0 29.420230263157894 29.444444444444446 1 4
242 0 13.445723684210526 13.88888888888889 33 159
243 0 18.976151315789476 20.555555555555554 4 18
244 0 17.146381578947366 18.333333333333332 5 22
245 0 21.237664473684212 19.074074074074073 2 8
246 0 20.949835526315788 18.51851851851852 3 13
247 0 16.180098684210524 15.37037037037037 6 27
248 0 15.542763157894738 15.0 7 32
249 0 15.008223684210526 14.629629629629628 8 37
250 0 14.617598684210526 14.074074074074074 9 42
251 0 14.597039473684212 13.518518518518519 10 47
252 0 14.412006578947366 13.703703703703704 11 52
253 0 14.288651315789474 13.703703703703704 12 57
254 0 14.083059210526317 14.074074074074074 15 72
255 0 13.939144736842104 13.88888888888889 16 77
256 0 14.206414473684212 13.88888888888889 13 62
257 0 14.185855263157896 13.88888888888889 14 67
258 0 13.898026315789474 13.703703703703704 19 92
259 0 13.898026315789474 13.88888888888889 17 82
260 0 13.918585526315788 13.88888888888889 18 87
261 0 13.856907894736842 13.703703703703704 20 97
262 0 13.836348684210526 13.703703703703704 23 111
263 0 13.425164473684212 13.703703703703704 29 140
264 0 13.589638157894738 13.703703703703704 26 125
265 0 13.486842105263158 13.88888888888889 30 145
266 0 13.815789473684212 13.703703703703704 24 116
267 0 13.815789473684212 13.703703703703704 21 101
268 0 13.569078947368421 13.703703703703704 27 130
269 0 13.795230263157896 13.703703703703704 22 106
270 0 13.569078947368421 13.88888888888889 25 120
271 0 13.486842105263158 13.703703703703704 28 135
272 0 29.399671052631575 29.444444444444446 1 4
273 0 13.445723684210526 13.88888888888889 33 159
274 0 18.976151315789476 20.555555555555554 4 18
275 0 17.146381578947366 18.333333333333332 5 22
276 0 21.237664473684212 19.074074074074073 2 8
277 0 20.949835526315788 18.51851851851852 3 13
278 0 16.180098684210524 15.37037037037037 6 27
279 0 15.542763157894738 15.0 7 32
280 0 15.008223684210526 14.629629629629628 8 37
281 0 14.617598684210526 14.074074074074074 9 42
282 0 14.597039473684212 13.518518518518519 10 47
283 0 14.412006578947366 13.703703703703704 11 52
284 0 14.288651315789474 13.703703703703704 12 57
285 0 14.083059210526317 14.074074074074074 15 72
286 0 13.939144736842104 13.88888888888889 16 77
287 0 14.206414473684212 13.88888888888889 13 62
288 0 14.185855263157896 13.88888888888889 14 67
289 0 13.898026315789474 13.703703703703704 19 92
290 0 13.898026315789474 13.88888888888889 17 82
291 0 13.918585526315788 13.88888888888889 18 87
292 0 13.856907894736842 13.703703703703704 20 97
293 0 13.836348684210526 13.703703703703704 23 111
294 0 13.589638157894738 13.703703703703704 26 125
295 0 13.425164473684212 13.703703703703704 29 140
296 0 13.486842105263158 13.88888888888889 30 145
297 0 13.815789473684212 13.703703703703704 21 101
298 0 13.815789473684212 13.703703703703704 24 116
299 0 13.569078947368421 13.703703703703704 27 130
