---
0 13.959703947368421 12.0 5 
12 7 8 2 0 1 0.16488298061875262
12 4 8 8 1 1 0.12045561717871212
3 8 8 4 2 0 0.3933240334492061
0 3 7 2 11 0 0.5428365106924673
11 7 2 2 11 0 0.17855812907077584
7 7 8 2 8 1 0.4995055233035166
11 12 2 4 4 0 0.24148447142756946
7 4 8 8 8 1 0.5087983021297491
8 1 7 8 7 0 0.8759131239783873
1 1 7 0 2 0 0.47309594616611106
13 7 1 4 11 0 0.9947072254467948
7 7 1 8 0 1 0.1645355336269172
---
1 13.959703947368421 12.0 5 
3 8 8 4 2 0 0.3933240334492061
12 7 8 2 0 1 0.16488298061875262
1 1 7 0 2 0 0.47309594616611106
7 4 8 8 8 1 0.5087983021297491
11 12 2 4 4 0 0.24148447142756946
13 7 1 4 11 0 0.9947072254467948
7 7 1 8 0 1 0.1645355336269172
0 3 7 2 11 0 0.5428365106924673
8 1 7 8 7 0 0.8759131239783873
11 7 2 2 11 0 0.17855812907077584
12 4 8 8 1 1 0.12045561717871212
7 7 8 2 8 1 0.4995055233035166
---
2 13.959703947368421 12.0 5 
8 1 7 8 7 0 0.8759131239783873
7 7 8 2 8 1 0.4995055233035166
11 12 2 4 4 0 0.24148447142756946
11 7 2 2 11 0 0.17855812907077584
13 7 1 4 11 0 0.9947072254467948
1 1 7 0 2 0 0.47309594616611106
0 3 7 2 11 0 0.5428365106924673
7 7 1 8 0 1 0.1645355336269172
12 7 8 2 0 1 0.16488298061875262
7 4 8 8 8 1 0.5087983021297491
12 4 8 8 1 1 0.12045561717871212
3 8 8 4 2 0 0.3933240334492061
