---
0 14.124177631578947 14.0 5 
12 7 5 4 0 1 0.20522119120940974
12 1 13 4 4 1 0.18915308489883786
4 4 8 8 2 1 0.2554515946019422
8 1 7 8 1 0 0.8213077737822119
4 11 8 7 8 1 0.337958404264175
11 2 7 4 2 0 0.45596864076943033
12 7 8 8 2 1 0.436460724024025
7 11 8 12 7 1 0.21463881120453698
7 7 12 8 1 1 0.21848713609578385
5 7 2 4 7 0 0.9888656286871425
11 1 2 4 7 0 0.283446768734516
11 11 9 8 11 0 0.43596937293861315
4 11 7 0 1 0 0.41212019896027363
1 1 7 2 1 0 0.35156200334441157
---
1 14.103618421052634 13.0 5 
4 11 7 0 1 0 0.41212019896027363
8 1 7 8 1 0 0.8213077737822119
11 2 7 4 2 0 0.45596864076943033
5 7 2 4 7 0 0.9888656286871425
4 11 8 7 8 1 0.337958404264175
11 11 9 8 11 0 0.43596937293861315
4 4 8 8 2 1 0.2554515946019422
11 1 2 4 7 0 0.283446768734516
1 1 7 2 1 0 0.35156200334441157
7 7 12 8 1 1 0.21848713609578385
7 11 8 12 7 1 0.21463881120453698
12 7 5 4 0 1 0.20522119120940974
12 1 13 4 4 1 0.18915308489883786
---
2 14.103618421052634 13.0 5 
12 7 5 4 0 1 0.20522119120940974
7 11 8 12 7 1 0.21463881120453698
12 1 13 4 4 1 0.18915308489883786
8 1 7 8 1 0 0.8213077737822119
11 2 7 4 2 0 0.45596864076943033
4 11 8 7 8 1 0.337958404264175
4 11 7 0 1 0 0.41212019896027363
1 1 7 2 1 0 0.35156200334441157
4 4 8 8 2 1 0.2554515946019422
5 7 2 4 7 0 0.9888656286871425
11 11 9 8 11 0 0.43596937293861315
11 1 2 4 7 0 0.283446768734516
7 7 12 8 1 1 0.21848713609578385
