---
15.99835492494345 18.0 5
0 5 7 2 2 0 0.8594575908975444 
5 7 4 4 0 0 0.9955915174572523 
11 7 5 4 11 0 0.3431077193911456 
3 2 12 7 4 0 0.5821795019424929 
12 7 8 4 8 1 0.39244584482698563 
12 7 4 8 1 1 0.1786816711874013 
8 7 1 4 2 0 0.804673140164648 
3 2 8 7 4 0 0.4458453641094635 
12 7 13 4 1 1 0.19433503675874686 
7 11 8 12 1 1 0.18932664455459114 
1 6 7 4 0 0 0.6264718667601801 
1 7 4 2 1 0 0.05493741997831125 
7 4 13 4 4 0 0.07090886519190409 
7 11 8 11 12 1 0.20062799675084175 
1 4 12 5 13 1 0.3552219712575784 
1 4 1 5 1 1 0.1462361027140472 
4 2 8 8 2 1 0.1370749726777003 
1 6 7 2 7 0 0.6253699030332982 
