---
17.437795599424224 46.0 5
9 0 2 4 8 0 1.0 
14 12 4 4 2 0 1.0 
4 0 2 4 8 1 0.17235630793748102 
4 4 8 5 1 1 0.16861906550767425 
7 12 8 5 1 1 0.2435840233500699 
1 2 8 2 3 0 0.15105668848477682 
14 6 4 13 1 0 1.0 
7 0 2 4 8 1 0.24794195811441289 
11 11 1 7 1 0 0.0888285077472366 
4 11 1 2 10 1 0.15454089026922535 
11 7 11 3 3 0 0.46799728994592005 
1 3 7 8 9 0 0.4745521261462706 
4 1 13 12 7 0 0.13126024149547333 
8 7 9 0 7 1 0.16972565578929288 
8 13 13 7 11 1 0.09883353622733626 
1 7 4 8 4 1 0.0832102822924139 
2 12 12 8 2 0 0.14272705816142595 
2 8 7 7 8 0 0.8848285422465987 
1 5 3 12 1 0 0.9268801766718182 
1 9 1 4 11 0 0.8780814243957095 
4 7 8 8 6 1 0.17920198858907654 
5 7 2 5 3 0 0.99835517937092 
4 6 4 12 7 0 0.5684839495255374 
1 11 1 10 1 0 0.2647721244537986 
7 2 1 13 10 1 0.2074024186525305 
12 7 9 2 7 0 0.1588531640605193 
4 4 2 8 8 1 0.35419180076616663 
7 3 12 5 11 1 0.014331689835139771 
6 1 7 4 2 0 0.40153765764028226 
7 3 8 12 4 1 0.3222687946627747 
5 7 8 8 12 0 0.8190036110029311 
11 11 7 13 8 0 0.38236556479878536 
11 3 11 5 2 1 0.07337789570054087 
8 12 7 8 2 0 0.8036864909086043 
1 7 8 2 7 0 0.0962398029248448 
2 3 4 7 2 0 0.6190356899000683 
11 7 6 13 10 1 0.031139101890617527 
7 8 7 13 1 0 0.10980484620798925 
3 4 6 13 11 1 0.01952350007057313 
1 3 7 7 2 0 0.505240201821821 
11 12 4 12 2 0 0.21154535302046107 
1 7 8 2 11 0 0.14218309891180536 
3 4 5 11 2 0 0.4560597811815914 
11 12 13 12 4 0 0.17927200885908956 
7 11 8 4 1 1 0.11132259497756902 
11 12 4 4 2 0 0.21095254862202584 
