---
0 0 29.337993421052634 1.0 5
0 2 0 0 2 0 0.42799252352638484 
---
0 1 16.796875 5.0 5
2 11 1 2 0 0 0.41124882316462563 
11 0 13 2 7 0 0.2358903051597938 
2 2 1 2 0 0 0.5699193654689729 
7 7 4 2 0 1 0.06623389795654466 
12 7 8 2 0 1 0.24197888363790687 
---
0 2 20.949835526315788 2.0 5
12 7 8 2 0 1 0.24197888363790687 
2 2 2 1 0 0 0.4765106676857931 
---
0 3 20.949835526315788 2.0 5
2 2 2 1 0 0 0.4765106676857931 
12 7 8 2 0 1 0.24197888363790687 
---
0 4 18.46217105263158 3.0 5
2 2 1 2 0 0 0.5699193654689729 
12 7 8 2 0 1 0.24197888363790687 
11 0 13 2 7 0 0.2358903051597938 
---
0 5 18.832236842105264 4.0 5
2 2 1 2 0 0 0.5699193654689729 
7 7 4 2 0 1 0.06623389795654466 
11 0 13 2 7 0 0.2358903051597938 
12 7 8 2 0 1 0.24197888363790687 
---
0 6 18.46217105263158 3.0 5
2 2 1 2 0 0 0.5699193654689729 
11 0 13 2 7 0 0.2358903051597938 
12 7 8 2 0 1 0.24197888363790687 
---
0 7 18.832236842105264 4.0 5
12 7 8 2 0 1 0.24197888363790687 
11 0 13 2 7 0 0.2358903051597938 
7 7 4 2 0 1 0.06623389795654466 
2 2 1 2 0 0 0.5699193654689729 
---
0 8 29.379111842105267 1.0 5
1 2 0 0 4 0 0.4538240133155762 
---
0 9 16.796875 5.0 5
11 0 13 2 7 0 0.2358903051597938 
2 2 1 2 0 0 0.5699193654689729 
7 7 4 2 0 1 0.06623389795654466 
12 7 8 2 0 1 0.24197888363790687 
2 11 1 2 0 0 0.41124882316462563 
---
0 10 20.949835526315788 2.0 5
12 7 8 2 0 1 0.24197888363790687 
2 2 2 1 0 0 0.4765106676857931 
---
0 11 18.46217105263158 3.0 5
2 2 1 2 0 0 0.5699193654689729 
11 0 13 2 7 0 0.2358903051597938 
12 7 8 2 0 1 0.24197888363790687 
---
0 12 18.832236842105264 4.0 5
7 7 4 2 0 1 0.06623389795654466 
12 7 8 2 0 1 0.24197888363790687 
11 0 13 2 7 0 0.2358903051597938 
2 2 1 2 0 0 0.5699193654689729 
---
0 13 29.379111842105267 1.0 5
1 2 0 0 4 0 0.4538240133155762 
---
0 14 16.796875 5.0 5
7 7 4 2 0 1 0.06623389795654466 
2 2 1 2 0 0 0.5699193654689729 
11 0 13 2 7 0 0.2358903051597938 
2 11 1 2 0 0 0.41124882316462563 
12 7 8 2 0 1 0.24197888363790687 
---
0 15 20.949835526315788 2.0 5
12 7 8 2 0 1 0.24197888363790687 
2 2 2 1 0 0 0.4765106676857931 
---
0 16 18.46217105263158 3.0 5
12 7 8 2 0 1 0.24197888363790687 
11 0 13 2 7 0 0.2358903051597938 
2 2 1 2 0 0 0.5699193654689729 
---
0 17 18.832236842105264 4.0 5
2 2 1 2 0 0 0.5699193654689729 
11 0 13 2 7 0 0.2358903051597938 
12 7 8 2 0 1 0.24197888363790687 
7 7 4 2 0 1 0.06623389795654466 
---
0 18 29.379111842105267 1.0 5
1 2 0 0 4 0 0.4538240133155762 
---
0 19 16.796875 5.0 5
2 11 1 2 0 0 0.41124882316462563 
11 0 13 2 7 0 0.2358903051597938 
2 2 1 2 0 0 0.5699193654689729 
7 7 4 2 0 1 0.06623389795654466 
12 7 8 2 0 1 0.24197888363790687 
---
0 20 20.949835526315788 2.0 5
12 7 8 2 0 1 0.24197888363790687 
2 2 2 1 0 0 0.4765106676857931 
---
0 21 18.46217105263158 3.0 5
12 7 8 2 0 1 0.24197888363790687 
11 0 13 2 7 0 0.2358903051597938 
2 2 1 2 0 0 0.5699193654689729 
---
0 22 29.35855263157895 1.0 5
0 2 0 0 4 0 0.5034490194222394 
---
0 23 16.796875 5.0 5
2 11 1 2 0 0 0.41124882316462563 
11 0 13 2 7 0 0.2358903051597938 
2 2 1 2 0 0 0.5699193654689729 
7 7 4 2 0 1 0.06623389795654466 
12 7 8 2 0 1 0.24197888363790687 
---
0 24 20.949835526315788 2.0 5
2 2 2 1 0 0 0.4765106676857931 
12 7 8 2 0 1 0.24197888363790687 
---
0 25 18.46217105263158 3.0 5
12 7 8 2 0 1 0.24197888363790687 
11 0 13 2 7 0 0.2358903051597938 
2 2 1 2 0 0 0.5699193654689729 
---
0 26 29.379111842105267 1.0 5
2 4 0 0 2 0 0.4512495973340054 
---
0 27 16.796875 5.0 5
2 11 1 2 0 0 0.41124882316462563 
11 0 13 2 7 0 0.2358903051597938 
2 2 1 2 0 0 0.5699193654689729 
7 7 4 2 0 1 0.06623389795654466 
12 7 8 2 0 1 0.24197888363790687 
---
0 28 20.949835526315788 2.0 5
2 2 2 1 0 0 0.4765106676857931 
12 7 8 2 0 1 0.24197888363790687 
---
0 29 18.46217105263158 3.0 5
2 2 1 2 0 0 0.5699193654689729 
11 0 13 2 7 0 0.2358903051597938 
12 7 8 2 0 1 0.24197888363790687 
---
0 30 29.35855263157895 1.0 5
0 2 0 0 4 0 0.5034490194222394 
---
0 31 16.796875 5.0 5
2 11 1 2 0 0 0.41124882316462563 
11 0 13 2 7 0 0.2358903051597938 
2 2 1 2 0 0 0.5699193654689729 
7 7 4 2 0 1 0.06623389795654466 
12 7 8 2 0 1 0.24197888363790687 
---
0 32 20.949835526315788 2.0 5
12 7 8 2 0 1 0.24197888363790687 
2 2 2 1 0 0 0.4765106676857931 
---
0 33 18.46217105263158 3.0 5
12 7 8 2 0 1 0.24197888363790687 
11 0 13 2 7 0 0.2358903051597938 
2 2 1 2 0 0 0.5699193654689729 
---
1 0 29.337993421052634 1.0 5
0 2 0 1 0 0 0.5821723776007179 
---
1 1 17.125822368421055 5.0 5
7 7 4 2 0 1 0.06623389795654466 
2 11 1 2 0 0 0.3953809493041497 
2 2 1 1 1 0 0.7423953201560614 
11 0 13 2 7 0 0.2358903051597938 
12 7 8 2 0 1 0.2358523110196502 
---
1 2 21.134868421052634 2.0 5
2 2 2 1 0 0 0.5263528969439173 
12 7 8 2 0 1 0.2358523110196502 
---
1 3 19.24342105263158 3.0 5
11 0 13 2 7 0 0.2358903051597938 
2 2 1 1 0 0 0.7279797645475004 
12 7 8 2 0 1 0.24197888363790687 
---
1 4 21.134868421052634 2.0 5
2 2 2 1 0 0 0.5263528969439173 
12 7 8 2 0 1 0.2358523110196502 
---
1 5 19.24342105263158 3.0 5
11 0 13 2 7 0 0.2358903051597938 
2 2 1 1 0 0 0.7279797645475004 
12 7 8 2 0 1 0.24197888363790687 
---
1 6 29.379111842105267 1.0 5
2 2 0 2 0 0 0.44047890568479153 
---
1 7 17.125822368421055 5.0 5
7 7 4 2 0 1 0.06623389795654466 
2 11 1 2 0 0 0.3953809493041497 
2 2 1 1 1 0 0.7423953201560614 
11 0 13 2 7 0 0.2358903051597938 
12 7 8 2 0 1 0.2358523110196502 
---
1 8 21.134868421052634 2.0 5
2 2 2 1 0 0 0.5263528969439173 
12 7 8 2 0 1 0.2358523110196502 
---
1 9 19.346217105263158 3.0 5
2 2 1 1 0 0 0.7279797645475004 
11 0 13 2 7 0 0.2358903051597938 
12 7 8 2 0 1 0.2358523110196502 
---
1 10 29.35855263157895 1.0 5
2 2 0 0 2 0 0.5351797471207209 
---
1 11 17.125822368421055 5.0 5
7 7 4 2 0 1 0.06623389795654466 
2 11 1 2 0 0 0.3953809493041497 
2 2 1 1 1 0 0.7423953201560614 
11 0 13 2 7 0 0.2358903051597938 
12 7 8 2 0 1 0.2358523110196502 
---
1 12 21.134868421052634 2.0 5
2 2 2 1 0 0 0.5263528969439173 
12 7 8 2 0 1 0.2358523110196502 
---
1 13 19.24342105263158 3.0 5
11 0 13 2 7 0 0.2358903051597938 
2 2 1 1 0 0 0.7279797645475004 
12 7 8 2 0 1 0.24197888363790687 
---
1 14 29.337993421052634 1.0 5
0 2 0 1 0 0 0.5776658999053998 
---
1 15 17.125822368421055 5.0 5
2 11 1 2 0 0 0.3953809493041497 
12 7 8 2 0 1 0.2358523110196502 
7 7 4 2 0 1 0.06623389795654466 
2 2 1 1 1 0 0.7423953201560614 
11 0 13 2 7 0 0.2358903051597938 
---
1 16 21.134868421052634 2.0 5
2 2 2 1 0 0 0.5263528969439173 
12 7 8 2 0 1 0.2358523110196502 
---
1 17 19.24342105263158 3.0 5
12 7 8 2 0 1 0.24197888363790687 
2 2 1 1 0 0 0.7279797645475004 
11 0 13 2 7 0 0.2358903051597938 
---
1 18 29.35855263157895 1.0 5
2 2 0 0 2 0 0.5351797471207209 
---
1 19 17.125822368421055 5.0 5
7 7 4 2 0 1 0.06623389795654466 
2 11 1 2 0 0 0.3953809493041497 
2 2 1 1 1 0 0.7423953201560614 
11 0 13 2 7 0 0.2358903051597938 
12 7 8 2 0 1 0.2358523110196502 
---
1 20 21.134868421052634 2.0 5
2 2 2 1 0 0 0.5263528969439173 
12 7 8 2 0 1 0.2358523110196502 
---
1 21 19.24342105263158 3.0 5
11 0 13 2 7 0 0.2358903051597938 
12 7 8 2 0 1 0.24197888363790687 
2 2 1 1 0 0 0.7279797645475004 
---
1 22 29.379111842105267 1.0 5
0 1 0 0 4 0 0.39814285961646 
---
1 23 17.125822368421055 5.0 5
12 7 8 2 0 1 0.2358523110196502 
7 7 4 2 0 1 0.06623389795654466 
11 0 13 2 7 0 0.2358903051597938 
2 11 1 2 0 0 0.3953809493041497 
2 2 1 1 1 0 0.7423953201560614 
---
1 24 21.134868421052634 2.0 5
2 2 2 1 0 0 0.5263528969439173 
12 7 8 2 0 1 0.2358523110196502 
---
1 25 19.24342105263158 3.0 5
11 0 13 2 7 0 0.2358903051597938 
2 2 1 1 0 0 0.7279797645475004 
12 7 8 2 0 1 0.24197888363790687 
---
1 26 29.337993421052634 1.0 5
0 2 0 1 0 0 0.5821723776007179 
---
1 27 17.125822368421055 5.0 5
7 7 4 2 0 1 0.06623389795654466 
2 11 1 2 0 0 0.3953809493041497 
2 2 1 1 1 0 0.7423953201560614 
11 0 13 2 7 0 0.2358903051597938 
12 7 8 2 0 1 0.2358523110196502 
---
1 28 21.134868421052634 2.0 5
2 2 2 1 0 0 0.5263528969439173 
12 7 8 2 0 1 0.2358523110196502 
---
1 29 19.24342105263158 3.0 5
11 0 13 2 7 0 0.2358903051597938 
12 7 8 2 0 1 0.24197888363790687 
2 2 1 1 0 0 0.7279797645475004 
---
1 30 29.35855263157895 1.0 5
0 1 0 0 0 0 0.35118769124867577 
---
1 31 17.125822368421055 5.0 5
7 7 4 2 0 1 0.06623389795654466 
2 11 1 2 0 0 0.3953809493041497 
2 2 1 1 1 0 0.7423953201560614 
11 0 13 2 7 0 0.2358903051597938 
12 7 8 2 0 1 0.2358523110196502 
---
1 32 19.24342105263158 3.0 5
12 7 8 2 0 1 0.24197888363790687 
11 0 13 2 7 0 0.2358903051597938 
2 2 1 1 0 0 0.7279797645475004 
---
1 33 29.337993421052634 1.0 5
0 0 0 1 2 0 0.5000459138389992 
---
2 0 29.337993421052634 1.0 5
0 2 0 0 2 0 0.44699834286838636 
---
2 1 16.776315789473685 8.0 5
4 2 7 3 1 0 0.8542143156798283 
11 0 13 2 7 0 0.2358903051597938 
2 2 1 2 0 0 0.5699193654689729 
12 7 8 2 0 1 0.24197888363790687 
2 11 1 2 0 0 0.3953809493041497 
7 7 4 2 0 1 0.06623389795654466 
7 14 4 2 0 0 1.0 
4 11 12 14 3 0 0.5889571502888531 
---
2 2 21.19654605263158 2.0 5
12 7 8 2 0 1 0.24197888363790687 
2 2 1 1 1 0 0.7423953201560614 
---
2 3 18.708881578947366 3.0 5
11 0 13 2 7 0 0.2358903051597938 
12 7 8 2 0 1 0.24197888363790687 
2 2 1 1 1 0 0.7423953201560614 
---
2 4 16.714638157894736 6.0 5
11 0 13 2 7 0 0.2358903051597938 
2 11 1 2 0 0 0.3953809493041497 
2 2 1 2 0 0 0.5699193654689729 
7 7 4 2 0 1 0.06623389795654466 
12 7 8 2 0 1 0.24197888363790687 
4 11 12 14 3 0 0.5889571502888531 
---
2 5 21.19654605263158 2.0 5
2 2 1 1 1 0 0.7423953201560614 
12 7 8 2 0 1 0.24197888363790687 
---
2 6 16.796875 5.0 5
2 2 1 2 0 0 0.5699193654689729 
7 7 4 2 0 1 0.06623389795654466 
12 7 8 2 0 1 0.24197888363790687 
2 11 1 2 0 0 0.3953809493041497 
11 0 13 2 7 0 0.2358903051597938 
---
2 7 18.708881578947366 3.0 5
2 2 1 1 1 0 0.7423953201560614 
11 0 13 2 7 0 0.2358903051597938 
12 7 8 2 0 1 0.24197888363790687 
---
2 8 16.796875 5.0 5
2 2 1 2 0 0 0.5699193654689729 
7 7 4 2 0 1 0.06623389795654466 
12 7 8 2 0 1 0.24197888363790687 
2 11 1 2 0 0 0.3953809493041497 
11 0 13 2 7 0 0.2358903051597938 
---
2 9 29.337993421052634 1.0 5
0 2 0 0 2 0 0.44699834286838636 
---
2 10 16.714638157894736 8.0 5
4 2 10 3 1 1 0.35170030503400596 
11 0 13 2 7 0 0.2358903051597938 
2 2 1 2 0 0 0.5699193654689729 
12 7 8 2 0 1 0.24197888363790687 
2 11 1 2 0 0 0.3953809493041497 
7 7 4 2 0 1 0.06623389795654466 
4 11 12 14 3 0 0.5889571502888531 
2 14 11 5 0 0 1.0 
---
2 11 21.19654605263158 2.0 5
2 2 1 1 1 0 0.7423953201560614 
12 7 8 2 0 1 0.24197888363790687 
---
2 12 18.708881578947366 3.0 5
2 2 1 1 1 0 0.7423953201560614 
12 7 8 2 0 1 0.24197888363790687 
11 0 13 2 7 0 0.2358903051597938 
---
2 13 16.796875 5.0 5
2 2 1 2 0 0 0.5699193654689729 
7 7 4 2 0 1 0.06623389795654466 
12 7 8 2 0 1 0.24197888363790687 
2 11 1 2 0 0 0.3953809493041497 
11 0 13 2 7 0 0.2358903051597938 
---
2 14 29.379111842105267 1.0 5
4 2 0 0 2 0 0.413016108879382 
---
2 15 16.714638157894736 8.0 5
4 2 10 3 1 1 0.35170030503400596 
11 0 13 2 7 0 0.2358903051597938 
2 2 1 2 0 0 0.5699193654689729 
12 7 8 2 0 1 0.24197888363790687 
2 11 1 2 0 0 0.3953809493041497 
7 7 4 2 0 1 0.06623389795654466 
4 11 12 14 3 0 0.5889571502888531 
2 14 11 5 0 0 1.0 
---
2 16 21.19654605263158 2.0 5
2 2 1 1 1 0 0.7423953201560614 
12 7 8 2 0 1 0.24197888363790687 
---
2 17 18.708881578947366 3.0 5
2 2 1 1 1 0 0.7423953201560614 
12 7 8 2 0 1 0.24197888363790687 
11 0 13 2 7 0 0.2358903051597938 
---
2 18 16.796875 5.0 5
2 2 1 2 0 0 0.5699193654689729 
7 7 4 2 0 1 0.06623389795654466 
12 7 8 2 0 1 0.24197888363790687 
2 11 1 2 0 0 0.3953809493041497 
11 0 13 2 7 0 0.2358903051597938 
---
2 19 29.379111842105267 1.0 5
4 2 0 0 2 0 0.413016108879382 
---
2 20 16.714638157894736 8.0 5
4 2 10 3 1 1 0.35170030503400596 
11 0 13 2 7 0 0.2358903051597938 
2 2 1 2 0 0 0.5699193654689729 
12 7 8 2 0 1 0.24197888363790687 
2 11 1 2 0 0 0.3953809493041497 
7 7 4 2 0 1 0.06623389795654466 
4 11 12 14 3 0 0.5889571502888531 
11 3 13 2 7 0 0.20397607978676957 
---
2 21 21.19654605263158 2.0 5
2 2 1 1 1 0 0.7423953201560614 
12 7 8 2 0 1 0.24197888363790687 
---
2 22 18.708881578947366 3.0 5
11 0 13 2 7 0 0.2358903051597938 
2 2 1 1 1 0 0.7423953201560614 
12 7 8 2 0 1 0.24197888363790687 
---
2 23 16.796875 5.0 5
12 7 8 2 0 1 0.24197888363790687 
2 2 1 2 0 0 0.5699193654689729 
11 0 13 2 7 0 0.2358903051597938 
2 11 1 2 0 0 0.3953809493041497 
7 7 4 2 0 1 0.06623389795654466 
---
2 24 29.337993421052634 1.0 5
0 2 0 0 2 0 0.44699834286838636 
---
2 25 16.714638157894736 8.0 5
4 2 10 3 1 1 0.35170030503400596 
11 0 13 2 7 0 0.2358903051597938 
2 2 1 2 0 0 0.5699193654689729 
12 7 8 2 0 1 0.24197888363790687 
2 11 1 2 0 0 0.3953809493041497 
7 7 4 2 0 1 0.06623389795654466 
4 11 12 14 3 0 0.5889571502888531 
11 3 13 2 7 0 0.20397607978676957 
---
2 26 21.19654605263158 2.0 5
2 2 1 1 1 0 0.7423953201560614 
12 7 8 2 0 1 0.24197888363790687 
---
2 27 18.708881578947366 3.0 5
11 0 13 2 7 0 0.2358903051597938 
2 2 1 1 1 0 0.7423953201560614 
12 7 8 2 0 1 0.24197888363790687 
---
2 28 29.420230263157894 1.0 5
0 4 4 2 2 0 0.2280363112119108 
---
2 29 17.516447368421055 8.0 5
2 2 1 2 0 0 0.5699193654689729 
11 0 13 2 7 0 0.2358903051597938 
12 7 8 2 0 1 0.24197888363790687 
2 11 1 2 0 0 0.3953809493041497 
7 7 4 2 0 1 0.06623389795654466 
4 11 12 14 3 0 0.5889571502888531 
7 2 10 3 1 1 0.4247628142400366 
7 4 8 12 12 1 0.15262301684804247 
---
2 30 21.19654605263158 2.0 5
2 2 1 1 1 0 0.7423953201560614 
12 7 8 2 0 1 0.24197888363790687 
---
2 31 18.708881578947366 3.0 5
11 0 13 2 7 0 0.2358903051597938 
2 2 1 1 1 0 0.7423953201560614 
12 7 8 2 0 1 0.24197888363790687 
---
2 32 29.379111842105267 1.0 5
0 2 4 0 2 0 0.3748606291128074 
---
2 33 16.673519736842106 8.0 5
4 2 7 3 3 0 0.8479372248730745 
11 0 13 2 7 0 0.2358903051597938 
2 2 1 2 0 0 0.5699193654689729 
12 7 8 2 0 1 0.24197888363790687 
2 11 1 2 0 0 0.3953809493041497 
7 7 4 2 0 1 0.06623389795654466 
4 11 12 14 3 0 0.5889571502888531 
11 2 13 2 1 0 0.33316145787199436 
---
3 0 29.337993421052634 1.0 5
0 2 0 1 2 0 0.5216087583857483 
---
3 1 16.796875 5.0 5
2 2 1 2 0 0 0.5699193654689729 
12 7 8 2 0 1 0.24197888363790687 
11 0 13 2 7 0 0.2358903051597938 
2 11 1 2 0 0 0.3953809493041497 
7 7 4 2 0 1 0.06623389795654466 
---
3 2 25.575657894736842 2.0 5
2 2 0 1 2 0 0.5895613880237163 
7 7 4 2 0 1 0.12529204407064465 
---
3 3 18.46217105263158 3.0 5
12 7 8 2 0 1 0.24197888363790687 
11 0 13 2 7 0 0.2358903051597938 
2 2 1 2 0 0 0.5699193654689729 
---
3 4 18.832236842105264 4.0 5
7 7 4 2 0 1 0.06623389795654466 
12 7 8 2 0 1 0.24197888363790687 
11 0 13 2 7 0 0.2358903051597938 
2 2 1 2 0 0 0.5699193654689729 
---
3 5 18.46217105263158 3.0 5
12 7 8 2 0 1 0.24197888363790687 
11 0 13 2 7 0 0.2358903051597938 
2 2 1 2 0 0 0.5699193654689729 
---
3 6 18.832236842105264 4.0 5
7 7 4 2 0 1 0.06623389795654466 
12 7 8 2 0 1 0.24197888363790687 
11 0 13 2 7 0 0.2358903051597938 
2 2 1 2 0 0 0.5699193654689729 
---
3 7 29.337993421052634 1.0 5
0 2 0 1 2 0 0.5216087583857483 
---
3 8 16.796875 5.0 5
2 2 1 2 0 0 0.5699193654689729 
12 7 8 2 0 1 0.24197888363790687 
11 0 13 2 7 0 0.2358903051597938 
2 11 1 2 0 0 0.3953809493041497 
7 7 4 2 0 1 0.06623389795654466 
---
3 9 18.46217105263158 3.0 5
2 2 1 2 0 0 0.5699193654689729 
12 7 8 2 0 1 0.24197888363790687 
11 0 13 2 7 0 0.2358903051597938 
---
3 10 19.716282894736842 4.0 5
2 2 1 1 0 0 0.7279797645475004 
12 7 8 2 0 1 0.24197888363790687 
11 0 13 2 7 0 0.2358903051597938 
7 7 4 2 0 1 0.12529204407064465 
---
3 11 29.35855263157895 1.0 5
0 4 0 1 2 0 0.4599206067956525 
---
3 12 16.796875 5.0 5
2 11 1 2 0 0 0.3953809493041497 
7 7 4 2 0 1 0.06623389795654466 
11 0 13 2 7 0 0.2358903051597938 
12 7 8 2 0 1 0.24197888363790687 
2 2 1 2 0 0 0.5699193654689729 
---
3 13 18.46217105263158 3.0 5
12 7 8 2 0 1 0.24197888363790687 
11 0 13 2 7 0 0.2358903051597938 
2 2 1 2 0 0 0.5699193654689729 
---
3 14 19.716282894736842 4.0 5
2 2 1 1 0 0 0.7279797645475004 
12 7 8 2 0 1 0.24197888363790687 
11 0 13 2 7 0 0.2358903051597938 
7 7 4 2 0 1 0.12529204407064465 
---
3 15 29.399671052631575 1.0 5
0 1 4 1 2 0 0.39286489525847945 
---
3 16 16.796875 5.0 5
2 2 1 2 0 0 0.5699193654689729 
12 7 8 2 0 1 0.24197888363790687 
11 0 13 2 7 0 0.2358903051597938 
2 11 1 2 0 0 0.3953809493041497 
7 7 4 2 0 1 0.06623389795654466 
---
3 17 18.46217105263158 3.0 5
12 7 8 2 0 1 0.24197888363790687 
11 0 13 2 7 0 0.2358903051597938 
2 2 1 2 0 0 0.5699193654689729 
---
3 18 18.832236842105264 4.0 5
7 7 4 2 0 1 0.06623389795654466 
12 7 8 2 0 1 0.24197888363790687 
11 0 13 2 7 0 0.2358903051597938 
2 2 1 2 0 0 0.5699193654689729 
---
3 19 29.35855263157895 1.0 5
0 2 0 1 4 0 0.5850425851836447 
---
3 20 16.796875 5.0 5
2 2 1 2 0 0 0.5699193654689729 
12 7 8 2 0 1 0.24197888363790687 
11 0 13 2 7 0 0.2358903051597938 
2 11 1 2 0 0 0.3953809493041497 
7 7 4 2 0 1 0.06623389795654466 
---
3 21 18.46217105263158 3.0 5
2 2 1 2 0 0 0.5699193654689729 
12 7 8 2 0 1 0.24197888363790687 
11 0 13 2 7 0 0.2358903051597938 
---
3 22 18.832236842105264 4.0 5
7 7 4 2 0 1 0.06623389795654466 
12 7 8 2 0 1 0.24197888363790687 
11 0 13 2 7 0 0.2358903051597938 
2 2 1 2 0 0 0.5699193654689729 
---
3 23 29.35855263157895 1.0 5
1 2 0 0 2 0 0.3726641889875264 
---
3 24 16.796875 5.0 5
2 11 1 2 0 0 0.3953809493041497 
7 7 4 2 0 1 0.06623389795654466 
11 0 13 2 7 0 0.2358903051597938 
12 7 8 2 0 1 0.24197888363790687 
2 2 1 2 0 0 0.5699193654689729 
---
3 25 18.46217105263158 3.0 5
2 2 1 2 0 0 0.5699193654689729 
12 7 8 2 0 1 0.24197888363790687 
11 0 13 2 7 0 0.2358903051597938 
---
3 26 18.832236842105264 4.0 5
7 7 4 2 0 1 0.06623389795654466 
12 7 8 2 0 1 0.24197888363790687 
11 0 13 2 7 0 0.2358903051597938 
2 2 1 2 0 0 0.5699193654689729 
---
3 27 29.337993421052634 1.0 5
0 2 0 1 2 0 0.5216087583857483 
---
3 28 16.796875 5.0 5
2 2 1 2 0 0 0.5699193654689729 
12 7 8 2 0 1 0.24197888363790687 
11 0 13 2 7 0 0.2358903051597938 
2 11 1 2 0 0 0.3953809493041497 
7 7 4 2 0 1 0.06623389795654466 
---
3 29 18.46217105263158 3.0 5
12 7 8 2 0 1 0.24197888363790687 
11 0 13 2 7 0 0.2358903051597938 
2 2 1 2 0 0 0.5699193654689729 
---
3 30 18.832236842105264 4.0 5
7 7 4 2 0 1 0.06623389795654466 
12 7 8 2 0 1 0.24197888363790687 
11 0 13 2 7 0 0.2358903051597938 
2 2 1 2 0 0 0.5699193654689729 
---
3 31 29.337993421052634 1.0 5
0 2 0 1 2 0 0.5216087583857483 
---
3 32 16.796875 5.0 5
2 2 1 2 0 0 0.5699193654689729 
12 7 8 2 0 1 0.24197888363790687 
11 0 13 2 7 0 0.2358903051597938 
2 11 1 2 0 0 0.3953809493041497 
7 7 4 2 0 1 0.06623389795654466 
---
4 0 29.337993421052634 1.0 5
0 2 0 1 0 0 0.5954812418731392 
---
4 1 16.714638157894736 7.0 5
12 4 8 8 0 1 0.18927778287355412 
7 7 4 2 0 1 0.06623389795654466 
11 0 13 2 7 0 0.2358903051597938 
12 7 8 2 0 1 0.24197888363790687 
2 2 1 2 0 0 0.5699193654689729 
2 11 1 2 0 0 0.3953809493041497 
12 4 8 8 1 1 0.18640217695256056 
---
4 2 21.607730263157894 2.0 5
2 2 1 1 1 0 0.7423953201560614 
12 7 8 2 0 1 0.1448691109533573 
---
4 3 21.607730263157894 2.0 5
12 7 8 2 0 1 0.1448691109533573 
2 2 1 1 1 0 0.7423953201560614 
---
4 4 18.46217105263158 3.0 5
11 0 13 2 7 0 0.2358903051597938 
2 2 1 2 0 0 0.5699193654689729 
12 7 8 2 0 1 0.24197888363790687 
---
4 5 17.927631578947366 4.0 5
11 0 13 2 7 0 0.2358903051597938 
12 7 8 2 0 1 0.24197888363790687 
2 2 1 2 0 0 0.5699193654689729 
12 4 8 8 1 1 0.18640217695256056 
---
4 6 16.796875 5.0 5
11 0 13 2 7 0 0.2358903051597938 
12 7 8 2 0 1 0.24197888363790687 
2 2 1 2 0 0 0.5699193654689729 
7 7 4 2 0 1 0.06623389795654466 
2 11 1 2 0 0 0.3953809493041497 
---
4 7 21.361019736842106 3.0 5
2 2 1 1 1 0 0.7423953201560614 
11 0 13 2 7 0 0.2358903051597938 
12 4 8 8 0 1 0.18927778287355412 
---
4 8 16.262335526315788 6.0 5
2 2 1 2 0 0 0.5699193654689729 
12 4 8 8 1 1 0.18640217695256056 
2 11 1 2 0 0 0.3953809493041497 
11 0 13 2 7 0 0.2358903051597938 
7 7 4 2 0 1 0.06623389795654466 
12 7 8 2 0 1 0.24197888363790687 
---
4 9 17.927631578947366 4.0 5
11 0 13 2 7 0 0.2358903051597938 
12 7 8 2 0 1 0.24197888363790687 
2 2 1 2 0 0 0.5699193654689729 
12 4 8 8 1 1 0.18640217695256056 
---
4 10 16.796875 5.0 5
12 7 8 2 0 1 0.24197888363790687 
2 2 1 2 0 0 0.5699193654689729 
2 11 1 2 0 0 0.3953809493041497 
11 0 13 2 7 0 0.2358903051597938 
7 7 4 2 0 1 0.06623389795654466 
---
4 11 16.262335526315788 6.0 5
2 2 1 2 0 0 0.5699193654689729 
12 4 8 8 1 1 0.18640217695256056 
2 11 1 2 0 0 0.3953809493041497 
11 0 13 2 7 0 0.2358903051597938 
7 7 4 2 0 1 0.06623389795654466 
12 7 8 2 0 1 0.24197888363790687 
---
4 12 29.337993421052634 1.0 5
0 2 0 1 0 0 0.5954812418731392 
---
4 13 16.714638157894736 7.0 5
12 4 8 8 0 1 0.18927778287355412 
7 7 4 2 0 1 0.06623389795654466 
11 0 13 2 7 0 0.2358903051597938 
12 7 8 2 0 1 0.24197888363790687 
2 2 1 2 0 0 0.5699193654689729 
2 11 1 2 0 0 0.3953809493041497 
12 4 8 8 1 1 0.18640217695256056 
---
4 14 21.607730263157894 2.0 5
12 7 8 2 0 1 0.1448691109533573 
2 2 1 1 1 0 0.7423953201560614 
---
4 15 18.46217105263158 3.0 5
11 0 13 2 7 0 0.2358903051597938 
12 7 8 2 0 1 0.24197888363790687 
2 2 1 2 0 0 0.5699193654689729 
---
4 16 17.927631578947366 4.0 5
11 0 13 2 7 0 0.2358903051597938 
12 7 8 2 0 1 0.24197888363790687 
2 2 1 2 0 0 0.5699193654689729 
12 4 8 8 1 1 0.18640217695256056 
---
4 17 16.796875 5.0 5
11 0 13 2 7 0 0.2358903051597938 
12 7 8 2 0 1 0.24197888363790687 
2 2 1 2 0 0 0.5699193654689729 
7 7 4 2 0 1 0.06623389795654466 
2 11 1 2 0 0 0.3953809493041497 
---
4 18 16.262335526315788 6.0 5
7 7 4 2 0 1 0.06623389795654466 
2 11 1 2 0 0 0.3953809493041497 
11 0 13 2 7 0 0.2358903051597938 
12 7 8 2 0 1 0.24197888363790687 
12 4 8 8 1 1 0.18640217695256056 
2 2 1 2 0 0 0.5699193654689729 
---
4 19 29.337993421052634 1.0 5
0 2 0 1 0 0 0.5954812418731392 
---
4 20 16.714638157894736 7.0 5
12 4 8 8 1 1 0.18640217695256056 
7 7 4 2 0 1 0.06623389795654466 
2 11 1 2 0 0 0.3953809493041497 
12 4 8 8 0 1 0.18927778287355412 
12 7 8 2 0 1 0.24197888363790687 
2 2 1 2 0 0 0.5699193654689729 
11 0 13 2 7 0 0.2358903051597938 
---
4 21 21.607730263157894 2.0 5
2 2 1 1 1 0 0.7423953201560614 
12 7 8 2 0 1 0.1448691109533573 
---
4 22 18.46217105263158 3.0 5
12 7 8 2 0 1 0.24197888363790687 
2 2 1 2 0 0 0.5699193654689729 
11 0 13 2 7 0 0.2358903051597938 
---
4 23 17.927631578947366 4.0 5
11 0 13 2 7 0 0.2358903051597938 
12 7 8 2 0 1 0.24197888363790687 
2 2 1 2 0 0 0.5699193654689729 
12 4 8 8 1 1 0.18640217695256056 
---
4 24 16.796875 5.0 5
12 7 8 2 0 1 0.24197888363790687 
2 2 1 2 0 0 0.5699193654689729 
2 11 1 2 0 0 0.3953809493041497 
11 0 13 2 7 0 0.2358903051597938 
7 7 4 2 0 1 0.06623389795654466 
---
4 25 16.262335526315788 6.0 5
2 2 1 2 0 0 0.5699193654689729 
12 4 8 8 1 1 0.18640217695256056 
2 11 1 2 0 0 0.3953809493041497 
11 0 13 2 7 0 0.2358903051597938 
7 7 4 2 0 1 0.06623389795654466 
12 7 8 2 0 1 0.24197888363790687 
---
4 26 29.337993421052634 1.0 5
0 2 0 1 0 0 0.5954812418731392 
---
4 27 21.607730263157894 2.0 5
2 2 1 1 1 0 0.7423953201560614 
12 7 8 2 0 1 0.1448691109533573 
---
4 28 18.46217105263158 3.0 5
12 7 8 2 0 1 0.24197888363790687 
2 2 1 2 0 0 0.5699193654689729 
11 0 13 2 7 0 0.2358903051597938 
---
4 29 17.927631578947366 4.0 5
11 0 13 2 7 0 0.2358903051597938 
12 7 8 2 0 1 0.24197888363790687 
2 2 1 2 0 0 0.5699193654689729 
12 4 8 8 1 1 0.18640217695256056 
---
4 30 16.796875 5.0 5
12 7 8 2 0 1 0.24197888363790687 
2 2 1 2 0 0 0.5699193654689729 
11 0 13 2 7 0 0.2358903051597938 
2 11 1 2 0 0 0.3953809493041497 
7 7 4 2 0 1 0.06623389795654466 
---
4 31 16.262335526315788 6.0 5
2 2 1 2 0 0 0.5699193654689729 
12 4 8 8 1 1 0.18640217695256056 
2 11 1 2 0 0 0.3953809493041497 
11 0 13 2 7 0 0.2358903051597938 
7 7 4 2 0 1 0.06623389795654466 
12 7 8 2 0 1 0.24197888363790687 
---
4 32 29.337993421052634 1.0 5
0 2 0 1 0 0 0.5954812418731392 
---
5 0 29.337993421052634 1.0 5
0 0 0 1 0 0 0.514402482264051 
---
5 1 16.262335526315788 6.0 5
12 7 8 2 0 1 0.24197888363790687 
2 2 1 2 0 0 0.5699193654689729 
11 0 13 2 7 0 0.2358903051597938 
7 7 4 2 0 1 0.06623389795654466 
2 11 1 2 0 0 0.3953809493041497 
12 4 8 8 1 1 0.18640217695256056 
---
5 2 21.443256578947366 2.0 5
2 2 1 1 7 0 0.795539429847083 
12 7 8 2 0 1 0.2170733437435468 
---
5 3 19.449013157894736 4.0 5
7 7 4 2 0 1 0.06623389795654466 
2 11 1 2 0 0 0.3953809493041497 
12 7 8 2 0 1 0.2170733437435468 
2 2 1 1 7 0 0.795539429847083 
---
5 4 18.46217105263158 3.0 5
2 2 1 2 0 0 0.5699193654689729 
12 7 8 2 0 1 0.24197888363790687 
11 0 13 2 7 0 0.2358903051597938 
---
5 5 21.443256578947366 2.0 5
2 2 1 1 7 0 0.795539429847083 
12 7 8 2 0 1 0.2170733437435468 
---
5 6 18.46217105263158 3.0 5
11 0 13 2 7 0 0.2358903051597938 
12 7 8 2 0 1 0.24197888363790687 
2 2 1 2 0 0 0.5699193654689729 
---
5 7 16.796875 5.0 5
12 7 8 2 0 1 0.24197888363790687 
2 2 1 2 0 0 0.5699193654689729 
7 7 4 2 0 1 0.06623389795654466 
2 11 1 2 0 0 0.3953809493041497 
11 0 13 2 7 0 0.2358903051597938 
---
5 8 16.796875 5.0 5
7 7 4 2 0 1 0.06623389795654466 
2 11 1 2 0 0 0.3953809493041497 
11 0 13 2 7 0 0.2358903051597938 
12 7 8 2 0 1 0.24197888363790687 
2 2 1 2 0 0 0.5699193654689729 
---
5 9 29.420230263157894 1.0 5
0 0 4 4 4 0 0.4277873201817739 
---
5 10 16.262335526315788 6.0 5
12 7 8 2 0 1 0.24197888363790687 
2 2 1 2 0 0 0.5699193654689729 
11 0 13 2 7 0 0.2358903051597938 
7 7 4 2 0 1 0.06623389795654466 
2 11 1 2 0 0 0.3953809493041497 
12 4 8 8 1 1 0.18640217695256056 
---
5 11 21.443256578947366 2.0 5
2 2 1 1 7 0 0.795539429847083 
12 7 8 2 0 1 0.2170733437435468 
---
5 12 18.46217105263158 3.0 5
12 7 8 2 0 1 0.24197888363790687 
2 2 1 2 0 0 0.5699193654689729 
11 0 13 2 7 0 0.2358903051597938 
---
5 13 16.796875 5.0 5
12 7 8 2 0 1 0.24197888363790687 
2 2 1 2 0 0 0.5699193654689729 
7 7 4 2 0 1 0.06623389795654466 
2 11 1 2 0 0 0.3953809493041497 
11 0 13 2 7 0 0.2358903051597938 
---
5 14 29.337993421052634 1.0 5
0 0 0 1 0 0 0.514402482264051 
---
5 15 16.262335526315788 6.0 5
11 0 13 2 7 0 0.2358903051597938 
2 11 1 2 0 0 0.3953809493041497 
12 4 8 8 1 1 0.18640217695256056 
7 7 4 2 0 1 0.06623389795654466 
2 2 1 2 0 0 0.5699193654689729 
12 7 8 2 0 1 0.24197888363790687 
---
5 16 21.443256578947366 2.0 5
2 2 1 1 7 0 0.795539429847083 
12 7 8 2 0 1 0.2170733437435468 
---
5 17 18.46217105263158 3.0 5
12 7 8 2 0 1 0.24197888363790687 
2 2 1 2 0 0 0.5699193654689729 
11 0 13 2 7 0 0.2358903051597938 
---
5 18 16.796875 5.0 5
12 7 8 2 0 1 0.24197888363790687 
2 2 1 2 0 0 0.5699193654689729 
7 7 4 2 0 1 0.06623389795654466 
2 11 1 2 0 0 0.3953809493041497 
11 0 13 2 7 0 0.2358903051597938 
---
5 19 29.481907894736842 1.0 5
4 4 4 2 1 0 0.31230990503952394 
---
5 20 16.262335526315788 6.0 5
11 0 13 2 7 0 0.2358903051597938 
2 11 1 2 0 0 0.3953809493041497 
12 4 8 8 1 1 0.18640217695256056 
7 7 4 2 0 1 0.06623389795654466 
2 2 1 2 0 0 0.5699193654689729 
12 7 8 2 0 1 0.24197888363790687 
---
5 21 21.443256578947366 2.0 5
2 2 1 1 7 0 0.795539429847083 
12 7 8 2 0 1 0.2170733437435468 
---
5 22 18.46217105263158 3.0 5
12 7 8 2 0 1 0.24197888363790687 
2 2 1 2 0 0 0.5699193654689729 
11 0 13 2 7 0 0.2358903051597938 
---
5 23 16.796875 5.0 5
12 7 8 2 0 1 0.24197888363790687 
2 2 1 2 0 0 0.5699193654689729 
7 7 4 2 0 1 0.06623389795654466 
2 11 1 2 0 0 0.3953809493041497 
11 0 13 2 7 0 0.2358903051597938 
---
5 24 29.379111842105267 1.0 5
0 0 0 4 4 0 0.4320659779361382 
---
5 25 17.886513157894736 6.0 5
2 2 7 2 0 0 0.7218380262167121 
11 0 13 2 7 0 0.2358903051597938 
2 11 1 2 0 0 0.3953809493041497 
12 7 8 2 0 1 0.24197888363790687 
7 7 4 2 0 1 0.06623389795654466 
12 7 13 13 11 1 0.5237847178163522 
---
5 26 21.443256578947366 2.0 5
2 2 1 1 7 0 0.795539429847083 
12 7 8 2 0 1 0.2170733437435468 
---
5 27 18.46217105263158 3.0 5
12 7 8 2 0 1 0.24197888363790687 
11 0 13 2 7 0 0.2358903051597938 
2 2 1 2 0 0 0.5699193654689729 
---
5 28 16.796875 5.0 5
12 7 8 2 0 1 0.24197888363790687 
2 2 1 2 0 0 0.5699193654689729 
7 7 4 2 0 1 0.06623389795654466 
2 11 1 2 0 0 0.3953809493041497 
11 0 13 2 7 0 0.2358903051597938 
---
5 29 29.379111842105267 1.0 5
0 0 0 4 4 0 0.4320659779361382 
---
5 30 16.262335526315788 6.0 5
12 7 8 2 0 1 0.24197888363790687 
2 2 1 2 0 0 0.5699193654689729 
11 0 13 2 7 0 0.2358903051597938 
7 7 4 2 0 1 0.06623389795654466 
2 11 1 2 0 0 0.3953809493041497 
12 4 8 8 1 1 0.18640217695256056 
---
5 31 21.443256578947366 2.0 5
2 2 1 1 7 0 0.795539429847083 
12 7 8 2 0 1 0.2170733437435468 
---
5 32 18.46217105263158 3.0 5
12 7 8 2 0 1 0.24197888363790687 
11 0 13 2 7 0 0.2358903051597938 
2 2 1 2 0 0 0.5699193654689729 
---
6 0 29.337993421052634 1.0 5
0 2 0 0 2 0 0.45035713796038357 
---
6 1 17.804276315789476 7.0 5
3 2 7 4 1 0 0.6277534001271782 
11 0 13 2 7 0 0.2358903051597938 
12 7 8 2 0 1 0.24197888363790687 
12 8 7 2 11 0 0.8565681304216606 
2 11 1 2 0 0 0.3953809493041497 
7 7 4 2 0 1 0.06623389795654466 
11 11 1 2 7 1 0.05221973154867199 
---
6 2 21.19654605263158 2.0 5
12 7 8 2 0 1 0.24197888363790687 
2 2 1 1 0 0 0.7129684485932202 
---
6 3 18.421052631578945 5.0 5
2 2 7 4 2 0 0.7923101336311014 
11 0 13 2 7 0 0.2358903051597938 
12 7 8 2 0 1 0.24197888363790687 
12 8 7 2 11 0 0.8565681304216606 
3 4 3 2 4 0 0.5337595992516135 
---
6 4 21.19654605263158 2.0 5
12 7 8 2 0 1 0.24197888363790687 
2 2 1 1 0 0 0.7129684485932202 
---
6 5 19.490131578947366 3.0 5
12 7 8 2 0 1 0.24197888363790687 
2 2 7 4 1 0 0.8365375709106808 
11 0 13 2 7 0 0.2358903051597938 
---
6 6 17.783717105263158 6.0 5
2 2 7 4 7 0 0.8696877436091706 
11 0 13 2 7 0 0.2358903051597938 
12 7 8 2 0 1 0.24197888363790687 
2 11 1 2 0 0 0.3953809493041497 
7 7 4 2 0 1 0.06623389795654466 
1 1 8 13 8 1 0.62844102617913 
---
6 7 17.783717105263158 6.0 5
2 2 7 4 7 0 0.8696877436091706 
11 0 13 2 7 0 0.2358903051597938 
12 7 8 2 0 1 0.24197888363790687 
2 11 1 2 0 0 0.3953809493041497 
7 7 4 2 0 1 0.06623389795654466 
1 1 8 13 8 1 0.62844102617913 
---
6 8 19.490131578947366 3.0 5
11 0 13 2 7 0 0.2358903051597938 
2 2 7 4 1 0 0.8365375709106808 
12 7 8 2 0 1 0.24197888363790687 
---
6 9 18.421052631578945 4.0 5
11 0 13 2 7 0 0.2358903051597938 
7 7 4 2 0 1 0.06623389795654466 
2 2 7 4 1 0 0.8365375709106808 
12 7 8 2 0 1 0.24197888363790687 
---
6 10 19.346217105263158 4.0 5
0 2 2 2 2 0 0.14654583819745737 
2 2 7 4 1 0 0.8365375709106808 
12 7 8 2 0 1 0.24197888363790687 
11 0 13 2 7 0 0.2358903051597938 
---
6 11 29.337993421052634 1.0 5
0 2 0 0 2 0 0.45035713796038357 
---
6 12 17.804276315789476 7.0 5
3 2 7 4 1 0 0.6277534001271782 
11 0 13 2 7 0 0.2358903051597938 
12 7 8 2 0 1 0.24197888363790687 
12 8 7 2 11 0 0.8565681304216606 
2 11 1 2 0 0 0.3953809493041497 
7 7 4 2 0 1 0.06623389795654466 
11 11 1 2 7 1 0.05221973154867199 
---
6 13 21.19654605263158 2.0 5
12 7 8 2 0 1 0.24197888363790687 
2 2 1 1 0 0 0.7129684485932202 
---
6 14 17.208059210526315 6.0 5
11 0 13 2 7 0 0.2358903051597938 
12 7 8 2 0 1 0.24197888363790687 
2 11 1 2 0 0 0.3953809493041497 
11 0 13 12 8 1 0.549888797888842 
2 2 1 4 1 0 0.7047042990094332 
7 7 4 2 0 1 0.06623389795654466 
---
6 15 19.490131578947366 3.0 5
2 2 7 4 1 0 0.8365375709106808 
12 7 8 2 0 1 0.24197888363790687 
11 0 13 2 7 0 0.2358903051597938 
---
6 16 19.346217105263158 4.0 5
0 2 2 2 2 0 0.14654583819745737 
2 2 7 4 1 0 0.8365375709106808 
12 7 8 2 0 1 0.24197888363790687 
11 0 13 2 7 0 0.2358903051597938 
---
6 17 29.399671052631575 1.0 5
2 2 4 0 2 0 0.4741520630359215 
---
6 18 21.19654605263158 2.0 5
2 2 1 1 0 0 0.7129684485932202 
12 7 8 2 0 1 0.24197888363790687 
---
6 19 17.783717105263158 6.0 5
2 2 7 4 7 0 0.8696877436091706 
11 0 13 2 7 0 0.2358903051597938 
12 7 8 2 0 1 0.24197888363790687 
2 11 1 2 0 0 0.3953809493041497 
7 7 4 2 0 1 0.06623389795654466 
1 1 8 13 8 1 0.62844102617913 
---
6 20 19.490131578947366 3.0 5
2 2 7 4 1 0 0.8365375709106808 
11 0 13 2 7 0 0.2358903051597938 
12 7 8 2 0 1 0.24197888363790687 
---
6 21 19.346217105263158 4.0 5
0 2 2 2 2 0 0.14654583819745737 
2 2 7 4 1 0 0.8365375709106808 
12 7 8 2 0 1 0.24197888363790687 
11 0 13 2 7 0 0.2358903051597938 
---
6 22 29.337993421052634 1.0 5
0 2 0 1 2 0 0.5309679961803879 
---
6 23 21.19654605263158 2.0 5
12 7 8 2 0 1 0.24197888363790687 
2 2 1 1 0 0 0.7129684485932202 
---
6 24 17.783717105263158 6.0 5
2 2 7 4 7 0 0.8696877436091706 
11 0 13 2 7 0 0.2358903051597938 
12 7 8 2 0 1 0.24197888363790687 
2 11 1 2 0 0 0.3953809493041497 
7 7 4 2 0 1 0.06623389795654466 
1 1 8 13 8 1 0.62844102617913 
---
6 25 19.490131578947366 3.0 5
2 2 7 4 1 0 0.8365375709106808 
12 7 8 2 0 1 0.24197888363790687 
11 0 13 2 7 0 0.2358903051597938 
---
6 26 19.346217105263158 4.0 5
0 2 2 2 2 0 0.14654583819745737 
2 2 7 4 1 0 0.8365375709106808 
12 7 8 2 0 1 0.24197888363790687 
11 0 13 2 7 0 0.2358903051597938 
---
6 27 29.337993421052634 1.0 5
0 2 0 0 2 0 0.45035713796038357 
---
6 28 21.19654605263158 2.0 5
12 7 8 2 0 1 0.24197888363790687 
2 2 1 1 0 0 0.7129684485932202 
---
6 29 17.783717105263158 6.0 5
2 2 7 4 7 0 0.8696877436091706 
11 0 13 2 7 0 0.2358903051597938 
12 7 8 2 0 1 0.24197888363790687 
2 11 1 2 0 0 0.3953809493041497 
7 7 4 2 0 1 0.06623389795654466 
1 1 8 13 8 1 0.62844102617913 
---
6 30 19.490131578947366 3.0 5
2 2 7 4 1 0 0.8365375709106808 
12 7 8 2 0 1 0.24197888363790687 
11 0 13 2 7 0 0.2358903051597938 
---
6 31 18.421052631578945 4.0 5
11 0 13 2 7 0 0.2358903051597938 
7 7 4 2 0 1 0.06623389795654466 
2 2 7 4 1 0 0.8365375709106808 
12 7 8 2 0 1 0.24197888363790687 
---
6 32 21.19654605263158 2.0 5
12 7 8 2 0 1 0.24197888363790687 
2 2 1 1 0 0 0.7129684485932202 
---
7 0 29.337993421052634 1.0 5
0 2 0 0 2 0 0.4175090563432249 
---
7 1 17.393092105263158 8.0 5
2 2 1 4 1 0 0.7047042990094332 
2 2 1 1 1 0 0.7675183216090711 
12 7 8 2 0 1 0.24197888363790687 
11 0 13 2 7 0 0.20063243383300233 
7 7 4 2 0 1 0.06623389795654466 
2 11 1 2 0 0 0.3953809493041497 
2 0 13 2 7 0 0.09156420721722802 
4 4 2 13 1 1 0.22651738819579337 
---
7 2 21.09375 2.0 5
12 7 8 2 0 1 0.24197888363790687 
2 2 1 1 1 0 0.7675183216090711 
---
7 3 18.626644736842106 3.0 5
2 2 1 1 1 0 0.7675183216090711 
12 7 8 2 0 1 0.24197888363790687 
11 0 13 2 7 0 0.2358903051597938 
---
7 4 21.09375 2.0 5
12 7 8 2 0 1 0.24197888363790687 
2 2 1 1 1 0 0.7675183216090711 
---
7 5 17.166940789473685 5.0 5
7 7 4 2 0 1 0.06623389795654466 
2 11 1 2 0 0 0.3953809493041497 
2 2 1 1 1 0 0.7675183216090711 
12 7 8 2 0 1 0.24197888363790687 
11 0 13 2 7 0 0.20063243383300233 
---
7 6 17.249177631578945 6.0 5
2 11 1 2 0 0 0.3953809493041497 
7 7 4 2 0 1 0.06623389795654466 
12 7 8 2 0 1 0.24197888363790687 
2 2 1 4 1 0 0.7047042990094332 
2 2 1 1 1 0 0.7675183216090711 
11 0 13 2 7 0 0.20063243383300233 
---
7 7 17.249177631578945 6.0 5
2 11 1 2 0 0 0.3953809493041497 
7 7 4 2 0 1 0.06623389795654466 
12 7 8 2 0 1 0.24197888363790687 
2 2 1 4 1 0 0.7047042990094332 
2 2 1 1 1 0 0.7675183216090711 
11 0 13 2 7 0 0.20063243383300233 
---
7 8 18.667763157894736 3.0 5
11 0 13 2 7 0 0.20063243383300233 
12 7 8 2 0 1 0.24197888363790687 
2 2 1 1 1 0 0.7675183216090711 
---
7 9 17.166940789473685 5.0 5
7 7 4 2 0 1 0.06623389795654466 
2 11 1 2 0 0 0.3953809493041497 
2 2 1 1 1 0 0.7675183216090711 
12 7 8 2 0 1 0.24197888363790687 
11 0 13 2 7 0 0.20063243383300233 
---
7 10 29.399671052631575 1.0 5
0 2 4 4 2 0 0.40640833103892116 
---
7 11 17.393092105263158 8.0 5
12 7 8 2 0 1 0.24197888363790687 
7 7 4 2 0 1 0.06623389795654466 
2 11 1 2 0 0 0.3953809493041497 
12 7 8 2 0 1 0.24197888363790687 
4 4 2 13 1 1 0.22651738819579337 
11 0 13 2 7 0 0.20063243383300233 
2 2 1 4 1 0 0.7047042990094332 
2 2 1 1 1 0 0.7675183216090711 
---
7 12 21.09375 2.0 5
12 7 8 2 0 1 0.24197888363790687 
2 2 1 1 1 0 0.7675183216090711 
---
7 13 17.249177631578945 6.0 5
2 11 1 2 0 0 0.3953809493041497 
7 7 4 2 0 1 0.06623389795654466 
12 7 8 2 0 1 0.24197888363790687 
2 2 1 4 1 0 0.7047042990094332 
2 2 1 1 1 0 0.7675183216090711 
11 0 13 2 7 0 0.20063243383300233 
---
7 14 18.667763157894736 3.0 5
11 0 13 2 7 0 0.20063243383300233 
12 7 8 2 0 1 0.24197888363790687 
2 2 1 1 1 0 0.7675183216090711 
---
7 15 17.166940789473685 5.0 5
7 7 4 2 0 1 0.06623389795654466 
2 11 1 2 0 0 0.3953809493041497 
2 2 1 1 1 0 0.7675183216090711 
12 7 8 2 0 1 0.24197888363790687 
11 0 13 2 7 0 0.20063243383300233 
---
7 16 29.399671052631575 1.0 5
4 0 2 1 2 0 0.3654907447960727 
---
7 17 17.393092105263158 8.0 5
2 2 1 4 1 0 0.7047042990094332 
2 2 1 1 1 0 0.7675183216090711 
12 7 8 2 0 1 0.24197888363790687 
11 0 13 2 7 0 0.20063243383300233 
7 7 4 2 0 1 0.06623389795654466 
2 11 1 2 0 0 0.3953809493041497 
2 0 13 2 7 0 0.09156420721722802 
4 4 2 13 1 1 0.22651738819579337 
---
7 18 21.09375 2.0 5
12 7 8 2 0 1 0.24197888363790687 
2 2 1 1 1 0 0.7675183216090711 
---
7 19 17.249177631578945 6.0 5
2 11 1 2 0 0 0.3953809493041497 
7 7 4 2 0 1 0.06623389795654466 
12 7 8 2 0 1 0.24197888363790687 
2 2 1 4 1 0 0.7047042990094332 
2 2 1 1 1 0 0.7675183216090711 
11 0 13 2 7 0 0.20063243383300233 
---
7 20 18.667763157894736 3.0 5
12 7 8 2 0 1 0.24197888363790687 
2 2 1 1 1 0 0.7675183216090711 
11 0 13 2 7 0 0.20063243383300233 
---
7 21 17.166940789473685 5.0 5
2 11 1 2 0 0 0.3953809493041497 
12 7 8 2 0 1 0.24197888363790687 
2 2 1 1 1 0 0.7675183216090711 
11 0 13 2 7 0 0.20063243383300233 
7 7 4 2 0 1 0.06623389795654466 
---
7 22 29.399671052631575 1.0 5
0 2 4 4 2 0 0.40640833103892116 
---
7 23 17.393092105263158 8.0 5
2 2 1 4 1 0 0.7047042990094332 
2 2 1 1 1 0 0.7675183216090711 
12 7 8 2 0 1 0.24197888363790687 
11 0 13 2 7 0 0.20063243383300233 
7 7 4 2 0 1 0.06623389795654466 
2 11 1 2 0 0 0.3953809493041497 
2 0 13 2 7 0 0.09156420721722802 
4 4 2 13 1 1 0.22651738819579337 
---
7 24 17.249177631578945 6.0 5
2 11 1 2 0 0 0.3953809493041497 
7 7 4 2 0 1 0.06623389795654466 
12 7 8 2 0 1 0.24197888363790687 
2 2 1 4 1 0 0.7047042990094332 
2 2 1 1 1 0 0.7675183216090711 
11 0 13 2 7 0 0.20063243383300233 
---
7 25 18.667763157894736 3.0 5
11 0 13 2 7 0 0.20063243383300233 
12 7 8 2 0 1 0.24197888363790687 
2 2 1 1 1 0 0.7675183216090711 
---
7 26 17.166940789473685 5.0 5
7 7 4 2 0 1 0.06623389795654466 
2 11 1 2 0 0 0.3953809493041497 
2 2 1 1 1 0 0.7675183216090711 
12 7 8 2 0 1 0.24197888363790687 
11 0 13 2 7 0 0.20063243383300233 
---
7 27 29.337993421052634 1.0 5
0 2 0 0 2 0 0.4175090563432249 
---
7 28 17.393092105263158 8.0 5
4 4 2 13 1 1 0.22651738819579337 
12 7 8 2 0 1 0.24197888363790687 
7 7 4 2 0 1 0.06623389795654466 
2 11 1 2 0 0 0.3953809493041497 
2 2 1 1 1 0 0.7675183216090711 
2 2 1 4 1 0 0.7047042990094332 
12 7 8 2 0 1 0.24197888363790687 
11 0 13 2 7 0 0.20063243383300233 
---
7 29 17.249177631578945 6.0 5
2 11 1 2 0 0 0.3953809493041497 
7 7 4 2 0 1 0.06623389795654466 
12 7 8 2 0 1 0.24197888363790687 
2 2 1 4 1 0 0.7047042990094332 
2 2 1 1 1 0 0.7675183216090711 
11 0 13 2 7 0 0.20063243383300233 
---
7 30 18.626644736842106 3.0 5
2 2 1 1 1 0 0.7675183216090711 
12 7 8 2 0 1 0.24197888363790687 
11 0 13 2 7 0 0.2358903051597938 
---
7 31 17.166940789473685 5.0 5
7 7 4 2 0 1 0.06623389795654466 
2 11 1 2 0 0 0.3953809493041497 
2 2 1 1 1 0 0.7675183216090711 
12 7 8 2 0 1 0.24197888363790687 
11 0 13 2 7 0 0.20063243383300233 
---
7 32 29.35855263157895 1.0 5
0 2 0 2 0 0 0.3420807872454168 
---
8 0 29.337993421052634 1.0 5
0 2 0 0 2 0 0.426469618241895 
---
8 1 16.776315789473685 6.0 5
4 8 12 1 11 0 0.668808837465015 
12 7 8 2 0 1 0.24197888363790687 
2 11 1 2 0 0 0.41124882316462563 
7 7 4 2 0 1 0.06623389795654466 
11 0 13 2 7 0 0.2358903051597938 
2 2 1 2 4 0 0.5662171860011191 
---
8 2 21.463815789473685 2.0 5
12 7 8 2 0 1 0.24197888363790687 
2 2 1 1 7 0 0.8197658500900832 
---
8 3 21.463815789473685 2.0 5
2 2 1 1 7 0 0.8197658500900832 
12 7 8 2 0 1 0.24197888363790687 
---
8 4 17.804276315789476 5.0 5
12 7 8 2 0 1 0.24197888363790687 
2 2 1 1 0 0 0.7220192348171866 
11 0 13 2 7 0 0.2358903051597938 
2 11 1 2 0 0 0.41124882316462563 
7 7 4 2 0 1 0.06623389795654466 
---
8 5 19.099506578947366 4.0 5
11 0 13 2 7 0 0.2358903051597938 
2 2 1 1 7 0 0.8197658500900832 
12 7 8 2 0 1 0.24197888363790687 
7 7 4 2 0 1 0.06623389795654466 
---
8 6 17.804276315789476 5.0 5
2 11 1 2 0 0 0.41124882316462563 
12 7 8 2 0 1 0.24197888363790687 
11 0 13 2 7 0 0.2358903051597938 
2 2 1 1 0 0 0.7220192348171866 
7 7 4 2 0 1 0.06623389795654466 
---
8 7 19.449013157894736 3.0 5
12 7 8 2 0 1 0.24197888363790687 
2 2 1 1 7 0 0.8197658500900832 
11 0 13 2 7 0 0.2358903051597938 
---
8 8 19.449013157894736 3.0 5
12 7 8 2 0 1 0.24197888363790687 
2 2 1 1 7 0 0.8197658500900832 
11 0 13 2 7 0 0.2358903051597938 
---
8 9 19.099506578947366 4.0 5
2 2 1 1 7 0 0.8197658500900832 
11 0 13 2 7 0 0.2358903051597938 
12 7 8 2 0 1 0.24197888363790687 
7 7 4 2 0 1 0.06623389795654466 
---
8 10 29.337993421052634 1.0 5
0 2 0 0 2 0 0.426469618241895 
---
8 11 16.776315789473685 6.0 5
4 8 12 1 11 0 0.668808837465015 
12 7 8 2 0 1 0.24197888363790687 
2 11 1 2 0 0 0.41124882316462563 
7 7 4 2 0 1 0.06623389795654466 
11 0 13 2 7 0 0.2358903051597938 
2 2 1 2 4 0 0.5662171860011191 
---
8 12 21.463815789473685 2.0 5
12 7 8 2 0 1 0.24197888363790687 
2 2 1 1 7 0 0.8197658500900832 
---
8 13 17.804276315789476 5.0 5
12 7 8 2 0 1 0.24197888363790687 
2 2 1 1 0 0 0.7220192348171866 
11 0 13 2 7 0 0.2358903051597938 
2 11 1 2 0 0 0.41124882316462563 
7 7 4 2 0 1 0.06623389795654466 
---
8 14 19.449013157894736 3.0 5
2 2 1 1 7 0 0.8197658500900832 
12 7 8 2 0 1 0.24197888363790687 
11 0 13 2 7 0 0.2358903051597938 
---
8 15 19.099506578947366 4.0 5
11 0 13 2 7 0 0.2358903051597938 
7 7 4 2 0 1 0.06623389795654466 
12 7 8 2 0 1 0.24197888363790687 
2 2 1 1 7 0 0.8197658500900832 
---
8 16 29.337993421052634 1.0 5
0 2 0 0 2 0 0.426469618241895 
---
8 17 16.776315789473685 6.0 5
4 8 12 1 11 0 0.668808837465015 
12 7 8 2 0 1 0.24197888363790687 
2 11 1 2 0 0 0.41124882316462563 
7 7 4 2 0 1 0.06623389795654466 
11 0 13 2 7 0 0.2358903051597938 
2 2 1 2 4 0 0.5662171860011191 
---
8 18 21.463815789473685 2.0 5
2 2 1 1 7 0 0.8197658500900832 
12 7 8 2 0 1 0.24197888363790687 
---
8 19 17.804276315789476 5.0 5
12 7 8 2 0 1 0.24197888363790687 
2 2 1 1 0 0 0.7220192348171866 
11 0 13 2 7 0 0.2358903051597938 
2 11 1 2 0 0 0.41124882316462563 
7 7 4 2 0 1 0.06623389795654466 
---
8 20 19.449013157894736 3.0 5
2 2 1 1 7 0 0.8197658500900832 
12 7 8 2 0 1 0.24197888363790687 
11 0 13 2 7 0 0.2358903051597938 
---
8 21 29.337993421052634 1.0 5
0 2 0 0 2 0 0.426469618241895 
---
8 22 16.776315789473685 6.0 5
4 8 12 1 11 0 0.668808837465015 
12 7 8 2 0 1 0.24197888363790687 
2 11 1 2 0 0 0.41124882316462563 
7 7 4 2 0 1 0.06623389795654466 
11 0 13 2 7 0 0.2358903051597938 
2 2 1 2 4 0 0.5662171860011191 
---
8 23 21.463815789473685 2.0 5
2 2 1 1 7 0 0.8197658500900832 
12 7 8 2 0 1 0.24197888363790687 
---
8 24 17.804276315789476 5.0 5
12 7 8 2 0 1 0.24197888363790687 
2 2 1 1 0 0 0.7220192348171866 
11 0 13 2 7 0 0.2358903051597938 
2 11 1 2 0 0 0.41124882316462563 
7 7 4 2 0 1 0.06623389795654466 
---
8 25 19.449013157894736 3.0 5
11 0 13 2 7 0 0.2358903051597938 
12 7 8 2 0 1 0.24197888363790687 
2 2 1 1 7 0 0.8197658500900832 
---
8 26 29.35855263157895 1.0 5
0 2 2 0 2 0 0.31468354300122336 
---
8 27 16.776315789473685 6.0 5
4 8 12 1 11 0 0.668808837465015 
12 7 8 2 0 1 0.24197888363790687 
2 11 1 2 0 0 0.41124882316462563 
7 7 4 2 0 1 0.06623389795654466 
11 0 13 2 7 0 0.2358903051597938 
2 2 1 2 4 0 0.5662171860011191 
---
8 28 21.463815789473685 2.0 5
12 7 8 2 0 1 0.24197888363790687 
2 2 1 1 7 0 0.8197658500900832 
---
8 29 17.804276315789476 5.0 5
12 7 8 2 0 1 0.24197888363790687 
2 2 1 1 0 0 0.7220192348171866 
11 0 13 2 7 0 0.2358903051597938 
2 11 1 2 0 0 0.41124882316462563 
7 7 4 2 0 1 0.06623389795654466 
---
8 30 19.449013157894736 3.0 5
12 7 8 2 0 1 0.24197888363790687 
2 2 1 1 7 0 0.8197658500900832 
11 0 13 2 7 0 0.2358903051597938 
---
8 31 29.35855263157895 1.0 5
0 2 2 0 2 0 0.31468354300122336 
---
8 32 16.776315789473685 6.0 5
12 7 8 2 0 1 0.24197888363790687 
2 2 1 2 4 0 0.5662171860011191 
4 8 12 1 11 0 0.668808837465015 
7 7 4 2 0 1 0.06623389795654466 
11 0 13 2 7 0 0.2358903051597938 
2 11 1 2 0 0 0.41124882316462563 
