---
0 0 29.35855263157895 1.0 5
0 4 0 0 0 0 0.41705211596677305 
---
0 1 15.810032894736842 6.0 5
12 4 13 8 1 1 0.30754679396917406 
1 1 7 0 4 0 0.5465025090389433 
11 1 13 0 7 0 0.4599496732020538 
7 7 4 8 4 1 0.2790432377049682 
12 7 13 0 0 1 0.25444972316984793 
1 1 4 0 4 0 0.2235745947003056 
---
0 2 21.731085526315788 2.0 5
7 7 4 8 4 1 0.2790432377049682 
1 1 4 0 4 0 0.2235745947003056 
---
0 3 21.731085526315788 2.0 5
1 1 4 0 4 0 0.2235745947003056 
7 7 4 8 4 1 0.2790432377049682 
---
0 4 20.476973684210524 3.0 5
1 1 7 0 4 0 0.5465025090389433 
11 1 13 0 7 0 0.4599496732020538 
7 7 4 8 4 1 0.2790432377049682 
---
0 5 20.476973684210524 3.0 5
7 7 4 8 4 1 0.2790432377049682 
11 1 13 0 7 0 0.4599496732020538 
1 1 7 0 4 0 0.5465025090389433 
---
0 6 16.591282894736842 4.0 5
11 1 13 0 7 0 0.4599496732020538 
7 7 4 8 4 1 0.2790432377049682 
1 1 7 0 4 0 0.5465025090389433 
12 7 13 0 0 1 0.25444972316984793 
---
0 7 16.591282894736842 4.0 5
7 7 4 8 4 1 0.2790432377049682 
11 1 13 0 7 0 0.4599496732020538 
1 1 7 0 4 0 0.5465025090389433 
12 7 13 0 0 1 0.25444972316984793 
---
0 8 15.645559210526317 5.0 5
7 7 4 8 4 1 0.2790432377049682 
12 4 13 8 1 1 0.30754679396917406 
11 1 13 0 7 0 0.4599496732020538 
1 1 7 0 4 0 0.5465025090389433 
12 7 13 0 0 1 0.25444972316984793 
---
0 9 15.645559210526317 5.0 5
7 7 4 8 4 1 0.2790432377049682 
12 4 13 8 1 1 0.30754679396917406 
11 1 13 0 7 0 0.4599496732020538 
1 1 7 0 4 0 0.5465025090389433 
12 7 13 0 0 1 0.25444972316984793 
---
0 10 29.379111842105267 1.0 5
0 1 0 0 4 0 0.3662270130748795 
---
0 11 15.810032894736842 6.0 5
1 1 7 0 4 0 0.5465025090389433 
12 4 13 8 1 1 0.30754679396917406 
11 1 13 0 7 0 0.4599496732020538 
12 7 13 0 0 1 0.25444972316984793 
7 7 4 8 4 1 0.2790432377049682 
1 1 4 0 4 0 0.2235745947003056 
---
0 12 21.731085526315788 2.0 5
1 1 4 0 4 0 0.2235745947003056 
7 7 4 8 4 1 0.2790432377049682 
---
0 13 20.476973684210524 3.0 5
7 7 4 8 4 1 0.2790432377049682 
11 1 13 0 7 0 0.4599496732020538 
1 1 7 0 4 0 0.5465025090389433 
---
0 14 16.591282894736842 4.0 5
11 1 13 0 7 0 0.4599496732020538 
7 7 4 8 4 1 0.2790432377049682 
1 1 7 0 4 0 0.5465025090389433 
12 7 13 0 0 1 0.25444972316984793 
---
0 15 15.645559210526317 5.0 5
7 7 4 8 4 1 0.2790432377049682 
1 1 7 0 4 0 0.5465025090389433 
12 4 13 8 1 1 0.30754679396917406 
11 1 13 0 7 0 0.4599496732020538 
12 7 13 0 0 1 0.25444972316984793 
---
0 16 29.35855263157895 1.0 5
0 4 0 0 0 0 0.41705211596677305 
---
0 17 15.810032894736842 6.0 5
12 4 13 8 1 1 0.30754679396917406 
1 1 7 0 4 0 0.5465025090389433 
11 1 13 0 7 0 0.4599496732020538 
7 7 4 8 4 1 0.2790432377049682 
12 7 13 0 0 1 0.25444972316984793 
1 1 4 0 4 0 0.2235745947003056 
---
0 18 21.731085526315788 2.0 5
1 1 4 0 4 0 0.2235745947003056 
7 7 4 8 4 1 0.2790432377049682 
---
0 19 20.476973684210524 3.0 5
1 1 7 0 4 0 0.5465025090389433 
11 1 13 0 7 0 0.4599496732020538 
7 7 4 8 4 1 0.2790432377049682 
---
0 20 16.591282894736842 4.0 5
11 1 13 0 7 0 0.4599496732020538 
1 1 7 0 4 0 0.5465025090389433 
7 7 4 8 4 1 0.2790432377049682 
12 7 13 0 0 1 0.25444972316984793 
---
0 21 15.645559210526317 5.0 5
12 4 13 8 1 1 0.30754679396917406 
12 7 13 0 0 1 0.25444972316984793 
1 1 7 0 4 0 0.5465025090389433 
11 1 13 0 7 0 0.4599496732020538 
7 7 4 8 4 1 0.2790432377049682 
---
0 22 29.379111842105267 1.0 5
0 1 0 0 4 0 0.3662270130748795 
---
0 23 15.810032894736842 6.0 5
11 1 13 0 7 0 0.4599496732020538 
12 4 13 8 1 1 0.30754679396917406 
1 1 7 0 4 0 0.5465025090389433 
7 7 4 8 4 1 0.2790432377049682 
12 7 13 0 0 1 0.25444972316984793 
1 1 4 0 4 0 0.2235745947003056 
---
0 24 21.731085526315788 2.0 5
1 1 4 0 4 0 0.2235745947003056 
7 7 4 8 4 1 0.2790432377049682 
---
0 25 20.476973684210524 3.0 5
7 7 4 8 4 1 0.2790432377049682 
11 1 13 0 7 0 0.4599496732020538 
1 1 7 0 4 0 0.5465025090389433 
---
0 26 16.591282894736842 4.0 5
12 7 13 0 0 1 0.25444972316984793 
11 1 13 0 7 0 0.4599496732020538 
1 1 7 0 4 0 0.5465025090389433 
7 7 4 8 4 1 0.2790432377049682 
---
0 27 15.645559210526317 5.0 5
7 7 4 8 4 1 0.2790432377049682 
12 4 13 8 1 1 0.30754679396917406 
11 1 13 0 7 0 0.4599496732020538 
12 7 13 0 0 1 0.25444972316984793 
1 1 7 0 4 0 0.5465025090389433 
---
0 28 29.379111842105267 1.0 5
0 1 0 0 4 0 0.3662270130748795 
---
0 29 15.810032894736842 6.0 5
12 4 13 8 1 1 0.30754679396917406 
1 1 7 0 4 0 0.5465025090389433 
11 1 13 0 7 0 0.4599496732020538 
7 7 4 8 4 1 0.2790432377049682 
12 7 13 0 0 1 0.25444972316984793 
1 1 4 0 4 0 0.2235745947003056 
---
0 30 21.731085526315788 2.0 5
7 7 4 8 4 1 0.2790432377049682 
1 1 4 0 4 0 0.2235745947003056 
---
0 31 20.476973684210524 3.0 5
7 7 4 8 4 1 0.2790432377049682 
11 1 13 0 7 0 0.4599496732020538 
1 1 7 0 4 0 0.5465025090389433 
---
0 32 16.591282894736842 4.0 5
11 1 13 0 7 0 0.4599496732020538 
7 7 4 8 4 1 0.2790432377049682 
1 1 7 0 4 0 0.5465025090389433 
12 7 13 0 0 1 0.25444972316984793 
---
0 33 15.645559210526317 5.0 5
7 7 4 8 4 1 0.2790432377049682 
12 4 13 8 1 1 0.30754679396917406 
11 1 13 0 7 0 0.4599496732020538 
12 7 13 0 0 1 0.25444972316984793 
1 1 7 0 4 0 0.5465025090389433 
---
1 0 29.35855263157895 1.0 5
0 0 0 1 2 0 0.42074690601716713 
---
1 1 15.645559210526317 5.0 5
12 4 13 8 1 1 0.30754679396917406 
12 7 13 0 0 1 0.25444972316984793 
1 1 7 0 4 0 0.5465025090389433 
11 1 13 0 7 0 0.4599496732020538 
7 7 4 8 4 1 0.2790432377049682 
---
1 2 23.14967105263158 2.0 5
0 2 0 1 2 0 0.5298317570322861 
7 7 4 8 4 1 0.2790432377049682 
---
1 3 20.476973684210524 3.0 5
1 1 7 0 4 0 0.5465025090389433 
7 7 4 8 4 1 0.2790432377049682 
11 1 13 0 7 0 0.4599496732020538 
---
1 4 16.591282894736842 4.0 5
7 7 4 8 4 1 0.2790432377049682 
1 1 7 0 4 0 0.5465025090389433 
11 1 13 0 7 0 0.4599496732020538 
12 7 13 0 0 1 0.25444972316984793 
---
1 5 23.14967105263158 2.0 5
7 7 4 8 4 1 0.2790432377049682 
0 2 0 1 2 0 0.5298317570322861 
---
1 6 20.476973684210524 3.0 5
11 1 13 0 7 0 0.4599496732020538 
1 1 7 0 4 0 0.5465025090389433 
7 7 4 8 4 1 0.2790432377049682 
---
1 7 16.591282894736842 4.0 5
1 1 7 0 4 0 0.5465025090389433 
12 7 13 0 0 1 0.25444972316984793 
11 1 13 0 7 0 0.4599496732020538 
7 7 4 8 4 1 0.2790432377049682 
---
1 8 29.35855263157895 1.0 5
0 0 0 1 2 0 0.42074690601716713 
---
1 9 15.645559210526317 5.0 5
12 4 13 8 1 1 0.30754679396917406 
12 7 13 0 0 1 0.25444972316984793 
1 1 7 0 4 0 0.5465025090389433 
11 1 13 0 7 0 0.4599496732020538 
7 7 4 8 4 1 0.2790432377049682 
---
1 10 23.14967105263158 2.0 5
7 7 4 8 4 1 0.2790432377049682 
0 2 0 1 2 0 0.5298317570322861 
---
1 11 20.476973684210524 3.0 5
11 1 13 0 7 0 0.4599496732020538 
1 1 7 0 4 0 0.5465025090389433 
7 7 4 8 4 1 0.2790432377049682 
---
1 12 16.591282894736842 4.0 5
1 1 7 0 4 0 0.5465025090389433 
12 7 13 0 0 1 0.25444972316984793 
7 7 4 8 4 1 0.2790432377049682 
11 1 13 0 7 0 0.4599496732020538 
---
1 13 29.35855263157895 1.0 5
0 2 0 1 2 0 0.5298317570322861 
---
1 14 15.645559210526317 5.0 5
12 4 13 8 1 1 0.30754679396917406 
12 7 13 0 0 1 0.25444972316984793 
1 1 7 0 4 0 0.5465025090389433 
11 1 13 0 7 0 0.4599496732020538 
7 7 4 8 4 1 0.2790432377049682 
---
1 15 23.14967105263158 2.0 5
7 7 4 8 4 1 0.2790432377049682 
0 2 0 1 2 0 0.5298317570322861 
---
1 16 20.476973684210524 3.0 5
11 1 13 0 7 0 0.4599496732020538 
1 1 7 0 4 0 0.5465025090389433 
7 7 4 8 4 1 0.2790432377049682 
---
1 17 16.591282894736842 4.0 5
1 1 7 0 4 0 0.5465025090389433 
12 7 13 0 0 1 0.25444972316984793 
7 7 4 8 4 1 0.2790432377049682 
11 1 13 0 7 0 0.4599496732020538 
---
1 18 29.35855263157895 1.0 5
0 2 0 1 2 0 0.5298317570322861 
---
1 19 15.645559210526317 5.0 5
1 1 7 0 4 0 0.5465025090389433 
12 4 13 8 1 1 0.30754679396917406 
11 1 13 0 7 0 0.4599496732020538 
12 7 13 0 0 1 0.25444972316984793 
7 7 4 8 4 1 0.2790432377049682 
---
1 20 23.14967105263158 2.0 5
0 2 0 1 2 0 0.5298317570322861 
7 7 4 8 4 1 0.2790432377049682 
---
1 21 20.476973684210524 3.0 5
11 1 13 0 7 0 0.4599496732020538 
1 1 7 0 4 0 0.5465025090389433 
7 7 4 8 4 1 0.2790432377049682 
---
1 22 16.591282894736842 4.0 5
11 1 13 0 7 0 0.4599496732020538 
1 1 7 0 4 0 0.5465025090389433 
12 7 13 0 0 1 0.25444972316984793 
7 7 4 8 4 1 0.2790432377049682 
---
1 23 29.35855263157895 1.0 5
0 0 0 1 2 0 0.42074690601716713 
---
1 24 15.645559210526317 5.0 5
12 4 13 8 1 1 0.30754679396917406 
12 7 13 0 0 1 0.25444972316984793 
1 1 7 0 4 0 0.5465025090389433 
11 1 13 0 7 0 0.4599496732020538 
7 7 4 8 4 1 0.2790432377049682 
---
1 25 23.14967105263158 2.0 5
7 7 4 8 4 1 0.2790432377049682 
0 2 0 1 2 0 0.5298317570322861 
---
1 26 20.476973684210524 3.0 5
1 1 7 0 4 0 0.5465025090389433 
7 7 4 8 4 1 0.2790432377049682 
11 1 13 0 7 0 0.4599496732020538 
---
1 27 16.591282894736842 4.0 5
1 1 7 0 4 0 0.5465025090389433 
12 7 13 0 0 1 0.25444972316984793 
11 1 13 0 7 0 0.4599496732020538 
7 7 4 8 4 1 0.2790432377049682 
---
1 28 29.35855263157895 1.0 5
0 0 0 1 2 0 0.42074690601716713 
---
1 29 15.645559210526317 5.0 5
12 4 13 8 1 1 0.30754679396917406 
12 7 13 0 0 1 0.25444972316984793 
1 1 7 0 4 0 0.5465025090389433 
11 1 13 0 7 0 0.4599496732020538 
7 7 4 8 4 1 0.2790432377049682 
---
1 30 23.14967105263158 2.0 5
7 7 4 8 4 1 0.2790432377049682 
0 2 0 1 2 0 0.5298317570322861 
---
1 31 20.476973684210524 3.0 5
11 1 13 0 7 0 0.4599496732020538 
1 1 7 0 4 0 0.5465025090389433 
7 7 4 8 4 1 0.2790432377049682 
---
1 32 16.591282894736842 4.0 5
1 1 7 0 4 0 0.5465025090389433 
12 7 13 0 0 1 0.25444972316984793 
11 1 13 0 7 0 0.4599496732020538 
7 7 4 8 4 1 0.2790432377049682 
---
1 33 29.35855263157895 1.0 5
0 0 0 1 2 0 0.42074690601716713 
---
2 0 29.35855263157895 1.0 5
0 1 0 1 2 0 0.40603788229232207 
---
2 1 15.645559210526317 5.0 5
12 7 13 0 0 1 0.25444972316984793 
11 1 13 0 7 0 0.4599496732020538 
12 4 13 8 1 1 0.30754679396917406 
1 1 7 0 4 0 0.4781534845841454 
7 7 4 8 4 1 0.2790432377049682 
---
2 2 21.566611842105264 2.0 5
1 1 4 0 4 0 0.23244602014843685 
7 7 4 8 4 1 0.2790432377049682 
---
2 3 21.38157894736842 3.0 5
1 1 7 0 4 0 0.4781534845841454 
11 1 13 0 7 0 0.4599496732020538 
12 7 13 0 0 1 0.25444972316984793 
---
2 4 16.611842105263158 4.0 5
12 7 13 0 0 1 0.25444972316984793 
7 7 4 8 4 1 0.2790432377049682 
11 1 13 0 7 0 0.4599496732020538 
1 1 7 0 4 0 0.4781534845841454 
---
2 5 21.566611842105264 2.0 5
7 7 4 8 4 1 0.2790432377049682 
1 1 4 0 4 0 0.23244602014843685 
---
2 6 21.38157894736842 3.0 5
1 1 7 0 4 0 0.4781534845841454 
11 1 13 0 7 0 0.4599496732020538 
12 7 13 0 0 1 0.25444972316984793 
---
2 7 16.611842105263158 4.0 5
11 1 13 0 7 0 0.4599496732020538 
7 7 4 8 4 1 0.2790432377049682 
1 1 7 0 4 0 0.4781534845841454 
12 7 13 0 0 1 0.25444972316984793 
---
2 8 29.399671052631575 1.0 5
1 0 2 1 2 0 0.2862705037594002 
---
2 9 15.645559210526317 5.0 5
12 7 13 0 0 1 0.25444972316984793 
11 1 13 0 7 0 0.4599496732020538 
12 4 13 8 1 1 0.30754679396917406 
1 1 7 0 4 0 0.4781534845841454 
7 7 4 8 4 1 0.2790432377049682 
---
2 10 21.566611842105264 2.0 5
7 7 4 8 4 1 0.2790432377049682 
1 1 4 0 4 0 0.23244602014843685 
---
2 11 21.38157894736842 3.0 5
1 1 7 0 4 0 0.4781534845841454 
11 1 13 0 7 0 0.4599496732020538 
12 7 13 0 0 1 0.25444972316984793 
---
2 12 16.611842105263158 4.0 5
12 7 13 0 0 1 0.25444972316984793 
7 7 4 8 4 1 0.2790432377049682 
11 1 13 0 7 0 0.4599496732020538 
1 1 7 0 4 0 0.4781534845841454 
---
2 13 29.379111842105267 1.0 5
1 4 0 0 2 0 0.30467822964736757 
---
2 14 15.645559210526317 5.0 5
1 1 7 0 4 0 0.4781534845841454 
7 7 4 8 4 1 0.2790432377049682 
12 4 13 8 1 1 0.30754679396917406 
11 1 13 0 7 0 0.4599496732020538 
12 7 13 0 0 1 0.25444972316984793 
---
2 15 21.566611842105264 2.0 5
1 1 4 0 4 0 0.23244602014843685 
7 7 4 8 4 1 0.2790432377049682 
---
2 16 21.38157894736842 3.0 5
1 1 7 0 4 0 0.4781534845841454 
11 1 13 0 7 0 0.4599496732020538 
12 7 13 0 0 1 0.25444972316984793 
---
2 17 16.611842105263158 4.0 5
12 7 13 0 0 1 0.25444972316984793 
11 1 13 0 7 0 0.4599496732020538 
1 1 7 0 4 0 0.4781534845841454 
7 7 4 8 4 1 0.2790432377049682 
---
2 18 29.35855263157895 1.0 5
0 1 0 1 2 0 0.40603788229232207 
---
2 19 15.645559210526317 5.0 5
12 7 13 0 0 1 0.25444972316984793 
11 1 13 0 7 0 0.4599496732020538 
12 4 13 8 1 1 0.30754679396917406 
1 1 7 0 4 0 0.4781534845841454 
7 7 4 8 4 1 0.2790432377049682 
---
2 20 21.566611842105264 2.0 5
7 7 4 8 4 1 0.2790432377049682 
1 1 4 0 4 0 0.23244602014843685 
---
2 21 21.38157894736842 3.0 5
1 1 7 0 4 0 0.4781534845841454 
11 1 13 0 7 0 0.4599496732020538 
12 7 13 0 0 1 0.25444972316984793 
---
2 22 16.611842105263158 4.0 5
12 7 13 0 0 1 0.25444972316984793 
7 7 4 8 4 1 0.2790432377049682 
11 1 13 0 7 0 0.4599496732020538 
1 1 7 0 4 0 0.4781534845841454 
---
2 23 29.399671052631575 1.0 5
1 4 2 1 2 0 0.3169434636754114 
---
2 24 15.645559210526317 5.0 5
12 7 13 0 0 1 0.25444972316984793 
7 7 4 8 4 1 0.2790432377049682 
1 1 7 0 4 0 0.4781534845841454 
12 4 13 8 1 1 0.30754679396917406 
11 1 13 0 7 0 0.4599496732020538 
---
2 25 21.566611842105264 2.0 5
7 7 4 8 4 1 0.2790432377049682 
1 1 4 0 4 0 0.23244602014843685 
---
2 26 21.38157894736842 3.0 5
1 1 7 0 4 0 0.4781534845841454 
11 1 13 0 7 0 0.4599496732020538 
12 7 13 0 0 1 0.25444972316984793 
---
2 27 16.611842105263158 4.0 5
11 1 13 0 7 0 0.4599496732020538 
7 7 4 8 4 1 0.2790432377049682 
1 1 7 0 4 0 0.4781534845841454 
12 7 13 0 0 1 0.25444972316984793 
---
2 28 29.399671052631575 1.0 5
1 4 2 1 2 0 0.3169434636754114 
---
2 29 15.645559210526317 5.0 5
12 7 13 0 0 1 0.25444972316984793 
11 1 13 0 7 0 0.4599496732020538 
12 4 13 8 1 1 0.30754679396917406 
1 1 7 0 4 0 0.4781534845841454 
7 7 4 8 4 1 0.2790432377049682 
---
2 30 21.566611842105264 2.0 5
7 7 4 8 4 1 0.2790432377049682 
1 1 4 0 4 0 0.23244602014843685 
---
2 31 21.38157894736842 3.0 5
1 1 7 0 4 0 0.4781534845841454 
11 1 13 0 7 0 0.4599496732020538 
12 7 13 0 0 1 0.25444972316984793 
---
2 32 16.611842105263158 4.0 5
12 7 13 0 0 1 0.25444972316984793 
7 7 4 8 4 1 0.2790432377049682 
11 1 13 0 7 0 0.4599496732020538 
1 1 7 0 4 0 0.4781534845841454 
---
2 33 29.35855263157895 1.0 5
0 1 0 1 2 0 0.40603788229232207 
---
3 0 29.35855263157895 1.0 5
0 0 0 1 0 0 0.5167625139009211 
---
3 1 16.858552631578945 4.0 5
11 1 13 0 7 0 0.4599496732020538 
12 7 13 0 0 1 0.25444972316984793 
1 1 4 0 4 0 0.2547531597235091 
7 7 4 8 4 1 0.2790432377049682 
---
3 2 21.422697368421055 2.0 5
1 1 4 0 4 0 0.2547531597235091 
7 7 4 8 4 1 0.2790432377049682 
---
3 3 21.422697368421055 2.0 5
1 1 4 0 4 0 0.2547531597235091 
7 7 4 8 4 1 0.2790432377049682 
---
3 4 29.35855263157895 1.0 5
0 0 0 1 0 0 0.5167625139009211 
---
3 5 16.858552631578945 4.0 5
7 7 4 8 4 1 0.2790432377049682 
12 7 13 0 0 1 0.25444972316984793 
1 1 4 0 4 0 0.2547531597235091 
11 1 13 0 7 0 0.4599496732020538 
---
3 6 21.422697368421055 2.0 5
1 1 4 0 4 0 0.2547531597235091 
7 7 4 8 4 1 0.2790432377049682 
---
3 7 29.399671052631575 1.0 5
0 0 2 1 4 0 0.4169818001697898 
---
3 8 16.858552631578945 4.0 5
11 1 13 0 7 0 0.4599496732020538 
7 7 4 8 4 1 0.2790432377049682 
12 7 13 0 0 1 0.25444972316984793 
1 1 4 0 4 0 0.2547531597235091 
---
3 9 21.422697368421055 2.0 5
1 1 4 0 4 0 0.2547531597235091 
7 7 4 8 4 1 0.2790432377049682 
---
3 10 29.379111842105267 1.0 5
0 0 2 1 0 0 0.4273459448014534 
---
3 11 16.858552631578945 4.0 5
7 7 4 8 4 1 0.2790432377049682 
12 7 13 0 0 1 0.25444972316984793 
1 1 4 0 4 0 0.2547531597235091 
11 1 13 0 7 0 0.4599496732020538 
---
3 12 21.422697368421055 2.0 5
1 1 4 0 4 0 0.2547531597235091 
7 7 4 8 4 1 0.2790432377049682 
---
3 13 29.379111842105267 1.0 5
0 0 2 1 0 0 0.4273459448014534 
---
3 14 16.858552631578945 4.0 5
11 1 13 0 7 0 0.4599496732020538 
7 7 4 8 4 1 0.2790432377049682 
12 7 13 0 0 1 0.25444972316984793 
1 1 4 0 4 0 0.2547531597235091 
---
3 15 21.422697368421055 2.0 5
1 1 4 0 4 0 0.2547531597235091 
7 7 4 8 4 1 0.2790432377049682 
---
3 16 29.379111842105267 1.0 5
0 0 2 1 0 0 0.4273459448014534 
---
3 17 16.858552631578945 4.0 5
11 1 13 0 7 0 0.4599496732020538 
7 7 4 8 4 1 0.2790432377049682 
12 7 13 0 0 1 0.25444972316984793 
1 1 4 0 4 0 0.2547531597235091 
---
3 18 21.422697368421055 2.0 5
1 1 4 0 4 0 0.2547531597235091 
7 7 4 8 4 1 0.2790432377049682 
---
3 19 29.35855263157895 1.0 5
0 0 0 1 0 0 0.5167625139009211 
---
3 20 16.858552631578945 4.0 5
11 1 13 0 7 0 0.4599496732020538 
12 7 13 0 0 1 0.25444972316984793 
1 1 4 0 4 0 0.2547531597235091 
7 7 4 8 4 1 0.2790432377049682 
---
3 21 21.422697368421055 2.0 5
1 1 4 0 4 0 0.2547531597235091 
7 7 4 8 4 1 0.2790432377049682 
---
3 22 29.379111842105267 1.0 5
0 0 2 1 0 0 0.4273459448014534 
---
3 23 16.858552631578945 4.0 5
11 1 13 0 7 0 0.4599496732020538 
7 7 4 8 4 1 0.2790432377049682 
12 7 13 0 0 1 0.25444972316984793 
1 1 4 0 4 0 0.2547531597235091 
---
3 24 21.422697368421055 2.0 5
1 1 4 0 4 0 0.2547531597235091 
7 7 4 8 4 1 0.2790432377049682 
---
3 25 29.379111842105267 1.0 5
0 0 2 1 2 0 0.34585800869011485 
---
3 26 16.858552631578945 4.0 5
12 7 13 0 0 1 0.25444972316984793 
11 1 13 0 7 0 0.4599496732020538 
1 1 4 0 4 0 0.2547531597235091 
7 7 4 8 4 1 0.2790432377049682 
---
3 27 21.422697368421055 2.0 5
1 1 4 0 4 0 0.2547531597235091 
7 7 4 8 4 1 0.2790432377049682 
---
3 28 29.379111842105267 1.0 5
0 0 2 1 0 0 0.4273459448014534 
---
3 29 16.858552631578945 4.0 5
7 7 4 8 4 1 0.2790432377049682 
12 7 13 0 0 1 0.25444972316984793 
1 1 4 0 4 0 0.2547531597235091 
11 1 13 0 7 0 0.4599496732020538 
---
3 30 21.422697368421055 2.0 5
1 1 4 0 4 0 0.2547531597235091 
7 7 4 8 4 1 0.2790432377049682 
---
3 31 29.379111842105267 1.0 5
0 0 2 1 0 0 0.4273459448014534 
---
3 32 16.858552631578945 4.0 5
11 1 13 0 7 0 0.4599496732020538 
12 7 13 0 0 1 0.25444972316984793 
1 1 4 0 4 0 0.2547531597235091 
7 7 4 8 4 1 0.2790432377049682 
---
4 0 29.35855263157895 1.0 5
0 1 0 0 2 0 0.31149139963071915 
---
4 1 15.666118421052634 5.0 5
11 1 13 0 7 0 0.4599496732020538 
7 7 4 8 4 1 0.24278334776805388 
1 1 7 0 4 0 0.4781534845841454 
12 7 13 0 0 1 0.25444972316984793 
12 4 13 8 1 1 0.30754679396917406 
---
4 2 21.813322368421055 2.0 5
1 1 1 1 4 0 0.4758207403543373 
7 7 4 8 2 1 0.25826787773155346 
---
4 3 20.723684210526315 3.0 5
7 7 4 8 4 1 0.24278334776805388 
1 1 7 0 4 0 0.4781534845841454 
11 1 13 0 7 0 0.4599496732020538 
---
4 4 16.591282894736842 4.0 5
11 1 13 0 7 0 0.4599496732020538 
1 1 7 0 4 0 0.4781534845841454 
12 7 13 0 0 1 0.25444972316984793 
7 7 4 8 4 1 0.24278334776805388 
---
4 5 21.813322368421055 2.0 5
1 1 1 1 4 0 0.4758207403543373 
7 7 4 8 2 1 0.25826787773155346 
---
4 6 20.723684210526315 3.0 5
1 1 7 0 4 0 0.4781534845841454 
11 1 13 0 7 0 0.4599496732020538 
7 7 4 8 4 1 0.24278334776805388 
---
4 7 16.591282894736842 4.0 5
11 1 13 0 7 0 0.4599496732020538 
1 1 7 0 4 0 0.4781534845841454 
12 7 13 0 0 1 0.25444972316984793 
7 7 4 8 4 1 0.24278334776805388 
---
4 8 29.35855263157895 1.0 5
0 1 0 0 2 0 0.30164363425378515 
---
4 9 15.666118421052634 5.0 5
7 7 4 8 4 1 0.24278334776805388 
12 7 13 0 0 1 0.25444972316984793 
1 1 7 0 4 0 0.4781534845841454 
12 4 13 8 1 1 0.30754679396917406 
11 1 13 0 7 0 0.4599496732020538 
---
4 10 21.813322368421055 2.0 5
1 1 1 1 4 0 0.4758207403543373 
7 7 4 8 2 1 0.25826787773155346 
---
4 11 20.723684210526315 3.0 5
7 7 4 8 4 1 0.24278334776805388 
1 1 7 0 4 0 0.4781534845841454 
11 1 13 0 7 0 0.4599496732020538 
---
4 12 16.591282894736842 4.0 5
7 7 4 8 4 1 0.24278334776805388 
1 1 7 0 4 0 0.4781534845841454 
11 1 13 0 7 0 0.4599496732020538 
12 7 13 0 0 1 0.25444972316984793 
---
4 13 29.35855263157895 1.0 5
0 1 0 0 2 0 0.31149139963071915 
---
4 14 15.666118421052634 5.0 5
12 4 13 8 1 1 0.30754679396917406 
12 7 13 0 0 1 0.25444972316984793 
11 1 13 0 7 0 0.4599496732020538 
7 7 4 8 4 1 0.24278334776805388 
1 1 7 0 4 0 0.4781534845841454 
---
4 15 21.813322368421055 2.0 5
1 1 1 1 4 0 0.4758207403543373 
7 7 4 8 2 1 0.25826787773155346 
---
4 16 20.723684210526315 3.0 5
7 7 4 8 4 1 0.24278334776805388 
1 1 7 0 4 0 0.4781534845841454 
11 1 13 0 7 0 0.4599496732020538 
---
4 17 16.591282894736842 4.0 5
7 7 4 8 4 1 0.24278334776805388 
11 1 13 0 7 0 0.4599496732020538 
1 1 7 0 4 0 0.4781534845841454 
12 7 13 0 0 1 0.25444972316984793 
---
4 18 29.35855263157895 1.0 5
0 1 0 0 2 0 0.31149139963071915 
---
4 19 15.666118421052634 5.0 5
11 1 13 0 7 0 0.4599496732020538 
7 7 4 8 4 1 0.24278334776805388 
1 1 7 0 4 0 0.4781534845841454 
12 7 13 0 0 1 0.25444972316984793 
12 4 13 8 1 1 0.30754679396917406 
---
4 20 21.813322368421055 2.0 5
1 1 1 1 4 0 0.4758207403543373 
7 7 4 8 2 1 0.25826787773155346 
---
4 21 20.723684210526315 3.0 5
7 7 4 8 4 1 0.24278334776805388 
1 1 7 0 4 0 0.4781534845841454 
11 1 13 0 7 0 0.4599496732020538 
---
4 22 16.591282894736842 4.0 5
7 7 4 8 4 1 0.24278334776805388 
1 1 7 0 4 0 0.4781534845841454 
11 1 13 0 7 0 0.4599496732020538 
12 7 13 0 0 1 0.25444972316984793 
---
4 23 29.35855263157895 1.0 5
0 1 0 0 2 0 0.30164363425378515 
---
4 24 15.666118421052634 5.0 5
11 1 13 0 7 0 0.4599496732020538 
7 7 4 8 4 1 0.24278334776805388 
1 1 7 0 4 0 0.4781534845841454 
12 7 13 0 0 1 0.25444972316984793 
12 4 13 8 1 1 0.30754679396917406 
---
4 25 21.813322368421055 2.0 5
1 1 1 1 4 0 0.4758207403543373 
7 7 4 8 2 1 0.25826787773155346 
---
4 26 20.723684210526315 3.0 5
11 1 13 0 7 0 0.4599496732020538 
1 1 7 0 4 0 0.4781534845841454 
7 7 4 8 4 1 0.24278334776805388 
---
4 27 16.591282894736842 4.0 5
11 1 13 0 7 0 0.4599496732020538 
1 1 7 0 4 0 0.4781534845841454 
12 7 13 0 0 1 0.25444972316984793 
7 7 4 8 4 1 0.24278334776805388 
---
4 28 29.379111842105267 1.0 5
0 1 2 0 2 0 0.1746771281832049 
---
4 29 15.666118421052634 5.0 5
7 7 4 8 4 1 0.24278334776805388 
11 1 13 0 7 0 0.4599496732020538 
12 7 13 0 0 1 0.25444972316984793 
12 4 13 8 1 1 0.30754679396917406 
1 1 7 0 4 0 0.4781534845841454 
---
4 30 21.813322368421055 2.0 5
1 1 1 1 4 0 0.4758207403543373 
7 7 4 8 2 1 0.25826787773155346 
---
4 31 20.723684210526315 3.0 5
7 7 4 8 4 1 0.24278334776805388 
1 1 7 0 4 0 0.4781534845841454 
11 1 13 0 7 0 0.4599496732020538 
---
4 32 16.591282894736842 4.0 5
7 7 4 8 4 1 0.24278334776805388 
11 1 13 0 7 0 0.4599496732020538 
1 1 7 0 4 0 0.4781534845841454 
12 7 13 0 0 1 0.25444972316984793 
---
5 0 29.35855263157895 1.0 5
0 1 0 1 2 0 0.38974153773569453 
---
5 1 15.666118421052634 5.0 5
11 1 13 0 7 0 0.4599496732020538 
7 7 4 8 4 1 0.24278334776805388 
1 1 7 0 4 0 0.4781534845841454 
12 4 13 8 1 1 0.30754679396917406 
12 7 13 0 0 1 0.25444972316984793 
---
5 2 22.060032894736842 2.0 5
1 1 1 4 4 0 0.3762854159228495 
7 7 4 8 4 1 0.21512044950546905 
---
5 3 21.217105263157894 3.0 5
7 7 4 8 4 1 0.24278334776805388 
1 1 7 0 4 0 0.4781534845841454 
1 1 1 4 4 0 0.3762854159228495 
---
5 4 16.591282894736842 4.0 5
12 7 13 0 0 1 0.25444972316984793 
11 1 13 0 7 0 0.4599496732020538 
7 7 4 8 4 1 0.24278334776805388 
1 1 7 0 4 0 0.4781534845841454 
---
5 5 16.591282894736842 4.0 5
12 7 13 0 0 1 0.25444972316984793 
11 1 13 0 7 0 0.4599496732020538 
7 7 4 8 4 1 0.24278334776805388 
1 1 7 0 4 0 0.4781534845841454 
---
5 6 22.060032894736842 2.0 5
1 1 1 4 4 0 0.3762854159228495 
7 7 4 8 4 1 0.21512044950546905 
---
5 7 21.217105263157894 3.0 5
7 7 4 8 4 1 0.24278334776805388 
1 1 7 0 4 0 0.4781534845841454 
1 1 1 4 4 0 0.3762854159228495 
---
5 8 29.35855263157895 1.0 5
0 2 0 1 2 0 0.5246224632887363 
---
5 9 15.666118421052634 5.0 5
7 7 4 8 4 1 0.24278334776805388 
11 1 13 0 7 0 0.4599496732020538 
12 4 13 8 1 1 0.30754679396917406 
1 1 7 0 4 0 0.4781534845841454 
12 7 13 0 0 1 0.25444972316984793 
---
5 10 16.591282894736842 4.0 5
12 7 13 0 0 1 0.25444972316984793 
11 1 13 0 7 0 0.4599496732020538 
7 7 4 8 4 1 0.24278334776805388 
1 1 7 0 4 0 0.4781534845841454 
---
5 11 22.060032894736842 2.0 5
1 1 1 4 4 0 0.3762854159228495 
7 7 4 8 4 1 0.21512044950546905 
---
5 12 21.38157894736842 3.0 5
1 1 1 4 4 0 0.3762854159228495 
7 7 4 8 4 1 0.21512044950546905 
1 1 7 0 4 0 0.4781534845841454 
---
5 13 29.35855263157895 1.0 5
0 1 0 1 2 0 0.38974153773569453 
---
5 14 15.666118421052634 5.0 5
7 7 4 8 4 1 0.24278334776805388 
11 1 13 0 7 0 0.4599496732020538 
12 4 13 8 1 1 0.30754679396917406 
1 1 7 0 4 0 0.4781534845841454 
12 7 13 0 0 1 0.25444972316984793 
---
5 15 16.591282894736842 4.0 5
12 7 13 0 0 1 0.25444972316984793 
1 1 7 0 4 0 0.4781534845841454 
11 1 13 0 7 0 0.4599496732020538 
7 7 4 8 4 1 0.24278334776805388 
---
5 16 22.060032894736842 2.0 5
1 1 1 4 4 0 0.3762854159228495 
7 7 4 8 4 1 0.21512044950546905 
---
5 17 21.38157894736842 3.0 5
7 7 4 8 4 1 0.21512044950546905 
1 1 1 4 4 0 0.3762854159228495 
1 1 7 0 4 0 0.4781534845841454 
---
5 18 29.35855263157895 1.0 5
0 2 0 1 2 0 0.5112210419071468 
---
5 19 15.666118421052634 5.0 5
7 7 4 8 4 1 0.24278334776805388 
11 1 13 0 7 0 0.4599496732020538 
12 4 13 8 1 1 0.30754679396917406 
1 1 7 0 4 0 0.4781534845841454 
12 7 13 0 0 1 0.25444972316984793 
---
5 20 16.591282894736842 4.0 5
12 7 13 0 0 1 0.25444972316984793 
11 1 13 0 7 0 0.4599496732020538 
7 7 4 8 4 1 0.24278334776805388 
1 1 7 0 4 0 0.4781534845841454 
---
5 21 22.060032894736842 2.0 5
1 1 1 4 4 0 0.3762854159228495 
7 7 4 8 4 1 0.21512044950546905 
---
5 22 21.217105263157894 3.0 5
7 7 4 8 4 1 0.24278334776805388 
1 1 7 0 4 0 0.4781534845841454 
1 1 1 4 4 0 0.3762854159228495 
---
5 23 29.35855263157895 1.0 5
0 1 0 1 2 0 0.38974153773569453 
---
5 24 15.666118421052634 5.0 5
7 7 4 8 4 1 0.24278334776805388 
11 1 13 0 7 0 0.4599496732020538 
12 4 13 8 1 1 0.30754679396917406 
1 1 7 0 4 0 0.4781534845841454 
12 7 13 0 0 1 0.25444972316984793 
---
5 25 16.591282894736842 4.0 5
12 7 13 0 0 1 0.25444972316984793 
11 1 13 0 7 0 0.4599496732020538 
7 7 4 8 4 1 0.24278334776805388 
1 1 7 0 4 0 0.4781534845841454 
---
5 26 22.060032894736842 2.0 5
7 7 4 8 4 1 0.21512044950546905 
1 1 1 4 4 0 0.3762854159228495 
---
5 27 21.38157894736842 3.0 5
7 7 4 8 4 1 0.21512044950546905 
1 1 1 4 4 0 0.3762854159228495 
1 1 7 0 4 0 0.4781534845841454 
---
5 28 29.35855263157895 1.0 5
0 1 0 1 2 0 0.38974153773569453 
---
5 29 15.666118421052634 5.0 5
7 7 4 8 4 1 0.24278334776805388 
11 1 13 0 7 0 0.4599496732020538 
12 4 13 8 1 1 0.30754679396917406 
1 1 7 0 4 0 0.4781534845841454 
12 7 13 0 0 1 0.25444972316984793 
---
5 30 16.591282894736842 4.0 5
12 7 13 0 0 1 0.25444972316984793 
11 1 13 0 7 0 0.4599496732020538 
7 7 4 8 4 1 0.24278334776805388 
1 1 7 0 4 0 0.4781534845841454 
---
5 31 22.060032894736842 2.0 5
1 1 1 4 4 0 0.3762854159228495 
7 7 4 8 4 1 0.21512044950546905 
---
5 32 21.217105263157894 3.0 5
7 7 4 8 4 1 0.24278334776805388 
1 1 7 0 4 0 0.4781534845841454 
1 1 1 4 4 0 0.3762854159228495 
---
6 0 29.35855263157895 1.0 5
0 0 0 1 0 0 0.48994845533627696 
---
6 1 15.645559210526317 5.0 5
1 1 7 0 4 0 0.4781534845841454 
12 7 13 0 0 1 0.25444972316984793 
12 4 13 8 1 1 0.30754679396917406 
7 7 4 8 4 1 0.2790432377049682 
11 1 13 0 7 0 0.4599496732020538 
---
6 2 22.018914473684212 2.0 5
7 7 4 8 4 1 0.2790432377049682 
1 2 1 1 0 0 0.6542258123930191 
---
6 3 20.476973684210524 3.0 5
1 1 7 0 4 0 0.4781534845841454 
11 1 13 0 7 0 0.4599496732020538 
7 7 4 8 4 1 0.2790432377049682 
---
6 4 16.611842105263158 4.0 5
7 7 4 8 4 1 0.2790432377049682 
1 1 7 0 4 0 0.4781534845841454 
11 1 13 0 7 0 0.4599496732020538 
12 7 13 0 0 1 0.25444972316984793 
---
6 5 22.018914473684212 2.0 5
1 2 1 1 0 0 0.6542258123930191 
7 7 4 8 4 1 0.2790432377049682 
---
6 6 20.476973684210524 3.0 5
11 1 13 0 7 0 0.4599496732020538 
1 1 7 0 4 0 0.4781534845841454 
7 7 4 8 4 1 0.2790432377049682 
---
6 7 16.611842105263158 4.0 5
11 1 13 0 7 0 0.4599496732020538 
12 7 13 0 0 1 0.25444972316984793 
7 7 4 8 4 1 0.2790432377049682 
1 1 7 0 4 0 0.4781534845841454 
---
6 8 29.44078947368421 1.0 5
2 0 4 2 0 0 0.3835767396984706 
---
6 9 15.645559210526317 5.0 5
7 7 4 8 4 1 0.2790432377049682 
12 7 13 0 0 1 0.25444972316984793 
11 1 13 0 7 0 0.4599496732020538 
12 4 13 8 1 1 0.30754679396917406 
1 1 7 0 4 0 0.4781534845841454 
---
6 10 22.018914473684212 2.0 5
7 7 4 8 4 1 0.2790432377049682 
1 2 1 1 0 0 0.6542258123930191 
---
6 11 20.476973684210524 3.0 5
7 7 4 8 4 1 0.2790432377049682 
11 1 13 0 7 0 0.4599496732020538 
1 1 7 0 4 0 0.4781534845841454 
---
6 12 16.611842105263158 4.0 5
7 7 4 8 4 1 0.2790432377049682 
1 1 7 0 4 0 0.4781534845841454 
11 1 13 0 7 0 0.4599496732020538 
12 7 13 0 0 1 0.25444972316984793 
---
6 13 29.379111842105267 1.0 5
0 0 1 1 0 0 0.6029493113613054 
---
6 14 15.645559210526317 5.0 5
1 1 7 0 4 0 0.4781534845841454 
12 7 13 0 0 1 0.25444972316984793 
12 4 13 8 1 1 0.30754679396917406 
7 7 4 8 4 1 0.2790432377049682 
11 1 13 0 7 0 0.4599496732020538 
---
6 15 22.018914473684212 2.0 5
7 7 4 8 4 1 0.2790432377049682 
1 2 1 1 0 0 0.6542258123930191 
---
6 16 20.476973684210524 3.0 5
7 7 4 8 4 1 0.2790432377049682 
11 1 13 0 7 0 0.4599496732020538 
1 1 7 0 4 0 0.4781534845841454 
---
6 17 16.611842105263158 4.0 5
7 7 4 8 4 1 0.2790432377049682 
1 1 7 0 4 0 0.4781534845841454 
11 1 13 0 7 0 0.4599496732020538 
12 7 13 0 0 1 0.25444972316984793 
---
6 18 29.379111842105267 1.0 5
0 0 0 2 0 0 0.29683981808322635 
---
6 19 15.645559210526317 5.0 5
12 7 13 0 0 1 0.25444972316984793 
7 7 4 8 4 1 0.2790432377049682 
1 1 7 0 4 0 0.4781534845841454 
12 4 13 8 1 1 0.30754679396917406 
11 1 13 0 7 0 0.4599496732020538 
---
6 20 22.018914473684212 2.0 5
7 7 4 8 4 1 0.2790432377049682 
1 2 1 1 0 0 0.6542258123930191 
---
6 21 20.476973684210524 3.0 5
1 1 7 0 4 0 0.4781534845841454 
11 1 13 0 7 0 0.4599496732020538 
7 7 4 8 4 1 0.2790432377049682 
---
6 22 16.611842105263158 4.0 5
7 7 4 8 4 1 0.2790432377049682 
1 1 7 0 4 0 0.4781534845841454 
11 1 13 0 7 0 0.4599496732020538 
12 7 13 0 0 1 0.25444972316984793 
---
6 23 29.44078947368421 1.0 5
2 0 4 2 0 0 0.3835767396984706 
---
6 24 15.645559210526317 5.0 5
1 1 7 0 4 0 0.4781534845841454 
12 7 13 0 0 1 0.25444972316984793 
12 4 13 8 1 1 0.30754679396917406 
7 7 4 8 4 1 0.2790432377049682 
11 1 13 0 7 0 0.4599496732020538 
---
6 25 22.018914473684212 2.0 5
7 7 4 8 4 1 0.2790432377049682 
1 2 1 1 0 0 0.6542258123930191 
---
6 26 20.476973684210524 3.0 5
1 1 7 0 4 0 0.4781534845841454 
11 1 13 0 7 0 0.4599496732020538 
7 7 4 8 4 1 0.2790432377049682 
---
6 27 16.611842105263158 4.0 5
7 7 4 8 4 1 0.2790432377049682 
1 1 7 0 4 0 0.4781534845841454 
11 1 13 0 7 0 0.4599496732020538 
12 7 13 0 0 1 0.25444972316984793 
---
6 28 29.35855263157895 1.0 5
0 0 0 1 0 0 0.5084472000066327 
---
6 29 15.645559210526317 5.0 5
1 1 7 0 4 0 0.4781534845841454 
7 7 4 8 4 1 0.2790432377049682 
11 1 13 0 7 0 0.4599496732020538 
12 7 13 0 0 1 0.25444972316984793 
12 4 13 8 1 1 0.30754679396917406 
---
6 30 22.018914473684212 2.0 5
1 2 1 1 0 0 0.6542258123930191 
7 7 4 8 4 1 0.2790432377049682 
---
6 31 20.476973684210524 3.0 5
11 1 13 0 7 0 0.4599496732020538 
1 1 7 0 4 0 0.4781534845841454 
7 7 4 8 4 1 0.2790432377049682 
---
6 32 16.611842105263158 4.0 5
7 7 4 8 4 1 0.2790432377049682 
1 1 7 0 4 0 0.4781534845841454 
11 1 13 0 7 0 0.4599496732020538 
12 7 13 0 0 1 0.25444972316984793 
---
7 0 29.35855263157895 1.0 5
0 0 0 1 0 0 0.5111615605769658 
---
7 1 15.789473684210526 7.0 5
2 2 4 1 2 0 0.5564123296817497 
12 7 13 0 0 1 0.25444972316984793 
12 4 13 8 1 1 0.30754679396917406 
7 7 4 8 4 1 0.2790432377049682 
1 1 7 0 4 0 0.4781534845841454 
12 7 13 0 0 1 0.25444972316984793 
11 1 13 0 7 0 0.4599496732020538 
---
7 2 22.820723684210524 2.0 5
2 2 4 1 2 0 0.5564123296817497 
4 7 4 8 4 1 0.0980966933505496 
---
7 3 15.645559210526317 5.0 5
11 1 13 0 7 0 0.4599496732020538 
1 1 7 0 4 0 0.4781534845841454 
12 7 13 0 0 1 0.25444972316984793 
12 4 13 8 1 1 0.30754679396917406 
7 7 4 8 4 1 0.2790432377049682 
---
7 4 21.09375 3.0 5
12 7 13 0 0 1 0.25444972316984793 
11 1 13 0 7 0 0.4599496732020538 
2 2 4 1 2 0 0.5564123296817497 
---
7 5 21.09375 3.0 5
12 7 13 0 0 1 0.25444972316984793 
11 1 13 0 7 0 0.4599496732020538 
2 2 4 1 2 0 0.5564123296817497 
---
7 6 16.611842105263158 4.0 5
11 1 13 0 7 0 0.4599496732020538 
12 7 13 0 0 1 0.25444972316984793 
7 7 4 8 4 1 0.2790432377049682 
1 1 7 0 4 0 0.4781534845841454 
---
7 7 16.611842105263158 4.0 5
7 7 4 8 4 1 0.2790432377049682 
11 1 13 0 7 0 0.4599496732020538 
1 1 7 0 4 0 0.4781534845841454 
12 7 13 0 0 1 0.25444972316984793 
---
7 8 15.645559210526317 5.0 5
11 1 13 0 7 0 0.4599496732020538 
1 1 7 0 4 0 0.4781534845841454 
12 7 13 0 0 1 0.25444972316984793 
12 4 13 8 1 1 0.30754679396917406 
7 7 4 8 4 1 0.2790432377049682 
---
7 9 29.461348684210524 1.0 5
4 4 1 2 4 0 0.4036012110982665 
---
7 10 15.789473684210526 7.0 5
2 2 4 1 2 0 0.5564123296817497 
12 7 13 0 0 1 0.25444972316984793 
12 4 13 8 1 1 0.30754679396917406 
7 7 4 8 4 1 0.2790432377049682 
1 1 7 0 4 0 0.4781534845841454 
12 7 13 0 0 1 0.25444972316984793 
11 1 13 0 7 0 0.4599496732020538 
---
7 11 16.611842105263158 4.0 5
11 1 13 0 7 0 0.4599496732020538 
1 1 7 0 4 0 0.4781534845841454 
7 7 4 8 4 1 0.2790432377049682 
12 7 13 0 0 1 0.25444972316984793 
---
7 12 15.645559210526317 5.0 5
11 1 13 0 7 0 0.4599496732020538 
1 1 7 0 4 0 0.4781534845841454 
12 7 13 0 0 1 0.25444972316984793 
12 4 13 8 1 1 0.30754679396917406 
7 7 4 8 4 1 0.2790432377049682 
---
7 13 29.35855263157895 1.0 5
0 0 0 1 2 0 0.4715925183854398 
---
7 14 16.611842105263158 4.0 5
11 1 13 0 7 0 0.4599496732020538 
1 1 7 0 4 0 0.4781534845841454 
7 7 4 8 4 1 0.2790432377049682 
12 7 13 0 0 1 0.25444972316984793 
---
7 15 29.379111842105267 1.0 5
1 2 0 1 0 0 0.5351848661441811 
---
7 16 15.645559210526317 5.0 5
12 7 13 0 0 1 0.25444972316984793 
11 1 13 0 7 0 0.4599496732020538 
7 7 4 8 4 1 0.2790432377049682 
12 4 13 8 1 1 0.30754679396917406 
1 1 7 0 4 0 0.4781534845841454 
---
7 17 16.611842105263158 4.0 5
11 1 13 0 7 0 0.4599496732020538 
1 1 7 0 4 0 0.4781534845841454 
7 7 4 8 4 1 0.2790432377049682 
12 7 13 0 0 1 0.25444972316984793 
---
7 18 29.461348684210524 1.0 5
4 4 1 2 4 0 0.4036012110982665 
---
7 19 15.645559210526317 5.0 5
11 1 13 0 7 0 0.4599496732020538 
1 1 7 0 4 0 0.4781534845841454 
12 7 13 0 0 1 0.25444972316984793 
12 4 13 8 1 1 0.30754679396917406 
7 7 4 8 4 1 0.2790432377049682 
---
7 20 16.611842105263158 4.0 5
11 1 13 0 7 0 0.4599496732020538 
1 1 7 0 4 0 0.4781534845841454 
7 7 4 8 4 1 0.2790432377049682 
12 7 13 0 0 1 0.25444972316984793 
---
7 21 29.35855263157895 1.0 5
0 4 0 1 0 0 0.5235385504024768 
---
7 22 15.645559210526317 5.0 5
12 7 13 0 0 1 0.25444972316984793 
1 1 7 0 4 0 0.4781534845841454 
12 4 13 8 1 1 0.30754679396917406 
7 7 4 8 4 1 0.2790432377049682 
11 1 13 0 7 0 0.4599496732020538 
---
7 23 16.611842105263158 4.0 5
11 1 13 0 7 0 0.4599496732020538 
1 1 7 0 4 0 0.4781534845841454 
7 7 4 8 4 1 0.2790432377049682 
12 7 13 0 0 1 0.25444972316984793 
---
7 24 29.35855263157895 1.0 5
0 0 0 1 0 0 0.5111615605769658 
---
7 25 15.645559210526317 5.0 5
11 1 13 0 7 0 0.4599496732020538 
1 1 7 0 4 0 0.4781534845841454 
12 7 13 0 0 1 0.25444972316984793 
12 4 13 8 1 1 0.30754679396917406 
7 7 4 8 4 1 0.2790432377049682 
---
7 26 16.611842105263158 4.0 5
7 7 4 8 4 1 0.2790432377049682 
11 1 13 0 7 0 0.4599496732020538 
1 1 7 0 4 0 0.4781534845841454 
12 7 13 0 0 1 0.25444972316984793 
---
7 27 29.35855263157895 1.0 5
0 0 0 1 0 0 0.5111615605769658 
---
7 28 15.645559210526317 5.0 5
11 1 13 0 7 0 0.4599496732020538 
1 1 7 0 4 0 0.4781534845841454 
12 7 13 0 0 1 0.25444972316984793 
12 4 13 8 1 1 0.30754679396917406 
7 7 4 8 4 1 0.2790432377049682 
---
7 29 16.611842105263158 4.0 5
11 1 13 0 7 0 0.4599496732020538 
7 7 4 8 4 1 0.2790432377049682 
1 1 7 0 4 0 0.4781534845841454 
12 7 13 0 0 1 0.25444972316984793 
---
7 30 29.35855263157895 1.0 5
0 2 0 1 0 0 0.5642872753678954 
---
7 31 15.645559210526317 5.0 5
11 1 13 0 7 0 0.4599496732020538 
1 1 7 0 4 0 0.4781534845841454 
12 7 13 0 0 1 0.25444972316984793 
12 4 13 8 1 1 0.30754679396917406 
7 7 4 8 4 1 0.2790432377049682 
---
7 32 16.611842105263158 4.0 5
7 7 4 8 4 1 0.2790432377049682 
11 1 13 0 7 0 0.4599496732020538 
1 1 7 0 4 0 0.4781534845841454 
12 7 13 0 0 1 0.25444972316984793 
---
8 0 29.35855263157895 1.0 5
0 1 0 0 2 0 0.3070045453012449 
---
8 1 15.748355263157896 6.0 5
4 4 1 2 2 0 0.39352629450826004 
7 7 4 8 4 1 0.2790432377049682 
11 1 13 0 7 0 0.4599496732020538 
1 1 7 0 4 0 0.4781534845841454 
12 7 13 0 0 1 0.25444972316984793 
12 4 13 8 1 1 0.30754679396917406 
---
8 2 22.532894736842106 2.0 5
1 1 1 1 0 0 0.5102374811187393 
7 7 4 8 4 1 0.2790432377049682 
---
8 3 21.628289473684212 3.0 5
7 7 4 8 4 1 0.2790432377049682 
12 7 13 0 0 1 0.25444972316984793 
1 1 2 1 0 0 0.29371751906007004 
---
8 4 16.611842105263158 4.0 5
1 1 7 0 4 0 0.4781534845841454 
11 1 13 0 7 0 0.4599496732020538 
7 7 4 8 4 1 0.2790432377049682 
12 7 13 0 0 1 0.25444972316984793 
---
8 5 22.532894736842106 2.0 5
1 1 1 1 0 0 0.5102374811187393 
7 7 4 8 4 1 0.2790432377049682 
---
8 6 21.628289473684212 3.0 5
1 1 2 1 0 0 0.29371751906007004 
12 7 13 0 0 1 0.25444972316984793 
7 7 4 8 4 1 0.2790432377049682 
---
8 7 16.611842105263158 4.0 5
1 1 7 0 4 0 0.4781534845841454 
11 1 13 0 7 0 0.4599496732020538 
7 7 4 8 4 1 0.2790432377049682 
12 7 13 0 0 1 0.25444972316984793 
---
8 8 15.645559210526317 5.0 5
11 1 13 0 7 0 0.4599496732020538 
1 1 7 0 4 0 0.4781534845841454 
12 7 13 0 0 1 0.25444972316984793 
12 4 13 8 1 1 0.30754679396917406 
7 7 4 8 4 1 0.2790432377049682 
---
8 9 15.645559210526317 5.0 5
11 1 13 0 7 0 0.4599496732020538 
1 1 7 0 4 0 0.4781534845841454 
12 7 13 0 0 1 0.25444972316984793 
12 4 13 8 1 1 0.30754679396917406 
7 7 4 8 4 1 0.2790432377049682 
---
8 10 29.35855263157895 1.0 5
0 1 0 0 2 0 0.31149139963071915 
---
8 11 15.748355263157896 6.0 5
4 4 1 2 2 0 0.39352629450826004 
7 7 4 8 4 1 0.2790432377049682 
11 1 13 0 7 0 0.4599496732020538 
1 1 7 0 4 0 0.4781534845841454 
12 7 13 0 0 1 0.25444972316984793 
12 4 13 8 1 1 0.30754679396917406 
---
8 12 22.532894736842106 2.0 5
7 7 4 8 4 1 0.2790432377049682 
1 1 1 1 0 0 0.5102374811187393 
---
8 13 21.628289473684212 3.0 5
7 7 4 8 4 1 0.2790432377049682 
12 7 13 0 0 1 0.25444972316984793 
1 1 2 1 0 0 0.29371751906007004 
---
8 14 16.611842105263158 4.0 5
7 7 4 8 4 1 0.2790432377049682 
12 7 13 0 0 1 0.25444972316984793 
1 1 7 0 4 0 0.4781534845841454 
11 1 13 0 7 0 0.4599496732020538 
---
8 15 15.645559210526317 5.0 5
12 7 13 0 0 1 0.25444972316984793 
1 1 7 0 4 0 0.4781534845841454 
11 1 13 0 7 0 0.4599496732020538 
7 7 4 8 4 1 0.2790432377049682 
12 4 13 8 1 1 0.30754679396917406 
---
8 16 29.35855263157895 1.0 5
0 1 0 0 2 0 0.3070045453012449 
---
8 17 15.748355263157896 6.0 5
4 4 1 2 2 0 0.39352629450826004 
7 7 4 8 4 1 0.2790432377049682 
12 7 13 0 0 1 0.25444972316984793 
12 4 13 8 1 1 0.30754679396917406 
11 1 13 0 7 0 0.4599496732020538 
1 1 7 0 4 0 0.4781534845841454 
---
8 18 22.532894736842106 2.0 5
1 1 1 1 0 0 0.5102374811187393 
7 7 4 8 4 1 0.2790432377049682 
---
8 19 21.628289473684212 3.0 5
7 7 4 8 4 1 0.2790432377049682 
12 7 13 0 0 1 0.25444972316984793 
1 1 2 1 0 0 0.29371751906007004 
---
8 20 16.611842105263158 4.0 5
7 7 4 8 4 1 0.2790432377049682 
11 1 13 0 7 0 0.4599496732020538 
12 7 13 0 0 1 0.25444972316984793 
1 1 7 0 4 0 0.4781534845841454 
---
8 21 15.645559210526317 5.0 5
11 1 13 0 7 0 0.4599496732020538 
1 1 7 0 4 0 0.4781534845841454 
12 7 13 0 0 1 0.25444972316984793 
12 4 13 8 1 1 0.30754679396917406 
7 7 4 8 4 1 0.2790432377049682 
---
8 22 29.44078947368421 1.0 5
4 4 1 2 2 0 0.39352629450826004 
---
8 23 15.748355263157896 6.0 5
4 4 1 2 2 0 0.39352629450826004 
7 7 4 8 4 1 0.2790432377049682 
11 1 13 0 7 0 0.4599496732020538 
1 1 7 0 4 0 0.4781534845841454 
12 7 13 0 0 1 0.25444972316984793 
12 4 13 8 1 1 0.30754679396917406 
---
8 24 22.532894736842106 2.0 5
1 1 1 1 0 0 0.5102374811187393 
7 7 4 8 4 1 0.2790432377049682 
---
8 25 21.628289473684212 3.0 5
7 7 4 8 4 1 0.2790432377049682 
12 7 13 0 0 1 0.25444972316984793 
1 1 2 1 0 0 0.29371751906007004 
---
8 26 16.611842105263158 4.0 5
7 7 4 8 4 1 0.2790432377049682 
12 7 13 0 0 1 0.25444972316984793 
1 1 7 0 4 0 0.4781534845841454 
11 1 13 0 7 0 0.4599496732020538 
---
8 27 15.645559210526317 5.0 5
11 1 13 0 7 0 0.4599496732020538 
1 1 7 0 4 0 0.4781534845841454 
12 7 13 0 0 1 0.25444972316984793 
12 4 13 8 1 1 0.30754679396917406 
7 7 4 8 4 1 0.2790432377049682 
---
8 28 29.35855263157895 1.0 5
0 1 0 0 2 0 0.3070045453012449 
---
8 29 22.532894736842106 2.0 5
7 7 4 8 4 1 0.2790432377049682 
1 1 1 1 0 0 0.5102374811187393 
---
8 30 21.628289473684212 3.0 5
1 1 2 1 0 0 0.29371751906007004 
12 7 13 0 0 1 0.25444972316984793 
7 7 4 8 4 1 0.2790432377049682 
---
8 31 16.611842105263158 4.0 5
7 7 4 8 4 1 0.2790432377049682 
11 1 13 0 7 0 0.4599496732020538 
12 7 13 0 0 1 0.25444972316984793 
1 1 7 0 4 0 0.4781534845841454 
---
8 32 15.645559210526317 5.0 5
12 7 13 0 0 1 0.25444972316984793 
1 1 7 0 4 0 0.4781534845841454 
11 1 13 0 7 0 0.4599496732020538 
12 4 13 8 1 1 0.30754679396917406 
7 7 4 8 4 1 0.2790432377049682 
