---
0 0 29.35855263157895 1.0 5
0 0 0 1 2 0 0.39710767676941483 
---
0 1 18.791118421052634 4.0 5
7 7 8 8 2 1 0.22418333100194987 
12 1 13 0 2 1 0.25476491589793726 
11 4 13 4 4 0 0.21045232491615262 
1 1 1 0 2 0 0.2743264036091755 
---
0 2 22.635690789473685 2.0 5
7 7 8 8 2 1 0.22418333100194987 
1 2 1 0 2 0 0.49570408909764696 
---
0 3 20.168585526315788 3.0 5
11 4 13 4 4 0 0.21045232491615262 
7 7 8 8 2 1 0.28897174865735775 
1 1 1 0 2 0 0.2743264036091755 
---
0 4 22.635690789473685 2.0 5
7 7 8 8 2 1 0.22418333100194987 
1 2 1 0 2 0 0.49570408909764696 
---
0 5 21.463815789473685 3.0 5
11 4 13 4 4 0 0.21045232491615262 
7 7 8 8 2 1 0.22418333100194987 
1 1 1 0 2 0 0.2743264036091755 
---
0 6 18.791118421052634 4.0 5
1 1 1 0 2 0 0.2743264036091755 
11 4 13 4 4 0 0.21045232491615262 
12 1 13 0 2 1 0.25476491589793726 
7 7 8 8 2 1 0.22418333100194987 
---
0 7 29.44078947368421 1.0 5
1 1 0 2 4 0 0.17827369464399734 
---
0 8 22.635690789473685 2.0 5
7 7 8 8 2 1 0.22418333100194987 
1 2 1 0 2 0 0.49570408909764696 
---
0 9 20.168585526315788 3.0 5
11 4 13 4 4 0 0.21045232491615262 
7 7 8 8 2 1 0.28897174865735775 
1 1 1 0 2 0 0.2743264036091755 
---
0 10 18.791118421052634 4.0 5
7 7 8 8 2 1 0.22418333100194987 
12 1 13 0 2 1 0.25476491589793726 
11 4 13 4 4 0 0.21045232491615262 
1 1 1 0 2 0 0.2743264036091755 
---
0 11 29.44078947368421 1.0 5
1 1 0 4 4 0 0.26468719016227293 
---
0 12 22.635690789473685 2.0 5
7 7 8 8 2 1 0.22418333100194987 
1 2 1 0 2 0 0.49570408909764696 
---
0 13 20.168585526315788 3.0 5
11 4 13 4 4 0 0.21045232491615262 
7 7 8 8 2 1 0.28897174865735775 
1 1 1 0 2 0 0.2743264036091755 
---
0 14 18.791118421052634 4.0 5
12 1 13 0 2 1 0.25476491589793726 
7 7 8 8 2 1 0.22418333100194987 
11 4 13 4 4 0 0.21045232491615262 
1 1 1 0 2 0 0.2743264036091755 
---
0 15 29.44078947368421 1.0 5
1 1 0 4 4 0 0.26468719016227293 
---
0 16 22.635690789473685 2.0 5
1 2 1 0 2 0 0.49570408909764696 
7 7 8 8 2 1 0.22418333100194987 
---
0 17 21.463815789473685 3.0 5
7 7 8 8 2 1 0.22418333100194987 
1 1 1 0 2 0 0.2743264036091755 
11 4 13 4 4 0 0.21045232491615262 
---
0 18 18.791118421052634 4.0 5
7 7 8 8 2 1 0.22418333100194987 
12 1 13 0 2 1 0.25476491589793726 
11 4 13 4 4 0 0.21045232491615262 
1 1 1 0 2 0 0.2743264036091755 
---
0 19 29.35855263157895 1.0 5
0 0 0 1 2 0 0.39710767676941483 
---
0 20 22.635690789473685 2.0 5
7 7 8 8 2 1 0.22418333100194987 
1 2 1 0 2 0 0.49570408909764696 
---
0 21 20.168585526315788 3.0 5
1 1 1 0 2 0 0.2743264036091755 
11 4 13 4 4 0 0.21045232491615262 
7 7 8 8 2 1 0.28897174865735775 
---
0 22 18.791118421052634 4.0 5
7 7 8 8 2 1 0.22418333100194987 
12 1 13 0 2 1 0.25476491589793726 
11 4 13 4 4 0 0.21045232491615262 
1 1 1 0 2 0 0.2743264036091755 
---
0 23 29.379111842105267 1.0 5
0 0 0 1 4 0 0.4770779361642281 
---
0 24 22.635690789473685 2.0 5
7 7 8 8 2 1 0.22418333100194987 
1 2 1 0 2 0 0.49570408909764696 
---
0 25 20.168585526315788 3.0 5
1 1 1 0 2 0 0.2743264036091755 
7 7 8 8 2 1 0.28897174865735775 
11 4 13 4 4 0 0.21045232491615262 
---
0 26 18.791118421052634 4.0 5
7 7 8 8 2 1 0.22418333100194987 
12 1 13 0 2 1 0.25476491589793726 
11 4 13 4 4 0 0.21045232491615262 
1 1 1 0 2 0 0.2743264036091755 
---
0 27 29.379111842105267 1.0 5
0 0 0 2 2 0 0.260819147452896 
---
0 28 22.635690789473685 2.0 5
7 7 8 8 2 1 0.22418333100194987 
1 2 1 0 2 0 0.49570408909764696 
---
0 29 20.168585526315788 3.0 5
1 1 1 0 2 0 0.2743264036091755 
11 4 13 4 4 0 0.21045232491615262 
7 7 8 8 2 1 0.28897174865735775 
---
0 30 18.791118421052634 4.0 5
7 7 8 8 2 1 0.22418333100194987 
12 1 13 0 2 1 0.25476491589793726 
11 4 13 4 4 0 0.21045232491615262 
1 1 1 0 2 0 0.2743264036091755 
---
0 31 29.420230263157894 1.0 5
1 2 4 0 2 0 0.348335605374126 
---
0 32 22.635690789473685 2.0 5
7 7 8 8 2 1 0.22418333100194987 
1 2 1 0 2 0 0.49570408909764696 
---
0 33 20.168585526315788 3.0 5
11 4 13 4 4 0 0.21045232491615262 
7 7 8 8 2 1 0.28897174865735775 
1 1 1 0 2 0 0.2743264036091755 
---
1 0 29.35855263157895 1.0 5
0 2 0 1 0 0 0.5672464706998416 
---
1 1 16.981907894736842 6.0 5
12 1 13 0 2 1 0.25476491589793726 
1 1 1 0 2 0 0.2743264036091755 
7 7 8 8 2 1 0.31055774063274466 
11 4 13 4 4 0 0.21045232491615262 
11 4 13 4 4 0 0.21045232491615262 
7 2 13 8 2 1 0.3286725974930198 
---
1 2 22.388980263157894 2.0 5
4 2 0 1 2 0 0.5020437785201453 
7 7 8 8 2 1 0.28897174865735775 
---
1 3 20.065789473684212 3.0 5
1 1 1 0 2 0 0.2743264036091755 
7 7 8 8 2 1 0.31055774063274466 
11 4 13 4 4 0 0.21045232491615262 
---
1 4 22.388980263157894 2.0 5
7 7 8 8 2 1 0.28897174865735775 
4 2 0 1 2 0 0.5020437785201453 
---
1 5 17.578125 4.0 5
12 1 13 0 2 1 0.25476491589793726 
11 4 13 4 4 0 0.21045232491615262 
1 1 1 0 2 0 0.2743264036091755 
7 7 8 8 2 1 0.31055774063274466 
---
1 6 17.043585526315788 5.0 5
1 1 1 0 2 0 0.2743264036091755 
7 2 13 8 2 1 0.3286725974930198 
7 7 8 8 2 1 0.28897174865735775 
11 4 13 4 4 0 0.21045232491615262 
12 1 13 0 2 1 0.25476491589793726 
---
1 7 17.578125 4.0 5
7 7 8 8 2 1 0.31055774063274466 
11 4 13 4 4 0 0.21045232491615262 
12 1 13 0 2 1 0.25476491589793726 
1 1 1 0 2 0 0.2743264036091755 
---
1 8 17.043585526315788 5.0 5
12 1 13 0 2 1 0.25476491589793726 
1 1 1 0 2 0 0.2743264036091755 
7 7 8 8 2 1 0.28897174865735775 
7 2 13 8 2 1 0.3286725974930198 
11 4 13 4 4 0 0.21045232491615262 
---
1 9 29.461348684210524 1.0 5
0 4 4 4 1 0 0.43715693042865245 
---
1 10 16.981907894736842 6.0 5
1 1 1 0 2 0 0.2743264036091755 
7 2 13 8 2 1 0.3286725974930198 
7 7 8 8 2 1 0.31055774063274466 
11 4 13 4 4 0 0.21045232491615262 
12 1 13 0 2 1 0.25476491589793726 
11 4 13 4 4 0 0.21045232491615262 
---
1 11 22.388980263157894 2.0 5
4 2 0 1 2 0 0.5020437785201453 
7 7 8 8 2 1 0.28897174865735775 
---
1 12 17.578125 4.0 5
7 7 8 8 2 1 0.31055774063274466 
11 4 13 4 4 0 0.21045232491615262 
12 1 13 0 2 1 0.25476491589793726 
1 1 1 0 2 0 0.2743264036091755 
---
1 13 17.043585526315788 5.0 5
1 1 1 0 2 0 0.2743264036091755 
7 2 13 8 2 1 0.3286725974930198 
11 4 13 4 4 0 0.21045232491615262 
12 1 13 0 2 1 0.25476491589793726 
7 7 8 8 2 1 0.28897174865735775 
---
1 14 29.502467105263158 1.0 5
4 4 4 4 1 0 0.4171592977449239 
---
1 15 16.981907894736842 6.0 5
1 1 1 0 2 0 0.2743264036091755 
11 4 13 4 4 0 0.21045232491615262 
12 1 13 0 2 1 0.25476491589793726 
7 7 8 8 2 1 0.31055774063274466 
7 2 13 8 2 1 0.3286725974930198 
11 4 13 4 4 0 0.21045232491615262 
---
1 16 22.388980263157894 2.0 5
4 2 0 1 2 0 0.5020437785201453 
7 7 8 8 2 1 0.28897174865735775 
---
1 17 17.578125 4.0 5
7 7 8 8 2 1 0.31055774063274466 
11 4 13 4 4 0 0.21045232491615262 
12 1 13 0 2 1 0.25476491589793726 
1 1 1 0 2 0 0.2743264036091755 
---
1 18 17.043585526315788 5.0 5
1 1 1 0 2 0 0.2743264036091755 
7 2 13 8 2 1 0.3286725974930198 
7 7 8 8 2 1 0.28897174865735775 
11 4 13 4 4 0 0.21045232491615262 
12 1 13 0 2 1 0.25476491589793726 
---
1 19 29.399671052631575 1.0 5
0 2 4 1 0 0 0.5503748988588946 
---
1 20 16.981907894736842 6.0 5
12 1 13 0 2 1 0.25476491589793726 
1 1 1 0 2 0 0.2743264036091755 
7 7 8 8 2 1 0.31055774063274466 
11 4 13 4 4 0 0.21045232491615262 
11 4 13 4 4 0 0.21045232491615262 
7 2 13 8 2 1 0.3286725974930198 
---
1 21 22.388980263157894 2.0 5
7 7 8 8 2 1 0.28897174865735775 
4 2 0 1 2 0 0.5020437785201453 
---
1 22 17.578125 4.0 5
7 7 8 8 2 1 0.31055774063274466 
11 4 13 4 4 0 0.21045232491615262 
12 1 13 0 2 1 0.25476491589793726 
1 1 1 0 2 0 0.2743264036091755 
---
1 23 17.043585526315788 5.0 5
1 1 1 0 2 0 0.2743264036091755 
7 2 13 8 2 1 0.3286725974930198 
11 4 13 4 4 0 0.21045232491615262 
12 1 13 0 2 1 0.25476491589793726 
7 7 8 8 2 1 0.28897174865735775 
---
1 24 29.502467105263158 1.0 5
4 4 4 4 1 0 0.4171592977449239 
---
1 25 16.981907894736842 6.0 5
11 4 13 4 4 0 0.21045232491615262 
12 1 13 0 2 1 0.25476491589793726 
7 2 13 8 2 1 0.3286725974930198 
7 7 8 8 2 1 0.31055774063274466 
11 4 13 4 4 0 0.21045232491615262 
1 1 1 0 2 0 0.2743264036091755 
---
1 26 22.388980263157894 2.0 5
4 2 0 1 2 0 0.5020437785201453 
7 7 8 8 2 1 0.28897174865735775 
---
1 27 17.578125 4.0 5
7 7 8 8 2 1 0.31055774063274466 
11 4 13 4 4 0 0.21045232491615262 
12 1 13 0 2 1 0.25476491589793726 
1 1 1 0 2 0 0.2743264036091755 
---
1 28 17.043585526315788 5.0 5
1 1 1 0 2 0 0.2743264036091755 
7 2 13 8 2 1 0.3286725974930198 
7 7 8 8 2 1 0.28897174865735775 
11 4 13 4 4 0 0.21045232491615262 
12 1 13 0 2 1 0.25476491589793726 
---
1 29 16.981907894736842 6.0 5
1 1 1 0 2 0 0.2743264036091755 
7 2 13 8 2 1 0.3286725974930198 
7 7 8 8 2 1 0.31055774063274466 
11 4 13 4 4 0 0.21045232491615262 
12 1 13 0 2 1 0.25476491589793726 
11 4 13 4 4 0 0.21045232491615262 
---
1 30 22.388980263157894 2.0 5
4 2 0 1 2 0 0.5020437785201453 
7 7 8 8 2 1 0.28897174865735775 
---
1 31 17.578125 4.0 5
7 7 8 8 2 1 0.31055774063274466 
11 4 13 4 4 0 0.21045232491615262 
12 1 13 0 2 1 0.25476491589793726 
1 1 1 0 2 0 0.2743264036091755 
---
1 32 17.043585526315788 5.0 5
1 1 1 0 2 0 0.2743264036091755 
7 2 13 8 2 1 0.3286725974930198 
7 7 8 8 2 1 0.28897174865735775 
11 4 13 4 4 0 0.21045232491615262 
12 1 13 0 2 1 0.25476491589793726 
---
1 33 16.981907894736842 6.0 5
7 2 13 8 2 1 0.3286725974930198 
11 4 13 4 4 0 0.21045232491615262 
1 1 1 0 2 0 0.2743264036091755 
7 7 8 8 2 1 0.31055774063274466 
12 1 13 0 2 1 0.25476491589793726 
1 1 1 0 2 0 0.2743264036091755 
---
2 0 29.35855263157895 1.0 5
0 0 0 0 2 0 0.3470220732291349 
---
2 1 16.981907894736842 5.0 5
7 7 8 8 2 1 0.31055774063274466 
7 2 13 8 2 1 0.3286725974930198 
11 4 13 4 4 0 0.21045232491615262 
12 1 13 0 2 1 0.25476491589793726 
1 1 1 0 2 0 0.2743264036091755 
---
2 2 22.738486842105264 2.0 5
1 4 2 1 4 0 0.4310865589827253 
7 7 8 8 2 1 0.31055774063274466 
---
2 3 22.738486842105264 2.0 5
7 7 8 8 2 1 0.31055774063274466 
1 4 2 1 4 0 0.4310865589827253 
---
2 4 20.065789473684212 3.0 5
11 4 13 4 4 0 0.21045232491615262 
1 1 1 0 2 0 0.2743264036091755 
7 7 8 8 2 1 0.31055774063274466 
---
2 5 20.065789473684212 3.0 5
7 7 8 8 2 1 0.31055774063274466 
11 4 13 4 4 0 0.21045232491615262 
1 1 1 0 2 0 0.2743264036091755 
---
2 6 17.578125 4.0 5
7 7 8 8 2 1 0.31055774063274466 
1 1 1 0 2 0 0.2743264036091755 
11 4 13 4 4 0 0.21045232491615262 
12 1 13 0 2 1 0.25476491589793726 
---
2 7 17.578125 4.0 5
11 4 13 4 4 0 0.21045232491615262 
1 1 1 0 2 0 0.2743264036091755 
7 7 8 8 2 1 0.31055774063274466 
12 1 13 0 2 1 0.25476491589793726 
---
2 8 29.502467105263158 1.0 5
4 1 4 4 1 0 0.3779723075000644 
---
2 9 16.981907894736842 5.0 5
7 7 8 8 2 1 0.31055774063274466 
7 2 13 8 2 1 0.3286725974930198 
11 4 13 4 4 0 0.21045232491615262 
12 1 13 0 2 1 0.25476491589793726 
1 1 1 0 2 0 0.2743264036091755 
---
2 10 22.738486842105264 2.0 5
7 7 8 8 2 1 0.31055774063274466 
1 4 2 1 4 0 0.4310865589827253 
---
2 11 20.065789473684212 3.0 5
11 4 13 4 4 0 0.21045232491615262 
1 1 1 0 2 0 0.2743264036091755 
7 7 8 8 2 1 0.31055774063274466 
---
2 12 17.578125 4.0 5
7 7 8 8 2 1 0.31055774063274466 
12 1 13 0 2 1 0.25476491589793726 
1 1 1 0 2 0 0.2743264036091755 
11 4 13 4 4 0 0.21045232491615262 
---
2 13 29.502467105263158 1.0 5
4 1 4 4 1 0 0.3779723075000644 
---
2 14 16.981907894736842 5.0 5
7 7 8 8 2 1 0.31055774063274466 
7 2 13 8 2 1 0.3286725974930198 
11 4 13 4 4 0 0.21045232491615262 
12 1 13 0 2 1 0.25476491589793726 
1 1 1 0 2 0 0.2743264036091755 
---
2 15 22.738486842105264 2.0 5
1 4 2 1 4 0 0.4310865589827253 
7 7 8 8 2 1 0.31055774063274466 
---
2 16 20.065789473684212 3.0 5
7 7 8 8 2 1 0.31055774063274466 
11 4 13 4 4 0 0.21045232491615262 
1 1 1 0 2 0 0.2743264036091755 
---
2 17 17.578125 4.0 5
7 7 8 8 2 1 0.31055774063274466 
12 1 13 0 2 1 0.25476491589793726 
1 1 1 0 2 0 0.2743264036091755 
11 4 13 4 4 0 0.21045232491615262 
---
2 18 29.44078947368421 1.0 5
4 0 4 1 2 0 0.43043723925601984 
---
2 19 16.981907894736842 5.0 5
7 7 8 8 2 1 0.31055774063274466 
7 2 13 8 2 1 0.3286725974930198 
11 4 13 4 4 0 0.21045232491615262 
12 1 13 0 2 1 0.25476491589793726 
1 1 1 0 2 0 0.2743264036091755 
---
2 20 22.738486842105264 2.0 5
1 4 2 1 4 0 0.4310865589827253 
7 7 8 8 2 1 0.31055774063274466 
---
2 21 20.065789473684212 3.0 5
7 7 8 8 2 1 0.31055774063274466 
11 4 13 4 4 0 0.21045232491615262 
1 1 1 0 2 0 0.2743264036091755 
---
2 22 17.578125 4.0 5
12 1 13 0 2 1 0.25476491589793726 
11 4 13 4 4 0 0.21045232491615262 
1 1 1 0 2 0 0.2743264036091755 
7 7 8 8 2 1 0.31055774063274466 
---
2 23 29.502467105263158 1.0 5
4 1 4 4 1 0 0.3779723075000644 
---
2 24 16.981907894736842 5.0 5
7 7 8 8 2 1 0.31055774063274466 
7 2 13 8 2 1 0.3286725974930198 
11 4 13 4 4 0 0.21045232491615262 
12 1 13 0 2 1 0.25476491589793726 
1 1 1 0 2 0 0.2743264036091755 
---
2 25 22.738486842105264 2.0 5
1 4 2 1 4 0 0.4310865589827253 
7 7 8 8 2 1 0.31055774063274466 
---
2 26 20.065789473684212 3.0 5
1 1 1 0 2 0 0.2743264036091755 
11 4 13 4 4 0 0.21045232491615262 
7 7 8 8 2 1 0.31055774063274466 
---
2 27 17.578125 4.0 5
7 7 8 8 2 1 0.31055774063274466 
1 1 1 0 2 0 0.2743264036091755 
11 4 13 4 4 0 0.21045232491615262 
12 1 13 0 2 1 0.25476491589793726 
---
2 28 29.35855263157895 1.0 5
0 0 0 0 2 0 0.3470220732291349 
---
2 29 16.981907894736842 5.0 5
7 7 8 8 2 1 0.31055774063274466 
7 2 13 8 2 1 0.3286725974930198 
11 4 13 4 4 0 0.21045232491615262 
12 1 13 0 2 1 0.25476491589793726 
1 1 1 0 2 0 0.2743264036091755 
---
2 30 22.738486842105264 2.0 5
7 7 8 8 2 1 0.31055774063274466 
1 4 2 1 4 0 0.4310865589827253 
---
2 31 20.065789473684212 3.0 5
7 7 8 8 2 1 0.31055774063274466 
11 4 13 4 4 0 0.21045232491615262 
1 1 1 0 2 0 0.2743264036091755 
---
2 32 17.578125 4.0 5
11 4 13 4 4 0 0.21045232491615262 
1 1 1 0 2 0 0.2743264036091755 
12 1 13 0 2 1 0.25476491589793726 
7 7 8 8 2 1 0.31055774063274466 
---
2 33 29.481907894736842 1.0 5
4 4 2 4 1 0 0.33241916784295245 
---
3 0 29.35855263157895 1.0 5
0 2 0 1 0 0 0.5646037468300618 
---
3 1 17.948190789473685 5.0 5
7 7 8 8 2 1 0.31055774063274466 
1 1 4 0 2 0 0.17494046325396373 
1 1 1 0 2 0 0.2743264036091755 
11 4 13 4 4 0 0.21045232491615262 
12 1 13 0 2 1 0.25476491589793726 
---
3 2 22.224506578947366 2.0 5
7 7 8 8 2 1 0.31055774063274466 
1 1 4 0 2 0 0.17494046325396373 
---
3 3 22.224506578947366 2.0 5
7 7 8 8 2 1 0.31055774063274466 
1 1 4 0 2 0 0.17494046325396373 
---
3 4 20.065789473684212 3.0 5
7 7 8 8 2 1 0.31055774063274466 
1 1 1 0 2 0 0.2743264036091755 
11 4 13 4 4 0 0.21045232491615262 
---
3 5 20.065789473684212 3.0 5
7 7 8 8 2 1 0.31055774063274466 
1 1 1 0 2 0 0.2743264036091755 
11 4 13 4 4 0 0.21045232491615262 
---
3 6 17.578125 4.0 5
1 1 1 0 2 0 0.2743264036091755 
11 4 13 4 4 0 0.21045232491615262 
7 7 8 8 2 1 0.31055774063274466 
12 1 13 0 2 1 0.25476491589793726 
---
3 7 17.578125 4.0 5
11 4 13 4 4 0 0.21045232491615262 
7 7 8 8 2 1 0.31055774063274466 
1 1 1 0 2 0 0.2743264036091755 
12 1 13 0 2 1 0.25476491589793726 
---
3 8 29.481907894736842 1.0 5
4 1 4 1 1 0 0.4504761681234146 
---
3 9 17.927631578947366 5.0 5
11 1 1 0 2 0 0.16255370927799073 
7 7 8 8 2 1 0.31055774063274466 
1 1 4 0 2 0 0.17494046325396373 
11 4 13 4 4 0 0.21045232491615262 
12 1 13 0 2 1 0.25476491589793726 
---
3 10 22.224506578947366 2.0 5
7 7 8 8 2 1 0.31055774063274466 
1 1 4 0 2 0 0.17494046325396373 
---
3 11 20.065789473684212 3.0 5
7 7 8 8 2 1 0.31055774063274466 
1 1 1 0 2 0 0.2743264036091755 
11 4 13 4 4 0 0.21045232491615262 
---
3 12 17.578125 4.0 5
1 1 1 0 2 0 0.2743264036091755 
11 4 13 4 4 0 0.21045232491615262 
7 7 8 8 2 1 0.31055774063274466 
12 1 13 0 2 1 0.25476491589793726 
---
3 13 29.44078947368421 1.0 5
4 4 0 4 0 0 0.4128782868587413 
---
3 14 17.948190789473685 5.0 5
7 7 8 8 2 1 0.31055774063274466 
1 1 4 0 2 0 0.17494046325396373 
1 1 1 0 2 0 0.2743264036091755 
11 4 13 4 4 0 0.21045232491615262 
12 1 13 0 2 1 0.25476491589793726 
---
3 15 22.224506578947366 2.0 5
7 7 8 8 2 1 0.31055774063274466 
1 1 4 0 2 0 0.17494046325396373 
---
3 16 20.065789473684212 3.0 5
1 1 1 0 2 0 0.2743264036091755 
7 7 8 8 2 1 0.31055774063274466 
11 4 13 4 4 0 0.21045232491615262 
---
3 17 17.578125 4.0 5
7 7 8 8 2 1 0.31055774063274466 
1 1 1 0 2 0 0.2743264036091755 
11 4 13 4 4 0 0.21045232491615262 
12 1 13 0 2 1 0.25476491589793726 
---
3 18 29.399671052631575 1.0 5
0 2 4 1 0 0 0.5563610485208488 
---
3 19 17.948190789473685 5.0 5
1 1 4 0 2 0 0.17494046325396373 
11 4 13 4 4 0 0.21045232491615262 
1 1 1 0 2 0 0.2743264036091755 
7 7 8 8 2 1 0.31055774063274466 
12 1 13 0 2 1 0.25476491589793726 
---
3 20 20.065789473684212 3.0 5
7 7 8 8 2 1 0.31055774063274466 
1 1 1 0 2 0 0.2743264036091755 
11 4 13 4 4 0 0.21045232491615262 
---
3 21 17.578125 4.0 5
7 7 8 8 2 1 0.31055774063274466 
1 1 1 0 2 0 0.2743264036091755 
11 4 13 4 4 0 0.21045232491615262 
12 1 13 0 2 1 0.25476491589793726 
---
3 22 29.420230263157894 1.0 5
0 4 1 2 0 0 0.3938648989865361 
---
3 23 17.948190789473685 5.0 5
7 7 8 8 2 1 0.31055774063274466 
1 1 4 0 2 0 0.17494046325396373 
1 1 1 0 2 0 0.2743264036091755 
11 4 13 4 4 0 0.21045232491615262 
12 1 13 0 2 1 0.25476491589793726 
---
3 24 20.065789473684212 3.0 5
7 7 8 8 2 1 0.31055774063274466 
1 1 1 0 2 0 0.2743264036091755 
11 4 13 4 4 0 0.21045232491615262 
---
3 25 17.578125 4.0 5
12 1 13 0 2 1 0.25476491589793726 
7 7 8 8 2 1 0.31055774063274466 
11 4 13 4 4 0 0.21045232491615262 
1 1 1 0 2 0 0.2743264036091755 
---
3 26 29.420230263157894 1.0 5
0 4 4 1 2 0 0.4329454298553861 
---
3 27 17.948190789473685 5.0 5
7 7 8 8 2 1 0.31055774063274466 
1 1 4 0 2 0 0.17494046325396373 
11 4 13 4 4 0 0.21045232491615262 
12 1 13 0 2 1 0.25476491589793726 
1 1 4 0 2 0 0.17494046325396373 
---
3 28 20.065789473684212 3.0 5
11 4 13 4 4 0 0.21045232491615262 
1 1 1 0 2 0 0.2743264036091755 
7 7 8 8 2 1 0.31055774063274466 
---
3 29 17.578125 4.0 5
1 1 1 0 2 0 0.2743264036091755 
7 7 8 8 2 1 0.31055774063274466 
11 4 13 4 4 0 0.21045232491615262 
12 1 13 0 2 1 0.25476491589793726 
---
3 30 29.44078947368421 1.0 5
4 4 0 4 0 0 0.4128782868587413 
---
3 31 20.065789473684212 3.0 5
7 7 8 8 2 1 0.31055774063274466 
1 1 1 0 2 0 0.2743264036091755 
11 4 13 4 4 0 0.21045232491615262 
---
3 32 17.578125 4.0 5
7 7 8 8 2 1 0.31055774063274466 
12 1 13 0 2 1 0.25476491589793726 
1 1 1 0 2 0 0.2743264036091755 
11 4 13 4 4 0 0.21045232491615262 
---
4 0 29.35855263157895 1.0 5
0 2 0 1 0 0 0.5672464706998416 
---
4 1 16.981907894736842 5.0 5
12 1 13 0 2 1 0.25476491589793726 
11 4 13 4 4 0 0.21045232491615262 
1 1 1 0 2 0 0.2743264036091755 
7 7 8 8 2 1 0.31055774063274466 
7 2 13 8 2 1 0.3286725974930198 
---
4 2 22.450657894736842 2.0 5
0 2 1 1 2 0 0.6439394071767983 
7 7 8 8 2 1 0.31055774063274466 
---
4 3 20.065789473684212 3.0 5
11 4 13 4 4 0 0.21045232491615262 
1 1 1 0 2 0 0.2743264036091755 
7 7 8 8 2 1 0.31055774063274466 
---
4 4 17.578125 4.0 5
7 7 8 8 2 1 0.31055774063274466 
1 1 1 0 2 0 0.2743264036091755 
12 1 13 0 2 1 0.25476491589793726 
11 4 13 4 4 0 0.21045232491615262 
---
4 5 17.578125 4.0 5
7 7 8 8 2 1 0.31055774063274466 
1 1 1 0 2 0 0.2743264036091755 
12 1 13 0 2 1 0.25476491589793726 
11 4 13 4 4 0 0.21045232491615262 
---
4 6 22.450657894736842 2.0 5
0 2 1 1 2 0 0.6439394071767983 
7 7 8 8 2 1 0.31055774063274466 
---
4 7 20.065789473684212 3.0 5
11 4 13 4 4 0 0.21045232491615262 
1 1 1 0 2 0 0.2743264036091755 
7 7 8 8 2 1 0.31055774063274466 
---
4 8 29.379111842105267 1.0 5
0 2 1 1 2 0 0.6439394071767983 
---
4 9 16.981907894736842 5.0 5
12 1 13 0 2 1 0.25476491589793726 
11 4 13 4 4 0 0.21045232491615262 
1 1 1 0 2 0 0.2743264036091755 
7 7 8 8 2 1 0.31055774063274466 
7 2 13 8 2 1 0.3286725974930198 
---
4 10 17.578125 4.0 5
12 1 13 0 2 1 0.25476491589793726 
11 4 13 4 4 0 0.21045232491615262 
7 7 8 8 2 1 0.31055774063274466 
1 1 1 0 2 0 0.2743264036091755 
---
4 11 22.450657894736842 2.0 5
0 2 1 1 2 0 0.6439394071767983 
7 7 8 8 2 1 0.31055774063274466 
---
4 12 20.065789473684212 3.0 5
1 1 1 0 2 0 0.2743264036091755 
11 4 13 4 4 0 0.21045232491615262 
7 7 8 8 2 1 0.31055774063274466 
---
4 13 29.399671052631575 1.0 5
0 0 1 0 4 0 0.5361312331018961 
---
4 14 16.981907894736842 5.0 5
7 7 8 8 2 1 0.31055774063274466 
1 1 1 0 2 0 0.2743264036091755 
7 2 13 8 2 1 0.3286725974930198 
12 1 13 0 2 1 0.25476491589793726 
11 4 13 4 4 0 0.21045232491615262 
---
4 15 17.578125 4.0 5
11 4 13 4 4 0 0.21045232491615262 
12 1 13 0 2 1 0.25476491589793726 
1 1 1 0 2 0 0.2743264036091755 
7 7 8 8 2 1 0.31055774063274466 
---
4 16 20.065789473684212 3.0 5
11 4 13 4 4 0 0.21045232491615262 
7 7 8 8 2 1 0.31055774063274466 
1 1 1 0 2 0 0.2743264036091755 
---
4 17 29.379111842105267 1.0 5
0 0 0 0 4 0 0.43920191006280707 
---
4 18 16.981907894736842 5.0 5
1 1 1 0 2 0 0.2743264036091755 
11 4 13 4 4 0 0.21045232491615262 
7 7 8 8 2 1 0.31055774063274466 
12 1 13 0 2 1 0.25476491589793726 
7 2 13 8 2 1 0.3286725974930198 
---
4 19 17.578125 4.0 5
11 4 13 4 4 0 0.21045232491615262 
12 1 13 0 2 1 0.25476491589793726 
1 1 1 0 2 0 0.2743264036091755 
7 7 8 8 2 1 0.31055774063274466 
---
4 20 20.065789473684212 3.0 5
11 4 13 4 4 0 0.21045232491615262 
1 1 1 0 2 0 0.2743264036091755 
7 7 8 8 2 1 0.31055774063274466 
---
4 21 29.379111842105267 1.0 5
0 4 0 0 2 0 0.3796173387329187 
---
4 22 16.981907894736842 5.0 5
7 2 13 8 2 1 0.3286725974930198 
1 1 1 0 2 0 0.2743264036091755 
11 4 13 4 4 0 0.21045232491615262 
12 1 13 0 2 1 0.25476491589793726 
7 7 8 8 2 1 0.31055774063274466 
---
4 23 17.578125 4.0 5
7 7 8 8 2 1 0.31055774063274466 
1 1 1 0 2 0 0.2743264036091755 
12 1 13 0 2 1 0.25476491589793726 
11 4 13 4 4 0 0.21045232491615262 
---
4 24 20.065789473684212 3.0 5
11 4 13 4 4 0 0.21045232491615262 
7 7 8 8 2 1 0.31055774063274466 
1 1 1 0 2 0 0.2743264036091755 
---
4 25 29.379111842105267 1.0 5
0 2 2 1 0 0 0.47219878254001757 
---
4 26 16.981907894736842 5.0 5
12 1 13 0 2 1 0.25476491589793726 
11 4 13 4 4 0 0.21045232491615262 
1 1 1 0 2 0 0.2743264036091755 
7 7 8 8 2 1 0.31055774063274466 
7 2 13 8 2 1 0.3286725974930198 
---
4 27 17.578125 4.0 5
7 7 8 8 2 1 0.31055774063274466 
1 1 1 0 2 0 0.2743264036091755 
12 1 13 0 2 1 0.25476491589793726 
11 4 13 4 4 0 0.21045232491615262 
---
4 28 20.065789473684212 3.0 5
11 4 13 4 4 0 0.21045232491615262 
7 7 8 8 2 1 0.31055774063274466 
1 1 1 0 2 0 0.2743264036091755 
---
4 29 29.379111842105267 1.0 5
0 0 0 0 4 0 0.43920191006280707 
---
4 30 16.981907894736842 5.0 5
1 1 1 0 2 0 0.2743264036091755 
11 4 13 4 4 0 0.21045232491615262 
7 7 8 8 2 1 0.31055774063274466 
7 2 13 8 2 1 0.3286725974930198 
12 1 13 0 2 1 0.25476491589793726 
---
4 31 17.578125 4.0 5
1 1 1 0 2 0 0.2743264036091755 
12 1 13 0 2 1 0.25476491589793726 
11 4 13 4 4 0 0.21045232491615262 
7 7 8 8 2 1 0.31055774063274466 
---
4 32 20.065789473684212 3.0 5
7 7 8 8 2 1 0.31055774063274466 
1 1 1 0 2 0 0.2743264036091755 
11 4 13 4 4 0 0.21045232491615262 
---
5 0 29.35855263157895 1.0 5
0 2 0 1 0 0 0.5403974689468054 
---
5 1 16.981907894736842 5.0 5
1 1 1 0 2 0 0.2743264036091755 
7 7 8 8 2 1 0.31055774063274466 
7 2 13 8 2 1 0.3286725974930198 
12 1 13 0 2 1 0.25476491589793726 
11 4 13 4 4 0 0.21045232491615262 
---
5 2 23.54029605263158 3.0 5
1 1 1 0 2 0 0.2743264036091755 
11 4 13 4 4 0 0.21045232491615262 
12 1 13 0 2 1 0.25476491589793726 
---
5 3 23.293585526315788 2.0 5
1 2 1 0 2 0 0.5015238744592728 
7 7 8 8 2 1 0.17547357114554374 
---
5 4 17.578125 4.0 5
12 1 13 0 2 1 0.25476491589793726 
1 1 1 0 2 0 0.2743264036091755 
11 4 13 4 4 0 0.21045232491615262 
7 7 8 8 2 1 0.31055774063274466 
---
5 5 23.293585526315788 2.0 5
7 7 8 8 2 1 0.17547357114554374 
1 2 1 0 2 0 0.5015238744592728 
---
5 6 17.578125 4.0 5
11 4 13 4 4 0 0.21045232491615262 
12 1 13 0 2 1 0.25476491589793726 
1 1 1 0 2 0 0.2743264036091755 
7 7 8 8 2 1 0.31055774063274466 
---
5 7 29.379111842105267 1.0 5
1 2 0 1 0 0 0.5161825454707869 
---
5 8 16.981907894736842 5.0 5
1 1 1 0 2 0 0.2743264036091755 
7 7 8 8 2 1 0.31055774063274466 
7 2 13 8 2 1 0.3286725974930198 
12 1 13 0 2 1 0.25476491589793726 
11 4 13 4 4 0 0.21045232491615262 
---
5 9 23.293585526315788 2.0 5
1 2 1 0 2 0 0.5015238744592728 
7 7 8 8 2 1 0.17547357114554374 
---
5 10 17.578125 4.0 5
11 4 13 4 4 0 0.21045232491615262 
12 1 13 0 2 1 0.25476491589793726 
1 1 1 0 2 0 0.2743264036091755 
7 7 8 8 2 1 0.31055774063274466 
---
5 11 29.399671052631575 1.0 5
4 2 0 1 0 0 0.5575244014665617 
---
5 12 16.981907894736842 5.0 5
7 7 8 8 2 1 0.31055774063274466 
1 1 1 0 2 0 0.2743264036091755 
12 1 13 0 2 1 0.25476491589793726 
11 4 13 4 4 0 0.21045232491615262 
7 2 13 8 2 1 0.3286725974930198 
---
5 13 17.578125 4.0 5
11 4 13 4 4 0 0.21045232491615262 
12 1 13 0 2 1 0.25476491589793726 
1 1 1 0 2 0 0.2743264036091755 
7 7 8 8 2 1 0.31055774063274466 
---
5 14 29.379111842105267 1.0 5
1 2 0 1 0 0 0.5161825454707869 
---
5 15 16.981907894736842 5.0 5
7 7 8 8 2 1 0.31055774063274466 
1 1 1 0 2 0 0.2743264036091755 
11 4 13 4 4 0 0.21045232491615262 
12 1 13 0 2 1 0.25476491589793726 
7 2 13 8 2 1 0.3286725974930198 
---
5 16 17.578125 4.0 5
11 4 13 4 4 0 0.21045232491615262 
12 1 13 0 2 1 0.25476491589793726 
1 1 1 0 2 0 0.2743264036091755 
7 7 8 8 2 1 0.31055774063274466 
---
5 17 29.420230263157894 1.0 5
1 4 0 1 4 0 0.43396355319128865 
---
5 18 16.981907894736842 5.0 5
12 1 13 0 2 1 0.25476491589793726 
11 4 13 4 4 0 0.21045232491615262 
1 1 1 0 2 0 0.2743264036091755 
7 2 13 8 2 1 0.3286725974930198 
7 7 8 8 2 1 0.31055774063274466 
---
5 19 17.578125 4.0 5
12 1 13 0 2 1 0.25476491589793726 
1 1 1 0 2 0 0.2743264036091755 
11 4 13 4 4 0 0.21045232491615262 
7 7 8 8 2 1 0.31055774063274466 
---
5 20 29.379111842105267 1.0 5
1 2 0 1 0 0 0.5161825454707869 
---
5 21 16.981907894736842 5.0 5
7 7 8 8 2 1 0.31055774063274466 
1 1 1 0 2 0 0.2743264036091755 
12 1 13 0 2 1 0.25476491589793726 
11 4 13 4 4 0 0.21045232491615262 
7 2 13 8 2 1 0.3286725974930198 
---
5 22 17.578125 4.0 5
11 4 13 4 4 0 0.21045232491615262 
12 1 13 0 2 1 0.25476491589793726 
1 1 1 0 2 0 0.2743264036091755 
7 7 8 8 2 1 0.31055774063274466 
---
5 23 29.399671052631575 1.0 5
4 2 0 1 0 0 0.5575244014665617 
---
5 24 16.981907894736842 5.0 5
7 7 8 8 2 1 0.31055774063274466 
1 1 1 0 2 0 0.2743264036091755 
12 1 13 0 2 1 0.25476491589793726 
11 4 13 4 4 0 0.21045232491615262 
7 2 13 8 2 1 0.3286725974930198 
---
5 25 17.578125 4.0 5
7 7 8 8 2 1 0.31055774063274466 
11 4 13 4 4 0 0.21045232491615262 
1 1 1 0 2 0 0.2743264036091755 
12 1 13 0 2 1 0.25476491589793726 
---
5 26 29.399671052631575 1.0 5
4 2 0 1 0 0 0.5575244014665617 
---
5 27 16.981907894736842 5.0 5
7 7 8 8 2 1 0.31055774063274466 
1 1 1 0 2 0 0.2743264036091755 
12 1 13 0 2 1 0.25476491589793726 
11 4 13 4 4 0 0.21045232491615262 
7 2 13 8 2 1 0.3286725974930198 
---
5 28 17.578125 4.0 5
11 4 13 4 4 0 0.21045232491615262 
12 1 13 0 2 1 0.25476491589793726 
1 1 1 0 2 0 0.2743264036091755 
7 7 8 8 2 1 0.31055774063274466 
---
5 29 29.420230263157894 1.0 5
4 1 0 1 0 0 0.41191706176290666 
---
5 30 16.981907894736842 5.0 5
7 7 8 8 2 1 0.31055774063274466 
1 1 1 0 2 0 0.2743264036091755 
12 1 13 0 2 1 0.25476491589793726 
11 4 13 4 4 0 0.21045232491615262 
7 2 13 8 2 1 0.3286725974930198 
---
5 31 17.578125 4.0 5
11 4 13 4 4 0 0.21045232491615262 
12 1 13 0 2 1 0.25476491589793726 
1 1 1 0 2 0 0.2743264036091755 
7 7 8 8 2 1 0.31055774063274466 
---
5 32 29.379111842105267 1.0 5
1 2 0 1 0 0 0.5161825454707869 
---
6 0 29.35855263157895 1.0 5
0 0 0 1 0 0 0.5044002912400736 
---
6 1 16.981907894736842 5.0 5
7 2 13 8 2 1 0.3286725974930198 
11 4 13 4 4 0 0.21045232491615262 
7 7 8 8 2 1 0.31055774063274466 
12 1 13 0 2 1 0.25476491589793726 
1 1 1 0 2 0 0.2743264036091755 
---
6 2 22.409539473684212 2.0 5
1 1 1 0 2 0 0.2743264036091755 
7 7 8 8 2 1 0.31055774063274466 
---
6 3 22.409539473684212 2.0 5
1 1 1 0 2 0 0.2743264036091755 
7 7 8 8 2 1 0.31055774063274466 
---
6 4 20.065789473684212 3.0 5
7 7 8 8 2 1 0.31055774063274466 
1 1 1 0 2 0 0.2743264036091755 
11 4 13 4 4 0 0.21045232491615262 
---
6 5 20.065789473684212 3.0 5
1 1 1 0 2 0 0.2743264036091755 
7 7 8 8 2 1 0.31055774063274466 
11 4 13 4 4 0 0.21045232491615262 
---
6 6 17.578125 4.0 5
12 1 13 0 2 1 0.25476491589793726 
7 7 8 8 2 1 0.31055774063274466 
1 1 1 0 2 0 0.2743264036091755 
11 4 13 4 4 0 0.21045232491615262 
---
6 7 17.578125 4.0 5
12 1 13 0 2 1 0.25476491589793726 
11 4 13 4 4 0 0.21045232491615262 
7 7 8 8 2 1 0.31055774063274466 
1 1 1 0 2 0 0.2743264036091755 
---
6 8 29.35855263157895 1.0 5
0 0 0 1 0 0 0.5044002912400736 
---
6 9 16.981907894736842 5.0 5
11 4 13 4 4 0 0.21045232491615262 
12 1 13 0 2 1 0.25476491589793726 
7 7 8 8 2 1 0.31055774063274466 
1 1 1 0 2 0 0.2743264036091755 
7 2 13 8 2 1 0.3286725974930198 
---
6 10 22.409539473684212 2.0 5
1 1 1 0 2 0 0.2743264036091755 
7 7 8 8 2 1 0.31055774063274466 
---
6 11 20.065789473684212 3.0 5
7 7 8 8 2 1 0.31055774063274466 
11 4 13 4 4 0 0.21045232491615262 
1 1 1 0 2 0 0.2743264036091755 
---
6 12 17.578125 4.0 5
7 7 8 8 2 1 0.31055774063274466 
11 4 13 4 4 0 0.21045232491615262 
1 1 1 0 2 0 0.2743264036091755 
12 1 13 0 2 1 0.25476491589793726 
---
6 13 29.379111842105267 1.0 5
0 1 0 1 0 0 0.48150418712319254 
---
6 14 16.981907894736842 5.0 5
7 2 13 8 2 1 0.3286725974930198 
11 4 13 4 4 0 0.21045232491615262 
7 7 8 8 2 1 0.31055774063274466 
12 1 13 0 2 1 0.25476491589793726 
1 1 1 0 2 0 0.2743264036091755 
---
6 15 22.409539473684212 2.0 5
1 1 1 0 2 0 0.2743264036091755 
7 7 8 8 2 1 0.31055774063274466 
---
6 16 20.065789473684212 3.0 5
7 7 8 8 2 1 0.31055774063274466 
11 4 13 4 4 0 0.21045232491615262 
1 1 1 0 2 0 0.2743264036091755 
---
6 17 17.578125 4.0 5
11 4 13 4 4 0 0.21045232491615262 
7 7 8 8 2 1 0.31055774063274466 
1 1 1 0 2 0 0.2743264036091755 
12 1 13 0 2 1 0.25476491589793726 
---
6 18 29.35855263157895 1.0 5
0 0 0 1 0 0 0.5044002912400736 
---
6 19 16.981907894736842 5.0 5
7 2 13 8 2 1 0.3286725974930198 
11 4 13 4 4 0 0.21045232491615262 
7 7 8 8 2 1 0.31055774063274466 
12 1 13 0 2 1 0.25476491589793726 
1 1 1 0 2 0 0.2743264036091755 
---
6 20 22.409539473684212 2.0 5
1 1 1 0 2 0 0.2743264036091755 
7 7 8 8 2 1 0.31055774063274466 
---
6 21 20.065789473684212 3.0 5
7 7 8 8 2 1 0.31055774063274466 
11 4 13 4 4 0 0.21045232491615262 
1 1 1 0 2 0 0.2743264036091755 
---
6 22 17.578125 4.0 5
12 1 13 0 2 1 0.25476491589793726 
7 7 8 8 2 1 0.31055774063274466 
11 4 13 4 4 0 0.21045232491615262 
1 1 1 0 2 0 0.2743264036091755 
---
6 23 29.35855263157895 1.0 5
0 0 0 1 0 0 0.5044002912400736 
---
6 24 16.981907894736842 5.0 5
7 2 13 8 2 1 0.3286725974930198 
11 4 13 4 4 0 0.21045232491615262 
7 7 8 8 2 1 0.31055774063274466 
12 1 13 0 2 1 0.25476491589793726 
1 1 1 0 2 0 0.2743264036091755 
---
6 25 22.409539473684212 2.0 5
1 1 1 0 2 0 0.2743264036091755 
7 7 8 8 2 1 0.31055774063274466 
---
6 26 20.065789473684212 3.0 5
7 7 8 8 2 1 0.31055774063274466 
11 4 13 4 4 0 0.21045232491615262 
1 1 1 0 2 0 0.2743264036091755 
---
6 27 17.578125 4.0 5
1 1 1 0 2 0 0.2743264036091755 
7 7 8 8 2 1 0.31055774063274466 
11 4 13 4 4 0 0.21045232491615262 
12 1 13 0 2 1 0.25476491589793726 
---
6 28 29.35855263157895 1.0 5
0 0 0 1 0 0 0.5044002912400736 
---
6 29 16.981907894736842 5.0 5
7 2 13 8 2 1 0.3286725974930198 
11 4 13 4 4 0 0.21045232491615262 
7 7 8 8 2 1 0.31055774063274466 
12 1 13 0 2 1 0.25476491589793726 
1 1 1 0 2 0 0.2743264036091755 
---
6 30 22.409539473684212 2.0 5
1 1 1 0 2 0 0.2743264036091755 
7 7 8 8 2 1 0.31055774063274466 
---
6 31 20.065789473684212 3.0 5
7 7 8 8 2 1 0.31055774063274466 
11 4 13 4 4 0 0.21045232491615262 
1 1 1 0 2 0 0.2743264036091755 
---
6 32 17.578125 4.0 5
12 1 13 0 2 1 0.25476491589793726 
7 7 8 8 2 1 0.31055774063274466 
11 4 13 4 4 0 0.21045232491615262 
1 1 1 0 2 0 0.2743264036091755 
---
7 0 29.35855263157895 1.0 5
0 2 0 1 0 0 0.5672464706998416 
---
7 1 18.25657894736842 5.0 5
11 4 13 4 4 0 0.21045232491615262 
7 7 8 8 2 1 0.24781871603428485 
2 1 1 0 2 0 0.5175650292034026 
12 1 13 0 2 1 0.25476491589793726 
11 4 13 4 4 0 0.21045232491615262 
---
7 2 22.409539473684212 2.0 5
1 1 1 0 2 0 0.2743264036091755 
7 7 8 8 2 1 0.24781871603428485 
---
7 3 20.065789473684212 3.0 5
11 4 13 4 4 0 0.21045232491615262 
7 7 8 8 2 1 0.31055774063274466 
1 1 1 0 2 0 0.2743264036091755 
---
7 4 18.379934210526315 4.0 5
1 1 1 0 2 0 0.2743264036091755 
11 4 13 4 4 0 0.21045232491615262 
7 7 8 8 2 1 0.24781871603428485 
12 1 13 0 2 1 0.25476491589793726 
---
7 5 22.409539473684212 2.0 5
1 1 1 0 2 0 0.2743264036091755 
7 7 8 8 2 1 0.24781871603428485 
---
7 6 20.99095394736842 3.0 5
11 4 13 4 4 0 0.21045232491615262 
7 7 8 8 2 1 0.24781871603428485 
1 1 1 0 2 0 0.2743264036091755 
---
7 7 17.578125 4.0 5
7 7 8 8 2 1 0.31055774063274466 
11 4 13 4 4 0 0.21045232491615262 
12 1 13 0 2 1 0.25476491589793726 
1 1 1 0 2 0 0.2743264036091755 
---
7 8 29.35855263157895 1.0 5
0 2 0 1 0 0 0.5672464706998416 
---
7 9 18.25657894736842 5.0 5
7 7 8 8 2 1 0.24781871603428485 
11 4 13 4 4 0 0.21045232491615262 
2 1 1 0 2 0 0.5175650292034026 
12 1 13 0 2 1 0.25476491589793726 
11 4 13 4 4 0 0.21045232491615262 
---
7 10 22.409539473684212 2.0 5
1 1 1 0 2 0 0.2743264036091755 
7 7 8 8 2 1 0.24781871603428485 
---
7 11 20.065789473684212 3.0 5
7 7 8 8 2 1 0.31055774063274466 
11 4 13 4 4 0 0.21045232491615262 
1 1 1 0 2 0 0.2743264036091755 
---
7 12 18.379934210526315 4.0 5
7 7 8 8 2 1 0.24781871603428485 
12 1 13 0 2 1 0.25476491589793726 
11 4 13 4 4 0 0.21045232491615262 
1 1 1 0 2 0 0.2743264036091755 
---
7 13 29.35855263157895 1.0 5
0 2 0 1 0 0 0.5672464706998416 
---
7 14 18.25657894736842 5.0 5
11 4 13 4 4 0 0.21045232491615262 
7 7 8 8 2 1 0.24781871603428485 
2 1 1 0 2 0 0.5175650292034026 
12 1 13 0 2 1 0.25476491589793726 
11 4 13 4 4 0 0.21045232491615262 
---
7 15 22.409539473684212 2.0 5
7 7 8 8 2 1 0.24781871603428485 
1 1 1 0 2 0 0.2743264036091755 
---
7 16 20.065789473684212 3.0 5
11 4 13 4 4 0 0.21045232491615262 
7 7 8 8 2 1 0.31055774063274466 
1 1 1 0 2 0 0.2743264036091755 
---
7 17 17.578125 4.0 5
12 1 13 0 2 1 0.25476491589793726 
7 7 8 8 2 1 0.31055774063274466 
1 1 1 0 2 0 0.2743264036091755 
11 4 13 4 4 0 0.21045232491615262 
---
7 18 29.379111842105267 1.0 5
0 2 0 4 0 0 0.4937718269704625 
---
7 19 18.25657894736842 5.0 5
11 4 13 4 4 0 0.21045232491615262 
7 7 8 8 2 1 0.24781871603428485 
2 1 1 0 2 0 0.5175650292034026 
12 1 13 0 2 1 0.25476491589793726 
11 4 13 4 4 0 0.21045232491615262 
---
7 20 22.409539473684212 2.0 5
7 7 8 8 2 1 0.24781871603428485 
1 1 1 0 2 0 0.2743264036091755 
---
7 21 20.065789473684212 3.0 5
7 7 8 8 2 1 0.31055774063274466 
11 4 13 4 4 0 0.21045232491615262 
1 1 1 0 2 0 0.2743264036091755 
---
7 22 18.379934210526315 4.0 5
7 7 8 8 2 1 0.24781871603428485 
12 1 13 0 2 1 0.25476491589793726 
11 4 13 4 4 0 0.21045232491615262 
1 1 1 0 2 0 0.2743264036091755 
---
7 23 29.35855263157895 1.0 5
0 2 0 1 0 0 0.5672464706998416 
---
7 24 18.25657894736842 5.0 5
11 4 13 4 4 0 0.21045232491615262 
7 7 8 8 2 1 0.24781871603428485 
2 1 1 0 2 0 0.5175650292034026 
12 1 13 0 2 1 0.25476491589793726 
11 4 13 4 4 0 0.21045232491615262 
---
7 25 22.409539473684212 2.0 5
1 1 1 0 2 0 0.2743264036091755 
7 7 8 8 2 1 0.24781871603428485 
---
7 26 20.99095394736842 3.0 5
1 1 1 0 2 0 0.2743264036091755 
7 7 8 8 2 1 0.24781871603428485 
11 4 13 4 4 0 0.21045232491615262 
---
7 27 18.379934210526315 4.0 5
7 7 8 8 2 1 0.24781871603428485 
12 1 13 0 2 1 0.25476491589793726 
11 4 13 4 4 0 0.21045232491615262 
1 1 1 0 2 0 0.2743264036091755 
---
7 28 29.420230263157894 1.0 5
4 2 0 4 0 0 0.4833405193023236 
---
7 29 18.25657894736842 5.0 5
11 4 13 4 4 0 0.21045232491615262 
7 7 8 8 2 1 0.24781871603428485 
2 1 1 0 2 0 0.5175650292034026 
12 1 13 0 2 1 0.25476491589793726 
11 4 13 4 4 0 0.21045232491615262 
---
7 30 22.409539473684212 2.0 5
1 1 1 0 2 0 0.2743264036091755 
7 7 8 8 2 1 0.24781871603428485 
---
7 31 20.065789473684212 3.0 5
11 4 13 4 4 0 0.21045232491615262 
7 7 8 8 2 1 0.31055774063274466 
1 1 1 0 2 0 0.2743264036091755 
---
7 32 17.578125 4.0 5
7 7 8 8 2 1 0.31055774063274466 
11 4 13 4 4 0 0.21045232491615262 
1 1 1 0 2 0 0.2743264036091755 
12 1 13 0 2 1 0.25476491589793726 
---
8 0 29.35855263157895 1.0 5
0 0 0 1 2 0 0.4313786739122645 
---
8 1 17.598684210526315 9.0 5
12 1 13 0 2 1 0.25476491589793726 
1 1 1 0 2 0 0.2743264036091755 
11 4 13 4 4 0 0.21045232491615262 
7 2 13 8 2 1 0.3286725974930198 
7 7 8 8 2 1 0.28897174865735775 
7 2 13 8 2 1 0.3286725974930198 
1 7 1 0 2 0 0.19814261144345835 
1 1 1 0 2 0 0.3294443328240271 
7 2 13 8 2 1 0.3286725974930198 
---
8 2 22.388980263157894 2.0 5
7 7 8 8 2 1 0.22418333100194987 
1 1 1 0 2 0 0.2743264036091755 
---
8 3 17.043585526315788 5.0 5
11 4 13 4 4 0 0.21045232491615262 
7 7 8 8 2 1 0.28897174865735775 
1 1 1 0 2 0 0.2743264036091755 
12 1 13 0 2 1 0.25476491589793726 
7 2 13 8 2 1 0.3286725974930198 
---
8 4 20.168585526315788 3.0 5
11 4 13 4 4 0 0.21045232491615262 
1 1 1 0 2 0 0.2743264036091755 
7 7 8 8 2 1 0.28897174865735775 
---
8 5 17.68092105263158 4.0 5
12 1 13 0 2 1 0.25476491589793726 
11 4 13 4 4 0 0.21045232491615262 
7 7 8 8 2 1 0.28897174865735775 
1 1 1 0 2 0 0.2743264036091755 
---
8 6 22.388980263157894 2.0 5
7 7 8 8 2 1 0.22418333100194987 
1 1 1 0 2 0 0.2743264036091755 
---
8 7 20.168585526315788 3.0 5
11 4 13 4 4 0 0.21045232491615262 
1 1 1 0 2 0 0.2743264036091755 
7 7 8 8 2 1 0.28897174865735775 
---
8 8 17.68092105263158 4.0 5
12 1 13 0 2 1 0.25476491589793726 
11 4 13 4 4 0 0.21045232491615262 
7 7 8 8 2 1 0.28897174865735775 
1 1 1 0 2 0 0.2743264036091755 
---
8 9 17.043585526315788 5.0 5
11 4 13 4 4 0 0.21045232491615262 
7 7 8 8 2 1 0.28897174865735775 
1 1 1 0 2 0 0.2743264036091755 
12 1 13 0 2 1 0.25476491589793726 
7 2 13 8 2 1 0.3286725974930198 
---
8 10 29.35855263157895 1.0 5
0 0 0 1 2 0 0.4313786739122645 
---
8 11 20.168585526315788 3.0 5
11 4 13 4 4 0 0.21045232491615262 
1 1 1 0 2 0 0.2743264036091755 
7 7 8 8 2 1 0.28897174865735775 
---
8 12 17.68092105263158 4.0 5
12 1 13 0 2 1 0.25476491589793726 
11 4 13 4 4 0 0.21045232491615262 
7 7 8 8 2 1 0.28897174865735775 
1 1 1 0 2 0 0.2743264036091755 
---
8 13 17.043585526315788 5.0 5
11 4 13 4 4 0 0.21045232491615262 
7 7 8 8 2 1 0.28897174865735775 
1 1 1 0 2 0 0.2743264036091755 
12 1 13 0 2 1 0.25476491589793726 
7 2 13 8 2 1 0.3286725974930198 
---
8 14 29.420230263157894 1.0 5
4 0 0 1 1 0 0.518764806470849 
---
8 15 20.168585526315788 3.0 5
7 7 8 8 2 1 0.28897174865735775 
11 4 13 4 4 0 0.21045232491615262 
1 1 1 0 2 0 0.2743264036091755 
---
8 16 17.68092105263158 4.0 5
12 1 13 0 2 1 0.25476491589793726 
11 4 13 4 4 0 0.21045232491615262 
7 7 8 8 2 1 0.28897174865735775 
1 1 1 0 2 0 0.2743264036091755 
---
8 17 17.043585526315788 5.0 5
11 4 13 4 4 0 0.21045232491615262 
7 7 8 8 2 1 0.28897174865735775 
1 1 1 0 2 0 0.2743264036091755 
12 1 13 0 2 1 0.25476491589793726 
7 2 13 8 2 1 0.3286725974930198 
---
8 18 29.35855263157895 1.0 5
0 0 0 1 2 0 0.4313786739122645 
---
8 19 20.168585526315788 3.0 5
11 4 13 4 4 0 0.21045232491615262 
1 1 1 0 2 0 0.2743264036091755 
7 7 8 8 2 1 0.28897174865735775 
---
8 20 17.68092105263158 4.0 5
1 1 1 0 2 0 0.2743264036091755 
7 7 8 8 2 1 0.28897174865735775 
11 4 13 4 4 0 0.21045232491615262 
12 1 13 0 2 1 0.25476491589793726 
---
8 21 17.043585526315788 5.0 5
1 1 1 0 2 0 0.2743264036091755 
11 4 13 4 4 0 0.21045232491615262 
12 1 13 0 2 1 0.25476491589793726 
7 7 8 8 2 1 0.28897174865735775 
7 2 13 8 2 1 0.3286725974930198 
---
8 22 29.35855263157895 1.0 5
0 0 0 1 2 0 0.4313786739122645 
---
8 23 20.168585526315788 3.0 5
11 4 13 4 4 0 0.21045232491615262 
1 1 1 0 2 0 0.2743264036091755 
7 7 8 8 2 1 0.28897174865735775 
---
8 24 17.043585526315788 5.0 5
11 4 13 4 4 0 0.21045232491615262 
7 7 8 8 2 1 0.28897174865735775 
1 1 1 0 2 0 0.2743264036091755 
12 1 13 0 2 1 0.25476491589793726 
7 2 13 8 2 1 0.3286725974930198 
---
8 25 29.35855263157895 1.0 5
0 0 0 1 2 0 0.4313786739122645 
---
8 26 20.168585526315788 3.0 5
11 4 13 4 4 0 0.21045232491615262 
1 1 1 0 2 0 0.2743264036091755 
7 7 8 8 2 1 0.28897174865735775 
---
8 27 17.043585526315788 5.0 5
11 4 13 4 4 0 0.21045232491615262 
7 7 8 8 2 1 0.28897174865735775 
1 1 1 0 2 0 0.2743264036091755 
12 1 13 0 2 1 0.25476491589793726 
7 2 13 8 2 1 0.3286725974930198 
---
8 28 29.35855263157895 1.0 5
0 0 0 1 2 0 0.4313786739122645 
---
8 29 20.168585526315788 3.0 5
11 4 13 4 4 0 0.21045232491615262 
1 1 1 0 2 0 0.2743264036091755 
7 7 8 8 2 1 0.28897174865735775 
---
8 30 29.35855263157895 1.0 5
0 0 0 1 2 0 0.4313786739122645 
---
8 31 20.168585526315788 3.0 5
1 1 1 0 2 0 0.2743264036091755 
11 4 13 4 4 0 0.21045232491615262 
7 7 8 8 2 1 0.28897174865735775 
---
8 32 20.168585526315788 3.0 5
7 7 8 8 2 1 0.28897174865735775 
11 4 13 4 4 0 0.21045232491615262 
1 1 1 0 2 0 0.2743264036091755 
