---
14.247532894736842 15.0 5
0 2 7 2 2 0 0.613281762788163 
11 7 13 2 7 0 0.24618480324848124 
4 7 8 4 8 1 0.4459846387254769 
11 8 9 0 4 0 0.6492951512786269 
0 2 7 1 2 0 0.7965657365266716 
1 7 1 8 1 1 0.09421871692968353 
7 7 4 8 4 1 0.20308018106282133 
4 11 7 0 4 0 0.4059397283650521 
4 7 8 8 4 1 0.22540542627397464 
11 12 2 12 4 0 0.26183595772204815 
12 2 8 8 4 1 0.15729547909544705 
12 7 13 2 1 1 0.2517713540216018 
11 11 11 6 11 1 0.6175257189868051 
13 1 1 0 4 0 0.9807711534156622 
7 7 4 8 4 1 0.20308018106282133 
