---
13.863950276243095 22.0 36
0 0 0 0 0 0 0 0 0 0 0 2 0 3 0 0 0 0 0 0 0 0 4 0 0 6 0 0 3 0 0 0 0 0 8 0 1 0.9830417378689629 
0 0 0 0 0 0 0 0 0 0 7 0 0 0 0 0 4 0 0 0 7 0 3 0 7 0 0 0 0 0 0 0 0 6 0 0 4 0.8864824645222149 
0 0 0 4 0 4 2 7 0 0 0 0 1 0 0 1 0 4 0 0 1 0 0 4 0 0 0 0 1 0 0 0 1 0 0 4 0 0.3677085172297543 
8 0 0 0 0 0 0 0 0 8 0 0 0 0 0 0 0 0 0 0 0 0 0 7 0 0 0 4 0 0 2 0 0 0 0 0 2 0.01073354956719852 
0 0 7 0 0 6 0 0 0 0 7 0 0 0 0 0 4 0 0 0 0 0 3 0 7 0 0 0 0 0 0 0 0 0 0 0 4 0.8404154615077926 
0 0 0 0 12 0 0 0 8 2 0 0 2 0 3 0 4 0 0 0 0 0 0 0 0 0 0 0 0 0 0 0 0 0 1 0 5 0.43954041792727505 
13 12 7 0 0 0 0 0 0 0 0 0 0 0 0 7 0 0 0 0 0 0 7 0 0 0 0 0 0 0 7 1 0 0 0 0 3 0.23608231286983639 
0 0 0 0 2 0 0 0 0 2 0 0 0 0 0 1 12 7 0 0 12 4 0 0 4 0 0 0 0 0 7 0 1 0 0 0 5 0.49594306238841424 
0 0 0 0 2 0 0 0 0 0 0 2 0 0 0 0 0 0 0 0 9 0 0 5 0 0 0 0 0 0 0 0 0 4 1 0 2 0.8442066474256468 
0 0 0 0 4 12 0 0 0 12 0 3 0 0 0 0 12 7 1 0 0 0 0 0 0 0 4 0 4 0 11 0 7 0 0 0 5 0.7536983808240512 
0 0 0 0 7 10 8 0 0 0 0 2 0 0 0 0 0 0 4 0 0 0 0 0 0 0 0 0 12 0 0 0 0 0 0 0 1 0.8864620588011037 
0 0 0 0 0 0 0 0 0 0 0 0 13 0 0 2 0 0 5 12 13 0 0 0 8 0 0 0 0 0 0 0 0 0 7 0 2 0.779346132170742 
0 0 12 0 0 0 0 0 0 0 0 0 0 0 0 0 0 0 0 0 0 10 0 0 0 0 0 0 12 0 0 0 0 2 0 0 1 0.9496932468751894 
0 0 0 0 4 11 12 0 4 0 0 0 0 0 0 0 0 11 0 0 0 0 0 0 0 0 0 0 0 0 0 0 0 0 0 4 4 0.39387813523352444 
0 12 0 0 4 8 0 0 4 0 0 0 0 0 0 0 0 4 0 0 0 0 0 0 0 0 0 5 0 0 0 0 0 12 0 4 4 0.6515502824279231 
0 0 0 4 0 2 2 7 0 0 0 0 1 0 0 1 0 0 0 0 1 0 0 4 0 0 0 0 1 0 0 0 1 0 0 4 0 0.37711008347483044 
0 0 0 0 13 0 2 1 0 0 0 0 0 0 0 0 0 0 0 12 0 0 0 4 0 0 0 0 0 0 4 1 9 0 1 0 2 0.9376827857608756 
8 13 0 0 0 0 0 0 0 0 0 0 0 0 0 0 1 13 2 0 0 0 0 0 12 0 8 0 0 0 8 0 2 0 0 0 0 0.07361858869553206 
0 0 0 0 0 0 11 0 0 0 0 0 0 0 0 0 8 0 0 7 0 0 10 0 0 0 0 0 0 0 0 12 0 0 0 0 2 0.465387147509426 
0 12 0 0 4 8 0 0 4 0 0 0 0 0 0 0 4 4 0 4 0 0 8 0 7 0 0 0 0 4 0 0 0 6 0 0 1 0.5330126206227692 
0 0 0 0 0 0 2 0 0 0 0 1 0 0 0 0 0 0 0 4 4 6 4 0 0 0 0 0 0 0 0 0 1 0 0 4 1 0.6744783980647528 
0 0 0 1 0 4 0 0 0 4 0 0 0 1 0 0 4 4 0 0 2 12 0 0 2 0 0 0 0 0 0 11 0 2 0 0 5 0.3797670570175058 
