---
13.31376273527888 16.0 36
0 0 0 0 0 0 0 3 0 0 0 0 0 0 0 0 1 0 0 0 2 0 0 0 0 0 3 7 0 0 0 0 0 0 1 0 5 0.44406087130250715 
0 0 0 0 6 0 0 0 6 4 0 11 0 0 0 0 1 0 0 0 0 0 0 0 0 0 0 0 0 0 1 0 0 0 7 0 0 0.5284657525954741 
0 0 0 0 0 0 0 0 0 12 0 0 1 7 13 0 0 0 13 0 0 8 0 0 0 0 0 0 12 0 0 0 0 0 0 0 4 0.20353722834660049 
0 0 0 0 14 0 0 0 0 0 2 0 8 0 0 0 0 0 0 0 0 0 0 0 2 0 0 7 0 0 0 0 4 0 0 0 2 0.938192491634834 
0 0 4 0 0 1 0 0 0 0 0 2 0 0 11 0 0 0 0 0 0 11 0 4 0 0 0 0 0 0 0 0 0 0 0 0 4 0.286788149933084 
0 0 4 0 0 0 0 2 0 0 0 0 0 0 0 0 0 0 0 0 0 10 2 0 0 0 0 0 0 0 0 0 0 0 0 0 1 0.9902065611654336 
0 0 0 0 0 0 8 0 0 0 0 0 0 10 0 0 0 0 0 0 0 1 0 0 0 0 0 0 0 0 0 0 0 0 0 0 1 0.9971529118374693 
0 0 0 0 0 1 0 0 0 11 0 2 11 0 0 0 0 0 0 0 7 11 0 0 0 0 0 0 0 0 0 0 0 0 0 0 4 0.5162632199813413 
0 0 2 11 0 4 0 0 0 8 0 0 1 0 0 0 12 0 0 0 0 0 0 7 0 0 0 0 0 2 0 0 0 0 0 0 5 0.05466631325455351 
0 0 0 0 0 0 0 0 4 0 0 1 4 4 7 0 4 4 0 0 0 0 3 11 0 0 1 1 4 0 0 7 4 1 0 1 5 0.8118096624570836 
4 2 0 0 0 0 0 0 0 0 0 4 1 2 2 0 0 0 0 12 7 0 0 4 0 0 0 0 1 0 0 12 0 0 0 12 0 0.8533577789527445 
0 13 0 7 13 0 0 0 0 0 2 0 0 0 0 0 0 0 1 0 0 0 11 0 0 0 0 0 0 12 0 0 0 0 0 0 5 0.5958009240605193 
6 0 0 0 0 0 0 0 7 0 0 0 0 0 0 0 11 0 0 0 0 0 0 0 0 0 0 0 0 0 0 0 0 0 0 7 0 0.04934142441150169 
0 11 0 0 0 7 0 0 0 0 0 0 3 4 0 0 0 3 0 0 0 0 0 0 0 0 0 0 0 0 0 0 0 0 0 0 4 0.2564876742883988 
0 0 12 0 4 0 0 11 0 0 0 0 0 0 0 0 0 13 0 0 0 12 0 0 0 0 0 0 0 0 0 11 0 0 0 0 3 0.06830663074199816 
8 0 0 1 0 2 0 4 0 0 0 0 0 2 0 4 0 5 2 0 2 0 0 1 0 0 0 0 0 2 4 0 0 13 4 0 2 0.5105706685155496 
