---
13.156077348066297 18.0 36
0 0 0 0 0 0 1 0 0 1 0 0 0 1 0 0 0 0 0 0 0 6 0 8 0 0 0 0 0 4 0 0 0 0 0 0 1 0.8955564700550154 
0 0 0 2 0 8 0 1 0 0 0 0 0 2 0 0 0 0 8 4 8 8 0 0 0 8 0 0 5 0 0 0 0 4 0 0 2 0.6036656954844162 
0 0 12 0 0 4 12 0 4 0 0 0 0 0 0 0 0 8 0 0 2 0 0 0 12 0 12 7 0 0 0 7 0 0 0 0 3 0.15751236113700373 
0 11 0 0 0 0 0 0 4 0 0 0 4 1 0 0 7 11 0 0 0 0 4 0 0 0 0 0 0 11 0 0 0 0 1 0 4 0.7364525380613478 
0 0 4 4 0 0 0 0 4 0 0 0 4 0 0 0 0 0 7 0 0 0 1 0 0 0 0 1 0 0 11 1 12 0 1 0 5 0.635111177314243 
0 0 0 0 0 0 0 0 0 0 0 7 0 0 4 0 4 4 0 0 0 0 0 0 0 0 0 11 0 0 6 0 0 0 0 0 5 0.7008535146034776 
0 0 0 4 0 0 0 0 0 0 0 0 4 0 7 0 0 11 7 0 0 11 0 0 0 0 0 0 0 0 0 1 0 0 1 0 4 0.52557696549773 
0 0 0 0 0 0 0 0 0 11 2 0 0 0 0 0 11 0 0 0 0 0 0 0 0 0 0 0 0 0 0 0 0 0 0 0 4 0.09545032560268063 
0 0 0 0 13 0 0 11 0 12 0 0 0 0 0 0 0 0 12 0 0 0 0 1 0 0 0 0 8 0 12 4 0 0 0 0 3 0.16815264539376407 
0 0 0 4 1 4 0 4 0 0 0 0 1 0 0 0 0 4 0 4 0 0 0 0 0 4 0 0 1 0 0 4 1 2 8 0 0 0.6924327447455756 
0 0 0 0 0 0 0 0 0 0 2 0 0 0 8 0 11 0 0 0 0 4 0 0 0 11 0 0 12 0 0 0 0 0 0 0 4 0.48483580789150715 
0 0 0 0 6 12 0 0 0 0 0 0 0 0 0 0 0 4 0 0 11 0 0 0 1 0 0 0 0 12 0 0 0 4 0 0 0 0.9647451882893519 
0 12 0 0 0 0 0 0 0 0 8 0 1 0 0 7 13 0 0 7 0 2 0 0 0 0 0 4 0 0 0 0 5 0 0 0 2 0.4942883178986537 
0 4 0 0 0 7 0 1 4 4 0 0 0 0 0 3 0 0 0 0 0 0 0 0 0 0 0 11 0 0 0 1 2 1 0 0 5 0.7055321011984466 
0 0 0 2 0 0 0 0 0 0 0 2 0 0 0 2 0 0 0 0 11 0 0 0 0 0 0 0 0 10 0 0 0 0 0 0 1 0.989971497999347 
0 0 0 0 0 0 0 0 0 0 0 0 0 0 0 5 11 0 12 0 0 0 0 0 6 0 0 8 0 0 0 0 0 0 0 0 1 0.9436654882973416 
0 0 0 0 0 0 0 0 0 0 0 7 0 0 0 6 0 0 0 0 0 0 0 4 8 0 0 0 13 0 0 0 0 0 12 4 5 0.5492403460374911 
0 11 0 0 0 0 0 0 4 0 0 4 4 0 0 0 7 11 0 0 0 0 4 0 0 0 0 0 0 0 0 0 0 0 1 0 4 0.51701229574322 
