---
12.795717492661026 24.0 36
4 0 0 4 0 0 0 1 0 2 0 0 4 0 1 0 0 0 1 0 0 0 0 7 2 4 0 0 0 0 0 0 4 4 0 1 5 0.2814744957698563 
0 0 0 0 0 11 0 0 0 0 4 0 0 0 0 4 1 0 0 0 0 0 0 7 0 0 0 2 0 11 0 0 0 7 4 0 4 0.47786321674624466 
0 0 0 0 0 0 0 0 0 4 0 0 0 8 0 7 5 5 0 0 0 5 0 0 5 0 8 0 8 0 0 0 0 13 0 0 2 0.8692774467883004 
0 0 0 0 0 6 8 12 0 0 0 0 0 0 0 0 0 0 0 0 0 0 0 0 0 2 0 1 0 0 0 0 0 1 0 0 1 0.5822284092183011 
0 0 0 0 13 0 8 0 0 0 0 0 0 0 0 1 5 0 0 0 0 5 0 4 8 4 8 0 8 0 0 0 0 13 12 0 2 0.7744580731576292 
0 0 0 0 0 11 0 0 0 0 0 0 0 0 0 4 1 0 0 4 0 0 0 12 0 0 0 2 0 11 0 0 0 7 4 0 4 0.5699313876796834 
1 0 0 4 0 0 0 4 7 9 4 0 0 0 0 0 1 0 0 4 0 0 0 0 0 0 8 0 1 0 0 0 0 0 4 0 0 0.8570043978904912 
4 0 0 7 0 0 0 0 0 0 0 7 0 0 0 0 0 0 0 0 7 11 8 0 0 0 0 0 0 0 0 1 0 0 0 7 4 0.40566286105308635 
1 0 0 4 0 0 0 0 0 0 4 0 0 0 0 4 1 0 0 4 1 0 0 2 0 0 0 2 1 0 0 1 0 2 4 0 0 0.42885871107488127 
0 0 0 0 0 0 0 0 0 0 0 0 0 0 0 1 0 0 0 0 0 0 0 0 0 12 0 0 0 0 0 0 0 6 0 0 4 0.05139413735993592 
0 0 0 4 0 12 1 0 0 4 0 0 0 0 1 11 4 0 1 0 0 0 0 0 2 4 1 0 0 0 0 0 0 4 0 7 5 0.5839255661414788 
0 0 0 7 0 0 0 0 1 0 4 0 0 0 0 4 1 0 0 4 3 0 0 7 0 0 0 7 1 0 0 0 1 2 0 0 0 0.7200191955225226 
0 0 0 0 13 0 0 0 0 4 0 0 0 0 0 7 5 0 0 0 0 5 0 4 5 0 8 0 8 0 0 0 0 13 0 0 2 0.8652693333308302 
0 12 0 0 0 0 0 0 0 0 0 0 0 0 0 13 12 0 0 12 0 2 0 0 0 12 0 0 0 0 0 0 0 4 0 4 4 0.3008127038715327 
0 0 0 2 0 0 8 4 0 0 0 0 9 0 0 0 0 0 0 0 0 0 0 4 8 0 0 0 0 0 0 4 2 13 0 0 2 0.9370331331699977 
0 0 0 0 0 12 0 0 0 0 0 0 0 0 0 1 0 13 0 0 0 0 0 0 8 4 12 0 0 0 4 11 0 0 4 0 3 0.17141466109068892 
0 0 0 0 0 11 0 0 0 0 4 0 0 0 0 4 1 0 0 0 0 7 0 7 0 0 0 2 0 11 0 0 0 7 4 0 4 0.5349125812735339 
0 0 0 0 0 0 0 0 0 0 4 0 0 0 0 5 1 0 8 8 0 0 0 0 0 0 0 0 0 11 0 0 0 0 4 0 1 0.9721699607677754 
0 0 0 1 8 0 0 0 0 0 0 0 0 0 7 0 0 0 0 0 0 0 0 0 0 12 0 0 0 0 0 0 0 6 0 2 3 0.4571483297420412 
0 0 0 0 3 0 0 0 0 0 0 0 0 0 0 0 2 0 0 8 0 3 0 0 0 0 0 0 0 0 0 0 0 0 0 0 1 0.7871468460483368 
0 0 0 2 0 0 8 12 0 0 0 0 9 0 0 0 0 0 0 0 0 0 0 4 4 0 0 0 0 0 0 0 2 2 0 0 2 0.9116449320780746 
0 0 0 0 0 0 0 4 0 4 0 0 0 0 0 0 0 0 0 0 0 0 13 0 0 0 8 0 0 10 13 0 0 0 0 0 1 0.9879041818117146 
0 0 1 0 0 0 0 0 0 0 0 0 0 0 0 2 0 0 0 0 0 7 0 12 0 0 0 0 0 11 0 0 0 0 0 0 4 0.23674571406618006 
0 0 0 0 0 0 0 0 13 0 0 0 0 0 0 0 0 0 8 0 0 0 0 0 2 12 0 0 0 0 0 0 0 0 11 0 5 0.2633008121362985 
