---
13.967541436464087 36.0 36
0 0 0 0 0 0 0 0 0 11 0 4 0 0 0 0 11 0 0 0 0 0 7 7 0 0 4 0 2 0 0 0 0 0 0 0 4 0.5055571127674889 
0 0 0 0 0 0 8 4 2 0 0 1 0 0 2 0 5 0 8 0 2 0 0 0 0 0 8 0 0 1 0 12 0 1 8 7 2 0.8051429854022092 
0 0 0 0 4 0 1 1 0 2 0 11 12 0 1 0 0 0 0 0 12 0 2 0 1 0 0 11 0 0 4 0 0 0 0 0 5 0.5318656440333094 
0 0 0 0 0 0 0 0 0 0 0 0 3 0 0 0 0 0 0 0 0 0 12 0 0 1 0 8 0 0 0 0 0 10 0 0 1 0.9882251306268148 
6 0 7 0 0 0 0 0 11 4 0 12 0 4 0 0 1 0 1 0 0 7 0 0 0 0 0 0 0 0 0 7 0 0 0 0 0 0.5241419190996235 
0 0 0 0 2 0 0 0 0 2 0 0 4 0 0 0 12 4 11 7 0 0 0 0 0 0 0 0 0 0 11 6 0 0 0 7 5 0.8705515477347436 
0 10 0 0 0 0 0 4 0 0 0 0 0 0 0 0 0 0 0 7 0 0 0 0 0 0 13 4 0 0 0 0 0 0 0 0 1 0.8686833520026886 
0 0 0 1 13 4 0 0 0 0 0 0 0 0 0 0 4 0 0 3 0 7 0 0 0 0 1 0 0 8 4 0 0 0 0 0 3 0.047866336199092974 
0 4 0 0 4 0 0 0 0 7 0 11 0 2 7 0 0 1 0 3 4 12 0 0 0 0 1 0 4 0 0 0 0 0 0 0 5 0.756676090248294 
0 0 0 0 0 0 0 0 0 0 0 0 4 0 0 0 12 4 11 0 0 0 0 0 0 0 12 0 2 0 11 6 0 7 0 0 5 0.821831215856718 
0 7 2 8 0 11 0 0 0 0 0 0 0 0 0 12 0 0 0 0 0 0 0 0 0 0 0 0 0 7 0 0 0 0 0 0 4 0.4431512951042995 
0 0 0 0 0 0 0 0 0 0 12 7 0 0 0 0 0 13 0 0 0 12 0 0 12 0 0 0 0 0 0 0 0 0 0 11 3 0.07894320750794481 
0 0 0 0 1 0 4 0 0 0 4 0 1 0 0 0 0 12 0 0 10 4 0 0 0 0 0 0 0 0 0 0 0 0 0 0 0 0.9717172035885844 
0 0 8 2 0 0 0 0 0 0 0 0 0 0 0 0 0 4 0 7 0 0 0 0 0 0 0 0 12 0 0 0 0 0 0 6 5 0.4968386741003965 
0 0 0 7 0 0 0 0 0 0 0 1 0 0 0 4 0 0 0 0 8 0 2 0 0 0 0 0 0 0 0 0 1 10 0 0 3 0.9212104561059999 
0 0 0 0 0 0 0 0 0 0 0 0 0 0 0 0 0 0 0 0 7 12 0 7 0 6 0 0 0 0 0 0 0 0 0 0 4 0.1528827270001043 
0 0 0 0 1 4 4 0 1 0 4 0 1 0 0 0 0 0 4 0 0 4 0 0 0 0 0 0 7 1 2 4 7 0 2 0 0 0.38435642923143276 
0 13 14 0 0 0 8 4 2 0 0 1 0 0 2 0 5 0 8 0 8 0 0 0 0 0 0 0 8 0 0 12 0 1 0 7 2 0.7930684604086149 
0 0 0 0 0 0 7 0 0 0 0 0 1 0 0 0 0 6 0 0 0 2 0 0 0 7 0 0 1 0 0 0 0 0 0 0 4 0.7940432194218199 
0 2 0 0 4 0 0 0 0 3 0 0 0 0 0 0 0 0 0 0 0 0 0 0 0 0 1 11 0 12 0 0 13 0 0 0 3 0.0894382467025645 
0 0 0 0 0 0 2 4 2 0 0 1 0 0 2 0 5 0 8 4 2 0 0 1 0 0 0 0 0 0 0 7 0 1 8 7 2 0.7412757101478262 
0 0 0 0 0 4 0 0 1 0 0 0 4 8 0 8 0 0 2 0 0 0 0 12 12 0 8 0 7 0 0 4 4 4 0 0 0 0.9088323093414912 
0 0 0 0 0 0 0 0 0 0 0 0 0 0 0 0 0 7 0 5 0 0 0 0 1 0 0 2 0 0 0 0 0 0 0 0 1 0.9889327678960737 
0 13 0 0 0 0 8 4 2 0 4 0 0 0 8 0 5 8 8 0 8 13 0 0 0 0 0 0 8 0 0 1 0 1 0 0 2 0.6887101364589613 
0 0 0 0 0 0 0 0 0 0 0 0 0 0 0 0 0 7 0 13 0 0 0 0 1 0 0 2 0 0 0 0 0 0 0 0 1 0.9853631135897 
0 0 0 0 0 0 0 0 0 7 0 11 0 1 0 0 12 1 11 3 0 0 0 0 0 0 11 0 1 0 11 0 0 7 0 0 5 0.8657951298917977 
13 4 0 0 0 0 13 0 0 0 0 0 6 0 0 0 0 0 0 0 0 4 0 0 0 0 2 12 8 0 0 0 0 13 0 0 1 0.8249803759314152 
0 0 11 0 0 0 0 12 0 0 0 0 0 0 0 11 0 0 0 0 0 4 0 0 0 5 0 0 0 0 0 0 0 0 3 0 5 0.4424730377013204 
0 0 13 0 0 4 0 0 1 0 0 0 0 8 0 8 0 0 2 0 0 0 0 12 7 0 4 0 7 0 0 4 0 8 0 0 0 0.9289481867156448 
0 0 0 0 0 0 0 0 0 0 0 11 0 0 0 0 0 0 0 0 8 0 11 3 0 0 0 0 0 0 8 0 0 0 0 0 5 0.09470172572893953 
0 13 0 0 0 0 8 4 2 0 0 0 0 0 8 0 5 8 8 0 2 0 0 0 0 0 0 0 0 1 0 12 0 1 8 0 2 0.8064362908279887 
0 0 0 2 14 0 0 0 13 14 0 0 0 0 0 0 0 0 0 0 0 13 0 1 0 0 11 0 7 0 0 0 0 0 0 0 3 0.9581867362611881 
0 0 0 0 0 0 11 4 12 0 0 1 0 0 2 0 5 0 8 0 2 0 0 0 0 0 8 0 0 1 0 12 0 1 8 7 2 0.4070349925434529 
8 0 0 0 3 11 0 0 0 10 0 0 0 0 0 0 12 1 0 0 0 0 0 0 0 0 0 0 0 0 0 0 0 0 0 0 1 0.3586907238142858 
0 11 11 0 2 0 0 0 0 0 0 0 0 11 0 0 11 0 0 0 0 0 7 7 7 0 4 0 0 0 0 0 0 0 12 0 4 0.6996514891299157 
0 0 0 0 0 0 0 0 0 0 0 0 3 0 0 0 0 0 0 0 0 0 12 0 0 1 0 8 0 0 0 0 0 10 0 0 1 0.9882251306268148 
