---
16.177486187845304 13.0 36
2 0 0 0 0 4 0 0 0 8 0 0 0 2 0 0 13 0 0 0 0 0 0 0 0 0 1 12 13 0 8 4 2 8 0 0 2 0.7520964932297718 
1 8 0 0 0 0 0 0 1 0 4 0 0 0 0 0 0 2 0 4 1 0 0 0 1 0 0 4 0 0 0 0 1 4 4 0 0 0.7041276288429812 
0 0 0 0 0 0 0 0 0 0 0 0 0 12 3 11 0 0 0 1 2 4 0 0 0 0 1 0 4 0 0 0 0 0 0 11 5 0.7801234167748488 
0 0 0 0 0 0 0 0 0 0 0 0 0 0 5 0 0 0 0 0 0 3 0 8 0 0 0 0 0 0 0 0 0 0 0 0 1 0.9928333353537055 
0 1 0 0 0 0 0 0 0 0 0 0 0 12 4 1 0 0 0 1 2 4 0 0 0 0 4 0 0 0 0 0 0 4 0 11 5 0.210599683935924 
0 0 0 0 0 0 0 0 13 0 11 0 0 0 0 0 0 0 0 0 0 0 0 0 0 0 0 0 0 0 0 0 0 0 0 0 3 0.31352459016393097 
0 0 0 0 1 11 1 0 0 0 4 0 0 11 0 0 7 1 0 0 0 0 0 4 0 7 0 0 0 0 0 0 0 0 0 0 4 0.5196473876325856 
0 0 0 0 0 11 0 0 0 0 4 0 0 11 0 0 0 0 0 0 0 0 0 4 0 0 8 0 0 0 0 1 0 0 0 0 4 0.471512638075158 
0 0 0 0 0 0 0 3 6 0 0 0 2 0 0 0 0 7 0 0 0 0 0 0 0 0 0 0 0 0 0 0 0 0 1 0 4 0.5364528895878744 
3 0 0 0 0 0 0 0 0 4 1 0 0 0 0 0 0 0 0 0 0 0 0 0 0 0 0 7 0 0 0 2 6 0 0 0 0 0.4572699973134067 
0 0 7 0 0 0 0 0 0 0 4 0 0 0 0 0 0 11 0 0 0 0 0 7 0 0 0 0 4 0 0 0 0 0 0 0 4 0.07523408598337733 
0 0 0 0 0 0 4 0 1 11 13 0 0 0 0 0 0 0 0 2 0 0 0 0 0 0 0 0 12 0 0 0 0 0 0 0 1 0.86575937535406 
0 0 0 0 0 0 0 0 8 0 13 0 0 3 0 0 0 0 0 2 0 0 0 8 0 0 0 0 0 0 0 0 0 0 0 0 1 0.3602879068234315 
