---
15.348756906077348 22.0 36
0 0 8 4 0 0 0 0 0 0 0 0 0 0 0 12 0 2 0 0 0 13 0 0 8 13 0 0 2 0 2 0 8 0 8 1 2 0.6938108586004301 
0 0 0 0 0 0 0 11 0 0 1 11 0 0 0 11 12 7 0 0 0 7 0 0 0 0 0 0 0 0 0 1 12 4 0 0 5 0.8319446363342715 
4 0 0 0 0 0 0 0 0 0 0 0 0 8 5 0 0 0 0 0 0 8 13 4 0 13 0 0 7 0 0 0 4 0 0 0 0 0.9618056072833636 
12 0 0 0 0 0 0 11 0 13 0 0 0 0 0 0 0 8 0 7 12 0 0 7 0 0 0 0 8 12 0 0 0 0 0 0 3 0.4334103721928788 
0 12 4 1 0 4 2 0 11 0 0 0 0 8 0 0 3 4 4 0 0 0 0 0 0 0 0 0 0 0 0 0 0 0 4 7 0 0.7702465782186398 
0 0 0 0 0 0 0 0 0 11 0 0 0 0 0 0 0 0 0 7 7 0 0 0 0 0 0 0 0 0 0 0 0 0 0 0 4 0.02851804819366177 
0 0 0 0 0 0 0 0 0 3 0 2 0 0 0 0 0 1 0 0 2 0 0 0 0 0 0 0 0 0 0 0 0 0 0 0 1 0.2332338425897782 
0 8 0 1 0 0 0 0 0 0 0 0 0 8 13 0 3 4 0 0 0 0 0 0 0 0 0 0 0 0 0 0 0 0 0 0 0 0.858256482631566 
0 0 0 0 0 0 0 0 0 4 0 12 0 0 0 0 0 7 0 0 7 11 0 0 0 0 0 0 4 1 0 0 0 0 0 0 4 0.41052757560984365 
0 0 13 0 0 0 0 0 0 3 0 0 0 0 0 4 4 3 0 0 0 0 0 0 0 0 0 0 0 0 0 0 7 0 0 0 1 0.8306217477806215 
0 0 0 0 0 0 4 0 0 4 0 0 0 0 0 0 0 0 0 0 0 0 0 0 3 7 0 0 0 0 0 5 0 0 0 0 1 0.8969215521101209 
0 12 0 1 3 0 0 0 0 0 0 0 0 0 0 0 3 4 0 7 0 4 11 0 0 0 0 0 6 0 0 0 0 0 4 0 0 0.9004911269099143 
0 0 1 0 0 0 0 0 4 0 0 0 0 1 0 0 12 0 0 1 4 4 1 1 2 0 0 0 0 4 0 1 4 0 0 7 5 0.5504695192940303 
12 0 0 0 0 0 0 7 0 0 0 0 0 0 0 0 11 0 0 0 0 0 0 0 0 0 0 0 0 0 12 0 13 0 8 0 5 0.5746812214618457 
7 0 3 0 0 0 0 0 0 0 0 0 0 0 0 0 13 0 0 0 0 0 0 0 0 0 0 0 2 0 4 0 2 0 4 0 5 0.24658451062008924 
0 0 0 0 0 0 0 0 1 0 0 0 0 7 0 0 0 0 0 0 0 0 0 0 0 0 0 13 0 0 0 0 0 12 0 0 4 0.44098839246691 
0 0 0 0 0 0 0 8 0 0 0 0 0 1 0 13 0 4 0 0 0 0 0 0 0 0 0 0 0 11 0 0 4 0 0 0 1 0.954611962174748 
0 0 0 0 0 0 0 0 0 4 0 12 0 0 0 0 0 0 0 0 7 11 0 0 0 0 0 0 4 1 0 0 0 0 0 0 4 0.26140786457695464 
2 0 0 0 8 0 0 11 0 3 0 7 0 0 0 0 0 0 0 0 0 0 0 0 0 0 0 0 0 0 0 0 7 0 0 0 5 0.524923320285346 
0 0 0 11 0 0 1 0 1 0 7 11 0 0 0 0 0 8 0 0 0 0 13 0 0 0 4 8 0 0 0 0 0 0 0 0 2 0.38757769478837123 
0 0 0 4 0 0 0 0 2 0 0 12 0 1 0 0 4 0 0 1 7 0 2 2 7 0 0 4 0 0 2 7 0 0 0 0 0 0.5194764299501082 
0 0 0 0 0 13 0 8 0 0 0 0 0 1 0 0 0 4 8 0 0 0 0 0 0 0 0 0 0 0 6 0 0 0 0 0 2 0.6356902787192986 
