---
16.540055248618785 13.0 36
4 0 0 0 4 4 7 11 4 7 0 0 0 4 0 0 4 0 0 11 0 12 1 0 0 0 0 1 4 0 0 0 0 0 0 0 5 0.7099813166490365 
0 0 0 4 0 0 0 0 1 0 2 0 0 0 0 0 2 0 0 0 0 0 0 4 1 0 2 12 1 0 0 7 7 0 0 4 0 0.6568332439429598 
8 2 0 0 0 0 0 0 0 0 0 7 0 0 8 0 13 0 1 4 0 13 0 7 8 2 2 0 0 0 0 0 2 0 0 0 2 0.6647899356165907 
0 0 0 0 0 0 4 0 0 0 0 0 0 0 2 0 0 1 0 0 0 0 0 1 0 0 0 0 0 6 0 0 0 10 0 0 1 0.9092345381782472 
0 0 0 0 7 0 0 0 0 0 0 0 0 11 0 0 0 11 0 4 0 0 0 4 1 11 0 0 3 0 0 0 0 0 0 0 4 0.6687871914245713 
8 2 0 0 0 0 0 0 0 0 0 2 0 0 8 0 13 0 1 0 0 13 0 7 8 2 2 0 0 0 0 0 2 0 0 0 2 0.7206417108646406 
0 0 0 0 0 0 0 0 0 0 7 7 11 4 0 0 0 0 0 0 6 0 4 0 0 0 0 0 0 0 0 0 0 0 0 0 0 0.35838482888241785 
8 0 0 0 0 0 0 11 12 0 0 0 12 8 0 0 0 0 0 0 13 0 0 0 0 0 0 0 0 0 7 0 12 0 0 0 3 0.2745751924449751 
0 0 0 0 0 0 0 0 1 3 2 0 0 0 0 0 1 0 0 0 0 0 0 4 1 0 2 0 1 0 0 0 7 0 0 4 1 0.6939775657260869 
0 0 0 4 0 0 0 0 0 0 7 0 0 4 0 0 0 0 0 0 0 0 0 7 0 0 0 0 0 0 0 0 11 11 0 0 4 0.10674135576060317 
0 0 0 0 8 0 0 0 0 0 2 0 0 0 11 0 1 0 0 0 0 0 0 0 12 0 2 0 1 0 0 0 4 0 0 4 5 0.41388803271239905 
4 0 0 0 4 4 7 11 4 7 0 0 9 4 0 0 4 0 0 11 0 12 1 0 0 0 0 1 4 0 0 0 0 0 0 0 5 0.8130069632391685 
0 0 0 0 0 0 0 0 1 6 2 0 0 0 0 0 0 12 0 0 2 0 0 0 0 0 0 6 12 4 0 0 0 0 0 0 3 0.9093145119879117 
