1.0 76.17403314917127 76.20528771384136 7.0 1
26.0 12.292817679558011 14.463452566096425 219.0 6
3.0 33.73618784530387 34.99222395023328 31.0 3
3.0 33.73618784530387 34.99222395023328 31.0 3
4.0 23.98135359116022 24.883359253499222 35.0 4
4.0 23.98135359116022 24.883359253499222 35.0 4
6.0 16.263812154696133 17.884914463452567 52.0 6
24.0 12.361878453038674 14.307931570762053 206.0 6
6.0 16.263812154696133 17.884914463452567 52.0 6
7.0 14.882596685082872 16.485225505443236 67.0 6
7.0 14.882596685082872 16.485225505443236 67.0 6
8.0 14.468232044198896 16.485225505443236 75.0 6
8.0 14.468232044198896 16.485225505443236 75.0 6
9.0 14.019337016574585 16.329704510108865 81.0 6
9.0 14.019337016574585 16.329704510108865 81.0 6
10.0 13.639502762430938 15.552099533437014 92.0 6
10.0 13.639502762430938 15.552099533437014 92.0 6
11.0 13.48411602209945 16.174183514774494 103.0 6
12.0 13.207872928176794 16.018662519440124 109.0 6
13.0 13.138812154696133 15.863141524105753 116.0 6
11.0 13.48411602209945 16.174183514774494 103.0 6
14.0 13.000690607734807 15.552099533437014 120.0 6
12.0 13.207872928176794 16.018662519440124 109.0 6
15.0 12.879834254143645 14.930015552099535 133.0 6
16.0 12.793508287292818 14.774494556765164 136.0 6
17.0 12.586325966850827 13.841368584758943 144.0 6
13.0 13.138812154696133 15.863141524105753 116.0 6
14.0 13.000690607734807 15.552099533437014 120.0 6
15.0 12.879834254143645 14.930015552099535 133.0 6
23.0 12.37914364640884 14.152410575427682 196.0 6
16.0 12.793508287292818 14.774494556765164 136.0 6
21.0 12.448204419889503 14.307931570762053 179.0 6
22.0 12.413674033149173 14.307931570762053 188.0 6
19.0 12.53453038674033 13.996889580093313 162.0 6
20.0 12.5 13.996889580093313 174.0 6
17.0 12.586325966850827 13.841368584758943 144.0 6
20.0 12.5 13.996889580093313 174.0 6
21.0 12.448204419889503 14.307931570762053 179.0 6
18.0 12.569060773480665 13.841368584758943 151.0 6
18.0 12.569060773480665 13.841368584758943 151.0 6
19.0 12.53453038674033 13.996889580093313 162.0 6
22.0 12.413674033149173 14.307931570762053 188.0 6
23.0 12.37914364640884 14.152410575427682 196.0 6
24.0 12.361878453038674 14.307931570762053 206.0 6
1.0 76.17403314917127 76.20528771384136 8.0 1
26.0 12.292817679558011 14.463452566096425 219.0 6
3.0 33.73618784530387 34.99222395023328 31.0 3
4.0 23.98135359116022 24.883359253499222 35.0 4
6.0 16.263812154696133 17.884914463452567 52.0 6
7.0 14.882596685082872 16.485225505443236 67.0 6
8.0 14.468232044198896 16.485225505443236 75.0 6
9.0 14.019337016574585 16.329704510108865 81.0 6
10.0 13.639502762430938 15.552099533437014 92.0 6
11.0 13.48411602209945 16.174183514774494 103.0 6
12.0 13.207872928176794 16.018662519440124 109.0 6
13.0 13.138812154696133 15.863141524105753 116.0 6
14.0 13.000690607734807 15.552099533437014 120.0 6
15.0 12.879834254143645 14.930015552099535 133.0 6
16.0 12.793508287292818 14.774494556765164 136.0 6
17.0 12.586325966850827 13.841368584758943 144.0 6
20.0 12.5 13.996889580093313 174.0 6
21.0 12.448204419889503 14.307931570762053 179.0 6
18.0 12.569060773480665 13.841368584758943 151.0 6
19.0 12.53453038674033 13.996889580093313 162.0 6
22.0 12.413674033149173 14.307931570762053 188.0 6
23.0 12.37914364640884 14.152410575427682 196.0 6
24.0 12.361878453038674 14.307931570762053 206.0 6
26.0 12.292817679558011 14.463452566096425 219.0 6
3.0 33.73618784530387 34.99222395023328 31.0 3
4.0 23.98135359116022 24.883359253499222 35.0 4
6.0 16.263812154696133 17.884914463452567 52.0 6
7.0 14.882596685082872 16.485225505443236 67.0 6
8.0 14.468232044198896 16.485225505443236 75.0 6
9.0 14.019337016574585 16.329704510108865 81.0 6
10.0 13.639502762430938 15.552099533437014 92.0 6
11.0 13.48411602209945 16.174183514774494 103.0 6
12.0 13.207872928176794 16.018662519440124 109.0 6
13.0 13.138812154696133 15.863141524105753 116.0 6
14.0 13.000690607734807 15.552099533437014 120.0 6
15.0 12.879834254143645 14.930015552099535 133.0 6
16.0 12.793508287292818 14.774494556765164 136.0 6
17.0 12.586325966850827 13.841368584758943 144.0 6
20.0 12.5 13.996889580093313 174.0 6
21.0 12.448204419889503 14.307931570762053 179.0 6
18.0 12.569060773480665 13.841368584758943 151.0 6
19.0 12.53453038674033 13.996889580093313 162.0 6
22.0 12.413674033149173 14.307931570762053 188.0 6
23.0 12.37914364640884 14.152410575427682 196.0 6
24.0 12.361878453038674 14.307931570762053 206.0 6
26.0 12.292817679558011 14.463452566096425 219.0 6
3.0 33.73618784530387 34.99222395023328 31.0 3
4.0 23.98135359116022 24.883359253499222 35.0 4
6.0 16.263812154696133 17.884914463452567 52.0 6
7.0 14.882596685082872 16.485225505443236 67.0 6
8.0 14.468232044198896 16.485225505443236 75.0 6
9.0 14.019337016574585 16.329704510108865 81.0 6
10.0 13.639502762430938 15.552099533437014 92.0 6
11.0 13.48411602209945 16.174183514774494 103.0 6
12.0 13.207872928176794 16.018662519440124 109.0 6
13.0 13.138812154696133 15.863141524105753 116.0 6
14.0 13.000690607734807 15.552099533437014 120.0 6
15.0 12.879834254143645 14.930015552099535 133.0 6
16.0 12.793508287292818 14.774494556765164 136.0 6
17.0 12.586325966850827 13.841368584758943 144.0 6
20.0 12.5 13.996889580093313 174.0 6
21.0 12.448204419889503 14.307931570762053 179.0 6
18.0 12.569060773480665 13.841368584758943 151.0 6
19.0 12.53453038674033 13.996889580093313 162.0 6
22.0 12.413674033149173 14.307931570762053 188.0 6
23.0 12.37914364640884 14.152410575427682 196.0 6
24.0 12.361878453038674 14.307931570762053 206.0 6
26.0 12.292817679558011 14.463452566096425 219.0 6
3.0 33.73618784530387 34.99222395023328 31.0 3
4.0 23.98135359116022 24.883359253499222 35.0 4
6.0 16.263812154696133 17.884914463452567 52.0 6
7.0 14.882596685082872 16.485225505443236 67.0 6
8.0 14.468232044198896 16.485225505443236 75.0 6
9.0 14.019337016574585 16.329704510108865 81.0 6
10.0 13.639502762430938 15.552099533437014 92.0 6
11.0 13.48411602209945 16.174183514774494 103.0 6
12.0 13.207872928176794 16.018662519440124 109.0 6
13.0 13.138812154696133 15.863141524105753 116.0 6
14.0 13.000690607734807 15.552099533437014 120.0 6
15.0 12.879834254143645 14.930015552099535 133.0 6
16.0 12.793508287292818 14.774494556765164 136.0 6
17.0 12.586325966850827 13.841368584758943 144.0 6
20.0 12.5 13.996889580093313 174.0 6
21.0 12.448204419889503 14.307931570762053 179.0 6
18.0 12.569060773480665 13.841368584758943 151.0 6
19.0 12.53453038674033 13.996889580093313 162.0 6
22.0 12.413674033149173 14.307931570762053 188.0 6
23.0 12.37914364640884 14.152410575427682 196.0 6
24.0 12.361878453038674 14.307931570762053 206.0 6
26.0 12.292817679558011 14.463452566096425 219.0 6
1.0 76.17403314917127 76.20528771384136 6.0 1
2.0 52.84875690607734 52.87713841368584 36.0 2
2.0 52.84875690607734 52.87713841368584 36.0 2
4.0 23.98135359116022 25.038880248833596 32.0 4
4.0 23.98135359116022 25.038880248833596 32.0 4
5.0 17.886740331491712 19.284603421461895 39.0 5
5.0 17.886740331491712 19.284603421461895 39.0 5
1.0 76.17403314917127 76.20528771384136 7.0 1
2.0 52.84875690607734 52.87713841368584 36.0 2
4.0 23.98135359116022 25.038880248833596 32.0 4
5.0 17.886740331491712 19.284603421461895 39.0 5
1.0 76.17403314917127 76.20528771384136 6.0 1
2.0 52.84875690607734 52.87713841368584 36.0 2
4.0 23.98135359116022 25.038880248833596 32.0 4
5.0 17.886740331491712 19.284603421461895 39.0 5
1.0 76.17403314917127 76.20528771384136 7.0 1
2.0 52.84875690607734 52.87713841368584 36.0 2
4.0 23.98135359116022 25.038880248833596 32.0 4
5.0 17.886740331491712 19.284603421461895 39.0 5
