1.0 76.18718701433258 76.08695652173914 9.0 1
3.0 33.60386807114488 34.316770186335404 38.0 3
3.0 33.60386807114488 34.316770186335404 38.0 3
4.0 23.830081160421344 24.22360248447205 41.0 4
4.0 23.830081160421344 24.22360248447205 41.0 4
1.0 76.18718701433258 76.08695652173914 9.0 1
3.0 33.60386807114488 34.316770186335404 38.0 3
4.0 23.830081160421344 24.22360248447205 41.0 4
1.0 76.18718701433258 76.08695652173914 13.0 1
3.0 33.60386807114488 34.316770186335404 38.0 3
4.0 23.830081160421344 24.22360248447205 41.0 4
1.0 76.18718701433258 76.08695652173914 9.0 1
3.0 33.60386807114488 34.316770186335404 38.0 3
4.0 23.830081160421344 24.22360248447205 41.0 4
1.0 76.18718701433258 76.08695652173914 13.0 1
3.0 33.60386807114488 34.316770186335404 38.0 3
4.0 23.830081160421344 24.22360248447205 41.0 4
1.0 76.18718701433258 76.08695652173914 9.0 1
3.0 33.60386807114488 34.316770186335404 38.0 3
4.0 23.830081160421344 24.22360248447205 41.0 4
1.0 76.18718701433258 76.08695652173914 6.0 1
2.0 53.03056466931445 53.41614906832298 32.0 2
2.0 53.03056466931445 53.41614906832298 32.0 2
44.0 11.500604386116388 13.043478260869565 333.0 6
5.0 18.16611984113279 18.32298136645963 47.0 5
5.0 18.16611984113279 18.32298136645963 47.0 5
6.0 15.955793472629942 15.683229813664596 56.0 6
41.0 11.517872560870316 13.043478260869565 301.0 6
44.0 11.500604386116388 13.043478260869565 332.0 6
6.0 15.955793472629942 15.683229813664596 56.0 6
7.0 15.610429977551373 15.683229813664596 61.0 6
7.0 15.610429977551373 15.683229813664596 61.0 6
8.0 15.161457433949233 15.527950310559005 68.0 6
9.0 14.867898463132448 15.838509316770185 75.0 6
10.0 14.418925919530306 14.596273291925465 76.0 6
8.0 15.161457433949233 15.527950310559005 68.0 6
9.0 14.867898463132448 15.838509316770185 75.0 6
10.0 14.418925919530306 14.596273291925465 76.0 6
12.0 13.987221550682094 14.440993788819876 87.0 6
11.0 14.177171472975306 14.440993788819876 82.0 6
11.0 14.177171472975306 14.440993788819876 82.0 6
13.0 13.745467104127092 13.975155279503104 97.0 6
12.0 13.987221550682094 14.440993788819876 87.0 6
15.0 13.555517181833881 14.285714285714285 116.0 6
16.0 12.916594715938526 14.130434782608695 125.0 6
13.0 13.745467104127092 13.975155279503104 97.0 6
19.0 12.74391296839924 13.819875776397517 139.0 6
14.0 13.607321706095664 14.440993788819876 105.0 6
15.0 13.555517181833881 14.285714285714285 116.0 6
14.0 13.607321706095664 14.440993788819876 105.0 6
20.0 12.571231220859955 13.509316770186336 148.0 6
16.0 12.916594715938526 14.130434782608695 125.0 6
20.0 12.571231220859955 13.509316770186336 148.0 6
21.0 12.450353997582456 13.509316770186336 152.0 6
21.0 12.450353997582456 13.509316770186336 152.0 6
22.0 12.277672250043171 13.819875776397517 154.0 6
26.0 12.035917803488172 14.751552795031056 190.0 6
27.0 11.9323087549646 14.440993788819876 198.0 6
18.0 12.795717492661026 13.819875776397517 138.0 6
22.0 12.277672250043171 13.819875776397517 154.0 6
24.0 12.191331376273528 13.509316770186336 168.0 6
23.0 12.225867725781384 13.509316770186336 160.0 6
25.0 12.070454152996028 13.354037267080745 174.0 6
18.0 12.795717492661026 13.819875776397517 138.0 6
25.0 12.070454152996028 13.354037267080745 174.0 6
19.0 12.74391296839924 13.819875776397517 139.0 6
26.0 12.035917803488172 14.751552795031056 190.0 6
33.0 11.759627007425316 13.819875776397517 233.0 6
34.0 11.707822483163529 13.664596273291925 248.0 6
23.0 12.225867725781384 13.509316770186336 160.0 6
29.0 11.845967881194957 14.285714285714285 209.0 6
35.0 11.552408910378173 13.043478260869565 264.0 6
32.0 11.794163356933172 13.819875776397517 226.0 6
24.0 12.191331376273528 13.509316770186336 168.0 6
32.0 11.794163356933172 13.819875776397517 226.0 6
33.0 11.759627007425316 13.819875776397517 233.0 6
41.0 11.517872560870316 13.043478260869565 301.0 6
27.0 11.9323087549646 14.440993788819876 198.0 6
28.0 11.863236055948887 14.285714285714285 203.0 6
34.0 11.707822483163529 13.664596273291925 248.0 6
28.0 11.863236055948887 14.285714285714285 203.0 6
29.0 11.845967881194957 14.285714285714285 209.0 6
35.0 11.552408910378173 13.043478260869565 264.0 6
1.0 76.18718701433258 76.08695652173914 7.0 1
2.0 53.03056466931445 53.41614906832298 32.0 2
5.0 18.16611984113279 18.32298136645963 47.0 5
44.0 11.500604386116388 13.043478260869565 333.0 6
6.0 15.955793472629942 15.683229813664596 56.0 6
7.0 15.610429977551373 15.683229813664596 61.0 6
8.0 15.161457433949233 15.527950310559005 68.0 6
9.0 14.867898463132448 15.838509316770185 75.0 6
10.0 14.418925919530306 14.596273291925465 76.0 6
11.0 14.177171472975306 14.440993788819876 82.0 6
12.0 13.987221550682094 14.440993788819876 87.0 6
13.0 13.745467104127092 13.975155279503104 97.0 6
15.0 13.555517181833881 14.285714285714285 116.0 6
14.0 13.607321706095664 14.440993788819876 105.0 6
16.0 12.916594715938526 14.130434782608695 125.0 6
20.0 12.571231220859955 13.509316770186336 148.0 6
21.0 12.450353997582456 13.509316770186336 152.0 6
22.0 12.277672250043171 13.819875776397517 154.0 6
18.0 12.795717492661026 13.819875776397517 138.0 6
25.0 12.070454152996028 13.354037267080745 174.0 6
26.0 12.035917803488172 14.751552795031056 190.0 6
19.0 12.74391296839924 13.819875776397517 139.0 6
23.0 12.225867725781384 13.509316770186336 160.0 6
24.0 12.191331376273528 13.509316770186336 168.0 6
32.0 11.794163356933172 13.819875776397517 226.0 6
33.0 11.759627007425316 13.819875776397517 233.0 6
41.0 11.517872560870316 13.043478260869565 301.0 6
27.0 11.9323087549646 14.440993788819876 198.0 6
34.0 11.707822483163529 13.664596273291925 248.0 6
28.0 11.863236055948887 14.285714285714285 203.0 6
35.0 11.552408910378173 13.043478260869565 264.0 6
29.0 11.845967881194957 14.285714285714285 209.0 6
1.0 76.18718701433258 76.08695652173914 6.0 1
2.0 53.03056466931445 53.41614906832298 32.0 2
5.0 18.16611984113279 18.32298136645963 47.0 5
44.0 11.500604386116388 13.043478260869565 332.0 6
6.0 15.955793472629942 15.683229813664596 56.0 6
7.0 15.610429977551373 15.683229813664596 61.0 6
8.0 15.161457433949233 15.527950310559005 68.0 6
9.0 14.867898463132448 15.838509316770185 75.0 6
10.0 14.418925919530306 14.596273291925465 76.0 6
11.0 14.177171472975306 14.440993788819876 82.0 6
12.0 13.987221550682094 14.440993788819876 87.0 6
13.0 13.745467104127092 13.975155279503104 97.0 6
15.0 13.555517181833881 14.285714285714285 116.0 6
14.0 13.607321706095664 14.440993788819876 105.0 6
16.0 12.916594715938526 14.130434782608695 125.0 6
20.0 12.571231220859955 13.509316770186336 148.0 6
21.0 12.450353997582456 13.509316770186336 152.0 6
22.0 12.277672250043171 13.819875776397517 154.0 6
18.0 12.795717492661026 13.819875776397517 138.0 6
25.0 12.070454152996028 13.354037267080745 174.0 6
26.0 12.035917803488172 14.751552795031056 190.0 6
19.0 12.74391296839924 13.819875776397517 139.0 6
