1.0 76.17403314917127 76.20528771384136 4.0 1
4.0 24.15400552486188 24.10575427682737 42.0 4
4.0 24.15400552486188 24.10575427682737 42.0 4
1.0 76.17403314917127 76.20528771384136 30.0 1
4.0 24.15400552486188 24.10575427682737 42.0 4
1.0 76.17403314917127 76.20528771384136 29.0 1
4.0 24.15400552486188 24.10575427682737 42.0 4
1.0 76.17403314917127 76.20528771384136 29.0 1
4.0 24.15400552486188 24.10575427682737 42.0 4
1.0 76.17403314917127 76.20528771384136 4.0 1
4.0 24.15400552486188 24.10575427682737 42.0 4
1.0 76.17403314917127 76.20528771384136 29.0 1
4.0 24.15400552486188 24.10575427682737 42.0 4
1.0 76.17403314917127 76.20528771384136 30.0 1
4.0 24.15400552486188 24.10575427682737 42.0 4
1.0 76.17403314917127 76.20528771384136 4.0 1
60.0 11.11878453038674 13.063763608087092 455.0 6
2.0 52.90055248618785 53.03265940902022 24.0 2
2.0 52.90055248618785 53.03265940902022 24.0 2
3.0 33.822513812154696 34.05909797822706 35.0 3
3.0 33.822513812154696 34.05909797822706 35.0 3
5.0 17.69682320441989 18.195956454121305 47.0 5
44.0 11.20511049723757 13.063763608087092 346.0 6
50.0 11.136049723756907 12.908242612752721 379.0 6
5.0 17.69682320441989 18.195956454121305 47.0 5
6.0 16.350138121546962 15.863141524105753 56.0 6
23.0 11.584944751381215 11.66407465007776 166.0 6
36.0 11.429558011049725 12.752721617418352 266.0 6
6.0 16.350138121546962 15.863141524105753 56.0 6
7.0 15.607734806629834 14.307931570762053 55.0 6
7.0 15.607734806629834 14.307931570762053 55.0 6
8.0 14.589088397790057 13.063763608087092 56.0 6
9.0 14.381906077348066 13.530326594090203 71.0 6
10.0 14.157458563535913 12.597200622083982 73.0 6
8.0 14.589088397790057 13.063763608087092 56.0 6
9.0 14.381906077348066 13.530326594090203 71.0 6
10.0 14.157458563535913 12.597200622083982 73.0 6
11.0 13.276933701657459 11.508553654743391 89.0 6
11.0 13.276933701657459 11.508553654743391 89.0 6
12.0 12.810773480662984 11.35303265940902 97.0 6
12.0 12.810773480662984 11.35303265940902 97.0 6
13.0 12.586325966850827 11.81959564541213 109.0 6
13.0 12.586325966850827 11.81959564541213 109.0 6
14.0 12.517265193370166 11.19751166407465 112.0 6
19.0 12.344613259668508 11.35303265940902 145.0 6
20.0 11.80939226519337 11.19751166407465 152.0 6
22.0 11.705801104972375 11.66407465007776 163.0 6
14.0 12.517265193370166 11.19751166407465 112.0 6
18.0 12.430939226519337 11.508553654743391 141.0 6
19.0 12.344613259668508 11.35303265940902 145.0 6
18.0 12.430939226519337 11.508553654743391 141.0 6
22.0 11.705801104972375 11.66407465007776 163.0 6
40.0 11.395027624309392 13.21928460342146 309.0 6
40.0 11.395027624309392 13.21928460342146 309.0 6
35.0 11.533149171270718 12.908242612752721 258.0 6
41.0 11.36049723756906 13.21928460342146 316.0 6
44.0 11.20511049723757 13.063763608087092 346.0 6
41.0 11.36049723756906 13.21928460342146 316.0 6
35.0 11.533149171270718 12.908242612752721 258.0 6
49.0 11.170580110497237 12.908242612752721 376.0 6
42.0 11.308701657458563 13.21928460342146 320.0 6
23.0 11.584944751381215 11.66407465007776 166.0 6
49.0 11.170580110497237 12.908242612752721 376.0 6
43.0 11.222375690607734 13.063763608087092 329.0 6
50.0 11.136049723756907 12.908242612752721 379.0 6
36.0 11.429558011049725 12.752721617418352 266.0 6
20.0 11.80939226519337 11.19751166407465 152.0 6
42.0 11.308701657458563 13.21928460342146 320.0 6
43.0 11.222375690607734 13.063763608087092 329.0 6
1.0 76.17403314917127 76.20528771384136 5.0 1
60.0 11.11878453038674 13.063763608087092 455.0 6
2.0 52.90055248618785 53.03265940902022 24.0 2
3.0 33.822513812154696 34.05909797822706 35.0 3
5.0 17.69682320441989 18.195956454121305 47.0 5
6.0 16.350138121546962 15.863141524105753 56.0 6
7.0 15.607734806629834 14.307931570762053 55.0 6
8.0 14.589088397790057 13.063763608087092 56.0 6
9.0 14.381906077348066 13.530326594090203 71.0 6
10.0 14.157458563535913 12.597200622083982 73.0 6
11.0 13.276933701657459 11.508553654743391 89.0 6
12.0 12.810773480662984 11.35303265940902 97.0 6
13.0 12.586325966850827 11.81959564541213 109.0 6
14.0 12.517265193370166 11.19751166407465 112.0 6
19.0 12.344613259668508 11.35303265940902 145.0 6
18.0 12.430939226519337 11.508553654743391 141.0 6
22.0 11.705801104972375 11.66407465007776 163.0 6
40.0 11.395027624309392 13.21928460342146 309.0 6
44.0 11.20511049723757 13.063763608087092 346.0 6
41.0 11.36049723756906 13.21928460342146 316.0 6
35.0 11.533149171270718 12.908242612752721 258.0 6
23.0 11.584944751381215 11.66407465007776 166.0 6
49.0 11.170580110497237 12.908242612752721 376.0 6
50.0 11.136049723756907 12.908242612752721 379.0 6
36.0 11.429558011049725 12.752721617418352 266.0 6
20.0 11.80939226519337 11.19751166407465 152.0 6
42.0 11.308701657458563 13.21928460342146 320.0 6
43.0 11.222375690607734 13.063763608087092 329.0 6
1.0 76.17403314917127 76.20528771384136 12.0 1
60.0 11.11878453038674 13.063763608087092 455.0 6
2.0 52.90055248618785 53.03265940902022 24.0 2
3.0 33.822513812154696 34.05909797822706 35.0 3
5.0 17.69682320441989 18.195956454121305 47.0 5
6.0 16.350138121546962 15.863141524105753 56.0 6
7.0 15.607734806629834 14.307931570762053 55.0 6
8.0 14.589088397790057 13.063763608087092 56.0 6
9.0 14.381906077348066 13.530326594090203 71.0 6
