1.0 76.18718701433258 76.08695652173914 5.0 1
3.0 33.949231566223446 33.85093167701863 34.0 3
3.0 33.949231566223446 33.85093167701863 34.0 3
4.0 23.88188568468313 23.4472049689441 41.0 4
4.0 23.88188568468313 23.4472049689441 41.0 4
11.0 13.296494560524952 16.149068322981368 87.0 6
11.0 13.296494560524952 16.149068322981368 87.0 6
1.0 76.18718701433258 76.08695652173914 30.0 1
3.0 33.949231566223446 33.85093167701863 34.0 3
4.0 23.88188568468313 23.4472049689441 41.0 4
11.0 13.296494560524952 16.149068322981368 87.0 6
1.0 76.18718701433258 76.08695652173914 5.0 1
3.0 33.949231566223446 33.85093167701863 34.0 3
4.0 23.88188568468313 23.4472049689441 41.0 4
11.0 13.296494560524952 16.149068322981368 87.0 6
1.0 76.18718701433258 76.08695652173914 5.0 1
3.0 33.949231566223446 33.85093167701863 34.0 3
4.0 23.88188568468313 23.4472049689441 41.0 4
11.0 13.296494560524952 16.149068322981368 87.0 6
1.0 76.18718701433258 76.08695652173914 5.0 1
1.0 76.18718701433258 76.08695652173914 5.0 1
2.0 52.7542738732516 52.63975155279503 31.0 2
2.0 52.7542738732516 52.63975155279503 31.0 2
26.0 11.500604386116388 13.509316770186336 231.0 6
5.0 17.71714729753065 19.099378881987576 50.0 5
5.0 17.71714729753065 19.099378881987576 50.0 5
6.0 15.852184424106373 16.61490683229814 59.0 6
19.0 12.018649628734243 15.683229813664596 154.0 6
6.0 15.852184424106373 16.61490683229814 59.0 6
7.0 14.712484890347092 15.372670807453417 64.0 6
10.0 13.641858055603523 15.683229813664596 70.0 6
12.0 13.054740113969954 15.683229813664596 97.0 6
9.0 14.073562424451735 15.683229813664596 78.0 6
10.0 13.641858055603523 15.683229813664596 70.0 6
12.0 13.054740113969954 15.683229813664596 97.0 6
13.0 12.605767570367812 15.217391304347828 102.0 6
8.0 14.298048696252804 15.062111801242237 69.0 6
9.0 14.073562424451735 15.683229813664596 78.0 6
7.0 14.712484890347092 15.372670807453417 64.0 6
8.0 14.298048696252804 15.062111801242237 69.0 6
13.0 12.605767570367812 15.217391304347828 102.0 6
17.0 12.346744949058884 15.838509316770185 138.0 6
18.0 12.070454152996028 15.838509316770185 144.0 6
14.0 12.433085822828527 15.062111801242237 109.0 6
17.0 12.346744949058884 15.838509316770185 138.0 6
23.0 11.725090657917459 14.440993788819876 198.0 6
21.0 11.915040580210672 15.217391304347828 169.0 6
18.0 12.070454152996028 15.838509316770185 144.0 6
23.0 11.725090657917459 14.440993788819876 198.0 6
24.0 11.656017958901744 13.819875776397517 208.0 6
25.0 11.569677085132103 13.819875776397517 222.0 6
24.0 11.656017958901744 13.819875776397517 208.0 6
25.0 11.569677085132103 13.819875776397517 222.0 6
26.0 11.500604386116388 13.509316770186336 231.0 6
21.0 11.915040580210672 15.217391304347828 169.0 6
14.0 12.433085822828527 15.062111801242237 109.0 6
1.0 76.18718701433258 76.08695652173914 18.0 1
2.0 52.7542738732516 52.63975155279503 31.0 2
5.0 17.71714729753065 19.099378881987576 50.0 5
6.0 15.852184424106373 16.61490683229814 59.0 6
10.0 13.641858055603523 15.683229813664596 70.0 6
12.0 13.054740113969954 15.683229813664596 97.0 6
9.0 14.073562424451735 15.683229813664596 78.0 6
7.0 14.712484890347092 15.372670807453417 64.0 6
8.0 14.298048696252804 15.062111801242237 69.0 6
13.0 12.605767570367812 15.217391304347828 102.0 6
17.0 12.346744949058884 15.838509316770185 138.0 6
18.0 12.070454152996028 15.838509316770185 144.0 6
23.0 11.725090657917459 14.440993788819876 198.0 6
25.0 11.569677085132103 13.819875776397517 222.0 6
24.0 11.656017958901744 13.819875776397517 208.0 6
26.0 11.500604386116388 13.509316770186336 231.0 6
21.0 11.915040580210672 15.217391304347828 169.0 6
14.0 12.433085822828527 15.062111801242237 109.0 6
1.0 76.18718701433258 76.08695652173914 5.0 1
2.0 52.7542738732516 52.63975155279503 31.0 2
5.0 17.71714729753065 19.099378881987576 50.0 5
6.0 15.852184424106373 16.61490683229814 59.0 6
10.0 13.641858055603523 15.683229813664596 70.0 6
12.0 13.054740113969954 15.683229813664596 97.0 6
9.0 14.073562424451735 15.683229813664596 78.0 6
7.0 14.712484890347092 15.372670807453417 64.0 6
8.0 14.298048696252804 15.062111801242237 69.0 6
13.0 12.605767570367812 15.217391304347828 102.0 6
17.0 12.346744949058884 15.838509316770185 138.0 6
23.0 11.725090657917459 14.440993788819876 198.0 6
24.0 11.656017958901744 13.819875776397517 208.0 6
25.0 11.569677085132103 13.819875776397517 222.0 6
26.0 11.500604386116388 13.509316770186336 231.0 6
18.0 12.070454152996028 15.838509316770185 144.0 6
21.0 11.915040580210672 15.217391304347828 169.0 6
14.0 12.433085822828527 15.062111801242237 109.0 6
1.0 76.18718701433258 76.08695652173914 17.0 1
2.0 52.7542738732516 52.63975155279503 31.0 2
5.0 17.71714729753065 19.099378881987576 50.0 5
6.0 15.852184424106373 16.61490683229814 59.0 6
10.0 13.641858055603523 15.683229813664596 70.0 6
12.0 13.054740113969954 15.683229813664596 97.0 6
9.0 14.073562424451735 15.683229813664596 78.0 6
7.0 14.712484890347092 15.372670807453417 64.0 6
8.0 14.298048696252804 15.062111801242237 69.0 6
13.0 12.605767570367812 15.217391304347828 102.0 6
17.0 12.346744949058884 15.838509316770185 138.0 6
23.0 11.725090657917459 14.440993788819876 198.0 6
25.0 11.569677085132103 13.819875776397517 222.0 6
24.0 11.656017958901744 13.819875776397517 208.0 6
26.0 11.500604386116388 13.509316770186336 231.0 6
18.0 12.070454152996028 15.838509316770185 144.0 6
21.0 11.915040580210672 15.217391304347828 169.0 6
14.0 12.433085822828527 15.062111801242237 109.0 6
1.0 76.18718701433258 76.08695652173914 12.0 1
2.0 52.7542738732516 52.63975155279503 31.0 2
5.0 17.71714729753065 19.099378881987576 50.0 5
6.0 15.852184424106373 16.61490683229814 59.0 6
10.0 13.641858055603523 15.683229813664596 70.0 6
12.0 13.054740113969954 15.683229813664596 97.0 6
9.0 14.073562424451735 15.683229813664596 78.0 6
8.0 14.298048696252804 15.062111801242237 69.0 6
26.0 11.500604386116388 13.509316770186336 231.0 6
1.0 76.18718701433258 76.08695652173914 12.0 1
