1.0 76.16991883957866 76.24223602484473 7.0 1
3.0 33.60386807114488 34.93788819875777 30.0 3
3.0 33.60386807114488 34.93788819875777 30.0 3
4.0 23.830081160421344 25.465838509316768 33.0 4
4.0 23.830081160421344 25.465838509316768 33.0 4
5.0 16.991883957865653 19.099378881987576 40.0 5
5.0 16.991883957865653 19.099378881987576 40.0 5
6.0 15.230530132964946 18.16770186335404 53.0 6
6.0 15.230530132964946 18.16770186335404 53.0 6
7.0 14.47073044379209 15.372670807453417 58.0 6
7.0 14.47073044379209 15.372670807453417 58.0 6
8.0 13.849076152650666 16.77018633540373 63.0 6
8.0 13.849076152650666 16.77018633540373 63.0 6
9.0 13.348299084786738 15.838509316770185 68.0 6
9.0 13.348299084786738 15.838509316770185 68.0 6
10.0 13.072008288723882 15.683229813664596 71.0 6
10.0 13.072008288723882 15.683229813664596 71.0 6
12.0 12.899326541184596 14.906832298136646 80.0 6
15.0 12.830253842168881 15.062111801242237 97.0 6
16.0 12.692108444137453 13.975155279503104 109.0 6
16.0 12.692108444137453 13.975155279503104 109.0 6
12.0 12.899326541184596 14.906832298136646 80.0 6
18.0 12.64030391987567 14.130434782608695 119.0 6
14.0 12.847522016922811 15.062111801242237 90.0 6
18.0 12.64030391987567 14.130434782608695 119.0 6
14.0 12.847522016922811 15.062111801242237 90.0 6
15.0 12.830253842168881 15.062111801242237 97.0 6
1.0 76.16991883957866 76.24223602484473 7.0 1
3.0 33.60386807114488 34.93788819875777 30.0 3
4.0 23.830081160421344 25.465838509316768 33.0 4
5.0 16.991883957865653 19.099378881987576 40.0 5
6.0 15.230530132964946 18.16770186335404 53.0 6
7.0 14.47073044379209 15.372670807453417 58.0 6
8.0 13.849076152650666 16.77018633540373 63.0 6
9.0 13.348299084786738 15.838509316770185 68.0 6
10.0 13.072008288723882 15.683229813664596 71.0 6
16.0 12.692108444137453 13.975155279503104 109.0 6
12.0 12.899326541184596 14.906832298136646 80.0 6
18.0 12.64030391987567 14.130434782608695 119.0 6
14.0 12.847522016922811 15.062111801242237 90.0 6
15.0 12.830253842168881 15.062111801242237 97.0 6
1.0 76.16991883957866 76.24223602484473 18.0 1
3.0 33.60386807114488 34.93788819875777 30.0 3
4.0 23.830081160421344 25.465838509316768 33.0 4
5.0 16.991883957865653 19.099378881987576 40.0 5
6.0 15.230530132964946 18.16770186335404 53.0 6
7.0 14.47073044379209 15.372670807453417 58.0 6
8.0 13.849076152650666 16.77018633540373 63.0 6
9.0 13.348299084786738 15.838509316770185 68.0 6
10.0 13.072008288723882 15.683229813664596 71.0 6
16.0 12.692108444137453 13.975155279503104 109.0 6
12.0 12.899326541184596 14.906832298136646 80.0 6
18.0 12.64030391987567 14.130434782608695 119.0 6
14.0 12.847522016922811 15.062111801242237 90.0 6
15.0 12.830253842168881 15.062111801242237 97.0 6
1.0 76.16991883957866 76.24223602484473 4.0 1
2.0 52.857882921775165 52.79503105590062 22.0 2
2.0 52.857882921775165 52.79503105590062 22.0 2
31.0 11.794163356933172 13.043478260869565 221.0 6
21.0 12.536694871352097 12.888198757763975 144.0 6
23.0 12.225867725781384 12.888198757763975 154.0 6
25.0 12.070454152996028 12.888198757763975 167.0 6
28.0 11.984113279226385 12.888198757763975 189.0 6
30.0 11.897772405456744 13.043478260869565 208.0 6
23.0 12.225867725781384 12.888198757763975 154.0 6
25.0 12.070454152996028 12.888198757763975 167.0 6
22.0 12.39854947332067 12.732919254658384 150.0 6
22.0 12.39854947332067 12.732919254658384 150.0 6
21.0 12.536694871352097 12.888198757763975 144.0 6
27.0 12.018649628734243 12.888198757763975 179.0 6
28.0 11.984113279226385 12.888198757763975 189.0 6
27.0 12.018649628734243 12.888198757763975 179.0 6
30.0 11.897772405456744 13.043478260869565 208.0 6
31.0 11.794163356933172 13.043478260869565 214.0 6
1.0 76.16991883957866 76.24223602484473 5.0 1
2.0 52.857882921775165 52.79503105590062 22.0 2
23.0 12.225867725781384 12.888198757763975 154.0 6
25.0 12.070454152996028 12.888198757763975 167.0 6
22.0 12.39854947332067 12.732919254658384 150.0 6
21.0 12.536694871352097 12.888198757763975 144.0 6
28.0 11.984113279226385 12.888198757763975 189.0 6
27.0 12.018649628734243 12.888198757763975 179.0 6
30.0 11.897772405456744 13.043478260869565 208.0 6
31.0 11.794163356933172 13.043478260869565 214.0 6
1.0 76.16991883957866 76.24223602484473 4.0 1
2.0 52.857882921775165 52.79503105590062 22.0 2
23.0 12.225867725781384 12.888198757763975 154.0 6
25.0 12.070454152996028 12.888198757763975 167.0 6
22.0 12.39854947332067 12.732919254658384 150.0 6
21.0 12.536694871352097 12.888198757763975 144.0 6
28.0 11.984113279226385 12.888198757763975 189.0 6
27.0 12.018649628734243 12.888198757763975 179.0 6
30.0 11.897772405456744 13.043478260869565 208.0 6
31.0 11.794163356933172 13.043478260869565 221.0 6
2.0 52.857882921775165 52.79503105590062 22.0 2
23.0 12.225867725781384 12.888198757763975 154.0 6
25.0 12.070454152996028 12.888198757763975 167.0 6
22.0 12.39854947332067 12.732919254658384 150.0 6
21.0 12.536694871352097 12.888198757763975 144.0 6
28.0 11.984113279226385 12.888198757763975 189.0 6
27.0 12.018649628734243 12.888198757763975 179.0 6
30.0 11.897772405456744 13.043478260869565 208.0 6
31.0 11.794163356933172 13.043478260869565 214.0 6
