1.0 76.17403314917127 76.20528771384136 6.0 1
3.0 33.943370165745854 33.43701399688958 27.0 3
3.0 33.943370165745854 33.43701399688958 27.0 3
4.0 24.01588397790055 23.950233281493002 35.0 4
4.0 24.01588397790055 23.950233281493002 35.0 4
5.0 17.852209944751383 16.951788491446347 32.0 5
27.0 12.051104972375692 14.618973561430792 194.0 6
5.0 17.852209944751383 16.951788491446347 32.0 5
6.0 16.263812154696133 16.174183514774494 48.0 6
6.0 16.263812154696133 16.174183514774494 48.0 6
7.0 14.865331491712707 15.241057542768274 55.0 6
8.0 14.60635359116022 16.174183514774494 65.0 6
9.0 13.622237569060774 14.774494556765164 67.0 6
7.0 14.865331491712707 15.241057542768274 55.0 6
8.0 14.60635359116022 16.174183514774494 65.0 6
9.0 13.622237569060774 14.774494556765164 67.0 6
10.0 13.276933701657459 14.930015552099535 75.0 6
10.0 13.276933701657459 14.930015552099535 75.0 6
11.0 13.06975138121547 14.463452566096425 83.0 6
12.0 12.931629834254144 14.307931570762053 90.0 6
13.0 12.655386740331492 14.307931570762053 96.0 6
11.0 13.06975138121547 14.463452566096425 83.0 6
12.0 12.931629834254144 14.307931570762053 90.0 6
13.0 12.655386740331492 14.307931570762053 96.0 6
14.0 12.5 14.307931570762053 104.0 6
16.0 12.171961325966851 14.307931570762053 121.0 6
22.0 12.085635359116022 14.774494556765164 154.0 6
14.0 12.5 14.307931570762053 104.0 6
15.0 12.275552486187845 14.463452566096425 114.0 6
27.0 12.051104972375692 14.618973561430792 194.0 6
22.0 12.085635359116022 14.774494556765164 154.0 6
15.0 12.275552486187845 14.463452566096425 114.0 6
16.0 12.171961325966851 14.307931570762053 121.0 6
1.0 76.17403314917127 76.20528771384136 11.0 1
3.0 33.943370165745854 33.43701399688958 27.0 3
4.0 24.01588397790055 23.950233281493002 35.0 4
5.0 17.852209944751383 16.951788491446347 32.0 5
6.0 16.263812154696133 16.174183514774494 48.0 6
7.0 14.865331491712707 15.241057542768274 55.0 6
8.0 14.60635359116022 16.174183514774494 65.0 6
9.0 13.622237569060774 14.774494556765164 67.0 6
10.0 13.276933701657459 14.930015552099535 75.0 6
11.0 13.06975138121547 14.463452566096425 83.0 6
12.0 12.931629834254144 14.307931570762053 90.0 6
13.0 12.655386740331492 14.307931570762053 96.0 6
14.0 12.5 14.307931570762053 104.0 6
27.0 12.051104972375692 14.618973561430792 194.0 6
22.0 12.085635359116022 14.774494556765164 154.0 6
15.0 12.275552486187845 14.463452566096425 114.0 6
16.0 12.171961325966851 14.307931570762053 121.0 6
1.0 76.17403314917127 76.20528771384136 6.0 1
3.0 33.943370165745854 33.43701399688958 27.0 3
4.0 24.01588397790055 23.950233281493002 35.0 4
5.0 17.852209944751383 16.951788491446347 32.0 5
6.0 16.263812154696133 16.174183514774494 48.0 6
7.0 14.865331491712707 15.241057542768274 55.0 6
8.0 14.60635359116022 16.174183514774494 65.0 6
9.0 13.622237569060774 14.774494556765164 67.0 6
10.0 13.276933701657459 14.930015552099535 75.0 6
11.0 13.06975138121547 14.463452566096425 83.0 6
12.0 12.931629834254144 14.307931570762053 90.0 6
13.0 12.655386740331492 14.307931570762053 96.0 6
14.0 12.5 14.307931570762053 104.0 6
27.0 12.051104972375692 14.618973561430792 194.0 6
22.0 12.085635359116022 14.774494556765164 154.0 6
15.0 12.275552486187845 14.463452566096425 114.0 6
16.0 12.171961325966851 14.307931570762053 121.0 6
1.0 76.17403314917127 76.20528771384136 6.0 1
3.0 33.943370165745854 33.43701399688958 27.0 3
4.0 24.01588397790055 23.950233281493002 35.0 4
5.0 17.852209944751383 16.951788491446347 32.0 5
6.0 16.263812154696133 16.174183514774494 48.0 6
7.0 14.865331491712707 15.241057542768274 55.0 6
8.0 14.60635359116022 16.174183514774494 65.0 6
9.0 13.622237569060774 14.774494556765164 67.0 6
10.0 13.276933701657459 14.930015552099535 75.0 6
11.0 13.06975138121547 14.463452566096425 83.0 6
12.0 12.931629834254144 14.307931570762053 90.0 6
13.0 12.655386740331492 14.307931570762053 96.0 6
1.0 76.17403314917127 76.20528771384136 7.0 1
40.0 11.515883977900552 13.685847589424572 309.0 6
2.0 52.762430939226526 52.87713841368584 39.0 2
2.0 52.762430939226526 52.87713841368584 39.0 2
32.0 11.792127071823204 13.685847589424572 252.0 6
30.0 11.8439226519337 13.841368584758943 238.0 6
26.0 12.068370165745856 13.530326594090203 197.0 6
33.0 11.757596685082873 13.374805598755831 257.0 6
27.0 12.051104972375692 13.685847589424572 202.0 6
37.0 11.636740331491712 13.374805598755831 282.0 6
34.0 11.723066298342541 13.530326594090203 263.0 6
30.0 11.8439226519337 13.841368584758943 238.0 6
27.0 12.051104972375692 13.685847589424572 202.0 6
37.0 11.636740331491712 13.374805598755831 282.0 6
38.0 11.550414364640885 13.374805598755831 297.0 6
35.0 11.654005524861878 13.530326594090203 270.0 6
28.0 12.01657458563536 13.374805598755831 211.0 6
38.0 11.550414364640885 13.374805598755831 297.0 6
39.0 11.533149171270718 13.685847589424572 304.0 6
26.0 12.068370165745856 13.530326594090203 197.0 6
28.0 12.01657458563536 13.374805598755831 211.0 6
39.0 11.533149171270718 13.685847589424572 304.0 6
32.0 11.792127071823204 13.685847589424572 252.0 6
34.0 11.723066298342541 13.530326594090203 263.0 6
35.0 11.654005524861878 13.530326594090203 270.0 6
33.0 11.757596685082873 13.374805598755831 257.0 6
1.0 76.17403314917127 76.20528771384136 7.0 1
40.0 11.515883977900552 13.685847589424572 309.0 6
2.0 52.762430939226526 52.87713841368584 39.0 2
30.0 11.8439226519337 13.841368584758943 238.0 6
37.0 11.636740331491712 13.374805598755831 282.0 6
27.0 12.051104972375692 13.685847589424572 202.0 6
38.0 11.550414364640885 13.374805598755831 297.0 6
26.0 12.068370165745856 13.530326594090203 197.0 6
28.0 12.01657458563536 13.374805598755831 211.0 6
39.0 11.533149171270718 13.685847589424572 304.0 6
32.0 11.792127071823204 13.685847589424572 252.0 6
34.0 11.723066298342541 13.530326594090203 263.0 6
35.0 11.654005524861878 13.530326594090203 270.0 6
33.0 11.757596685082873 13.374805598755831 257.0 6
1.0 76.17403314917127 76.20528771384136 7.0 1
40.0 11.515883977900552 13.685847589424572 309.0 6
2.0 52.762430939226526 52.87713841368584 39.0 2
30.0 11.8439226519337 13.841368584758943 238.0 6
27.0 12.051104972375692 13.685847589424572 202.0 6
37.0 11.636740331491712 13.374805598755831 282.0 6
38.0 11.550414364640885 13.374805598755831 297.0 6
26.0 12.068370165745856 13.530326594090203 197.0 6
39.0 11.533149171270718 13.685847589424572 304.0 6
