1.0 76.17403314917127 76.20528771384136 9.0 1
1.0 76.17403314917127 76.20528771384136 13.0 1
1.0 76.17403314917127 76.20528771384136 9.0 1
1.0 76.17403314917127 76.20528771384136 10.0 1
1.0 76.17403314917127 76.20528771384136 10.0 1
1.0 76.17403314917127 76.20528771384136 11.0 1
1.0 76.17403314917127 76.20528771384136 9.0 1
1.0 76.17403314917127 76.20528771384136 10.0 1
37.0 11.550414364640885 12.597200622083982 267.0 6
2.0 52.883287292817684 53.03265940902022 24.0 2
2.0 52.883287292817684 53.03265940902022 24.0 2
3.0 33.857044198895025 33.43701399688958 34.0 3
3.0 33.857044198895025 33.43701399688958 34.0 3
4.0 23.549723756906076 23.32814930015552 40.0 4
4.0 23.549723756906076 23.32814930015552 40.0 4
5.0 17.403314917127073 17.573872472783826 45.0 5
27.0 11.68853591160221 11.04199066874028 193.0 6
5.0 17.403314917127073 17.573872472783826 45.0 5
6.0 14.917127071823206 14.463452566096425 54.0 6
35.0 11.654005524861878 12.441679626749611 254.0 6
7.0 14.520027624309392 14.152410575427682 65.0 6
8.0 14.226519337016574 13.685847589424572 70.0 6
8.0 14.226519337016574 13.685847589424572 70.0 6
9.0 13.72582872928177 13.530326594090203 75.0 6
9.0 13.72582872928177 13.530326594090203 75.0 6
10.0 13.173342541436464 11.975116640746501 79.0 6
10.0 13.173342541436464 11.975116640746501 79.0 6
11.0 12.86256906077348 11.66407465007776 82.0 6
12.0 12.793508287292818 11.66407465007776 86.0 6
13.0 12.655386740331492 11.508553654743391 97.0 6
11.0 12.86256906077348 11.66407465007776 82.0 6
13.0 12.655386740331492 11.508553654743391 97.0 6
12.0 12.793508287292818 11.66407465007776 86.0 6
14.0 12.517265193370166 11.508553654743391 101.0 6
15.0 12.361878453038674 11.19751166407465 115.0 6
16.0 12.258287292817679 11.35303265940902 118.0 6
6.0 14.917127071823206 14.463452566096425 54.0 6
14.0 12.517265193370166 11.508553654743391 101.0 6
7.0 14.520027624309392 14.152410575427682 65.0 6
15.0 12.361878453038674 11.19751166407465 115.0 6
16.0 12.258287292817679 11.35303265940902 118.0 6
17.0 12.102900552486188 11.35303265940902 126.0 6
17.0 12.102900552486188 11.35303265940902 126.0 6
18.0 11.982044198895029 11.35303265940902 133.0 6
27.0 11.68853591160221 11.04199066874028 193.0 6
20.0 11.8957182320442 11.508553654743391 145.0 6
21.0 11.861187845303869 11.19751166407465 153.0 6
35.0 11.654005524861878 12.441679626749611 254.0 6
21.0 11.861187845303869 11.19751166407465 153.0 6
19.0 11.93024861878453 11.35303265940902 140.0 6
22.0 11.826657458563536 11.19751166407465 158.0 6
20.0 11.8957182320442 11.508553654743391 145.0 6
18.0 11.982044198895029 11.35303265940902 133.0 6
34.0 11.671270718232044 12.28615863141524 244.0 6
19.0 11.93024861878453 11.35303265940902 140.0 6
34.0 11.671270718232044 12.28615863141524 244.0 6
25.0 11.723066298342541 11.04199066874028 175.0 6
23.0 11.792127071823204 11.19751166407465 164.0 6
24.0 11.774861878453038 11.19751166407465 170.0 6
26.0 11.705801104972375 11.04199066874028 186.0 6
22.0 11.826657458563536 11.19751166407465 158.0 6
26.0 11.705801104972375 11.04199066874028 186.0 6
24.0 11.774861878453038 11.19751166407465 170.0 6
23.0 11.792127071823204 11.19751166407465 164.0 6
25.0 11.723066298342541 11.04199066874028 175.0 6
1.0 76.17403314917127 76.20528771384136 12.0 1
37.0 11.550414364640885 12.597200622083982 267.0 6
2.0 52.883287292817684 53.03265940902022 24.0 2
3.0 33.857044198895025 33.43701399688958 34.0 3
4.0 23.549723756906076 23.32814930015552 40.0 4
5.0 17.403314917127073 17.573872472783826 45.0 5
8.0 14.226519337016574 13.685847589424572 70.0 6
9.0 13.72582872928177 13.530326594090203 75.0 6
10.0 13.173342541436464 11.975116640746501 79.0 6
11.0 12.86256906077348 11.66407465007776 82.0 6
13.0 12.655386740331492 11.508553654743391 97.0 6
12.0 12.793508287292818 11.66407465007776 86.0 6
6.0 14.917127071823206 14.463452566096425 54.0 6
14.0 12.517265193370166 11.508553654743391 101.0 6
15.0 12.361878453038674 11.19751166407465 115.0 6
7.0 14.520027624309392 14.152410575427682 65.0 6
16.0 12.258287292817679 11.35303265940902 118.0 6
17.0 12.102900552486188 11.35303265940902 126.0 6
27.0 11.68853591160221 11.04199066874028 193.0 6
35.0 11.654005524861878 12.441679626749611 254.0 6
21.0 11.861187845303869 11.19751166407465 153.0 6
20.0 11.8957182320442 11.508553654743391 145.0 6
18.0 11.982044198895029 11.35303265940902 133.0 6
19.0 11.93024861878453 11.35303265940902 140.0 6
34.0 11.671270718232044 12.28615863141524 244.0 6
22.0 11.826657458563536 11.19751166407465 158.0 6
26.0 11.705801104972375 11.04199066874028 186.0 6
24.0 11.774861878453038 11.19751166407465 170.0 6
25.0 11.723066298342541 11.04199066874028 175.0 6
23.0 11.792127071823204 11.19751166407465 164.0 6
1.0 76.17403314917127 76.20528771384136 12.0 1
37.0 11.550414364640885 12.597200622083982 267.0 6
2.0 52.883287292817684 53.03265940902022 24.0 2
3.0 33.857044198895025 33.43701399688958 34.0 3
4.0 23.549723756906076 23.32814930015552 40.0 4
5.0 17.403314917127073 17.573872472783826 45.0 5
8.0 14.226519337016574 13.685847589424572 70.0 6
9.0 13.72582872928177 13.530326594090203 75.0 6
10.0 13.173342541436464 11.975116640746501 79.0 6
11.0 12.86256906077348 11.66407465007776 82.0 6
13.0 12.655386740331492 11.508553654743391 97.0 6
12.0 12.793508287292818 11.66407465007776 86.0 6
6.0 14.917127071823206 14.463452566096425 54.0 6
14.0 12.517265193370166 11.508553654743391 101.0 6
7.0 14.520027624309392 14.152410575427682 65.0 6
15.0 12.361878453038674 11.19751166407465 115.0 6
16.0 12.258287292817679 11.35303265940902 118.0 6
17.0 12.102900552486188 11.35303265940902 126.0 6
27.0 11.68853591160221 11.04199066874028 193.0 6
35.0 11.654005524861878 12.441679626749611 254.0 6
21.0 11.861187845303869 11.19751166407465 153.0 6
20.0 11.8957182320442 11.508553654743391 145.0 6
18.0 11.982044198895029 11.35303265940902 133.0 6
19.0 11.93024861878453 11.35303265940902 140.0 6
34.0 11.671270718232044 12.28615863141524 244.0 6
22.0 11.826657458563536 11.19751166407465 158.0 6
26.0 11.705801104972375 11.04199066874028 186.0 6
24.0 11.774861878453038 11.19751166407465 170.0 6
23.0 11.792127071823204 11.19751166407465 164.0 6
25.0 11.723066298342541 11.04199066874028 175.0 6
1.0 76.17403314917127 76.20528771384136 12.0 1
37.0 11.550414364640885 12.597200622083982 267.0 6
2.0 52.883287292817684 53.03265940902022 24.0 2
3.0 33.857044198895025 33.43701399688958 34.0 3
4.0 23.549723756906076 23.32814930015552 40.0 4
5.0 17.403314917127073 17.573872472783826 45.0 5
8.0 14.226519337016574 13.685847589424572 70.0 6
9.0 13.72582872928177 13.530326594090203 75.0 6
10.0 13.173342541436464 11.975116640746501 79.0 6
11.0 12.86256906077348 11.66407465007776 82.0 6
13.0 12.655386740331492 11.508553654743391 97.0 6
12.0 12.793508287292818 11.66407465007776 86.0 6
6.0 14.917127071823206 14.463452566096425 54.0 6
14.0 12.517265193370166 11.508553654743391 101.0 6
15.0 12.361878453038674 11.19751166407465 115.0 6
7.0 14.520027624309392 14.152410575427682 65.0 6
16.0 12.258287292817679 11.35303265940902 118.0 6
17.0 12.102900552486188 11.35303265940902 126.0 6
27.0 11.68853591160221 11.04199066874028 193.0 6
35.0 11.654005524861878 12.441679626749611 254.0 6
21.0 11.861187845303869 11.19751166407465 153.0 6
20.0 11.8957182320442 11.508553654743391 145.0 6
18.0 11.982044198895029 11.35303265940902 133.0 6
