1.0 76.18718701433258 76.08695652173914 3.0 1
3.0 33.63840442065273 33.38509316770186 25.0 3
3.0 33.63840442065273 33.38509316770186 25.0 3
4.0 23.674667587635987 23.136645962732917 32.0 4
4.0 23.674667587635987 23.136645962732917 32.0 4
5.0 17.889829045069934 18.478260869565215 29.0 5
5.0 17.889829045069934 18.478260869565215 29.0 5
3.0 33.63840442065273 33.38509316770186 25.0 3
4.0 23.674667587635987 23.136645962732917 32.0 4
5.0 17.889829045069934 18.478260869565215 29.0 5
1.0 76.18718701433258 76.08695652173914 10.0 1
3.0 33.63840442065273 33.38509316770186 25.0 3
4.0 23.674667587635987 23.136645962732917 32.0 4
5.0 17.889829045069934 18.478260869565215 29.0 5
3.0 33.63840442065273 33.38509316770186 25.0 3
4.0 23.674667587635987 23.136645962732917 32.0 4
5.0 17.889829045069934 18.478260869565215 29.0 5
3.0 33.63840442065273 33.38509316770186 25.0 3
4.0 23.674667587635987 23.136645962732917 32.0 4
5.0 17.889829045069934 18.478260869565215 29.0 5
3.0 33.63840442065273 33.38509316770186 25.0 3
4.0 23.674667587635987 23.136645962732917 32.0 4
5.0 17.889829045069934 18.478260869565215 29.0 5
1.0 76.18718701433258 76.08695652173914 8.0 1
3.0 33.63840442065273 33.38509316770186 25.0 3
4.0 23.674667587635987 23.136645962732917 32.0 4
5.0 17.889829045069934 18.478260869565215 29.0 5
3.0 33.63840442065273 33.38509316770186 25.0 3
4.0 23.674667587635987 23.136645962732917 32.0 4
5.0 17.889829045069934 18.478260869565215 29.0 5
1.0 76.18718701433258 76.08695652173914 7.0 1
3.0 33.63840442065273 33.38509316770186 25.0 3
4.0 23.674667587635987 23.136645962732917 32.0 4
5.0 17.889829045069934 18.478260869565215 29.0 5
4.0 23.674667587635987 23.136645962732917 32.0 4
5.0 17.889829045069934 18.478260869565215 29.0 5
1.0 76.18718701433258 76.08695652173914 8.0 1
40.0 11.258849939561388 12.267080745341614 306.0 6
2.0 53.01329649456052 52.79503105590062 14.0 2
2.0 53.01329649456052 52.79503105590062 14.0 2
6.0 16.611984113279227 17.391304347826086 47.0 6
37.0 11.293386289069247 12.422360248447205 286.0 6
39.0 11.276118114315317 12.422360248447205 297.0 6
27.0 11.517872560870316 12.888198757763975 198.0 6
6.0 16.611984113279227 17.391304347826086 47.0 6
7.0 15.8694525988603 17.391304347826086 51.0 6
7.0 15.8694525988603 17.391304347826086 51.0 6
8.0 15.265066482472802 15.527950310559005 58.0 6
8.0 15.265066482472802 15.527950310559005 58.0 6
9.0 14.505266793299947 15.372670807453417 67.0 6
9.0 14.505266793299947 15.372670807453417 67.0 6
10.0 13.624589880849594 14.440993788819876 72.0 6
10.0 13.624589880849594 14.440993788819876 72.0 6
11.0 13.192885512001382 13.819875776397517 80.0 6
11.0 13.192885512001382 13.819875776397517 80.0 6
12.0 13.002935589708168 13.664596273291925 87.0 6
12.0 13.002935589708168 13.664596273291925 87.0 6
13.0 12.882058366430668 13.664596273291925 96.0 6
15.0 12.74391296839924 13.198757763975156 106.0 6
16.0 12.623035745121742 13.354037267080745 107.0 6
13.0 12.882058366430668 13.664596273291925 96.0 6
14.0 12.795717492661026 13.509316770186336 99.0 6
16.0 12.623035745121742 13.354037267080745 107.0 6
14.0 12.795717492661026 13.509316770186336 99.0 6
15.0 12.74391296839924 13.198757763975156 106.0 6
21.0 11.6905543084096 12.732919254658384 148.0 6
17.0 12.502158521844242 13.043478260869565 115.0 6
21.0 11.6905543084096 12.732919254658384 148.0 6
17.0 12.502158521844242 13.043478260869565 115.0 6
19.0 12.225867725781384 13.354037267080745 131.0 6
19.0 12.225867725781384 13.354037267080745 131.0 6
22.0 11.552408910378173 12.577639751552795 160.0 6
27.0 11.517872560870316 12.888198757763975 198.0 6
22.0 11.552408910378173 12.577639751552795 160.0 6
36.0 11.345190813331032 12.888198757763975 277.0 6
30.0 11.500604386116388 12.732919254658384 229.0 6
33.0 11.46606803660853 12.422360248447205 254.0 6
33.0 11.46606803660853 12.422360248447205 254.0 6
35.0 11.414263512346745 12.888198757763975 268.0 6
37.0 11.293386289069247 12.422360248447205 286.0 6
30.0 11.500604386116388 12.732919254658384 229.0 6
35.0 11.414263512346745 12.888198757763975 268.0 6
36.0 11.345190813331032 12.888198757763975 277.0 6
39.0 11.276118114315317 12.422360248447205 297.0 6
1.0 76.18718701433258 76.08695652173914 8.0 1
40.0 11.258849939561388 12.267080745341614 306.0 6
2.0 53.01329649456052 52.79503105590062 14.0 2
6.0 16.611984113279227 17.391304347826086 47.0 6
7.0 15.8694525988603 17.391304347826086 51.0 6
8.0 15.265066482472802 15.527950310559005 58.0 6
9.0 14.505266793299947 15.372670807453417 67.0 6
10.0 13.624589880849594 14.440993788819876 72.0 6
11.0 13.192885512001382 13.819875776397517 80.0 6
12.0 13.002935589708168 13.664596273291925 87.0 6
13.0 12.882058366430668 13.664596273291925 96.0 6
16.0 12.623035745121742 13.354037267080745 107.0 6
14.0 12.795717492661026 13.509316770186336 99.0 6
15.0 12.74391296839924 13.198757763975156 106.0 6
21.0 11.6905543084096 12.732919254658384 148.0 6
17.0 12.502158521844242 13.043478260869565 115.0 6
19.0 12.225867725781384 13.354037267080745 131.0 6
27.0 11.517872560870316 12.888198757763975 198.0 6
22.0 11.552408910378173 12.577639751552795 160.0 6
33.0 11.46606803660853 12.422360248447205 254.0 6
37.0 11.293386289069247 12.422360248447205 286.0 6
30.0 11.500604386116388 12.732919254658384 229.0 6
35.0 11.414263512346745 12.888198757763975 268.0 6
36.0 11.345190813331032 12.888198757763975 277.0 6
39.0 11.276118114315317 12.422360248447205 297.0 6
1.0 76.18718701433258 76.08695652173914 8.0 1
40.0 11.258849939561388 12.267080745341614 306.0 6
2.0 53.01329649456052 52.79503105590062 14.0 2
6.0 16.611984113279227 17.391304347826086 47.0 6
7.0 15.8694525988603 17.391304347826086 51.0 6
8.0 15.265066482472802 15.527950310559005 58.0 6
9.0 14.505266793299947 15.372670807453417 67.0 6
10.0 13.624589880849594 14.440993788819876 72.0 6
11.0 13.192885512001382 13.819875776397517 80.0 6
12.0 13.002935589708168 13.664596273291925 87.0 6
13.0 12.882058366430668 13.664596273291925 96.0 6
16.0 12.623035745121742 13.354037267080745 107.0 6
14.0 12.795717492661026 13.509316770186336 99.0 6
15.0 12.74391296839924 13.198757763975156 106.0 6
21.0 11.6905543084096 12.732919254658384 148.0 6
17.0 12.502158521844242 13.043478260869565 115.0 6
19.0 12.225867725781384 13.354037267080745 131.0 6
27.0 11.517872560870316 12.888198757763975 198.0 6
22.0 11.552408910378173 12.577639751552795 160.0 6
33.0 11.46606803660853 12.422360248447205 254.0 6
37.0 11.293386289069247 12.422360248447205 286.0 6
30.0 11.500604386116388 12.732919254658384 229.0 6
35.0 11.414263512346745 12.888198757763975 268.0 6
39.0 11.276118114315317 12.422360248447205 297.0 6
36.0 11.345190813331032 12.888198757763975 277.0 6
