1.0 76.16991883957866 76.24223602484473 5.0 1
6.0 15.886720773614229 18.944099378881987 53.0 6
24.0 12.933862890692454 13.975155279503104 194.0 6
22.0 12.951131065446383 14.130434782608695 171.0 6
29.0 12.692108444137453 13.664596273291925 218.0 6
6.0 15.886720773614229 18.944099378881987 53.0 6
7.0 14.885166637886377 17.546583850931675 58.0 6
7.0 14.885166637886377 17.546583850931675 58.0 6
8.0 14.83336211362459 16.61490683229814 62.0 6
11.0 14.14263512346745 14.440993788819876 84.0 6
15.0 13.451908133310308 14.130434782608695 111.0 6
16.0 13.417371783802452 14.440993788819876 126.0 6
12.0 13.797271628388879 13.975155279503104 88.0 6
16.0 13.417371783802452 14.440993788819876 126.0 6
10.0 14.159903298221376 15.993788819875776 80.0 6
17.0 13.279226385771024 14.285714285714285 137.0 6
11.0 14.14263512346745 14.440993788819876 84.0 6
8.0 14.83336211362459 16.61490683229814 62.0 6
9.0 14.591607667069592 15.838509316770185 68.0 6
18.0 13.244690036263169 13.975155279503104 144.0 6
19.0 13.175617337247452 14.130434782608695 149.0 6
12.0 13.797271628388879 13.975155279503104 88.0 6
14.0 13.659126230357451 13.975155279503104 101.0 6
13.0 13.728198929373164 13.819875776397517 96.0 6
13.0 13.728198929373164 13.819875776397517 96.0 6
15.0 13.451908133310308 14.130434782608695 111.0 6
27.0 12.778449317907098 13.664596273291925 201.0 6
14.0 13.659126230357451 13.975155279503104 101.0 6
19.0 13.175617337247452 14.130434782608695 149.0 6
20.0 13.072008288723882 14.130434782608695 160.0 6
17.0 13.279226385771024 14.285714285714285 137.0 6
9.0 14.591607667069592 15.838509316770185 68.0 6
10.0 14.159903298221376 15.993788819875776 80.0 6
18.0 13.244690036263169 13.975155279503104 144.0 6
27.0 12.778449317907098 13.664596273291925 201.0 6
20.0 13.072008288723882 14.130434782608695 160.0 6
21.0 12.98566741495424 14.130434782608695 165.0 6
21.0 12.98566741495424 14.130434782608695 165.0 6
28.0 12.726644793645312 13.664596273291925 214.0 6
22.0 12.951131065446383 14.130434782608695 171.0 6
29.0 12.692108444137453 13.664596273291925 218.0 6
24.0 12.933862890692454 13.975155279503104 194.0 6
28.0 12.726644793645312 13.664596273291925 214.0 6
1.0 76.16991883957866 76.24223602484473 5.0 1
6.0 15.886720773614229 18.944099378881987 53.0 6
7.0 14.885166637886377 17.546583850931675 58.0 6
16.0 13.417371783802452 14.440993788819876 126.0 6
11.0 14.14263512346745 14.440993788819876 84.0 6
8.0 14.83336211362459 16.61490683229814 62.0 6
12.0 13.797271628388879 13.975155279503104 88.0 6
13.0 13.728198929373164 13.819875776397517 96.0 6
15.0 13.451908133310308 14.130434782608695 111.0 6
14.0 13.659126230357451 13.975155279503104 101.0 6
19.0 13.175617337247452 14.130434782608695 149.0 6
17.0 13.279226385771024 14.285714285714285 137.0 6
9.0 14.591607667069592 15.838509316770185 68.0 6
10.0 14.159903298221376 15.993788819875776 80.0 6
18.0 13.244690036263169 13.975155279503104 144.0 6
27.0 12.778449317907098 13.664596273291925 201.0 6
20.0 13.072008288723882 14.130434782608695 160.0 6
21.0 12.98566741495424 14.130434782608695 165.0 6
22.0 12.951131065446383 14.130434782608695 171.0 6
29.0 12.692108444137453 13.664596273291925 218.0 6
24.0 12.933862890692454 13.975155279503104 194.0 6
28.0 12.726644793645312 13.664596273291925 214.0 6
1.0 76.16991883957866 76.24223602484473 5.0 1
6.0 15.886720773614229 18.944099378881987 53.0 6
7.0 14.885166637886377 17.546583850931675 58.0 6
16.0 13.417371783802452 14.440993788819876 126.0 6
11.0 14.14263512346745 14.440993788819876 84.0 6
8.0 14.83336211362459 16.61490683229814 62.0 6
12.0 13.797271628388879 13.975155279503104 88.0 6
13.0 13.728198929373164 13.819875776397517 96.0 6
15.0 13.451908133310308 14.130434782608695 111.0 6
14.0 13.659126230357451 13.975155279503104 101.0 6
19.0 13.175617337247452 14.130434782608695 149.0 6
17.0 13.279226385771024 14.285714285714285 137.0 6
9.0 14.591607667069592 15.838509316770185 68.0 6
18.0 13.244690036263169 13.975155279503104 144.0 6
10.0 14.159903298221376 15.993788819875776 80.0 6
27.0 12.778449317907098 13.664596273291925 201.0 6
20.0 13.072008288723882 14.130434782608695 160.0 6
21.0 12.98566741495424 14.130434782608695 165.0 6
22.0 12.951131065446383 14.130434782608695 171.0 6
29.0 12.692108444137453 13.664596273291925 218.0 6
24.0 12.933862890692454 13.975155279503104 194.0 6
28.0 12.726644793645312 13.664596273291925 214.0 6
1.0 76.16991883957866 76.24223602484473 7.0 1
6.0 15.886720773614229 18.944099378881987 53.0 6
7.0 14.885166637886377 17.546583850931675 58.0 6
16.0 13.417371783802452 14.440993788819876 126.0 6
11.0 14.14263512346745 14.440993788819876 84.0 6
8.0 14.83336211362459 16.61490683229814 62.0 6
12.0 13.797271628388879 13.975155279503104 88.0 6
1.0 76.16991883957866 76.24223602484473 6.0 1
2.0 52.9960283198066 53.41614906832298 32.0 2
2.0 52.9960283198066 53.41614906832298 32.0 2
3.0 34.05284061474702 34.161490683229815 23.0 3
3.0 34.05284061474702 34.161490683229815 23.0 3
4.0 24.054567432222417 24.06832298136646 30.0 4
4.0 24.054567432222417 24.06832298136646 30.0 4
5.0 17.889829045069934 18.788819875776397 40.0 5
5.0 17.889829045069934 18.788819875776397 40.0 5
1.0 76.16991883957866 76.24223602484473 6.0 1
2.0 52.9960283198066 53.41614906832298 32.0 2
3.0 34.05284061474702 34.161490683229815 23.0 3
4.0 24.054567432222417 24.06832298136646 30.0 4
5.0 17.889829045069934 18.788819875776397 40.0 5
1.0 76.16991883957866 76.24223602484473 6.0 1
2.0 52.9960283198066 53.41614906832298 32.0 2
3.0 34.05284061474702 34.161490683229815 23.0 3
4.0 24.054567432222417 24.06832298136646 30.0 4
5.0 17.889829045069934 18.788819875776397 40.0 5
1.0 76.16991883957866 76.24223602484473 8.0 1
2.0 52.9960283198066 53.41614906832298 32.0 2
3.0 34.05284061474702 34.161490683229815 23.0 3
4.0 24.054567432222417 24.06832298136646 30.0 4
5.0 17.889829045069934 18.788819875776397 40.0 5
1.0 76.16991883957866 76.24223602484473 7.0 1
