1.0 76.17403314917127 76.20528771384136 10.0 1
24.0 12.120165745856355 13.685847589424572 163.0 6
10.0 13.777624309392264 15.863141524105753 70.0 6
10.0 13.777624309392264 15.863141524105753 70.0 6
11.0 13.380524861878454 15.396578538102643 75.0 6
11.0 13.380524861878454 15.396578538102643 75.0 6
12.0 13.225138121546962 15.396578538102643 83.0 6
12.0 13.225138121546962 15.396578538102643 83.0 6
13.0 13.017955801104971 14.618973561430792 92.0 6
20.0 12.70718232044199 14.774494556765164 137.0 6
21.0 12.53453038674033 14.618973561430792 145.0 6
19.0 12.810773480662984 14.463452566096425 133.0 6
22.0 12.275552486187845 13.996889580093313 148.0 6
23.0 12.223756906077348 13.996889580093313 154.0 6
19.0 12.810773480662984 14.463452566096425 133.0 6
20.0 12.70718232044199 14.774494556765164 137.0 6
13.0 13.017955801104971 14.618973561430792 92.0 6
14.0 12.879834254143645 14.774494556765164 102.0 6
14.0 12.879834254143645 14.774494556765164 102.0 6
21.0 12.53453038674033 14.618973561430792 145.0 6
23.0 12.223756906077348 13.996889580093313 154.0 6
22.0 12.275552486187845 13.996889580093313 148.0 6
24.0 12.120165745856355 13.685847589424572 163.0 6
1.0 76.17403314917127 76.20528771384136 10.0 1
10.0 13.777624309392264 15.863141524105753 70.0 6
11.0 13.380524861878454 15.396578538102643 75.0 6
12.0 13.225138121546962 15.396578538102643 83.0 6
19.0 12.810773480662984 14.463452566096425 133.0 6
20.0 12.70718232044199 14.774494556765164 137.0 6
13.0 13.017955801104971 14.618973561430792 92.0 6
14.0 12.879834254143645 14.774494556765164 102.0 6
21.0 12.53453038674033 14.618973561430792 145.0 6
23.0 12.223756906077348 13.996889580093313 154.0 6
22.0 12.275552486187845 13.996889580093313 148.0 6
24.0 12.120165745856355 13.685847589424572 163.0 6
1.0 76.17403314917127 76.20528771384136 10.0 1
10.0 13.777624309392264 15.863141524105753 70.0 6
11.0 13.380524861878454 15.396578538102643 75.0 6
12.0 13.225138121546962 15.396578538102643 83.0 6
19.0 12.810773480662984 14.463452566096425 133.0 6
20.0 12.70718232044199 14.774494556765164 137.0 6
13.0 13.017955801104971 14.618973561430792 92.0 6
14.0 12.879834254143645 14.774494556765164 102.0 6
21.0 12.53453038674033 14.618973561430792 145.0 6
23.0 12.223756906077348 13.996889580093313 154.0 6
22.0 12.275552486187845 13.996889580093313 148.0 6
24.0 12.120165745856355 13.685847589424572 163.0 6
1.0 76.17403314917127 76.20528771384136 11.0 1
10.0 13.777624309392264 15.863141524105753 70.0 6
11.0 13.380524861878454 15.396578538102643 75.0 6
12.0 13.225138121546962 15.396578538102643 83.0 6
19.0 12.810773480662984 14.463452566096425 133.0 6
20.0 12.70718232044199 14.774494556765164 137.0 6
13.0 13.017955801104971 14.618973561430792 92.0 6
14.0 12.879834254143645 14.774494556765164 102.0 6
21.0 12.53453038674033 14.618973561430792 145.0 6
23.0 12.223756906077348 13.996889580093313 154.0 6
22.0 12.275552486187845 13.996889580093313 148.0 6
24.0 12.120165745856355 13.685847589424572 163.0 6
1.0 76.17403314917127 76.20528771384136 28.0 1
10.0 13.777624309392264 15.863141524105753 70.0 6
11.0 13.380524861878454 15.396578538102643 75.0 6
12.0 13.225138121546962 15.396578538102643 83.0 6
19.0 12.810773480662984 14.463452566096425 133.0 6
20.0 12.70718232044199 14.774494556765164 137.0 6
1.0 76.17403314917127 76.20528771384136 6.0 1
41.0 11.705801104972375 15.085536547433904 344.0 6
2.0 52.81422651933701 52.87713841368584 42.0 2
2.0 52.81422651933701 52.87713841368584 42.0 2
3.0 33.73618784530387 33.28149300155521 30.0 3
3.0 33.73618784530387 33.28149300155521 30.0 3
4.0 23.584254143646408 23.017107309486782 38.0 4
4.0 23.584254143646408 23.017107309486782 38.0 4
5.0 16.816298342541437 17.884914463452567 49.0 5
5.0 16.816298342541437 17.884914463452567 49.0 5
6.0 15.003453038674033 16.951788491446347 57.0 6
31.0 11.947513812154696 15.085536547433904 268.0 6
7.0 14.81353591160221 16.329704510108865 64.0 6
8.0 14.537292817679559 16.329704510108865 65.0 6
9.0 14.278314917127071 16.329704510108865 69.0 6
6.0 15.003453038674033 16.951788491446347 57.0 6
8.0 14.537292817679559 16.329704510108865 65.0 6
9.0 14.278314917127071 16.329704510108865 69.0 6
7.0 14.81353591160221 16.329704510108865 64.0 6
28.0 12.085635359116022 15.396578538102643 227.0 6
35.0 11.740331491712707 14.774494556765164 287.0 6
33.0 11.8439226519337 14.774494556765164 276.0 6
34.0 11.826657458563536 15.085536547433904 284.0 6
36.0 11.723066298342541 14.774494556765164 291.0 6
28.0 12.085635359116022 15.396578538102643 227.0 6
34.0 11.826657458563536 15.085536547433904 284.0 6
32.0 11.912983425414364 15.085536547433904 273.0 6
35.0 11.740331491712707 14.774494556765164 287.0 6
32.0 11.912983425414364 15.085536547433904 273.0 6
33.0 11.8439226519337 14.774494556765164 276.0 6
36.0 11.723066298342541 14.774494556765164 291.0 6
31.0 11.947513812154696 15.085536547433904 268.0 6
1.0 76.17403314917127 76.20528771384136 6.0 1
41.0 11.705801104972375 15.085536547433904 344.0 6
2.0 52.81422651933701 52.87713841368584 42.0 2
3.0 33.73618784530387 33.28149300155521 30.0 3
4.0 23.584254143646408 23.017107309486782 38.0 4
5.0 16.816298342541437 17.884914463452567 49.0 5
6.0 15.003453038674033 16.951788491446347 57.0 6
8.0 14.537292817679559 16.329704510108865 65.0 6
7.0 14.81353591160221 16.329704510108865 64.0 6
9.0 14.278314917127071 16.329704510108865 69.0 6
35.0 11.740331491712707 14.774494556765164 287.0 6
34.0 11.826657458563536 15.085536547433904 284.0 6
28.0 12.085635359116022 15.396578538102643 227.0 6
32.0 11.912983425414364 15.085536547433904 273.0 6
33.0 11.8439226519337 14.774494556765164 276.0 6
36.0 11.723066298342541 14.774494556765164 291.0 6
31.0 11.947513812154696 15.085536547433904 268.0 6
41.0 11.705801104972375 15.085536547433904 344.0 6
2.0 52.81422651933701 52.87713841368584 42.0 2
3.0 33.73618784530387 33.28149300155521 30.0 3
4.0 23.584254143646408 23.017107309486782 38.0 4
5.0 16.816298342541437 17.884914463452567 49.0 5
6.0 15.003453038674033 16.951788491446347 57.0 6
8.0 14.537292817679559 16.329704510108865 65.0 6
7.0 14.81353591160221 16.329704510108865 64.0 6
9.0 14.278314917127071 16.329704510108865 69.0 6
35.0 11.740331491712707 14.774494556765164 287.0 6
34.0 11.826657458563536 15.085536547433904 284.0 6
28.0 12.085635359116022 15.396578538102643 227.0 6
32.0 11.912983425414364 15.085536547433904 273.0 6
33.0 11.8439226519337 14.774494556765164 276.0 6
