---
0 0 76.17403314917127 1.0 36
0 0 0 12 4 0 0 2 0 0 0 0 0 0 0 0 0 0 0 0 0 2 0 0 0 0 0 0 0 0 0 12 0 0 0 0 0 0.23913194126026494 
---
0 1 33.598066298342545 3.0 36
0 4 0 4 0 1 0 0 2 0 0 0 4 0 4 1 4 4 1 11 4 2 4 7 4 2 0 1 2 0 0 7 4 0 0 0 5 0.1239954117677986 
4 2 0 2 1 0 0 0 1 2 4 4 1 2 0 0 0 0 0 1 7 2 0 12 4 2 0 4 0 1 4 4 0 0 0 4 0 0.9288980638176675 
2 2 4 7 0 0 2 7 0 4 0 7 0 2 8 4 5 13 4 7 0 8 0 4 0 0 2 0 0 0 0 1 0 8 0 2 2 0.5928804198073263 
---
0 2 12.396408839779005 8.0 36
0 0 0 0 0 0 1 0 0 4 0 0 4 7 1 0 0 12 0 11 0 4 0 3 0 1 0 11 0 0 0 0 0 0 1 0 5 0.8219589883197498 
0 0 0 4 0 0 0 0 0 7 0 0 0 0 0 0 0 11 0 0 0 0 0 0 0 0 0 0 0 0 2 0 0 0 0 7 4 0.29615910031662684 
0 0 0 4 0 0 0 0 0 0 0 0 0 0 0 0 0 6 0 8 0 0 0 0 0 0 0 0 0 0 2 0 0 0 0 0 1 0.9891605040899563 
0 0 12 0 0 0 4 11 0 12 0 0 0 0 0 0 0 13 0 0 0 0 0 11 0 4 12 0 0 2 0 0 0 0 7 0 3 0.17561821901151697 
2 2 4 7 0 0 4 7 0 4 0 7 0 2 8 4 5 13 4 7 0 8 0 4 0 0 2 0 0 0 0 1 0 8 0 2 2 0.5801895533209667 
4 2 0 2 1 0 0 0 1 2 4 4 1 2 0 0 0 0 0 1 7 2 0 12 4 2 0 4 0 1 4 4 0 0 0 4 0 0.9288980638176675 
0 0 0 7 0 0 0 0 1 0 0 4 0 4 0 0 3 0 0 0 1 0 0 7 1 2 0 7 0 0 0 0 0 0 0 7 0 0.6684152200848548 
0 0 0 8 0 0 0 0 0 0 0 0 0 10 0 0 0 0 0 0 0 0 0 0 0 0 0 0 0 0 0 0 0 0 4 0 1 0.9980911209841847 
---
0 3 33.598066298342545 3.0 36
2 2 4 7 0 0 2 7 0 4 0 7 0 2 8 4 5 13 4 7 0 8 0 4 0 0 2 0 0 0 0 1 0 8 0 2 2 0.5928804198073263 
4 2 0 2 1 0 0 0 1 2 4 4 1 2 0 0 0 0 0 1 7 2 0 12 4 2 0 4 0 1 4 4 0 0 0 4 0 0.9288980638176675 
0 4 0 4 0 1 0 0 2 0 0 0 4 0 4 1 4 4 1 11 4 2 4 7 4 2 0 1 2 0 0 7 4 0 0 0 5 0.1239954117677986 
---
0 4 23.584254143646408 4.0 36
2 2 4 7 0 0 2 7 0 4 0 7 0 2 8 4 5 13 4 7 0 8 0 4 0 0 2 0 0 0 0 1 0 8 0 2 2 0.5928804198073263 
0 0 0 4 0 0 0 0 0 0 0 0 0 0 0 0 0 6 0 8 0 0 0 0 0 0 0 0 0 0 2 0 0 0 0 0 1 0.9953343144915154 
0 4 0 4 0 1 0 0 2 0 0 0 4 0 4 1 4 4 1 11 4 2 4 7 4 2 0 1 2 0 0 7 4 0 0 7 5 0.2291598064576057 
4 2 0 2 1 0 0 0 1 2 4 4 1 2 0 0 0 0 0 1 7 2 0 12 4 2 0 4 0 1 4 4 0 0 0 4 0 0.9288980638176675 
---
0 5 23.584254143646408 4.0 36
2 2 4 7 0 0 2 7 0 4 0 7 0 2 8 4 5 13 4 7 0 8 0 4 0 0 2 0 0 0 0 1 0 8 0 2 2 0.5928804198073263 
0 0 0 4 0 0 0 0 0 0 0 0 0 0 0 0 0 6 0 8 0 0 0 0 0 0 0 0 0 0 2 0 0 0 0 0 1 0.9953343144915154 
0 4 0 4 0 1 0 0 2 0 0 0 4 0 4 1 4 4 1 11 4 2 4 7 4 2 0 1 2 0 0 7 4 0 0 7 5 0.2291598064576057 
4 2 0 2 1 0 0 0 1 2 4 4 1 2 0 0 0 0 0 1 7 2 0 12 4 2 0 4 0 1 4 4 0 0 0 4 0 0.9288980638176675 
---
0 6 17.420580110497237 5.0 36
2 2 4 7 0 0 2 7 0 4 0 7 0 2 8 4 5 13 4 7 0 8 0 4 0 0 2 0 0 0 0 1 0 8 0 2 2 0.5928804198073263 
0 0 0 7 0 0 0 0 1 0 0 4 0 4 0 0 3 0 0 0 1 0 0 7 1 2 0 7 0 0 0 0 0 0 0 7 0 0.6684152200848548 
0 0 0 0 0 0 1 0 0 4 0 0 4 7 1 0 0 12 0 11 0 4 0 3 0 1 0 11 0 0 0 0 0 0 1 0 5 0.8219589883197498 
0 0 0 4 0 0 0 0 0 7 0 0 0 0 0 0 0 11 0 0 0 0 0 0 0 0 0 0 0 0 2 0 0 0 0 7 4 0.29615910031662684 
0 0 0 4 0 0 0 0 0 0 0 0 0 0 0 0 0 6 0 8 0 0 0 0 0 0 0 0 0 0 2 0 0 0 0 0 1 0.9953343144915154 
---
0 7 17.420580110497237 5.0 36
2 2 4 7 0 0 2 7 0 4 0 7 0 2 8 4 5 13 4 7 0 8 0 4 0 0 2 0 0 0 0 1 0 8 0 2 2 0.5928804198073263 
0 0 0 7 0 0 0 0 1 0 0 4 0 4 0 0 3 0 0 0 1 0 0 7 1 2 0 7 0 0 0 0 0 0 0 7 0 0.6684152200848548 
0 0 0 0 0 0 1 0 0 4 0 0 4 7 1 0 0 12 0 11 0 4 0 3 0 1 0 11 0 0 0 0 0 0 1 0 5 0.8219589883197498 
0 0 0 4 0 0 0 0 0 7 0 0 0 0 0 0 0 11 0 0 0 0 0 0 0 0 0 0 0 0 2 0 0 0 0 7 4 0.29615910031662684 
0 0 0 4 0 0 0 0 0 0 0 0 0 0 0 0 0 6 0 8 0 0 0 0 0 0 0 0 0 0 2 0 0 0 0 0 1 0.9953343144915154 
---
0 8 14.312845303867402 6.0 36
0 0 0 0 0 0 1 0 0 4 0 0 4 7 1 0 0 12 0 11 0 4 0 3 0 1 0 11 0 0 0 0 0 0 1 0 5 0.8219589883197498 
2 2 4 7 0 0 4 7 0 4 0 7 0 2 8 4 5 13 4 7 0 8 0 4 0 0 2 0 0 0 0 1 0 8 0 2 2 0.5801895533209667 
0 0 0 7 0 0 0 0 1 0 0 4 0 4 0 0 3 0 0 0 1 0 0 7 1 2 0 7 0 0 0 0 0 0 0 7 0 0.6684152200848548 
0 0 0 4 0 0 0 0 0 7 0 0 0 0 0 0 0 11 0 0 0 0 0 0 0 0 0 0 0 0 2 0 0 0 0 7 4 0.29615910031662684 
0 0 12 0 0 0 4 11 0 12 0 0 0 0 0 0 0 13 0 0 0 0 0 11 0 4 12 0 0 2 0 0 0 0 7 0 3 0.17561821901151697 
0 0 0 4 0 0 0 0 0 0 0 0 0 0 0 0 0 6 0 8 0 0 0 0 0 0 0 0 0 0 2 0 0 0 0 0 1 0.9891605040899563 
---
0 9 14.312845303867402 6.0 36
0 0 0 0 0 0 1 0 0 4 0 0 4 7 1 0 0 12 0 11 0 4 0 3 0 1 0 11 0 0 0 0 0 0 1 0 5 0.8219589883197498 
2 2 4 7 0 0 4 7 0 4 0 7 0 2 8 4 5 13 4 7 0 8 0 4 0 0 2 0 0 0 0 1 0 8 0 2 2 0.5801895533209667 
0 0 0 7 0 0 0 0 1 0 0 4 0 4 0 0 3 0 0 0 1 0 0 7 1 2 0 7 0 0 0 0 0 0 0 7 0 0.6684152200848548 
0 0 0 4 0 0 0 0 0 7 0 0 0 0 0 0 0 11 0 0 0 0 0 0 0 0 0 0 0 0 2 0 0 0 0 7 4 0.29615910031662684 
0 0 12 0 0 0 4 11 0 12 0 0 0 0 0 0 0 13 0 0 0 0 0 11 0 4 12 0 0 2 0 0 0 0 7 0 3 0.17561821901151697 
0 0 0 4 0 0 0 0 0 0 0 0 0 0 0 0 0 6 0 8 0 0 0 0 0 0 0 0 0 0 2 0 0 0 0 0 1 0.9891605040899563 
---
0 10 12.689917127071823 7.0 36
0 0 0 7 0 0 0 0 1 0 0 4 0 4 0 0 3 0 0 0 1 0 0 7 1 2 0 7 0 0 0 0 0 0 0 7 0 0.6684152200848548 
4 2 0 2 1 0 0 0 1 2 4 4 1 2 0 0 0 0 0 1 7 2 0 12 4 2 0 4 0 1 4 4 0 0 0 4 0 0.9288980638176675 
0 0 12 0 0 0 4 11 0 12 0 0 0 0 0 0 0 13 0 0 0 0 0 11 0 4 12 0 0 2 0 0 0 0 7 0 3 0.17561821901151697 
0 0 0 0 0 0 1 0 0 4 0 0 4 7 1 0 0 12 0 11 0 4 0 3 0 1 0 11 0 0 0 0 0 0 1 0 5 0.8219589883197498 
0 0 0 4 0 0 0 0 0 7 0 0 0 0 0 0 0 11 0 0 0 0 0 0 0 0 0 0 0 0 2 0 0 0 0 7 4 0.29615910031662684 
0 0 0 4 0 0 0 0 0 0 0 0 0 0 0 0 0 6 0 8 0 0 0 0 0 0 0 0 0 0 2 0 0 0 0 0 1 0.9891605040899563 
2 2 4 7 0 0 4 7 0 4 0 7 0 2 8 4 5 13 4 7 0 8 0 4 0 0 2 0 0 0 0 1 0 8 0 2 2 0.5801895533209667 
---
0 11 12.689917127071823 7.0 36
0 0 0 7 0 0 0 0 1 0 0 4 0 4 0 0 3 0 0 0 1 0 0 7 1 2 0 7 0 0 0 0 0 0 0 7 0 0.6684152200848548 
4 2 0 2 1 0 0 0 1 2 4 4 1 2 0 0 0 0 0 1 7 2 0 12 4 2 0 4 0 1 4 4 0 0 0 4 0 0.9288980638176675 
0 0 12 0 0 0 4 11 0 12 0 0 0 0 0 0 0 13 0 0 0 0 0 11 0 4 12 0 0 2 0 0 0 0 7 0 3 0.17561821901151697 
0 0 0 0 0 0 1 0 0 4 0 0 4 7 1 0 0 12 0 11 0 4 0 3 0 1 0 11 0 0 0 0 0 0 1 0 5 0.8219589883197498 
0 0 0 4 0 0 0 0 0 7 0 0 0 0 0 0 0 11 0 0 0 0 0 0 0 0 0 0 0 0 2 0 0 0 0 7 4 0.29615910031662684 
0 0 0 4 0 0 0 0 0 0 0 0 0 0 0 0 0 6 0 8 0 0 0 0 0 0 0 0 0 0 2 0 0 0 0 0 1 0.9891605040899563 
2 2 4 7 0 0 4 7 0 4 0 7 0 2 8 4 5 13 4 7 0 8 0 4 0 0 2 0 0 0 0 1 0 8 0 2 2 0.5801895533209667 
---
0 12 12.396408839779005 8.0 36
0 0 0 0 0 0 1 0 0 4 0 0 4 7 1 0 0 12 0 11 0 4 0 3 0 1 0 11 0 0 0 0 0 0 1 0 5 0.8219589883197498 
0 0 0 4 0 0 0 0 0 7 0 0 0 0 0 0 0 11 0 0 0 0 0 0 0 0 0 0 0 0 2 0 0 0 0 7 4 0.29615910031662684 
0 0 0 4 0 0 0 0 0 0 0 0 0 0 0 0 0 6 0 8 0 0 0 0 0 0 0 0 0 0 2 0 0 0 0 0 1 0.9891605040899563 
0 0 12 0 0 0 4 11 0 12 0 0 0 0 0 0 0 13 0 0 0 0 0 11 0 4 12 0 0 2 0 0 0 0 7 0 3 0.17561821901151697 
2 2 4 7 0 0 4 7 0 4 0 7 0 2 8 4 5 13 4 7 0 8 0 4 0 0 2 0 0 0 0 1 0 8 0 2 2 0.5801895533209667 
4 2 0 2 1 0 0 0 1 2 4 4 1 2 0 0 0 0 0 1 7 2 0 12 4 2 0 4 0 1 4 4 0 0 0 4 0 0.9288980638176675 
0 0 0 7 0 0 0 0 1 0 0 4 0 4 0 0 3 0 0 0 1 0 0 7 1 2 0 7 0 0 0 0 0 0 0 7 0 0.6684152200848548 
0 0 0 8 0 0 0 0 0 0 0 0 0 10 0 0 0 0 0 0 0 0 0 0 0 0 0 0 0 0 0 0 0 0 4 0 1 0.9980911209841847 
---
0 13 76.17403314917127 1.0 36
0 0 0 12 4 4 0 2 0 0 0 0 0 0 0 0 0 0 0 0 0 2 0 0 0 0 0 0 0 0 0 12 0 0 0 0 0 0.05901013901819285 
---
0 14 33.598066298342545 3.0 36
0 4 0 4 0 1 0 0 2 0 0 0 4 0 4 1 4 4 1 11 4 2 4 7 4 2 0 1 2 0 0 7 4 0 0 0 5 0.1239954117677986 
4 2 0 2 1 0 0 0 1 2 4 4 1 2 0 0 0 0 0 1 7 2 0 12 4 2 0 4 0 1 4 4 0 0 0 4 0 0.9288980638176675 
2 2 4 7 0 0 2 7 0 4 0 7 0 2 8 4 5 13 4 7 0 8 0 4 0 0 2 0 0 0 0 1 0 8 0 2 2 0.5928804198073263 
---
0 15 23.584254143646408 4.0 36
0 4 0 4 0 1 0 0 2 0 0 0 4 0 4 1 4 4 1 11 4 2 4 7 4 2 0 1 2 0 0 7 4 0 0 7 5 0.2291598064576057 
2 2 4 7 0 0 2 7 0 4 0 7 0 2 8 4 5 13 4 7 0 8 0 4 0 0 2 0 0 0 0 1 0 8 0 2 2 0.5928804198073263 
0 0 0 4 0 0 0 0 0 0 0 0 0 0 0 0 0 6 0 8 0 0 0 0 0 0 0 0 0 0 2 0 0 0 0 0 1 0.9953343144915154 
4 2 0 2 1 0 0 0 1 2 4 4 1 2 0 0 0 0 0 1 7 2 0 12 4 2 0 4 0 1 4 4 0 0 0 4 0 0.9288980638176675 
---
0 16 17.420580110497237 5.0 36
0 0 0 4 0 0 0 0 0 7 0 0 0 0 0 0 0 11 0 0 0 0 0 0 0 0 0 0 0 0 2 0 0 0 0 7 4 0.29615910031662684 
0 0 0 4 0 0 0 0 0 0 0 0 0 0 0 0 0 6 0 8 0 0 0 0 0 0 0 0 0 0 2 0 0 0 0 0 1 0.9953343144915154 
2 2 4 7 0 0 2 7 0 4 0 7 0 2 8 4 5 13 4 7 0 8 0 4 0 0 2 0 0 0 0 1 0 8 0 2 2 0.5928804198073263 
0 0 0 7 0 0 0 0 1 0 0 4 0 4 0 0 3 0 0 0 1 0 0 7 1 2 0 7 0 0 0 0 0 0 0 7 0 0.6684152200848548 
0 0 0 0 0 0 1 0 0 4 0 0 4 7 1 0 0 12 0 11 0 4 0 3 0 1 0 11 0 0 0 0 0 0 1 0 5 0.8219589883197498 
---
0 17 14.312845303867402 6.0 36
0 0 0 0 0 0 1 0 0 4 0 0 4 7 1 0 0 12 0 11 0 4 0 3 0 1 0 11 0 0 0 0 0 0 1 0 5 0.8219589883197498 
2 2 4 7 0 0 4 7 0 4 0 7 0 2 8 4 5 13 4 7 0 8 0 4 0 0 2 0 0 0 0 1 0 8 0 2 2 0.5801895533209667 
0 0 0 7 0 0 0 0 1 0 0 4 0 4 0 0 3 0 0 0 1 0 0 7 1 2 0 7 0 0 0 0 0 0 0 7 0 0.6684152200848548 
0 0 12 0 0 0 4 11 0 12 0 0 0 0 0 0 0 13 0 0 0 0 0 11 0 4 12 0 0 2 0 0 0 0 7 0 3 0.17561821901151697 
0 0 0 4 0 0 0 0 0 7 0 0 0 0 0 0 0 11 0 0 0 0 0 0 0 0 0 0 0 0 2 0 0 0 0 7 4 0.29615910031662684 
0 0 0 4 0 0 0 0 0 0 0 0 0 0 0 0 0 6 0 8 0 0 0 0 0 0 0 0 0 0 2 0 0 0 0 0 1 0.9891605040899563 
---
0 18 12.689917127071823 7.0 36
2 2 4 7 0 0 4 7 0 4 0 7 0 2 8 4 5 13 4 7 0 8 0 4 0 0 2 0 0 0 0 1 0 8 0 2 2 0.5801895533209667 
0 0 12 0 0 0 4 11 0 12 0 0 0 0 0 0 0 13 0 0 0 0 0 11 0 4 12 0 0 2 0 0 0 0 7 0 3 0.17561821901151697 
0 0 0 0 0 0 1 0 0 4 0 0 4 7 1 0 0 12 0 11 0 4 0 3 0 1 0 11 0 0 0 0 0 0 1 0 5 0.8219589883197498 
0 0 0 7 0 0 0 0 1 0 0 4 0 4 0 0 3 0 0 0 1 0 0 7 1 2 0 7 0 0 0 0 0 0 0 7 0 0.6684152200848548 
0 0 0 4 0 0 0 0 0 7 0 0 0 0 0 0 0 11 0 0 0 0 0 0 0 0 0 0 0 0 2 0 0 0 0 7 4 0.29615910031662684 
0 0 0 4 0 0 0 0 0 0 0 0 0 0 0 0 0 6 0 8 0 0 0 0 0 0 0 0 0 0 2 0 0 0 0 0 1 0.9891605040899563 
4 2 0 2 1 0 0 0 1 2 4 4 1 2 0 0 0 0 0 1 7 2 0 12 4 2 0 4 0 1 4 4 0 0 0 4 0 0.9288980638176675 
---
0 19 76.2085635359116 1.0 36
0 0 0 12 4 0 0 2 0 0 0 0 0 0 0 0 0 8 0 0 0 2 0 0 0 0 0 0 0 0 0 12 0 0 0 0 0 0.07468846179513733 
---
0 20 23.584254143646408 4.0 36
2 2 4 7 0 0 2 7 0 4 0 7 0 2 8 4 5 13 4 7 0 8 0 4 0 0 2 0 0 0 0 1 0 8 0 2 2 0.5928804198073263 
0 0 0 4 0 0 0 0 0 0 0 0 0 0 0 0 0 6 0 8 0 0 0 0 0 0 0 0 0 0 2 0 0 0 0 0 1 0.9953343144915154 
0 4 0 4 0 1 0 0 2 0 0 0 4 0 4 1 4 4 1 11 4 2 4 7 4 2 0 1 2 0 0 7 4 0 0 7 5 0.2291598064576057 
4 2 0 2 1 0 0 0 1 2 4 4 1 2 0 0 0 0 0 1 7 2 0 12 4 2 0 4 0 1 4 4 0 0 0 4 0 0.9288980638176675 
---
0 21 17.420580110497237 5.0 36
2 2 4 7 0 0 2 7 0 4 0 7 0 2 8 4 5 13 4 7 0 8 0 4 0 0 2 0 0 0 0 1 0 8 0 2 2 0.5928804198073263 
0 0 0 7 0 0 0 0 1 0 0 4 0 4 0 0 3 0 0 0 1 0 0 7 1 2 0 7 0 0 0 0 0 0 0 7 0 0.6684152200848548 
0 0 0 0 0 0 1 0 0 4 0 0 4 7 1 0 0 12 0 11 0 4 0 3 0 1 0 11 0 0 0 0 0 0 1 0 5 0.8219589883197498 
0 0 0 4 0 0 0 0 0 7 0 0 0 0 0 0 0 11 0 0 0 0 0 0 0 0 0 0 0 0 2 0 0 0 0 7 4 0.29615910031662684 
0 0 0 4 0 0 0 0 0 0 0 0 0 0 0 0 0 6 0 8 0 0 0 0 0 0 0 0 0 0 2 0 0 0 0 0 1 0.9953343144915154 
---
0 22 14.312845303867402 6.0 36
0 0 0 0 0 0 1 0 0 4 0 0 4 7 1 0 0 12 0 11 0 4 0 3 0 1 0 11 0 0 0 0 0 0 1 0 5 0.8219589883197498 
2 2 4 7 0 0 4 7 0 4 0 7 0 2 8 4 5 13 4 7 0 8 0 4 0 0 2 0 0 0 0 1 0 8 0 2 2 0.5801895533209667 
0 0 0 7 0 0 0 0 1 0 0 4 0 4 0 0 3 0 0 0 1 0 0 7 1 2 0 7 0 0 0 0 0 0 0 7 0 0.6684152200848548 
0 0 0 4 0 0 0 0 0 7 0 0 0 0 0 0 0 11 0 0 0 0 0 0 0 0 0 0 0 0 2 0 0 0 0 7 4 0.29615910031662684 
0 0 12 0 0 0 4 11 0 12 0 0 0 0 0 0 0 13 0 0 0 0 0 11 0 4 12 0 0 2 0 0 0 0 7 0 3 0.17561821901151697 
0 0 0 4 0 0 0 0 0 0 0 0 0 0 0 0 0 6 0 8 0 0 0 0 0 0 0 0 0 0 2 0 0 0 0 0 1 0.9848167531255609 
---
0 23 12.689917127071823 7.0 36
2 2 4 7 0 0 4 7 0 4 0 7 0 2 8 4 5 13 4 7 0 8 0 4 0 0 2 0 0 0 0 1 0 8 0 2 2 0.5801895533209667 
0 0 12 0 0 0 4 11 0 12 0 0 0 0 0 0 0 13 0 0 0 0 0 11 0 4 12 0 0 2 0 0 0 0 7 0 3 0.17561821901151697 
0 0 0 0 0 0 1 0 0 4 0 0 4 7 1 0 0 12 0 11 0 4 0 3 0 1 0 11 0 0 0 0 0 0 1 0 5 0.8219589883197498 
0 0 0 7 0 0 0 0 1 0 0 4 0 4 0 0 3 0 0 0 1 0 0 7 1 2 0 7 0 0 0 0 0 0 0 7 0 0.6684152200848548 
0 0 0 4 0 0 0 0 0 7 0 0 0 0 0 0 0 11 0 0 0 0 0 0 0 0 0 0 0 0 2 0 0 0 0 7 4 0.29615910031662684 
0 0 0 4 0 0 0 0 0 0 0 0 0 0 0 0 0 6 0 8 0 0 0 0 0 0 0 0 0 0 2 0 0 0 0 0 1 0.9891605040899563 
4 2 0 2 1 0 0 0 1 2 4 4 1 2 0 0 0 0 0 1 7 2 0 12 4 2 0 4 0 1 4 4 0 0 0 4 0 0.9288980638176675 
---
0 24 76.17403314917127 1.0 36
0 0 0 12 4 0 0 2 0 0 0 0 0 0 0 0 0 0 0 0 0 2 0 0 0 0 0 0 0 0 0 12 0 0 0 0 0 0.23913194126026494 
---
0 25 23.584254143646408 4.0 36
2 2 4 7 0 0 2 7 0 4 0 7 0 2 8 4 5 13 4 7 0 8 0 4 0 0 2 0 0 0 0 1 0 8 0 2 2 0.5928804198073263 
0 0 0 4 0 0 0 0 0 0 0 0 0 0 0 0 0 6 0 8 0 0 0 0 0 0 0 0 0 0 2 0 0 0 0 0 1 0.9953343144915154 
0 4 0 4 0 1 0 0 2 0 0 0 4 0 4 1 4 4 1 11 4 2 4 7 4 2 0 1 2 0 0 7 4 0 0 7 5 0.2291598064576057 
4 2 0 2 1 0 0 0 1 2 4 4 1 2 0 0 0 0 0 1 7 2 0 12 4 2 0 4 0 1 4 4 0 0 0 4 0 0.9288980638176675 
---
0 26 17.420580110497237 5.0 36
2 2 4 7 0 0 2 7 0 4 0 7 0 2 8 4 5 13 4 7 0 8 0 4 0 0 2 0 0 0 0 1 0 8 0 2 2 0.5928804198073263 
0 0 0 7 0 0 0 0 1 0 0 4 0 4 0 0 3 0 0 0 1 0 0 7 1 2 0 7 0 0 0 0 0 0 0 7 0 0.6684152200848548 
0 0 0 0 0 0 1 0 0 4 0 0 4 7 1 0 0 12 0 11 0 4 0 3 0 1 0 11 0 0 0 0 0 0 1 0 5 0.8219589883197498 
0 0 0 4 0 0 0 0 0 7 0 0 0 0 0 0 0 11 0 0 0 0 0 0 0 0 0 0 0 0 2 0 0 0 0 7 4 0.29615910031662684 
0 0 0 4 0 0 0 0 0 0 0 0 0 0 0 0 0 6 0 8 0 0 0 0 0 0 0 0 0 0 2 0 0 0 0 0 1 0.9953343144915154 
---
0 27 14.312845303867402 6.0 36
0 0 0 0 0 0 1 0 0 4 0 0 4 7 1 0 0 12 0 11 0 4 0 3 0 1 0 11 0 0 0 0 0 0 1 0 5 0.8219589883197498 
2 2 4 7 0 0 4 7 0 4 0 7 0 2 8 4 5 13 4 7 0 8 0 4 0 0 2 0 0 0 0 1 0 8 0 2 2 0.5801895533209667 
0 0 0 7 0 0 0 0 1 0 0 4 0 4 0 0 3 0 0 0 1 0 0 7 1 2 0 7 0 0 0 0 0 0 0 7 0 0.6684152200848548 
0 0 12 0 0 0 4 11 0 12 0 0 0 0 0 0 0 13 0 0 0 0 0 11 0 4 12 0 0 2 0 0 0 0 7 0 3 0.17561821901151697 
0 0 0 4 0 0 0 0 0 7 0 0 0 0 0 0 0 11 0 0 0 0 0 0 0 0 0 0 0 0 2 0 0 0 0 7 4 0.29615910031662684 
0 0 0 4 0 0 0 0 0 0 0 0 0 0 0 0 0 6 0 8 0 0 0 0 0 0 0 0 0 0 2 0 0 0 0 0 1 0.9891605040899563 
---
0 28 12.689917127071823 7.0 36
2 2 4 7 0 0 4 7 0 4 0 7 0 2 8 4 5 13 4 7 0 8 0 4 0 0 2 0 0 0 0 1 0 8 0 2 2 0.5801895533209667 
0 0 12 0 0 0 4 11 0 12 0 0 0 0 0 0 0 13 0 0 0 0 0 11 0 4 12 0 0 2 0 0 0 0 7 0 3 0.17561821901151697 
0 0 0 0 0 0 1 0 0 4 0 0 4 7 1 0 0 12 0 11 0 4 0 3 0 1 0 11 0 0 0 0 0 0 1 0 5 0.8219589883197498 
0 0 0 7 0 0 0 0 1 0 0 4 0 4 0 0 3 0 0 0 1 0 0 7 1 2 0 7 0 0 0 0 0 0 0 7 0 0.6684152200848548 
0 0 0 4 0 0 0 0 0 7 0 0 0 0 0 0 0 11 0 0 0 0 0 0 0 0 0 0 0 0 2 0 0 0 0 7 4 0.29615910031662684 
0 0 0 4 0 0 0 0 0 0 0 0 0 0 0 0 0 6 0 8 0 0 0 0 0 0 0 0 0 0 2 0 0 0 0 0 1 0.9891605040899563 
4 2 0 2 1 0 0 0 1 2 4 4 1 2 0 0 0 0 0 1 7 2 0 12 4 2 0 4 0 1 4 4 0 0 0 4 0 0.9288980638176675 
---
0 29 76.17403314917127 1.0 36
0 0 0 12 4 0 0 2 0 0 0 0 0 0 0 0 0 0 0 0 0 2 0 0 0 0 0 0 0 0 0 12 0 0 0 0 0 0.23913194126026494 
---
0 30 23.584254143646408 4.0 36
2 2 4 7 0 0 2 7 0 4 0 7 0 2 8 4 5 13 4 7 0 8 0 4 0 0 2 0 0 0 0 1 0 8 0 2 2 0.5928804198073263 
0 0 0 4 0 0 0 0 0 0 0 0 0 0 0 0 0 6 0 8 0 0 0 0 0 0 0 0 0 0 2 0 0 0 0 0 1 0.9953343144915154 
0 4 0 4 0 1 0 0 2 0 0 0 4 0 4 1 4 4 1 11 4 2 4 7 4 2 0 1 2 0 0 7 4 0 0 7 5 0.2291598064576057 
4 2 0 2 1 0 0 0 1 2 4 4 1 2 0 0 0 0 0 1 7 2 0 12 4 2 0 4 0 1 4 4 0 0 0 4 0 0.9288980638176675 
---
0 31 17.420580110497237 5.0 36
0 0 0 4 0 0 0 0 0 7 0 0 0 0 0 0 0 11 0 0 0 0 0 0 0 0 0 0 0 0 2 0 0 0 0 7 4 0.29615910031662684 
0 0 0 4 0 0 0 0 0 0 0 0 0 0 0 0 0 6 0 8 0 0 0 0 0 0 0 0 0 0 2 0 0 0 0 0 1 0.9953343144915154 
2 2 4 7 0 0 2 7 0 4 0 7 0 2 8 4 5 13 4 7 0 8 0 4 0 0 2 0 0 0 0 1 0 8 0 2 2 0.5928804198073263 
0 0 0 7 0 0 0 0 1 0 0 4 0 4 0 0 3 0 0 0 1 0 0 7 1 2 0 7 0 0 0 0 0 0 0 7 0 0.6684152200848548 
0 0 0 0 0 0 1 0 0 4 0 0 4 7 1 0 0 12 0 11 0 4 0 3 0 1 0 11 0 0 0 0 0 0 1 0 5 0.8219589883197498 
---
0 32 14.312845303867402 6.0 36
0 0 0 0 0 0 1 0 0 4 0 0 4 7 1 0 0 12 0 11 0 4 0 3 0 1 0 11 0 0 0 0 0 0 1 0 5 0.8219589883197498 
2 2 4 7 0 0 4 7 0 4 0 7 0 2 8 4 5 13 4 7 0 8 0 4 0 0 2 0 0 0 0 1 0 8 0 2 2 0.5801895533209667 
0 0 0 7 0 0 0 0 1 0 0 4 0 4 0 0 3 0 0 0 1 0 0 7 1 2 0 7 0 0 0 0 0 0 0 7 0 0.6684152200848548 
0 0 12 0 0 0 4 11 0 12 0 0 0 0 0 0 0 13 0 0 0 0 0 11 0 4 12 0 0 2 0 0 0 0 7 0 3 0.17561821901151697 
0 0 0 4 0 0 0 0 0 7 0 0 0 0 0 0 0 11 0 0 0 0 0 0 0 0 0 0 0 0 2 0 0 0 0 7 4 0.29615910031662684 
0 0 0 4 0 0 0 0 0 0 0 0 0 0 0 0 0 6 0 8 0 0 0 0 0 0 0 0 0 0 2 0 0 0 0 0 1 0.9891605040899563 
---
0 33 12.689917127071823 7.0 36
2 2 4 7 0 0 4 7 0 4 0 7 0 2 8 4 5 13 4 7 0 8 0 4 0 0 2 0 0 0 0 1 0 8 0 2 2 0.5801895533209667 
0 0 12 0 0 0 4 11 0 12 0 0 0 0 0 0 0 13 0 0 0 0 0 11 0 4 12 0 0 2 0 0 0 0 7 0 3 0.17561821901151697 
0 0 0 0 0 0 1 0 0 4 0 0 4 7 1 0 0 12 0 11 0 4 0 3 0 1 0 11 0 0 0 0 0 0 1 0 5 0.8219589883197498 
0 0 0 7 0 0 0 0 1 0 0 4 0 4 0 0 3 0 0 0 1 0 0 7 1 2 0 7 0 0 0 0 0 0 0 7 0 0.6684152200848548 
0 0 0 4 0 0 0 0 0 7 0 0 0 0 0 0 0 11 0 0 0 0 0 0 0 0 0 0 0 0 2 0 0 0 0 7 4 0.29615910031662684 
0 0 0 4 0 0 0 0 0 0 0 0 0 0 0 0 0 6 0 8 0 0 0 0 0 0 0 0 0 0 2 0 0 0 0 0 1 0.9891605040899563 
4 2 0 2 1 0 0 0 1 2 4 4 1 2 0 0 0 0 0 1 7 2 0 12 4 2 0 4 0 1 4 4 0 0 0 4 0 0.9288980638176675 
---
0 34 76.17403314917127 1.0 36
0 0 0 12 4 0 0 2 0 0 0 0 0 0 0 0 0 0 0 0 0 2 0 0 0 0 0 0 0 0 0 12 0 0 0 0 0 0.23913194126026494 
---
0 35 23.584254143646408 4.0 36
2 2 4 7 0 0 2 7 0 4 0 7 0 2 8 4 5 13 4 7 0 8 0 4 0 0 2 0 0 0 0 1 0 8 0 2 2 0.5928804198073263 
0 0 0 4 0 0 0 0 0 0 0 0 0 0 0 0 0 6 0 8 0 0 0 0 0 0 0 0 0 0 2 0 0 0 0 0 1 0.9953343144915154 
0 4 0 4 0 1 0 0 2 0 0 0 4 0 4 1 4 4 1 11 4 2 4 7 4 2 0 1 2 0 0 7 4 0 0 7 5 0.2291598064576057 
4 2 0 2 1 0 0 0 1 2 4 4 1 2 0 0 0 0 0 1 7 2 0 12 4 2 0 4 0 1 4 4 0 0 0 4 0 0.9288980638176675 
---
0 36 17.420580110497237 5.0 36
2 2 4 7 0 0 2 7 0 4 0 7 0 2 8 4 5 13 4 7 0 8 0 4 0 0 2 0 0 0 0 1 0 8 0 2 2 0.5928804198073263 
0 0 0 7 0 0 0 0 1 0 0 4 0 4 0 0 3 0 0 0 1 0 0 7 1 2 0 7 0 0 0 0 0 0 0 7 0 0.6684152200848548 
0 0 0 0 0 0 1 0 0 4 0 0 4 7 1 0 0 12 0 11 0 4 0 3 0 1 0 11 0 0 0 0 0 0 1 0 5 0.8219589883197498 
0 0 0 4 0 0 0 0 0 7 0 0 0 0 0 0 0 11 0 0 0 0 0 0 0 0 0 0 0 0 2 0 0 0 0 7 4 0.29615910031662684 
0 0 0 4 0 0 0 0 0 0 0 0 0 0 0 0 0 6 0 8 0 0 0 0 0 0 0 0 0 0 2 0 0 0 0 0 1 0.9953343144915154 
---
0 37 14.312845303867402 6.0 36
0 0 0 0 0 0 1 0 0 4 0 0 4 7 1 0 0 12 0 11 0 4 0 3 0 1 0 11 0 0 0 0 0 0 1 0 5 0.8219589883197498 
2 2 4 7 0 0 4 7 0 4 0 7 0 2 8 4 5 13 4 7 0 8 0 4 0 0 2 0 0 0 0 1 0 8 0 2 2 0.5801895533209667 
0 0 0 7 0 0 0 0 1 0 0 4 0 4 0 0 3 0 0 0 1 0 0 7 1 2 0 7 0 0 0 0 0 0 0 7 0 0.6684152200848548 
0 0 0 4 0 0 0 0 0 7 0 0 0 0 0 0 0 11 0 0 0 0 0 0 0 0 0 0 0 0 2 0 0 0 0 7 4 0.29615910031662684 
0 0 12 0 0 0 4 11 0 12 0 0 0 0 0 0 0 13 0 0 0 0 0 11 0 4 12 0 0 2 0 0 0 0 7 0 3 0.17561821901151697 
0 0 0 4 0 0 0 0 0 0 0 0 0 0 0 0 0 6 0 8 0 0 0 0 0 0 0 0 0 0 2 0 0 0 0 0 1 0.9891605040899563 
---
0 38 17.420580110497237 5.0 36
2 2 4 7 0 0 2 7 0 4 0 7 0 2 8 4 5 13 4 7 0 8 0 4 0 0 2 0 0 0 0 1 0 8 0 2 2 0.5928804198073263 
0 0 0 7 0 0 0 0 1 0 0 4 0 4 0 0 3 0 0 0 1 0 0 7 1 2 0 7 0 0 0 0 0 0 0 7 0 0.6684152200848548 
0 0 0 0 0 0 1 0 0 4 0 0 4 7 1 0 0 12 0 11 0 4 0 3 0 1 0 11 0 0 0 0 0 0 1 0 5 0.8219589883197498 
0 0 0 4 0 0 0 0 0 7 0 0 0 0 0 0 0 11 0 0 0 0 0 0 0 0 0 0 0 0 2 0 0 0 0 7 4 0.29615910031662684 
0 0 0 4 0 0 0 0 0 0 0 0 0 0 0 0 0 6 0 8 0 0 0 0 0 0 0 0 0 0 2 0 0 0 0 0 1 0.9953343144915154 
---
0 39 52.91781767955801 2.0 36
0 4 0 0 0 1 0 0 2 0 0 0 4 0 4 1 4 4 1 11 4 2 4 7 4 2 0 1 2 0 0 7 4 0 0 0 5 0.20754168448972443 
4 2 0 2 1 0 0 0 1 2 4 4 1 2 0 0 0 0 0 1 7 2 0 12 4 2 0 4 0 1 4 4 0 0 0 4 0 0.9288980638176675 
---
1 0 76.17403314917127 1.0 36
0 0 0 0 0 0 0 0 0 0 0 0 0 0 0 4 0 0 2 0 4 0 2 0 1 0 0 0 0 0 0 0 4 0 0 0 0 0.0517081251696081 
---
1 1 24.24033149171271 4.0 36
1 2 1 0 2 0 1 12 1 2 4 7 4 2 4 2 5 0 0 7 2 0 0 0 1 1 2 4 2 4 0 2 0 2 0 2 2 0.2612600108937777 
0 0 0 4 0 0 0 0 0 0 0 0 0 0 0 0 0 6 0 8 0 0 0 0 0 0 0 0 0 0 2 0 0 0 0 0 1 0.981545071601406 
2 4 4 0 1 4 1 4 0 0 1 4 4 2 1 1 12 12 7 2 0 4 4 7 0 4 4 1 2 4 1 1 4 2 2 7 5 0.41713415204862414 
1 4 0 0 1 4 1 12 1 2 4 1 4 0 2 2 0 0 2 7 7 4 2 12 1 2 0 4 1 4 1 2 0 4 0 2 0 0.777610079345478 
---
1 2 53.07320441988951 2.0 36
2 4 4 0 1 4 1 4 0 0 1 4 4 2 1 1 12 12 7 2 0 4 4 7 0 4 4 1 2 4 1 1 4 2 2 7 5 0.41713415204862414 
1 4 0 0 1 4 1 12 1 2 4 1 4 0 2 2 0 0 2 7 7 4 2 12 1 2 0 4 1 4 1 2 0 4 0 2 0 0.777610079345478 
---
1 3 17.334254143646408 5.0 36
0 0 0 0 0 0 1 0 0 4 0 0 4 7 1 0 0 12 0 11 0 4 0 3 0 4 0 11 0 0 0 0 0 0 1 0 5 0.8392110664772313 
2 2 4 7 0 0 4 7 0 4 0 7 0 2 8 4 5 13 4 7 0 8 0 4 0 0 2 1 0 0 0 1 0 8 0 2 2 0.48398092869786913 
0 0 0 7 0 0 0 0 1 0 0 4 0 4 0 0 3 0 0 0 1 0 0 7 1 2 0 7 0 0 0 0 0 0 0 7 0 0.6684152200848548 
0 0 0 4 0 0 0 0 0 7 0 0 0 0 0 0 0 11 0 0 0 0 0 0 0 0 0 0 0 0 2 0 0 0 0 7 4 0.29615910031662684 
0 0 0 4 0 0 0 0 0 0 0 0 0 0 0 0 0 6 0 8 0 0 0 0 0 0 0 0 0 0 2 0 0 0 0 0 1 0.9891605040899563 
---
1 4 53.07320441988951 2.0 36
2 4 4 0 1 4 1 4 0 0 1 4 4 2 1 1 12 12 7 2 0 4 4 7 0 4 4 1 2 4 1 1 4 2 2 7 5 0.41713415204862414 
1 4 0 0 1 4 1 12 1 2 4 1 4 0 2 2 0 0 2 7 7 4 2 12 1 2 0 4 1 4 1 2 0 4 0 2 0 0.777610079345478 
---
1 5 34.06422651933701 3.0 36
2 4 4 7 1 4 1 4 0 0 1 4 4 2 1 1 12 12 7 2 0 4 4 7 0 4 4 1 2 4 1 1 4 2 2 7 5 0.3890629026828184 
1 4 0 0 1 4 1 12 1 2 4 1 4 0 2 2 0 0 2 7 7 4 2 12 1 2 0 4 1 4 1 2 0 4 0 2 0 0.777610079345478 
1 2 1 0 2 0 1 12 1 2 4 7 4 2 4 2 5 0 0 7 2 0 0 0 1 1 2 4 2 4 0 2 0 2 0 2 2 0.2612600108937777 
---
1 6 14.312845303867402 6.0 36
0 0 0 0 0 0 1 0 0 4 0 0 4 7 1 0 0 12 0 11 0 4 0 3 0 1 0 11 0 0 0 0 0 0 1 0 5 0.8219589883197498 
2 2 4 7 0 0 4 7 0 4 0 7 0 2 8 4 5 13 4 7 0 8 0 4 0 0 2 0 0 0 0 1 0 8 0 2 2 0.5801895533209667 
0 0 0 7 0 0 0 0 1 0 0 4 0 4 0 0 3 0 0 0 1 0 0 7 1 2 0 7 0 0 0 0 0 0 0 7 0 0.6684152200848548 
0 0 12 0 0 0 4 11 0 12 0 0 0 0 0 0 0 13 0 0 0 0 0 11 0 4 12 0 0 2 0 0 0 0 7 0 3 0.17561821901151697 
0 0 0 4 0 0 0 0 0 7 0 0 0 0 0 0 0 11 0 0 0 0 0 0 0 0 0 0 0 0 2 0 0 0 0 7 4 0.29615910031662684 
0 0 0 4 0 0 0 0 0 0 0 0 0 0 0 0 0 6 0 8 0 0 0 0 0 0 0 0 0 0 2 0 0 0 0 0 1 0.9891605040899563 
---
1 7 14.312845303867402 6.0 36
0 0 0 0 0 0 1 0 0 4 0 0 4 7 1 0 0 12 0 11 0 4 0 3 0 1 0 11 0 0 0 0 0 0 1 0 5 0.8219589883197498 
2 2 4 7 0 0 4 7 0 4 0 7 0 2 8 4 5 13 4 7 0 8 0 4 0 0 2 0 0 0 0 1 0 8 0 2 2 0.5801895533209667 
0 0 0 7 0 0 0 0 1 0 0 4 0 4 0 0 3 0 0 0 1 0 0 7 1 2 0 7 0 0 0 0 0 0 0 7 0 0.6684152200848548 
0 0 12 0 0 0 4 11 0 12 0 0 0 0 0 0 0 13 0 0 0 0 0 11 0 4 12 0 0 2 0 0 0 0 7 0 3 0.17561821901151697 
0 0 0 4 0 0 0 0 0 7 0 0 0 0 0 0 0 11 0 0 0 0 0 0 0 0 0 0 0 0 2 0 0 0 0 7 4 0.29615910031662684 
0 0 0 4 0 0 0 0 0 0 0 0 0 0 0 0 0 6 0 8 0 0 0 0 0 0 0 0 0 0 2 0 0 0 0 0 1 0.9848167531255609 
---
1 8 12.689917127071823 7.0 36
2 2 4 7 0 0 4 7 0 4 0 7 0 2 8 4 5 13 4 7 0 8 0 4 0 0 2 0 0 0 0 1 0 8 0 2 2 0.5801895533209667 
0 0 0 4 0 0 0 0 0 7 0 0 0 0 0 0 0 11 0 0 0 0 0 0 0 0 0 0 0 0 2 0 0 0 0 7 4 0.29615910031662684 
0 0 0 0 0 0 1 0 0 4 0 0 4 7 1 0 0 12 0 11 0 4 0 3 0 1 0 11 0 0 0 0 0 0 1 0 5 0.8219589883197498 
0 0 12 0 0 0 4 11 0 12 0 0 0 0 0 0 0 13 0 0 0 0 0 11 0 4 12 0 0 2 0 0 0 0 7 0 3 0.17561821901151697 
0 0 0 7 0 0 0 0 1 0 0 4 0 4 0 0 3 0 0 0 1 0 0 7 1 2 0 7 0 0 0 0 0 0 0 7 0 0.6684152200848548 
0 0 0 4 0 0 0 0 0 0 0 0 0 0 0 0 0 6 0 8 0 0 0 0 0 0 0 0 0 0 2 0 0 0 0 0 1 0.9848167531255609 
4 2 0 2 1 0 0 0 1 2 4 4 1 2 0 0 0 0 0 1 7 2 0 12 4 2 0 4 0 1 4 4 0 0 0 4 0 0.9288980638176675 
---
1 9 12.689917127071823 7.0 36
2 2 4 7 0 0 4 7 0 4 0 7 0 2 8 4 5 13 4 7 0 8 0 4 0 0 2 0 0 0 0 1 0 8 0 2 2 0.5801895533209667 
0 0 0 4 0 0 0 0 0 7 0 0 0 0 0 0 0 11 0 0 0 0 0 0 0 0 0 0 0 0 2 0 0 0 0 7 4 0.29615910031662684 
0 0 0 0 0 0 1 0 0 4 0 0 4 7 1 0 0 12 0 11 0 4 0 3 0 1 0 11 0 0 0 0 0 0 1 0 5 0.8219589883197498 
0 0 12 0 0 0 4 11 0 12 0 0 0 0 0 0 0 13 0 0 0 0 0 11 0 4 12 0 0 2 0 0 0 0 7 0 3 0.17561821901151697 
0 0 0 7 0 0 0 0 1 0 0 4 0 4 0 0 3 0 0 0 1 0 0 7 1 2 0 7 0 0 0 0 0 0 0 7 0 0.6684152200848548 
0 0 0 4 0 0 0 0 0 0 0 0 0 0 0 0 0 6 0 8 0 0 0 0 0 0 0 0 0 0 2 0 0 0 0 0 1 0.9848167531255609 
4 2 0 2 1 0 0 0 1 2 4 4 1 2 0 0 0 0 0 1 7 2 0 12 4 2 0 4 0 1 4 4 0 0 0 4 0 0.9288980638176675 
---
1 10 76.17403314917127 1.0 36
0 0 0 0 0 0 0 0 0 0 0 1 0 0 0 4 0 0 2 0 4 0 2 0 1 0 0 0 0 0 0 0 4 0 0 0 0 0.007762825953632091 
---
1 11 53.09046961325967 2.0 36
2 4 4 0 1 4 1 4 0 0 1 4 4 2 1 1 12 12 7 2 0 4 4 7 0 4 4 1 2 4 1 1 4 2 2 7 5 0.41713415204862414 
1 4 0 0 1 4 1 12 1 2 4 1 4 0 2 2 0 0 2 7 7 4 2 12 1 2 0 4 1 4 1 2 0 4 0 2 0 0.8901495770840087 
---
1 12 14.312845303867402 6.0 36
0 0 0 0 0 0 1 0 0 4 0 0 4 7 1 0 0 12 0 11 0 4 0 3 0 1 0 11 0 0 0 0 0 0 1 0 5 0.8219589883197498 
2 2 4 7 0 0 4 7 0 4 0 7 0 2 8 4 5 13 4 7 0 8 0 4 0 0 2 0 0 0 0 1 0 8 0 2 2 0.5801895533209667 
0 0 0 7 0 0 0 0 1 0 0 4 0 4 0 0 3 0 0 0 1 0 0 7 1 2 0 7 0 0 0 0 0 0 0 7 0 0.6684152200848548 
0 0 12 0 0 0 4 11 0 12 0 0 0 0 0 0 0 13 0 0 0 0 0 11 0 4 12 0 0 2 0 0 0 0 7 0 3 0.17561821901151697 
0 0 0 4 0 0 0 0 0 7 0 0 0 0 0 0 0 11 0 0 0 0 0 0 0 0 0 0 0 0 2 0 0 0 0 7 4 0.29615910031662684 
0 0 0 4 0 0 0 0 0 0 0 0 0 0 0 0 0 6 0 8 0 0 0 0 0 0 0 0 0 0 2 0 0 0 0 0 1 0.9848167531255609 
---
1 13 12.689917127071823 7.0 36
2 2 4 7 0 0 4 7 0 4 0 7 0 2 8 4 5 13 4 7 0 8 0 4 0 0 2 0 0 0 0 1 0 8 0 2 2 0.5801895533209667 
0 0 0 4 0 0 0 0 0 7 0 0 0 0 0 0 0 11 0 0 0 0 0 0 0 0 0 0 0 0 2 0 0 0 0 7 4 0.29615910031662684 
0 0 0 0 0 0 1 0 0 4 0 0 4 7 1 0 0 12 0 11 0 4 0 3 0 1 0 11 0 0 0 0 0 0 1 0 5 0.8219589883197498 
0 0 12 0 0 0 4 11 0 12 0 0 0 0 0 0 0 13 0 0 0 0 0 11 0 4 12 0 0 2 0 0 0 0 7 0 3 0.17561821901151697 
0 0 0 7 0 0 0 0 1 0 0 4 0 4 0 0 3 0 0 0 1 0 0 7 1 2 0 7 0 0 0 0 0 0 0 7 0 0.6684152200848548 
0 0 0 4 0 0 0 0 0 0 0 0 0 0 0 0 0 6 0 8 0 0 0 0 0 0 0 0 0 0 2 0 0 0 0 0 1 0.9848167531255609 
4 2 0 2 1 0 0 0 1 2 4 4 1 2 0 0 0 0 0 1 7 2 0 12 4 2 0 4 0 1 4 4 0 0 0 4 0 0.9288980638176675 
---
1 14 76.17403314917127 1.0 36
0 0 0 12 0 0 0 0 0 4 0 0 0 0 0 1 0 0 2 0 4 0 2 0 1 0 0 0 0 4 0 0 4 0 0 0 0 0.02597371483466615 
---
1 15 53.07320441988951 2.0 36
2 4 4 0 1 4 1 4 0 0 1 4 4 2 1 1 12 12 7 2 0 4 4 7 0 4 4 1 2 4 1 1 4 2 2 7 5 0.41713415204862414 
1 4 0 0 1 4 1 12 1 2 4 1 4 0 2 2 0 0 2 7 7 4 2 12 1 2 0 4 1 4 1 2 0 4 0 2 0 0.777610079345478 
---
1 16 14.312845303867402 6.0 36
0 0 0 0 0 0 1 0 0 4 0 0 4 7 1 0 0 12 0 11 0 4 0 3 0 1 0 11 0 0 0 0 0 0 1 0 5 0.8219589883197498 
2 2 4 7 0 0 4 7 0 4 0 7 0 2 8 4 5 13 4 7 0 8 0 4 0 0 2 0 0 0 0 1 0 8 0 2 2 0.5801895533209667 
0 0 0 7 0 0 0 0 1 0 0 4 0 4 0 0 3 0 0 0 1 0 0 7 1 2 0 7 0 0 0 0 0 0 0 7 0 0.6684152200848548 
0 0 12 0 0 0 4 11 0 12 0 0 0 0 0 0 0 13 0 0 0 0 0 11 0 4 12 0 0 2 0 0 0 0 7 0 3 0.17561821901151697 
0 0 0 4 0 0 0 0 0 7 0 0 0 0 0 0 0 11 0 0 0 0 0 0 0 0 0 0 0 0 2 0 0 0 0 7 4 0.29615910031662684 
0 0 0 4 0 0 0 0 0 0 0 0 0 0 0 0 0 6 0 8 0 0 0 0 0 0 0 0 0 0 2 0 0 0 0 0 1 0.9848167531255609 
---
1 17 12.689917127071823 7.0 36
2 2 4 7 0 0 4 7 0 4 0 7 0 2 8 4 5 13 4 7 0 8 0 4 0 0 2 0 0 0 0 1 0 8 0 2 2 0.5801895533209667 
0 0 0 4 0 0 0 0 0 7 0 0 0 0 0 0 0 11 0 0 0 0 0 0 0 0 0 0 0 0 2 0 0 0 0 7 4 0.29615910031662684 
0 0 0 0 0 0 1 0 0 4 0 0 4 7 1 0 0 12 0 11 0 4 0 3 0 1 0 11 0 0 0 0 0 0 1 0 5 0.8219589883197498 
0 0 12 0 0 0 4 11 0 12 0 0 0 0 0 0 0 13 0 0 0 0 0 11 0 4 12 0 0 2 0 0 0 0 7 0 3 0.17561821901151697 
0 0 0 7 0 0 0 0 1 0 0 4 0 4 0 0 3 0 0 0 1 0 0 7 1 2 0 7 0 0 0 0 0 0 0 7 0 0.6684152200848548 
0 0 0 4 0 0 0 0 0 0 0 0 0 0 0 0 0 6 0 8 0 0 0 0 0 0 0 0 0 0 2 0 0 0 0 0 1 0.9848167531255609 
4 2 0 2 1 0 0 0 1 2 4 4 1 2 0 0 0 0 0 1 7 2 0 12 4 2 0 4 0 1 4 4 0 0 0 4 0 0.9288980638176675 
---
1 18 76.17403314917127 1.0 36
0 0 0 0 0 0 0 0 0 0 0 0 0 0 0 4 0 0 2 0 4 0 2 0 1 0 0 1 0 0 0 0 4 0 2 0 0 0.15624569036296454 
---
1 19 14.312845303867402 6.0 36
0 0 0 0 0 0 1 0 0 4 0 0 4 7 1 0 0 12 0 11 0 4 0 3 0 1 0 11 0 0 0 0 0 0 1 0 5 0.8219589883197498 
2 2 4 7 0 0 4 7 0 4 0 7 0 2 8 4 5 13 4 7 0 8 0 4 0 0 2 0 0 0 0 1 0 8 0 2 2 0.5801895533209667 
0 0 0 7 0 0 0 0 1 0 0 4 0 4 0 0 3 0 0 0 1 0 0 7 1 2 0 7 0 0 0 0 0 0 0 7 0 0.6684152200848548 
0 0 12 0 0 0 4 11 0 12 0 0 0 0 0 0 0 13 0 0 0 0 0 11 0 4 12 0 0 2 0 0 0 0 7 0 3 0.17561821901151697 
0 0 0 4 0 0 0 0 0 7 0 0 0 0 0 0 0 11 0 0 0 0 0 0 0 0 0 0 0 0 2 0 0 0 0 7 4 0.29615910031662684 
0 0 0 4 0 0 0 0 0 0 0 0 0 0 0 0 0 6 0 8 0 0 0 0 0 0 0 0 0 0 2 0 0 0 0 0 1 0.9848167531255609 
---
1 20 12.689917127071823 7.0 36
2 2 4 7 0 0 4 7 0 4 0 7 0 2 8 4 5 13 4 7 0 8 0 4 0 0 2 0 0 0 0 1 0 8 0 2 2 0.5801895533209667 
0 0 0 4 0 0 0 0 0 7 0 0 0 0 0 0 0 11 0 0 0 0 0 0 0 0 0 0 0 0 2 0 0 0 0 7 4 0.29615910031662684 
0 0 0 0 0 0 1 0 0 4 0 0 4 7 1 0 0 12 0 11 0 4 0 3 0 1 0 11 0 0 0 0 0 0 1 0 5 0.8219589883197498 
0 0 12 0 0 0 4 11 0 12 0 0 0 0 0 0 0 13 0 0 0 0 0 11 0 4 12 0 0 2 0 0 0 0 7 0 3 0.17561821901151697 
0 0 0 7 0 0 0 0 1 0 0 4 0 4 0 0 3 0 0 0 1 0 0 7 1 2 0 7 0 0 0 0 0 0 0 7 0 0.6684152200848548 
0 0 0 4 0 0 0 0 0 0 0 0 0 0 0 0 0 6 0 8 0 0 0 0 0 0 0 0 0 0 2 0 0 0 0 0 1 0.9848167531255609 
4 2 0 2 1 0 0 0 1 2 4 4 1 2 0 0 0 0 0 1 7 2 0 12 4 2 0 4 0 1 4 4 0 0 0 4 0 0.9288980638176675 
---
1 21 76.17403314917127 1.0 36
0 0 0 0 0 0 0 0 0 0 0 0 0 0 0 4 0 0 2 0 4 0 2 4 1 4 0 0 0 0 2 0 4 0 0 0 0 0.24979482121586583 
---
1 22 53.07320441988951 2.0 36
2 4 4 0 1 4 1 4 0 0 1 4 4 2 1 1 12 12 7 2 0 4 4 7 0 4 4 1 2 4 1 1 4 2 2 7 5 0.41713415204862414 
1 4 0 0 1 4 1 12 1 2 4 1 4 0 2 2 0 0 2 7 7 4 2 12 1 2 0 4 1 4 1 2 0 4 0 2 0 0.777610079345478 
---
1 23 14.312845303867402 6.0 36
0 0 0 0 0 0 1 0 0 4 0 0 4 7 1 0 0 12 0 11 0 4 0 3 0 1 0 11 0 0 0 0 0 0 1 0 5 0.8219589883197498 
2 2 4 7 0 0 4 7 0 4 0 7 0 2 8 4 5 13 4 7 0 8 0 4 0 0 2 0 0 0 0 1 0 8 0 2 2 0.5801895533209667 
0 0 0 7 0 0 0 0 1 0 0 4 0 4 0 0 3 0 0 0 1 0 0 7 1 2 0 7 0 0 0 0 0 0 0 7 0 0.6684152200848548 
0 0 12 0 0 0 4 11 0 12 0 0 0 0 0 0 0 13 0 0 0 0 0 11 0 4 12 0 0 2 0 0 0 0 7 0 3 0.17561821901151697 
0 0 0 4 0 0 0 0 0 7 0 0 0 0 0 0 0 11 0 0 0 0 0 0 0 0 0 0 0 0 2 0 0 0 0 7 4 0.29615910031662684 
0 0 0 4 0 0 0 0 0 0 0 0 0 0 0 0 0 6 0 8 0 0 0 0 0 0 0 0 0 0 2 0 0 0 0 0 1 0.9848167531255609 
---
1 24 12.689917127071823 7.0 36
2 2 4 7 0 0 4 7 0 4 0 7 0 2 8 4 5 13 4 7 0 8 0 4 0 0 2 0 0 0 0 1 0 8 0 2 2 0.5801895533209667 
0 0 0 4 0 0 0 0 0 7 0 0 0 0 0 0 0 11 0 0 0 0 0 0 0 0 0 0 0 0 2 0 0 0 0 7 4 0.29615910031662684 
0 0 0 0 0 0 1 0 0 4 0 0 4 7 1 0 0 12 0 11 0 4 0 3 0 1 0 11 0 0 0 0 0 0 1 0 5 0.8219589883197498 
0 0 12 0 0 0 4 11 0 12 0 0 0 0 0 0 0 13 0 0 0 0 0 11 0 4 12 0 0 2 0 0 0 0 7 0 3 0.17561821901151697 
0 0 0 7 0 0 0 0 1 0 0 4 0 4 0 0 3 0 0 0 1 0 0 7 1 2 0 7 0 0 0 0 0 0 0 7 0 0.6684152200848548 
0 0 0 4 0 0 0 0 0 0 0 0 0 0 0 0 0 6 0 8 0 0 0 0 0 0 0 0 0 0 2 0 0 0 0 0 1 0.9848167531255609 
4 2 0 2 1 0 0 0 1 2 4 4 1 2 0 0 0 0 0 1 7 2 0 12 4 2 0 4 0 1 4 4 0 0 0 4 0 0.9288980638176675 
---
1 25 76.17403314917127 1.0 36
0 0 0 0 0 0 0 0 0 0 0 0 0 0 0 4 0 0 2 0 4 0 2 0 1 0 0 0 0 0 0 0 4 0 0 0 0 0.0517081251696081 
---
1 26 53.09046961325967 2.0 36
2 4 4 0 1 4 1 4 0 0 1 4 4 2 1 1 12 12 7 2 0 4 4 7 0 4 4 1 2 4 1 1 4 2 2 7 5 0.41713415204862414 
1 4 0 0 1 4 1 12 1 2 4 1 4 0 2 2 0 0 2 7 7 4 2 12 1 2 0 4 1 4 1 2 0 4 0 2 0 0.8901495770840087 
---
1 27 14.312845303867402 6.0 36
0 0 0 0 0 0 1 0 0 4 0 0 4 7 1 0 0 12 0 11 0 4 0 3 0 1 0 11 0 0 0 0 0 0 1 0 5 0.8219589883197498 
2 2 4 7 0 0 4 7 0 4 0 7 0 2 8 4 5 13 4 7 0 8 0 4 0 0 2 0 0 0 0 1 0 8 0 2 2 0.5801895533209667 
0 0 0 7 0 0 0 0 1 0 0 4 0 4 0 0 3 0 0 0 1 0 0 7 1 2 0 7 0 0 0 0 0 0 0 7 0 0.6684152200848548 
0 0 12 0 0 0 4 11 0 12 0 0 0 0 0 0 0 13 0 0 0 0 0 11 0 4 12 0 0 2 0 0 0 0 7 0 3 0.17561821901151697 
0 0 0 4 0 0 0 0 0 7 0 0 0 0 0 0 0 11 0 0 0 0 0 0 0 0 0 0 0 0 2 0 0 0 0 7 4 0.29615910031662684 
0 0 0 4 0 0 0 0 0 0 0 0 0 0 0 0 0 6 0 8 0 0 0 0 0 0 0 0 0 0 2 0 0 0 0 0 1 0.9848167531255609 
---
1 28 12.689917127071823 7.0 36
2 2 4 7 0 0 4 7 0 4 0 7 0 2 8 4 5 13 4 7 0 8 0 4 0 0 2 0 0 0 0 1 0 8 0 2 2 0.5801895533209667 
0 0 0 4 0 0 0 0 0 7 0 0 0 0 0 0 0 11 0 0 0 0 0 0 0 0 0 0 0 0 2 0 0 0 0 7 4 0.29615910031662684 
0 0 0 0 0 0 1 0 0 4 0 0 4 7 1 0 0 12 0 11 0 4 0 3 0 1 0 11 0 0 0 0 0 0 1 0 5 0.8219589883197498 
0 0 12 0 0 0 4 11 0 12 0 0 0 0 0 0 0 13 0 0 0 0 0 11 0 4 12 0 0 2 0 0 0 0 7 0 3 0.17561821901151697 
0 0 0 7 0 0 0 0 1 0 0 4 0 4 0 0 3 0 0 0 1 0 0 7 1 2 0 7 0 0 0 0 0 0 0 7 0 0.6684152200848548 
0 0 0 4 0 0 0 0 0 0 0 0 0 0 0 0 0 6 0 8 0 0 0 0 0 0 0 0 0 0 2 0 0 0 0 0 1 0.9848167531255609 
4 2 0 2 1 0 0 0 1 2 4 4 1 2 0 0 0 0 0 1 7 2 0 12 4 2 0 4 0 1 4 4 0 0 0 4 0 0.9288980638176675 
---
1 29 76.17403314917127 1.0 36
0 0 0 4 0 0 0 0 0 0 0 0 0 0 0 4 0 0 2 0 4 0 2 4 1 4 0 0 0 0 2 0 4 0 0 0 0 0.32902948055820613 
---
1 30 53.107734806629836 2.0 36
1 0 1 0 1 4 1 12 1 2 4 1 4 0 2 2 0 0 2 7 7 4 2 12 1 2 0 4 1 4 1 2 0 4 0 2 0 0.8835736798214351 
2 4 4 0 1 4 1 4 0 0 1 4 1 2 1 1 12 2 7 2 0 4 4 7 0 4 4 1 2 4 1 1 4 2 2 7 5 0.2921159881114682 
---
1 31 14.312845303867402 6.0 36
0 0 0 4 0 0 0 0 0 0 0 0 0 0 0 0 0 6 0 8 0 0 0 0 0 0 0 0 0 0 2 0 0 0 0 0 1 0.981545071601406 
0 0 0 7 0 0 0 0 1 0 0 4 0 4 0 0 3 0 0 0 1 0 0 7 1 2 0 7 0 0 0 0 0 0 0 7 0 0.6684152200848548 
0 0 0 0 0 0 1 0 0 4 0 0 4 7 1 0 0 12 0 11 0 4 0 3 0 1 0 11 0 0 0 0 0 0 1 0 5 0.8219589883197498 
0 0 0 4 0 0 0 0 0 7 0 0 0 0 0 0 0 11 0 0 0 0 0 0 0 0 0 0 0 0 2 0 0 0 0 7 4 0.29615910031662684 
2 2 4 7 0 0 4 7 0 4 0 7 0 2 8 4 5 13 4 7 0 8 0 4 0 0 2 0 0 0 0 1 0 8 0 2 2 0.5801895533209667 
0 0 12 0 0 0 4 11 0 12 0 0 0 0 0 0 0 13 0 0 0 0 0 11 0 4 12 0 0 2 0 0 0 0 7 0 3 0.17561821901151697 
---
1 32 12.689917127071823 7.0 36
2 2 4 7 0 0 4 7 0 4 0 7 0 2 8 4 5 13 4 7 0 8 0 4 0 0 2 0 0 0 0 1 0 8 0 2 2 0.5801895533209667 
0 0 0 4 0 0 0 0 0 7 0 0 0 0 0 0 0 11 0 0 0 0 0 0 0 0 0 0 0 0 2 0 0 0 0 7 4 0.29615910031662684 
0 0 0 0 0 0 1 0 0 4 0 0 4 7 1 0 0 12 0 11 0 4 0 3 0 1 0 11 0 0 0 0 0 0 1 0 5 0.8219589883197498 
0 0 12 0 0 0 4 11 0 12 0 0 0 0 0 0 0 13 0 0 0 0 0 11 0 4 12 0 0 2 0 0 0 0 7 0 3 0.17561821901151697 
0 0 0 7 0 0 0 0 1 0 0 4 0 4 0 0 3 0 0 0 1 0 0 7 1 2 0 7 0 0 0 0 0 0 0 7 0 0.6684152200848548 
0 0 0 4 0 0 0 0 0 0 0 0 0 0 0 0 0 6 0 8 0 0 0 0 0 0 0 0 0 0 2 0 0 0 0 0 1 0.9848167531255609 
4 2 0 2 1 0 0 0 1 2 4 4 1 2 0 0 0 0 0 1 7 2 0 12 4 2 0 4 0 1 4 4 0 0 0 4 0 0.9288980638176675 
---
1 33 76.17403314917127 1.0 36
0 0 0 12 0 0 0 0 0 4 0 0 1 0 0 1 0 0 2 0 4 0 2 0 1 0 0 0 0 4 0 0 4 0 0 0 0 0.30854029066510624 
---
1 34 53.09046961325967 2.0 36
2 4 4 0 1 4 1 4 0 0 1 4 4 2 1 1 12 12 7 2 0 4 4 7 0 4 4 1 2 4 1 1 4 2 2 7 5 0.41713415204862414 
1 4 0 0 1 4 1 12 1 2 4 1 4 0 2 2 0 0 2 7 7 4 2 12 1 2 0 4 1 4 1 2 0 4 0 2 0 0.8901495770840087 
---
1 35 14.312845303867402 6.0 36
0 0 0 0 0 0 1 0 0 4 0 0 4 7 1 0 0 12 0 11 0 4 0 3 0 1 0 11 0 0 0 0 0 0 1 0 5 0.8219589883197498 
2 2 4 7 0 0 4 7 0 4 0 7 0 2 8 4 5 13 4 7 0 8 0 4 0 0 2 0 0 0 0 1 0 8 0 2 2 0.5801895533209667 
0 0 0 7 0 0 0 0 1 0 0 4 0 4 0 0 3 0 0 0 1 0 0 7 1 2 0 7 0 0 0 0 0 0 0 7 0 0.6684152200848548 
0 0 12 0 0 0 4 11 0 12 0 0 0 0 0 0 0 13 0 0 0 0 0 11 0 4 12 0 0 2 0 0 0 0 7 0 3 0.17561821901151697 
0 0 0 4 0 0 0 0 0 7 0 0 0 0 0 0 0 11 0 0 0 0 0 0 0 0 0 0 0 0 2 0 0 0 0 7 4 0.29615910031662684 
0 0 0 4 0 0 0 0 0 0 0 0 0 0 0 0 0 6 0 8 0 0 0 0 0 0 0 0 0 0 2 0 0 0 0 0 1 0.9848167531255609 
---
1 36 12.689917127071823 7.0 36
2 2 4 7 0 0 4 7 0 4 0 7 0 2 8 4 5 13 4 7 0 8 0 4 0 0 2 0 0 0 0 1 0 8 0 2 2 0.5801895533209667 
0 0 0 4 0 0 0 0 0 7 0 0 0 0 0 0 0 11 0 0 0 0 0 0 0 0 0 0 0 0 2 0 0 0 0 7 4 0.29615910031662684 
0 0 0 0 0 0 1 0 0 4 0 0 4 7 1 0 0 12 0 11 0 4 0 3 0 1 0 11 0 0 0 0 0 0 1 0 5 0.8219589883197498 
0 0 12 0 0 0 4 11 0 12 0 0 0 0 0 0 0 13 0 0 0 0 0 11 0 4 12 0 0 2 0 0 0 0 7 0 3 0.17561821901151697 
0 0 0 7 0 0 0 0 1 0 0 4 0 4 0 0 3 0 0 0 1 0 0 7 1 2 0 7 0 0 0 0 0 0 0 7 0 0.6684152200848548 
0 0 0 4 0 0 0 0 0 0 0 0 0 0 0 0 0 6 0 8 0 0 0 0 0 0 0 0 0 0 2 0 0 0 0 0 1 0.9848167531255609 
4 2 0 2 1 0 0 0 1 2 4 4 1 2 0 0 0 0 0 1 7 2 0 12 4 2 0 4 0 1 4 4 0 0 0 4 0 0.9288980638176675 
---
1 37 76.17403314917127 1.0 36
0 0 0 0 0 0 0 0 0 0 0 1 0 0 0 4 0 0 2 0 4 0 2 0 1 0 0 0 0 0 0 0 4 0 0 0 0 0.007762825953632091 
---
1 38 53.07320441988951 2.0 36
4 4 4 0 1 4 1 4 0 0 1 4 1 2 1 1 12 2 7 2 0 4 4 7 0 4 4 1 2 4 1 1 4 2 2 7 5 0.3446096135079608 
1 4 0 0 1 4 1 12 1 2 4 1 4 0 2 2 0 0 2 7 7 4 2 12 1 2 0 4 1 4 1 2 0 4 0 2 0 0.8901495770840087 
---
1 39 14.312845303867402 6.0 36
0 0 0 0 0 0 1 0 0 4 0 0 4 7 1 0 0 12 0 11 0 4 0 3 0 1 0 11 0 0 0 0 0 0 1 0 5 0.8219589883197498 
2 2 4 7 0 0 4 7 0 4 0 7 0 2 8 4 5 13 4 7 0 8 0 4 0 0 2 0 0 0 0 1 0 8 0 2 2 0.5801895533209667 
0 0 0 7 0 0 0 0 1 0 0 4 0 4 0 0 3 0 0 0 1 0 0 7 1 2 0 7 0 0 0 0 0 0 0 7 0 0.6684152200848548 
0 0 12 0 0 0 4 11 0 12 0 0 0 0 0 0 0 13 0 0 0 0 0 11 0 4 12 0 0 2 0 0 0 0 7 0 3 0.17561821901151697 
0 0 0 4 0 0 0 0 0 7 0 0 0 0 0 0 0 11 0 0 0 0 0 0 0 0 0 0 0 0 2 0 0 0 0 7 4 0.29615910031662684 
0 0 0 4 0 0 0 0 0 0 0 0 0 0 0 0 0 6 0 8 0 0 0 0 0 0 0 0 0 0 2 0 0 0 0 0 1 0.9848167531255609 
---
1 40 76.17403314917127 1.0 36
0 0 0 12 0 0 0 0 0 4 0 0 0 0 0 1 0 0 2 0 4 0 2 0 1 0 0 0 0 4 0 0 4 0 0 0 0 0.02597371483466615 
---
1 41 53.07320441988951 2.0 36
4 4 4 0 1 4 1 4 0 0 1 4 1 2 1 1 12 2 7 2 0 4 4 7 0 4 4 1 2 4 1 1 4 2 2 7 5 0.3446096135079608 
1 4 0 0 1 4 1 12 1 2 4 1 4 0 2 2 0 0 2 7 7 4 2 12 1 2 0 4 1 4 1 2 0 4 0 2 0 0.8901495770840087 
---
1 42 76.17403314917127 1.0 36
0 0 0 12 0 0 0 0 0 4 0 0 0 0 0 1 0 0 2 0 4 0 2 0 1 0 0 0 0 4 0 0 4 0 0 0 0 0.02597371483466615 
---
1 43 53.07320441988951 2.0 36
4 4 4 0 1 4 1 4 0 0 1 4 1 2 1 1 12 2 7 2 0 4 4 7 0 4 4 1 2 4 1 1 4 2 2 7 5 0.3446096135079608 
1 4 0 0 1 4 1 12 1 2 4 1 4 0 2 2 0 0 2 7 7 4 2 12 1 2 0 4 1 4 1 2 0 4 0 2 0 0.8901495770840087 
---
1 44 76.17403314917127 1.0 36
0 0 0 0 0 0 0 0 0 0 0 0 0 0 0 4 0 0 2 0 4 0 2 0 1 0 0 0 0 0 0 0 4 0 2 0 0 0.21064598177414529 
---
2 0 76.17403314917127 1.0 36
0 0 0 0 0 0 0 4 0 0 0 0 0 0 0 0 0 0 2 12 1 0 0 2 0 0 0 0 0 0 0 0 0 0 0 0 0 0.23832495913685348 
---
2 1 13.03522099447514 9.0 36
0 0 0 7 0 0 0 0 1 0 0 4 0 4 0 0 3 0 0 0 1 0 0 7 1 2 0 7 0 0 0 0 0 0 0 7 0 0.6684152200848548 
0 0 12 0 0 0 4 11 0 12 0 0 0 0 0 0 0 13 0 0 0 0 0 11 0 4 12 0 0 2 0 0 0 0 7 0 3 0.17561821901151697 
2 2 4 7 0 0 4 7 0 4 0 7 0 2 8 4 5 13 4 7 0 8 0 4 0 0 2 0 0 0 0 1 0 8 0 2 2 0.5801895533209667 
0 0 0 7 0 0 0 0 1 0 0 4 0 4 0 0 3 0 0 0 1 0 0 7 1 2 0 7 0 0 0 0 0 0 0 7 0 0.6684152200848548 
0 0 0 4 0 0 0 0 0 7 0 0 0 0 0 0 0 11 0 0 0 0 0 0 0 0 0 0 0 0 2 0 0 0 0 7 4 0.29615910031662684 
0 0 0 4 0 0 0 0 0 0 0 0 0 0 0 0 0 6 0 8 0 0 0 0 0 0 0 0 0 0 2 0 0 0 0 0 1 0.9848167531255609 
2 2 4 7 0 0 4 7 0 8 0 7 0 2 8 4 5 13 4 7 0 8 0 0 0 0 2 0 0 0 0 1 0 8 0 2 2 0.5901617933421139 
4 2 0 2 1 0 0 0 1 2 4 4 1 2 0 0 0 0 0 1 7 2 0 12 4 2 0 4 0 1 4 4 0 0 0 4 0 0.9288980638176675 
0 0 0 0 0 0 1 0 0 4 0 0 0 7 1 0 0 12 0 11 0 4 0 3 0 1 0 11 0 0 0 0 0 0 1 0 5 0.8093643267276369 
---
2 2 33.822513812154696 3.0 36
1 4 2 4 1 2 1 2 1 2 4 0 2 1 2 0 0 4 0 12 1 4 0 4 0 0 4 2 1 2 2 0 1 4 4 4 0 0.7600862855603938 
2 2 1 4 0 1 4 4 2 4 1 7 0 12 0 11 4 12 1 0 4 2 0 4 2 4 0 7 2 1 1 0 0 4 1 7 5 0.47222435748374303 
2 0 4 1 2 0 4 4 0 1 2 7 2 0 4 1 5 2 2 2 0 8 1 2 8 4 0 2 0 0 1 12 0 4 0 7 2 0.4044565743298898 
---
2 3 52.86602209944752 2.0 36
2 2 1 4 0 1 4 4 2 4 1 7 0 1 0 7 4 12 1 0 4 2 0 4 2 4 0 7 2 1 1 0 0 4 4 7 5 0.14396299938797597 
1 4 2 4 1 2 1 2 1 2 4 0 2 1 2 1 0 4 0 12 1 4 0 4 0 0 4 2 1 2 2 4 1 4 4 0 0 0.763561731991347 
---
2 4 52.86602209944752 2.0 36
2 2 1 4 0 1 4 4 2 4 1 7 0 1 0 7 4 12 1 0 4 2 0 4 2 4 0 7 2 1 1 0 0 4 4 7 5 0.14396299938797597 
1 4 2 4 1 2 1 2 1 2 4 0 2 1 2 1 0 4 0 12 1 4 0 4 0 0 4 2 1 2 2 4 1 4 4 0 0 0.763561731991347 
---
2 5 13.173342541436464 7.0 36
2 2 4 7 0 0 4 7 0 8 0 7 0 2 8 4 5 13 4 7 0 8 0 0 0 0 2 0 0 0 0 1 0 8 0 2 2 0.5901617933421139 
0 0 0 0 0 0 1 0 0 4 0 0 0 7 1 0 0 12 0 11 0 4 0 3 0 1 0 11 0 0 0 0 0 0 1 0 5 0.8093643267276369 
0 0 0 7 0 0 0 0 1 0 0 4 0 4 0 0 3 0 0 0 1 0 0 7 1 2 0 7 0 0 0 0 0 0 0 7 0 0.6684152200848548 
0 0 0 4 0 0 0 0 0 7 0 0 0 0 0 0 0 11 0 0 0 0 0 0 0 0 0 0 0 0 2 0 0 0 0 7 4 0.29615910031662684 
0 0 0 4 0 0 0 0 0 0 0 0 0 0 0 0 0 6 0 8 0 0 0 0 0 0 0 0 0 0 2 0 0 0 0 0 1 0.9848167531255609 
0 0 12 0 0 0 4 11 0 12 0 0 0 0 0 0 0 13 0 0 0 0 0 11 0 4 12 0 0 2 0 0 0 0 7 0 3 0.17561821901151697 
4 2 0 2 1 0 0 0 1 2 4 4 1 2 0 0 0 0 0 1 7 2 0 12 4 2 0 4 0 1 4 4 0 0 0 4 0 0.9288980638176675 
---
2 6 23.86049723756906 4.0 36
1 4 2 4 1 2 1 2 1 2 4 0 2 1 2 1 0 4 0 12 1 4 0 4 0 0 4 2 1 2 2 0 1 4 4 4 0 0.866154582853025 
2 2 1 4 0 1 4 4 2 4 1 7 0 12 0 7 4 12 1 0 4 2 0 4 2 4 0 7 2 1 1 0 0 4 1 7 5 0.35026072757962456 
2 0 4 1 2 0 4 4 0 1 2 7 2 0 4 1 5 2 2 2 0 8 1 2 8 4 0 2 0 0 1 12 0 4 0 7 2 0.25859006795695816 
0 0 0 4 0 0 0 0 0 0 0 0 0 0 0 0 0 6 0 8 0 0 0 0 0 0 0 0 0 0 2 0 0 0 0 0 1 0.9848167531255609 
---
2 7 23.86049723756906 4.0 36
1 4 2 4 1 2 1 2 1 2 4 0 2 1 2 1 0 4 0 12 1 4 0 4 0 0 4 2 1 2 2 0 1 4 4 4 0 0.866154582853025 
2 2 1 4 0 1 4 4 2 4 1 7 0 12 0 7 4 12 1 0 4 2 0 4 2 4 0 7 2 1 1 0 0 4 1 7 5 0.35026072757962456 
2 0 4 1 2 0 4 4 0 1 2 7 2 0 4 1 5 2 2 2 0 8 1 2 8 4 0 2 0 0 1 12 0 4 0 7 2 0.25859006795695816 
0 0 0 4 0 0 0 0 0 0 0 0 0 0 0 0 0 6 0 8 0 0 0 0 0 0 0 0 0 0 2 0 0 0 0 0 1 0.9848167531255609 
---
2 8 17.36878453038674 5.0 36
2 2 4 7 0 0 4 7 0 4 0 7 0 2 8 4 5 13 4 7 0 8 0 4 0 0 2 0 0 0 0 1 0 8 1 2 2 0.5285161351554069 
0 0 0 0 0 0 1 0 0 4 0 0 0 7 1 0 0 12 0 11 0 4 0 3 0 1 0 11 0 0 0 0 0 0 1 0 5 0.8093643267276369 
0 0 0 7 0 0 0 0 1 0 0 4 0 4 0 0 3 0 0 0 1 0 0 7 1 2 0 7 0 0 0 0 0 0 0 7 0 0.6684152200848548 
0 0 0 4 0 0 0 0 0 7 0 0 0 0 0 0 0 11 0 0 0 0 0 0 0 0 0 0 0 0 2 0 0 0 0 7 4 0.29615910031662684 
0 0 0 4 0 0 0 0 0 0 0 0 0 0 0 0 0 6 0 8 0 0 0 0 0 0 0 0 0 0 2 0 0 0 0 0 1 0.9848167531255609 
---
2 9 17.36878453038674 5.0 36
2 2 4 7 0 0 4 7 0 4 0 7 0 2 8 4 5 13 4 7 0 8 0 4 0 0 2 0 0 0 0 1 0 8 1 2 2 0.5285161351554069 
0 0 0 0 0 0 1 0 0 4 0 0 0 7 1 0 0 12 0 11 0 4 0 3 0 1 0 11 0 0 0 0 0 0 1 0 5 0.8093643267276369 
0 0 0 7 0 0 0 0 1 0 0 4 0 4 0 0 3 0 0 0 1 0 0 7 1 2 0 7 0 0 0 0 0 0 0 7 0 0.6684152200848548 
0 0 0 4 0 0 0 0 0 7 0 0 0 0 0 0 0 11 0 0 0 0 0 0 0 0 0 0 0 0 2 0 0 0 0 7 4 0.29615910031662684 
0 0 0 4 0 0 0 0 0 0 0 0 0 0 0 0 0 6 0 8 0 0 0 0 0 0 0 0 0 0 2 0 0 0 0 0 1 0.9848167531255609 
---
2 10 13.173342541436464 7.0 36
2 2 4 7 0 0 4 7 0 8 0 7 0 2 8 4 5 13 4 7 0 8 0 0 0 0 2 0 0 0 0 1 0 8 0 2 2 0.5901617933421139 
0 0 0 0 0 0 1 0 0 4 0 0 0 7 1 0 0 12 0 11 0 4 0 3 0 1 0 11 0 0 0 0 0 0 1 0 5 0.8093643267276369 
0 0 0 7 0 0 0 0 1 0 0 4 0 4 0 0 3 0 0 0 1 0 0 7 1 2 0 7 0 0 0 0 0 0 0 7 0 0.6684152200848548 
0 0 0 4 0 0 0 0 0 7 0 0 0 0 0 0 0 11 0 0 0 0 0 0 0 0 0 0 0 0 2 0 0 0 0 7 4 0.29615910031662684 
0 0 0 4 0 0 0 0 0 0 0 0 0 0 0 0 0 6 0 8 0 0 0 0 0 0 0 0 0 0 2 0 0 0 0 0 1 0.9848167531255609 
0 0 12 0 0 0 4 11 0 12 0 0 0 0 0 0 0 13 0 0 0 0 0 11 0 4 12 0 0 2 0 0 0 0 7 0 3 0.17561821901151697 
4 2 0 2 1 0 0 0 1 2 4 4 1 2 0 0 0 0 0 1 7 2 0 12 4 2 0 4 0 1 4 4 0 0 0 4 0 0.9288980638176675 
---
2 11 76.17403314917127 1.0 36
1 4 2 4 1 2 1 2 1 2 4 1 2 1 2 1 0 4 0 12 1 4 0 4 0 0 4 2 1 2 2 4 1 4 4 0 0 0.7621192218049191 
---
2 12 52.86602209944752 2.0 36
1 4 2 4 1 2 1 2 1 2 4 0 2 1 2 1 0 4 0 12 1 4 0 4 0 0 4 2 1 2 2 4 1 4 4 0 0 0.763561731991347 
2 2 1 4 0 1 4 4 2 4 1 7 0 1 0 7 4 12 1 0 4 2 0 4 2 4 0 7 2 1 1 0 0 4 4 7 5 0.14396299938797597 
---
2 13 17.36878453038674 5.0 36
2 2 4 7 0 0 4 7 0 4 0 7 0 2 8 4 5 13 4 7 0 8 0 4 0 0 2 0 0 0 0 1 0 8 1 2 2 0.5285161351554069 
0 0 0 0 0 0 1 0 0 4 0 0 0 7 1 0 0 12 0 11 0 4 0 3 0 1 0 11 0 0 0 0 0 0 1 0 5 0.8093643267276369 
0 0 0 7 0 0 0 0 1 0 0 4 0 4 0 0 3 0 0 0 1 0 0 7 1 2 0 7 0 0 0 0 0 0 0 7 0 0.6684152200848548 
0 0 0 4 0 0 0 0 0 7 0 0 0 0 0 0 0 11 0 0 0 0 0 0 0 0 0 0 0 0 2 0 0 0 0 7 4 0.29615910031662684 
0 0 0 4 0 0 0 0 0 0 0 0 0 0 0 0 0 6 0 8 0 0 0 0 0 0 0 0 0 0 2 0 0 0 0 0 1 0.9848167531255609 
---
2 14 13.173342541436464 7.0 36
2 2 4 7 0 0 4 7 0 8 0 7 0 2 8 4 5 13 4 7 0 8 0 0 0 0 2 0 0 0 0 1 0 8 0 2 2 0.5901617933421139 
0 0 0 0 0 0 1 0 0 4 0 0 0 7 1 0 0 12 0 11 0 4 0 3 0 1 0 11 0 0 0 0 0 0 1 0 5 0.8093643267276369 
0 0 0 7 0 0 0 0 1 0 0 4 0 4 0 0 3 0 0 0 1 0 0 7 1 2 0 7 0 0 0 0 0 0 0 7 0 0.6684152200848548 
0 0 0 4 0 0 0 0 0 7 0 0 0 0 0 0 0 11 0 0 0 0 0 0 0 0 0 0 0 0 2 0 0 0 0 7 4 0.29615910031662684 
0 0 0 4 0 0 0 0 0 0 0 0 0 0 0 0 0 6 0 8 0 0 0 0 0 0 0 0 0 0 2 0 0 0 0 0 1 0.9848167531255609 
0 0 12 0 0 0 4 11 0 12 0 0 0 0 0 0 0 13 0 0 0 0 0 11 0 4 12 0 0 2 0 0 0 0 7 0 3 0.17561821901151697 
4 2 0 2 1 0 0 0 1 2 4 4 1 2 0 0 0 0 0 1 7 2 0 12 4 2 0 4 0 1 4 4 0 0 0 4 0 0.9288980638176675 
---
2 15 76.17403314917127 1.0 36
1 4 2 4 1 2 2 2 1 2 4 0 2 1 2 1 0 4 0 12 1 4 4 4 0 0 4 2 1 2 2 4 1 0 4 0 0 0.779579058593046 
---
2 16 52.86602209944752 2.0 36
2 2 1 4 0 1 4 4 2 4 1 7 0 1 0 7 4 12 1 0 4 2 0 4 2 4 0 7 2 1 1 0 0 4 4 7 5 0.14396299938797597 
1 4 2 4 1 2 1 2 1 2 4 0 2 1 2 1 0 4 0 12 1 4 0 4 0 0 4 2 1 2 2 4 1 4 4 0 0 0.763561731991347 
---
2 17 17.36878453038674 5.0 36
2 2 4 7 0 0 4 7 0 4 0 7 0 2 8 4 5 13 4 7 0 8 0 4 0 0 2 0 0 0 0 1 0 8 1 2 2 0.5285161351554069 
0 0 0 0 0 0 1 0 0 4 0 0 0 7 1 0 0 12 0 11 0 4 0 3 0 1 0 11 0 0 0 0 0 0 1 0 5 0.8093643267276369 
0 0 0 7 0 0 0 0 1 0 0 4 0 4 0 0 3 0 0 0 1 0 0 7 1 2 0 7 0 0 0 0 0 0 0 7 0 0.6684152200848548 
0 0 0 4 0 0 0 0 0 7 0 0 0 0 0 0 0 11 0 0 0 0 0 0 0 0 0 0 0 0 2 0 0 0 0 7 4 0.29615910031662684 
0 0 0 4 0 0 0 0 0 0 0 0 0 0 0 0 0 6 0 8 0 0 0 0 0 0 0 0 0 0 2 0 0 0 0 0 1 0.9848167531255609 
---
2 18 13.173342541436464 7.0 36
2 2 4 7 0 0 4 7 0 8 0 7 0 2 8 4 5 13 4 7 0 8 0 0 0 0 2 0 0 0 0 1 0 8 0 2 2 0.5901617933421139 
0 0 0 0 0 0 1 0 0 4 0 0 0 7 1 0 0 12 0 11 0 4 0 3 0 1 0 11 0 0 0 0 0 0 1 0 5 0.8093643267276369 
0 0 0 7 0 0 0 0 1 0 0 4 0 4 0 0 3 0 0 0 1 0 0 7 1 2 0 7 0 0 0 0 0 0 0 7 0 0.6684152200848548 
0 0 0 4 0 0 0 0 0 7 0 0 0 0 0 0 0 11 0 0 0 0 0 0 0 0 0 0 0 0 2 0 0 0 0 7 4 0.29615910031662684 
0 0 0 4 0 0 0 0 0 0 0 0 0 0 0 0 0 6 0 8 0 0 0 0 0 0 0 0 0 0 2 0 0 0 0 0 1 0.9848167531255609 
0 0 12 0 0 0 4 11 0 12 0 0 0 0 0 0 0 13 0 0 0 0 0 11 0 4 12 0 0 2 0 0 0 0 7 0 3 0.17561821901151697 
4 2 0 2 1 0 0 0 1 2 4 4 1 2 0 0 0 0 0 1 7 2 0 12 4 2 0 4 0 1 4 4 0 0 0 4 0 0.9288980638176675 
---
2 19 76.17403314917127 1.0 36
1 4 2 4 1 2 2 2 2 2 4 0 2 1 2 1 0 4 0 0 1 4 0 4 0 0 4 2 1 2 4 4 1 0 4 0 0 0.4993600726552905 
---
2 20 52.883287292817684 2.0 36
2 2 1 4 0 1 4 4 2 4 1 7 0 1 0 7 4 12 1 0 4 2 0 4 2 4 0 7 2 1 1 0 0 4 4 7 5 0.14396299938797597 
1 4 2 4 1 2 1 2 1 2 4 0 2 1 2 1 0 4 0 12 1 4 0 4 0 0 4 2 1 2 2 0 1 4 4 4 0 0.7672387038119348 
---
2 21 17.36878453038674 5.0 36
2 2 4 7 0 0 4 7 0 4 0 7 0 2 8 4 5 13 4 7 0 8 0 4 0 0 2 0 0 0 0 1 0 8 1 2 2 0.5285161351554069 
0 0 0 0 0 0 1 0 0 4 0 0 0 7 1 0 0 12 0 11 0 4 0 3 0 1 0 11 0 0 0 0 0 0 1 0 5 0.8093643267276369 
0 0 0 7 0 0 0 0 1 0 0 4 0 4 0 0 3 0 0 0 1 0 0 7 1 2 0 7 0 0 0 0 0 0 0 7 0 0.6684152200848548 
0 0 0 4 0 0 0 0 0 7 0 0 0 0 0 0 0 11 0 0 0 0 0 0 0 0 0 0 0 0 2 0 0 0 0 7 4 0.29615910031662684 
0 0 0 4 0 0 0 0 0 0 0 0 0 0 0 0 0 6 0 8 0 0 0 0 0 0 0 0 0 0 2 0 0 0 0 0 1 0.9848167531255609 
---
2 22 13.173342541436464 7.0 36
2 2 4 7 0 0 4 7 0 8 0 7 0 2 8 4 5 13 4 7 0 8 0 0 0 0 2 0 0 0 0 1 0 8 0 2 2 0.5901617933421139 
0 0 0 0 0 0 1 0 0 4 0 0 0 7 1 0 0 12 0 11 0 4 0 3 0 1 0 11 0 0 0 0 0 0 1 0 5 0.8093643267276369 
0 0 0 7 0 0 0 0 1 0 0 4 0 4 0 0 3 0 0 0 1 0 0 7 1 2 0 7 0 0 0 0 0 0 0 7 0 0.6684152200848548 
0 0 0 4 0 0 0 0 0 7 0 0 0 0 0 0 0 11 0 0 0 0 0 0 0 0 0 0 0 0 2 0 0 0 0 7 4 0.29615910031662684 
0 0 0 4 0 0 0 0 0 0 0 0 0 0 0 0 0 6 0 8 0 0 0 0 0 0 0 0 0 0 2 0 0 0 0 0 1 0.9848167531255609 
0 0 12 0 0 0 4 11 0 12 0 0 0 0 0 0 0 13 0 0 0 0 0 11 0 4 12 0 0 2 0 0 0 0 7 0 3 0.17561821901151697 
4 2 0 2 1 0 0 0 1 2 4 4 1 2 0 0 0 0 0 1 7 2 0 12 4 2 0 4 0 1 4 4 0 0 0 4 0 0.9288980638176675 
---
2 23 76.17403314917127 1.0 36
0 0 0 0 0 0 0 4 0 0 0 0 0 0 0 0 0 0 2 12 1 0 0 2 0 0 0 0 0 0 0 0 0 0 0 0 0 0.23832495913685348 
---
2 24 52.86602209944752 2.0 36
1 4 2 4 1 2 1 2 1 2 4 0 2 1 2 1 0 4 0 12 1 4 0 4 0 0 4 2 1 2 2 4 1 4 4 0 0 0.763561731991347 
2 2 1 4 0 1 4 4 2 4 1 7 0 1 0 7 4 12 1 0 4 2 0 4 2 4 0 7 2 1 1 0 0 4 4 7 5 0.14396299938797597 
---
2 25 17.36878453038674 5.0 36
2 2 4 7 0 0 4 7 0 4 0 7 0 2 8 4 5 13 4 7 0 8 0 4 0 0 2 0 0 0 0 1 0 8 1 2 2 0.5285161351554069 
0 0 0 0 0 0 1 0 0 4 0 0 0 7 1 0 0 12 0 11 0 4 0 3 0 1 0 11 0 0 0 0 0 0 1 0 5 0.8093643267276369 
0 0 0 7 0 0 0 0 1 0 0 4 0 4 0 0 3 0 0 0 1 0 0 7 1 2 0 7 0 0 0 0 0 0 0 7 0 0.6684152200848548 
0 0 0 4 0 0 0 0 0 7 0 0 0 0 0 0 0 11 0 0 0 0 0 0 0 0 0 0 0 0 2 0 0 0 0 7 4 0.29615910031662684 
0 0 0 4 0 0 0 0 0 0 0 0 0 0 0 0 0 6 0 8 0 0 0 0 0 0 0 0 0 0 2 0 0 0 0 0 1 0.9848167531255609 
---
2 26 76.17403314917127 1.0 36
0 0 0 0 0 0 0 4 0 0 0 0 0 0 0 0 0 0 2 12 1 0 0 2 0 0 0 0 0 0 0 0 0 0 0 0 0 0.23832495913685348 
---
2 27 52.86602209944752 2.0 36
2 2 1 4 0 1 4 4 2 4 1 7 0 1 0 7 4 12 1 0 4 2 0 4 2 4 0 7 2 1 1 0 0 4 4 7 5 0.14396299938797597 
1 4 2 4 1 2 1 2 1 2 4 0 2 1 2 1 0 4 0 12 1 4 0 4 0 0 4 2 1 2 2 4 1 4 4 0 0 0.763561731991347 
---
2 28 17.36878453038674 5.0 36
2 2 4 7 0 0 4 7 0 4 0 7 0 2 8 4 5 13 4 7 0 8 0 4 0 0 2 0 0 0 0 1 0 8 1 2 2 0.5285161351554069 
0 0 0 0 0 0 1 0 0 4 0 0 0 7 1 0 0 12 0 11 0 4 0 3 0 1 0 11 0 0 0 0 0 0 1 0 5 0.8093643267276369 
0 0 0 7 0 0 0 0 1 0 0 4 0 4 0 0 3 0 0 0 1 0 0 7 1 2 0 7 0 0 0 0 0 0 0 7 0 0.6684152200848548 
0 0 0 4 0 0 0 0 0 7 0 0 0 0 0 0 0 11 0 0 0 0 0 0 0 0 0 0 0 0 2 0 0 0 0 7 4 0.29615910031662684 
0 0 0 4 0 0 0 0 0 0 0 0 0 0 0 0 0 6 0 8 0 0 0 0 0 0 0 0 0 0 2 0 0 0 0 0 1 0.9848167531255609 
---
2 29 76.17403314917127 1.0 36
1 4 2 4 1 2 1 12 1 2 4 0 2 1 2 1 0 4 0 12 1 4 0 4 0 0 4 2 1 4 2 4 1 4 4 0 0 0.7491721011495619 
---
2 30 52.86602209944752 2.0 36
1 4 2 4 1 2 1 2 1 2 4 0 2 1 2 1 0 4 0 12 1 4 0 4 0 0 4 2 1 2 2 4 1 4 4 0 0 0.763561731991347 
2 2 1 4 0 1 4 4 2 4 1 7 0 1 0 7 4 12 1 0 4 2 0 4 2 4 0 7 2 1 1 0 0 4 4 7 5 0.14396299938797597 
---
2 31 17.36878453038674 5.0 36
2 2 4 7 0 0 4 7 0 4 0 7 0 2 8 4 5 13 4 7 0 8 0 4 0 0 2 0 0 0 0 1 0 8 1 2 2 0.5285161351554069 
0 0 0 0 0 0 1 0 0 4 0 0 0 7 1 0 0 12 0 11 0 4 0 3 0 1 0 11 0 0 0 0 0 0 1 0 5 0.8093643267276369 
0 0 0 7 0 0 0 0 1 0 0 4 0 4 0 0 3 0 0 0 1 0 0 7 1 2 0 7 0 0 0 0 0 0 0 7 0 0.6684152200848548 
0 0 0 4 0 0 0 0 0 7 0 0 0 0 0 0 0 11 0 0 0 0 0 0 0 0 0 0 0 0 2 0 0 0 0 7 4 0.29615910031662684 
0 0 0 4 0 0 0 0 0 0 0 0 0 0 0 0 0 6 0 8 0 0 0 0 0 0 0 0 0 0 2 0 0 0 0 0 1 0.9848167531255609 
---
2 32 76.17403314917127 1.0 36
0 0 0 0 0 0 0 4 0 0 0 0 0 0 0 0 0 0 2 12 1 2 0 2 0 0 0 0 0 0 0 0 0 0 0 0 0 0.18470024858417378 
---
2 33 52.86602209944752 2.0 36
1 4 2 4 1 2 1 2 1 2 4 0 2 1 2 1 0 4 0 12 1 4 0 4 0 0 4 2 1 2 2 4 1 4 4 0 0 0.763561731991347 
2 2 1 4 0 1 4 4 2 4 1 7 0 1 0 7 4 12 1 0 4 2 0 4 2 4 0 7 2 1 1 0 0 4 4 7 5 0.14396299938797597 
---
2 34 17.36878453038674 5.0 36
2 2 4 7 0 0 4 7 0 4 0 7 0 2 8 4 5 13 4 7 0 8 0 4 0 0 2 0 0 0 0 1 0 8 1 2 2 0.5285161351554069 
0 0 0 0 0 0 1 0 0 4 0 0 0 7 1 0 0 12 0 11 0 4 0 3 0 1 0 11 0 0 0 0 0 0 1 0 5 0.8093643267276369 
0 0 0 7 0 0 0 0 1 0 0 4 0 4 0 0 3 0 0 0 1 0 0 7 1 2 0 7 0 0 0 0 0 0 0 7 0 0.6684152200848548 
0 0 0 4 0 0 0 0 0 7 0 0 0 0 0 0 0 11 0 0 0 0 0 0 0 0 0 0 0 0 2 0 0 0 0 7 4 0.29615910031662684 
0 0 0 4 0 0 0 0 0 0 0 0 0 0 0 0 0 6 0 8 0 0 0 0 0 0 0 0 0 0 2 0 0 0 0 0 1 0.9848167531255609 
---
2 35 76.17403314917127 1.0 36
1 4 2 4 1 2 1 2 1 2 4 0 2 1 2 1 0 4 0 12 1 4 0 4 0 0 4 2 1 2 2 4 1 0 4 0 0 0.7560436673161921 
---
2 36 52.86602209944752 2.0 36
2 2 1 4 0 1 4 4 2 4 1 7 0 1 0 7 4 12 1 0 4 2 0 4 2 4 0 7 2 1 1 0 0 4 4 7 5 0.14396299938797597 
1 4 2 4 1 2 1 2 1 2 4 0 2 1 2 1 0 4 0 12 1 4 0 4 0 0 4 2 1 2 2 4 1 4 4 0 0 0.763561731991347 
---
2 37 17.36878453038674 5.0 36
2 2 4 7 0 0 4 7 0 4 0 7 0 2 8 4 5 13 4 7 0 8 0 4 0 0 2 0 0 0 0 1 0 8 1 2 2 0.5285161351554069 
0 0 0 0 0 0 1 0 0 4 0 0 0 7 1 0 0 12 0 11 0 4 0 3 0 1 0 11 0 0 0 0 0 0 1 0 5 0.8093643267276369 
0 0 0 7 0 0 0 0 1 0 0 4 0 4 0 0 3 0 0 0 1 0 0 7 1 2 0 7 0 0 0 0 0 0 0 7 0 0.6684152200848548 
0 0 0 4 0 0 0 0 0 7 0 0 0 0 0 0 0 11 0 0 0 0 0 0 0 0 0 0 0 0 2 0 0 0 0 7 4 0.29615910031662684 
0 0 0 4 0 0 0 0 0 0 0 0 0 0 0 0 0 6 0 8 0 0 0 0 0 0 0 0 0 0 2 0 0 0 0 0 1 0.9848167531255609 
---
2 38 15.728591160220995 6.0 36
2 2 4 7 0 0 4 7 0 4 0 2 0 2 8 4 5 13 4 7 0 8 0 4 0 0 2 0 0 0 0 1 0 8 0 2 2 0.6365866887656205 
0 0 0 0 0 0 1 0 0 4 0 0 4 7 1 0 0 12 0 11 0 4 0 3 0 1 0 11 0 0 0 0 0 0 1 0 5 0.8219589883197498 
0 0 0 7 0 0 0 0 1 0 0 4 0 4 0 0 3 0 0 0 1 0 0 7 1 2 0 7 0 0 0 0 0 0 0 7 0 0.6684152200848548 
0 0 0 4 0 0 0 0 0 7 0 0 0 0 0 0 0 11 0 0 0 0 0 0 0 0 0 0 0 0 2 0 0 0 0 7 4 0.29615910031662684 
0 0 0 4 0 0 0 0 0 0 0 0 0 0 0 0 0 6 0 8 0 0 0 0 0 0 0 0 0 0 2 0 0 0 0 0 1 0.9848167531255609 
4 2 0 2 1 0 0 0 1 2 4 4 1 2 0 0 0 0 0 1 7 2 0 12 4 2 0 4 0 1 4 4 0 0 0 4 0 0.8299874137966572 
---
2 39 76.17403314917127 1.0 36
1 4 2 4 1 2 1 2 1 2 4 0 2 1 2 1 0 4 0 12 1 4 0 4 0 0 4 2 1 2 2 0 1 4 4 4 0 0.7672387038119348 
---
2 40 52.86602209944752 2.0 36
2 2 1 4 0 1 4 4 2 4 1 7 0 1 0 7 4 12 1 0 4 2 0 4 2 4 0 7 2 1 1 0 0 4 4 7 5 0.14396299938797597 
1 4 2 4 1 2 1 2 1 2 4 0 2 1 2 1 0 4 0 12 1 4 0 4 0 0 4 2 1 2 2 4 1 4 4 0 0 0.763561731991347 
---
2 41 17.36878453038674 5.0 36
2 2 4 7 0 0 4 7 0 4 0 7 0 2 8 4 5 13 4 7 0 8 0 4 0 0 2 0 0 0 0 1 0 8 1 2 2 0.5285161351554069 
0 0 0 0 0 0 1 0 0 4 0 0 0 7 1 0 0 12 0 11 0 4 0 3 0 1 0 11 0 0 0 0 0 0 1 0 5 0.8093643267276369 
0 0 0 7 0 0 0 0 1 0 0 4 0 4 0 0 3 0 0 0 1 0 0 7 1 2 0 7 0 0 0 0 0 0 0 7 0 0.6684152200848548 
0 0 0 4 0 0 0 0 0 7 0 0 0 0 0 0 0 11 0 0 0 0 0 0 0 0 0 0 0 0 2 0 0 0 0 7 4 0.29615910031662684 
0 0 0 4 0 0 0 0 0 0 0 0 0 0 0 0 0 6 0 8 0 0 0 0 0 0 0 0 0 0 2 0 0 0 0 0 1 0.9848167531255609 
---
2 42 15.728591160220995 6.0 36
2 2 4 7 0 0 4 7 0 4 0 2 0 2 8 4 5 13 4 7 0 8 0 4 0 0 2 0 0 0 0 1 0 8 0 2 2 0.6365866887656205 
0 0 0 0 0 0 1 0 0 4 0 0 4 7 1 0 0 12 0 11 0 4 0 3 0 1 0 11 0 0 0 0 0 0 1 0 5 0.8219589883197498 
0 0 0 7 0 0 0 0 1 0 0 4 0 4 0 0 3 0 0 0 1 0 0 7 1 2 0 7 0 0 0 0 0 0 0 7 0 0.6684152200848548 
0 0 0 4 0 0 0 0 0 7 0 0 0 0 0 0 0 11 0 0 0 0 0 0 0 0 0 0 0 0 2 0 0 0 0 7 4 0.29615910031662684 
0 0 0 4 0 0 0 0 0 0 0 0 0 0 0 0 0 6 0 8 0 0 0 0 0 0 0 0 0 0 2 0 0 0 0 0 1 0.9848167531255609 
4 2 0 2 1 0 0 0 1 2 4 4 1 2 0 0 0 0 0 1 7 2 0 12 4 2 0 4 0 1 4 4 0 0 0 4 0 0.8299874137966572 
---
2 43 76.17403314917127 1.0 36
1 4 2 4 1 2 2 2 2 2 4 0 2 1 2 1 0 4 0 12 1 4 0 4 0 0 4 2 1 2 4 4 1 0 4 0 0 0.5623565598405069 
---
2 44 52.86602209944752 2.0 36
2 2 1 4 0 1 4 4 2 4 1 7 0 1 0 7 4 12 1 0 4 2 0 4 2 4 0 7 2 1 1 0 0 4 4 7 5 0.14396299938797597 
1 4 2 4 1 2 1 2 1 2 4 0 2 1 2 1 0 4 0 12 1 4 0 4 0 0 4 2 1 2 2 4 1 4 4 0 0 0.763561731991347 
---
3 0 76.17403314917127 1.0 36
1 4 0 4 4 0 0 0 0 0 0 0 0 0 0 12 0 0 0 4 0 0 2 1 0 4 0 0 0 0 0 4 0 0 0 0 0 0.19023311547781097 
---
3 1 52.72790055248618 2.0 36
4 1 4 4 2 0 0 0 2 1 1 1 4 1 1 7 2 1 2 0 4 1 0 1 1 0 4 0 2 4 0 7 2 0 2 1 5 0.16052778596869843 
0 2 2 2 1 0 2 12 1 1 4 0 1 1 0 0 1 0 0 2 4 1 1 12 1 4 2 0 0 2 0 12 1 2 2 1 0 0.6930149228281374 
---
3 2 52.72790055248618 2.0 36
4 1 4 4 2 0 0 0 2 1 1 1 4 1 1 7 2 1 2 0 4 1 0 1 1 0 4 0 2 4 0 7 2 0 2 1 5 0.16052778596869843 
0 2 2 2 1 0 2 12 1 1 4 0 1 1 0 0 1 0 0 2 4 1 1 12 1 4 2 0 0 2 0 12 1 2 2 1 0 0.6930149228281374 
---
3 3 13.466850828729282 7.0 36
0 0 0 4 0 0 0 0 0 7 0 0 0 0 0 0 0 11 0 0 0 0 0 0 0 0 0 0 0 0 2 0 0 0 0 7 4 0.29615910031662684 
0 0 0 8 0 0 0 0 0 0 0 0 0 10 0 0 0 0 0 0 0 0 0 0 0 0 0 0 0 0 0 0 0 0 4 0 1 0.9980911209841847 
0 0 0 7 0 0 0 0 1 0 0 4 0 4 0 0 3 0 0 0 1 0 0 7 1 2 0 7 0 0 0 0 0 0 0 7 0 0.6684152200848548 
0 0 12 0 0 0 4 11 0 12 0 0 0 0 0 0 0 13 0 0 0 0 0 11 0 4 12 0 0 2 0 0 0 0 7 0 3 0.17561821901151697 
4 2 0 2 1 0 0 0 1 2 4 4 1 2 0 0 0 4 0 1 7 2 0 12 4 2 0 4 0 1 4 4 0 0 0 4 0 0.8661788713824979 
0 0 0 0 0 0 1 0 0 4 0 0 4 7 1 0 0 12 0 11 0 4 0 3 0 1 0 11 0 0 0 0 0 0 1 0 5 0.8219589883197498 
2 2 4 7 0 0 4 7 0 4 0 7 0 2 8 4 5 13 4 7 0 8 0 4 0 0 2 0 0 0 0 1 0 8 0 2 2 0.5801895533209667 
---
3 4 25.293508287292816 4.0 36
0 0 0 0 0 0 1 0 0 4 0 0 4 7 1 0 0 12 0 11 0 4 0 3 0 1 0 11 0 0 0 0 0 0 1 0 5 0.8425372338982153 
0 0 0 7 0 0 0 0 1 0 0 4 0 4 0 0 3 0 0 0 1 0 0 7 1 2 0 7 0 0 0 0 0 0 0 7 0 0.6684152200848548 
2 2 4 7 0 0 4 7 2 4 0 7 0 2 8 4 5 5 4 7 0 8 0 4 0 0 2 0 0 0 0 1 0 8 0 2 2 0.5012921874219234 
0 0 0 4 0 0 0 0 0 0 0 0 0 0 0 0 0 11 0 8 0 0 0 0 0 0 0 0 0 0 2 0 0 0 0 0 1 0.5460196487716763 
---
3 5 25.293508287292816 4.0 36
0 0 0 0 0 0 1 0 0 4 0 0 4 7 1 0 0 12 0 11 0 4 0 3 0 1 0 11 0 0 0 0 0 0 1 0 5 0.8425372338982153 
0 0 0 7 0 0 0 0 1 0 0 4 0 4 0 0 3 0 0 0 1 0 0 7 1 2 0 7 0 0 0 0 0 0 0 7 0 0.6684152200848548 
2 2 4 7 0 0 4 7 2 4 0 7 0 2 8 4 5 5 4 7 0 8 0 4 0 0 2 0 0 0 0 1 0 8 0 2 2 0.5012921874219234 
0 0 0 4 0 0 0 0 0 0 0 0 0 0 0 0 0 11 0 8 0 0 0 0 0 0 0 0 0 0 2 0 0 0 0 0 1 0.5460196487716763 
---
3 6 17.316988950276244 5.0 36
2 2 4 7 0 0 4 7 2 4 0 7 0 2 8 4 5 5 4 7 0 8 0 4 0 0 2 0 0 0 0 1 0 8 0 2 2 0.5012921874219234 
0 0 0 7 0 0 0 0 1 0 0 4 0 4 0 0 3 0 0 0 1 0 0 7 1 2 0 7 0 0 0 0 0 0 0 7 0 0.6684152200848548 
0 0 0 0 0 0 1 0 0 4 0 0 4 7 1 0 0 12 0 11 0 4 0 3 0 1 0 11 0 0 0 0 0 0 1 0 5 0.8219589883197498 
0 0 0 4 0 0 0 0 0 7 0 0 0 0 0 0 0 11 0 0 0 0 0 0 0 0 0 0 0 0 2 0 0 0 0 7 4 0.29615910031662684 
0 0 0 4 0 0 0 0 0 0 0 0 0 0 0 0 0 6 0 8 0 0 0 0 0 0 0 0 0 0 2 0 0 0 0 0 1 0.9848167531255609 
---
3 7 17.316988950276244 5.0 36
2 2 4 7 0 0 4 7 2 4 0 7 0 2 8 4 5 5 4 7 0 8 0 4 0 0 2 0 0 0 0 1 0 8 0 2 2 0.5012921874219234 
0 0 0 7 0 0 0 0 1 0 0 4 0 4 0 0 3 0 0 0 1 0 0 7 1 2 0 7 0 0 0 0 0 0 0 7 0 0.6684152200848548 
0 0 0 0 0 0 1 0 0 4 0 0 4 7 1 0 0 12 0 11 0 4 0 3 0 1 0 11 0 0 0 0 0 0 1 0 5 0.8219589883197498 
0 0 0 4 0 0 0 0 0 7 0 0 0 0 0 0 0 11 0 0 0 0 0 0 0 0 0 0 0 0 2 0 0 0 0 7 4 0.29615910031662684 
0 0 0 4 0 0 0 0 0 0 0 0 0 0 0 0 0 6 0 8 0 0 0 0 0 0 0 0 0 0 2 0 0 0 0 0 1 0.9848167531255609 
---
3 8 15.037983425414364 6.0 36
0 0 0 0 0 0 1 0 0 4 0 0 4 7 1 0 0 12 0 11 0 4 0 3 0 1 0 11 0 0 0 0 0 0 1 0 5 0.8219589883197498 
2 2 4 7 0 0 4 7 0 4 0 7 0 2 8 4 5 13 4 7 0 8 0 4 0 0 2 0 0 0 0 1 0 8 0 2 2 0.5801895533209667 
0 0 0 7 0 0 0 0 1 0 0 4 0 4 0 0 3 0 0 0 1 0 0 7 1 2 0 7 0 0 0 0 0 0 0 7 0 0.6684152200848548 
0 0 0 4 0 0 0 0 0 7 0 0 0 0 0 0 0 11 0 0 0 0 0 0 0 0 0 0 0 0 2 0 0 0 0 7 4 0.29615910031662684 
0 0 12 0 0 0 4 11 0 12 0 0 0 0 0 0 0 13 0 0 0 0 0 11 0 4 12 0 0 2 0 0 0 0 7 0 3 0.17561821901151697 
0 0 0 8 0 0 0 0 0 0 0 0 0 10 0 0 0 0 0 0 0 0 0 0 0 0 0 0 0 0 0 0 0 0 4 0 1 0.9980911209841847 
---
3 9 15.037983425414364 6.0 36
0 0 0 0 0 0 1 0 0 4 0 0 4 7 1 0 0 12 0 11 0 4 0 3 0 1 0 11 0 0 0 0 0 0 1 0 5 0.8219589883197498 
2 2 4 7 0 0 4 7 0 4 0 7 0 2 8 4 5 13 4 7 0 8 0 4 0 0 2 0 0 0 0 1 0 8 0 2 2 0.5801895533209667 
0 0 0 7 0 0 0 0 1 0 0 4 0 4 0 0 3 0 0 0 1 0 0 7 1 2 0 7 0 0 0 0 0 0 0 7 0 0.6684152200848548 
0 0 0 4 0 0 0 0 0 7 0 0 0 0 0 0 0 11 0 0 0 0 0 0 0 0 0 0 0 0 2 0 0 0 0 7 4 0.29615910031662684 
0 0 12 0 0 0 4 11 0 12 0 0 0 0 0 0 0 13 0 0 0 0 0 11 0 4 12 0 0 2 0 0 0 0 7 0 3 0.17561821901151697 
0 0 0 8 0 0 0 0 0 0 0 0 0 10 0 0 0 0 0 0 0 0 0 0 0 0 0 0 0 0 0 0 0 0 4 0 1 0.9980911209841847 
---
3 10 12.448204419889503 8.0 36
4 2 0 2 1 0 0 0 1 2 4 4 1 2 0 0 0 4 0 1 7 2 0 12 4 2 0 4 0 1 4 4 0 0 0 4 0 0.8661788713824979 
2 2 4 7 0 0 4 7 0 4 0 7 0 2 8 4 5 13 4 7 0 8 0 4 0 0 2 0 0 0 0 1 0 8 0 2 2 0.5801895533209667 
0 0 0 8 0 0 0 0 0 0 0 0 0 10 0 0 0 0 0 0 0 0 0 0 0 0 0 0 0 0 0 0 0 0 4 0 1 0.9980911209841847 
0 0 0 0 0 0 1 0 0 4 0 0 4 7 1 0 0 12 0 11 0 4 0 3 0 1 0 11 0 0 0 0 0 0 1 0 5 0.8219589883197498 
0 0 0 7 0 0 0 0 1 0 0 4 0 4 0 0 3 0 0 0 1 0 0 7 1 2 0 7 0 0 0 0 0 0 0 7 0 0.6684152200848548 
0 0 12 0 0 0 4 11 0 12 0 0 0 0 0 0 0 13 0 0 0 0 0 11 0 4 12 0 0 2 0 0 0 0 7 0 3 0.17561821901151697 
0 0 0 4 0 0 0 0 0 7 0 0 0 0 0 0 0 11 0 0 0 0 0 0 0 0 0 0 0 0 2 0 0 0 0 7 4 0.29615910031662684 
0 0 0 4 0 0 0 0 0 0 0 0 0 0 0 0 0 6 0 8 0 0 0 0 0 0 0 0 0 0 2 0 0 0 0 0 1 0.9848167531255609 
---
3 11 12.448204419889503 8.0 36
4 2 0 2 1 0 0 0 1 2 4 4 1 2 0 0 0 4 0 1 7 2 0 12 4 2 0 4 0 1 4 4 0 0 0 4 0 0.8661788713824979 
2 2 4 7 0 0 4 7 0 4 0 7 0 2 8 4 5 13 4 7 0 8 0 4 0 0 2 0 0 0 0 1 0 8 0 2 2 0.5801895533209667 
0 0 0 8 0 0 0 0 0 0 0 0 0 10 0 0 0 0 0 0 0 0 0 0 0 0 0 0 0 0 0 0 0 0 4 0 1 0.9980911209841847 
0 0 0 0 0 0 1 0 0 4 0 0 4 7 1 0 0 12 0 11 0 4 0 3 0 1 0 11 0 0 0 0 0 0 1 0 5 0.8219589883197498 
0 0 0 7 0 0 0 0 1 0 0 4 0 4 0 0 3 0 0 0 1 0 0 7 1 2 0 7 0 0 0 0 0 0 0 7 0 0.6684152200848548 
0 0 12 0 0 0 4 11 0 12 0 0 0 0 0 0 0 13 0 0 0 0 0 11 0 4 12 0 0 2 0 0 0 0 7 0 3 0.17561821901151697 
0 0 0 4 0 0 0 0 0 7 0 0 0 0 0 0 0 11 0 0 0 0 0 0 0 0 0 0 0 0 2 0 0 0 0 7 4 0.29615910031662684 
0 0 0 4 0 0 0 0 0 0 0 0 0 0 0 0 0 6 0 8 0 0 0 0 0 0 0 0 0 0 2 0 0 0 0 0 1 0.9848167531255609 
---
3 12 76.17403314917127 1.0 36
1 4 0 4 4 1 0 0 0 0 0 0 0 0 0 12 0 0 0 4 0 0 2 1 0 4 0 0 0 0 0 4 0 0 0 0 0 0.1748963254813265 
---
3 13 52.72790055248618 2.0 36
4 1 4 4 2 0 0 0 2 1 1 1 4 1 1 7 2 1 2 0 4 1 0 1 1 0 4 0 2 4 0 7 2 0 2 1 5 0.16052778596869843 
0 2 2 2 1 0 2 12 1 1 4 0 1 1 0 0 1 0 0 2 4 1 1 12 1 4 2 0 0 2 0 12 1 2 2 1 0 0.6930149228281374 
---
3 14 17.316988950276244 5.0 36
2 2 4 7 0 0 4 7 2 4 0 7 0 2 8 4 5 5 4 7 0 8 0 4 0 0 2 0 0 0 0 1 0 8 0 2 2 0.5012921874219234 
0 0 0 7 0 0 0 0 1 0 0 4 0 4 0 0 3 0 0 0 1 0 0 7 1 2 0 7 0 0 0 0 0 0 0 7 0 0.6684152200848548 
0 0 0 0 0 0 1 0 0 4 0 0 4 7 1 0 0 12 0 11 0 4 0 3 0 1 0 11 0 0 0 0 0 0 1 0 5 0.8219589883197498 
0 0 0 4 0 0 0 0 0 7 0 0 0 0 0 0 0 11 0 0 0 0 0 0 0 0 0 0 0 0 2 0 0 0 0 7 4 0.29615910031662684 
0 0 0 4 0 0 0 0 0 0 0 0 0 0 0 0 0 6 0 8 0 0 0 0 0 0 0 0 0 0 2 0 0 0 0 0 1 0.9848167531255609 
---
3 15 15.037983425414364 6.0 36
0 0 0 0 0 0 1 0 0 4 0 0 4 7 1 0 0 12 0 11 0 4 0 3 0 1 0 11 0 0 0 0 0 0 1 0 5 0.8219589883197498 
2 2 4 7 0 0 4 7 0 4 0 7 0 2 8 4 5 13 4 7 0 8 0 4 0 0 2 0 0 0 0 1 0 8 0 2 2 0.5801895533209667 
0 0 0 7 0 0 0 0 1 0 0 4 0 4 0 0 3 0 0 0 1 0 0 7 1 2 0 7 0 0 0 0 0 0 0 7 0 0.6684152200848548 
0 0 0 4 0 0 0 0 0 7 0 0 0 0 0 0 0 11 0 0 0 0 0 0 0 0 0 0 0 0 2 0 0 0 0 7 4 0.29615910031662684 
0 0 12 0 0 0 4 11 0 12 0 0 0 0 0 0 0 13 0 0 0 0 0 11 0 4 12 0 0 2 0 0 0 0 7 0 3 0.17561821901151697 
0 0 0 8 0 0 0 0 0 0 0 0 0 10 0 0 0 0 0 0 0 0 0 0 0 0 0 0 0 0 0 0 0 0 4 0 1 0.9980911209841847 
---
3 16 12.448204419889503 8.0 36
4 2 0 2 1 0 0 0 1 2 4 4 1 2 0 0 0 4 0 1 7 2 0 12 4 2 0 4 0 1 4 4 0 0 0 4 0 0.8661788713824979 
2 2 4 7 0 0 4 7 0 4 0 7 0 2 8 4 5 13 4 7 0 8 0 4 0 0 2 0 0 0 0 1 0 8 0 2 2 0.5801895533209667 
0 0 0 8 0 0 0 0 0 0 0 0 0 10 0 0 0 0 0 0 0 0 0 0 0 0 0 0 0 0 0 0 0 0 4 0 1 0.9980911209841847 
0 0 0 0 0 0 1 0 0 4 0 0 4 7 1 0 0 12 0 11 0 4 0 3 0 1 0 11 0 0 0 0 0 0 1 0 5 0.8219589883197498 
0 0 0 7 0 0 0 0 1 0 0 4 0 4 0 0 3 0 0 0 1 0 0 7 1 2 0 7 0 0 0 0 0 0 0 7 0 0.6684152200848548 
0 0 12 0 0 0 4 11 0 12 0 0 0 0 0 0 0 13 0 0 0 0 0 11 0 4 12 0 0 2 0 0 0 0 7 0 3 0.17561821901151697 
0 0 0 4 0 0 0 0 0 7 0 0 0 0 0 0 0 11 0 0 0 0 0 0 0 0 0 0 0 0 2 0 0 0 0 7 4 0.29615910031662684 
0 0 0 4 0 0 0 0 0 0 0 0 0 0 0 0 0 6 0 8 0 0 0 0 0 0 0 0 0 0 2 0 0 0 0 0 1 0.9848167531255609 
---
3 17 76.17403314917127 1.0 36
0 2 2 2 1 0 2 12 1 1 4 0 1 1 0 0 1 0 0 2 1 1 1 4 1 4 2 0 0 2 0 12 1 2 4 1 0 0.6522176930757095 
---
3 18 52.83149171270718 2.0 36
0 2 2 2 1 0 2 12 1 1 4 0 1 1 0 0 1 0 0 2 4 1 1 12 1 4 2 0 0 2 0 12 1 2 4 1 0 0.6101827141484087 
4 1 4 4 2 0 0 0 2 1 1 1 4 1 1 7 2 1 2 0 4 1 0 1 1 0 4 0 2 4 0 7 2 0 2 1 5 0.16052778596869843 
---
3 19 17.316988950276244 5.0 36
2 2 4 7 0 0 4 7 2 4 0 7 0 2 8 4 5 5 4 7 0 8 0 4 0 0 2 0 0 0 0 1 0 8 0 2 2 0.5012921874219234 
0 0 0 7 0 0 0 0 1 0 0 4 0 4 0 0 3 0 0 0 1 0 0 7 1 2 0 7 0 0 0 0 0 0 0 7 0 0.6684152200848548 
0 0 0 0 0 0 1 0 0 4 0 0 4 7 1 0 0 12 0 11 0 4 0 3 0 1 0 11 0 0 0 0 0 0 1 0 5 0.8219589883197498 
0 0 0 4 0 0 0 0 0 7 0 0 0 0 0 0 0 11 0 0 0 0 0 0 0 0 0 0 0 0 2 0 0 0 0 7 4 0.29615910031662684 
0 0 0 4 0 0 0 0 0 0 0 0 0 0 0 0 0 6 0 8 0 0 0 0 0 0 0 0 0 0 2 0 0 0 0 0 1 0.9848167531255609 
---
3 20 15.037983425414364 6.0 36
0 0 0 0 0 0 1 0 0 4 0 0 4 7 1 0 0 12 0 11 0 4 0 3 0 1 0 11 0 0 0 0 0 0 1 0 5 0.8219589883197498 
2 2 4 7 0 0 4 7 0 4 0 7 0 2 8 4 5 13 4 7 0 8 0 4 0 0 2 0 0 0 0 1 0 8 0 2 2 0.5801895533209667 
0 0 0 7 0 0 0 0 1 0 0 4 0 4 0 0 3 0 0 0 1 0 0 7 1 2 0 7 0 0 0 0 0 0 0 7 0 0.6684152200848548 
0 0 0 4 0 0 0 0 0 7 0 0 0 0 0 0 0 11 0 0 0 0 0 0 0 0 0 0 0 0 2 0 0 0 0 7 4 0.29615910031662684 
0 0 12 0 0 0 4 11 0 12 0 0 0 0 0 0 0 13 0 0 0 0 0 11 0 4 12 0 0 2 0 0 0 0 7 0 3 0.17561821901151697 
0 0 0 8 0 0 0 0 0 0 0 0 0 10 0 0 0 0 0 0 0 0 0 0 0 0 0 0 0 0 0 0 0 0 4 0 1 0.9980911209841847 
---
3 21 12.448204419889503 8.0 36
4 2 0 2 1 0 0 0 1 2 4 4 1 2 0 0 0 4 0 1 7 2 0 12 4 2 0 4 0 1 4 4 0 0 0 4 0 0.8661788713824979 
2 2 4 7 0 0 4 7 0 4 0 7 0 2 8 4 5 13 4 7 0 8 0 4 0 0 2 0 0 0 0 1 0 8 0 2 2 0.5801895533209667 
0 0 0 8 0 0 0 0 0 0 0 0 0 10 0 0 0 0 0 0 0 0 0 0 0 0 0 0 0 0 0 0 0 0 4 0 1 0.9980911209841847 
0 0 0 0 0 0 1 0 0 4 0 0 4 7 1 0 0 12 0 11 0 4 0 3 0 1 0 11 0 0 0 0 0 0 1 0 5 0.8219589883197498 
0 0 0 7 0 0 0 0 1 0 0 4 0 4 0 0 3 0 0 0 1 0 0 7 1 2 0 7 0 0 0 0 0 0 0 7 0 0.6684152200848548 
0 0 12 0 0 0 4 11 0 12 0 0 0 0 0 0 0 13 0 0 0 0 0 11 0 4 12 0 0 2 0 0 0 0 7 0 3 0.17561821901151697 
0 0 0 4 0 0 0 0 0 7 0 0 0 0 0 0 0 11 0 0 0 0 0 0 0 0 0 0 0 0 2 0 0 0 0 7 4 0.29615910031662684 
0 0 0 4 0 0 0 0 0 0 0 0 0 0 0 0 0 6 0 8 0 0 0 0 0 0 0 0 0 0 2 0 0 0 0 0 1 0.9848167531255609 
---
3 22 76.17403314917127 1.0 36
0 2 2 2 1 0 2 12 1 1 4 0 1 1 0 0 1 0 0 2 4 1 1 12 1 4 2 0 0 2 0 12 1 2 4 1 0 0.6101827141484087 
---
3 23 52.83149171270718 2.0 36
0 2 2 2 1 0 2 12 1 1 4 0 1 1 0 0 1 0 0 2 4 1 1 12 1 4 2 0 0 2 0 12 1 2 4 1 0 0.6101827141484087 
4 1 4 4 2 0 0 0 2 1 1 1 4 1 1 7 2 1 2 0 4 1 0 1 1 0 4 0 2 4 0 7 2 0 2 1 5 0.16052778596869843 
---
3 24 34.357734806629836 3.0 36
4 1 4 4 0 0 0 0 2 1 1 2 4 1 1 0 2 7 7 0 4 1 0 1 1 0 4 2 2 4 0 7 2 0 4 1 5 0.1356885596986459 
0 2 2 2 1 0 2 12 1 1 4 0 1 1 0 0 1 0 0 2 4 1 1 2 1 4 2 0 0 4 0 12 1 2 2 1 0 0.5422949103523492 
2 5 1 0 4 1 2 4 1 2 1 4 2 0 8 7 2 13 0 2 4 8 0 0 0 2 1 7 5 5 1 0 2 8 1 0 2 0.5837345948967094 
---
3 25 17.316988950276244 5.0 36
2 2 4 7 0 0 4 7 2 4 0 7 0 2 8 4 5 5 4 7 0 8 0 4 0 0 2 0 0 0 0 1 0 8 0 2 2 0.5012921874219234 
0 0 0 7 0 0 0 0 1 0 0 4 0 4 0 0 3 0 0 0 1 0 0 7 1 2 0 7 0 0 0 0 0 0 0 7 0 0.6684152200848548 
0 0 0 0 0 0 1 0 0 4 0 0 4 7 1 0 0 12 0 11 0 4 0 3 0 1 0 11 0 0 0 0 0 0 1 0 5 0.8219589883197498 
0 0 0 4 0 0 0 0 0 7 0 0 0 0 0 0 0 11 0 0 0 0 0 0 0 0 0 0 0 0 2 0 0 0 0 7 4 0.29615910031662684 
0 0 0 4 0 0 0 0 0 0 0 0 0 0 0 0 0 6 0 8 0 0 0 0 0 0 0 0 0 0 2 0 0 0 0 0 1 0.9848167531255609 
---
3 26 15.037983425414364 6.0 36
0 0 0 0 0 0 1 0 0 4 0 0 4 7 1 0 0 12 0 11 0 4 0 3 0 1 0 11 0 0 0 0 0 0 1 0 5 0.8219589883197498 
2 2 4 7 0 0 4 7 0 4 0 7 0 2 8 4 5 13 4 7 0 8 0 4 0 0 2 0 0 0 0 1 0 8 0 2 2 0.5801895533209667 
0 0 0 7 0 0 0 0 1 0 0 4 0 4 0 0 3 0 0 0 1 0 0 7 1 2 0 7 0 0 0 0 0 0 0 7 0 0.6684152200848548 
0 0 0 4 0 0 0 0 0 7 0 0 0 0 0 0 0 11 0 0 0 0 0 0 0 0 0 0 0 0 2 0 0 0 0 7 4 0.29615910031662684 
0 0 12 0 0 0 4 11 0 12 0 0 0 0 0 0 0 13 0 0 0 0 0 11 0 4 12 0 0 2 0 0 0 0 7 0 3 0.17561821901151697 
0 0 0 8 0 0 0 0 0 0 0 0 0 10 0 0 0 0 0 0 0 0 0 0 0 0 0 0 0 0 0 0 0 0 4 0 1 0.9980911209841847 
---
3 27 12.448204419889503 8.0 36
4 2 0 2 1 0 0 0 1 2 4 4 1 2 0 0 0 4 0 1 7 2 0 12 4 2 0 4 0 1 4 4 0 0 0 4 0 0.8661788713824979 
2 2 4 7 0 0 4 7 0 4 0 7 0 2 8 4 5 13 4 7 0 8 0 4 0 0 2 0 0 0 0 1 0 8 0 2 2 0.5801895533209667 
0 0 0 8 0 0 0 0 0 0 0 0 0 10 0 0 0 0 0 0 0 0 0 0 0 0 0 0 0 0 0 0 0 0 4 0 1 0.9980911209841847 
0 0 0 0 0 0 1 0 0 4 0 0 4 7 1 0 0 12 0 11 0 4 0 3 0 1 0 11 0 0 0 0 0 0 1 0 5 0.8219589883197498 
0 0 0 7 0 0 0 0 1 0 0 4 0 4 0 0 3 0 0 0 1 0 0 7 1 2 0 7 0 0 0 0 0 0 0 7 0 0.6684152200848548 
0 0 12 0 0 0 4 11 0 12 0 0 0 0 0 0 0 13 0 0 0 0 0 11 0 4 12 0 0 2 0 0 0 0 7 0 3 0.17561821901151697 
0 0 0 4 0 0 0 0 0 7 0 0 0 0 0 0 0 11 0 0 0 0 0 0 0 0 0 0 0 0 2 0 0 0 0 7 4 0.29615910031662684 
0 0 0 4 0 0 0 0 0 0 0 0 0 0 0 0 0 6 0 8 0 0 0 0 0 0 0 0 0 0 2 0 0 0 0 0 1 0.9848167531255609 
---
3 28 76.17403314917127 1.0 36
0 2 2 2 1 0 2 12 1 1 4 0 1 1 0 0 1 0 0 2 1 1 1 4 1 4 2 0 0 2 0 12 1 2 4 1 0 0.6522176930757095 
---
3 29 52.83149171270718 2.0 36
0 2 2 2 1 0 2 12 1 1 4 0 1 1 0 0 1 0 0 2 4 1 1 12 1 4 2 0 0 2 0 12 1 2 4 1 0 0.6101827141484087 
4 1 4 4 2 0 0 0 2 1 1 1 4 1 1 7 2 1 2 0 4 1 0 1 1 0 4 0 2 4 0 7 2 0 2 1 5 0.16052778596869843 
---
3 30 17.316988950276244 5.0 36
2 2 4 7 0 0 4 7 2 4 0 7 0 2 8 4 5 5 4 7 0 8 0 4 0 0 2 0 0 0 0 1 0 8 0 2 2 0.5012921874219234 
0 0 0 7 0 0 0 0 1 0 0 4 0 4 0 0 3 0 0 0 1 0 0 7 1 2 0 7 0 0 0 0 0 0 0 7 0 0.6684152200848548 
0 0 0 0 0 0 1 0 0 4 0 0 4 7 1 0 0 12 0 11 0 4 0 3 0 1 0 11 0 0 0 0 0 0 1 0 5 0.8219589883197498 
0 0 0 4 0 0 0 0 0 7 0 0 0 0 0 0 0 11 0 0 0 0 0 0 0 0 0 0 0 0 2 0 0 0 0 7 4 0.29615910031662684 
0 0 0 4 0 0 0 0 0 0 0 0 0 0 0 0 0 6 0 8 0 0 0 0 0 0 0 0 0 0 2 0 0 0 0 0 1 0.9848167531255609 
---
3 31 12.448204419889503 8.0 36
4 2 0 2 1 0 0 0 1 2 4 4 1 2 0 0 0 4 0 1 7 2 0 12 4 2 0 4 0 1 4 4 0 0 0 4 0 0.8661788713824979 
2 2 4 7 0 0 4 7 0 4 0 7 0 2 8 4 5 13 4 7 0 8 0 4 0 0 2 0 0 0 0 1 0 8 0 2 2 0.5801895533209667 
0 0 0 8 0 0 0 0 0 0 0 0 0 10 0 0 0 0 0 0 0 0 0 0 0 0 0 0 0 0 0 0 0 0 4 0 1 0.9980911209841847 
0 0 0 0 0 0 1 0 0 4 0 0 4 7 1 0 0 12 0 11 0 4 0 3 0 1 0 11 0 0 0 0 0 0 1 0 5 0.8219589883197498 
0 0 0 7 0 0 0 0 1 0 0 4 0 4 0 0 3 0 0 0 1 0 0 7 1 2 0 7 0 0 0 0 0 0 0 7 0 0.6684152200848548 
0 0 12 0 0 0 4 11 0 12 0 0 0 0 0 0 0 13 0 0 0 0 0 11 0 4 12 0 0 2 0 0 0 0 7 0 3 0.17561821901151697 
0 0 0 4 0 0 0 0 0 7 0 0 0 0 0 0 0 11 0 0 0 0 0 0 0 0 0 0 0 0 2 0 0 0 0 7 4 0.29615910031662684 
0 0 0 4 0 0 0 0 0 0 0 0 0 0 0 0 0 6 0 8 0 0 0 0 0 0 0 0 0 0 2 0 0 0 0 0 1 0.9848167531255609 
---
3 32 76.17403314917127 1.0 36
0 2 2 2 1 0 2 12 1 1 4 0 1 1 0 0 1 0 0 2 4 1 1 12 1 4 2 0 0 4 0 12 1 2 2 1 0 0.5399451071428714 
---
3 33 52.72790055248618 2.0 36
0 2 2 2 1 0 2 12 1 1 4 0 1 1 0 0 1 0 0 2 4 1 1 12 1 4 2 0 0 2 0 12 1 2 2 1 0 0.6930149228281374 
4 1 4 4 2 0 0 0 2 1 1 1 4 1 1 7 2 1 2 0 4 1 0 1 1 0 4 0 2 4 0 7 2 0 2 1 5 0.16052778596869843 
---
3 34 17.316988950276244 5.0 36
2 2 4 7 0 0 4 7 2 4 0 7 0 2 8 4 5 5 4 7 0 8 0 4 0 0 2 0 0 0 0 1 0 8 0 2 2 0.5012921874219234 
0 0 0 7 0 0 0 0 1 0 0 4 0 4 0 0 3 0 0 0 1 0 0 7 1 2 0 7 0 0 0 0 0 0 0 7 0 0.6684152200848548 
0 0 0 0 0 0 1 0 0 4 0 0 4 7 1 0 0 12 0 11 0 4 0 3 0 1 0 11 0 0 0 0 0 0 1 0 5 0.8219589883197498 
0 0 0 4 0 0 0 0 0 7 0 0 0 0 0 0 0 11 0 0 0 0 0 0 0 0 0 0 0 0 2 0 0 0 0 7 4 0.29615910031662684 
0 0 0 4 0 0 0 0 0 0 0 0 0 0 0 0 0 6 0 8 0 0 0 0 0 0 0 0 0 0 2 0 0 0 0 0 1 0.9848167531255609 
---
3 35 12.448204419889503 8.0 36
4 2 0 2 1 0 0 0 1 2 4 4 1 2 0 0 0 4 0 1 7 2 0 12 4 2 0 4 0 1 4 4 0 0 0 4 0 0.8661788713824979 
2 2 4 7 0 0 4 7 0 4 0 7 0 2 8 4 5 13 4 7 0 8 0 4 0 0 2 0 0 0 0 1 0 8 0 2 2 0.5801895533209667 
0 0 0 8 0 0 0 0 0 0 0 0 0 10 0 0 0 0 0 0 0 0 0 0 0 0 0 0 0 0 0 0 0 0 4 0 1 0.9980911209841847 
0 0 0 0 0 0 1 0 0 4 0 0 4 7 1 0 0 12 0 11 0 4 0 3 0 1 0 11 0 0 0 0 0 0 1 0 5 0.8219589883197498 
0 0 0 7 0 0 0 0 1 0 0 4 0 4 0 0 3 0 0 0 1 0 0 7 1 2 0 7 0 0 0 0 0 0 0 7 0 0.6684152200848548 
0 0 12 0 0 0 4 11 0 12 0 0 0 0 0 0 0 13 0 0 0 0 0 11 0 4 12 0 0 2 0 0 0 0 7 0 3 0.17561821901151697 
0 0 0 4 0 0 0 0 0 7 0 0 0 0 0 0 0 11 0 0 0 0 0 0 0 0 0 0 0 0 2 0 0 0 0 7 4 0.29615910031662684 
0 0 0 4 0 0 0 0 0 0 0 0 0 0 0 0 0 6 0 8 0 0 0 0 0 0 0 0 0 0 2 0 0 0 0 0 1 0.9848167531255609 
---
3 36 76.17403314917127 1.0 36
1 4 0 4 4 1 0 0 0 0 0 0 0 0 0 12 0 0 0 4 0 0 2 1 0 4 0 0 0 0 0 4 0 0 0 0 0 0.1748963254813265 
---
3 37 52.77969613259669 2.0 36
4 1 4 4 2 0 0 0 2 1 1 1 4 1 1 7 2 1 2 0 4 1 0 1 1 0 4 0 2 4 0 7 2 0 2 1 5 0.16052778596869843 
0 2 2 2 1 0 2 12 1 1 4 0 1 1 0 0 1 0 0 2 4 1 1 12 1 4 2 0 0 4 0 12 1 2 2 1 0 0.5399451071428714 
---
3 38 17.316988950276244 5.0 36
2 2 4 7 0 0 4 7 2 4 0 7 0 2 8 4 5 5 4 7 0 8 0 4 0 0 2 0 0 0 0 1 0 8 0 2 2 0.5012921874219234 
0 0 0 7 0 0 0 0 1 0 0 4 0 4 0 0 3 0 0 0 1 0 0 7 1 2 0 7 0 0 0 0 0 0 0 7 0 0.6684152200848548 
0 0 0 0 0 0 1 0 0 4 0 0 4 7 1 0 0 12 0 11 0 4 0 3 0 1 0 11 0 0 0 0 0 0 1 0 5 0.8219589883197498 
0 0 0 4 0 0 0 0 0 7 0 0 0 0 0 0 0 11 0 0 0 0 0 0 0 0 0 0 0 0 2 0 0 0 0 7 4 0.29615910031662684 
0 0 0 4 0 0 0 0 0 0 0 0 0 0 0 0 0 6 0 8 0 0 0 0 0 0 0 0 0 0 2 0 0 0 0 0 1 0.9848167531255609 
---
3 39 12.448204419889503 8.0 36
4 2 0 2 1 0 0 0 1 2 4 4 1 2 0 0 0 4 0 1 7 2 0 12 4 2 0 4 0 1 4 4 0 0 0 4 0 0.8661788713824979 
2 2 4 7 0 0 4 7 0 4 0 7 0 2 8 4 5 13 4 7 0 8 0 4 0 0 2 0 0 0 0 1 0 8 0 2 2 0.5801895533209667 
0 0 0 8 0 0 0 0 0 0 0 0 0 10 0 0 0 0 0 0 0 0 0 0 0 0 0 0 0 0 0 0 0 0 4 0 1 0.9980911209841847 
0 0 0 0 0 0 1 0 0 4 0 0 4 7 1 0 0 12 0 11 0 4 0 3 0 1 0 11 0 0 0 0 0 0 1 0 5 0.8219589883197498 
0 0 0 7 0 0 0 0 1 0 0 4 0 4 0 0 3 0 0 0 1 0 0 7 1 2 0 7 0 0 0 0 0 0 0 7 0 0.6684152200848548 
0 0 12 0 0 0 4 11 0 12 0 0 0 0 0 0 0 13 0 0 0 0 0 11 0 4 12 0 0 2 0 0 0 0 7 0 3 0.17561821901151697 
0 0 0 4 0 0 0 0 0 7 0 0 0 0 0 0 0 11 0 0 0 0 0 0 0 0 0 0 0 0 2 0 0 0 0 7 4 0.29615910031662684 
0 0 0 4 0 0 0 0 0 0 0 0 0 0 0 0 0 6 0 8 0 0 0 0 0 0 0 0 0 0 2 0 0 0 0 0 1 0.9848167531255609 
---
3 40 76.17403314917127 1.0 36
1 4 0 4 0 0 0 0 0 0 0 0 0 0 0 12 0 0 0 4 0 0 2 1 0 4 0 0 0 0 0 4 0 0 0 0 0 0.23494450830495506 
---
3 41 52.762430939226526 2.0 36
0 2 2 2 1 0 2 12 1 1 4 0 1 1 0 0 1 0 0 2 4 1 1 12 1 4 2 0 0 4 0 12 1 2 2 1 0 0.48293000046137513 
4 1 4 4 2 0 0 0 2 1 1 1 4 1 1 7 2 1 2 0 4 1 0 1 1 0 4 0 2 4 0 7 2 0 2 1 5 0.16052778596869843 
---
3 42 17.316988950276244 5.0 36
0 0 0 4 0 0 0 0 0 0 0 0 0 0 0 0 0 6 0 8 0 0 0 0 0 0 0 0 0 0 2 0 0 0 0 0 1 0.9848167531255609 
0 0 0 7 0 0 0 0 1 0 0 4 0 4 0 0 3 0 0 0 1 0 0 7 1 2 0 7 0 0 0 0 0 0 0 7 0 0.6684152200848548 
0 0 0 4 0 0 0 0 0 7 0 0 0 0 0 0 0 11 0 0 0 0 0 0 0 0 0 0 0 0 2 0 0 0 0 7 4 0.29615910031662684 
2 2 4 7 0 0 4 7 2 4 0 7 0 2 8 4 5 5 4 7 0 8 0 4 0 0 2 0 0 0 0 1 0 8 0 2 2 0.5012921874219234 
0 0 0 0 0 0 1 0 0 4 0 0 4 7 1 0 0 12 0 11 0 4 0 3 0 1 0 11 0 0 0 0 0 0 1 0 5 0.8219589883197498 
---
3 43 12.448204419889503 8.0 36
4 2 0 2 1 0 0 0 1 2 4 4 1 2 0 0 0 4 0 1 7 2 0 12 4 2 0 4 0 1 4 4 0 0 0 4 0 0.8661788713824979 
2 2 4 7 0 0 4 7 0 4 0 7 0 2 8 4 5 13 4 7 0 8 0 4 0 0 2 0 0 0 0 1 0 8 0 2 2 0.5801895533209667 
0 0 0 8 0 0 0 0 0 0 0 0 0 10 0 0 0 0 0 0 0 0 0 0 0 0 0 0 0 0 0 0 0 0 4 0 1 0.9980911209841847 
0 0 0 0 0 0 1 0 0 4 0 0 4 7 1 0 0 12 0 11 0 4 0 3 0 1 0 11 0 0 0 0 0 0 1 0 5 0.8219589883197498 
0 0 0 7 0 0 0 0 1 0 0 4 0 4 0 0 3 0 0 0 1 0 0 7 1 2 0 7 0 0 0 0 0 0 0 7 0 0.6684152200848548 
0 0 12 0 0 0 4 11 0 12 0 0 0 0 0 0 0 13 0 0 0 0 0 11 0 4 12 0 0 2 0 0 0 0 7 0 3 0.17561821901151697 
0 0 0 4 0 0 0 0 0 7 0 0 0 0 0 0 0 11 0 0 0 0 0 0 0 0 0 0 0 0 2 0 0 0 0 7 4 0.29615910031662684 
0 0 0 4 0 0 0 0 0 0 0 0 0 0 0 0 0 6 0 8 0 0 0 0 0 0 0 0 0 0 2 0 0 0 0 0 1 0.9848167531255609 
---
3 44 76.17403314917127 1.0 36
0 2 2 2 1 0 2 12 1 1 4 0 1 1 0 0 1 0 0 2 1 1 1 4 1 4 2 0 0 2 0 12 1 2 4 1 0 0.6522176930757095 
---
3 45 52.77969613259669 2.0 36
4 1 4 4 2 0 0 0 2 1 1 1 4 1 1 7 2 1 2 0 4 1 0 1 1 0 4 0 2 4 0 7 2 0 2 1 5 0.16052778596869843 
0 2 2 2 1 0 2 12 1 1 4 0 1 1 0 0 1 0 0 2 4 1 1 12 1 4 2 0 0 4 0 12 1 2 2 1 0 0.5399451071428714 
---
3 46 17.316988950276244 5.0 36
2 2 4 7 0 0 4 7 2 4 0 7 0 2 8 4 5 5 4 7 0 8 0 4 0 0 2 0 0 0 0 1 0 8 0 2 2 0.5012921874219234 
0 0 0 7 0 0 0 0 1 0 0 4 0 4 0 0 3 0 0 0 1 0 0 7 1 2 0 7 0 0 0 0 0 0 0 7 0 0.6684152200848548 
0 0 0 0 0 0 1 0 0 4 0 0 4 7 1 0 0 12 0 11 0 4 0 3 0 1 0 11 0 0 0 0 0 0 1 0 5 0.8219589883197498 
0 0 0 4 0 0 0 0 0 7 0 0 0 0 0 0 0 11 0 0 0 0 0 0 0 0 0 0 0 0 2 0 0 0 0 7 4 0.29615910031662684 
0 0 0 4 0 0 0 0 0 0 0 0 0 0 0 0 0 6 0 8 0 0 0 0 0 0 0 0 0 0 2 0 0 0 0 0 1 0.9848167531255609 
---
3 47 12.448204419889503 8.0 36
4 2 0 2 1 0 0 0 1 2 4 4 1 2 0 0 0 4 0 1 7 2 0 12 4 2 0 4 0 1 4 4 0 0 0 4 0 0.8661788713824979 
2 2 4 7 0 0 4 7 0 4 0 7 0 2 8 4 5 13 4 7 0 8 0 4 0 0 2 0 0 0 0 1 0 8 0 2 2 0.5801895533209667 
0 0 0 8 0 0 0 0 0 0 0 0 0 10 0 0 0 0 0 0 0 0 0 0 0 0 0 0 0 0 0 0 0 0 4 0 1 0.9980911209841847 
0 0 0 0 0 0 1 0 0 4 0 0 4 7 1 0 0 12 0 11 0 4 0 3 0 1 0 11 0 0 0 0 0 0 1 0 5 0.8219589883197498 
0 0 0 7 0 0 0 0 1 0 0 4 0 4 0 0 3 0 0 0 1 0 0 7 1 2 0 7 0 0 0 0 0 0 0 7 0 0.6684152200848548 
0 0 12 0 0 0 4 11 0 12 0 0 0 0 0 0 0 13 0 0 0 0 0 11 0 4 12 0 0 2 0 0 0 0 7 0 3 0.17561821901151697 
0 0 0 4 0 0 0 0 0 7 0 0 0 0 0 0 0 11 0 0 0 0 0 0 0 0 0 0 0 0 2 0 0 0 0 7 4 0.29615910031662684 
0 0 0 4 0 0 0 0 0 0 0 0 0 0 0 0 0 6 0 8 0 0 0 0 0 0 0 0 0 0 2 0 0 0 0 0 1 0.9848167531255609 
---
4 0 76.17403314917127 1.0 36
0 2 0 0 0 0 0 0 0 0 0 0 0 0 0 0 1 0 2 0 1 0 0 0 1 0 0 0 0 0 0 0 0 0 0 0 0 0.12837589192322763 
---
4 1 12.741712707182321 8.0 36
0 0 0 0 0 0 1 0 0 4 0 0 4 7 1 0 0 12 0 11 0 4 0 3 0 1 0 11 0 0 0 0 0 0 0 0 5 0.7281741082477748 
2 2 4 7 0 0 4 7 0 4 0 7 0 2 8 4 5 13 4 7 0 8 0 4 0 0 2 0 0 0 0 1 0 8 0 2 2 0.5801895533209667 
0 0 0 7 0 0 0 0 1 0 0 4 0 4 0 0 3 0 0 0 1 0 0 7 1 2 0 7 0 0 0 0 0 0 0 7 0 0.6684152200848548 
0 0 0 4 0 0 0 0 0 7 0 0 0 0 0 0 0 11 0 0 0 0 0 0 0 0 0 0 0 0 2 0 0 0 0 7 4 0.29615910031662684 
0 0 12 0 0 0 4 11 0 12 0 0 0 0 0 0 0 13 0 0 0 0 0 11 0 4 12 0 0 2 0 0 0 0 7 0 3 0.17561821901151697 
0 0 0 8 0 0 0 0 0 0 0 0 0 10 0 0 0 0 0 0 0 0 0 0 0 0 0 0 0 0 0 0 0 0 4 0 1 0.9980911209841847 
4 2 0 2 1 0 0 0 1 2 4 4 1 2 0 0 0 4 0 1 7 2 0 12 4 2 0 4 0 1 4 4 0 0 0 4 0 0.8661788713824979 
0 0 0 4 0 0 0 0 0 0 0 0 0 0 0 0 0 6 0 8 0 0 0 0 0 0 0 0 0 0 2 0 0 0 0 0 1 0.9953343144915154 
---
4 2 24.067679558011047 4.0 36
0 2 0 0 4 4 0 1 2 4 0 7 2 4 0 1 12 12 4 4 2 4 0 1 1 4 0 7 0 0 4 0 2 4 0 0 5 0.32318300837954506 
1 2 0 2 1 0 0 1 1 2 4 4 1 2 4 0 0 8 0 1 7 4 0 12 4 2 4 4 4 1 2 4 0 0 0 4 0 0.8697266545883857 
2 2 4 7 0 0 4 7 0 4 0 7 0 2 1 2 5 13 4 7 0 8 0 4 0 0 2 0 0 0 0 1 0 8 0 2 2 0.16480760947592743 
0 0 0 4 0 0 0 0 0 0 0 0 0 0 0 0 0 6 0 8 0 0 0 0 0 0 0 0 0 0 2 0 0 0 0 0 1 0.9953343144915154 
---
4 3 53.33218232044199 2.0 36
1 2 0 2 1 0 0 1 1 2 4 4 1 2 4 0 0 8 0 1 7 4 0 12 4 2 4 4 4 1 4 4 0 0 0 4 0 0.8146964424479338 
0 2 1 0 4 4 0 1 2 4 0 7 2 4 0 1 12 12 4 4 2 4 0 0 1 4 0 7 0 0 4 0 2 4 0 0 5 0.35832541128030626 
---
4 4 33.908839779005525 3.0 36
0 2 0 0 4 4 0 1 2 4 0 7 2 4 0 1 12 12 4 4 2 4 0 1 1 4 0 7 0 0 4 0 2 4 0 0 5 0.32318300837954506 
1 2 0 2 1 0 0 1 1 2 4 4 1 2 4 0 0 8 0 1 7 4 0 12 4 2 4 4 4 1 2 4 0 0 0 4 0 0.8697266545883857 
2 2 4 7 0 0 4 7 0 4 0 7 0 2 1 2 5 13 4 7 0 8 0 4 0 0 2 0 0 0 0 1 0 8 0 2 2 0.16480760947592743 
---
4 5 17.36878453038674 5.0 36
2 2 4 7 0 0 4 7 0 4 0 7 0 2 8 4 5 2 4 7 0 8 0 4 0 0 2 0 0 0 0 1 0 8 0 2 2 0.31748982179942 
0 0 0 0 0 0 1 0 0 4 0 0 4 7 1 0 0 12 0 11 0 4 0 3 0 1 0 11 0 0 0 0 0 0 0 0 5 0.7281741082477748 
0 0 0 7 0 0 0 0 1 0 0 4 0 4 0 0 3 0 0 0 1 0 0 7 1 2 0 7 0 0 0 0 0 0 0 7 0 0.6684152200848548 
0 0 0 4 0 0 0 0 0 7 0 0 0 0 0 0 0 11 0 0 0 0 0 0 0 0 0 0 0 0 2 0 0 0 0 7 4 0.29615910031662684 
0 0 0 4 0 0 0 0 0 0 0 0 0 0 0 0 0 6 0 8 0 0 0 0 0 0 0 0 0 0 2 0 0 0 0 0 1 0.9848167531255609 
---
4 6 33.908839779005525 3.0 36
0 2 0 0 4 4 0 1 2 4 0 7 2 4 0 1 12 12 4 4 2 4 0 1 1 4 0 7 0 0 4 0 2 4 0 0 5 0.32318300837954506 
1 2 0 2 1 0 0 1 1 2 4 4 1 2 4 0 0 8 0 1 7 4 0 12 4 2 4 4 4 1 2 4 0 0 0 4 0 0.8697266545883857 
2 2 4 7 0 0 4 7 0 4 0 7 0 2 1 2 5 13 4 7 0 8 0 4 0 0 2 0 0 0 0 1 0 8 0 2 2 0.16480760947592743 
---
4 7 14.60635359116022 6.0 36
0 0 0 0 0 0 1 0 0 4 0 0 4 7 1 0 0 12 0 11 0 4 0 3 0 1 0 11 0 0 0 0 0 0 0 0 5 0.7281741082477748 
2 2 4 7 0 0 4 7 0 4 0 7 0 2 8 4 5 13 4 7 0 8 0 4 0 0 2 0 0 0 0 1 0 8 0 2 2 0.5801895533209667 
0 0 0 4 0 0 0 0 0 0 0 0 0 0 0 0 0 6 0 8 0 0 0 0 0 0 0 0 0 0 2 0 0 0 0 0 1 0.9848167531255609 
0 0 12 0 0 0 4 11 0 12 0 0 0 0 0 0 0 13 0 0 0 0 0 11 0 4 12 0 0 2 0 0 0 0 7 0 3 0.17561821901151697 
0 0 0 7 0 0 0 0 1 0 0 4 0 4 0 0 3 0 0 0 1 0 0 7 1 2 0 7 0 0 0 0 0 0 0 7 0 0.6684152200848548 
0 0 0 4 0 0 0 0 0 7 0 0 0 0 0 0 0 11 0 0 0 0 0 0 0 0 0 0 0 0 2 0 0 0 0 7 4 0.29615910031662684 
---
4 8 14.60635359116022 6.0 36
0 0 0 0 0 0 1 0 0 4 0 0 4 7 1 0 0 12 0 11 0 4 0 3 0 1 0 11 0 0 0 0 0 0 0 0 5 0.7281741082477748 
0 0 0 4 0 0 0 0 0 0 0 0 0 0 0 0 0 6 0 8 0 0 0 0 0 0 0 0 0 0 2 0 0 0 0 0 1 0.9848167531255609 
2 2 4 7 0 0 4 7 0 4 0 7 0 2 8 4 5 13 4 7 0 8 0 4 0 0 2 0 0 0 0 1 0 8 0 2 2 0.5801895533209667 
0 0 0 7 0 0 0 0 1 0 0 4 0 4 0 0 3 0 0 0 1 0 0 7 1 2 0 7 0 0 0 0 0 0 0 7 0 0.6684152200848548 
0 0 0 4 0 0 0 0 0 7 0 0 0 0 0 0 0 11 0 0 0 0 0 0 0 0 0 0 0 0 2 0 0 0 0 7 4 0.29615910031662684 
0 0 12 0 0 0 4 11 0 12 0 0 0 0 0 0 0 13 0 0 0 0 0 11 0 4 12 0 0 2 0 0 0 0 7 0 3 0.17561821901151697 
---
4 9 13.915745856353592 7.0 36
2 2 4 7 0 0 4 7 0 5 0 7 0 2 8 4 5 13 4 7 0 8 0 4 0 0 2 0 0 0 0 1 0 8 0 2 2 0.623077336771469 
0 0 0 4 0 0 0 0 0 7 0 0 0 0 0 0 0 11 0 0 0 0 0 0 0 0 0 0 0 0 2 0 0 0 0 7 4 0.29615910031662684 
0 0 0 4 0 0 0 0 0 0 0 0 0 0 0 0 0 6 0 8 0 0 0 0 0 0 0 0 0 0 2 0 0 0 0 0 1 0.9848167531255609 
0 0 0 7 0 0 0 0 1 0 0 4 0 4 0 0 3 0 0 0 1 0 0 7 1 2 0 7 0 0 0 0 0 0 0 7 0 0.6684152200848548 
0 0 0 0 0 0 1 0 0 4 0 0 4 7 1 0 0 12 0 11 0 4 0 3 0 1 0 11 0 0 0 0 0 0 0 0 5 0.7281741082477748 
4 2 0 2 1 0 0 0 1 2 4 4 1 2 0 0 0 4 0 1 7 2 0 12 4 2 0 4 0 1 4 4 0 0 0 4 0 0.8661788713824979 
0 0 12 0 0 0 4 11 0 12 0 0 0 0 0 0 0 13 0 0 0 0 0 11 0 4 12 0 0 2 0 0 0 0 7 0 3 0.17561821901151697 
---
4 10 13.915745856353592 7.0 36
2 2 4 7 0 0 4 7 0 5 0 7 0 2 8 4 5 13 4 7 0 8 0 4 0 0 2 0 0 0 0 1 0 8 0 2 2 0.623077336771469 
0 0 0 4 0 0 0 0 0 7 0 0 0 0 0 0 0 11 0 0 0 0 0 0 0 0 0 0 0 0 2 0 0 0 0 7 4 0.29615910031662684 
0 0 0 4 0 0 0 0 0 0 0 0 0 0 0 0 0 6 0 8 0 0 0 0 0 0 0 0 0 0 2 0 0 0 0 0 1 0.9848167531255609 
0 0 0 7 0 0 0 0 1 0 0 4 0 4 0 0 3 0 0 0 1 0 0 7 1 2 0 7 0 0 0 0 0 0 0 7 0 0.6684152200848548 
0 0 0 0 0 0 1 0 0 4 0 0 4 7 1 0 0 12 0 11 0 4 0 3 0 1 0 11 0 0 0 0 0 0 0 0 5 0.7281741082477748 
4 2 0 2 1 0 0 0 1 2 4 4 1 2 0 0 0 4 0 1 7 2 0 12 4 2 0 4 0 1 4 4 0 0 0 4 0 0.8661788713824979 
0 0 12 0 0 0 4 11 0 12 0 0 0 0 0 0 0 13 0 0 0 0 0 11 0 4 12 0 0 2 0 0 0 0 7 0 3 0.17561821901151697 
---
4 11 76.17403314917127 1.0 36
0 2 0 0 0 0 0 0 0 0 0 0 0 0 0 0 1 0 2 0 1 0 0 0 1 0 0 0 0 0 0 0 0 0 0 0 0 0.12837589192322763 
---
4 12 12.741712707182321 8.0 36
0 0 0 0 0 0 1 0 0 4 0 0 4 7 1 0 0 12 0 11 0 4 0 3 0 1 0 11 0 0 0 0 0 0 0 0 5 0.7281741082477748 
2 2 4 7 0 0 4 7 0 4 0 7 0 2 8 4 5 13 4 7 0 8 0 4 0 0 2 0 0 0 0 1 0 8 0 2 2 0.5801895533209667 
0 0 0 7 0 0 0 0 1 0 0 4 0 4 0 0 3 0 0 0 1 0 0 7 1 2 0 7 0 0 0 0 0 0 0 7 0 0.6684152200848548 
0 0 0 4 0 0 0 0 0 7 0 0 0 0 0 0 0 11 0 0 0 0 0 0 0 0 0 0 0 0 2 0 0 0 0 7 4 0.29615910031662684 
0 0 12 0 0 0 4 11 0 12 0 0 0 0 0 0 0 13 0 0 0 0 0 11 0 4 12 0 0 2 0 0 0 0 7 0 3 0.17561821901151697 
0 0 0 8 0 0 0 0 0 0 0 0 0 10 0 0 0 0 0 0 0 0 0 0 0 0 0 0 0 0 0 0 0 0 4 0 1 0.9980911209841847 
4 2 0 2 1 0 0 0 1 2 4 4 1 2 0 0 0 4 0 1 7 2 0 12 4 2 0 4 0 1 4 4 0 0 0 4 0 0.8661788713824979 
0 0 0 4 0 0 0 0 0 0 0 0 0 0 0 0 0 6 0 8 0 0 0 0 0 0 0 0 0 0 2 0 0 0 0 0 1 0.9953343144915154 
---
4 13 53.21132596685083 2.0 36
0 2 1 0 4 4 0 1 2 4 0 7 2 4 2 1 12 12 4 4 2 4 0 0 1 4 0 7 0 0 4 0 2 4 0 0 5 0.29601118756142974 
1 2 0 2 1 0 0 1 1 2 4 4 1 2 4 0 0 8 0 1 7 4 0 12 4 2 4 4 4 1 2 4 0 0 0 4 0 0.8697266545883857 
---
4 14 33.908839779005525 3.0 36
1 2 0 2 1 0 0 1 1 2 4 4 1 2 4 0 0 8 0 1 7 4 0 12 4 2 4 4 4 1 2 4 0 0 0 4 0 0.8697266545883857 
2 2 4 7 0 0 4 7 0 4 0 7 0 2 1 2 5 13 4 7 0 8 0 4 0 0 2 0 0 0 0 1 0 8 0 2 2 0.16480760947592743 
0 2 0 0 4 4 0 1 2 4 0 7 2 4 0 1 12 12 4 4 2 4 0 1 1 4 0 7 0 0 4 0 2 4 0 0 5 0.32318300837954506 
---
4 15 14.60635359116022 6.0 36
0 0 0 0 0 0 1 0 0 4 0 0 4 7 1 0 0 12 0 11 0 4 0 3 0 1 0 11 0 0 0 0 0 0 0 0 5 0.7281741082477748 
0 0 0 4 0 0 0 0 0 0 0 0 0 0 0 0 0 6 0 8 0 0 0 0 0 0 0 0 0 0 2 0 0 0 0 0 1 0.9848167531255609 
2 2 4 7 0 0 4 7 0 4 0 7 0 2 8 4 5 13 4 7 0 8 0 4 0 0 2 0 0 0 0 1 0 8 0 2 2 0.5801895533209667 
0 0 0 7 0 0 0 0 1 0 0 4 0 4 0 0 3 0 0 0 1 0 0 7 1 2 0 7 0 0 0 0 0 0 0 7 0 0.6684152200848548 
0 0 0 4 0 0 0 0 0 7 0 0 0 0 0 0 0 11 0 0 0 0 0 0 0 0 0 0 0 0 2 0 0 0 0 7 4 0.29615910031662684 
0 0 12 0 0 0 4 11 0 12 0 0 0 0 0 0 0 13 0 0 0 0 0 11 0 4 12 0 0 2 0 0 0 0 7 0 3 0.17561821901151697 
---
4 16 12.741712707182321 8.0 36
0 0 0 0 0 0 1 0 0 4 0 0 4 7 1 0 0 12 0 11 0 4 0 3 0 1 0 11 0 0 0 0 0 0 0 0 5 0.7281741082477748 
2 2 4 7 0 0 4 7 0 4 0 7 0 2 8 4 5 13 4 7 0 8 0 4 0 0 2 0 0 0 0 1 0 8 0 2 2 0.5801895533209667 
0 0 0 7 0 0 0 0 1 0 0 4 0 4 0 0 3 0 0 0 1 0 0 7 1 2 0 7 0 0 0 0 0 0 0 7 0 0.6684152200848548 
0 0 0 4 0 0 0 0 0 7 0 0 0 0 0 0 0 11 0 0 0 0 0 0 0 0 0 0 0 0 2 0 0 0 0 7 4 0.29615910031662684 
0 0 12 0 0 0 4 11 0 12 0 0 0 0 0 0 0 13 0 0 0 0 0 11 0 4 12 0 0 2 0 0 0 0 7 0 3 0.17561821901151697 
0 0 0 8 0 0 0 0 0 0 0 0 0 10 0 0 0 0 0 0 0 0 0 0 0 0 0 0 0 0 0 0 0 0 4 0 1 0.9980911209841847 
4 2 0 2 1 0 0 0 1 2 4 4 1 2 0 0 0 4 0 1 7 2 0 12 4 2 0 4 0 1 4 4 0 0 0 4 0 0.8661788713824979 
0 0 0 4 0 0 0 0 0 0 0 0 0 0 0 0 0 6 0 8 0 0 0 0 0 0 0 0 0 0 2 0 0 0 0 0 1 0.9953343144915154 
---
4 17 33.908839779005525 3.0 36
0 2 0 0 4 4 0 1 2 4 0 7 2 4 0 1 12 12 4 4 2 4 0 1 1 4 0 7 0 0 4 0 2 4 0 0 5 0.32318300837954506 
1 2 0 2 1 0 0 1 1 2 4 4 1 2 4 0 0 8 0 1 7 4 0 12 4 2 4 4 4 1 2 4 0 0 0 4 0 0.8697266545883857 
2 2 4 7 0 0 4 7 0 4 0 7 0 2 1 2 5 13 4 7 0 8 0 4 0 0 2 0 0 0 0 1 0 8 0 2 2 0.16480760947592743 
---
4 18 14.60635359116022 6.0 36
0 0 0 0 0 0 1 0 0 4 0 0 4 7 1 0 0 12 0 11 0 4 0 3 0 1 0 11 0 0 0 0 0 0 0 0 5 0.7281741082477748 
0 0 0 4 0 0 0 0 0 0 0 0 0 0 0 0 0 6 0 8 0 0 0 0 0 0 0 0 0 0 2 0 0 0 0 0 1 0.9848167531255609 
2 2 4 7 0 0 4 7 0 4 0 7 0 2 8 4 5 13 4 7 0 8 0 4 0 0 2 0 0 0 0 1 0 8 0 2 2 0.5801895533209667 
0 0 0 7 0 0 0 0 1 0 0 4 0 4 0 0 3 0 0 0 1 0 0 7 1 2 0 7 0 0 0 0 0 0 0 7 0 0.6684152200848548 
0 0 0 4 0 0 0 0 0 7 0 0 0 0 0 0 0 11 0 0 0 0 0 0 0 0 0 0 0 0 2 0 0 0 0 7 4 0.29615910031662684 
0 0 12 0 0 0 4 11 0 12 0 0 0 0 0 0 0 13 0 0 0 0 0 11 0 4 12 0 0 2 0 0 0 0 7 0 3 0.17561821901151697 
---
4 19 76.17403314917127 1.0 36
0 2 0 0 0 0 0 0 0 0 0 0 0 0 0 0 1 0 2 0 1 0 0 0 1 0 0 0 0 0 0 0 0 0 0 0 0 0.12837589192322763 
---
4 20 14.60635359116022 6.0 36
0 0 0 0 0 0 1 0 0 4 0 0 4 7 1 0 0 12 0 11 0 4 0 3 0 1 0 11 0 0 0 0 0 0 0 0 5 0.7281741082477748 
0 0 0 4 0 0 0 0 0 0 0 0 0 0 0 0 0 6 0 8 0 0 0 0 0 0 0 0 0 0 2 0 0 0 0 0 1 0.9848167531255609 
2 2 4 7 0 0 4 7 0 4 0 7 0 2 8 4 5 13 4 7 0 8 0 4 0 0 2 0 0 0 0 1 0 8 0 2 2 0.5801895533209667 
0 0 0 7 0 0 0 0 1 0 0 4 0 4 0 0 3 0 0 0 1 0 0 7 1 2 0 7 0 0 0 0 0 0 0 7 0 0.6684152200848548 
0 0 0 4 0 0 0 0 0 7 0 0 0 0 0 0 0 11 0 0 0 0 0 0 0 0 0 0 0 0 2 0 0 0 0 7 4 0.29615910031662684 
0 0 12 0 0 0 4 11 0 12 0 0 0 0 0 0 0 13 0 0 0 0 0 11 0 4 12 0 0 2 0 0 0 0 7 0 3 0.17561821901151697 
---
4 21 76.17403314917127 1.0 36
0 2 0 0 0 0 0 0 0 0 0 0 0 0 0 0 1 0 2 0 1 0 0 0 1 0 0 0 0 0 0 0 0 0 0 0 0 0.12837589192322763 
---
4 22 14.60635359116022 6.0 36
0 0 0 4 0 0 0 0 0 0 0 0 0 0 0 0 0 6 0 8 0 0 0 0 0 0 0 0 0 0 2 0 0 0 0 0 1 0.9848167531255609 
0 0 0 0 0 0 1 0 0 4 0 0 4 7 1 0 0 12 0 11 0 4 0 3 0 1 0 11 0 0 0 0 0 0 0 0 5 0.7281741082477748 
0 0 0 7 0 0 0 0 1 0 0 4 0 4 0 0 3 0 0 0 1 0 0 7 1 2 0 7 0 0 0 0 0 0 0 7 0 0.6684152200848548 
0 0 0 4 0 0 0 0 0 7 0 0 0 0 0 0 0 11 0 0 0 0 0 0 0 0 0 0 0 0 2 0 0 0 0 7 4 0.29615910031662684 
0 0 12 0 0 0 4 11 0 12 0 0 0 0 0 0 0 13 0 0 0 0 0 11 0 4 12 0 0 2 0 0 0 0 7 0 3 0.17561821901151697 
2 2 4 7 0 0 4 7 0 4 0 7 0 2 8 4 5 13 4 7 0 8 0 4 0 0 2 0 0 0 0 1 0 8 0 2 2 0.5801895533209667 
---
4 23 14.60635359116022 6.0 36
0 0 0 0 0 0 1 0 0 4 0 0 4 7 1 0 0 12 0 11 0 4 0 3 0 1 0 11 0 0 0 0 0 0 0 0 5 0.7281741082477748 
0 0 0 4 0 0 0 0 0 0 0 0 0 0 0 0 0 6 0 8 0 0 0 0 0 0 0 0 0 0 2 0 0 0 0 0 1 0.9848167531255609 
2 2 4 7 0 0 4 7 0 4 0 7 0 2 8 4 5 13 4 7 0 8 0 4 0 0 2 0 0 0 0 1 0 8 0 2 2 0.5801895533209667 
0 0 0 7 0 0 0 0 1 0 0 4 0 4 0 0 3 0 0 0 1 0 0 7 1 2 0 7 0 0 0 0 0 0 0 7 0 0.6684152200848548 
0 0 0 4 0 0 0 0 0 7 0 0 0 0 0 0 0 11 0 0 0 0 0 0 0 0 0 0 0 0 2 0 0 0 0 7 4 0.29615910031662684 
0 0 12 0 0 0 4 11 0 12 0 0 0 0 0 0 0 13 0 0 0 0 0 11 0 4 12 0 0 2 0 0 0 0 7 0 3 0.17561821901151697 
---
4 24 76.17403314917127 1.0 36
0 2 2 0 4 0 0 0 1 0 0 0 0 0 0 0 1 0 2 0 1 0 0 4 1 4 0 4 0 0 0 7 0 0 4 0 0 0.475193171241284 
---
4 25 76.17403314917127 1.0 36
0 4 2 0 0 0 0 0 1 0 0 0 0 0 0 0 1 0 2 0 1 2 0 4 1 4 0 4 0 0 0 0 0 0 4 0 0 0.5109275246052355 
---
4 26 76.17403314917127 1.0 36
0 4 2 0 0 0 0 0 1 0 0 0 0 0 0 0 1 0 2 0 1 0 0 4 1 4 0 4 0 0 0 0 0 0 4 0 0 0.35303424101943937 
---
4 27 76.17403314917127 1.0 36
0 2 2 0 0 0 0 12 1 0 0 0 0 0 0 0 1 0 2 0 1 0 0 4 1 4 0 4 0 0 0 0 0 0 4 0 0 0.7168256216652837 
---
4 28 76.17403314917127 1.0 36
0 4 2 0 0 0 0 0 1 0 0 0 0 0 0 0 1 0 2 0 1 0 0 4 1 4 0 4 0 0 0 0 0 0 4 0 0 0.35303424101943937 
---
4 29 76.2085635359116 1.0 36
1 2 0 2 1 0 0 1 1 2 4 4 1 2 4 0 0 8 0 1 2 4 0 12 4 2 0 4 4 1 2 4 0 0 0 4 0 0.6049330804419857 
---
4 30 76.17403314917127 1.0 36
0 2 0 0 0 0 0 0 0 0 0 0 0 0 0 0 1 0 2 0 1 0 0 0 1 0 0 0 0 0 0 0 0 0 0 0 0 0.12837589192322763 
---
4 31 76.17403314917127 1.0 36
0 2 2 0 0 0 0 0 1 0 0 0 0 0 0 0 1 0 2 0 1 0 0 4 1 4 0 4 0 0 0 0 0 0 4 0 0 0.6953229353703072 
---
4 32 76.17403314917127 1.0 36
0 2 2 0 0 0 0 0 1 0 0 0 0 0 0 0 1 0 2 0 1 0 0 4 1 4 0 4 0 0 0 0 0 0 2 0 0 0.698058871327212 
---
4 33 76.17403314917127 1.0 36
0 2 2 0 4 0 0 0 1 0 0 0 0 0 0 0 1 0 2 0 1 0 0 4 1 4 0 4 0 0 0 7 0 0 4 0 0 0.475193171241284 
---
4 34 76.17403314917127 1.0 36
0 2 2 0 4 0 0 0 1 0 0 0 0 0 0 0 1 0 2 0 1 0 0 4 1 4 0 4 0 0 0 0 0 0 4 0 0 0.5912843713623008 
---
4 35 76.17403314917127 1.0 36
0 2 0 0 0 0 0 0 0 0 0 0 0 0 0 0 1 0 2 0 1 0 0 0 1 0 0 0 0 0 0 0 0 0 0 0 0 0.12837589192322763 
---
4 36 76.17403314917127 1.0 36
0 4 2 0 0 0 0 0 1 0 0 0 0 0 0 0 1 0 2 0 1 2 0 4 1 4 0 4 0 0 0 2 0 0 4 0 0 0.5805918257074179 
