---
0 11.999309392265193 41.0 36 
12 0 0 0 0 0 0 0 0 0 7 0 0 0 0 0 0 0 0 0 0 0 12 0 4 13 12 0 0 0 0 0 0 0 0 7 3 0.08211141967618696
0 0 0 0 0 0 0 0 8 0 0 0 0 0 0 3 0 4 0 0 0 0 0 11 12 4 0 11 2 2 0 0 0 0 0 0 5 0.6007085693957048
8 0 11 0 0 0 0 0 0 0 0 0 2 0 0 0 0 0 0 0 0 0 2 0 0 0 0 0 0 1 0 0 12 0 0 0 5 0.5644496380892663
12 0 4 0 0 0 0 0 0 0 7 0 0 0 12 0 0 0 0 0 8 0 12 0 4 0 12 0 0 0 0 0 0 0 0 7 3 0.14119125347248052
10 0 4 8 0 0 0 0 7 0 0 0 0 0 0 0 0 0 0 11 8 0 12 0 4 0 0 0 0 0 0 0 0 4 0 7 3 0.4764956130508623
0 0 0 0 0 0 0 0 8 0 0 0 0 0 0 3 0 4 0 0 0 0 0 11 12 0 0 11 2 2 0 11 0 0 0 0 5 0.6468530885243147
0 0 0 0 2 0 0 0 0 0 0 0 0 11 0 0 0 0 0 0 0 4 0 0 0 13 0 4 0 13 0 0 0 0 0 0 4 0.28831599038176814
8 0 0 0 5 0 0 0 0 0 4 0 0 0 0 0 0 9 0 4 0 0 0 4 0 3 0 0 0 0 0 0 0 0 0 0 2 0.8704289250081735
0 8 0 0 4 0 0 0 0 11 0 8 0 0 7 0 0 0 0 0 0 0 8 0 0 0 7 0 0 0 0 0 0 0 0 0 3 0.5511285308745371
0 0 1 0 0 0 0 0 0 0 0 10 0 2 13 0 0 13 0 0 7 0 0 1 0 0 0 0 0 0 0 0 0 0 0 0 2 0.9477238495080879
0 0 0 0 0 0 0 0 13 8 12 0 0 0 0 0 0 0 3 0 0 0 0 0 4 0 1 0 0 0 1 0 0 0 6 3 4 0.45074323144723505
0 0 0 1 0 0 0 0 4 0 11 0 0 0 0 3 0 0 0 0 0 7 0 1 0 0 0 0 2 0 0 11 0 0 0 11 5 0.6615032327129238
0 0 0 0 0 0 0 0 0 11 0 8 0 0 7 0 0 0 0 0 0 0 8 0 0 0 12 0 0 0 0 0 0 0 0 0 1 0.17636672487901328
0 0 0 0 0 0 0 0 0 0 0 12 0 0 8 0 0 13 0 12 8 0 0 0 0 0 0 0 9 5 4 0 0 0 1 0 2 0.8891561480280457
0 0 0 0 0 0 0 0 7 0 0 0 0 0 0 3 4 7 0 11 0 0 0 11 0 0 0 11 2 0 0 0 0 0 0 11 5 0.6771641704131297
12 0 0 4 0 0 2 0 1 2 0 0 1 0 0 4 1 0 2 12 4 0 0 4 0 0 0 4 7 0 0 4 0 0 0 0 0 0.9390023341764105
0 0 0 0 0 0 5 0 0 0 0 0 7 0 0 0 0 11 0 0 0 0 0 0 0 0 0 0 0 0 0 0 0 0 0 0 1 0.9308715497921083
0 2 0 0 0 0 0 0 1 0 0 0 0 8 0 2 1 0 0 8 1 0 0 4 0 0 0 12 7 0 0 0 0 0 0 4 0 0.9571523162470367
0 0 0 0 0 0 11 0 0 0 0 11 1 0 0 0 0 0 0 0 0 6 0 0 11 0 0 0 0 0 0 0 0 0 0 0 4 0.8437023504440049
0 0 0 1 0 0 0 0 0 0 0 0 0 0 0 0 0 11 0 0 1 0 0 0 0 0 0 0 0 0 0 0 13 0 0 0 4 0.6148694618869637
0 4 0 0 0 0 0 0 7 0 0 0 0 0 0 3 0 7 0 11 0 0 0 11 0 0 0 11 2 0 0 0 0 0 0 11 5 0.6793605647534594
0 6 0 0 0 0 0 0 7 0 0 11 0 0 0 0 0 7 0 0 0 0 0 11 0 13 12 11 0 0 0 0 0 0 0 0 3 0.8603968216767862
0 8 0 0 0 0 0 7 0 0 0 4 0 0 0 0 0 9 0 7 0 8 0 0 0 4 0 0 0 0 0 0 0 0 0 11 2 0.4646061360438344
0 0 0 0 0 0 0 0 0 0 0 0 0 10 0 13 0 0 0 0 0 0 0 11 0 0 0 0 0 0 0 0 0 0 0 0 1 0.9978212819703189
0 0 0 0 0 0 12 7 0 0 7 0 0 0 0 0 0 0 0 0 13 0 0 0 13 0 7 0 0 0 0 0 0 0 0 0 3 0.23021506521077995
0 0 0 0 0 0 0 7 0 0 7 0 6 0 0 0 0 12 7 0 1 0 0 0 0 0 0 0 0 0 0 0 0 0 0 0 0 0.7774506840105668
0 0 0 0 0 0 0 0 0 0 0 0 0 0 0 0 0 0 0 0 1 10 0 4 0 0 0 0 0 0 8 0 0 0 0 4 1 0.977842549160183
0 0 0 0 0 0 0 0 0 0 0 0 0 0 8 0 0 13 0 12 8 0 0 0 0 0 0 0 9 0 12 0 0 0 1 0 2 0.7901472180685061
0 1 0 0 8 0 0 0 4 0 0 0 0 0 0 0 0 14 0 1 0 0 0 12 2 0 0 0 0 0 0 0 0 0 0 7 2 0.38838253310581905
0 0 0 1 0 0 0 0 8 0 11 0 0 0 0 3 0 0 0 0 0 0 0 11 0 4 0 0 2 0 0 0 0 0 0 11 5 0.7792244511860427
0 0 0 1 0 0 0 0 0 0 0 0 0 0 0 0 0 11 0 0 1 0 0 0 0 0 0 0 0 0 0 0 0 0 0 9 1 0.9821895781493697
0 0 0 1 0 0 0 0 0 0 0 0 0 0 0 0 0 11 0 0 1 0 0 0 0 0 0 0 0 0 0 0 0 0 0 0 4 0.13706113626916283
0 0 0 0 0 0 0 0 7 0 0 0 0 0 0 3 0 7 0 11 0 0 0 11 0 0 0 4 2 0 0 0 0 0 0 11 5 0.48537400456098134
0 0 0 0 0 0 0 0 4 0 0 0 0 7 0 3 0 7 0 0 0 0 0 11 0 0 0 11 2 2 0 11 0 0 0 11 5 0.7305084082701345
0 0 0 0 0 0 2 0 1 0 0 0 1 4 0 4 1 0 0 7 1 0 0 4 0 0 0 12 7 0 0 0 0 0 4 4 0 0.7828468217211231
0 0 0 0 0 0 8 0 0 0 12 0 0 13 0 5 0 0 0 0 0 0 0 0 0 0 0 0 12 0 0 0 12 0 0 0 0 0.9452483638251379
0 0 4 1 0 0 0 0 0 0 0 0 0 0 12 0 0 0 0 0 8 0 12 4 0 0 0 0 0 0 2 0 0 3 0 0 3 0.26046725046076213
0 0 0 0 0 0 7 0 8 0 0 0 0 0 0 2 0 0 0 0 0 0 0 1 0 0 0 0 0 0 0 0 0 1 0 0 5 0.03815116449445566
0 0 1 0 0 0 0 4 0 0 4 0 0 2 8 0 5 13 0 12 8 2 0 0 0 0 0 0 0 0 4 0 0 0 0 0 2 0.6866955655702435
0 0 0 0 0 0 0 0 7 0 0 0 0 0 0 3 0 7 0 11 0 0 0 11 0 0 0 11 2 0 0 0 0 0 0 11 5 0.5910667228863593
0 0 0 0 4 1 1 0 2 4 0 2 2 1 1 3 4 4 0 7 0 0 1 3 4 4 4 2 4 1 0 0 0 0 0 0 5 0.6082100953186087
---
1 11.515883977900552 40.0 36 
0 0 12 0 0 12 0 0 0 0 0 7 4 4 0 0 12 13 0 11 4 0 0 0 0 0 0 0 0 0 0 0 0 0 0 0 3 0.1729847510589566
0 7 0 0 0 0 0 12 0 0 0 0 0 0 0 0 0 0 0 0 0 0 0 0 7 7 0 12 0 0 12 0 0 7 0 0 4 0.35563802518363563
0 1 0 0 0 0 0 4 0 0 7 0 0 11 0 0 0 0 0 0 1 0 0 0 11 0 0 0 0 0 0 0 0 0 0 0 4 0.20340090656688936
0 4 0 7 0 0 0 0 0 0 0 0 4 7 0 11 12 4 11 11 7 0 11 11 0 0 0 0 0 0 0 0 0 4 0 0 5 0.8650140894617995
0 0 0 0 0 8 0 0 0 0 0 0 0 0 0 0 0 8 0 0 0 0 1 0 0 0 7 0 0 11 0 0 0 0 0 0 5 0.2394957594386753
0 0 0 0 0 11 0 0 0 0 0 12 7 0 0 0 0 0 0 1 0 11 0 0 0 0 0 12 0 0 0 0 0 0 4 0 4 0.6266424126756782
2 0 0 0 4 0 0 0 0 0 0 0 0 0 0 0 0 0 7 0 0 12 3 3 0 0 4 0 8 4 0 0 0 4 0 0 5 0.5445736688569472
0 0 7 0 0 0 0 0 0 0 0 0 0 0 0 0 0 0 0 0 0 0 2 0 12 0 0 0 0 0 0 0 0 0 0 0 5 0.02138066785763737
4 4 0 0 0 0 0 11 0 0 11 0 0 4 11 11 7 4 0 11 4 4 0 1 0 0 0 7 0 0 0 11 0 0 0 0 5 0.885881868024625
0 0 0 0 0 0 0 13 0 0 0 0 0 0 0 0 0 0 0 2 0 1 0 0 0 0 2 0 0 0 0 0 0 0 4 0 1 0.88295105528386
0 0 0 0 0 0 0 0 0 0 0 0 2 2 0 0 13 0 0 1 0 9 4 0 0 0 8 0 0 0 4 0 0 5 0 0 2 0.855730957289625
0 4 0 7 0 0 0 0 0 0 0 0 0 7 0 11 12 4 11 11 7 0 0 11 0 0 0 0 0 12 0 0 0 4 0 0 5 0.839107094354868
0 0 0 4 0 0 0 4 0 0 0 0 5 2 0 12 8 0 13 4 0 5 8 0 0 0 2 0 0 0 0 4 0 0 0 0 2 0.8389459131630427
0 0 0 0 0 0 0 0 13 0 0 0 3 0 0 0 0 0 0 2 0 0 0 4 0 0 13 0 0 0 0 0 0 0 8 4 1 0.6673889691117679
4 4 0 0 0 12 0 11 0 0 0 0 0 4 11 11 7 4 0 1 0 4 0 1 0 0 0 7 0 0 0 7 0 0 0 0 5 0.7775185448108175
0 13 0 8 0 0 0 0 0 0 0 0 0 13 0 0 0 0 0 8 0 0 0 0 0 13 0 4 7 0 0 0 4 0 4 0 0 0.9203876253333794
0 0 3 0 1 4 0 0 0 0 0 0 0 0 0 0 8 0 11 0 12 0 0 0 0 0 0 0 0 0 0 0 0 0 0 0 5 0.757936590296769
0 0 0 0 0 0 0 0 0 0 0 0 0 0 0 0 0 0 0 0 0 0 0 12 7 7 0 0 0 11 12 0 0 7 0 0 4 0.4589726730208945
0 0 0 0 0 0 0 0 0 0 0 11 6 0 0 0 0 2 0 0 0 0 0 0 0 0 0 0 0 12 0 0 11 0 0 0 0 0.8402567210700118
13 8 0 0 2 0 4 0 0 0 0 4 0 13 4 0 0 13 0 0 0 8 0 0 0 0 0 0 4 8 0 8 0 0 0 0 2 0.6614848132150294
0 0 0 0 0 4 0 1 0 0 0 0 0 2 0 0 4 0 0 0 0 0 0 0 0 0 0 0 0 0 0 0 0 12 0 0 5 0.022768539867126014
2 0 0 0 4 0 0 0 0 0 0 0 0 8 0 0 2 0 11 11 7 12 0 0 4 0 0 0 0 0 0 0 0 4 0 0 5 0.6069963391658284
0 2 11 0 0 0 0 0 0 0 0 0 0 0 0 0 0 0 0 11 0 2 0 0 0 5 0 0 0 0 0 0 0 0 0 0 5 0.13448050349764484
0 7 0 0 0 11 0 12 0 0 0 12 7 0 0 0 0 0 0 0 0 0 0 0 0 0 0 12 0 0 0 0 0 0 4 7 4 0.5538855561281548
0 0 0 4 0 12 0 0 0 8 0 0 0 0 0 0 0 0 0 0 3 0 0 0 7 0 0 0 0 0 0 0 1 8 0 0 0 0.7652391055297196
4 4 0 0 0 0 0 11 0 0 0 0 0 4 11 11 7 4 0 11 4 4 0 4 0 0 0 7 0 0 0 11 0 0 0 0 5 0.7969382560256358
0 0 0 4 0 12 0 0 0 4 0 0 0 0 0 0 0 0 0 0 3 0 0 0 7 0 0 0 0 0 0 0 7 8 0 12 0 0.8387525298630581
0 0 0 0 0 0 0 0 0 0 0 0 0 0 0 0 0 0 0 1 0 11 0 0 0 0 0 0 0 0 0 0 0 7 1 0 4 0.08731575945332848
0 0 0 0 0 0 0 0 0 0 0 0 7 11 0 1 12 0 11 11 0 0 0 11 0 0 0 0 0 0 0 0 0 4 11 0 5 0.8572602910002041
0 0 0 0 0 0 13 0 0 0 0 0 7 0 0 0 0 13 0 0 0 0 9 0 0 0 0 0 0 0 0 0 0 8 0 0 0 0.9602596793312167
8 8 0 0 0 12 5 0 0 0 0 0 13 0 0 0 0 0 0 0 0 0 0 0 0 2 0 0 0 0 0 0 5 0 0 0 2 0.7978248980727931
0 0 0 7 13 0 7 7 0 0 0 11 0 0 0 0 0 0 0 0 0 0 0 0 0 0 0 0 8 0 7 0 0 0 0 0 3 0.054545433475429284
0 2 0 0 0 1 0 0 0 0 0 1 0 0 0 0 0 0 0 0 4 0 0 0 0 0 7 0 0 0 4 0 0 0 0 0 5 0.04779184706628803
4 2 0 0 13 0 0 0 0 0 0 0 0 0 11 11 0 0 0 1 0 4 0 0 0 0 0 0 0 0 0 0 0 0 0 0 5 0.23676763560842895
0 0 0 0 0 0 0 0 0 0 0 0 0 0 0 0 0 0 2 2 0 0 0 0 0 0 0 0 0 0 0 0 0 6 8 4 1 0.9758605829583363
0 0 0 5 0 0 0 0 0 0 0 0 0 0 0 0 0 0 2 2 0 7 0 0 0 0 0 0 0 0 0 0 0 0 0 0 1 0.8692135558144494
0 4 0 0 0 0 0 0 1 4 12 0 0 0 0 0 4 0 0 8 12 0 0 2 0 0 0 12 0 0 0 0 0 0 0 0 0 0.27616061636648603
0 8 0 0 0 0 0 0 7 0 0 0 8 2 0 0 0 0 0 0 0 0 0 0 0 0 14 0 0 0 0 0 0 0 0 0 0 0.9390245282815557
0 0 2 0 0 0 0 0 13 0 13 0 0 4 13 0 0 0 0 7 0 0 0 0 0 0 0 0 0 0 0 11 0 0 0 0 2 0.7220398160225792
0 0 0 0 0 0 0 2 0 0 0 0 0 0 0 0 0 0 1 8 3 0 0 0 0 0 0 0 0 0 0 0 0 0 1 0 1 0.3985039854395934
