---
0 15.583881578947366 8.0 5 
12 7 8 8 0 1 0.3343348282627996
2 3 1 0 1 0 0.5329640170967296
4 7 8 8 1 1 0.2136250987579995
2 2 2 4 1 0 0.4597983528707449
8 12 7 8 1 0 0.8358060863425165
0 1 13 0 7 0 0.1885716396224072
12 7 13 0 0 1 0.22046130817313725
0 11 11 1 2 0 0.7798738342124875
---
1 16.344572368421055 6.0 5 
2 3 1 0 1 0 0.5329640170967296
0 11 11 1 2 0 0.7798738342124875
12 7 13 0 0 1 0.22046130817313725
0 1 13 0 7 0 0.1885716396224072
4 7 8 8 1 1 0.2136250987579995
2 2 2 4 1 0 0.4597983528707449
---
2 15.768914473684212 8.0 5 
0 11 11 1 2 0 0.7798738342124875
8 12 7 8 1 0 0.8112447961777738
12 7 13 0 0 1 0.22046130817313725
12 7 8 8 0 1 0.35602263470580076
2 3 1 0 1 0 0.5237037554219277
0 1 13 0 7 0 0.1885716396224072
2 8 2 4 1 0 0.5510035803981619
4 7 8 8 1 1 0.2136250987579995
---
3 15.583881578947366 8.0 5 
0 1 13 0 7 0 0.1885716396224072
8 12 7 8 1 0 0.8358060863425165
12 7 13 0 0 1 0.22046130817313725
2 2 2 4 1 0 0.4597983528707449
12 7 8 8 0 1 0.3343348282627996
0 11 11 1 2 0 0.7798738342124875
2 3 1 0 1 0 0.5329640170967296
4 7 8 8 1 1 0.2136250987579995
---
4 15.583881578947366 8.0 5 
2 2 2 4 1 0 0.4597983528707449
4 7 8 8 1 1 0.2136250987579995
12 7 13 0 0 1 0.22046130817313725
0 11 11 1 2 0 0.7798738342124875
8 12 7 8 1 0 0.8358060863425165
2 3 1 0 1 0 0.5329640170967296
12 7 8 8 0 1 0.3343348282627996
0 1 13 0 7 0 0.1885716396224072
