---
0 15.299198025909932 9.0 5 
11 2 5 4 7 0 0.4607273533513695
12 0 13 2 4 1 0.22369210715996557
12 7 8 8 4 1 0.32117909043454973
13 2 4 2 4 0 0.971885458516341
12 7 13 1 4 1 0.1232883118067083
1 2 11 10 2 1 0.2628435203820547
2 2 7 2 4 0 0.7540130668687193
1 12 4 13 4 1 0.3098575022481901
11 7 13 13 7 0 0.16593160510043448
---
1 15.011309891013777 18.0 5 
12 7 13 1 4 1 0.1232883118067083
1 12 4 13 4 1 0.3098575022481901
2 2 7 7 13 0 0.7247391285352842
12 0 13 2 4 1 0.22369210715996557
7 2 11 13 1 1 0.058078519733950174
12 7 8 8 4 1 0.32117909043454973
11 7 13 13 7 0 0.16593160510043448
8 2 7 13 11 0 0.705106586882349
11 7 13 13 11 0 0.16740861277212793
12 0 13 2 4 1 0.22369210715996557
13 0 13 2 4 0 0.7382943610438266
11 7 13 13 7 0 0.16593160510043448
12 7 8 8 4 1 0.32117909043454973
7 2 11 13 1 1 0.058078519733950174
1 12 4 13 4 1 0.3098575022481901
2 2 7 2 4 0 0.7352917762138791
11 7 13 13 7 0 0.16593160510043448
11 2 5 4 7 0 0.4607273533513695
---
2 15.710466790047295 7.0 5 
12 7 13 1 4 1 0.1232883118067083
11 7 13 13 7 0 0.16593160510043448
11 2 5 4 7 0 0.4607273533513695
2 2 7 2 4 0 0.7350144745088378
12 7 8 8 4 1 0.32117909043454973
12 0 13 2 4 1 0.22369210715996557
1 12 4 13 4 1 0.3098575022481901
---
3 15.710466790047295 7.0 5 
12 7 13 1 4 1 0.1232883118067083
11 7 13 13 7 0 0.16593160510043448
11 2 5 4 7 0 0.4607273533513695
2 2 7 2 4 0 0.7350144745088378
12 7 8 8 4 1 0.32117909043454973
12 0 13 2 4 1 0.22369210715996557
1 12 4 13 4 1 0.3098575022481901
---
4 15.299198025909932 9.0 5 
11 2 5 4 7 0 0.4607273533513695
12 0 13 2 4 1 0.22369210715996557
12 7 8 8 4 1 0.32117909043454973
13 2 4 2 4 0 0.971885458516341
12 7 13 1 4 1 0.1232883118067083
1 2 11 10 2 1 0.2628435203820547
2 2 7 2 4 0 0.7540130668687193
1 12 4 13 4 1 0.3098575022481901
11 7 13 13 7 0 0.16593160510043448
