---
0 0 29.344026321200907 1.0 5
0 0 0 0 2 0 0.3545353175839474 
---
0 1 25.210775241620397 2.0 5
0 1 0 2 2 0 0.19970764720610634 
1 7 12 8 4 1 0.14804677538327926 
---
0 2 25.210775241620397 2.0 5
0 1 0 2 2 0 0.19970764720610634 
1 7 12 8 4 1 0.14804677538327926 
---
0 3 19.987661937075877 3.0 5
4 7 8 2 8 1 0.4672001638988772 
1 7 12 8 4 1 0.14804677538327926 
0 1 0 2 2 0 0.19970764720610634 
---
0 4 19.987661937075877 3.0 5
1 7 12 8 4 1 0.14804677538327926 
4 7 8 2 8 1 0.4672001638988772 
0 1 0 2 2 0 0.19970764720610634 
---
0 5 17.643429981492904 4.0 5
0 1 0 2 2 0 0.19970764720610634 
12 7 8 2 1 1 0.13236607325452265 
4 7 8 2 8 1 0.4672001638988772 
1 7 12 8 4 1 0.14804677538327926 
---
0 6 17.643429981492904 4.0 5
0 1 0 2 2 0 0.19970764720610634 
12 7 8 2 1 1 0.13236607325452265 
4 7 8 2 8 1 0.4672001638988772 
1 7 12 8 4 1 0.14804677538327926 
---
0 7 29.344026321200907 1.0 5
0 0 0 0 2 0 0.3545353175839474 
---
0 8 25.210775241620397 2.0 5
1 7 12 8 4 1 0.14804677538327926 
0 1 0 2 2 0 0.19970764720610634 
---
0 9 19.987661937075877 3.0 5
4 7 8 2 8 1 0.4672001638988772 
1 7 12 8 4 1 0.14804677538327926 
0 1 0 2 2 0 0.19970764720610634 
---
0 10 17.643429981492904 4.0 5
0 1 0 2 2 0 0.19970764720610634 
12 7 8 2 1 1 0.13236607325452265 
4 7 8 2 8 1 0.4672001638988772 
1 7 12 8 4 1 0.14804677538327926 
---
0 11 29.344026321200907 1.0 5
0 0 0 0 2 0 0.3545353175839474 
---
0 12 25.210775241620397 2.0 5
0 1 0 2 2 0 0.19970764720610634 
1 7 12 8 4 1 0.14804677538327926 
---
0 13 19.987661937075877 3.0 5
1 7 12 8 4 1 0.14804677538327926 
0 1 0 2 2 0 0.19970764720610634 
4 7 8 2 8 1 0.4672001638988772 
---
0 14 17.643429981492904 4.0 5
4 7 8 2 8 1 0.4672001638988772 
12 7 8 2 1 1 0.13236607325452265 
0 1 0 2 2 0 0.19970764720610634 
1 7 12 8 4 1 0.14804677538327926 
---
0 15 29.344026321200907 1.0 5
0 0 0 0 2 0 0.3545353175839474 
---
0 16 25.210775241620397 2.0 5
0 1 0 2 2 0 0.19970764720610634 
1 7 12 8 4 1 0.14804677538327926 
---
0 17 19.987661937075877 3.0 5
0 1 0 2 2 0 0.19970764720610634 
1 7 12 8 4 1 0.14804677538327926 
4 7 8 2 8 1 0.4672001638988772 
---
0 18 17.643429981492904 4.0 5
12 7 8 2 1 1 0.13236607325452265 
0 1 0 2 2 0 0.19970764720610634 
4 7 8 2 8 1 0.4672001638988772 
1 7 12 8 4 1 0.14804677538327926 
---
0 19 29.344026321200907 1.0 5
0 0 0 0 2 0 0.3545353175839474 
---
0 20 25.210775241620397 2.0 5
0 1 0 2 2 0 0.19970764720610634 
1 7 12 8 4 1 0.14804677538327926 
---
0 21 19.987661937075877 3.0 5
1 7 12 8 4 1 0.14804677538327926 
4 7 8 2 8 1 0.4672001638988772 
0 1 0 2 2 0 0.19970764720610634 
---
0 22 17.643429981492904 4.0 5
4 7 8 2 8 1 0.4672001638988772 
0 1 0 2 2 0 0.19970764720610634 
12 7 8 2 1 1 0.13236607325452265 
1 7 12 8 4 1 0.14804677538327926 
---
0 23 25.210775241620397 2.0 5
1 7 12 8 4 1 0.14804677538327926 
0 1 0 2 2 0 0.19970764720610634 
---
0 24 19.987661937075877 3.0 5
1 7 12 8 4 1 0.14804677538327926 
0 1 0 2 2 0 0.19970764720610634 
4 7 8 2 8 1 0.4672001638988772 
---
0 25 17.643429981492904 4.0 5
4 7 8 2 8 1 0.4672001638988772 
0 1 0 2 2 0 0.19970764720610634 
12 7 8 2 1 1 0.13236607325452265 
1 7 12 8 4 1 0.14804677538327926 
---
0 26 29.344026321200907 1.0 5
0 0 0 0 2 0 0.3545353175839474 
---
0 27 25.210775241620397 2.0 5
1 7 12 8 4 1 0.14804677538327926 
0 1 0 2 2 0 0.19970764720610634 
---
0 28 19.987661937075877 3.0 5
1 7 12 8 4 1 0.14804677538327926 
0 1 0 2 2 0 0.19970764720610634 
4 7 8 2 8 1 0.4672001638988772 
---
0 29 17.643429981492904 4.0 5
12 7 8 2 1 1 0.13236607325452265 
0 1 0 2 2 0 0.19970764720610634 
1 7 12 8 4 1 0.14804677538327926 
4 7 8 2 8 1 0.4672001638988772 
---
0 30 29.344026321200907 1.0 5
0 0 0 0 2 0 0.3545353175839474 
---
0 31 25.210775241620397 2.0 5
0 1 0 2 2 0 0.19970764720610634 
1 7 12 8 4 1 0.14804677538327926 
---
0 32 19.987661937075877 3.0 5
0 1 0 2 2 0 0.19970764720610634 
1 7 12 8 4 1 0.14804677538327926 
4 7 8 2 8 1 0.4672001638988772 
---
0 33 17.643429981492904 4.0 5
4 7 8 2 8 1 0.4672001638988772 
12 7 8 2 1 1 0.13236607325452265 
0 1 0 2 2 0 0.19970764720610634 
1 7 12 8 4 1 0.14804677538327926 
---
1 0 29.344026321200907 1.0 5
0 0 0 0 2 0 0.3545353175839474 
---
1 1 17.437795599424224 5.0 5
12 7 8 2 1 1 0.13236607325452265 
1 7 12 8 4 1 0.14804677538327926 
2 4 4 2 2 0 0.3315341120235489 
0 1 0 2 2 0 0.19970764720610634 
4 7 8 2 8 1 0.4672001638988772 
---
1 2 23.93584207279457 2.0 5
2 4 4 2 2 0 0.3315341120235489 
4 7 8 2 8 1 0.4672001638988772 
---
1 3 23.93584207279457 2.0 5
4 7 8 2 8 1 0.4672001638988772 
2 4 4 2 2 0 0.3315341120235489 
---
1 4 19.987661937075877 3.0 5
1 7 12 8 4 1 0.14804677538327926 
4 7 8 2 8 1 0.4672001638988772 
0 1 0 2 2 0 0.19970764720610634 
---
1 5 17.643429981492904 4.0 5
1 7 12 8 4 1 0.14804677538327926 
12 7 8 2 1 1 0.13236607325452265 
0 1 0 2 2 0 0.19970764720610634 
4 7 8 2 8 1 0.4672001638988772 
---
1 6 17.643429981492904 4.0 5
1 7 12 8 4 1 0.14804677538327926 
0 1 0 2 2 0 0.19970764720610634 
4 7 8 2 8 1 0.4672001638988772 
12 7 8 2 1 1 0.13236607325452265 
---
1 7 29.36458975940777 1.0 5
1 0 0 1 2 0 0.3865119221049993 
---
1 8 17.437795599424224 5.0 5
4 7 8 2 8 1 0.4672001638988772 
2 4 4 2 2 0 0.3315341120235489 
1 7 12 8 4 1 0.14804677538327926 
0 1 0 2 2 0 0.19970764720610634 
12 7 8 2 1 1 0.13236607325452265 
---
1 9 23.93584207279457 2.0 5
2 4 4 2 2 0 0.3315341120235489 
4 7 8 2 8 1 0.4672001638988772 
---
1 10 19.987661937075877 3.0 5
1 7 12 8 4 1 0.14804677538327926 
4 7 8 2 8 1 0.4672001638988772 
0 1 0 2 2 0 0.19970764720610634 
---
1 11 17.643429981492904 4.0 5
1 7 12 8 4 1 0.14804677538327926 
12 7 8 2 1 1 0.13236607325452265 
0 1 0 2 2 0 0.19970764720610634 
4 7 8 2 8 1 0.4672001638988772 
---
1 12 29.344026321200907 1.0 5
0 0 0 1 2 0 0.4569036026608234 
---
1 13 17.437795599424224 5.0 5
0 1 0 2 2 0 0.19970764720610634 
2 4 4 2 2 0 0.3315341120235489 
12 7 8 2 1 1 0.13236607325452265 
1 7 12 8 4 1 0.14804677538327926 
4 7 8 2 8 1 0.4672001638988772 
---
1 14 23.93584207279457 2.0 5
4 7 8 2 8 1 0.4672001638988772 
2 4 4 2 2 0 0.3315341120235489 
---
1 15 19.987661937075877 3.0 5
1 7 12 8 4 1 0.14804677538327926 
4 7 8 2 8 1 0.4672001638988772 
0 1 0 2 2 0 0.19970764720610634 
---
1 16 17.643429981492904 4.0 5
12 7 8 2 1 1 0.13236607325452265 
0 1 0 2 2 0 0.19970764720610634 
1 7 12 8 4 1 0.14804677538327926 
4 7 8 2 8 1 0.4672001638988772 
---
1 17 29.36458975940777 1.0 5
1 0 0 1 2 0 0.3865119221049993 
---
1 18 17.437795599424224 5.0 5
12 7 8 2 1 1 0.13236607325452265 
1 7 12 8 4 1 0.14804677538327926 
4 7 8 2 8 1 0.4672001638988772 
2 4 4 2 2 0 0.3315341120235489 
0 1 0 2 2 0 0.19970764720610634 
---
1 19 23.93584207279457 2.0 5
2 4 4 2 2 0 0.3315341120235489 
4 7 8 2 8 1 0.4672001638988772 
---
1 20 17.643429981492904 4.0 5
0 1 0 2 2 0 0.19970764720610634 
4 7 8 2 8 1 0.4672001638988772 
12 7 8 2 1 1 0.13236607325452265 
1 7 12 8 4 1 0.14804677538327926 
---
1 21 29.344026321200907 1.0 5
0 0 0 1 2 0 0.4569036026608234 
---
1 22 17.437795599424224 5.0 5
12 7 8 2 1 1 0.13236607325452265 
1 7 12 8 4 1 0.14804677538327926 
4 7 8 2 8 1 0.4672001638988772 
2 4 4 2 2 0 0.3315341120235489 
0 1 0 2 2 0 0.19970764720610634 
---
1 23 23.93584207279457 2.0 5
2 4 4 2 2 0 0.3315341120235489 
4 7 8 2 8 1 0.4672001638988772 
---
1 24 17.643429981492904 4.0 5
0 1 0 2 2 0 0.19970764720610634 
4 7 8 2 8 1 0.4672001638988772 
12 7 8 2 1 1 0.13236607325452265 
1 7 12 8 4 1 0.14804677538327926 
---
1 25 29.344026321200907 1.0 5
0 0 0 0 2 0 0.3545353175839474 
---
1 26 17.437795599424224 5.0 5
2 4 4 2 2 0 0.3315341120235489 
1 7 12 8 4 1 0.14804677538327926 
0 1 0 2 2 0 0.19970764720610634 
12 7 8 2 1 1 0.13236607325452265 
4 7 8 2 8 1 0.4672001638988772 
---
1 27 23.93584207279457 2.0 5
4 7 8 2 8 1 0.4672001638988772 
2 4 4 2 2 0 0.3315341120235489 
---
1 28 17.643429981492904 4.0 5
1 7 12 8 4 1 0.14804677538327926 
12 7 8 2 1 1 0.13236607325452265 
0 1 0 2 2 0 0.19970764720610634 
4 7 8 2 8 1 0.4672001638988772 
---
1 29 17.437795599424224 5.0 5
2 4 4 2 2 0 0.3315341120235489 
4 7 8 2 8 1 0.4672001638988772 
1 7 12 8 4 1 0.14804677538327926 
0 1 0 2 2 0 0.19970764720610634 
12 7 8 2 1 1 0.13236607325452265 
---
1 30 23.93584207279457 2.0 5
2 4 4 2 2 0 0.3315341120235489 
4 7 8 2 8 1 0.4672001638988772 
---
1 31 17.643429981492904 4.0 5
1 7 12 8 4 1 0.14804677538327926 
12 7 8 2 1 1 0.13236607325452265 
0 1 0 2 2 0 0.19970764720610634 
4 7 8 2 8 1 0.4672001638988772 
---
1 32 29.38515319761464 1.0 5
1 0 1 1 2 0 0.49610407220605257 
---
1 33 17.437795599424224 5.0 5
1 7 12 8 4 1 0.14804677538327926 
2 4 4 2 2 0 0.3315341120235489 
12 7 8 2 1 1 0.13236607325452265 
4 7 8 2 8 1 0.4672001638988772 
0 1 0 2 2 0 0.19970764720610634 
---
1 34 17.643429981492904 4.0 5
1 7 12 8 4 1 0.14804677538327926 
12 7 8 2 1 1 0.13236607325452265 
0 1 0 2 2 0 0.19970764720610634 
4 7 8 2 8 1 0.4672001638988772 
---
1 35 29.344026321200907 1.0 5
0 0 0 0 2 0 0.3545353175839474 
---
2 0 29.344026321200907 1.0 5
0 2 0 1 0 0 0.570613476815814 
---
2 1 17.437795599424224 5.0 5
1 7 12 8 4 1 0.14804677538327926 
2 4 4 2 2 0 0.3315341120235489 
12 7 8 2 1 1 0.13236607325452265 
4 7 8 2 8 1 0.4672001638988772 
0 1 0 2 2 0 0.19970764720610634 
---
2 2 23.010487353485505 2.0 5
0 1 0 2 2 0 0.19970764720610634 
4 7 8 2 8 1 0.4672001638988772 
---
2 3 23.010487353485505 2.0 5
4 7 8 2 8 1 0.4672001638988772 
0 1 0 2 2 0 0.19970764720610634 
---
2 4 19.63808348755912 3.0 5
4 7 8 2 8 1 0.4672001638988772 
0 1 0 2 2 0 0.19970764720610634 
12 7 8 2 1 1 0.13236607325452265 
---
2 5 19.63808348755912 3.0 5
4 7 8 2 8 1 0.4672001638988772 
12 7 8 2 1 1 0.13236607325452265 
0 1 0 2 2 0 0.19970764720610634 
---
2 6 17.643429981492904 4.0 5
4 7 8 2 8 1 0.4672001638988772 
0 1 0 2 2 0 0.19970764720610634 
12 7 8 2 1 1 0.13236607325452265 
1 7 12 8 4 1 0.14804677538327926 
---
2 7 17.643429981492904 4.0 5
0 1 0 2 2 0 0.19970764720610634 
1 7 12 8 4 1 0.14804677538327926 
4 7 8 2 8 1 0.4672001638988772 
12 7 8 2 1 1 0.13236607325452265 
---
2 8 29.344026321200907 1.0 5
0 2 0 1 0 0 0.570613476815814 
---
2 9 17.437795599424224 5.0 5
1 7 12 8 4 1 0.14804677538327926 
2 4 4 2 2 0 0.3315341120235489 
4 7 8 2 8 1 0.4672001638988772 
12 7 8 2 1 1 0.13236607325452265 
0 1 0 2 2 0 0.19970764720610634 
---
2 10 23.010487353485505 2.0 5
4 7 8 2 8 1 0.4672001638988772 
0 1 0 2 2 0 0.19970764720610634 
---
2 11 19.63808348755912 3.0 5
12 7 8 2 1 1 0.13236607325452265 
4 7 8 2 8 1 0.4672001638988772 
0 1 0 2 2 0 0.19970764720610634 
---
2 12 17.643429981492904 4.0 5
4 7 8 2 8 1 0.4672001638988772 
0 1 0 2 2 0 0.19970764720610634 
12 7 8 2 1 1 0.13236607325452265 
1 7 12 8 4 1 0.14804677538327926 
---
2 13 29.36458975940777 1.0 5
0 2 0 1 1 0 0.59772856510825 
---
2 14 17.437795599424224 5.0 5
1 7 12 8 4 1 0.14804677538327926 
2 4 4 2 2 0 0.3315341120235489 
4 7 8 2 8 1 0.4672001638988772 
12 7 8 2 1 1 0.13236607325452265 
0 1 0 2 2 0 0.19970764720610634 
---
2 15 23.010487353485505 2.0 5
0 1 0 2 2 0 0.19970764720610634 
4 7 8 2 8 1 0.4672001638988772 
---
2 16 19.63808348755912 3.0 5
12 7 8 2 1 1 0.13236607325452265 
4 7 8 2 8 1 0.4672001638988772 
0 1 0 2 2 0 0.19970764720610634 
---
2 17 17.643429981492904 4.0 5
0 1 0 2 2 0 0.19970764720610634 
1 7 12 8 4 1 0.14804677538327926 
4 7 8 2 8 1 0.4672001638988772 
12 7 8 2 1 1 0.13236607325452265 
---
2 18 29.36458975940777 1.0 5
1 0 0 1 0 0 0.44759581489183 
---
2 19 17.437795599424224 5.0 5
12 7 8 2 1 1 0.13236607325452265 
1 7 12 8 4 1 0.14804677538327926 
2 4 4 2 2 0 0.3315341120235489 
0 1 0 2 2 0 0.19970764720610634 
4 7 8 2 8 1 0.4672001638988772 
---
2 20 23.010487353485505 2.0 5
0 1 0 2 2 0 0.19970764720610634 
4 7 8 2 8 1 0.4672001638988772 
---
2 21 19.63808348755912 3.0 5
4 7 8 2 8 1 0.4672001638988772 
12 7 8 2 1 1 0.13236607325452265 
0 1 0 2 2 0 0.19970764720610634 
---
2 22 17.643429981492904 4.0 5
4 7 8 2 8 1 0.4672001638988772 
0 1 0 2 2 0 0.19970764720610634 
1 7 12 8 4 1 0.14804677538327926 
12 7 8 2 1 1 0.13236607325452265 
---
2 23 29.36458975940777 1.0 5
0 0 0 2 0 0 0.2957786493187109 
---
2 24 17.437795599424224 5.0 5
1 7 12 8 4 1 0.14804677538327926 
12 7 8 2 1 1 0.13236607325452265 
2 4 4 2 2 0 0.3315341120235489 
0 1 0 2 2 0 0.19970764720610634 
4 7 8 2 8 1 0.4672001638988772 
---
2 25 23.010487353485505 2.0 5
4 7 8 2 8 1 0.4672001638988772 
0 1 0 2 2 0 0.19970764720610634 
---
2 26 19.63808348755912 3.0 5
12 7 8 2 1 1 0.13236607325452265 
0 1 0 2 2 0 0.19970764720610634 
4 7 8 2 8 1 0.4672001638988772 
---
2 27 17.643429981492904 4.0 5
4 7 8 2 8 1 0.4672001638988772 
0 1 0 2 2 0 0.19970764720610634 
12 7 8 2 1 1 0.13236607325452265 
1 7 12 8 4 1 0.14804677538327926 
---
2 28 29.36458975940777 1.0 5
1 0 0 1 0 0 0.44759581489183 
---
2 29 17.437795599424224 5.0 5
1 7 12 8 4 1 0.14804677538327926 
2 4 4 2 2 0 0.3315341120235489 
12 7 8 2 1 1 0.13236607325452265 
4 7 8 2 8 1 0.4672001638988772 
0 1 0 2 2 0 0.19970764720610634 
---
2 30 23.010487353485505 2.0 5
4 7 8 2 8 1 0.4672001638988772 
0 1 0 2 2 0 0.19970764720610634 
---
2 31 19.63808348755912 3.0 5
12 7 8 2 1 1 0.13236607325452265 
4 7 8 2 8 1 0.4672001638988772 
0 1 0 2 2 0 0.19970764720610634 
---
2 32 17.643429981492904 4.0 5
4 7 8 2 8 1 0.4672001638988772 
0 1 0 2 2 0 0.19970764720610634 
12 7 8 2 1 1 0.13236607325452265 
1 7 12 8 4 1 0.14804677538327926 
---
2 33 29.344026321200907 1.0 5
0 0 0 1 0 0 0.5054977805516012 
---
2 34 17.437795599424224 5.0 5
1 7 12 8 4 1 0.14804677538327926 
12 7 8 2 1 1 0.13236607325452265 
2 4 4 2 2 0 0.3315341120235489 
0 1 0 2 2 0 0.19970764720610634 
4 7 8 2 8 1 0.4672001638988772 
---
2 35 23.010487353485505 2.0 5
4 7 8 2 8 1 0.4672001638988772 
0 1 0 2 2 0 0.19970764720610634 
---
2 36 19.63808348755912 3.0 5
0 1 0 2 2 0 0.19970764720610634 
4 7 8 2 8 1 0.4672001638988772 
12 7 8 2 1 1 0.13236607325452265 
---
2 37 17.643429981492904 4.0 5
0 1 0 2 2 0 0.19970764720610634 
12 7 8 2 1 1 0.13236607325452265 
4 7 8 2 8 1 0.4672001638988772 
1 7 12 8 4 1 0.14804677538327926 
---
2 38 29.344026321200907 1.0 5
0 2 0 1 0 0 0.570613476815814 
---
2 39 17.437795599424224 5.0 5
12 7 8 2 1 1 0.13236607325452265 
1 7 12 8 4 1 0.14804677538327926 
2 4 4 2 2 0 0.3315341120235489 
4 7 8 2 8 1 0.4672001638988772 
0 1 0 2 2 0 0.19970764720610634 
---
2 40 23.010487353485505 2.0 5
4 7 8 2 8 1 0.4672001638988772 
0 1 0 2 2 0 0.19970764720610634 
---
2 41 19.63808348755912 3.0 5
4 7 8 2 8 1 0.4672001638988772 
0 1 0 2 2 0 0.19970764720610634 
12 7 8 2 1 1 0.13236607325452265 
---
2 42 17.643429981492904 4.0 5
1 7 12 8 4 1 0.14804677538327926 
12 7 8 2 1 1 0.13236607325452265 
4 7 8 2 8 1 0.4672001638988772 
0 1 0 2 2 0 0.19970764720610634 
---
3 0 29.344026321200907 1.0 5
0 0 0 1 2 0 0.417556104944387 
---
3 1 17.643429981492904 4.0 5
12 7 8 2 1 1 0.13236607325452265 
1 7 12 8 4 1 0.14804677538327926 
4 7 8 2 8 1 0.4672001638988772 
0 1 0 2 2 0 0.19970764720610634 
---
3 2 24.408801151552538 2.0 5
0 4 2 1 2 0 0.3514146611298252 
4 7 8 2 8 1 0.5260915077404923 
---
3 3 19.63808348755912 3.0 5
0 1 0 2 2 0 0.19970764720610634 
4 7 8 2 8 1 0.4672001638988772 
12 7 8 2 1 1 0.13236607325452265 
---
3 4 19.63808348755912 3.0 5
12 7 8 2 1 1 0.13236607325452265 
0 1 0 2 2 0 0.19970764720610634 
4 7 8 2 8 1 0.4672001638988772 
---
3 5 29.344026321200907 1.0 5
0 0 0 1 2 0 0.417556104944387 
---
3 6 17.643429981492904 4.0 5
4 7 8 2 8 1 0.4672001638988772 
12 7 8 2 1 1 0.13236607325452265 
1 7 12 8 4 1 0.14804677538327926 
0 1 0 2 2 0 0.19970764720610634 
---
3 7 19.63808348755912 3.0 5
4 7 8 2 8 1 0.4672001638988772 
12 7 8 2 1 1 0.13236607325452265 
0 1 0 2 2 0 0.19970764720610634 
---
3 8 29.344026321200907 1.0 5
0 0 0 1 2 0 0.417556104944387 
---
3 9 17.643429981492904 4.0 5
4 7 8 2 8 1 0.4672001638988772 
0 1 0 2 2 0 0.19970764720610634 
1 7 12 8 4 1 0.14804677538327926 
12 7 8 2 1 1 0.13236607325452265 
---
3 10 19.63808348755912 3.0 5
12 7 8 2 1 1 0.13236607325452265 
4 7 8 2 8 1 0.4672001638988772 
0 1 0 2 2 0 0.19970764720610634 
---
3 11 29.344026321200907 1.0 5
0 0 0 1 2 0 0.417556104944387 
---
3 12 17.643429981492904 4.0 5
12 7 8 2 1 1 0.13236607325452265 
0 1 0 2 2 0 0.19970764720610634 
1 7 12 8 4 1 0.14804677538327926 
4 7 8 2 8 1 0.4672001638988772 
---
3 13 19.63808348755912 3.0 5
0 1 0 2 2 0 0.19970764720610634 
12 7 8 2 1 1 0.13236607325452265 
4 7 8 2 8 1 0.4672001638988772 
---
3 14 29.36458975940777 1.0 5
0 0 2 1 2 0 0.34428555675777417 
---
3 15 17.643429981492904 4.0 5
12 7 8 2 1 1 0.13236607325452265 
4 7 8 2 8 1 0.4672001638988772 
1 7 12 8 4 1 0.14804677538327926 
0 1 0 2 2 0 0.19970764720610634 
---
3 16 19.63808348755912 3.0 5
0 1 0 2 2 0 0.19970764720610634 
12 7 8 2 1 1 0.13236607325452265 
4 7 8 2 8 1 0.4672001638988772 
---
3 17 29.38515319761464 1.0 5
0 0 4 1 2 0 0.4539724791915627 
---
3 18 17.643429981492904 4.0 5
1 7 12 8 4 1 0.14804677538327926 
12 7 8 2 1 1 0.13236607325452265 
4 7 8 2 8 1 0.4672001638988772 
0 1 0 2 2 0 0.19970764720610634 
---
3 19 19.63808348755912 3.0 5
4 7 8 2 8 1 0.4672001638988772 
12 7 8 2 1 1 0.13236607325452265 
0 1 0 2 2 0 0.19970764720610634 
---
3 20 29.38515319761464 1.0 5
0 0 4 1 2 0 0.4539724791915627 
---
3 21 17.643429981492904 4.0 5
12 7 8 2 1 1 0.13236607325452265 
4 7 8 2 8 1 0.4672001638988772 
1 7 12 8 4 1 0.14804677538327926 
0 1 0 2 2 0 0.19970764720610634 
---
3 22 19.63808348755912 3.0 5
0 1 0 2 2 0 0.19970764720610634 
12 7 8 2 1 1 0.13236607325452265 
4 7 8 2 8 1 0.4672001638988772 
---
3 23 29.344026321200907 1.0 5
0 0 0 1 2 0 0.417556104944387 
---
3 24 17.643429981492904 4.0 5
1 7 12 8 4 1 0.14804677538327926 
12 7 8 2 1 1 0.13236607325452265 
4 7 8 2 8 1 0.4672001638988772 
0 1 0 2 2 0 0.19970764720610634 
---
3 25 19.63808348755912 3.0 5
0 1 0 2 2 0 0.19970764720610634 
4 7 8 2 8 1 0.4672001638988772 
12 7 8 2 1 1 0.13236607325452265 
---
3 26 29.344026321200907 1.0 5
0 0 0 1 2 0 0.417556104944387 
---
3 27 17.643429981492904 4.0 5
4 7 8 2 8 1 0.4672001638988772 
0 1 0 2 2 0 0.19970764720610634 
1 7 12 8 4 1 0.14804677538327926 
12 7 8 2 1 1 0.13236607325452265 
---
3 28 19.63808348755912 3.0 5
0 1 0 2 2 0 0.19970764720610634 
4 7 8 2 8 1 0.4672001638988772 
12 7 8 2 1 1 0.13236607325452265 
---
3 29 29.344026321200907 1.0 5
0 0 0 1 2 0 0.417556104944387 
---
3 30 17.643429981492904 4.0 5
12 7 8 2 1 1 0.13236607325452265 
4 7 8 2 8 1 0.4672001638988772 
1 7 12 8 4 1 0.14804677538327926 
0 1 0 2 2 0 0.19970764720610634 
---
3 31 19.63808348755912 3.0 5
12 7 8 2 1 1 0.13236607325452265 
4 7 8 2 8 1 0.4672001638988772 
0 1 0 2 2 0 0.19970764720610634 
---
3 32 29.344026321200907 1.0 5
0 0 0 1 2 0 0.417556104944387 
---
3 33 17.643429981492904 4.0 5
12 7 8 2 1 1 0.13236607325452265 
1 7 12 8 4 1 0.14804677538327926 
4 7 8 2 8 1 0.4672001638988772 
0 1 0 2 2 0 0.19970764720610634 
---
3 34 19.63808348755912 3.0 5
12 7 8 2 1 1 0.13236607325452265 
0 1 0 2 2 0 0.19970764720610634 
4 7 8 2 8 1 0.4672001638988772 
---
3 35 17.643429981492904 4.0 5
4 7 8 2 8 1 0.4672001638988772 
0 1 0 2 2 0 0.19970764720610634 
1 7 12 8 4 1 0.14804677538327926 
12 7 8 2 1 1 0.13236607325452265 
---
3 36 19.63808348755912 3.0 5
0 1 0 2 2 0 0.19970764720610634 
12 7 8 2 1 1 0.13236607325452265 
4 7 8 2 8 1 0.4672001638988772 
---
3 37 17.643429981492904 4.0 5
12 7 8 2 1 1 0.13236607325452265 
4 7 8 2 8 1 0.4672001638988772 
0 1 0 2 2 0 0.19970764720610634 
1 7 12 8 4 1 0.14804677538327926 
---
3 38 17.643429981492904 4.0 5
4 7 8 2 8 1 0.4672001638988772 
0 1 0 2 2 0 0.19970764720610634 
1 7 12 8 4 1 0.14804677538327926 
12 7 8 2 1 1 0.13236607325452265 
---
3 39 17.643429981492904 4.0 5
12 7 8 2 1 1 0.13236607325452265 
1 7 12 8 4 1 0.14804677538327926 
4 7 8 2 8 1 0.4672001638988772 
0 1 0 2 2 0 0.19970764720610634 
---
3 40 29.36458975940777 1.0 5
0 4 0 1 2 0 0.4549740586898756 
---
4 0 29.344026321200907 1.0 5
0 2 0 1 2 0 0.5474129299089876 
---
4 1 23.010487353485505 2.0 5
0 1 0 2 2 0 0.19970764720610634 
4 7 8 2 8 1 0.4672001638988772 
---
4 2 23.010487353485505 2.0 5
0 1 0 2 2 0 0.19970764720610634 
4 7 8 2 8 1 0.4672001638988772 
---
4 3 19.63808348755912 3.0 5
0 1 0 2 2 0 0.19970764720610634 
4 7 8 2 8 1 0.4672001638988772 
12 7 8 2 1 1 0.13236607325452265 
---
4 4 19.63808348755912 3.0 5
12 7 8 2 1 1 0.13236607325452265 
0 1 0 2 2 0 0.19970764720610634 
4 7 8 2 8 1 0.4672001638988772 
---
4 5 17.643429981492904 4.0 5
0 1 0 2 2 0 0.19970764720610634 
1 7 12 8 4 1 0.14804677538327926 
4 7 8 2 8 1 0.4672001638988772 
12 7 8 2 1 1 0.13236607325452265 
---
4 6 17.643429981492904 4.0 5
12 7 8 2 1 1 0.13236607325452265 
1 7 12 8 4 1 0.14804677538327926 
0 1 0 2 2 0 0.19970764720610634 
4 7 8 2 8 1 0.4672001638988772 
---
4 7 29.344026321200907 1.0 5
0 2 0 1 2 0 0.5474129299089876 
---
4 8 23.010487353485505 2.0 5
4 7 8 2 8 1 0.4672001638988772 
0 1 0 2 2 0 0.19970764720610634 
---
4 9 19.63808348755912 3.0 5
4 7 8 2 8 1 0.4672001638988772 
12 7 8 2 1 1 0.13236607325452265 
0 1 0 2 2 0 0.19970764720610634 
---
4 10 17.643429981492904 4.0 5
0 1 0 2 2 0 0.19970764720610634 
4 7 8 2 8 1 0.4672001638988772 
12 7 8 2 1 1 0.13236607325452265 
1 7 12 8 4 1 0.14804677538327926 
---
4 11 29.38515319761464 1.0 5
0 1 0 2 2 0 0.1520241902214734 
---
4 12 23.010487353485505 2.0 5
0 1 0 2 2 0 0.19970764720610634 
4 7 8 2 8 1 0.4672001638988772 
---
4 13 19.63808348755912 3.0 5
4 7 8 2 8 1 0.4672001638988772 
12 7 8 2 1 1 0.13236607325452265 
0 1 0 2 2 0 0.19970764720610634 
---
4 14 17.643429981492904 4.0 5
4 7 8 2 8 1 0.4672001638988772 
1 7 12 8 4 1 0.14804677538327926 
12 7 8 2 1 1 0.13236607325452265 
0 1 0 2 2 0 0.19970764720610634 
---
4 15 29.344026321200907 1.0 5
0 2 0 1 2 0 0.5474129299089876 
---
4 16 23.010487353485505 2.0 5
0 1 0 2 2 0 0.19970764720610634 
4 7 8 2 8 1 0.4672001638988772 
---
4 17 19.63808348755912 3.0 5
0 1 0 2 2 0 0.19970764720610634 
12 7 8 2 1 1 0.13236607325452265 
4 7 8 2 8 1 0.4672001638988772 
---
4 18 17.643429981492904 4.0 5
12 7 8 2 1 1 0.13236607325452265 
0 1 0 2 2 0 0.19970764720610634 
1 7 12 8 4 1 0.14804677538327926 
4 7 8 2 8 1 0.4672001638988772 
---
4 19 29.36458975940777 1.0 5
0 2 1 1 2 0 0.6520912013968139 
---
4 20 23.010487353485505 2.0 5
4 7 8 2 8 1 0.4672001638988772 
0 1 0 2 2 0 0.19970764720610634 
---
4 21 19.63808348755912 3.0 5
12 7 8 2 1 1 0.13236607325452265 
0 1 0 2 2 0 0.19970764720610634 
4 7 8 2 8 1 0.4672001638988772 
---
4 22 17.643429981492904 4.0 5
1 7 12 8 4 1 0.14804677538327926 
12 7 8 2 1 1 0.13236607325452265 
4 7 8 2 8 1 0.4672001638988772 
0 1 0 2 2 0 0.19970764720610634 
---
4 23 29.36458975940777 1.0 5
0 1 0 1 2 0 0.4035744862881603 
---
4 24 23.010487353485505 2.0 5
4 7 8 2 8 1 0.4672001638988772 
0 1 0 2 2 0 0.19970764720610634 
---
4 25 19.63808348755912 3.0 5
12 7 8 2 1 1 0.13236607325452265 
4 7 8 2 8 1 0.4672001638988772 
0 1 0 2 2 0 0.19970764720610634 
---
4 26 17.643429981492904 4.0 5
4 7 8 2 8 1 0.4672001638988772 
1 7 12 8 4 1 0.14804677538327926 
12 7 8 2 1 1 0.13236607325452265 
0 1 0 2 2 0 0.19970764720610634 
---
4 27 29.36458975940777 1.0 5
0 2 0 2 2 0 0.30591923790642905 
---
4 28 23.010487353485505 2.0 5
4 7 8 2 8 1 0.4672001638988772 
0 1 0 2 2 0 0.19970764720610634 
---
4 29 19.63808348755912 3.0 5
0 1 0 2 2 0 0.19970764720610634 
12 7 8 2 1 1 0.13236607325452265 
4 7 8 2 8 1 0.4672001638988772 
---
4 30 17.643429981492904 4.0 5
4 7 8 2 8 1 0.4672001638988772 
1 7 12 8 4 1 0.14804677538327926 
12 7 8 2 1 1 0.13236607325452265 
0 1 0 2 2 0 0.19970764720610634 
---
4 31 29.36458975940777 1.0 5
0 1 0 1 2 0 0.4035744862881603 
---
4 32 23.010487353485505 2.0 5
0 1 0 2 2 0 0.19970764720610634 
4 7 8 2 8 1 0.4672001638988772 
---
4 33 19.63808348755912 3.0 5
12 7 8 2 1 1 0.13236607325452265 
0 1 0 2 2 0 0.19970764720610634 
4 7 8 2 8 1 0.4672001638988772 
---
4 34 17.643429981492904 4.0 5
4 7 8 2 8 1 0.4672001638988772 
0 1 0 2 2 0 0.19970764720610634 
12 7 8 2 1 1 0.13236607325452265 
1 7 12 8 4 1 0.14804677538327926 
---
4 35 29.36458975940777 1.0 5
0 1 0 1 2 0 0.4035744862881603 
---
4 36 23.010487353485505 2.0 5
0 1 0 2 2 0 0.19970764720610634 
4 7 8 2 8 1 0.4672001638988772 
---
4 37 19.63808348755912 3.0 5
0 1 0 2 2 0 0.19970764720610634 
4 7 8 2 8 1 0.4672001638988772 
12 7 8 2 1 1 0.13236607325452265 
---
4 38 29.344026321200907 1.0 5
0 2 0 1 2 0 0.5474129299089876 
---
4 39 17.643429981492904 4.0 5
4 7 8 2 8 1 0.4672001638988772 
1 7 12 8 4 1 0.14804677538327926 
12 7 8 2 1 1 0.13236607325452265 
0 1 0 2 2 0 0.19970764720610634 
---
5 0 29.344026321200907 1.0 5
0 0 0 1 2 0 0.46569738690238305 
---
5 1 17.643429981492904 4.0 5
12 7 8 2 1 1 0.13236607325452265 
0 1 0 2 2 0 0.19970764720610634 
4 7 8 2 8 1 0.4672001638988772 
1 7 12 8 4 1 0.14804677538327926 
---
5 2 23.174994859140448 2.0 5
0 2 0 2 2 0 0.36033102326540134 
4 7 8 2 8 1 0.4672001638988772 
---
5 3 23.174994859140448 2.0 5
4 7 8 2 8 1 0.4672001638988772 
0 2 0 2 2 0 0.36033102326540134 
---
5 4 19.63808348755912 3.0 5
4 7 8 2 8 1 0.4672001638988772 
0 1 0 2 2 0 0.19970764720610634 
12 7 8 2 1 1 0.13236607325452265 
---
5 5 19.63808348755912 3.0 5
12 7 8 2 1 1 0.13236607325452265 
4 7 8 2 8 1 0.4672001638988772 
0 1 0 2 2 0 0.19970764720610634 
---
5 6 29.344026321200907 1.0 5
0 0 0 0 2 0 0.3683645704016738 
---
5 7 17.643429981492904 4.0 5
12 7 8 2 1 1 0.13236607325452265 
0 1 0 2 2 0 0.19970764720610634 
4 7 8 2 8 1 0.4672001638988772 
1 7 12 8 4 1 0.14804677538327926 
---
5 8 23.174994859140448 2.0 5
0 2 0 2 2 0 0.36033102326540134 
4 7 8 2 8 1 0.4672001638988772 
---
5 9 19.63808348755912 3.0 5
0 1 0 2 2 0 0.19970764720610634 
12 7 8 2 1 1 0.13236607325452265 
4 7 8 2 8 1 0.4672001638988772 
---
5 10 17.643429981492904 4.0 5
4 7 8 2 8 1 0.4672001638988772 
12 7 8 2 1 1 0.13236607325452265 
0 1 0 2 2 0 0.19970764720610634 
1 7 12 8 4 1 0.14804677538327926 
---
5 11 23.174994859140448 2.0 5
4 7 8 2 8 1 0.4672001638988772 
0 2 0 2 2 0 0.36033102326540134 
---
5 12 19.63808348755912 3.0 5
4 7 8 2 8 1 0.4672001638988772 
0 1 0 2 2 0 0.19970764720610634 
12 7 8 2 1 1 0.13236607325452265 
---
5 13 17.643429981492904 4.0 5
12 7 8 2 1 1 0.13236607325452265 
0 1 0 2 2 0 0.19970764720610634 
4 7 8 2 8 1 0.4672001638988772 
1 7 12 8 4 1 0.14804677538327926 
---
5 14 23.174994859140448 2.0 5
0 2 0 2 2 0 0.36033102326540134 
4 7 8 2 8 1 0.4672001638988772 
---
5 15 17.643429981492904 4.0 5
12 7 8 2 1 1 0.13236607325452265 
0 1 0 2 2 0 0.19970764720610634 
4 7 8 2 8 1 0.4672001638988772 
1 7 12 8 4 1 0.14804677538327926 
---
5 16 23.174994859140448 2.0 5
0 2 0 2 2 0 0.36033102326540134 
4 7 8 2 8 1 0.4672001638988772 
---
5 17 29.344026321200907 1.0 5
0 0 0 1 2 0 0.46569738690238305 
---
5 18 17.643429981492904 4.0 5
12 7 8 2 1 1 0.13236607325452265 
0 1 0 2 2 0 0.19970764720610634 
4 7 8 2 8 1 0.4672001638988772 
1 7 12 8 4 1 0.14804677538327926 
---
5 19 23.174994859140448 2.0 5
4 7 8 2 8 1 0.4672001638988772 
0 2 0 2 2 0 0.36033102326540134 
---
5 20 29.344026321200907 1.0 5
0 0 0 1 2 0 0.46569738690238305 
---
5 21 17.643429981492904 4.0 5
12 7 8 2 1 1 0.13236607325452265 
0 1 0 2 2 0 0.19970764720610634 
4 7 8 2 8 1 0.4672001638988772 
1 7 12 8 4 1 0.14804677538327926 
---
5 22 23.174994859140448 2.0 5
4 7 8 2 8 1 0.4672001638988772 
0 2 0 2 2 0 0.36033102326540134 
---
5 23 17.643429981492904 4.0 5
4 7 8 2 8 1 0.4672001638988772 
12 7 8 2 1 1 0.13236607325452265 
0 1 0 2 2 0 0.19970764720610634 
1 7 12 8 4 1 0.14804677538327926 
---
5 24 23.174994859140448 2.0 5
4 7 8 2 8 1 0.4672001638988772 
0 2 0 2 2 0 0.36033102326540134 
---
5 25 17.643429981492904 4.0 5
4 7 8 2 8 1 0.4672001638988772 
12 7 8 2 1 1 0.13236607325452265 
0 1 0 2 2 0 0.19970764720610634 
1 7 12 8 4 1 0.14804677538327926 
---
5 26 23.174994859140448 2.0 5
0 2 0 2 2 0 0.36033102326540134 
4 7 8 2 8 1 0.4672001638988772 
---
5 27 17.643429981492904 4.0 5
12 7 8 2 1 1 0.13236607325452265 
0 1 0 2 2 0 0.19970764720610634 
4 7 8 2 8 1 0.4672001638988772 
1 7 12 8 4 1 0.14804677538327926 
---
5 28 23.174994859140448 2.0 5
4 7 8 2 8 1 0.4672001638988772 
0 2 0 2 2 0 0.36033102326540134 
---
5 29 29.36458975940777 1.0 5
0 0 0 1 4 0 0.5172707196359214 
---
5 30 17.643429981492904 4.0 5
12 7 8 2 1 1 0.13236607325452265 
0 1 0 2 2 0 0.19970764720610634 
4 7 8 2 8 1 0.4672001638988772 
1 7 12 8 4 1 0.14804677538327926 
---
5 31 23.174994859140448 2.0 5
4 7 8 2 8 1 0.4672001638988772 
0 2 0 2 2 0 0.36033102326540134 
---
5 32 23.174994859140448 2.0 5
0 2 0 2 2 0 0.36033102326540134 
4 7 8 2 8 1 0.4672001638988772 
---
5 33 23.174994859140448 2.0 5
4 7 8 2 8 1 0.4672001638988772 
0 2 0 2 2 0 0.36033102326540134 
---
5 34 29.344026321200907 1.0 5
0 0 0 0 2 0 0.3683645704016738 
---
6 0 29.344026321200907 1.0 5
0 0 0 1 0 0 0.5072938935235503 
---
6 1 17.437795599424224 5.0 5
12 7 8 2 1 1 0.13236607325452265 
1 7 12 8 4 1 0.14804677538327926 
2 4 4 2 2 0 0.3315341120235489 
0 1 0 2 2 0 0.19970764720610634 
4 7 8 2 8 1 0.4672001638988772 
---
6 2 25.210775241620397 2.0 5
1 7 12 8 4 1 0.14804677538327926 
0 1 0 2 2 0 0.19970764720610634 
---
6 3 25.210775241620397 2.0 5
1 7 12 8 4 1 0.14804677538327926 
0 1 0 2 2 0 0.19970764720610634 
---
6 4 19.987661937075877 3.0 5
0 1 0 2 2 0 0.19970764720610634 
1 7 12 8 4 1 0.14804677538327926 
4 7 8 2 8 1 0.4672001638988772 
---
6 5 19.987661937075877 3.0 5
0 1 0 2 2 0 0.19970764720610634 
4 7 8 2 8 1 0.4672001638988772 
1 7 12 8 4 1 0.14804677538327926 
---
6 6 17.643429981492904 4.0 5
4 7 8 2 8 1 0.4672001638988772 
0 1 0 2 2 0 0.19970764720610634 
1 7 12 8 4 1 0.14804677538327926 
12 7 8 2 1 1 0.13236607325452265 
---
6 7 17.643429981492904 4.0 5
1 7 12 8 4 1 0.14804677538327926 
0 1 0 2 2 0 0.19970764720610634 
12 7 8 2 1 1 0.13236607325452265 
4 7 8 2 8 1 0.4672001638988772 
---
6 8 29.426280074028377 1.0 5
4 1 0 2 2 0 0.17052357532140938 
---
6 9 17.437795599424224 5.0 5
12 7 8 2 1 1 0.13236607325452265 
1 7 12 8 4 1 0.14804677538327926 
2 4 4 2 2 0 0.3315341120235489 
0 1 0 2 2 0 0.19970764720610634 
4 7 8 2 8 1 0.4672001638988772 
---
6 10 25.210775241620397 2.0 5
0 1 0 2 2 0 0.19970764720610634 
1 7 12 8 4 1 0.14804677538327926 
---
6 11 19.987661937075877 3.0 5
0 1 0 2 2 0 0.19970764720610634 
1 7 12 8 4 1 0.14804677538327926 
4 7 8 2 8 1 0.4672001638988772 
---
6 12 17.643429981492904 4.0 5
1 7 12 8 4 1 0.14804677538327926 
12 7 8 2 1 1 0.13236607325452265 
4 7 8 2 8 1 0.4672001638988772 
0 1 0 2 2 0 0.19970764720610634 
---
6 13 29.344026321200907 1.0 5
0 0 0 1 0 0 0.5072938935235503 
---
6 14 17.437795599424224 5.0 5
0 1 0 2 2 0 0.19970764720610634 
2 4 4 2 2 0 0.3315341120235489 
1 7 12 8 4 1 0.14804677538327926 
4 7 8 2 8 1 0.4672001638988772 
12 7 8 2 1 1 0.13236607325452265 
---
6 15 25.210775241620397 2.0 5
0 1 0 2 2 0 0.19970764720610634 
1 7 12 8 4 1 0.14804677538327926 
---
6 16 19.987661937075877 3.0 5
1 7 12 8 4 1 0.14804677538327926 
0 1 0 2 2 0 0.19970764720610634 
4 7 8 2 8 1 0.4672001638988772 
---
6 17 17.643429981492904 4.0 5
12 7 8 2 1 1 0.13236607325452265 
0 1 0 2 2 0 0.19970764720610634 
1 7 12 8 4 1 0.14804677538327926 
4 7 8 2 8 1 0.4672001638988772 
---
6 18 29.36458975940777 1.0 5
1 0 0 1 0 0 0.44716146043783156 
---
6 19 17.437795599424224 5.0 5
0 1 0 2 2 0 0.19970764720610634 
2 4 4 2 2 0 0.3315341120235489 
1 7 12 8 4 1 0.14804677538327926 
4 7 8 2 8 1 0.4672001638988772 
12 7 8 2 1 1 0.13236607325452265 
---
6 20 25.210775241620397 2.0 5
0 1 0 2 2 0 0.19970764720610634 
1 7 12 8 4 1 0.14804677538327926 
---
6 21 19.987661937075877 3.0 5
0 1 0 2 2 0 0.19970764720610634 
1 7 12 8 4 1 0.14804677538327926 
4 7 8 2 8 1 0.4672001638988772 
---
6 22 17.643429981492904 4.0 5
12 7 8 2 1 1 0.13236607325452265 
0 1 0 2 2 0 0.19970764720610634 
4 7 8 2 8 1 0.4672001638988772 
1 7 12 8 4 1 0.14804677538327926 
---
6 23 29.344026321200907 1.0 5
0 0 0 1 0 0 0.5072938935235503 
---
6 24 17.437795599424224 5.0 5
12 7 8 2 1 1 0.13236607325452265 
1 7 12 8 4 1 0.14804677538327926 
2 4 4 2 2 0 0.3315341120235489 
0 1 0 2 2 0 0.19970764720610634 
4 7 8 2 8 1 0.4672001638988772 
---
6 25 25.210775241620397 2.0 5
0 1 0 2 2 0 0.19970764720610634 
1 7 12 8 4 1 0.14804677538327926 
---
6 26 19.987661937075877 3.0 5
1 7 12 8 4 1 0.14804677538327926 
4 7 8 2 8 1 0.4672001638988772 
0 1 0 2 2 0 0.19970764720610634 
---
6 27 17.643429981492904 4.0 5
4 7 8 2 8 1 0.4672001638988772 
12 7 8 2 1 1 0.13236607325452265 
1 7 12 8 4 1 0.14804677538327926 
0 1 0 2 2 0 0.19970764720610634 
---
6 28 29.344026321200907 1.0 5
0 0 0 1 0 0 0.5072938935235503 
---
6 29 17.437795599424224 5.0 5
0 1 0 2 2 0 0.19970764720610634 
1 7 12 8 4 1 0.14804677538327926 
2 4 4 2 2 0 0.3315341120235489 
12 7 8 2 1 1 0.13236607325452265 
4 7 8 2 8 1 0.4672001638988772 
---
6 30 25.210775241620397 2.0 5
0 1 0 2 2 0 0.19970764720610634 
1 7 12 8 4 1 0.14804677538327926 
---
6 31 19.987661937075877 3.0 5
0 1 0 2 2 0 0.19970764720610634 
1 7 12 8 4 1 0.14804677538327926 
4 7 8 2 8 1 0.4672001638988772 
---
6 32 17.643429981492904 4.0 5
0 1 0 2 2 0 0.19970764720610634 
12 7 8 2 1 1 0.13236607325452265 
1 7 12 8 4 1 0.14804677538327926 
4 7 8 2 8 1 0.4672001638988772 
---
6 33 29.36458975940777 1.0 5
0 0 0 2 0 0 0.2911416143262555 
---
6 34 17.437795599424224 5.0 5
12 7 8 2 1 1 0.13236607325452265 
1 7 12 8 4 1 0.14804677538327926 
2 4 4 2 2 0 0.3315341120235489 
0 1 0 2 2 0 0.19970764720610634 
4 7 8 2 8 1 0.4672001638988772 
---
6 35 25.210775241620397 2.0 5
1 7 12 8 4 1 0.14804677538327926 
0 1 0 2 2 0 0.19970764720610634 
---
6 36 19.987661937075877 3.0 5
0 1 0 2 2 0 0.19970764720610634 
1 7 12 8 4 1 0.14804677538327926 
4 7 8 2 8 1 0.4672001638988772 
---
6 37 17.643429981492904 4.0 5
4 7 8 2 8 1 0.4672001638988772 
1 7 12 8 4 1 0.14804677538327926 
0 1 0 2 2 0 0.19970764720610634 
12 7 8 2 1 1 0.13236607325452265 
---
6 38 29.344026321200907 1.0 5
0 0 0 1 0 0 0.5072938935235503 
---
6 39 17.437795599424224 5.0 5
0 1 0 2 2 0 0.19970764720610634 
2 4 4 2 2 0 0.3315341120235489 
1 7 12 8 4 1 0.14804677538327926 
4 7 8 2 8 1 0.4672001638988772 
12 7 8 2 1 1 0.13236607325452265 
---
6 40 25.210775241620397 2.0 5
1 7 12 8 4 1 0.14804677538327926 
0 1 0 2 2 0 0.19970764720610634 
---
6 41 19.987661937075877 3.0 5
1 7 12 8 4 1 0.14804677538327926 
4 7 8 2 8 1 0.4672001638988772 
0 1 0 2 2 0 0.19970764720610634 
