---
0 0 29.44078947368421 1.0 5
1 4 2 0 1 0 0.32331032757736367 
---
0 1 13.363486842105262 33.0 5
11 12 13 12 7 0 0.3773632271448015 
5 1 0 4 1 0 0.9823677181874184 
7 1 5 2 11 0 0.24278148513729692 
7 11 4 9 11 0 0.15728168087835015 
3 4 8 12 1 0 0.16847514205372094 
11 8 13 4 2 0 0.30596352418506356 
1 11 7 1 2 0 0.3700053649195565 
7 7 13 12 1 1 0.15888460327216114 
12 0 8 8 0 1 0.21452770399650545 
11 8 13 4 7 0 0.5366916338654166 
12 0 13 4 0 1 0.12815699311855222 
11 7 1 3 6 0 0.33914160908058844 
8 4 12 8 7 0 0.6109611409734728 
12 8 7 5 11 0 0.47558646667210214 
11 11 8 3 8 1 0.4788082533897968 
3 8 13 1 11 0 0.6528046330631188 
7 7 13 4 7 0 0.1302350323206195 
12 2 12 8 11 0 0.19861001814918344 
11 6 7 6 11 1 0.36402045433449715 
11 12 13 12 7 0 0.3773632271448015 
11 1 13 2 11 0 0.2654477930668724 
11 7 7 8 11 1 0.09597919405276767 
12 11 8 8 2 1 0.37910886580668457 
12 7 13 4 4 1 0.26474048637441916 
2 8 7 2 2 0 0.8181448687007203 
11 6 3 7 11 0 0.18599385383768108 
3 0 8 8 0 1 0.10411030265328736 
1 2 13 7 4 0 0.2840131766210583 
12 0 13 0 14 1 0.9479075492217031 
3 8 7 12 7 0 0.8202444745911712 
7 12 0 9 11 1 0.1661744815042887 
7 7 8 4 2 1 0.13040573953415802 
2 3 4 2 11 0 0.4667073318438537 
---
0 2 21.669407894736842 2.0 5
7 1 8 8 0 1 0.1641565045681359 
1 4 2 1 1 0 0.4344446227170431 
---
0 3 21.669407894736842 2.0 5
7 1 8 8 0 1 0.1641565045681359 
1 4 2 1 1 0 0.4344446227170431 
---
0 4 19.387335526315788 3.0 5
12 0 13 4 0 1 0.12815699311855222 
7 1 8 8 0 1 0.1641565045681359 
1 2 2 4 1 0 0.36418598565625127 
---
0 5 18.811677631578945 5.0 5
12 0 13 4 0 1 0.12815699311855222 
2 2 11 2 2 0 0.9041906813273 
5 1 0 4 1 0 0.9823677181874184 
11 8 13 1 11 0 0.6528049375460816 
7 12 4 13 7 1 0.20096642976681922 
---
0 6 17.783717105263158 6.0 5
5 1 0 4 1 0 0.9823677181874184 
2 2 11 2 2 0 0.9041906813273 
11 8 13 1 11 0 0.6528049375460816 
12 0 13 4 0 1 0.12815699311855222 
7 12 4 13 7 1 0.20096642976681922 
7 11 0 9 7 0 0.15679581509749307 
---
0 7 19.387335526315788 3.0 5
12 0 13 4 0 1 0.12815699311855222 
7 1 8 8 0 1 0.1641565045681359 
1 2 2 4 1 0 0.36418598565625127 
---
0 8 18.811677631578945 5.0 5
2 2 11 2 2 0 0.9041906813273 
12 0 13 4 0 1 0.12815699311855222 
11 8 13 1 11 0 0.6528049375460816 
7 12 4 13 7 1 0.20096642976681922 
5 1 0 4 1 0 0.9823677181874184 
---
0 9 13.486842105263158 28.0 5
11 6 3 7 11 0 0.18599385383768108 
12 0 8 8 0 1 0.21452770399650545 
11 6 7 6 11 1 0.36402045433449715 
12 11 8 8 2 1 0.37910886580668457 
11 11 8 3 8 1 0.4788082533897968 
12 0 13 4 0 1 0.12815699311855222 
3 4 8 12 1 0 0.16847514205372094 
7 11 4 9 11 0 0.15728168087835015 
12 2 12 8 11 0 0.19861001814918344 
7 7 13 4 7 0 0.1302350323206195 
7 12 0 9 11 1 0.1661744815042887 
7 7 13 12 1 1 0.15888460327216114 
3 0 8 8 0 1 0.10411030265328736 
7 1 5 2 11 0 0.24278148513729692 
11 1 13 2 11 0 0.2654477930668724 
12 7 13 4 4 1 0.26474048637441916 
3 8 7 12 7 0 0.8202444745911712 
1 2 13 7 4 0 0.2840131766210583 
3 8 13 1 11 0 0.6528046330631188 
7 7 8 4 2 1 0.13040573953415802 
11 8 13 4 7 0 0.5366916338654166 
2 3 4 2 11 0 0.4667073318438537 
1 11 7 1 2 0 0.3700053649195565 
11 7 7 8 11 1 0.09597919405276767 
11 12 13 12 7 0 0.3773632271448015 
8 4 12 8 7 0 0.6109611409734728 
2 8 7 2 2 0 0.8181448687007203 
5 1 0 4 1 0 0.9823677181874184 
---
0 10 13.404605263157896 29.0 5
3 8 13 1 11 0 0.6528046330631188 
3 8 7 12 7 0 0.8202444745911712 
7 7 8 4 2 1 0.13040573953415802 
8 4 12 8 7 0 0.6109611409734728 
2 8 7 2 2 0 0.8181448687007203 
3 0 8 8 0 1 0.10411030265328736 
12 0 13 4 0 1 0.12815699311855222 
7 12 0 9 11 1 0.1661744815042887 
12 2 12 8 11 0 0.19861001814918344 
11 1 13 2 11 0 0.2654477930668724 
7 7 13 4 7 0 0.1302350323206195 
12 7 13 4 4 1 0.26474048637441916 
12 11 8 8 2 1 0.37910886580668457 
11 12 13 12 7 0 0.3773632271448015 
11 6 3 7 11 0 0.18599385383768108 
2 3 4 2 11 0 0.4667073318438537 
11 7 7 8 11 1 0.09597919405276767 
7 11 4 9 11 0 0.15728168087835015 
11 8 13 4 7 0 0.5366916338654166 
7 1 5 2 11 0 0.24278148513729692 
11 6 7 6 11 1 0.36402045433449715 
12 0 8 8 0 1 0.21452770399650545 
1 11 7 1 2 0 0.3700053649195565 
7 7 13 12 1 1 0.15888460327216114 
5 1 0 4 1 0 0.9823677181874184 
3 4 8 12 1 0 0.16847514205372094 
11 11 8 3 8 1 0.4788082533897968 
1 2 13 7 4 0 0.2840131766210583 
11 8 13 4 2 0 0.30596352418506356 
---
0 11 13.507401315789474 26.0 5
1 11 7 1 2 0 0.3700053649195565 
11 12 13 12 7 0 0.3773632271448015 
2 3 4 2 11 0 0.4667073318438537 
11 11 8 3 8 1 0.4788082533897968 
2 8 7 2 2 0 0.8181448687007203 
5 1 0 4 1 0 0.9823677181874184 
11 7 7 8 11 1 0.09597919405276767 
7 11 4 9 11 0 0.15728168087835015 
12 7 13 4 4 1 0.26474048637441916 
12 2 12 8 11 0 0.19861001814918344 
1 2 13 7 4 0 0.2840131766210583 
11 6 3 7 11 0 0.18599385383768108 
8 4 12 8 7 0 0.6109611409734728 
7 1 5 2 11 0 0.24278148513729692 
7 7 8 4 2 1 0.13040573953415802 
12 0 8 8 0 1 0.21452770399650545 
11 8 13 4 7 0 0.5366916338654166 
7 12 0 9 11 1 0.1661744815042887 
11 6 7 6 11 1 0.36402045433449715 
11 1 13 2 11 0 0.2654477930668724 
7 7 13 12 1 1 0.15888460327216114 
3 8 13 1 11 0 0.6528046330631188 
12 0 13 4 0 1 0.12815699311855222 
7 7 13 4 7 0 0.1302350323206195 
3 8 7 12 7 0 0.8202444745911712 
12 11 8 8 2 1 0.37910886580668457 
---
0 12 16.570723684210524 9.0 5
7 12 4 13 7 1 0.20096642976681922 
11 1 13 2 11 0 0.2654477930668724 
12 0 13 4 0 1 0.12815699311855222 
2 2 11 2 2 0 0.9041906813273 
5 1 0 4 1 0 0.9823677181874184 
11 12 13 12 7 0 0.3773632271448015 
11 8 13 1 11 0 0.6528049375460816 
7 7 13 12 1 1 0.15888460327216114 
7 11 0 9 7 0 0.15679581509749307 
---
0 13 16.40625 10.0 5
7 12 0 9 11 1 0.1661744815042887 
12 0 8 8 0 1 0.21452770399650545 
1 11 7 1 2 0 0.3700053649195565 
7 7 8 4 2 1 0.13040573953415802 
7 11 4 9 11 0 0.15728168087835015 
3 8 7 12 7 0 0.8202444745911712 
11 12 13 12 7 0 0.3773632271448015 
2 8 7 2 2 0 0.8181448687007203 
8 4 12 8 7 0 0.6109611409734728 
11 8 13 4 7 0 0.5366916338654166 
---
0 14 16.40625 10.0 5
7 12 0 9 11 1 0.1661744815042887 
12 0 8 8 0 1 0.21452770399650545 
1 11 7 1 2 0 0.3700053649195565 
7 7 8 4 2 1 0.13040573953415802 
7 11 4 9 11 0 0.15728168087835015 
3 8 7 12 7 0 0.8202444745911712 
11 12 13 12 7 0 0.3773632271448015 
2 8 7 2 2 0 0.8181448687007203 
8 4 12 8 7 0 0.6109611409734728 
11 8 13 4 7 0 0.5366916338654166 
---
0 15 15.583881578947366 11.0 5
7 7 8 4 2 1 0.13040573953415802 
11 8 13 4 7 0 0.5366916338654166 
7 11 4 9 11 0 0.15728168087835015 
1 11 7 1 2 0 0.3700053649195565 
2 8 7 2 2 0 0.8181448687007203 
1 12 13 4 7 0 0.32153505985154496 
7 12 0 9 11 1 0.1661744815042887 
12 0 13 4 0 1 0.12815699311855222 
8 4 12 8 7 0 0.6109611409734728 
3 8 7 12 7 0 0.8202444745911712 
12 0 8 8 0 1 0.21452770399650545 
---
0 16 17.783717105263158 6.0 5
5 1 0 4 1 0 0.9823677181874184 
2 2 11 2 2 0 0.9041906813273 
11 8 13 1 11 0 0.6528049375460816 
12 0 13 4 0 1 0.12815699311855222 
7 12 4 13 7 1 0.20096642976681922 
7 11 0 9 7 0 0.15679581509749307 
---
0 17 15.460526315789474 12.0 5
11 11 8 3 8 1 0.4788082533897968 
12 0 13 4 0 1 0.12815699311855222 
12 0 8 8 0 1 0.21452770399650545 
7 12 0 9 11 1 0.1661744815042887 
7 11 4 9 11 0 0.15728168087835015 
1 11 7 1 2 0 0.3700053649195565 
2 8 7 2 2 0 0.8181448687007203 
11 8 13 4 7 0 0.5366916338654166 
7 7 8 4 2 1 0.13040573953415802 
1 12 13 4 7 0 0.32153505985154496 
8 4 12 8 7 0 0.6109611409734728 
3 8 7 12 7 0 0.8202444745911712 
---
0 18 15.193256578947366 13.0 5
11 8 13 4 7 0 0.5366916338654166 
7 7 8 4 2 1 0.13040573953415802 
2 3 4 2 11 0 0.4667073318438537 
3 8 7 12 7 0 0.8202444745911712 
7 11 4 9 11 0 0.15728168087835015 
12 0 13 4 0 1 0.12815699311855222 
2 8 7 2 2 0 0.8181448687007203 
12 0 8 8 0 1 0.21452770399650545 
1 12 13 4 7 0 0.32153505985154496 
11 7 7 8 11 1 0.09597919405276767 
8 4 12 8 7 0 0.6109611409734728 
7 12 0 9 11 1 0.1661744815042887 
1 11 7 1 2 0 0.3700053649195565 
---
0 19 17.434210526315788 7.0 5
7 11 0 9 7 0 0.15679581509749307 
1 5 7 1 13 0 0.9786982773228476 
12 0 13 4 0 1 0.12815699311855222 
2 2 11 2 2 0 0.9041906813273 
7 12 4 13 7 1 0.20096642976681922 
5 1 0 4 1 0 0.9823677181874184 
11 8 13 1 11 0 0.6528049375460816 
---
0 20 17.434210526315788 7.0 5
7 11 0 9 7 0 0.15679581509749307 
1 5 7 1 13 0 0.9786982773228476 
12 0 13 4 0 1 0.12815699311855222 
2 2 11 2 2 0 0.9041906813273 
7 12 4 13 7 1 0.20096642976681922 
5 1 0 4 1 0 0.9823677181874184 
11 8 13 1 11 0 0.6528049375460816 
---
0 21 17.29029605263158 8.0 5
7 12 0 9 11 1 0.1661744815042887 
2 2 11 2 2 0 0.9041906813273 
7 11 0 9 7 0 0.15679581509749307 
7 12 4 13 7 1 0.20096642976681922 
5 1 0 4 1 0 0.9823677181874184 
12 0 13 4 0 1 0.12815699311855222 
11 8 13 1 11 0 0.6528049375460816 
1 5 7 1 13 0 0.9786982773228476 
---
0 22 17.29029605263158 8.0 5
7 12 0 9 11 1 0.1661744815042887 
2 2 11 2 2 0 0.9041906813273 
7 11 0 9 7 0 0.15679581509749307 
7 12 4 13 7 1 0.20096642976681922 
5 1 0 4 1 0 0.9823677181874184 
12 0 13 4 0 1 0.12815699311855222 
11 8 13 1 11 0 0.6528049375460816 
1 5 7 1 13 0 0.9786982773228476 
---
0 23 16.570723684210524 9.0 5
7 12 4 13 7 1 0.20096642976681922 
11 1 13 2 11 0 0.2654477930668724 
12 0 13 4 0 1 0.12815699311855222 
2 2 11 2 2 0 0.9041906813273 
5 1 0 4 1 0 0.9823677181874184 
11 12 13 12 7 0 0.3773632271448015 
11 8 13 1 11 0 0.6528049375460816 
7 7 13 12 1 1 0.15888460327216114 
7 11 0 9 7 0 0.15679581509749307 
---
0 24 15.583881578947366 11.0 5
7 7 8 4 2 1 0.13040573953415802 
11 8 13 4 7 0 0.5366916338654166 
7 11 4 9 11 0 0.15728168087835015 
1 11 7 1 2 0 0.3700053649195565 
2 8 7 2 2 0 0.8181448687007203 
1 12 13 4 7 0 0.32153505985154496 
7 12 0 9 11 1 0.1661744815042887 
12 0 13 4 0 1 0.12815699311855222 
8 4 12 8 7 0 0.6109611409734728 
3 8 7 12 7 0 0.8202444745911712 
12 0 8 8 0 1 0.21452770399650545 
---
0 25 15.193256578947366 13.0 5
11 8 13 4 7 0 0.5366916338654166 
7 7 8 4 2 1 0.13040573953415802 
2 3 4 2 11 0 0.4667073318438537 
3 8 7 12 7 0 0.8202444745911712 
7 11 4 9 11 0 0.15728168087835015 
12 0 13 4 0 1 0.12815699311855222 
2 8 7 2 2 0 0.8181448687007203 
12 0 8 8 0 1 0.21452770399650545 
1 12 13 4 7 0 0.32153505985154496 
11 7 7 8 11 1 0.09597919405276767 
8 4 12 8 7 0 0.6109611409734728 
7 12 0 9 11 1 0.1661744815042887 
1 11 7 1 2 0 0.3700053649195565 
---
0 26 14.555921052631579 14.0 5
11 1 13 2 11 0 0.2654477930668724 
3 8 7 12 7 0 0.8202444745911712 
11 7 7 8 11 1 0.09597919405276767 
7 12 0 9 11 1 0.1661744815042887 
7 11 4 9 11 0 0.15728168087835015 
1 12 13 4 7 0 0.32153505985154496 
11 8 13 4 7 0 0.5366916338654166 
1 11 7 1 2 0 0.3700053649195565 
12 0 13 4 0 1 0.12815699311855222 
7 7 8 4 2 1 0.13040573953415802 
2 8 7 2 2 0 0.8181448687007203 
12 0 8 8 0 1 0.21452770399650545 
8 4 12 8 7 0 0.6109611409734728 
2 3 4 2 11 0 0.4667073318438537 
---
0 27 14.432565789473683 15.0 5
7 7 8 4 2 1 0.13040573953415802 
11 7 7 8 11 1 0.09597919405276767 
11 8 13 4 7 0 0.5366916338654166 
1 12 13 4 7 0 0.32153505985154496 
12 0 8 8 0 1 0.21452770399650545 
11 1 13 2 11 0 0.2654477930668724 
1 11 7 1 2 0 0.3700053649195565 
3 8 7 12 7 0 0.8202444745911712 
8 4 12 8 7 0 0.6109611409734728 
2 8 7 2 2 0 0.8181448687007203 
2 3 4 2 11 0 0.4667073318438537 
12 0 13 4 0 1 0.12815699311855222 
7 12 0 9 11 1 0.1661744815042887 
7 11 4 9 11 0 0.15728168087835015 
11 11 8 3 8 1 0.4788082533897968 
---
0 28 13.939144736842104 19.0 5
7 7 8 4 2 1 0.13040573953415802 
2 8 7 2 2 0 0.8181448687007203 
11 8 13 4 7 0 0.5366916338654166 
1 11 7 1 2 0 0.3700053649195565 
12 0 8 8 0 1 0.21452770399650545 
7 11 4 9 11 0 0.15728168087835015 
12 0 13 4 0 1 0.12815699311855222 
11 1 13 2 11 0 0.2654477930668724 
1 2 13 7 4 0 0.2840131766210583 
3 8 7 12 7 0 0.8202444745911712 
7 7 13 4 7 0 0.1302350323206195 
7 12 0 9 11 1 0.1661744815042887 
12 7 13 4 4 1 0.26474048637441916 
2 3 4 2 11 0 0.4667073318438537 
11 12 13 12 7 0 0.3773632271448015 
7 1 5 2 11 0 0.24278148513729692 
8 4 12 8 7 0 0.6109611409734728 
11 11 8 3 8 1 0.4788082533897968 
11 7 7 8 11 1 0.09597919405276767 
---
0 29 14.432565789473683 15.0 5
7 7 8 4 2 1 0.13040573953415802 
11 7 7 8 11 1 0.09597919405276767 
11 8 13 4 7 0 0.5366916338654166 
1 12 13 4 7 0 0.32153505985154496 
12 0 8 8 0 1 0.21452770399650545 
11 1 13 2 11 0 0.2654477930668724 
1 11 7 1 2 0 0.3700053649195565 
3 8 7 12 7 0 0.8202444745911712 
8 4 12 8 7 0 0.6109611409734728 
2 8 7 2 2 0 0.8181448687007203 
2 3 4 2 11 0 0.4667073318438537 
12 0 13 4 0 1 0.12815699311855222 
7 12 0 9 11 1 0.1661744815042887 
7 11 4 9 11 0 0.15728168087835015 
11 11 8 3 8 1 0.4788082533897968 
---
0 30 14.555921052631579 14.0 5
11 1 13 2 11 0 0.2654477930668724 
3 8 7 12 7 0 0.8202444745911712 
11 7 7 8 11 1 0.09597919405276767 
7 12 0 9 11 1 0.1661744815042887 
7 11 4 9 11 0 0.15728168087835015 
1 12 13 4 7 0 0.32153505985154496 
11 8 13 4 7 0 0.5366916338654166 
1 11 7 1 2 0 0.3700053649195565 
12 0 13 4 0 1 0.12815699311855222 
7 7 8 4 2 1 0.13040573953415802 
2 8 7 2 2 0 0.8181448687007203 
12 0 8 8 0 1 0.21452770399650545 
8 4 12 8 7 0 0.6109611409734728 
2 3 4 2 11 0 0.4667073318438537 
---
0 31 13.939144736842104 19.0 5
7 7 8 4 2 1 0.13040573953415802 
2 8 7 2 2 0 0.8181448687007203 
11 8 13 4 7 0 0.5366916338654166 
1 11 7 1 2 0 0.3700053649195565 
12 0 8 8 0 1 0.21452770399650545 
7 11 4 9 11 0 0.15728168087835015 
12 0 13 4 0 1 0.12815699311855222 
11 1 13 2 11 0 0.2654477930668724 
1 2 13 7 4 0 0.2840131766210583 
3 8 7 12 7 0 0.8202444745911712 
7 7 13 4 7 0 0.1302350323206195 
7 12 0 9 11 1 0.1661744815042887 
12 7 13 4 4 1 0.26474048637441916 
2 3 4 2 11 0 0.4667073318438537 
11 12 13 12 7 0 0.3773632271448015 
7 1 5 2 11 0 0.24278148513729692 
8 4 12 8 7 0 0.6109611409734728 
11 11 8 3 8 1 0.4788082533897968 
11 7 7 8 11 1 0.09597919405276767 
---
0 32 15.460526315789474 12.0 5
11 11 8 3 8 1 0.4788082533897968 
12 0 13 4 0 1 0.12815699311855222 
12 0 8 8 0 1 0.21452770399650545 
7 12 0 9 11 1 0.1661744815042887 
7 11 4 9 11 0 0.15728168087835015 
1 11 7 1 2 0 0.3700053649195565 
2 8 7 2 2 0 0.8181448687007203 
11 8 13 4 7 0 0.5366916338654166 
7 7 8 4 2 1 0.13040573953415802 
1 12 13 4 7 0 0.32153505985154496 
8 4 12 8 7 0 0.6109611409734728 
3 8 7 12 7 0 0.8202444745911712 
---
0 33 13.754111842105262 23.0 5
2 8 7 2 2 0 0.8181448687007203 
12 0 13 4 0 1 0.12815699311855222 
11 11 8 3 8 1 0.4788082533897968 
3 8 7 12 7 0 0.8202444745911712 
11 1 13 2 11 0 0.2654477930668724 
1 2 13 7 4 0 0.2840131766210583 
3 8 13 1 11 0 0.6528046330631188 
7 11 4 9 11 0 0.15728168087835015 
2 3 4 2 11 0 0.4667073318438537 
7 1 5 2 11 0 0.24278148513729692 
7 7 13 4 7 0 0.1302350323206195 
7 12 0 9 11 1 0.1661744815042887 
11 8 13 4 7 0 0.5366916338654166 
1 11 7 1 2 0 0.3700053649195565 
7 7 13 12 1 1 0.15888460327216114 
11 12 13 12 7 0 0.3773632271448015 
11 7 7 8 11 1 0.09597919405276767 
8 4 12 8 7 0 0.6109611409734728 
12 7 13 4 4 1 0.26474048637441916 
12 0 8 8 0 1 0.21452770399650545 
11 6 7 6 11 1 0.36402045433449715 
7 7 8 4 2 1 0.13040573953415802 
5 1 0 4 1 0 0.9823677181874184 
---
0 34 13.651315789473683 24.0 5
12 2 12 8 11 0 0.19861001814918344 
11 6 7 6 11 1 0.36402045433449715 
1 2 13 7 4 0 0.2840131766210583 
11 12 13 12 7 0 0.3773632271448015 
12 0 8 8 0 1 0.21452770399650545 
2 3 4 2 11 0 0.4667073318438537 
7 12 0 9 11 1 0.1661744815042887 
7 7 8 4 2 1 0.13040573953415802 
1 11 7 1 2 0 0.3700053649195565 
7 11 4 9 11 0 0.15728168087835015 
11 1 13 2 11 0 0.2654477930668724 
7 7 13 12 1 1 0.15888460327216114 
2 8 7 2 2 0 0.8181448687007203 
11 11 8 3 8 1 0.4788082533897968 
3 8 7 12 7 0 0.8202444745911712 
7 1 5 2 11 0 0.24278148513729692 
12 0 13 4 0 1 0.12815699311855222 
11 8 13 4 7 0 0.5366916338654166 
8 4 12 8 7 0 0.6109611409734728 
5 1 0 4 1 0 0.9823677181874184 
11 7 7 8 11 1 0.09597919405276767 
7 7 13 4 7 0 0.1302350323206195 
3 8 13 1 11 0 0.6528046330631188 
12 7 13 4 4 1 0.26474048637441916 
---
0 35 14.329769736842104 17.0 5
12 2 12 8 11 0 0.19861001814918344 
11 6 7 6 11 1 0.36402045433449715 
11 7 7 8 11 1 0.09597919405276767 
1 12 13 4 7 0 0.32153505985154496 
3 8 7 12 7 0 0.8202444745911712 
8 4 12 8 7 0 0.6109611409734728 
7 7 8 4 2 1 0.13040573953415802 
12 0 8 8 0 1 0.21452770399650545 
7 11 4 9 11 0 0.15728168087835015 
11 11 8 3 8 1 0.4788082533897968 
2 3 4 2 11 0 0.4667073318438537 
7 12 0 9 11 1 0.1661744815042887 
11 8 13 4 7 0 0.5366916338654166 
11 1 13 2 11 0 0.2654477930668724 
12 0 13 4 0 1 0.12815699311855222 
1 11 7 1 2 0 0.3700053649195565 
2 8 7 2 2 0 0.8181448687007203 
---
0 36 13.507401315789474 26.0 5
1 11 7 1 2 0 0.3700053649195565 
11 12 13 12 7 0 0.3773632271448015 
2 3 4 2 11 0 0.4667073318438537 
11 11 8 3 8 1 0.4788082533897968 
2 8 7 2 2 0 0.8181448687007203 
5 1 0 4 1 0 0.9823677181874184 
11 7 7 8 11 1 0.09597919405276767 
7 11 4 9 11 0 0.15728168087835015 
12 7 13 4 4 1 0.26474048637441916 
12 2 12 8 11 0 0.19861001814918344 
1 2 13 7 4 0 0.2840131766210583 
11 6 3 7 11 0 0.18599385383768108 
8 4 12 8 7 0 0.6109611409734728 
7 1 5 2 11 0 0.24278148513729692 
7 7 8 4 2 1 0.13040573953415802 
12 0 8 8 0 1 0.21452770399650545 
11 8 13 4 7 0 0.5366916338654166 
7 12 0 9 11 1 0.1661744815042887 
11 6 7 6 11 1 0.36402045433449715 
11 1 13 2 11 0 0.2654477930668724 
7 7 13 12 1 1 0.15888460327216114 
3 8 13 1 11 0 0.6528046330631188 
12 0 13 4 0 1 0.12815699311855222 
7 7 13 4 7 0 0.1302350323206195 
3 8 7 12 7 0 0.8202444745911712 
12 11 8 8 2 1 0.37910886580668457 
---
0 37 13.486842105263158 28.0 5
11 6 3 7 11 0 0.18599385383768108 
12 0 8 8 0 1 0.21452770399650545 
11 6 7 6 11 1 0.36402045433449715 
12 11 8 8 2 1 0.37910886580668457 
11 11 8 3 8 1 0.4788082533897968 
12 0 13 4 0 1 0.12815699311855222 
3 4 8 12 1 0 0.16847514205372094 
7 11 4 9 11 0 0.15728168087835015 
12 2 12 8 11 0 0.19861001814918344 
7 7 13 4 7 0 0.1302350323206195 
7 12 0 9 11 1 0.1661744815042887 
7 7 13 12 1 1 0.15888460327216114 
3 0 8 8 0 1 0.10411030265328736 
7 1 5 2 11 0 0.24278148513729692 
11 1 13 2 11 0 0.2654477930668724 
12 7 13 4 4 1 0.26474048637441916 
3 8 7 12 7 0 0.8202444745911712 
1 2 13 7 4 0 0.2840131766210583 
3 8 13 1 11 0 0.6528046330631188 
7 7 8 4 2 1 0.13040573953415802 
11 8 13 4 7 0 0.5366916338654166 
2 3 4 2 11 0 0.4667073318438537 
1 11 7 1 2 0 0.3700053649195565 
11 7 7 8 11 1 0.09597919405276767 
11 12 13 12 7 0 0.3773632271448015 
8 4 12 8 7 0 0.6109611409734728 
2 8 7 2 2 0 0.8181448687007203 
5 1 0 4 1 0 0.9823677181874184 
---
0 38 13.651315789473683 24.0 5
12 2 12 8 11 0 0.19861001814918344 
11 6 7 6 11 1 0.36402045433449715 
1 2 13 7 4 0 0.2840131766210583 
11 12 13 12 7 0 0.3773632271448015 
12 0 8 8 0 1 0.21452770399650545 
2 3 4 2 11 0 0.4667073318438537 
7 12 0 9 11 1 0.1661744815042887 
7 7 8 4 2 1 0.13040573953415802 
1 11 7 1 2 0 0.3700053649195565 
7 11 4 9 11 0 0.15728168087835015 
11 1 13 2 11 0 0.2654477930668724 
7 7 13 12 1 1 0.15888460327216114 
2 8 7 2 2 0 0.8181448687007203 
11 11 8 3 8 1 0.4788082533897968 
3 8 7 12 7 0 0.8202444745911712 
7 1 5 2 11 0 0.24278148513729692 
12 0 13 4 0 1 0.12815699311855222 
11 8 13 4 7 0 0.5366916338654166 
8 4 12 8 7 0 0.6109611409734728 
5 1 0 4 1 0 0.9823677181874184 
11 7 7 8 11 1 0.09597919405276767 
7 7 13 4 7 0 0.1302350323206195 
3 8 13 1 11 0 0.6528046330631188 
12 7 13 4 4 1 0.26474048637441916 
---
0 39 14.329769736842104 17.0 5
12 2 12 8 11 0 0.19861001814918344 
11 6 7 6 11 1 0.36402045433449715 
11 7 7 8 11 1 0.09597919405276767 
1 12 13 4 7 0 0.32153505985154496 
3 8 7 12 7 0 0.8202444745911712 
8 4 12 8 7 0 0.6109611409734728 
7 7 8 4 2 1 0.13040573953415802 
12 0 8 8 0 1 0.21452770399650545 
7 11 4 9 11 0 0.15728168087835015 
11 11 8 3 8 1 0.4788082533897968 
2 3 4 2 11 0 0.4667073318438537 
7 12 0 9 11 1 0.1661744815042887 
11 8 13 4 7 0 0.5366916338654166 
11 1 13 2 11 0 0.2654477930668724 
12 0 13 4 0 1 0.12815699311855222 
1 11 7 1 2 0 0.3700053649195565 
2 8 7 2 2 0 0.8181448687007203 
---
0 40 13.754111842105262 23.0 5
2 8 7 2 2 0 0.8181448687007203 
12 0 13 4 0 1 0.12815699311855222 
11 11 8 3 8 1 0.4788082533897968 
3 8 7 12 7 0 0.8202444745911712 
11 1 13 2 11 0 0.2654477930668724 
1 2 13 7 4 0 0.2840131766210583 
3 8 13 1 11 0 0.6528046330631188 
7 11 4 9 11 0 0.15728168087835015 
2 3 4 2 11 0 0.4667073318438537 
7 1 5 2 11 0 0.24278148513729692 
7 7 13 4 7 0 0.1302350323206195 
7 12 0 9 11 1 0.1661744815042887 
11 8 13 4 7 0 0.5366916338654166 
1 11 7 1 2 0 0.3700053649195565 
7 7 13 12 1 1 0.15888460327216114 
11 12 13 12 7 0 0.3773632271448015 
11 7 7 8 11 1 0.09597919405276767 
8 4 12 8 7 0 0.6109611409734728 
12 7 13 4 4 1 0.26474048637441916 
12 0 8 8 0 1 0.21452770399650545 
11 6 7 6 11 1 0.36402045433449715 
7 7 8 4 2 1 0.13040573953415802 
5 1 0 4 1 0 0.9823677181874184 
---
0 41 13.527960526315788 25.0 5
12 2 12 8 11 0 0.19861001814918344 
11 6 3 7 11 0 0.18599385383768108 
3 8 7 12 7 0 0.8202444745911712 
7 1 5 2 11 0 0.24278148513729692 
11 12 13 12 7 0 0.3773632271448015 
11 11 8 3 8 1 0.4788082533897968 
12 7 13 4 4 1 0.26474048637441916 
7 7 13 12 1 1 0.15888460327216114 
7 7 8 4 2 1 0.13040573953415802 
11 1 13 2 11 0 0.2654477930668724 
1 2 13 7 4 0 0.2840131766210583 
11 8 13 4 7 0 0.5366916338654166 
1 11 7 1 2 0 0.3700053649195565 
5 1 0 4 1 0 0.9823677181874184 
11 6 7 6 11 1 0.36402045433449715 
8 4 12 8 7 0 0.6109611409734728 
3 8 13 1 11 0 0.6528046330631188 
2 8 7 2 2 0 0.8181448687007203 
2 3 4 2 11 0 0.4667073318438537 
11 7 7 8 11 1 0.09597919405276767 
7 12 0 9 11 1 0.1661744815042887 
12 0 8 8 0 1 0.21452770399650545 
12 0 13 4 0 1 0.12815699311855222 
7 7 13 4 7 0 0.1302350323206195 
7 11 4 9 11 0 0.15728168087835015 
---
0 42 13.404605263157896 29.0 5
3 8 13 1 11 0 0.6528046330631188 
3 8 7 12 7 0 0.8202444745911712 
7 7 8 4 2 1 0.13040573953415802 
8 4 12 8 7 0 0.6109611409734728 
2 8 7 2 2 0 0.8181448687007203 
3 0 8 8 0 1 0.10411030265328736 
12 0 13 4 0 1 0.12815699311855222 
7 12 0 9 11 1 0.1661744815042887 
12 2 12 8 11 0 0.19861001814918344 
11 1 13 2 11 0 0.2654477930668724 
7 7 13 4 7 0 0.1302350323206195 
12 7 13 4 4 1 0.26474048637441916 
12 11 8 8 2 1 0.37910886580668457 
11 12 13 12 7 0 0.3773632271448015 
11 6 3 7 11 0 0.18599385383768108 
2 3 4 2 11 0 0.4667073318438537 
11 7 7 8 11 1 0.09597919405276767 
7 11 4 9 11 0 0.15728168087835015 
11 8 13 4 7 0 0.5366916338654166 
7 1 5 2 11 0 0.24278148513729692 
11 6 7 6 11 1 0.36402045433449715 
12 0 8 8 0 1 0.21452770399650545 
1 11 7 1 2 0 0.3700053649195565 
7 7 13 12 1 1 0.15888460327216114 
5 1 0 4 1 0 0.9823677181874184 
3 4 8 12 1 0 0.16847514205372094 
11 11 8 3 8 1 0.4788082533897968 
1 2 13 7 4 0 0.2840131766210583 
11 8 13 4 2 0 0.30596352418506356 
---
0 43 13.527960526315788 25.0 5
12 2 12 8 11 0 0.19861001814918344 
11 6 3 7 11 0 0.18599385383768108 
3 8 7 12 7 0 0.8202444745911712 
7 1 5 2 11 0 0.24278148513729692 
11 12 13 12 7 0 0.3773632271448015 
11 11 8 3 8 1 0.4788082533897968 
12 7 13 4 4 1 0.26474048637441916 
7 7 13 12 1 1 0.15888460327216114 
7 7 8 4 2 1 0.13040573953415802 
11 1 13 2 11 0 0.2654477930668724 
1 2 13 7 4 0 0.2840131766210583 
11 8 13 4 7 0 0.5366916338654166 
1 11 7 1 2 0 0.3700053649195565 
5 1 0 4 1 0 0.9823677181874184 
11 6 7 6 11 1 0.36402045433449715 
8 4 12 8 7 0 0.6109611409734728 
3 8 13 1 11 0 0.6528046330631188 
2 8 7 2 2 0 0.8181448687007203 
2 3 4 2 11 0 0.4667073318438537 
11 7 7 8 11 1 0.09597919405276767 
7 12 0 9 11 1 0.1661744815042887 
12 0 8 8 0 1 0.21452770399650545 
12 0 13 4 0 1 0.12815699311855222 
7 7 13 4 7 0 0.1302350323206195 
7 11 4 9 11 0 0.15728168087835015 
---
0 44 13.363486842105262 33.0 5
11 12 13 12 7 0 0.3773632271448015 
5 1 0 4 1 0 0.9823677181874184 
7 1 5 2 11 0 0.24278148513729692 
7 11 4 9 11 0 0.15728168087835015 
3 4 8 12 1 0 0.16847514205372094 
11 8 13 4 2 0 0.30596352418506356 
1 11 7 1 2 0 0.3700053649195565 
7 7 13 12 1 1 0.15888460327216114 
12 0 8 8 0 1 0.21452770399650545 
11 8 13 4 7 0 0.5366916338654166 
12 0 13 4 0 1 0.12815699311855222 
11 7 1 3 6 0 0.33914160908058844 
8 4 12 8 7 0 0.6109611409734728 
12 8 7 5 11 0 0.47558646667210214 
11 11 8 3 8 1 0.4788082533897968 
3 8 13 1 11 0 0.6528046330631188 
7 7 13 4 7 0 0.1302350323206195 
12 2 12 8 11 0 0.19861001814918344 
11 6 7 6 11 1 0.36402045433449715 
11 12 13 12 7 0 0.3773632271448015 
11 1 13 2 11 0 0.2654477930668724 
11 7 7 8 11 1 0.09597919405276767 
12 11 8 8 2 1 0.37910886580668457 
12 7 13 4 4 1 0.26474048637441916 
2 8 7 2 2 0 0.8181448687007203 
11 6 3 7 11 0 0.18599385383768108 
3 0 8 8 0 1 0.10411030265328736 
1 2 13 7 4 0 0.2840131766210583 
12 0 13 0 14 1 0.9479075492217031 
3 8 7 12 7 0 0.8202444745911712 
7 12 0 9 11 1 0.1661744815042887 
7 7 8 4 2 1 0.13040573953415802 
2 3 4 2 11 0 0.4667073318438537 
---
0 45 21.669407894736842 2.0 5
7 1 8 8 0 1 0.1641565045681359 
1 4 2 1 1 0 0.4344446227170431 
---
0 46 19.387335526315788 3.0 5
12 0 13 4 0 1 0.12815699311855222 
7 1 8 8 0 1 0.1641565045681359 
1 2 2 4 1 0 0.36418598565625127 
---
0 47 18.811677631578945 5.0 5
12 0 13 4 0 1 0.12815699311855222 
2 2 11 2 2 0 0.9041906813273 
5 1 0 4 1 0 0.9823677181874184 
11 8 13 1 11 0 0.6528049375460816 
7 12 4 13 7 1 0.20096642976681922 
---
0 48 16.40625 10.0 5
7 12 0 9 11 1 0.1661744815042887 
12 0 8 8 0 1 0.21452770399650545 
1 11 7 1 2 0 0.3700053649195565 
7 7 8 4 2 1 0.13040573953415802 
7 11 4 9 11 0 0.15728168087835015 
3 8 7 12 7 0 0.8202444745911712 
11 12 13 12 7 0 0.3773632271448015 
2 8 7 2 2 0 0.8181448687007203 
8 4 12 8 7 0 0.6109611409734728 
11 8 13 4 7 0 0.5366916338654166 
---
0 49 17.783717105263158 6.0 5
5 1 0 4 1 0 0.9823677181874184 
2 2 11 2 2 0 0.9041906813273 
11 8 13 1 11 0 0.6528049375460816 
12 0 13 4 0 1 0.12815699311855222 
7 12 4 13 7 1 0.20096642976681922 
7 11 0 9 7 0 0.15679581509749307 
---
0 50 17.434210526315788 7.0 5
7 11 0 9 7 0 0.15679581509749307 
1 5 7 1 13 0 0.9786982773228476 
12 0 13 4 0 1 0.12815699311855222 
2 2 11 2 2 0 0.9041906813273 
7 12 4 13 7 1 0.20096642976681922 
5 1 0 4 1 0 0.9823677181874184 
11 8 13 1 11 0 0.6528049375460816 
---
0 51 17.29029605263158 8.0 5
7 12 0 9 11 1 0.1661744815042887 
2 2 11 2 2 0 0.9041906813273 
7 11 0 9 7 0 0.15679581509749307 
7 12 4 13 7 1 0.20096642976681922 
5 1 0 4 1 0 0.9823677181874184 
12 0 13 4 0 1 0.12815699311855222 
11 8 13 1 11 0 0.6528049375460816 
1 5 7 1 13 0 0.9786982773228476 
---
0 52 16.570723684210524 9.0 5
7 12 4 13 7 1 0.20096642976681922 
11 1 13 2 11 0 0.2654477930668724 
12 0 13 4 0 1 0.12815699311855222 
2 2 11 2 2 0 0.9041906813273 
5 1 0 4 1 0 0.9823677181874184 
11 12 13 12 7 0 0.3773632271448015 
11 8 13 1 11 0 0.6528049375460816 
7 7 13 12 1 1 0.15888460327216114 
7 11 0 9 7 0 0.15679581509749307 
---
0 53 15.583881578947366 11.0 5
7 7 8 4 2 1 0.13040573953415802 
11 8 13 4 7 0 0.5366916338654166 
7 11 4 9 11 0 0.15728168087835015 
1 11 7 1 2 0 0.3700053649195565 
2 8 7 2 2 0 0.8181448687007203 
1 12 13 4 7 0 0.32153505985154496 
7 12 0 9 11 1 0.1661744815042887 
12 0 13 4 0 1 0.12815699311855222 
8 4 12 8 7 0 0.6109611409734728 
3 8 7 12 7 0 0.8202444745911712 
12 0 8 8 0 1 0.21452770399650545 
---
0 54 15.193256578947366 13.0 5
11 8 13 4 7 0 0.5366916338654166 
7 7 8 4 2 1 0.13040573953415802 
2 3 4 2 11 0 0.4667073318438537 
3 8 7 12 7 0 0.8202444745911712 
7 11 4 9 11 0 0.15728168087835015 
12 0 13 4 0 1 0.12815699311855222 
2 8 7 2 2 0 0.8181448687007203 
12 0 8 8 0 1 0.21452770399650545 
1 12 13 4 7 0 0.32153505985154496 
11 7 7 8 11 1 0.09597919405276767 
8 4 12 8 7 0 0.6109611409734728 
7 12 0 9 11 1 0.1661744815042887 
1 11 7 1 2 0 0.3700053649195565 
---
0 55 15.460526315789474 12.0 5
11 11 8 3 8 1 0.4788082533897968 
12 0 13 4 0 1 0.12815699311855222 
12 0 8 8 0 1 0.21452770399650545 
7 12 0 9 11 1 0.1661744815042887 
7 11 4 9 11 0 0.15728168087835015 
1 11 7 1 2 0 0.3700053649195565 
2 8 7 2 2 0 0.8181448687007203 
11 8 13 4 7 0 0.5366916338654166 
7 7 8 4 2 1 0.13040573953415802 
1 12 13 4 7 0 0.32153505985154496 
8 4 12 8 7 0 0.6109611409734728 
3 8 7 12 7 0 0.8202444745911712 
---
0 56 14.432565789473683 15.0 5
7 7 8 4 2 1 0.13040573953415802 
11 7 7 8 11 1 0.09597919405276767 
11 8 13 4 7 0 0.5366916338654166 
1 12 13 4 7 0 0.32153505985154496 
12 0 8 8 0 1 0.21452770399650545 
11 1 13 2 11 0 0.2654477930668724 
1 11 7 1 2 0 0.3700053649195565 
3 8 7 12 7 0 0.8202444745911712 
8 4 12 8 7 0 0.6109611409734728 
2 8 7 2 2 0 0.8181448687007203 
2 3 4 2 11 0 0.4667073318438537 
12 0 13 4 0 1 0.12815699311855222 
7 12 0 9 11 1 0.1661744815042887 
7 11 4 9 11 0 0.15728168087835015 
11 11 8 3 8 1 0.4788082533897968 
---
0 57 13.939144736842104 19.0 5
7 7 8 4 2 1 0.13040573953415802 
2 8 7 2 2 0 0.8181448687007203 
11 8 13 4 7 0 0.5366916338654166 
1 11 7 1 2 0 0.3700053649195565 
12 0 8 8 0 1 0.21452770399650545 
7 11 4 9 11 0 0.15728168087835015 
12 0 13 4 0 1 0.12815699311855222 
11 1 13 2 11 0 0.2654477930668724 
1 2 13 7 4 0 0.2840131766210583 
3 8 7 12 7 0 0.8202444745911712 
7 7 13 4 7 0 0.1302350323206195 
7 12 0 9 11 1 0.1661744815042887 
12 7 13 4 4 1 0.26474048637441916 
2 3 4 2 11 0 0.4667073318438537 
11 12 13 12 7 0 0.3773632271448015 
7 1 5 2 11 0 0.24278148513729692 
8 4 12 8 7 0 0.6109611409734728 
11 11 8 3 8 1 0.4788082533897968 
11 7 7 8 11 1 0.09597919405276767 
---
0 58 14.555921052631579 14.0 5
11 1 13 2 11 0 0.2654477930668724 
3 8 7 12 7 0 0.8202444745911712 
11 7 7 8 11 1 0.09597919405276767 
7 12 0 9 11 1 0.1661744815042887 
7 11 4 9 11 0 0.15728168087835015 
1 12 13 4 7 0 0.32153505985154496 
11 8 13 4 7 0 0.5366916338654166 
1 11 7 1 2 0 0.3700053649195565 
12 0 13 4 0 1 0.12815699311855222 
7 7 8 4 2 1 0.13040573953415802 
2 8 7 2 2 0 0.8181448687007203 
12 0 8 8 0 1 0.21452770399650545 
8 4 12 8 7 0 0.6109611409734728 
2 3 4 2 11 0 0.4667073318438537 
---
0 59 13.507401315789474 26.0 5
1 11 7 1 2 0 0.3700053649195565 
11 12 13 12 7 0 0.3773632271448015 
2 3 4 2 11 0 0.4667073318438537 
11 11 8 3 8 1 0.4788082533897968 
2 8 7 2 2 0 0.8181448687007203 
5 1 0 4 1 0 0.9823677181874184 
11 7 7 8 11 1 0.09597919405276767 
7 11 4 9 11 0 0.15728168087835015 
12 7 13 4 4 1 0.26474048637441916 
12 2 12 8 11 0 0.19861001814918344 
1 2 13 7 4 0 0.2840131766210583 
11 6 3 7 11 0 0.18599385383768108 
8 4 12 8 7 0 0.6109611409734728 
7 1 5 2 11 0 0.24278148513729692 
7 7 8 4 2 1 0.13040573953415802 
12 0 8 8 0 1 0.21452770399650545 
11 8 13 4 7 0 0.5366916338654166 
7 12 0 9 11 1 0.1661744815042887 
11 6 7 6 11 1 0.36402045433449715 
11 1 13 2 11 0 0.2654477930668724 
7 7 13 12 1 1 0.15888460327216114 
3 8 13 1 11 0 0.6528046330631188 
12 0 13 4 0 1 0.12815699311855222 
7 7 13 4 7 0 0.1302350323206195 
3 8 7 12 7 0 0.8202444745911712 
12 11 8 8 2 1 0.37910886580668457 
---
0 60 13.486842105263158 28.0 5
11 6 3 7 11 0 0.18599385383768108 
12 0 8 8 0 1 0.21452770399650545 
11 6 7 6 11 1 0.36402045433449715 
12 11 8 8 2 1 0.37910886580668457 
11 11 8 3 8 1 0.4788082533897968 
12 0 13 4 0 1 0.12815699311855222 
3 4 8 12 1 0 0.16847514205372094 
7 11 4 9 11 0 0.15728168087835015 
12 2 12 8 11 0 0.19861001814918344 
7 7 13 4 7 0 0.1302350323206195 
7 12 0 9 11 1 0.1661744815042887 
7 7 13 12 1 1 0.15888460327216114 
3 0 8 8 0 1 0.10411030265328736 
7 1 5 2 11 0 0.24278148513729692 
11 1 13 2 11 0 0.2654477930668724 
12 7 13 4 4 1 0.26474048637441916 
3 8 7 12 7 0 0.8202444745911712 
1 2 13 7 4 0 0.2840131766210583 
3 8 13 1 11 0 0.6528046330631188 
7 7 8 4 2 1 0.13040573953415802 
11 8 13 4 7 0 0.5366916338654166 
2 3 4 2 11 0 0.4667073318438537 
1 11 7 1 2 0 0.3700053649195565 
11 7 7 8 11 1 0.09597919405276767 
11 12 13 12 7 0 0.3773632271448015 
8 4 12 8 7 0 0.6109611409734728 
2 8 7 2 2 0 0.8181448687007203 
5 1 0 4 1 0 0.9823677181874184 
---
0 61 13.651315789473683 24.0 5
12 2 12 8 11 0 0.19861001814918344 
11 6 7 6 11 1 0.36402045433449715 
1 2 13 7 4 0 0.2840131766210583 
11 12 13 12 7 0 0.3773632271448015 
12 0 8 8 0 1 0.21452770399650545 
2 3 4 2 11 0 0.4667073318438537 
7 12 0 9 11 1 0.1661744815042887 
7 7 8 4 2 1 0.13040573953415802 
1 11 7 1 2 0 0.3700053649195565 
7 11 4 9 11 0 0.15728168087835015 
11 1 13 2 11 0 0.2654477930668724 
7 7 13 12 1 1 0.15888460327216114 
2 8 7 2 2 0 0.8181448687007203 
11 11 8 3 8 1 0.4788082533897968 
3 8 7 12 7 0 0.8202444745911712 
7 1 5 2 11 0 0.24278148513729692 
12 0 13 4 0 1 0.12815699311855222 
11 8 13 4 7 0 0.5366916338654166 
8 4 12 8 7 0 0.6109611409734728 
5 1 0 4 1 0 0.9823677181874184 
11 7 7 8 11 1 0.09597919405276767 
7 7 13 4 7 0 0.1302350323206195 
3 8 13 1 11 0 0.6528046330631188 
12 7 13 4 4 1 0.26474048637441916 
---
0 62 14.329769736842104 17.0 5
12 2 12 8 11 0 0.19861001814918344 
11 6 7 6 11 1 0.36402045433449715 
11 7 7 8 11 1 0.09597919405276767 
1 12 13 4 7 0 0.32153505985154496 
3 8 7 12 7 0 0.8202444745911712 
8 4 12 8 7 0 0.6109611409734728 
7 7 8 4 2 1 0.13040573953415802 
12 0 8 8 0 1 0.21452770399650545 
7 11 4 9 11 0 0.15728168087835015 
11 11 8 3 8 1 0.4788082533897968 
2 3 4 2 11 0 0.4667073318438537 
7 12 0 9 11 1 0.1661744815042887 
11 8 13 4 7 0 0.5366916338654166 
11 1 13 2 11 0 0.2654477930668724 
12 0 13 4 0 1 0.12815699311855222 
1 11 7 1 2 0 0.3700053649195565 
2 8 7 2 2 0 0.8181448687007203 
---
0 63 13.754111842105262 23.0 5
2 8 7 2 2 0 0.8181448687007203 
12 0 13 4 0 1 0.12815699311855222 
11 11 8 3 8 1 0.4788082533897968 
3 8 7 12 7 0 0.8202444745911712 
11 1 13 2 11 0 0.2654477930668724 
1 2 13 7 4 0 0.2840131766210583 
3 8 13 1 11 0 0.6528046330631188 
7 11 4 9 11 0 0.15728168087835015 
2 3 4 2 11 0 0.4667073318438537 
7 1 5 2 11 0 0.24278148513729692 
7 7 13 4 7 0 0.1302350323206195 
7 12 0 9 11 1 0.1661744815042887 
11 8 13 4 7 0 0.5366916338654166 
1 11 7 1 2 0 0.3700053649195565 
7 7 13 12 1 1 0.15888460327216114 
11 12 13 12 7 0 0.3773632271448015 
11 7 7 8 11 1 0.09597919405276767 
8 4 12 8 7 0 0.6109611409734728 
12 7 13 4 4 1 0.26474048637441916 
12 0 8 8 0 1 0.21452770399650545 
11 6 7 6 11 1 0.36402045433449715 
7 7 8 4 2 1 0.13040573953415802 
5 1 0 4 1 0 0.9823677181874184 
---
0 64 14.185855263157896 18.0 5
5 1 0 4 1 0 0.9823677181874184 
11 7 7 8 11 1 0.09597919405276767 
11 6 7 6 11 1 0.36402045433449715 
7 7 8 4 2 1 0.13040573953415802 
11 1 13 2 11 0 0.2654477930668724 
12 0 13 4 0 1 0.12815699311855222 
12 2 12 8 11 0 0.19861001814918344 
8 4 12 8 7 0 0.6109611409734728 
7 12 0 9 11 1 0.1661744815042887 
7 11 4 9 11 0 0.15728168087835015 
11 8 13 4 7 0 0.5366916338654166 
12 0 8 8 0 1 0.21452770399650545 
11 11 8 3 8 1 0.4788082533897968 
2 3 4 2 11 0 0.4667073318438537 
3 8 7 12 7 0 0.8202444745911712 
1 11 7 1 2 0 0.3700053649195565 
2 8 7 2 2 0 0.8181448687007203 
1 12 13 4 7 0 0.32153505985154496 
---
0 65 13.404605263157896 29.0 5
3 8 13 1 11 0 0.6528046330631188 
3 8 7 12 7 0 0.8202444745911712 
7 7 8 4 2 1 0.13040573953415802 
8 4 12 8 7 0 0.6109611409734728 
2 8 7 2 2 0 0.8181448687007203 
3 0 8 8 0 1 0.10411030265328736 
12 0 13 4 0 1 0.12815699311855222 
7 12 0 9 11 1 0.1661744815042887 
12 2 12 8 11 0 0.19861001814918344 
11 1 13 2 11 0 0.2654477930668724 
7 7 13 4 7 0 0.1302350323206195 
12 7 13 4 4 1 0.26474048637441916 
12 11 8 8 2 1 0.37910886580668457 
11 12 13 12 7 0 0.3773632271448015 
11 6 3 7 11 0 0.18599385383768108 
2 3 4 2 11 0 0.4667073318438537 
11 7 7 8 11 1 0.09597919405276767 
7 11 4 9 11 0 0.15728168087835015 
11 8 13 4 7 0 0.5366916338654166 
7 1 5 2 11 0 0.24278148513729692 
11 6 7 6 11 1 0.36402045433449715 
12 0 8 8 0 1 0.21452770399650545 
1 11 7 1 2 0 0.3700053649195565 
7 7 13 12 1 1 0.15888460327216114 
5 1 0 4 1 0 0.9823677181874184 
3 4 8 12 1 0 0.16847514205372094 
11 11 8 3 8 1 0.4788082533897968 
1 2 13 7 4 0 0.2840131766210583 
11 8 13 4 2 0 0.30596352418506356 
---
0 66 13.527960526315788 25.0 5
12 2 12 8 11 0 0.19861001814918344 
11 6 3 7 11 0 0.18599385383768108 
3 8 7 12 7 0 0.8202444745911712 
7 1 5 2 11 0 0.24278148513729692 
11 12 13 12 7 0 0.3773632271448015 
11 11 8 3 8 1 0.4788082533897968 
12 7 13 4 4 1 0.26474048637441916 
7 7 13 12 1 1 0.15888460327216114 
7 7 8 4 2 1 0.13040573953415802 
11 1 13 2 11 0 0.2654477930668724 
1 2 13 7 4 0 0.2840131766210583 
11 8 13 4 7 0 0.5366916338654166 
1 11 7 1 2 0 0.3700053649195565 
5 1 0 4 1 0 0.9823677181874184 
11 6 7 6 11 1 0.36402045433449715 
8 4 12 8 7 0 0.6109611409734728 
3 8 13 1 11 0 0.6528046330631188 
2 8 7 2 2 0 0.8181448687007203 
2 3 4 2 11 0 0.4667073318438537 
11 7 7 8 11 1 0.09597919405276767 
7 12 0 9 11 1 0.1661744815042887 
12 0 8 8 0 1 0.21452770399650545 
12 0 13 4 0 1 0.12815699311855222 
7 7 13 4 7 0 0.1302350323206195 
7 11 4 9 11 0 0.15728168087835015 
---
0 67 29.44078947368421 1.0 5
1 4 2 0 1 0 0.32331032757736367 
---
0 68 13.363486842105262 33.0 5
11 12 13 12 7 0 0.3773632271448015 
5 1 0 4 1 0 0.9823677181874184 
7 1 5 2 11 0 0.24278148513729692 
7 11 4 9 11 0 0.15728168087835015 
3 4 8 12 1 0 0.16847514205372094 
11 8 13 4 2 0 0.30596352418506356 
1 11 7 1 2 0 0.3700053649195565 
7 7 13 12 1 1 0.15888460327216114 
12 0 8 8 0 1 0.21452770399650545 
11 8 13 4 7 0 0.5366916338654166 
12 0 13 4 0 1 0.12815699311855222 
11 7 1 3 6 0 0.33914160908058844 
8 4 12 8 7 0 0.6109611409734728 
12 8 7 5 11 0 0.47558646667210214 
11 11 8 3 8 1 0.4788082533897968 
3 8 13 1 11 0 0.6528046330631188 
7 7 13 4 7 0 0.1302350323206195 
12 2 12 8 11 0 0.19861001814918344 
11 6 7 6 11 1 0.36402045433449715 
11 12 13 12 7 0 0.3773632271448015 
11 1 13 2 11 0 0.2654477930668724 
11 7 7 8 11 1 0.09597919405276767 
12 11 8 8 2 1 0.37910886580668457 
12 7 13 4 4 1 0.26474048637441916 
2 8 7 2 2 0 0.8181448687007203 
11 6 3 7 11 0 0.18599385383768108 
3 0 8 8 0 1 0.10411030265328736 
1 2 13 7 4 0 0.2840131766210583 
12 0 13 0 14 1 0.9479075492217031 
3 8 7 12 7 0 0.8202444745911712 
7 12 0 9 11 1 0.1661744815042887 
7 7 8 4 2 1 0.13040573953415802 
2 3 4 2 11 0 0.4667073318438537 
---
0 69 21.669407894736842 2.0 5
7 1 8 8 0 1 0.1641565045681359 
1 4 2 1 1 0 0.4344446227170431 
---
0 70 19.387335526315788 3.0 5
12 0 13 4 0 1 0.12815699311855222 
7 1 8 8 0 1 0.1641565045681359 
1 2 2 4 1 0 0.36418598565625127 
---
0 71 18.811677631578945 5.0 5
12 0 13 4 0 1 0.12815699311855222 
2 2 11 2 2 0 0.9041906813273 
5 1 0 4 1 0 0.9823677181874184 
11 8 13 1 11 0 0.6528049375460816 
7 12 4 13 7 1 0.20096642976681922 
---
0 72 16.40625 10.0 5
7 12 0 9 11 1 0.1661744815042887 
12 0 8 8 0 1 0.21452770399650545 
1 11 7 1 2 0 0.3700053649195565 
7 7 8 4 2 1 0.13040573953415802 
7 11 4 9 11 0 0.15728168087835015 
3 8 7 12 7 0 0.8202444745911712 
11 12 13 12 7 0 0.3773632271448015 
2 8 7 2 2 0 0.8181448687007203 
8 4 12 8 7 0 0.6109611409734728 
11 8 13 4 7 0 0.5366916338654166 
---
0 73 17.783717105263158 6.0 5
5 1 0 4 1 0 0.9823677181874184 
2 2 11 2 2 0 0.9041906813273 
11 8 13 1 11 0 0.6528049375460816 
12 0 13 4 0 1 0.12815699311855222 
7 12 4 13 7 1 0.20096642976681922 
7 11 0 9 7 0 0.15679581509749307 
---
0 74 17.434210526315788 7.0 5
7 11 0 9 7 0 0.15679581509749307 
1 5 7 1 13 0 0.9786982773228476 
12 0 13 4 0 1 0.12815699311855222 
2 2 11 2 2 0 0.9041906813273 
7 12 4 13 7 1 0.20096642976681922 
5 1 0 4 1 0 0.9823677181874184 
11 8 13 1 11 0 0.6528049375460816 
---
1 0 29.379111842105267 1.0 5
1 2 0 0 2 0 0.3870578191338052 
---
1 1 14.617598684210526 55.0 5
3 12 12 2 11 0 0.21069383707349854 
12 11 13 13 4 1 0.3667395805424434 
7 11 7 0 9 0 0.35335864779282455 
10 1 3 4 2 0 1.0 
11 7 12 4 4 1 0.08233299253543214 
12 1 8 8 1 1 0.19781205951250125 
7 11 1 4 8 1 0.3934081025029733 
3 12 12 2 11 0 0.21069383707349854 
1 7 12 8 4 1 0.16004542322939352 
7 12 1 13 10 1 0.3465338407031193 
12 7 13 2 4 1 0.2900973921719501 
11 7 12 4 4 1 0.08233299253543214 
11 7 4 4 1 0 0.02883472696409095 
2 2 12 2 4 0 0.42116312371316944 
3 1 3 1 12 0 0.534351946857885 
12 8 9 1 4 0 0.3406999756754969 
7 1 4 1 2 0 0.19604594359042693 
7 11 7 2 7 0 0.10627138630524291 
12 11 0 4 8 1 0.5342225841224713 
12 11 13 13 4 1 0.3667395805424434 
12 7 13 1 10 1 0.38925402361212025 
7 11 7 2 7 0 0.10627138630524291 
11 0 11 13 7 1 0.08081738260084981 
12 7 13 1 13 1 0.8039459398066853 
11 12 8 7 2 0 0.390913497005019 
12 7 9 1 12 1 0.10754857663090789 
11 7 5 2 7 0 0.26706213091034225 
3 1 1 4 2 0 0.14947736882171148 
12 1 8 8 1 1 0.19781205951250125 
1 7 11 8 10 1 0.18815487055748803 
7 11 8 4 8 1 0.48697132841062174 
11 8 8 1 2 0 0.5081786768637394 
2 11 8 2 11 0 0.230799067816704 
4 4 7 13 11 0 0.0939689977921796 
12 1 8 8 1 1 0.19781205951250125 
11 4 4 5 2 1 0.2547496648635461 
2 2 12 2 4 0 0.42116312371316944 
7 7 8 4 4 1 0.06693705338413292 
12 1 13 4 1 1 0.13794933011935884 
11 1 3 12 2 0 0.4779039406338661 
2 7 12 11 8 0 0.30929967383823964 
13 11 8 2 7 0 0.974985930347738 
11 12 11 10 7 1 0.5956515595421399 
2 11 4 8 7 0 0.25377545190015427 
8 11 1 2 3 0 0.8221766700997949 
13 11 8 2 7 0 0.974985930347738 
12 11 0 4 8 1 0.5342225841224713 
12 7 13 1 10 1 0.38925402361212025 
11 2 12 2 3 0 0.10445150829453209 
7 8 13 5 7 1 0.1848429993291063 
2 3 1 2 11 0 0.6349830535539276 
7 10 12 3 7 1 0.5701427737706821 
12 7 13 1 13 1 0.8039459398066853 
12 4 8 5 4 1 0.3192998023467719 
7 11 8 4 8 1 0.48697132841062174 
---
1 2 22.16282894736842 2.0 5
1 2 1 1 1 0 0.654134301838132 
7 0 2 8 0 1 0.09308928721259924 
---
1 3 21.792763157894736 3.0 5
7 1 8 4 8 1 0.3996054599565195 
1 2 4 1 2 0 0.4706529646099873 
12 1 13 4 1 1 0.13794933011935884 
---
1 4 19.305098684210524 4.0 5
1 7 12 8 4 1 0.16004542322939352 
2 1 1 2 4 0 0.5025603478558455 
12 7 13 2 4 1 0.2900973921719501 
11 7 5 2 7 0 0.26706213091034225 
---
1 5 14.638157894736842 42.0 5
3 12 12 2 11 0 0.21069383707349854 
12 8 9 1 4 0 0.3406999756754969 
7 12 1 13 10 1 0.3465338407031193 
11 7 5 2 7 0 0.26706213091034225 
7 11 7 0 9 0 0.35335864779282455 
12 7 13 2 4 1 0.2900973921719501 
1 1 4 8 2 1 0.13413486617979453 
11 7 4 4 1 0 0.02883472696409095 
12 11 13 13 4 1 0.3667395805424434 
12 7 13 1 10 1 0.38925402361212025 
12 4 8 5 4 1 0.3192998023467719 
3 1 1 4 2 0 0.14947736882171148 
7 11 7 2 7 0 0.10627138630524291 
7 11 8 4 8 1 0.48697132841062174 
1 7 12 8 4 1 0.16004542322939352 
2 3 1 2 11 0 0.6349830535539276 
13 11 8 2 7 0 0.974985930347738 
11 12 8 7 2 0 0.390913497005019 
2 11 4 8 7 0 0.25377545190015427 
8 11 1 2 3 0 0.8221766700997949 
7 10 12 3 7 1 0.5701427737706821 
7 1 4 1 2 0 0.19604594359042693 
7 11 1 4 8 1 0.3934081025029733 
11 7 12 4 4 1 0.08233299253543214 
12 11 0 4 8 1 0.5342225841224713 
12 7 9 1 12 1 0.10754857663090789 
11 2 12 2 3 0 0.10445150829453209 
2 3 1 2 11 0 0.6349830535539276 
11 4 4 5 2 1 0.2547496648635461 
12 1 13 4 1 1 0.13794933011935884 
12 7 13 1 13 1 0.8039459398066853 
4 4 7 13 11 0 0.0939689977921796 
1 7 11 8 10 1 0.18815487055748803 
7 7 8 4 4 1 0.06693705338413292 
12 1 8 8 1 1 0.19781205951250125 
7 8 13 5 7 1 0.1848429993291063 
11 8 8 1 2 0 0.5081786768637394 
11 0 11 13 7 1 0.08081738260084981 
2 7 12 11 8 0 0.30929967383823964 
2 2 12 2 4 0 0.42116312371316944 
11 12 11 10 7 1 0.5956515595421399 
11 1 3 12 2 0 0.4779039406338661 
---
1 6 22.16282894736842 2.0 5
1 2 1 1 1 0 0.654134301838132 
7 0 2 8 0 1 0.09308928721259924 
---
1 7 21.792763157894736 3.0 5
7 1 8 4 8 1 0.3996054599565195 
1 2 4 1 2 0 0.4706529646099873 
12 1 13 4 1 1 0.13794933011935884 
---
1 8 19.305098684210524 4.0 5
1 7 12 8 4 1 0.16004542322939352 
2 1 1 2 4 0 0.5025603478558455 
12 7 13 2 4 1 0.2900973921719501 
11 7 5 2 7 0 0.26706213091034225 
---
1 9 18.523848684210524 5.0 5
12 7 13 2 4 1 0.2900973921719501 
2 11 4 8 7 0 0.25377545190015427 
2 2 1 2 4 0 0.5909570925667755 
1 7 12 8 4 1 0.16004542322939352 
11 7 5 2 7 0 0.26706213091034225 
---
1 10 18.503289473684212 6.0 5
2 11 4 8 7 0 0.25377545190015427 
12 1 8 8 1 1 0.19781205951250125 
12 7 13 2 4 1 0.2900973921719501 
11 7 5 2 7 0 0.26706213091034225 
1 7 12 8 4 1 0.16004542322939352 
2 2 1 2 4 0 0.5909570925667755 
---
1 11 17.434210526315788 7.0 5
12 1 8 8 1 1 0.19781205951250125 
1 7 12 8 4 1 0.16004542322939352 
2 2 1 2 4 0 0.5909570925667755 
11 7 5 2 7 0 0.26706213091034225 
2 11 4 8 7 0 0.25377545190015427 
12 7 13 2 4 1 0.2900973921719501 
3 2 1 7 11 0 0.7970150442740029 
---
1 12 18.523848684210524 5.0 5
12 7 13 2 4 1 0.2900973921719501 
2 11 4 8 7 0 0.25377545190015427 
2 2 1 2 4 0 0.5909570925667755 
1 7 12 8 4 1 0.16004542322939352 
11 7 5 2 7 0 0.26706213091034225 
---
1 13 18.503289473684212 6.0 5
2 11 4 8 7 0 0.25377545190015427 
12 1 8 8 1 1 0.19781205951250125 
12 7 13 2 4 1 0.2900973921719501 
11 7 5 2 7 0 0.26706213091034225 
1 7 12 8 4 1 0.16004542322939352 
2 2 1 2 4 0 0.5909570925667755 
---
1 14 15.316611842105262 24.0 5
1 7 12 8 4 1 0.16004542322939352 
1 7 12 8 4 1 0.16004542322939352 
4 4 7 13 11 0 0.0939689977921796 
11 8 8 1 2 0 0.5081786768637394 
11 7 5 2 7 0 0.26706213091034225 
12 7 13 2 4 1 0.2900973921719501 
12 1 13 4 1 1 0.13794933011935884 
7 2 8 5 4 1 0.18410253075804395 
12 1 8 8 1 1 0.19781205951250125 
1 1 4 1 2 0 0.29295844166208385 
2 3 1 2 11 0 0.6349830535539276 
12 7 13 1 10 1 0.38925402361212025 
11 12 8 7 2 0 0.390913497005019 
7 7 8 4 4 1 0.06693705338413292 
2 11 4 8 7 0 0.25377545190015427 
12 7 13 1 13 1 0.8039459398066853 
11 7 12 4 4 1 0.08233299253543214 
8 11 1 2 3 0 0.8221766700997949 
7 11 8 4 8 1 0.48697132841062174 
7 11 1 4 8 1 0.3934081025029733 
12 8 9 1 4 0 0.3406999756754969 
11 0 11 13 7 1 0.08081738260084981 
13 11 8 2 7 0 0.974985930347738 
7 11 7 2 7 0 0.10627138630524291 
---
1 15 16.324013157894736 12.0 5
2 2 12 2 4 0 0.42116312371316944 
12 1 13 4 1 1 0.13794933011935884 
1 1 1 1 2 0 0.4121289762635688 
11 7 5 2 7 0 0.26706213091034225 
12 7 13 2 4 1 0.2900973921719501 
1 7 12 8 4 1 0.16004542322939352 
7 11 8 4 8 1 0.48697132841062174 
2 3 1 2 11 0 0.6349830535539276 
3 2 1 7 11 0 0.7970150442740029 
12 1 8 8 1 1 0.19781205951250125 
11 8 8 1 2 0 0.5081786768637394 
2 11 12 8 7 0 0.26045282864942254 
---
1 16 16.159539473684212 13.0 5
11 7 5 2 7 0 0.26706213091034225 
12 7 13 2 4 1 0.2900973921719501 
12 1 13 4 1 1 0.13794933011935884 
7 11 8 4 8 1 0.48697132841062174 
3 2 1 7 11 0 0.7970150442740029 
2 3 1 2 11 0 0.6349830535539276 
2 11 4 8 7 0 0.25377545190015427 
13 11 8 2 7 0 0.974985930347738 
2 2 12 2 4 0 0.42116312371316944 
12 1 8 8 1 1 0.19781205951250125 
11 8 8 1 2 0 0.5081786768637394 
1 7 12 8 4 1 0.16004542322939352 
1 1 1 1 2 0 0.4121289762635688 
---
1 17 17.434210526315788 7.0 5
11 7 5 2 7 0 0.26706213091034225 
1 7 12 8 4 1 0.16004542322939352 
2 2 1 2 4 0 0.5909570925667755 
12 7 13 2 4 1 0.2900973921719501 
3 2 1 7 11 0 0.7970150442740029 
12 1 8 8 1 1 0.19781205951250125 
2 11 4 8 7 0 0.25377545190015427 
---
1 18 17.29029605263158 8.0 5
2 11 4 8 7 0 0.25377545190015427 
1 7 12 8 4 1 0.16004542322939352 
2 2 1 2 4 0 0.5909570925667755 
12 7 13 2 4 1 0.2900973921719501 
3 2 1 7 11 0 0.7970150442740029 
12 1 13 4 1 1 0.13794933011935884 
12 1 8 8 1 1 0.19781205951250125 
11 7 5 2 7 0 0.26706213091034225 
---
1 19 14.638157894736842 42.0 5
3 12 12 2 11 0 0.21069383707349854 
12 8 9 1 4 0 0.3406999756754969 
7 12 1 13 10 1 0.3465338407031193 
11 7 5 2 7 0 0.26706213091034225 
7 11 7 0 9 0 0.35335864779282455 
12 7 13 2 4 1 0.2900973921719501 
1 1 4 8 2 1 0.13413486617979453 
11 7 4 4 1 0 0.02883472696409095 
12 11 13 13 4 1 0.3667395805424434 
12 7 13 1 10 1 0.38925402361212025 
12 4 8 5 4 1 0.3192998023467719 
3 1 1 4 2 0 0.14947736882171148 
7 11 7 2 7 0 0.10627138630524291 
7 11 8 4 8 1 0.48697132841062174 
1 7 12 8 4 1 0.16004542322939352 
2 3 1 2 11 0 0.6349830535539276 
13 11 8 2 7 0 0.974985930347738 
11 12 8 7 2 0 0.390913497005019 
2 11 4 8 7 0 0.25377545190015427 
8 11 1 2 3 0 0.8221766700997949 
7 10 12 3 7 1 0.5701427737706821 
7 1 4 1 2 0 0.19604594359042693 
7 11 1 4 8 1 0.3934081025029733 
11 7 12 4 4 1 0.08233299253543214 
12 11 0 4 8 1 0.5342225841224713 
12 7 9 1 12 1 0.10754857663090789 
11 2 12 2 3 0 0.10445150829453209 
2 3 1 2 11 0 0.6349830535539276 
11 4 4 5 2 1 0.2547496648635461 
12 1 13 4 1 1 0.13794933011935884 
12 7 13 1 13 1 0.8039459398066853 
4 4 7 13 11 0 0.0939689977921796 
1 7 11 8 10 1 0.18815487055748803 
7 7 8 4 4 1 0.06693705338413292 
12 1 8 8 1 1 0.19781205951250125 
7 8 13 5 7 1 0.1848429993291063 
11 8 8 1 2 0 0.5081786768637394 
11 0 11 13 7 1 0.08081738260084981 
2 7 12 11 8 0 0.30929967383823964 
2 2 12 2 4 0 0.42116312371316944 
11 12 11 10 7 1 0.5956515595421399 
11 1 3 12 2 0 0.4779039406338661 
---
1 20 14.946546052631579 34.0 5
1 7 12 8 4 1 0.16004542322939352 
2 7 12 11 8 0 0.30929967383823964 
12 8 9 1 4 0 0.3406999756754969 
1 7 11 8 10 1 0.18815487055748803 
12 7 9 1 12 1 0.10754857663090789 
8 11 1 2 3 0 0.8221766700997949 
12 1 13 4 1 1 0.13794933011935884 
11 7 5 2 7 0 0.26706213091034225 
13 11 8 2 7 0 0.974985930347738 
7 11 8 4 8 1 0.48697132841062174 
11 8 8 1 2 0 0.5081786768637394 
11 7 4 4 1 0 0.02883472696409095 
4 4 7 13 11 0 0.0939689977921796 
2 2 12 2 4 0 0.42116312371316944 
7 11 7 2 7 0 0.10627138630524291 
7 12 1 13 10 1 0.3465338407031193 
12 7 13 1 10 1 0.38925402361212025 
12 7 13 2 4 1 0.2900973921719501 
11 0 11 13 7 1 0.08081738260084981 
11 12 8 7 2 0 0.390913497005019 
3 12 12 2 11 0 0.21069383707349854 
12 7 13 1 13 1 0.8039459398066853 
11 4 4 5 2 1 0.2547496648635461 
11 7 12 4 4 1 0.08233299253543214 
3 1 1 4 2 0 0.14947736882171148 
7 7 8 4 4 1 0.06693705338413292 
7 1 4 1 2 0 0.19604594359042693 
2 3 1 2 11 0 0.6349830535539276 
12 11 13 13 4 1 0.3667395805424434 
12 1 8 8 1 1 0.19781205951250125 
12 11 0 4 8 1 0.5342225841224713 
7 11 7 0 9 0 0.35335864779282455 
7 11 1 4 8 1 0.3934081025029733 
2 11 4 8 7 0 0.25377545190015427 
---
1 21 15.069901315789474 32.0 5
3 12 12 2 11 0 0.21069383707349854 
11 4 4 5 2 1 0.2547496648635461 
8 11 1 2 3 0 0.8221766700997949 
7 11 7 2 7 0 0.10627138630524291 
13 11 8 2 7 0 0.974985930347738 
1 7 12 8 4 1 0.16004542322939352 
7 2 8 5 4 1 0.18410253075804395 
12 7 13 1 10 1 0.38925402361212025 
7 11 1 4 8 1 0.3934081025029733 
2 2 12 2 4 0 0.42116312371316944 
11 7 12 4 4 1 0.08233299253543214 
12 8 9 1 4 0 0.3406999756754969 
7 11 8 4 8 1 0.48697132841062174 
4 4 7 13 11 0 0.0939689977921796 
2 3 1 2 11 0 0.6349830535539276 
7 7 8 4 4 1 0.06693705338413292 
11 7 4 4 1 0 0.02883472696409095 
11 8 8 1 2 0 0.5081786768637394 
7 1 4 1 2 0 0.19604594359042693 
12 1 8 8 1 1 0.19781205951250125 
11 7 5 2 7 0 0.26706213091034225 
12 7 13 1 13 1 0.8039459398066853 
3 1 3 1 12 0 0.534351946857885 
11 0 11 13 7 1 0.08081738260084981 
2 11 4 8 7 0 0.25377545190015427 
12 7 13 2 4 1 0.2900973921719501 
11 12 8 7 2 0 0.390913497005019 
11 2 12 2 3 0 0.10445150829453209 
12 11 0 4 8 1 0.5342225841224713 
7 12 1 13 10 1 0.3465338407031193 
12 1 13 4 1 1 0.13794933011935884 
2 7 12 11 8 0 0.30929967383823964 
---
1 22 17.29029605263158 8.0 5
2 11 4 8 7 0 0.25377545190015427 
1 7 12 8 4 1 0.16004542322939352 
2 2 1 2 4 0 0.5909570925667755 
12 7 13 2 4 1 0.2900973921719501 
3 2 1 7 11 0 0.7970150442740029 
12 1 13 4 1 1 0.13794933011935884 
12 1 8 8 1 1 0.19781205951250125 
11 7 5 2 7 0 0.26706213091034225 
---
1 23 16.940789473684212 9.0 5
2 2 1 2 4 0 0.5909570925667755 
12 1 8 8 1 1 0.19781205951250125 
12 1 13 4 1 1 0.13794933011935884 
1 7 12 8 4 1 0.16004542322939352 
2 11 4 8 7 0 0.25377545190015427 
11 7 5 2 7 0 0.26706213091034225 
2 3 1 2 11 0 0.6349830535539276 
3 2 1 7 11 0 0.7970150442740029 
12 7 13 2 4 1 0.2900973921719501 
---
1 24 16.365131578947366 11.0 5
12 7 13 2 4 1 0.2900973921719501 
2 2 1 2 4 0 0.5909570925667755 
12 1 13 4 1 1 0.13794933011935884 
2 11 12 8 7 0 0.26045282864942254 
12 1 8 8 1 1 0.19781205951250125 
3 2 1 7 11 0 0.7970150442740029 
2 3 1 2 11 0 0.6349830535539276 
1 7 12 8 4 1 0.16004542322939352 
11 7 5 2 7 0 0.26706213091034225 
11 4 4 5 2 1 0.2547496648635461 
13 11 8 2 7 0 0.974985930347738 
---
1 25 16.324013157894736 12.0 5
2 2 12 2 4 0 0.42116312371316944 
12 1 13 4 1 1 0.13794933011935884 
1 1 1 1 2 0 0.4121289762635688 
11 7 5 2 7 0 0.26706213091034225 
12 7 13 2 4 1 0.2900973921719501 
1 7 12 8 4 1 0.16004542322939352 
7 11 8 4 8 1 0.48697132841062174 
2 3 1 2 11 0 0.6349830535539276 
3 2 1 7 11 0 0.7970150442740029 
12 1 8 8 1 1 0.19781205951250125 
11 8 8 1 2 0 0.5081786768637394 
2 11 12 8 7 0 0.26045282864942254 
---
1 26 16.056743421052634 14.0 5
7 11 8 4 8 1 0.48697132841062174 
12 11 0 4 8 1 0.5342225841224713 
2 11 4 8 7 0 0.25377545190015427 
12 1 8 8 1 1 0.19781205951250125 
13 11 8 2 7 0 0.974985930347738 
1 1 1 1 2 0 0.4121289762635688 
1 7 12 8 4 1 0.16004542322939352 
11 8 8 1 2 0 0.5081786768637394 
12 7 13 2 4 1 0.2900973921719501 
12 1 13 4 1 1 0.13794933011935884 
2 2 12 2 4 0 0.42116312371316944 
2 3 1 2 11 0 0.6349830535539276 
11 7 5 2 7 0 0.26706213091034225 
3 2 1 7 11 0 0.7970150442740029 
---
1 27 15.316611842105262 24.0 5
1 7 12 8 4 1 0.16004542322939352 
1 7 12 8 4 1 0.16004542322939352 
4 4 7 13 11 0 0.0939689977921796 
11 8 8 1 2 0 0.5081786768637394 
11 7 5 2 7 0 0.26706213091034225 
12 7 13 2 4 1 0.2900973921719501 
12 1 13 4 1 1 0.13794933011935884 
7 2 8 5 4 1 0.18410253075804395 
12 1 8 8 1 1 0.19781205951250125 
1 1 4 1 2 0 0.29295844166208385 
2 3 1 2 11 0 0.6349830535539276 
12 7 13 1 10 1 0.38925402361212025 
11 12 8 7 2 0 0.390913497005019 
7 7 8 4 4 1 0.06693705338413292 
2 11 4 8 7 0 0.25377545190015427 
12 7 13 1 13 1 0.8039459398066853 
11 7 12 4 4 1 0.08233299253543214 
8 11 1 2 3 0 0.8221766700997949 
7 11 8 4 8 1 0.48697132841062174 
7 11 1 4 8 1 0.3934081025029733 
12 8 9 1 4 0 0.3406999756754969 
11 0 11 13 7 1 0.08081738260084981 
13 11 8 2 7 0 0.974985930347738 
7 11 7 2 7 0 0.10627138630524291 
---
1 28 15.481085526315788 16.0 5
2 11 12 8 7 0 0.26045282864942254 
11 8 8 1 2 0 0.5081786768637394 
1 1 1 1 2 0 0.4121289762635688 
12 7 13 2 4 1 0.2900973921719501 
12 4 8 5 4 1 0.3192998023467719 
3 2 1 13 4 1 0.19596229015579425 
13 11 8 2 7 0 0.974985930347738 
12 7 13 1 13 1 0.8039459398066853 
11 7 5 2 7 0 0.26706213091034225 
12 1 13 4 1 1 0.13794933011935884 
12 1 8 8 1 1 0.19781205951250125 
1 7 12 8 4 1 0.16004542322939352 
11 12 8 7 2 0 0.390913497005019 
2 3 1 2 11 0 0.6349830535539276 
7 11 8 4 8 1 0.48697132841062174 
2 2 12 2 4 0 0.42116312371316944 
---
1 29 16.940789473684212 9.0 5
2 2 1 2 4 0 0.5909570925667755 
12 1 8 8 1 1 0.19781205951250125 
12 1 13 4 1 1 0.13794933011935884 
1 7 12 8 4 1 0.16004542322939352 
2 11 4 8 7 0 0.25377545190015427 
11 7 5 2 7 0 0.26706213091034225 
2 3 1 2 11 0 0.6349830535539276 
3 2 1 7 11 0 0.7970150442740029 
12 7 13 2 4 1 0.2900973921719501 
---
1 30 15.090460526315788 30.0 5
1 1 4 1 2 0 0.29295844166208385 
2 2 12 2 4 0 0.42116312371316944 
11 12 8 7 2 0 0.390913497005019 
8 11 1 2 3 0 0.8221766700997949 
7 11 8 4 8 1 0.48697132841062174 
11 7 5 2 7 0 0.26706213091034225 
2 3 1 2 11 0 0.6349830535539276 
1 7 12 8 4 1 0.16004542322939352 
11 8 8 1 2 0 0.5081786768637394 
12 1 8 8 1 1 0.19781205951250125 
13 11 8 2 7 0 0.974985930347738 
12 7 13 2 4 1 0.2900973921719501 
7 12 1 13 10 1 0.3465338407031193 
12 11 0 4 8 1 0.5342225841224713 
7 11 1 4 8 1 0.3934081025029733 
12 1 13 4 1 1 0.13794933011935884 
12 8 9 1 4 0 0.3406999756754969 
3 1 3 1 12 0 0.534351946857885 
12 7 13 1 13 1 0.8039459398066853 
2 11 4 8 7 0 0.25377545190015427 
4 4 7 13 11 0 0.0939689977921796 
7 11 7 2 7 0 0.10627138630524291 
12 7 13 1 10 1 0.38925402361212025 
11 7 12 4 4 1 0.08233299253543214 
11 4 4 5 2 1 0.2547496648635461 
11 0 11 13 7 1 0.08081738260084981 
3 12 12 2 11 0 0.21069383707349854 
11 7 4 4 1 0 0.02883472696409095 
7 7 8 4 4 1 0.06693705338413292 
7 2 8 5 4 1 0.18410253075804395 
---
1 31 16.611842105263158 10.0 5
12 4 8 5 4 1 0.3192998023467719 
12 7 13 2 4 1 0.2900973921719501 
12 1 13 4 1 1 0.13794933011935884 
3 2 1 7 11 0 0.7970150442740029 
2 2 1 2 4 0 0.5909570925667755 
1 7 12 8 4 1 0.16004542322939352 
11 7 5 2 7 0 0.26706213091034225 
12 1 8 8 1 1 0.19781205951250125 
8 11 1 2 3 0 0.8221766700997949 
2 11 12 8 7 0 0.26045282864942254 
---
1 32 16.159539473684212 13.0 5
11 7 5 2 7 0 0.26706213091034225 
12 7 13 2 4 1 0.2900973921719501 
12 1 13 4 1 1 0.13794933011935884 
7 11 8 4 8 1 0.48697132841062174 
3 2 1 7 11 0 0.7970150442740029 
2 3 1 2 11 0 0.6349830535539276 
2 11 4 8 7 0 0.25377545190015427 
13 11 8 2 7 0 0.974985930347738 
2 2 12 2 4 0 0.42116312371316944 
12 1 8 8 1 1 0.19781205951250125 
11 8 8 1 2 0 0.5081786768637394 
1 7 12 8 4 1 0.16004542322939352 
1 1 1 1 2 0 0.4121289762635688 
---
1 33 16.056743421052634 14.0 5
7 11 8 4 8 1 0.48697132841062174 
12 11 0 4 8 1 0.5342225841224713 
2 11 4 8 7 0 0.25377545190015427 
12 1 8 8 1 1 0.19781205951250125 
13 11 8 2 7 0 0.974985930347738 
1 1 1 1 2 0 0.4121289762635688 
1 7 12 8 4 1 0.16004542322939352 
11 8 8 1 2 0 0.5081786768637394 
12 7 13 2 4 1 0.2900973921719501 
12 1 13 4 1 1 0.13794933011935884 
2 2 12 2 4 0 0.42116312371316944 
2 3 1 2 11 0 0.6349830535539276 
11 7 5 2 7 0 0.26706213091034225 
3 2 1 7 11 0 0.7970150442740029 
---
1 34 15.234375 25.0 5
8 11 1 2 3 0 0.8221766700997949 
12 7 13 2 4 1 0.2900973921719501 
8 11 1 2 3 0 0.8221766700997949 
11 7 12 4 4 1 0.08233299253543214 
2 11 4 8 7 0 0.25377545190015427 
7 12 1 13 10 1 0.3465338407031193 
7 11 7 2 7 0 0.10627138630524291 
7 11 1 4 8 1 0.3934081025029733 
2 3 1 2 11 0 0.6349830535539276 
7 7 8 4 4 1 0.06693705338413292 
11 7 5 2 7 0 0.26706213091034225 
12 8 9 1 4 0 0.3406999756754969 
12 1 13 4 1 1 0.13794933011935884 
12 1 8 8 1 1 0.19781205951250125 
12 7 13 1 13 1 0.8039459398066853 
11 8 8 1 2 0 0.5081786768637394 
1 7 12 8 4 1 0.16004542322939352 
13 11 8 2 7 0 0.974985930347738 
11 12 8 7 2 0 0.390913497005019 
11 0 11 13 7 1 0.08081738260084981 
4 4 7 13 11 0 0.0939689977921796 
7 11 8 4 8 1 0.48697132841062174 
12 7 13 1 10 1 0.38925402361212025 
1 1 4 1 2 0 0.29295844166208385 
7 2 8 5 4 1 0.18410253075804395 
---
1 35 15.481085526315788 16.0 5
2 11 12 8 7 0 0.26045282864942254 
11 8 8 1 2 0 0.5081786768637394 
1 1 1 1 2 0 0.4121289762635688 
12 7 13 2 4 1 0.2900973921719501 
12 4 8 5 4 1 0.3192998023467719 
3 2 1 13 4 1 0.19596229015579425 
13 11 8 2 7 0 0.974985930347738 
12 7 13 1 13 1 0.8039459398066853 
11 7 5 2 7 0 0.26706213091034225 
12 1 13 4 1 1 0.13794933011935884 
12 1 8 8 1 1 0.19781205951250125 
1 7 12 8 4 1 0.16004542322939352 
11 12 8 7 2 0 0.390913497005019 
2 3 1 2 11 0 0.6349830535539276 
7 11 8 4 8 1 0.48697132841062174 
2 2 12 2 4 0 0.42116312371316944 
---
1 36 16.611842105263158 10.0 5
12 4 8 5 4 1 0.3192998023467719 
12 7 13 2 4 1 0.2900973921719501 
12 1 13 4 1 1 0.13794933011935884 
3 2 1 7 11 0 0.7970150442740029 
2 2 1 2 4 0 0.5909570925667755 
1 7 12 8 4 1 0.16004542322939352 
11 7 5 2 7 0 0.26706213091034225 
12 1 8 8 1 1 0.19781205951250125 
8 11 1 2 3 0 0.8221766700997949 
2 11 12 8 7 0 0.26045282864942254 
---
1 37 14.864309210526317 36.0 5
7 1 1 1 2 0 0.31012813176976795 
2 2 12 2 4 0 0.42116312371316944 
11 12 8 7 2 0 0.390913497005019 
8 11 1 2 3 0 0.8221766700997949 
7 11 8 4 8 1 0.48697132841062174 
11 7 5 2 7 0 0.26706213091034225 
2 3 1 2 11 0 0.6349830535539276 
1 7 12 8 4 1 0.16004542322939352 
11 8 8 1 2 0 0.5081786768637394 
12 1 8 8 1 1 0.19781205951250125 
13 11 8 2 7 0 0.974985930347738 
12 7 13 2 4 1 0.2900973921719501 
7 12 1 13 10 1 0.3465338407031193 
12 11 0 4 8 1 0.5342225841224713 
7 11 1 4 8 1 0.3934081025029733 
12 1 13 4 1 1 0.13794933011935884 
12 8 9 1 4 0 0.3406999756754969 
12 7 13 1 13 1 0.8039459398066853 
2 11 4 8 7 0 0.25377545190015427 
4 4 7 13 11 0 0.0939689977921796 
7 11 7 2 7 0 0.10627138630524291 
12 7 13 1 10 1 0.38925402361212025 
11 7 12 4 4 1 0.08233299253543214 
11 4 4 5 2 1 0.2547496648635461 
11 0 11 13 7 1 0.08081738260084981 
3 1 1 4 2 0 0.14947736882171148 
11 7 4 4 1 0 0.02883472696409095 
7 11 7 0 9 0 0.35335864779282455 
7 7 8 4 4 1 0.06693705338413292 
3 12 12 2 11 0 0.21069383707349854 
2 7 12 11 8 0 0.30929967383823964 
11 2 12 2 3 0 0.10445150829453209 
12 11 13 13 4 1 0.3667395805424434 
12 7 9 1 12 1 0.10754857663090789 
7 8 13 5 7 1 0.1848429993291063 
1 7 11 8 10 1 0.18815487055748803 
---
1 38 16.365131578947366 11.0 5
12 7 13 2 4 1 0.2900973921719501 
2 2 1 2 4 0 0.5909570925667755 
12 1 13 4 1 1 0.13794933011935884 
2 11 12 8 7 0 0.26045282864942254 
12 1 8 8 1 1 0.19781205951250125 
3 2 1 7 11 0 0.7970150442740029 
2 3 1 2 11 0 0.6349830535539276 
1 7 12 8 4 1 0.16004542322939352 
11 7 5 2 7 0 0.26706213091034225 
11 4 4 5 2 1 0.2547496648635461 
13 11 8 2 7 0 0.974985930347738 
---
1 39 14.782072368421053 37.0 5
11 7 5 2 7 0 0.26706213091034225 
7 7 8 4 4 1 0.06693705338413292 
7 8 13 5 7 1 0.1848429993291063 
12 7 13 1 13 1 0.8039459398066853 
7 11 7 2 7 0 0.10627138630524291 
2 2 12 2 4 0 0.42116312371316944 
12 1 8 8 1 1 0.19781205951250125 
12 7 13 1 10 1 0.38925402361212025 
3 12 12 2 11 0 0.21069383707349854 
11 2 12 2 3 0 0.10445150829453209 
1 7 11 8 10 1 0.18815487055748803 
7 12 1 13 10 1 0.3465338407031193 
11 4 4 5 2 1 0.2547496648635461 
7 10 12 3 7 1 0.5701427737706821 
11 0 11 13 7 1 0.08081738260084981 
11 7 5 2 7 0 0.26706213091034225 
12 8 9 1 4 0 0.3406999756754969 
11 8 8 1 2 0 0.5081786768637394 
12 7 9 1 12 1 0.10754857663090789 
1 1 4 1 2 0 0.29295844166208385 
4 4 7 13 11 0 0.0939689977921796 
12 7 13 2 4 1 0.2900973921719501 
7 11 7 0 9 0 0.35335864779282455 
2 3 1 2 11 0 0.6349830535539276 
1 7 12 8 4 1 0.16004542322939352 
2 11 4 8 7 0 0.25377545190015427 
11 7 4 4 1 0 0.02883472696409095 
8 11 1 2 3 0 0.8221766700997949 
2 7 12 11 8 0 0.30929967383823964 
12 11 0 4 8 1 0.5342225841224713 
7 11 1 4 8 1 0.3934081025029733 
11 7 12 4 4 1 0.08233299253543214 
11 12 8 7 2 0 0.390913497005019 
7 11 8 4 8 1 0.48697132841062174 
12 11 13 13 4 1 0.3667395805424434 
13 11 8 2 7 0 0.974985930347738 
12 1 13 4 1 1 0.13794933011935884 
---
1 40 15.090460526315788 30.0 5
1 1 4 1 2 0 0.29295844166208385 
2 2 12 2 4 0 0.42116312371316944 
11 12 8 7 2 0 0.390913497005019 
8 11 1 2 3 0 0.8221766700997949 
7 11 8 4 8 1 0.48697132841062174 
11 7 5 2 7 0 0.26706213091034225 
2 3 1 2 11 0 0.6349830535539276 
1 7 12 8 4 1 0.16004542322939352 
11 8 8 1 2 0 0.5081786768637394 
12 1 8 8 1 1 0.19781205951250125 
13 11 8 2 7 0 0.974985930347738 
12 7 13 2 4 1 0.2900973921719501 
7 12 1 13 10 1 0.3465338407031193 
12 11 0 4 8 1 0.5342225841224713 
7 11 1 4 8 1 0.3934081025029733 
12 1 13 4 1 1 0.13794933011935884 
12 8 9 1 4 0 0.3406999756754969 
3 1 3 1 12 0 0.534351946857885 
12 7 13 1 13 1 0.8039459398066853 
2 11 4 8 7 0 0.25377545190015427 
4 4 7 13 11 0 0.0939689977921796 
7 11 7 2 7 0 0.10627138630524291 
12 7 13 1 10 1 0.38925402361212025 
11 7 12 4 4 1 0.08233299253543214 
11 4 4 5 2 1 0.2547496648635461 
11 0 11 13 7 1 0.08081738260084981 
3 12 12 2 11 0 0.21069383707349854 
11 7 4 4 1 0 0.02883472696409095 
7 7 8 4 4 1 0.06693705338413292 
7 2 8 5 4 1 0.18410253075804395 
---
1 41 15.234375 25.0 5
8 11 1 2 3 0 0.8221766700997949 
12 7 13 2 4 1 0.2900973921719501 
8 11 1 2 3 0 0.8221766700997949 
11 7 12 4 4 1 0.08233299253543214 
2 11 4 8 7 0 0.25377545190015427 
7 12 1 13 10 1 0.3465338407031193 
7 11 7 2 7 0 0.10627138630524291 
7 11 1 4 8 1 0.3934081025029733 
2 3 1 2 11 0 0.6349830535539276 
7 7 8 4 4 1 0.06693705338413292 
11 7 5 2 7 0 0.26706213091034225 
12 8 9 1 4 0 0.3406999756754969 
12 1 13 4 1 1 0.13794933011935884 
12 1 8 8 1 1 0.19781205951250125 
12 7 13 1 13 1 0.8039459398066853 
11 8 8 1 2 0 0.5081786768637394 
1 7 12 8 4 1 0.16004542322939352 
13 11 8 2 7 0 0.974985930347738 
11 12 8 7 2 0 0.390913497005019 
11 0 11 13 7 1 0.08081738260084981 
4 4 7 13 11 0 0.0939689977921796 
7 11 8 4 8 1 0.48697132841062174 
12 7 13 1 10 1 0.38925402361212025 
1 1 4 1 2 0 0.29295844166208385 
7 2 8 5 4 1 0.18410253075804395 
---
1 42 15.193256578947366 27.0 5
1 1 1 1 2 0 0.4121289762635688 
2 3 1 2 11 0 0.6349830535539276 
2 2 12 2 4 0 0.42116312371316944 
11 12 8 7 2 0 0.390913497005019 
7 11 8 4 8 1 0.48697132841062174 
11 7 5 2 7 0 0.26706213091034225 
1 7 12 8 4 1 0.16004542322939352 
13 11 8 2 7 0 0.974985930347738 
11 8 8 1 2 0 0.5081786768637394 
12 1 8 8 1 1 0.19781205951250125 
12 7 13 2 4 1 0.2900973921719501 
7 12 1 13 10 1 0.3465338407031193 
12 11 0 4 8 1 0.5342225841224713 
7 11 1 4 8 1 0.3934081025029733 
12 1 13 4 1 1 0.13794933011935884 
12 8 9 1 4 0 0.3406999756754969 
12 7 13 1 13 1 0.8039459398066853 
2 11 4 8 7 0 0.25377545190015427 
4 4 7 13 11 0 0.0939689977921796 
7 11 7 2 7 0 0.10627138630524291 
12 7 13 1 10 1 0.38925402361212025 
11 7 12 4 4 1 0.08233299253543214 
11 4 4 5 2 1 0.2547496648635461 
11 0 11 13 7 1 0.08081738260084981 
3 12 12 2 11 0 0.21069383707349854 
7 7 8 4 4 1 0.06693705338413292 
11 12 8 1 2 0 0.24921258567385607 
---
1 43 15.193256578947366 27.0 5
1 1 1 1 2 0 0.4121289762635688 
2 3 1 2 11 0 0.6349830535539276 
2 2 12 2 4 0 0.42116312371316944 
11 12 8 7 2 0 0.390913497005019 
7 11 8 4 8 1 0.48697132841062174 
11 7 5 2 7 0 0.26706213091034225 
1 7 12 8 4 1 0.16004542322939352 
13 11 8 2 7 0 0.974985930347738 
11 8 8 1 2 0 0.5081786768637394 
12 1 8 8 1 1 0.19781205951250125 
12 7 13 2 4 1 0.2900973921719501 
7 12 1 13 10 1 0.3465338407031193 
12 11 0 4 8 1 0.5342225841224713 
7 11 1 4 8 1 0.3934081025029733 
12 1 13 4 1 1 0.13794933011935884 
12 8 9 1 4 0 0.3406999756754969 
12 7 13 1 13 1 0.8039459398066853 
2 11 4 8 7 0 0.25377545190015427 
4 4 7 13 11 0 0.0939689977921796 
7 11 7 2 7 0 0.10627138630524291 
12 7 13 1 10 1 0.38925402361212025 
11 7 12 4 4 1 0.08233299253543214 
11 4 4 5 2 1 0.2547496648635461 
11 0 11 13 7 1 0.08081738260084981 
3 12 12 2 11 0 0.21069383707349854 
7 7 8 4 4 1 0.06693705338413292 
11 12 8 1 2 0 0.24921258567385607 
---
1 44 15.069901315789474 32.0 5
3 12 12 2 11 0 0.21069383707349854 
11 4 4 5 2 1 0.2547496648635461 
8 11 1 2 3 0 0.8221766700997949 
7 11 7 2 7 0 0.10627138630524291 
13 11 8 2 7 0 0.974985930347738 
1 7 12 8 4 1 0.16004542322939352 
7 2 8 5 4 1 0.18410253075804395 
12 7 13 1 10 1 0.38925402361212025 
7 11 1 4 8 1 0.3934081025029733 
2 2 12 2 4 0 0.42116312371316944 
11 7 12 4 4 1 0.08233299253543214 
12 8 9 1 4 0 0.3406999756754969 
7 11 8 4 8 1 0.48697132841062174 
4 4 7 13 11 0 0.0939689977921796 
2 3 1 2 11 0 0.6349830535539276 
7 7 8 4 4 1 0.06693705338413292 
11 7 4 4 1 0 0.02883472696409095 
11 8 8 1 2 0 0.5081786768637394 
7 1 4 1 2 0 0.19604594359042693 
12 1 8 8 1 1 0.19781205951250125 
11 7 5 2 7 0 0.26706213091034225 
12 7 13 1 13 1 0.8039459398066853 
3 1 3 1 12 0 0.534351946857885 
11 0 11 13 7 1 0.08081738260084981 
2 11 4 8 7 0 0.25377545190015427 
12 7 13 2 4 1 0.2900973921719501 
11 12 8 7 2 0 0.390913497005019 
11 2 12 2 3 0 0.10445150829453209 
12 11 0 4 8 1 0.5342225841224713 
7 12 1 13 10 1 0.3465338407031193 
12 1 13 4 1 1 0.13794933011935884 
2 7 12 11 8 0 0.30929967383823964 
---
1 45 14.782072368421053 37.0 5
11 7 5 2 7 0 0.26706213091034225 
7 7 8 4 4 1 0.06693705338413292 
7 8 13 5 7 1 0.1848429993291063 
12 7 13 1 13 1 0.8039459398066853 
7 11 7 2 7 0 0.10627138630524291 
2 2 12 2 4 0 0.42116312371316944 
12 1 8 8 1 1 0.19781205951250125 
12 7 13 1 10 1 0.38925402361212025 
3 12 12 2 11 0 0.21069383707349854 
11 2 12 2 3 0 0.10445150829453209 
1 7 11 8 10 1 0.18815487055748803 
7 12 1 13 10 1 0.3465338407031193 
11 4 4 5 2 1 0.2547496648635461 
7 10 12 3 7 1 0.5701427737706821 
11 0 11 13 7 1 0.08081738260084981 
11 7 5 2 7 0 0.26706213091034225 
12 8 9 1 4 0 0.3406999756754969 
11 8 8 1 2 0 0.5081786768637394 
12 7 9 1 12 1 0.10754857663090789 
1 1 4 1 2 0 0.29295844166208385 
4 4 7 13 11 0 0.0939689977921796 
12 7 13 2 4 1 0.2900973921719501 
7 11 7 0 9 0 0.35335864779282455 
2 3 1 2 11 0 0.6349830535539276 
1 7 12 8 4 1 0.16004542322939352 
2 11 4 8 7 0 0.25377545190015427 
11 7 4 4 1 0 0.02883472696409095 
8 11 1 2 3 0 0.8221766700997949 
2 7 12 11 8 0 0.30929967383823964 
12 11 0 4 8 1 0.5342225841224713 
7 11 1 4 8 1 0.3934081025029733 
11 7 12 4 4 1 0.08233299253543214 
11 12 8 7 2 0 0.390913497005019 
7 11 8 4 8 1 0.48697132841062174 
12 11 13 13 4 1 0.3667395805424434 
13 11 8 2 7 0 0.974985930347738 
12 1 13 4 1 1 0.13794933011935884 
---
1 46 14.864309210526317 36.0 5
7 1 1 1 2 0 0.31012813176976795 
2 2 12 2 4 0 0.42116312371316944 
11 12 8 7 2 0 0.390913497005019 
8 11 1 2 3 0 0.8221766700997949 
7 11 8 4 8 1 0.48697132841062174 
11 7 5 2 7 0 0.26706213091034225 
2 3 1 2 11 0 0.6349830535539276 
1 7 12 8 4 1 0.16004542322939352 
11 8 8 1 2 0 0.5081786768637394 
12 1 8 8 1 1 0.19781205951250125 
13 11 8 2 7 0 0.974985930347738 
12 7 13 2 4 1 0.2900973921719501 
7 12 1 13 10 1 0.3465338407031193 
12 11 0 4 8 1 0.5342225841224713 
7 11 1 4 8 1 0.3934081025029733 
12 1 13 4 1 1 0.13794933011935884 
12 8 9 1 4 0 0.3406999756754969 
12 7 13 1 13 1 0.8039459398066853 
2 11 4 8 7 0 0.25377545190015427 
4 4 7 13 11 0 0.0939689977921796 
7 11 7 2 7 0 0.10627138630524291 
12 7 13 1 10 1 0.38925402361212025 
11 7 12 4 4 1 0.08233299253543214 
11 4 4 5 2 1 0.2547496648635461 
11 0 11 13 7 1 0.08081738260084981 
3 1 1 4 2 0 0.14947736882171148 
11 7 4 4 1 0 0.02883472696409095 
7 11 7 0 9 0 0.35335864779282455 
7 7 8 4 4 1 0.06693705338413292 
3 12 12 2 11 0 0.21069383707349854 
2 7 12 11 8 0 0.30929967383823964 
11 2 12 2 3 0 0.10445150829453209 
12 11 13 13 4 1 0.3667395805424434 
12 7 9 1 12 1 0.10754857663090789 
7 8 13 5 7 1 0.1848429993291063 
1 7 11 8 10 1 0.18815487055748803 
---
1 47 14.946546052631579 34.0 5
1 7 12 8 4 1 0.16004542322939352 
2 7 12 11 8 0 0.30929967383823964 
12 8 9 1 4 0 0.3406999756754969 
1 7 11 8 10 1 0.18815487055748803 
12 7 9 1 12 1 0.10754857663090789 
8 11 1 2 3 0 0.8221766700997949 
12 1 13 4 1 1 0.13794933011935884 
11 7 5 2 7 0 0.26706213091034225 
13 11 8 2 7 0 0.974985930347738 
7 11 8 4 8 1 0.48697132841062174 
11 8 8 1 2 0 0.5081786768637394 
11 7 4 4 1 0 0.02883472696409095 
4 4 7 13 11 0 0.0939689977921796 
2 2 12 2 4 0 0.42116312371316944 
7 11 7 2 7 0 0.10627138630524291 
7 12 1 13 10 1 0.3465338407031193 
12 7 13 1 10 1 0.38925402361212025 
12 7 13 2 4 1 0.2900973921719501 
11 0 11 13 7 1 0.08081738260084981 
11 12 8 7 2 0 0.390913497005019 
3 12 12 2 11 0 0.21069383707349854 
12 7 13 1 13 1 0.8039459398066853 
11 4 4 5 2 1 0.2547496648635461 
11 7 12 4 4 1 0.08233299253543214 
3 1 1 4 2 0 0.14947736882171148 
7 7 8 4 4 1 0.06693705338413292 
7 1 4 1 2 0 0.19604594359042693 
2 3 1 2 11 0 0.6349830535539276 
12 11 13 13 4 1 0.3667395805424434 
12 1 8 8 1 1 0.19781205951250125 
12 11 0 4 8 1 0.5342225841224713 
7 11 7 0 9 0 0.35335864779282455 
7 11 1 4 8 1 0.3934081025029733 
2 11 4 8 7 0 0.25377545190015427 
---
1 48 29.379111842105267 1.0 5
1 2 0 0 2 0 0.3870578191338052 
---
1 49 14.617598684210526 55.0 5
3 12 12 2 11 0 0.21069383707349854 
12 11 13 13 4 1 0.3667395805424434 
7 11 7 0 9 0 0.35335864779282455 
10 1 3 4 2 0 1.0 
11 7 12 4 4 1 0.08233299253543214 
12 1 8 8 1 1 0.19781205951250125 
7 11 1 4 8 1 0.3934081025029733 
3 12 12 2 11 0 0.21069383707349854 
1 7 12 8 4 1 0.16004542322939352 
7 12 1 13 10 1 0.3465338407031193 
12 7 13 2 4 1 0.2900973921719501 
11 7 12 4 4 1 0.08233299253543214 
11 7 4 4 1 0 0.02883472696409095 
2 2 12 2 4 0 0.42116312371316944 
3 1 3 1 12 0 0.534351946857885 
12 8 9 1 4 0 0.3406999756754969 
7 1 4 1 2 0 0.19604594359042693 
7 11 7 2 7 0 0.10627138630524291 
12 11 0 4 8 1 0.5342225841224713 
12 11 13 13 4 1 0.3667395805424434 
12 7 13 1 10 1 0.38925402361212025 
7 11 7 2 7 0 0.10627138630524291 
11 0 11 13 7 1 0.08081738260084981 
12 7 13 1 13 1 0.8039459398066853 
11 12 8 7 2 0 0.390913497005019 
12 7 9 1 12 1 0.10754857663090789 
11 7 5 2 7 0 0.26706213091034225 
3 1 1 4 2 0 0.14947736882171148 
12 1 8 8 1 1 0.19781205951250125 
1 7 11 8 10 1 0.18815487055748803 
7 11 8 4 8 1 0.48697132841062174 
11 8 8 1 2 0 0.5081786768637394 
2 11 8 2 11 0 0.230799067816704 
4 4 7 13 11 0 0.0939689977921796 
12 1 8 8 1 1 0.19781205951250125 
11 4 4 5 2 1 0.2547496648635461 
2 2 12 2 4 0 0.42116312371316944 
7 7 8 4 4 1 0.06693705338413292 
12 1 13 4 1 1 0.13794933011935884 
11 1 3 12 2 0 0.4779039406338661 
2 7 12 11 8 0 0.30929967383823964 
13 11 8 2 7 0 0.974985930347738 
11 12 11 10 7 1 0.5956515595421399 
2 11 4 8 7 0 0.25377545190015427 
8 11 1 2 3 0 0.8221766700997949 
13 11 8 2 7 0 0.974985930347738 
12 11 0 4 8 1 0.5342225841224713 
12 7 13 1 10 1 0.38925402361212025 
11 2 12 2 3 0 0.10445150829453209 
7 8 13 5 7 1 0.1848429993291063 
2 3 1 2 11 0 0.6349830535539276 
7 10 12 3 7 1 0.5701427737706821 
12 7 13 1 13 1 0.8039459398066853 
12 4 8 5 4 1 0.3192998023467719 
7 11 8 4 8 1 0.48697132841062174 
---
1 50 22.16282894736842 2.0 5
1 2 1 1 1 0 0.654134301838132 
7 0 2 8 0 1 0.09308928721259924 
---
1 51 21.792763157894736 3.0 5
7 1 8 4 8 1 0.3996054599565195 
1 2 4 1 2 0 0.4706529646099873 
12 1 13 4 1 1 0.13794933011935884 
---
1 52 19.305098684210524 4.0 5
1 7 12 8 4 1 0.16004542322939352 
2 1 1 2 4 0 0.5025603478558455 
12 7 13 2 4 1 0.2900973921719501 
11 7 5 2 7 0 0.26706213091034225 
---
1 53 18.523848684210524 5.0 5
12 7 13 2 4 1 0.2900973921719501 
2 11 4 8 7 0 0.25377545190015427 
2 2 1 2 4 0 0.5909570925667755 
1 7 12 8 4 1 0.16004542322939352 
11 7 5 2 7 0 0.26706213091034225 
---
1 54 18.503289473684212 6.0 5
2 11 4 8 7 0 0.25377545190015427 
12 1 8 8 1 1 0.19781205951250125 
12 7 13 2 4 1 0.2900973921719501 
11 7 5 2 7 0 0.26706213091034225 
1 7 12 8 4 1 0.16004542322939352 
2 2 1 2 4 0 0.5909570925667755 
---
1 55 17.434210526315788 7.0 5
12 1 8 8 1 1 0.19781205951250125 
1 7 12 8 4 1 0.16004542322939352 
2 2 1 2 4 0 0.5909570925667755 
11 7 5 2 7 0 0.26706213091034225 
2 11 4 8 7 0 0.25377545190015427 
12 7 13 2 4 1 0.2900973921719501 
3 2 1 7 11 0 0.7970150442740029 
---
1 56 14.638157894736842 42.0 5
3 12 12 2 11 0 0.21069383707349854 
12 8 9 1 4 0 0.3406999756754969 
7 12 1 13 10 1 0.3465338407031193 
11 7 5 2 7 0 0.26706213091034225 
7 11 7 0 9 0 0.35335864779282455 
12 7 13 2 4 1 0.2900973921719501 
1 1 4 8 2 1 0.13413486617979453 
11 7 4 4 1 0 0.02883472696409095 
12 11 13 13 4 1 0.3667395805424434 
12 7 13 1 10 1 0.38925402361212025 
12 4 8 5 4 1 0.3192998023467719 
3 1 1 4 2 0 0.14947736882171148 
7 11 7 2 7 0 0.10627138630524291 
7 11 8 4 8 1 0.48697132841062174 
1 7 12 8 4 1 0.16004542322939352 
2 3 1 2 11 0 0.6349830535539276 
13 11 8 2 7 0 0.974985930347738 
11 12 8 7 2 0 0.390913497005019 
2 11 4 8 7 0 0.25377545190015427 
8 11 1 2 3 0 0.8221766700997949 
7 10 12 3 7 1 0.5701427737706821 
7 1 4 1 2 0 0.19604594359042693 
7 11 1 4 8 1 0.3934081025029733 
11 7 12 4 4 1 0.08233299253543214 
12 11 0 4 8 1 0.5342225841224713 
12 7 9 1 12 1 0.10754857663090789 
11 2 12 2 3 0 0.10445150829453209 
2 3 1 2 11 0 0.6349830535539276 
11 4 4 5 2 1 0.2547496648635461 
12 1 13 4 1 1 0.13794933011935884 
12 7 13 1 13 1 0.8039459398066853 
4 4 7 13 11 0 0.0939689977921796 
1 7 11 8 10 1 0.18815487055748803 
7 7 8 4 4 1 0.06693705338413292 
12 1 8 8 1 1 0.19781205951250125 
7 8 13 5 7 1 0.1848429993291063 
11 8 8 1 2 0 0.5081786768637394 
11 0 11 13 7 1 0.08081738260084981 
2 7 12 11 8 0 0.30929967383823964 
2 2 12 2 4 0 0.42116312371316944 
11 12 11 10 7 1 0.5956515595421399 
11 1 3 12 2 0 0.4779039406338661 
---
1 57 17.29029605263158 8.0 5
2 11 4 8 7 0 0.25377545190015427 
1 7 12 8 4 1 0.16004542322939352 
2 2 1 2 4 0 0.5909570925667755 
12 7 13 2 4 1 0.2900973921719501 
3 2 1 7 11 0 0.7970150442740029 
12 1 13 4 1 1 0.13794933011935884 
12 1 8 8 1 1 0.19781205951250125 
11 7 5 2 7 0 0.26706213091034225 
---
1 58 16.324013157894736 12.0 5
2 2 12 2 4 0 0.42116312371316944 
12 1 13 4 1 1 0.13794933011935884 
1 1 1 1 2 0 0.4121289762635688 
11 7 5 2 7 0 0.26706213091034225 
12 7 13 2 4 1 0.2900973921719501 
1 7 12 8 4 1 0.16004542322939352 
7 11 8 4 8 1 0.48697132841062174 
2 3 1 2 11 0 0.6349830535539276 
3 2 1 7 11 0 0.7970150442740029 
12 1 8 8 1 1 0.19781205951250125 
11 8 8 1 2 0 0.5081786768637394 
2 11 12 8 7 0 0.26045282864942254 
---
1 59 15.316611842105262 24.0 5
1 7 12 8 4 1 0.16004542322939352 
1 7 12 8 4 1 0.16004542322939352 
4 4 7 13 11 0 0.0939689977921796 
11 8 8 1 2 0 0.5081786768637394 
11 7 5 2 7 0 0.26706213091034225 
12 7 13 2 4 1 0.2900973921719501 
12 1 13 4 1 1 0.13794933011935884 
7 2 8 5 4 1 0.18410253075804395 
12 1 8 8 1 1 0.19781205951250125 
1 1 4 1 2 0 0.29295844166208385 
2 3 1 2 11 0 0.6349830535539276 
12 7 13 1 10 1 0.38925402361212025 
11 12 8 7 2 0 0.390913497005019 
7 7 8 4 4 1 0.06693705338413292 
2 11 4 8 7 0 0.25377545190015427 
12 7 13 1 13 1 0.8039459398066853 
11 7 12 4 4 1 0.08233299253543214 
8 11 1 2 3 0 0.8221766700997949 
7 11 8 4 8 1 0.48697132841062174 
7 11 1 4 8 1 0.3934081025029733 
12 8 9 1 4 0 0.3406999756754969 
11 0 11 13 7 1 0.08081738260084981 
13 11 8 2 7 0 0.974985930347738 
7 11 7 2 7 0 0.10627138630524291 
---
1 60 16.940789473684212 9.0 5
2 2 1 2 4 0 0.5909570925667755 
12 1 8 8 1 1 0.19781205951250125 
12 1 13 4 1 1 0.13794933011935884 
1 7 12 8 4 1 0.16004542322939352 
2 11 4 8 7 0 0.25377545190015427 
11 7 5 2 7 0 0.26706213091034225 
2 3 1 2 11 0 0.6349830535539276 
3 2 1 7 11 0 0.7970150442740029 
12 7 13 2 4 1 0.2900973921719501 
---
1 61 16.159539473684212 13.0 5
11 7 5 2 7 0 0.26706213091034225 
12 7 13 2 4 1 0.2900973921719501 
12 1 13 4 1 1 0.13794933011935884 
7 11 8 4 8 1 0.48697132841062174 
3 2 1 7 11 0 0.7970150442740029 
2 3 1 2 11 0 0.6349830535539276 
2 11 4 8 7 0 0.25377545190015427 
13 11 8 2 7 0 0.974985930347738 
2 2 12 2 4 0 0.42116312371316944 
12 1 8 8 1 1 0.19781205951250125 
11 8 8 1 2 0 0.5081786768637394 
1 7 12 8 4 1 0.16004542322939352 
1 1 1 1 2 0 0.4121289762635688 
---
1 62 16.056743421052634 14.0 5
7 11 8 4 8 1 0.48697132841062174 
12 11 0 4 8 1 0.5342225841224713 
2 11 4 8 7 0 0.25377545190015427 
12 1 8 8 1 1 0.19781205951250125 
13 11 8 2 7 0 0.974985930347738 
1 1 1 1 2 0 0.4121289762635688 
1 7 12 8 4 1 0.16004542322939352 
11 8 8 1 2 0 0.5081786768637394 
12 7 13 2 4 1 0.2900973921719501 
12 1 13 4 1 1 0.13794933011935884 
2 2 12 2 4 0 0.42116312371316944 
2 3 1 2 11 0 0.6349830535539276 
11 7 5 2 7 0 0.26706213091034225 
3 2 1 7 11 0 0.7970150442740029 
---
1 63 15.481085526315788 16.0 5
2 11 12 8 7 0 0.26045282864942254 
11 8 8 1 2 0 0.5081786768637394 
1 1 1 1 2 0 0.4121289762635688 
12 7 13 2 4 1 0.2900973921719501 
12 4 8 5 4 1 0.3192998023467719 
3 2 1 13 4 1 0.19596229015579425 
13 11 8 2 7 0 0.974985930347738 
12 7 13 1 13 1 0.8039459398066853 
11 7 5 2 7 0 0.26706213091034225 
12 1 13 4 1 1 0.13794933011935884 
12 1 8 8 1 1 0.19781205951250125 
1 7 12 8 4 1 0.16004542322939352 
11 12 8 7 2 0 0.390913497005019 
2 3 1 2 11 0 0.6349830535539276 
7 11 8 4 8 1 0.48697132841062174 
2 2 12 2 4 0 0.42116312371316944 
---
2 0 29.420230263157894 1.0 5
2 2 1 2 2 0 0.5194290964511392 
---
2 1 16.40625 9.0 5
7 7 12 8 2 1 0.21544600582761353 
4 11 7 4 2 0 0.4055561376843475 
11 4 1 2 4 0 0.2097645711119065 
2 2 1 4 2 0 0.6326213284228728 
12 0 8 2 2 1 0.13600368262937712 
11 12 1 13 10 1 0.4137341386174096 
12 4 13 0 13 1 0.9029283308781322 
11 7 6 1 10 1 0.7927720873575304 
11 1 1 2 7 0 0.21148050705394938 
---
2 2 21.648848684210524 2.0 5
12 7 0 8 0 1 0.17717128583197517 
2 2 0 1 1 0 0.6366582988720245 
---
2 3 21.648848684210524 2.0 5
12 7 0 8 0 1 0.17717128583197517 
2 2 0 1 1 0 0.6366582988720245 
---
2 4 19.366776315789476 3.0 5
7 7 12 8 2 1 0.21544600582761353 
12 0 8 2 2 1 0.13600368262937712 
0 2 1 2 2 0 0.4470612123603437 
---
2 5 19.366776315789476 3.0 5
7 7 12 8 2 1 0.21544600582761353 
12 0 8 2 2 1 0.13600368262937712 
0 2 1 2 2 0 0.4470612123603437 
---
2 6 18.359375 4.0 5
11 4 1 2 4 0 0.2097645711119065 
2 2 1 4 2 0 0.6326213284228728 
12 0 8 2 2 1 0.13600368262937712 
7 7 12 8 2 1 0.21544600582761353 
---
2 7 18.359375 4.0 5
7 7 12 8 2 1 0.21544600582761353 
12 0 8 2 2 1 0.13600368262937712 
11 4 1 2 4 0 0.2097645711119065 
2 2 1 4 2 0 0.6326213284228728 
---
2 8 17.824835526315788 5.0 5
4 11 7 4 2 0 0.4055561376843475 
7 7 12 8 2 1 0.21544600582761353 
12 0 8 2 2 1 0.13600368262937712 
2 2 1 4 2 0 0.6326213284228728 
11 4 1 2 4 0 0.2097645711119065 
---
2 9 17.824835526315788 5.0 5
7 7 12 8 2 1 0.21544600582761353 
4 11 7 4 2 0 0.4055561376843475 
12 0 8 2 2 1 0.13600368262937712 
11 4 1 2 4 0 0.2097645711119065 
2 2 1 4 2 0 0.6326213284228728 
---
2 10 17.434210526315788 6.0 5
11 4 1 2 4 0 0.2097645711119065 
4 11 7 4 2 0 0.4055561376843475 
12 0 8 2 2 1 0.13600368262937712 
2 2 1 4 2 0 0.6326213284228728 
7 7 12 8 2 1 0.21544600582761353 
12 4 13 0 13 1 0.9029283308781322 
---
2 11 16.879111842105264 7.0 5
11 12 1 13 10 1 0.4137341386174096 
11 1 1 2 7 0 0.21148050705394938 
2 2 1 4 2 0 0.6326213284228728 
7 7 12 8 2 1 0.21544600582761353 
12 4 13 0 13 1 0.9029283308781322 
12 0 8 2 2 1 0.13600368262937712 
11 4 1 2 4 0 0.2097645711119065 
---
2 12 16.50904605263158 8.0 5
7 7 12 8 2 1 0.21544600582761353 
12 4 13 0 13 1 0.9029283308781322 
2 2 1 4 2 0 0.6326213284228728 
12 0 8 2 2 1 0.13600368262937712 
4 11 7 4 2 0 0.4055561376843475 
11 12 1 13 10 1 0.4137341386174096 
11 1 1 2 7 0 0.21148050705394938 
11 4 1 2 4 0 0.2097645711119065 
---
2 13 17.434210526315788 6.0 5
11 4 1 2 4 0 0.2097645711119065 
4 11 7 4 2 0 0.4055561376843475 
12 0 8 2 2 1 0.13600368262937712 
2 2 1 4 2 0 0.6326213284228728 
7 7 12 8 2 1 0.21544600582761353 
12 4 13 0 13 1 0.9029283308781322 
---
2 14 16.879111842105264 7.0 5
11 12 1 13 10 1 0.4137341386174096 
11 1 1 2 7 0 0.21148050705394938 
2 2 1 4 2 0 0.6326213284228728 
7 7 12 8 2 1 0.21544600582761353 
12 4 13 0 13 1 0.9029283308781322 
12 0 8 2 2 1 0.13600368262937712 
11 4 1 2 4 0 0.2097645711119065 
---
2 15 16.50904605263158 8.0 5
7 7 12 8 2 1 0.21544600582761353 
12 4 13 0 13 1 0.9029283308781322 
2 2 1 4 2 0 0.6326213284228728 
12 0 8 2 2 1 0.13600368262937712 
4 11 7 4 2 0 0.4055561376843475 
11 12 1 13 10 1 0.4137341386174096 
11 1 1 2 7 0 0.21148050705394938 
11 4 1 2 4 0 0.2097645711119065 
---
2 16 16.40625 9.0 5
7 7 12 8 2 1 0.21544600582761353 
4 11 7 4 2 0 0.4055561376843475 
11 4 1 2 4 0 0.2097645711119065 
2 2 1 4 2 0 0.6326213284228728 
12 0 8 2 2 1 0.13600368262937712 
11 12 1 13 10 1 0.4137341386174096 
12 4 13 0 13 1 0.9029283308781322 
11 7 6 1 10 1 0.7927720873575304 
11 1 1 2 7 0 0.21148050705394938 
---
2 17 21.648848684210524 2.0 5
12 7 0 8 0 1 0.17717128583197517 
2 2 0 1 1 0 0.6366582988720245 
---
2 18 19.366776315789476 3.0 5
7 7 12 8 2 1 0.21544600582761353 
12 0 8 2 2 1 0.13600368262937712 
0 2 1 2 2 0 0.4470612123603437 
---
2 19 18.359375 4.0 5
2 2 1 4 2 0 0.6326213284228728 
11 4 1 2 4 0 0.2097645711119065 
7 7 12 8 2 1 0.21544600582761353 
12 0 8 2 2 1 0.13600368262937712 
---
2 20 17.824835526315788 5.0 5
7 7 12 8 2 1 0.21544600582761353 
12 0 8 2 2 1 0.13600368262937712 
2 2 1 4 2 0 0.6326213284228728 
11 4 1 2 4 0 0.2097645711119065 
4 11 7 4 2 0 0.4055561376843475 
---
2 21 17.434210526315788 6.0 5
12 4 13 0 13 1 0.9029283308781322 
4 11 7 4 2 0 0.4055561376843475 
12 0 8 2 2 1 0.13600368262937712 
11 4 1 2 4 0 0.2097645711119065 
7 7 12 8 2 1 0.21544600582761353 
2 2 1 4 2 0 0.6326213284228728 
---
2 22 16.879111842105264 7.0 5
11 4 1 2 4 0 0.2097645711119065 
2 2 1 4 2 0 0.6326213284228728 
12 0 8 2 2 1 0.13600368262937712 
7 7 12 8 2 1 0.21544600582761353 
11 1 1 2 7 0 0.21148050705394938 
11 12 1 13 10 1 0.4137341386174096 
12 4 13 0 13 1 0.9029283308781322 
---
2 23 16.50904605263158 8.0 5
7 7 12 8 2 1 0.21544600582761353 
12 4 13 0 13 1 0.9029283308781322 
2 2 1 4 2 0 0.6326213284228728 
12 0 8 2 2 1 0.13600368262937712 
4 11 7 4 2 0 0.4055561376843475 
11 12 1 13 10 1 0.4137341386174096 
11 1 1 2 7 0 0.21148050705394938 
11 4 1 2 4 0 0.2097645711119065 
---
2 24 29.420230263157894 1.0 5
2 0 1 2 2 0 0.4523016561631146 
---
2 25 16.40625 9.0 5
7 7 12 8 2 1 0.21544600582761353 
4 11 7 4 2 0 0.4055561376843475 
11 4 1 2 4 0 0.2097645711119065 
2 2 1 4 2 0 0.6326213284228728 
12 0 8 2 2 1 0.13600368262937712 
11 12 1 13 10 1 0.4137341386174096 
12 4 13 0 13 1 0.9029283308781322 
11 7 6 1 10 1 0.7927720873575304 
11 1 1 2 7 0 0.21148050705394938 
---
2 26 21.648848684210524 2.0 5
12 7 0 8 0 1 0.17717128583197517 
2 2 0 1 1 0 0.6366582988720245 
---
2 27 19.366776315789476 3.0 5
7 7 12 8 2 1 0.21544600582761353 
12 0 8 2 2 1 0.13600368262937712 
0 2 1 2 2 0 0.4470612123603437 
---
2 28 18.359375 4.0 5
11 4 1 2 4 0 0.2097645711119065 
7 7 12 8 2 1 0.21544600582761353 
12 0 8 2 2 1 0.13600368262937712 
2 2 1 4 2 0 0.6326213284228728 
---
2 29 17.824835526315788 5.0 5
7 7 12 8 2 1 0.21544600582761353 
12 0 8 2 2 1 0.13600368262937712 
2 2 1 4 2 0 0.6326213284228728 
11 4 1 2 4 0 0.2097645711119065 
4 11 7 4 2 0 0.4055561376843475 
---
2 30 17.434210526315788 6.0 5
11 4 1 2 4 0 0.2097645711119065 
4 11 7 4 2 0 0.4055561376843475 
12 0 8 2 2 1 0.13600368262937712 
2 2 1 4 2 0 0.6326213284228728 
7 7 12 8 2 1 0.21544600582761353 
12 4 13 0 13 1 0.9029283308781322 
---
2 31 16.879111842105264 7.0 5
11 4 1 2 4 0 0.2097645711119065 
2 2 1 4 2 0 0.6326213284228728 
12 0 8 2 2 1 0.13600368262937712 
7 7 12 8 2 1 0.21544600582761353 
11 1 1 2 7 0 0.21148050705394938 
11 12 1 13 10 1 0.4137341386174096 
12 4 13 0 13 1 0.9029283308781322 
---
2 32 16.50904605263158 8.0 5
4 11 7 4 2 0 0.4055561376843475 
12 0 8 2 2 1 0.13600368262937712 
2 2 1 4 2 0 0.6326213284228728 
11 12 1 13 10 1 0.4137341386174096 
11 1 1 2 7 0 0.21148050705394938 
11 4 1 2 4 0 0.2097645711119065 
7 7 12 8 2 1 0.21544600582761353 
12 4 13 0 13 1 0.9029283308781322 
---
2 33 29.420230263157894 1.0 5
2 2 1 2 2 0 0.5194290964511392 
---
2 34 16.40625 9.0 5
7 7 12 8 2 1 0.21544600582761353 
4 11 7 4 2 0 0.4055561376843475 
11 4 1 2 4 0 0.2097645711119065 
2 2 1 4 2 0 0.6326213284228728 
12 0 8 2 2 1 0.13600368262937712 
11 12 1 13 10 1 0.4137341386174096 
12 4 13 0 13 1 0.9029283308781322 
11 7 6 1 10 1 0.7927720873575304 
11 1 1 2 7 0 0.21148050705394938 
---
2 35 21.648848684210524 2.0 5
12 7 0 8 0 1 0.17717128583197517 
2 2 0 1 1 0 0.6366582988720245 
---
2 36 19.366776315789476 3.0 5
12 0 8 2 2 1 0.13600368262937712 
7 7 12 8 2 1 0.21544600582761353 
0 2 1 2 2 0 0.4470612123603437 
---
2 37 18.359375 4.0 5
12 0 8 2 2 1 0.13600368262937712 
7 7 12 8 2 1 0.21544600582761353 
11 4 1 2 4 0 0.2097645711119065 
2 2 1 4 2 0 0.6326213284228728 
---
2 38 17.824835526315788 5.0 5
7 7 12 8 2 1 0.21544600582761353 
12 0 8 2 2 1 0.13600368262937712 
2 2 1 4 2 0 0.6326213284228728 
11 4 1 2 4 0 0.2097645711119065 
4 11 7 4 2 0 0.4055561376843475 
---
2 39 17.434210526315788 6.0 5
11 4 1 2 4 0 0.2097645711119065 
4 11 7 4 2 0 0.4055561376843475 
12 0 8 2 2 1 0.13600368262937712 
2 2 1 4 2 0 0.6326213284228728 
7 7 12 8 2 1 0.21544600582761353 
12 4 13 0 13 1 0.9029283308781322 
---
2 40 16.879111842105264 7.0 5
11 4 1 2 4 0 0.2097645711119065 
2 2 1 4 2 0 0.6326213284228728 
12 0 8 2 2 1 0.13600368262937712 
7 7 12 8 2 1 0.21544600582761353 
11 1 1 2 7 0 0.21148050705394938 
11 12 1 13 10 1 0.4137341386174096 
12 4 13 0 13 1 0.9029283308781322 
---
2 41 16.50904605263158 8.0 5
4 11 7 4 2 0 0.4055561376843475 
12 0 8 2 2 1 0.13600368262937712 
2 2 1 4 2 0 0.6326213284228728 
11 12 1 13 10 1 0.4137341386174096 
11 1 1 2 7 0 0.21148050705394938 
11 4 1 2 4 0 0.2097645711119065 
7 7 12 8 2 1 0.21544600582761353 
12 4 13 0 13 1 0.9029283308781322 
---
2 42 16.40625 9.0 5
7 7 12 8 2 1 0.21544600582761353 
4 11 7 4 2 0 0.4055561376843475 
11 4 1 2 4 0 0.2097645711119065 
2 2 1 4 2 0 0.6326213284228728 
12 0 8 2 2 1 0.13600368262937712 
11 12 1 13 10 1 0.4137341386174096 
12 4 13 0 13 1 0.9029283308781322 
11 7 6 1 10 1 0.7927720873575304 
11 1 1 2 7 0 0.21148050705394938 
---
2 43 21.648848684210524 2.0 5
12 7 0 8 0 1 0.17717128583197517 
2 2 0 1 1 0 0.6366582988720245 
---
2 44 19.366776315789476 3.0 5
12 0 8 2 2 1 0.13600368262937712 
7 7 12 8 2 1 0.21544600582761353 
0 2 1 2 2 0 0.4470612123603437 
---
2 45 18.359375 4.0 5
2 2 1 4 2 0 0.6326213284228728 
11 4 1 2 4 0 0.2097645711119065 
7 7 12 8 2 1 0.21544600582761353 
12 0 8 2 2 1 0.13600368262937712 
---
2 46 17.824835526315788 5.0 5
4 11 7 4 2 0 0.4055561376843475 
7 7 12 8 2 1 0.21544600582761353 
12 0 8 2 2 1 0.13600368262937712 
2 2 1 4 2 0 0.6326213284228728 
11 4 1 2 4 0 0.2097645711119065 
---
2 47 17.434210526315788 6.0 5
7 7 12 8 2 1 0.21544600582761353 
4 11 7 4 2 0 0.4055561376843475 
12 0 8 2 2 1 0.13600368262937712 
11 4 1 2 4 0 0.2097645711119065 
2 2 1 4 2 0 0.6326213284228728 
12 4 13 0 13 1 0.9029283308781322 
---
2 48 16.879111842105264 7.0 5
11 12 1 13 10 1 0.4137341386174096 
11 1 1 2 7 0 0.21148050705394938 
2 2 1 4 2 0 0.6326213284228728 
7 7 12 8 2 1 0.21544600582761353 
12 4 13 0 13 1 0.9029283308781322 
12 0 8 2 2 1 0.13600368262937712 
11 4 1 2 4 0 0.2097645711119065 
---
2 49 16.50904605263158 8.0 5
7 7 12 8 2 1 0.21544600582761353 
12 4 13 0 13 1 0.9029283308781322 
2 2 1 4 2 0 0.6326213284228728 
12 0 8 2 2 1 0.13600368262937712 
4 11 7 4 2 0 0.4055561376843475 
11 12 1 13 10 1 0.4137341386174096 
11 1 1 2 7 0 0.21148050705394938 
11 4 1 2 4 0 0.2097645711119065 
---
2 50 29.420230263157894 1.0 5
2 0 1 2 2 0 0.4523016561631146 
---
2 51 16.40625 9.0 5
7 7 12 8 2 1 0.21544600582761353 
4 11 7 4 2 0 0.4055561376843475 
11 4 1 2 4 0 0.2097645711119065 
2 2 1 4 2 0 0.6326213284228728 
12 0 8 2 2 1 0.13600368262937712 
11 12 1 13 10 1 0.4137341386174096 
12 4 13 0 13 1 0.9029283308781322 
11 7 6 1 10 1 0.7927720873575304 
11 1 1 2 7 0 0.21148050705394938 
---
2 52 21.648848684210524 2.0 5
12 7 0 8 0 1 0.17717128583197517 
2 2 0 1 1 0 0.6366582988720245 
---
2 53 19.366776315789476 3.0 5
12 0 8 2 2 1 0.13600368262937712 
7 7 12 8 2 1 0.21544600582761353 
0 2 1 2 2 0 0.4470612123603437 
---
2 54 18.359375 4.0 5
11 4 1 2 4 0 0.2097645711119065 
12 0 8 2 2 1 0.13600368262937712 
7 7 12 8 2 1 0.21544600582761353 
2 2 1 4 2 0 0.6326213284228728 
---
2 55 17.824835526315788 5.0 5
7 7 12 8 2 1 0.21544600582761353 
12 0 8 2 2 1 0.13600368262937712 
2 2 1 4 2 0 0.6326213284228728 
11 4 1 2 4 0 0.2097645711119065 
4 11 7 4 2 0 0.4055561376843475 
---
2 56 17.434210526315788 6.0 5
7 7 12 8 2 1 0.21544600582761353 
4 11 7 4 2 0 0.4055561376843475 
12 0 8 2 2 1 0.13600368262937712 
11 4 1 2 4 0 0.2097645711119065 
2 2 1 4 2 0 0.6326213284228728 
12 4 13 0 13 1 0.9029283308781322 
---
2 57 16.879111842105264 7.0 5
11 4 1 2 4 0 0.2097645711119065 
2 2 1 4 2 0 0.6326213284228728 
12 0 8 2 2 1 0.13600368262937712 
7 7 12 8 2 1 0.21544600582761353 
11 1 1 2 7 0 0.21148050705394938 
11 12 1 13 10 1 0.4137341386174096 
12 4 13 0 13 1 0.9029283308781322 
---
2 58 16.50904605263158 8.0 5
7 7 12 8 2 1 0.21544600582761353 
12 4 13 0 13 1 0.9029283308781322 
2 2 1 4 2 0 0.6326213284228728 
12 0 8 2 2 1 0.13600368262937712 
4 11 7 4 2 0 0.4055561376843475 
11 12 1 13 10 1 0.4137341386174096 
11 1 1 2 7 0 0.21148050705394938 
11 4 1 2 4 0 0.2097645711119065 
---
2 59 29.420230263157894 1.0 5
2 2 1 2 2 0 0.5194290964511392 
---
2 60 16.40625 9.0 5
7 7 12 8 2 1 0.21544600582761353 
4 11 7 4 2 0 0.4055561376843475 
11 4 1 2 4 0 0.2097645711119065 
2 2 1 4 2 0 0.6326213284228728 
12 0 8 2 2 1 0.13600368262937712 
11 12 1 13 10 1 0.4137341386174096 
12 4 13 0 13 1 0.9029283308781322 
11 7 6 1 10 1 0.7927720873575304 
11 1 1 2 7 0 0.21148050705394938 
---
2 61 21.648848684210524 2.0 5
12 7 0 8 0 1 0.17717128583197517 
2 2 0 1 1 0 0.6366582988720245 
---
2 62 19.366776315789476 3.0 5
12 0 8 2 2 1 0.13600368262937712 
7 7 12 8 2 1 0.21544600582761353 
0 2 1 2 2 0 0.4470612123603437 
---
2 63 18.359375 4.0 5
11 4 1 2 4 0 0.2097645711119065 
7 7 12 8 2 1 0.21544600582761353 
12 0 8 2 2 1 0.13600368262937712 
2 2 1 4 2 0 0.6326213284228728 
---
2 64 17.824835526315788 5.0 5
7 7 12 8 2 1 0.21544600582761353 
12 0 8 2 2 1 0.13600368262937712 
2 2 1 4 2 0 0.6326213284228728 
11 4 1 2 4 0 0.2097645711119065 
4 11 7 4 2 0 0.4055561376843475 
---
2 65 17.434210526315788 6.0 5
2 2 1 4 2 0 0.6326213284228728 
11 4 1 2 4 0 0.2097645711119065 
4 11 7 4 2 0 0.4055561376843475 
12 4 13 0 13 1 0.9029283308781322 
7 7 12 8 2 1 0.21544600582761353 
12 0 8 2 2 1 0.13600368262937712 
---
2 66 16.879111842105264 7.0 5
11 4 1 2 4 0 0.2097645711119065 
2 2 1 4 2 0 0.6326213284228728 
12 0 8 2 2 1 0.13600368262937712 
7 7 12 8 2 1 0.21544600582761353 
11 1 1 2 7 0 0.21148050705394938 
11 12 1 13 10 1 0.4137341386174096 
12 4 13 0 13 1 0.9029283308781322 
---
2 67 16.50904605263158 8.0 5
4 11 7 4 2 0 0.4055561376843475 
12 0 8 2 2 1 0.13600368262937712 
2 2 1 4 2 0 0.6326213284228728 
11 12 1 13 10 1 0.4137341386174096 
11 1 1 2 7 0 0.21148050705394938 
11 4 1 2 4 0 0.2097645711119065 
7 7 12 8 2 1 0.21544600582761353 
12 4 13 0 13 1 0.9029283308781322 
---
2 68 29.420230263157894 1.0 5
2 0 1 2 2 0 0.4523016561631146 
---
2 69 16.40625 9.0 5
11 7 6 1 10 1 0.7927720873575304 
4 11 7 4 2 0 0.4055561376843475 
2 2 1 4 2 0 0.6326213284228728 
12 4 13 0 13 1 0.9029283308781322 
7 7 12 8 2 1 0.21544600582761353 
12 0 8 2 2 1 0.13600368262937712 
11 12 1 13 10 1 0.4137341386174096 
11 4 1 2 4 0 0.2097645711119065 
11 1 1 2 7 0 0.21148050705394938 
---
2 70 21.648848684210524 2.0 5
12 7 0 8 0 1 0.17717128583197517 
2 2 0 1 1 0 0.6366582988720245 
---
2 71 19.366776315789476 3.0 5
12 0 8 2 2 1 0.13600368262937712 
7 7 12 8 2 1 0.21544600582761353 
0 2 1 2 2 0 0.4470612123603437 
---
2 72 18.359375 4.0 5
11 4 1 2 4 0 0.2097645711119065 
12 0 8 2 2 1 0.13600368262937712 
7 7 12 8 2 1 0.21544600582761353 
2 2 1 4 2 0 0.6326213284228728 
---
2 73 17.824835526315788 5.0 5
7 7 12 8 2 1 0.21544600582761353 
4 11 7 4 2 0 0.4055561376843475 
12 0 8 2 2 1 0.13600368262937712 
11 4 1 2 4 0 0.2097645711119065 
2 2 1 4 2 0 0.6326213284228728 
---
2 74 17.434210526315788 6.0 5
12 4 13 0 13 1 0.9029283308781322 
4 11 7 4 2 0 0.4055561376843475 
12 0 8 2 2 1 0.13600368262937712 
2 2 1 4 2 0 0.6326213284228728 
11 4 1 2 4 0 0.2097645711119065 
7 7 12 8 2 1 0.21544600582761353 
---
2 75 16.879111842105264 7.0 5
11 12 1 13 10 1 0.4137341386174096 
11 1 1 2 7 0 0.21148050705394938 
2 2 1 4 2 0 0.6326213284228728 
7 7 12 8 2 1 0.21544600582761353 
12 4 13 0 13 1 0.9029283308781322 
12 0 8 2 2 1 0.13600368262937712 
11 4 1 2 4 0 0.2097645711119065 
---
2 76 16.50904605263158 8.0 5
7 7 12 8 2 1 0.21544600582761353 
12 4 13 0 13 1 0.9029283308781322 
2 2 1 4 2 0 0.6326213284228728 
12 0 8 2 2 1 0.13600368262937712 
4 11 7 4 2 0 0.4055561376843475 
11 12 1 13 10 1 0.4137341386174096 
11 1 1 2 7 0 0.21148050705394938 
11 4 1 2 4 0 0.2097645711119065 
---
2 77 29.420230263157894 1.0 5
2 2 1 2 2 0 0.5194290964511392 
---
2 78 16.40625 9.0 5
11 7 6 1 10 1 0.7927720873575304 
4 11 7 4 2 0 0.4055561376843475 
2 2 1 4 2 0 0.6326213284228728 
12 4 13 0 13 1 0.9029283308781322 
7 7 12 8 2 1 0.21544600582761353 
12 0 8 2 2 1 0.13600368262937712 
11 12 1 13 10 1 0.4137341386174096 
11 4 1 2 4 0 0.2097645711119065 
11 1 1 2 7 0 0.21148050705394938 
---
2 79 21.648848684210524 2.0 5
12 7 0 8 0 1 0.17717128583197517 
2 2 0 1 1 0 0.6366582988720245 
---
2 80 19.366776315789476 3.0 5
7 7 12 8 2 1 0.21544600582761353 
12 0 8 2 2 1 0.13600368262937712 
0 2 1 2 2 0 0.4470612123603437 
---
2 81 18.359375 4.0 5
7 7 12 8 2 1 0.21544600582761353 
12 0 8 2 2 1 0.13600368262937712 
2 2 1 4 2 0 0.6326213284228728 
11 4 1 2 4 0 0.2097645711119065 
---
2 82 17.824835526315788 5.0 5
7 7 12 8 2 1 0.21544600582761353 
12 0 8 2 2 1 0.13600368262937712 
2 2 1 4 2 0 0.6326213284228728 
11 4 1 2 4 0 0.2097645711119065 
4 11 7 4 2 0 0.4055561376843475 
---
2 83 17.434210526315788 6.0 5
11 4 1 2 4 0 0.2097645711119065 
4 11 7 4 2 0 0.4055561376843475 
12 0 8 2 2 1 0.13600368262937712 
2 2 1 4 2 0 0.6326213284228728 
7 7 12 8 2 1 0.21544600582761353 
12 4 13 0 13 1 0.9029283308781322 
---
2 84 16.879111842105264 7.0 5
11 12 1 13 10 1 0.4137341386174096 
11 1 1 2 7 0 0.21148050705394938 
2 2 1 4 2 0 0.6326213284228728 
7 7 12 8 2 1 0.21544600582761353 
12 4 13 0 13 1 0.9029283308781322 
12 0 8 2 2 1 0.13600368262937712 
11 4 1 2 4 0 0.2097645711119065 
---
2 85 16.50904605263158 8.0 5
7 7 12 8 2 1 0.21544600582761353 
12 4 13 0 13 1 0.9029283308781322 
2 2 1 4 2 0 0.6326213284228728 
12 0 8 2 2 1 0.13600368262937712 
4 11 7 4 2 0 0.4055561376843475 
11 12 1 13 10 1 0.4137341386174096 
11 1 1 2 7 0 0.21148050705394938 
11 4 1 2 4 0 0.2097645711119065 
---
2 86 29.420230263157894 1.0 5
2 2 1 4 2 0 0.6326213284228728 
---
2 87 16.40625 9.0 5
7 7 12 8 2 1 0.21544600582761353 
4 11 7 4 2 0 0.4055561376843475 
11 4 1 2 4 0 0.2097645711119065 
2 2 1 4 2 0 0.6326213284228728 
12 0 8 2 2 1 0.13600368262937712 
11 12 1 13 10 1 0.4137341386174096 
12 4 13 0 13 1 0.9029283308781322 
11 7 6 1 10 1 0.7927720873575304 
11 1 1 2 7 0 0.21148050705394938 
---
2 88 21.648848684210524 2.0 5
12 7 0 8 0 1 0.17717128583197517 
2 2 0 1 1 0 0.6366582988720245 
---
2 89 19.366776315789476 3.0 5
12 0 8 2 2 1 0.13600368262937712 
7 7 12 8 2 1 0.21544600582761353 
0 2 1 2 2 0 0.4470612123603437 
---
2 90 18.359375 4.0 5
7 7 12 8 2 1 0.21544600582761353 
12 0 8 2 2 1 0.13600368262937712 
11 4 1 2 4 0 0.2097645711119065 
2 2 1 4 2 0 0.6326213284228728 
---
2 91 17.824835526315788 5.0 5
7 7 12 8 2 1 0.21544600582761353 
4 11 7 4 2 0 0.4055561376843475 
12 0 8 2 2 1 0.13600368262937712 
11 4 1 2 4 0 0.2097645711119065 
2 2 1 4 2 0 0.6326213284228728 
---
2 92 17.434210526315788 6.0 5
7 7 12 8 2 1 0.21544600582761353 
12 0 8 2 2 1 0.13600368262937712 
11 4 1 2 4 0 0.2097645711119065 
4 11 7 4 2 0 0.4055561376843475 
2 2 1 4 2 0 0.6326213284228728 
12 4 13 0 13 1 0.9029283308781322 
---
2 93 16.879111842105264 7.0 5
11 4 1 2 4 0 0.2097645711119065 
2 2 1 4 2 0 0.6326213284228728 
12 0 8 2 2 1 0.13600368262937712 
7 7 12 8 2 1 0.21544600582761353 
11 1 1 2 7 0 0.21148050705394938 
11 12 1 13 10 1 0.4137341386174096 
12 4 13 0 13 1 0.9029283308781322 
---
2 94 16.50904605263158 8.0 5
4 11 7 4 2 0 0.4055561376843475 
12 0 8 2 2 1 0.13600368262937712 
2 2 1 4 2 0 0.6326213284228728 
11 12 1 13 10 1 0.4137341386174096 
11 1 1 2 7 0 0.21148050705394938 
11 4 1 2 4 0 0.2097645711119065 
7 7 12 8 2 1 0.21544600582761353 
12 4 13 0 13 1 0.9029283308781322 
---
2 95 29.420230263157894 1.0 5
2 2 1 4 2 0 0.6326213284228728 
---
2 96 16.40625 9.0 5
7 7 12 8 2 1 0.21544600582761353 
4 11 7 4 2 0 0.4055561376843475 
11 4 1 2 4 0 0.2097645711119065 
2 2 1 4 2 0 0.6326213284228728 
12 0 8 2 2 1 0.13600368262937712 
11 12 1 13 10 1 0.4137341386174096 
12 4 13 0 13 1 0.9029283308781322 
11 7 6 1 10 1 0.7927720873575304 
11 1 1 2 7 0 0.21148050705394938 
---
2 97 21.648848684210524 2.0 5
12 7 0 8 0 1 0.17717128583197517 
2 2 0 1 1 0 0.6366582988720245 
