---
0 0 29.35855263157895 1.0 5
2 2 0 1 2 0 0.5774783381768167 
---
0 1 14.617598684210526 33.0 5
8 12 14 11 7 0 0.25985335024001777 
4 1 12 10 3 0 0.3394465088931423 
4 4 13 5 4 1 0.2517003764453529 
1 10 11 4 13 1 0.47625041054937434 
7 12 0 13 4 1 0.28029729153148875 
13 4 5 2 7 0 0.6453003123113508 
4 11 12 9 11 0 0.15550274560927746 
11 7 13 13 7 0 0.2004895306786184 
4 7 10 13 12 1 0.8277898065703522 
4 1 13 4 2 1 0.20366173293729206 
11 7 13 13 7 0 0.2004895306786184 
11 4 1 13 4 1 0.19941667004725394 
8 1 11 1 4 0 0.968051904672282 
1 9 11 4 2 0 0.8911027548136228 
8 12 7 11 11 0 0.9688501901511655 
7 11 12 9 7 0 0.10270994990246662 
4 7 13 4 2 1 0.26455441135391067 
1 7 14 11 8 1 0.17237133546653927 
2 11 11 2 4 0 0.7776977537967864 
6 4 2 1 12 0 0.3557234856678011 
3 12 13 4 4 0 0.24798873322593507 
8 0 7 13 13 1 0.8114538604302863 
11 4 5 2 7 0 0.37248011984881524 
11 2 13 7 12 0 0.22786258744574195 
11 4 4 13 11 1 0.0914847256885778 
3 12 5 4 7 0 0.5090875608207781 
4 1 13 3 10 1 0.15739048707702996 
12 8 8 13 4 1 0.27931574233607703 
2 1 3 2 4 0 0.8289022634719122 
7 1 6 3 10 1 0.8928305716273308 
0 2 12 13 3 1 0.06447855046751982 
8 0 7 13 7 0 0.657631049830951 
12 1 7 4 13 0 0.3264232129809601 
---
0 2 22.882401315789476 2.0 5
2 2 0 1 1 0 0.6404980095271415 
12 0 8 8 4 1 0.193362662512086 
---
0 3 20.60032894736842 3.0 5
12 7 8 8 4 1 0.3005739006210344 
11 4 5 2 7 0 0.37248011984881524 
2 2 0 2 2 0 0.38992522429495735 
---
0 4 18.277138157894736 4.0 5
11 4 5 2 7 0 0.37248011984881524 
12 7 13 4 2 1 0.36759823856239615 
2 2 7 1 2 0 0.8316043630660281 
7 12 0 13 4 1 0.28029729153148875 
---
0 5 22.882401315789476 2.0 5
2 2 0 1 1 0 0.6404980095271415 
12 0 8 8 4 1 0.193362662512086 
---
0 6 20.60032894736842 3.0 5
12 7 8 8 4 1 0.3005739006210344 
11 4 5 2 7 0 0.37248011984881524 
2 2 0 2 2 0 0.38992522429495735 
---
0 7 18.277138157894736 4.0 5
11 4 5 2 7 0 0.37248011984881524 
12 7 13 4 2 1 0.36759823856239615 
2 2 7 1 2 0 0.8316043630660281 
7 12 0 13 4 1 0.28029729153148875 
---
0 8 17.208059210526315 5.0 5
1 1 11 2 4 0 0.6816592098193581 
8 1 7 2 7 0 0.9449550313139996 
4 7 13 4 2 1 0.26455441135391067 
7 12 0 13 4 1 0.28029729153148875 
11 4 5 2 7 0 0.37248011984881524 
---
0 9 17.208059210526315 5.0 5
1 1 11 2 4 0 0.6816592098193581 
8 1 7 2 7 0 0.9449550313139996 
4 7 13 4 2 1 0.26455441135391067 
7 12 0 13 4 1 0.28029729153148875 
11 4 5 2 7 0 0.37248011984881524 
---
0 10 16.796875 6.0 5
4 7 13 4 2 1 0.26455441135391067 
1 1 11 2 4 0 0.6816592098193581 
8 1 7 2 7 0 0.9449550313139996 
7 12 0 13 4 1 0.28029729153148875 
11 7 13 13 7 0 0.2004895306786184 
11 4 5 2 7 0 0.37248011984881524 
---
0 11 14.679276315789474 25.0 5
13 4 5 2 7 0 0.6453003123113508 
2 1 3 2 4 0 0.8289022634719122 
6 4 2 1 12 0 0.3557234856678011 
8 0 7 13 13 1 0.8114538604302863 
4 7 13 4 2 1 0.26455441135391067 
11 2 13 7 12 0 0.22786258744574195 
4 11 12 9 11 0 0.15550274560927746 
4 4 13 5 4 1 0.2517003764453529 
11 4 5 2 7 0 0.37248011984881524 
12 1 7 4 13 0 0.3264232129809601 
8 12 7 11 11 0 0.9688501901511655 
8 0 7 13 7 0 0.657631049830951 
1 10 11 4 13 1 0.47625041054937434 
2 11 11 2 4 0 0.7776977537967864 
11 4 4 13 11 1 0.0914847256885778 
1 7 14 11 8 1 0.17237133546653927 
8 1 11 1 4 0 0.968051904672282 
11 7 13 13 7 0 0.2004895306786184 
7 12 0 13 4 1 0.28029729153148875 
11 4 1 13 4 1 0.19941667004725394 
4 1 13 4 2 1 0.20366173293729206 
1 9 11 4 2 0 0.8911027548136228 
12 8 8 13 4 1 0.27931574233607703 
7 1 6 3 10 1 0.8928305716273308 
3 12 5 4 7 0 0.5090875608207781 
---
0 12 16.69407894736842 7.0 5
11 7 13 13 7 0 0.2004895306786184 
4 7 13 4 2 1 0.26455441135391067 
1 1 11 2 4 0 0.6816592098193581 
7 12 0 13 4 1 0.28029729153148875 
8 1 7 2 7 0 0.9449550313139996 
11 4 5 2 7 0 0.37248011984881524 
4 1 13 4 2 1 0.20366173293729206 
---
0 13 16.40625 8.0 5
11 4 5 2 7 0 0.37248011984881524 
8 1 7 2 7 0 0.9449550313139996 
4 7 13 4 2 1 0.26455441135391067 
1 1 11 2 4 0 0.6816592098193581 
7 12 0 13 4 1 0.28029729153148875 
11 7 13 13 7 0 0.2004895306786184 
4 1 13 4 2 1 0.20366173293729206 
12 1 7 4 13 0 0.3264232129809601 
---
0 14 16.796875 6.0 5
4 7 13 4 2 1 0.26455441135391067 
1 1 11 2 4 0 0.6816592098193581 
8 1 7 2 7 0 0.9449550313139996 
7 12 0 13 4 1 0.28029729153148875 
11 7 13 13 7 0 0.2004895306786184 
11 4 5 2 7 0 0.37248011984881524 
---
0 15 16.69407894736842 7.0 5
11 7 13 13 7 0 0.2004895306786184 
4 7 13 4 2 1 0.26455441135391067 
1 1 11 2 4 0 0.6816592098193581 
7 12 0 13 4 1 0.28029729153148875 
8 1 7 2 7 0 0.9449550313139996 
11 4 5 2 7 0 0.37248011984881524 
4 1 13 4 2 1 0.20366173293729206 
---
0 16 16.30345394736842 9.0 5
7 12 0 13 4 1 0.28029729153148875 
4 7 13 4 2 1 0.26455441135391067 
11 7 13 13 7 0 0.2004895306786184 
8 1 7 2 7 0 0.9449550313139996 
11 4 5 2 7 0 0.37248011984881524 
4 1 13 4 2 1 0.20366173293729206 
1 1 11 2 4 0 0.6816592098193581 
12 1 7 4 13 0 0.3264232129809601 
7 1 6 3 10 1 0.8928305716273308 
---
0 17 16.036184210526315 10.0 5
11 4 5 2 7 0 0.37248011984881524 
11 7 13 13 7 0 0.2004895306786184 
12 1 7 4 13 0 0.3264232129809601 
7 12 0 13 4 1 0.28029729153148875 
1 1 11 2 4 0 0.6816592098193581 
8 1 7 2 7 0 0.9449550313139996 
4 1 13 4 2 1 0.20366173293729206 
4 7 13 4 2 1 0.26455441135391067 
7 1 6 3 10 1 0.8928305716273308 
13 4 5 2 7 0 0.6453003123113508 
---
0 18 16.40625 8.0 5
11 4 5 2 7 0 0.37248011984881524 
8 1 7 2 7 0 0.9449550313139996 
4 7 13 4 2 1 0.26455441135391067 
1 1 11 2 4 0 0.6816592098193581 
7 12 0 13 4 1 0.28029729153148875 
11 7 13 13 7 0 0.2004895306786184 
4 1 13 4 2 1 0.20366173293729206 
12 1 7 4 13 0 0.3264232129809601 
---
0 19 16.30345394736842 9.0 5
7 12 0 13 4 1 0.28029729153148875 
4 7 13 4 2 1 0.26455441135391067 
11 7 13 13 7 0 0.2004895306786184 
8 1 7 2 7 0 0.9449550313139996 
11 4 5 2 7 0 0.37248011984881524 
4 1 13 4 2 1 0.20366173293729206 
1 1 11 2 4 0 0.6816592098193581 
12 1 7 4 13 0 0.3264232129809601 
7 1 6 3 10 1 0.8928305716273308 
---
0 20 16.036184210526315 10.0 5
7 12 0 13 4 1 0.28029729153148875 
11 4 5 2 7 0 0.37248011984881524 
7 1 6 3 10 1 0.8928305716273308 
12 1 7 4 13 0 0.3264232129809601 
4 1 13 4 2 1 0.20366173293729206 
4 7 13 4 2 1 0.26455441135391067 
11 7 13 13 7 0 0.2004895306786184 
1 1 11 2 4 0 0.6816592098193581 
13 4 5 2 7 0 0.6453003123113508 
8 1 7 2 7 0 0.9449550313139996 
---
0 21 15.666118421052634 12.0 5
11 4 4 13 11 1 0.0914847256885778 
7 12 0 13 4 1 0.28029729153148875 
4 7 13 4 2 1 0.26455441135391067 
7 1 6 3 10 1 0.8928305716273308 
8 1 7 2 7 0 0.9449550313139996 
12 1 7 4 13 0 0.3264232129809601 
4 11 12 9 11 0 0.15550274560927746 
4 1 13 4 2 1 0.20366173293729206 
13 4 5 2 7 0 0.6453003123113508 
11 4 5 2 7 0 0.37248011984881524 
2 1 11 2 4 0 0.8467137652845522 
11 7 13 13 7 0 0.2004895306786184 
---
0 22 15.398848684210526 13.0 5
4 7 13 4 2 1 0.26455441135391067 
13 4 5 2 7 0 0.6453003123113508 
2 1 11 2 4 0 0.8467137652845522 
4 11 12 9 11 0 0.15550274560927746 
11 4 4 13 11 1 0.0914847256885778 
11 2 13 7 12 0 0.22786258744574195 
4 1 13 4 2 1 0.20366173293729206 
12 1 7 4 13 0 0.3264232129809601 
7 1 6 3 10 1 0.8928305716273308 
11 7 13 13 7 0 0.2004895306786184 
7 12 0 13 4 1 0.28029729153148875 
8 1 7 2 7 0 0.9449550313139996 
11 4 5 2 7 0 0.37248011984881524 
---
0 23 15.768914473684212 11.0 5
11 2 13 7 12 0 0.22786258744574195 
1 1 11 2 4 0 0.6816592098193581 
4 7 13 4 2 1 0.26455441135391067 
11 4 5 2 7 0 0.37248011984881524 
13 4 5 2 7 0 0.6453003123113508 
8 1 7 2 7 0 0.9449550313139996 
4 1 13 4 2 1 0.20366173293729206 
12 1 7 4 13 0 0.3264232129809601 
11 7 13 13 7 0 0.2004895306786184 
7 12 0 13 4 1 0.28029729153148875 
7 1 6 3 10 1 0.8928305716273308 
---
0 24 15.768914473684212 11.0 5
11 2 13 7 12 0 0.22786258744574195 
1 1 11 2 4 0 0.6816592098193581 
4 7 13 4 2 1 0.26455441135391067 
11 4 5 2 7 0 0.37248011984881524 
13 4 5 2 7 0 0.6453003123113508 
8 1 7 2 7 0 0.9449550313139996 
4 1 13 4 2 1 0.20366173293729206 
12 1 7 4 13 0 0.3264232129809601 
11 7 13 13 7 0 0.2004895306786184 
7 12 0 13 4 1 0.28029729153148875 
7 1 6 3 10 1 0.8928305716273308 
---
0 25 15.666118421052634 12.0 5
11 4 4 13 11 1 0.0914847256885778 
7 12 0 13 4 1 0.28029729153148875 
4 7 13 4 2 1 0.26455441135391067 
7 1 6 3 10 1 0.8928305716273308 
8 1 7 2 7 0 0.9449550313139996 
12 1 7 4 13 0 0.3264232129809601 
4 11 12 9 11 0 0.15550274560927746 
4 1 13 4 2 1 0.20366173293729206 
13 4 5 2 7 0 0.6453003123113508 
11 4 5 2 7 0 0.37248011984881524 
2 1 11 2 4 0 0.8467137652845522 
11 7 13 13 7 0 0.2004895306786184 
---
0 26 15.213815789473683 15.0 5
2 1 11 2 4 0 0.8467137652845522 
8 1 7 2 7 0 0.9449550313139996 
4 1 13 4 2 1 0.20366173293729206 
11 7 13 13 7 0 0.2004895306786184 
11 4 4 13 11 1 0.0914847256885778 
4 11 12 9 11 0 0.15550274560927746 
13 4 5 2 7 0 0.6453003123113508 
7 1 6 3 10 1 0.8928305716273308 
4 7 13 4 2 1 0.26455441135391067 
1 7 14 11 8 1 0.17237133546653927 
3 12 5 4 7 0 0.5090875608207781 
12 1 7 4 13 0 0.3264232129809601 
3 12 13 4 4 0 0.24798873322593507 
7 12 0 13 4 1 0.28029729153148875 
11 4 5 2 7 0 0.37248011984881524 
---
0 27 15.193256578947366 16.0 5
3 12 5 4 7 0 0.5090875608207781 
1 10 11 4 13 1 0.47625041054937434 
4 11 12 9 11 0 0.15550274560927746 
3 12 13 4 4 0 0.24798873322593507 
7 12 0 13 4 1 0.28029729153148875 
4 7 13 4 2 1 0.26455441135391067 
1 7 14 11 8 1 0.17237133546653927 
11 4 4 13 11 1 0.0914847256885778 
8 1 7 2 7 0 0.9449550313139996 
11 7 13 13 7 0 0.2004895306786184 
4 1 13 4 2 1 0.20366173293729206 
13 4 5 2 7 0 0.6453003123113508 
7 1 6 3 10 1 0.8928305716273308 
12 1 7 4 13 0 0.3264232129809601 
2 1 11 2 4 0 0.8467137652845522 
11 4 5 2 7 0 0.37248011984881524 
---
0 28 15.131578947368421 17.0 5
7 12 0 13 4 1 0.28029729153148875 
12 1 7 4 13 0 0.3264232129809601 
2 1 3 2 4 0 0.8289022634719122 
1 7 14 11 8 1 0.17237133546653927 
7 1 6 3 10 1 0.8928305716273308 
11 4 5 2 7 0 0.37248011984881524 
11 4 4 13 11 1 0.0914847256885778 
4 11 12 9 11 0 0.15550274560927746 
2 11 11 2 4 0 0.7776977537967864 
11 7 13 13 7 0 0.2004895306786184 
3 12 5 4 7 0 0.5090875608207781 
8 12 7 11 11 0 0.9688501901511655 
13 4 5 2 7 0 0.6453003123113508 
11 2 13 7 12 0 0.22786258744574195 
4 7 13 4 2 1 0.26455441135391067 
4 1 13 4 2 1 0.20366173293729206 
8 0 7 13 7 0 0.657631049830951 
---
0 29 15.398848684210526 13.0 5
4 7 13 4 2 1 0.26455441135391067 
13 4 5 2 7 0 0.6453003123113508 
2 1 11 2 4 0 0.8467137652845522 
4 11 12 9 11 0 0.15550274560927746 
11 4 4 13 11 1 0.0914847256885778 
11 2 13 7 12 0 0.22786258744574195 
4 1 13 4 2 1 0.20366173293729206 
12 1 7 4 13 0 0.3264232129809601 
7 1 6 3 10 1 0.8928305716273308 
11 7 13 13 7 0 0.2004895306786184 
7 12 0 13 4 1 0.28029729153148875 
8 1 7 2 7 0 0.9449550313139996 
11 4 5 2 7 0 0.37248011984881524 
---
0 30 15.028782894736842 18.0 5
11 4 4 13 11 1 0.0914847256885778 
7 12 0 13 4 1 0.28029729153148875 
8 12 7 11 11 0 0.9688501901511655 
11 4 5 2 7 0 0.37248011984881524 
2 11 11 2 4 0 0.7776977537967864 
13 4 5 2 7 0 0.6453003123113508 
12 1 7 4 13 0 0.3264232129809601 
4 7 13 4 2 1 0.26455441135391067 
8 0 7 13 7 0 0.657631049830951 
4 4 13 5 4 1 0.2517003764453529 
1 7 14 11 8 1 0.17237133546653927 
7 1 6 3 10 1 0.8928305716273308 
3 12 5 4 7 0 0.5090875608207781 
2 1 3 2 4 0 0.8289022634719122 
4 11 12 9 11 0 0.15550274560927746 
11 2 13 7 12 0 0.22786258744574195 
11 7 13 13 7 0 0.2004895306786184 
4 1 13 4 2 1 0.20366173293729206 
---
0 31 14.823190789473683 19.0 5
12 1 7 4 13 0 0.3264232129809601 
13 4 5 2 7 0 0.6453003123113508 
2 11 11 2 4 0 0.7776977537967864 
2 1 3 2 4 0 0.8289022634719122 
11 2 13 7 12 0 0.22786258744574195 
12 8 8 13 4 1 0.27931574233607703 
4 7 13 4 2 1 0.26455441135391067 
4 11 12 9 11 0 0.15550274560927746 
4 1 13 4 2 1 0.20366173293729206 
11 7 13 13 7 0 0.2004895306786184 
7 1 6 3 10 1 0.8928305716273308 
11 4 5 2 7 0 0.37248011984881524 
8 12 7 11 11 0 0.9688501901511655 
8 0 7 13 7 0 0.657631049830951 
11 4 4 13 11 1 0.0914847256885778 
3 12 5 4 7 0 0.5090875608207781 
4 4 13 5 4 1 0.2517003764453529 
7 12 0 13 4 1 0.28029729153148875 
1 7 14 11 8 1 0.17237133546653927 
---
0 32 14.679276315789474 25.0 5
13 4 5 2 7 0 0.6453003123113508 
2 1 3 2 4 0 0.8289022634719122 
6 4 2 1 12 0 0.3557234856678011 
8 0 7 13 13 1 0.8114538604302863 
4 7 13 4 2 1 0.26455441135391067 
11 2 13 7 12 0 0.22786258744574195 
4 11 12 9 11 0 0.15550274560927746 
4 4 13 5 4 1 0.2517003764453529 
11 4 5 2 7 0 0.37248011984881524 
12 1 7 4 13 0 0.3264232129809601 
8 12 7 11 11 0 0.9688501901511655 
8 0 7 13 7 0 0.657631049830951 
1 10 11 4 13 1 0.47625041054937434 
2 11 11 2 4 0 0.7776977537967864 
11 4 4 13 11 1 0.0914847256885778 
1 7 14 11 8 1 0.17237133546653927 
8 1 11 1 4 0 0.968051904672282 
11 7 13 13 7 0 0.2004895306786184 
7 12 0 13 4 1 0.28029729153148875 
11 4 1 13 4 1 0.19941667004725394 
4 1 13 4 2 1 0.20366173293729206 
1 9 11 4 2 0 0.8911027548136228 
12 8 8 13 4 1 0.27931574233607703 
7 1 6 3 10 1 0.8928305716273308 
3 12 5 4 7 0 0.5090875608207781 
---
0 33 15.131578947368421 17.0 5
7 12 0 13 4 1 0.28029729153148875 
12 1 7 4 13 0 0.3264232129809601 
2 1 3 2 4 0 0.8289022634719122 
1 7 14 11 8 1 0.17237133546653927 
7 1 6 3 10 1 0.8928305716273308 
11 4 5 2 7 0 0.37248011984881524 
11 4 4 13 11 1 0.0914847256885778 
4 11 12 9 11 0 0.15550274560927746 
2 11 11 2 4 0 0.7776977537967864 
11 7 13 13 7 0 0.2004895306786184 
3 12 5 4 7 0 0.5090875608207781 
8 12 7 11 11 0 0.9688501901511655 
13 4 5 2 7 0 0.6453003123113508 
11 2 13 7 12 0 0.22786258744574195 
4 7 13 4 2 1 0.26455441135391067 
4 1 13 4 2 1 0.20366173293729206 
8 0 7 13 7 0 0.657631049830951 
---
0 34 14.823190789473683 19.0 5
12 1 7 4 13 0 0.3264232129809601 
13 4 5 2 7 0 0.6453003123113508 
2 11 11 2 4 0 0.7776977537967864 
2 1 3 2 4 0 0.8289022634719122 
11 2 13 7 12 0 0.22786258744574195 
12 8 8 13 4 1 0.27931574233607703 
4 7 13 4 2 1 0.26455441135391067 
4 11 12 9 11 0 0.15550274560927746 
4 1 13 4 2 1 0.20366173293729206 
11 7 13 13 7 0 0.2004895306786184 
7 1 6 3 10 1 0.8928305716273308 
11 4 5 2 7 0 0.37248011984881524 
8 12 7 11 11 0 0.9688501901511655 
8 0 7 13 7 0 0.657631049830951 
11 4 4 13 11 1 0.0914847256885778 
3 12 5 4 7 0 0.5090875608207781 
4 4 13 5 4 1 0.2517003764453529 
7 12 0 13 4 1 0.28029729153148875 
1 7 14 11 8 1 0.17237133546653927 
---
0 35 15.028782894736842 18.0 5
11 4 4 13 11 1 0.0914847256885778 
7 12 0 13 4 1 0.28029729153148875 
8 12 7 11 11 0 0.9688501901511655 
11 4 5 2 7 0 0.37248011984881524 
2 11 11 2 4 0 0.7776977537967864 
13 4 5 2 7 0 0.6453003123113508 
12 1 7 4 13 0 0.3264232129809601 
4 7 13 4 2 1 0.26455441135391067 
8 0 7 13 7 0 0.657631049830951 
4 4 13 5 4 1 0.2517003764453529 
1 7 14 11 8 1 0.17237133546653927 
7 1 6 3 10 1 0.8928305716273308 
3 12 5 4 7 0 0.5090875608207781 
2 1 3 2 4 0 0.8289022634719122 
4 11 12 9 11 0 0.15550274560927746 
11 2 13 7 12 0 0.22786258744574195 
11 7 13 13 7 0 0.2004895306786184 
4 1 13 4 2 1 0.20366173293729206 
---
0 36 15.213815789473683 15.0 5
2 1 11 2 4 0 0.8467137652845522 
8 1 7 2 7 0 0.9449550313139996 
4 1 13 4 2 1 0.20366173293729206 
11 7 13 13 7 0 0.2004895306786184 
11 4 4 13 11 1 0.0914847256885778 
4 11 12 9 11 0 0.15550274560927746 
13 4 5 2 7 0 0.6453003123113508 
7 1 6 3 10 1 0.8928305716273308 
4 7 13 4 2 1 0.26455441135391067 
1 7 14 11 8 1 0.17237133546653927 
3 12 5 4 7 0 0.5090875608207781 
12 1 7 4 13 0 0.3264232129809601 
3 12 13 4 4 0 0.24798873322593507 
7 12 0 13 4 1 0.28029729153148875 
11 4 5 2 7 0 0.37248011984881524 
---
0 37 15.193256578947366 16.0 5
3 12 5 4 7 0 0.5090875608207781 
1 10 11 4 13 1 0.47625041054937434 
4 11 12 9 11 0 0.15550274560927746 
3 12 13 4 4 0 0.24798873322593507 
7 12 0 13 4 1 0.28029729153148875 
4 7 13 4 2 1 0.26455441135391067 
1 7 14 11 8 1 0.17237133546653927 
11 4 4 13 11 1 0.0914847256885778 
8 1 7 2 7 0 0.9449550313139996 
11 7 13 13 7 0 0.2004895306786184 
4 1 13 4 2 1 0.20366173293729206 
13 4 5 2 7 0 0.6453003123113508 
7 1 6 3 10 1 0.8928305716273308 
12 1 7 4 13 0 0.3264232129809601 
2 1 11 2 4 0 0.8467137652845522 
11 4 5 2 7 0 0.37248011984881524 
---
0 38 14.638157894736842 27.0 5
8 0 7 13 7 0 0.657631049830951 
7 11 12 9 7 0 0.10270994990246662 
4 1 13 3 10 1 0.15739048707702996 
1 9 11 4 2 0 0.8911027548136228 
4 4 13 5 4 1 0.2517003764453529 
11 2 13 7 12 0 0.22786258744574195 
7 12 0 13 4 1 0.28029729153148875 
4 11 12 9 11 0 0.15550274560927746 
11 4 1 13 4 1 0.19941667004725394 
11 7 13 13 7 0 0.2004895306786184 
8 12 7 11 11 0 0.9688501901511655 
11 4 4 13 11 1 0.0914847256885778 
6 4 2 1 12 0 0.3557234856678011 
13 4 5 2 7 0 0.6453003123113508 
7 1 6 3 10 1 0.8928305716273308 
1 7 14 11 8 1 0.17237133546653927 
8 1 11 1 4 0 0.968051904672282 
11 4 5 2 7 0 0.37248011984881524 
4 1 13 4 2 1 0.20366173293729206 
4 7 13 4 2 1 0.26455441135391067 
2 1 3 2 4 0 0.8289022634719122 
12 8 8 13 4 1 0.27931574233607703 
3 12 5 4 7 0 0.5090875608207781 
8 0 7 13 13 1 0.8114538604302863 
12 1 7 4 13 0 0.3264232129809601 
2 11 11 2 4 0 0.7776977537967864 
1 10 11 4 13 1 0.47625041054937434 
---
0 39 14.658717105263158 26.0 5
3 12 13 4 4 0 0.24798873322593507 
8 0 7 13 7 0 0.657631049830951 
4 11 12 9 11 0 0.15550274560927746 
13 4 5 2 7 0 0.6453003123113508 
12 1 7 4 13 0 0.3264232129809601 
2 1 3 2 4 0 0.8289022634719122 
1 10 11 4 13 1 0.47625041054937434 
1 9 11 4 2 0 0.8911027548136228 
8 12 7 11 11 0 0.9688501901511655 
4 1 13 4 2 1 0.20366173293729206 
1 7 14 11 8 1 0.17237133546653927 
7 1 6 3 10 1 0.8928305716273308 
12 8 8 13 4 1 0.27931574233607703 
11 4 1 13 4 1 0.19941667004725394 
6 4 2 1 12 0 0.3557234856678011 
2 11 11 2 4 0 0.7776977537967864 
4 7 13 4 2 1 0.26455441135391067 
11 4 5 2 7 0 0.37248011984881524 
7 12 0 13 4 1 0.28029729153148875 
3 12 5 4 7 0 0.5090875608207781 
4 4 13 5 4 1 0.2517003764453529 
11 2 13 7 12 0 0.22786258744574195 
11 4 4 13 11 1 0.0914847256885778 
11 7 13 13 7 0 0.2004895306786184 
8 0 7 13 13 1 0.8114538604302863 
8 1 11 1 4 0 0.968051904672282 
---
0 40 14.658717105263158 26.0 5
3 12 13 4 4 0 0.24798873322593507 
8 0 7 13 7 0 0.657631049830951 
4 11 12 9 11 0 0.15550274560927746 
13 4 5 2 7 0 0.6453003123113508 
12 1 7 4 13 0 0.3264232129809601 
2 1 3 2 4 0 0.8289022634719122 
1 10 11 4 13 1 0.47625041054937434 
1 9 11 4 2 0 0.8911027548136228 
8 12 7 11 11 0 0.9688501901511655 
4 1 13 4 2 1 0.20366173293729206 
1 7 14 11 8 1 0.17237133546653927 
7 1 6 3 10 1 0.8928305716273308 
12 8 8 13 4 1 0.27931574233607703 
11 4 1 13 4 1 0.19941667004725394 
6 4 2 1 12 0 0.3557234856678011 
2 11 11 2 4 0 0.7776977537967864 
4 7 13 4 2 1 0.26455441135391067 
11 4 5 2 7 0 0.37248011984881524 
7 12 0 13 4 1 0.28029729153148875 
3 12 5 4 7 0 0.5090875608207781 
4 4 13 5 4 1 0.2517003764453529 
11 2 13 7 12 0 0.22786258744574195 
11 4 4 13 11 1 0.0914847256885778 
11 7 13 13 7 0 0.2004895306786184 
8 0 7 13 13 1 0.8114538604302863 
8 1 11 1 4 0 0.968051904672282 
---
0 41 14.638157894736842 27.0 5
8 0 7 13 7 0 0.657631049830951 
7 11 12 9 7 0 0.10270994990246662 
4 1 13 3 10 1 0.15739048707702996 
1 9 11 4 2 0 0.8911027548136228 
4 4 13 5 4 1 0.2517003764453529 
11 2 13 7 12 0 0.22786258744574195 
7 12 0 13 4 1 0.28029729153148875 
4 11 12 9 11 0 0.15550274560927746 
11 4 1 13 4 1 0.19941667004725394 
11 7 13 13 7 0 0.2004895306786184 
8 12 7 11 11 0 0.9688501901511655 
11 4 4 13 11 1 0.0914847256885778 
6 4 2 1 12 0 0.3557234856678011 
13 4 5 2 7 0 0.6453003123113508 
7 1 6 3 10 1 0.8928305716273308 
1 7 14 11 8 1 0.17237133546653927 
8 1 11 1 4 0 0.968051904672282 
11 4 5 2 7 0 0.37248011984881524 
4 1 13 4 2 1 0.20366173293729206 
4 7 13 4 2 1 0.26455441135391067 
2 1 3 2 4 0 0.8289022634719122 
12 8 8 13 4 1 0.27931574233607703 
3 12 5 4 7 0 0.5090875608207781 
8 0 7 13 13 1 0.8114538604302863 
12 1 7 4 13 0 0.3264232129809601 
2 11 11 2 4 0 0.7776977537967864 
1 10 11 4 13 1 0.47625041054937434 
---
0 42 29.35855263157895 1.0 5
2 2 0 1 2 0 0.5774783381768167 
---
0 43 14.617598684210526 33.0 5
8 12 14 11 7 0 0.25985335024001777 
4 1 12 10 3 0 0.3394465088931423 
4 4 13 5 4 1 0.2517003764453529 
1 10 11 4 13 1 0.47625041054937434 
7 12 0 13 4 1 0.28029729153148875 
13 4 5 2 7 0 0.6453003123113508 
4 11 12 9 11 0 0.15550274560927746 
11 7 13 13 7 0 0.2004895306786184 
4 7 10 13 12 1 0.8277898065703522 
4 1 13 4 2 1 0.20366173293729206 
11 7 13 13 7 0 0.2004895306786184 
11 4 1 13 4 1 0.19941667004725394 
8 1 11 1 4 0 0.968051904672282 
1 9 11 4 2 0 0.8911027548136228 
8 12 7 11 11 0 0.9688501901511655 
7 11 12 9 7 0 0.10270994990246662 
4 7 13 4 2 1 0.26455441135391067 
1 7 14 11 8 1 0.17237133546653927 
2 11 11 2 4 0 0.7776977537967864 
6 4 2 1 12 0 0.3557234856678011 
3 12 13 4 4 0 0.24798873322593507 
8 0 7 13 13 1 0.8114538604302863 
11 4 5 2 7 0 0.37248011984881524 
11 2 13 7 12 0 0.22786258744574195 
11 4 4 13 11 1 0.0914847256885778 
3 12 5 4 7 0 0.5090875608207781 
4 1 13 3 10 1 0.15739048707702996 
12 8 8 13 4 1 0.27931574233607703 
2 1 3 2 4 0 0.8289022634719122 
7 1 6 3 10 1 0.8928305716273308 
0 2 12 13 3 1 0.06447855046751982 
8 0 7 13 7 0 0.657631049830951 
12 1 7 4 13 0 0.3264232129809601 
---
0 44 22.882401315789476 2.0 5
2 2 0 1 1 0 0.6404980095271415 
12 0 8 8 4 1 0.193362662512086 
---
0 45 20.60032894736842 3.0 5
12 7 8 8 4 1 0.3005739006210344 
11 4 5 2 7 0 0.37248011984881524 
2 2 0 2 2 0 0.38992522429495735 
---
0 46 18.277138157894736 4.0 5
11 4 5 2 7 0 0.37248011984881524 
12 7 13 4 2 1 0.36759823856239615 
2 2 7 1 2 0 0.8316043630660281 
7 12 0 13 4 1 0.28029729153148875 
---
0 47 17.208059210526315 5.0 5
1 1 11 2 4 0 0.6816592098193581 
8 1 7 2 7 0 0.9449550313139996 
4 7 13 4 2 1 0.26455441135391067 
7 12 0 13 4 1 0.28029729153148875 
11 4 5 2 7 0 0.37248011984881524 
---
0 48 16.796875 6.0 5
4 7 13 4 2 1 0.26455441135391067 
1 1 11 2 4 0 0.6816592098193581 
8 1 7 2 7 0 0.9449550313139996 
7 12 0 13 4 1 0.28029729153148875 
11 7 13 13 7 0 0.2004895306786184 
11 4 5 2 7 0 0.37248011984881524 
---
0 49 16.69407894736842 7.0 5
11 7 13 13 7 0 0.2004895306786184 
4 7 13 4 2 1 0.26455441135391067 
1 1 11 2 4 0 0.6816592098193581 
7 12 0 13 4 1 0.28029729153148875 
8 1 7 2 7 0 0.9449550313139996 
11 4 5 2 7 0 0.37248011984881524 
4 1 13 4 2 1 0.20366173293729206 
---
0 50 16.40625 8.0 5
7 12 0 13 4 1 0.28029729153148875 
4 1 13 4 2 1 0.20366173293729206 
12 1 7 4 13 0 0.3264232129809601 
11 4 5 2 7 0 0.37248011984881524 
1 1 11 2 4 0 0.6816592098193581 
4 7 13 4 2 1 0.26455441135391067 
11 7 13 13 7 0 0.2004895306786184 
8 1 7 2 7 0 0.9449550313139996 
---
0 51 16.30345394736842 9.0 5
7 12 0 13 4 1 0.28029729153148875 
4 7 13 4 2 1 0.26455441135391067 
11 7 13 13 7 0 0.2004895306786184 
8 1 7 2 7 0 0.9449550313139996 
11 4 5 2 7 0 0.37248011984881524 
4 1 13 4 2 1 0.20366173293729206 
1 1 11 2 4 0 0.6816592098193581 
12 1 7 4 13 0 0.3264232129809601 
7 1 6 3 10 1 0.8928305716273308 
---
0 52 16.036184210526315 10.0 5
11 4 5 2 7 0 0.37248011984881524 
11 7 13 13 7 0 0.2004895306786184 
12 1 7 4 13 0 0.3264232129809601 
7 12 0 13 4 1 0.28029729153148875 
1 1 11 2 4 0 0.6816592098193581 
8 1 7 2 7 0 0.9449550313139996 
4 1 13 4 2 1 0.20366173293729206 
4 7 13 4 2 1 0.26455441135391067 
7 1 6 3 10 1 0.8928305716273308 
13 4 5 2 7 0 0.6453003123113508 
---
0 53 15.768914473684212 11.0 5
11 2 13 7 12 0 0.22786258744574195 
1 1 11 2 4 0 0.6816592098193581 
4 7 13 4 2 1 0.26455441135391067 
11 4 5 2 7 0 0.37248011984881524 
13 4 5 2 7 0 0.6453003123113508 
8 1 7 2 7 0 0.9449550313139996 
4 1 13 4 2 1 0.20366173293729206 
12 1 7 4 13 0 0.3264232129809601 
11 7 13 13 7 0 0.2004895306786184 
7 12 0 13 4 1 0.28029729153148875 
7 1 6 3 10 1 0.8928305716273308 
---
0 54 15.666118421052634 12.0 5
11 4 4 13 11 1 0.0914847256885778 
7 12 0 13 4 1 0.28029729153148875 
4 7 13 4 2 1 0.26455441135391067 
7 1 6 3 10 1 0.8928305716273308 
8 1 7 2 7 0 0.9449550313139996 
12 1 7 4 13 0 0.3264232129809601 
4 11 12 9 11 0 0.15550274560927746 
4 1 13 4 2 1 0.20366173293729206 
13 4 5 2 7 0 0.6453003123113508 
11 4 5 2 7 0 0.37248011984881524 
2 1 11 2 4 0 0.8467137652845522 
11 7 13 13 7 0 0.2004895306786184 
---
0 55 15.398848684210526 13.0 5
4 7 13 4 2 1 0.26455441135391067 
13 4 5 2 7 0 0.6453003123113508 
2 1 11 2 4 0 0.8467137652845522 
4 11 12 9 11 0 0.15550274560927746 
11 4 4 13 11 1 0.0914847256885778 
11 2 13 7 12 0 0.22786258744574195 
4 1 13 4 2 1 0.20366173293729206 
12 1 7 4 13 0 0.3264232129809601 
7 1 6 3 10 1 0.8928305716273308 
11 7 13 13 7 0 0.2004895306786184 
7 12 0 13 4 1 0.28029729153148875 
8 1 7 2 7 0 0.9449550313139996 
11 4 5 2 7 0 0.37248011984881524 
---
0 56 14.679276315789474 25.0 5
13 4 5 2 7 0 0.6453003123113508 
2 1 3 2 4 0 0.8289022634719122 
6 4 2 1 12 0 0.3557234856678011 
8 0 7 13 13 1 0.8114538604302863 
4 7 13 4 2 1 0.26455441135391067 
11 2 13 7 12 0 0.22786258744574195 
4 11 12 9 11 0 0.15550274560927746 
4 4 13 5 4 1 0.2517003764453529 
11 4 5 2 7 0 0.37248011984881524 
12 1 7 4 13 0 0.3264232129809601 
8 12 7 11 11 0 0.9688501901511655 
8 0 7 13 7 0 0.657631049830951 
1 10 11 4 13 1 0.47625041054937434 
2 11 11 2 4 0 0.7776977537967864 
11 4 4 13 11 1 0.0914847256885778 
1 7 14 11 8 1 0.17237133546653927 
8 1 11 1 4 0 0.968051904672282 
11 7 13 13 7 0 0.2004895306786184 
7 12 0 13 4 1 0.28029729153148875 
11 4 1 13 4 1 0.19941667004725394 
4 1 13 4 2 1 0.20366173293729206 
1 9 11 4 2 0 0.8911027548136228 
12 8 8 13 4 1 0.27931574233607703 
7 1 6 3 10 1 0.8928305716273308 
3 12 5 4 7 0 0.5090875608207781 
---
0 57 15.131578947368421 17.0 5
7 12 0 13 4 1 0.28029729153148875 
12 1 7 4 13 0 0.3264232129809601 
2 1 3 2 4 0 0.8289022634719122 
1 7 14 11 8 1 0.17237133546653927 
7 1 6 3 10 1 0.8928305716273308 
11 4 5 2 7 0 0.37248011984881524 
11 4 4 13 11 1 0.0914847256885778 
4 11 12 9 11 0 0.15550274560927746 
2 11 11 2 4 0 0.7776977537967864 
11 7 13 13 7 0 0.2004895306786184 
3 12 5 4 7 0 0.5090875608207781 
8 12 7 11 11 0 0.9688501901511655 
13 4 5 2 7 0 0.6453003123113508 
11 2 13 7 12 0 0.22786258744574195 
4 7 13 4 2 1 0.26455441135391067 
4 1 13 4 2 1 0.20366173293729206 
8 0 7 13 7 0 0.657631049830951 
---
0 58 14.823190789473683 19.0 5
12 1 7 4 13 0 0.3264232129809601 
13 4 5 2 7 0 0.6453003123113508 
2 11 11 2 4 0 0.7776977537967864 
2 1 3 2 4 0 0.8289022634719122 
11 2 13 7 12 0 0.22786258744574195 
12 8 8 13 4 1 0.27931574233607703 
4 7 13 4 2 1 0.26455441135391067 
4 11 12 9 11 0 0.15550274560927746 
4 1 13 4 2 1 0.20366173293729206 
11 7 13 13 7 0 0.2004895306786184 
7 1 6 3 10 1 0.8928305716273308 
11 4 5 2 7 0 0.37248011984881524 
8 12 7 11 11 0 0.9688501901511655 
8 0 7 13 7 0 0.657631049830951 
11 4 4 13 11 1 0.0914847256885778 
3 12 5 4 7 0 0.5090875608207781 
4 4 13 5 4 1 0.2517003764453529 
7 12 0 13 4 1 0.28029729153148875 
1 7 14 11 8 1 0.17237133546653927 
---
0 59 15.028782894736842 18.0 5
11 4 4 13 11 1 0.0914847256885778 
7 12 0 13 4 1 0.28029729153148875 
8 12 7 11 11 0 0.9688501901511655 
11 4 5 2 7 0 0.37248011984881524 
2 11 11 2 4 0 0.7776977537967864 
13 4 5 2 7 0 0.6453003123113508 
12 1 7 4 13 0 0.3264232129809601 
4 7 13 4 2 1 0.26455441135391067 
8 0 7 13 7 0 0.657631049830951 
4 4 13 5 4 1 0.2517003764453529 
1 7 14 11 8 1 0.17237133546653927 
7 1 6 3 10 1 0.8928305716273308 
3 12 5 4 7 0 0.5090875608207781 
2 1 3 2 4 0 0.8289022634719122 
4 11 12 9 11 0 0.15550274560927746 
11 2 13 7 12 0 0.22786258744574195 
11 7 13 13 7 0 0.2004895306786184 
4 1 13 4 2 1 0.20366173293729206 
---
0 60 15.213815789473683 15.0 5
2 1 11 2 4 0 0.8467137652845522 
8 1 7 2 7 0 0.9449550313139996 
4 1 13 4 2 1 0.20366173293729206 
11 7 13 13 7 0 0.2004895306786184 
11 4 4 13 11 1 0.0914847256885778 
4 11 12 9 11 0 0.15550274560927746 
13 4 5 2 7 0 0.6453003123113508 
7 1 6 3 10 1 0.8928305716273308 
4 7 13 4 2 1 0.26455441135391067 
1 7 14 11 8 1 0.17237133546653927 
3 12 5 4 7 0 0.5090875608207781 
12 1 7 4 13 0 0.3264232129809601 
3 12 13 4 4 0 0.24798873322593507 
7 12 0 13 4 1 0.28029729153148875 
11 4 5 2 7 0 0.37248011984881524 
---
0 61 15.193256578947366 16.0 5
3 12 5 4 7 0 0.5090875608207781 
1 10 11 4 13 1 0.47625041054937434 
4 11 12 9 11 0 0.15550274560927746 
3 12 13 4 4 0 0.24798873322593507 
7 12 0 13 4 1 0.28029729153148875 
4 7 13 4 2 1 0.26455441135391067 
1 7 14 11 8 1 0.17237133546653927 
11 4 4 13 11 1 0.0914847256885778 
8 1 7 2 7 0 0.9449550313139996 
11 7 13 13 7 0 0.2004895306786184 
4 1 13 4 2 1 0.20366173293729206 
13 4 5 2 7 0 0.6453003123113508 
7 1 6 3 10 1 0.8928305716273308 
12 1 7 4 13 0 0.3264232129809601 
2 1 11 2 4 0 0.8467137652845522 
11 4 5 2 7 0 0.37248011984881524 
---
0 62 14.638157894736842 27.0 5
8 0 7 13 7 0 0.657631049830951 
7 11 12 9 7 0 0.10270994990246662 
4 1 13 3 10 1 0.15739048707702996 
1 9 11 4 2 0 0.8911027548136228 
4 4 13 5 4 1 0.2517003764453529 
11 2 13 7 12 0 0.22786258744574195 
7 12 0 13 4 1 0.28029729153148875 
4 11 12 9 11 0 0.15550274560927746 
11 4 1 13 4 1 0.19941667004725394 
11 7 13 13 7 0 0.2004895306786184 
8 12 7 11 11 0 0.9688501901511655 
11 4 4 13 11 1 0.0914847256885778 
6 4 2 1 12 0 0.3557234856678011 
13 4 5 2 7 0 0.6453003123113508 
7 1 6 3 10 1 0.8928305716273308 
1 7 14 11 8 1 0.17237133546653927 
8 1 11 1 4 0 0.968051904672282 
11 4 5 2 7 0 0.37248011984881524 
4 1 13 4 2 1 0.20366173293729206 
4 7 13 4 2 1 0.26455441135391067 
2 1 3 2 4 0 0.8289022634719122 
12 8 8 13 4 1 0.27931574233607703 
3 12 5 4 7 0 0.5090875608207781 
8 0 7 13 13 1 0.8114538604302863 
12 1 7 4 13 0 0.3264232129809601 
2 11 11 2 4 0 0.7776977537967864 
1 10 11 4 13 1 0.47625041054937434 
---
0 63 14.658717105263158 26.0 5
3 12 13 4 4 0 0.24798873322593507 
8 0 7 13 7 0 0.657631049830951 
4 11 12 9 11 0 0.15550274560927746 
13 4 5 2 7 0 0.6453003123113508 
12 1 7 4 13 0 0.3264232129809601 
2 1 3 2 4 0 0.8289022634719122 
1 10 11 4 13 1 0.47625041054937434 
1 9 11 4 2 0 0.8911027548136228 
8 12 7 11 11 0 0.9688501901511655 
4 1 13 4 2 1 0.20366173293729206 
1 7 14 11 8 1 0.17237133546653927 
7 1 6 3 10 1 0.8928305716273308 
12 8 8 13 4 1 0.27931574233607703 
11 4 1 13 4 1 0.19941667004725394 
6 4 2 1 12 0 0.3557234856678011 
2 11 11 2 4 0 0.7776977537967864 
4 7 13 4 2 1 0.26455441135391067 
11 4 5 2 7 0 0.37248011984881524 
7 12 0 13 4 1 0.28029729153148875 
3 12 5 4 7 0 0.5090875608207781 
4 4 13 5 4 1 0.2517003764453529 
11 2 13 7 12 0 0.22786258744574195 
11 4 4 13 11 1 0.0914847256885778 
11 7 13 13 7 0 0.2004895306786184 
8 0 7 13 13 1 0.8114538604302863 
8 1 11 1 4 0 0.968051904672282 
---
0 64 29.35855263157895 1.0 5
2 2 0 1 2 0 0.5774783381768167 
---
0 65 14.617598684210526 33.0 5
8 12 14 11 7 0 0.25985335024001777 
4 1 12 10 3 0 0.3394465088931423 
4 4 13 5 4 1 0.2517003764453529 
1 10 11 4 13 1 0.47625041054937434 
7 12 0 13 4 1 0.28029729153148875 
13 4 5 2 7 0 0.6453003123113508 
4 11 12 9 11 0 0.15550274560927746 
11 7 13 13 7 0 0.2004895306786184 
4 7 10 13 12 1 0.8277898065703522 
4 1 13 4 2 1 0.20366173293729206 
11 7 13 13 7 0 0.2004895306786184 
11 4 1 13 4 1 0.19941667004725394 
8 1 11 1 4 0 0.968051904672282 
1 9 11 4 2 0 0.8911027548136228 
8 12 7 11 11 0 0.9688501901511655 
7 11 12 9 7 0 0.10270994990246662 
4 7 13 4 2 1 0.26455441135391067 
1 7 14 11 8 1 0.17237133546653927 
2 11 11 2 4 0 0.7776977537967864 
6 4 2 1 12 0 0.3557234856678011 
3 12 13 4 4 0 0.24798873322593507 
8 0 7 13 13 1 0.8114538604302863 
11 4 5 2 7 0 0.37248011984881524 
11 2 13 7 12 0 0.22786258744574195 
11 4 4 13 11 1 0.0914847256885778 
3 12 5 4 7 0 0.5090875608207781 
4 1 13 3 10 1 0.15739048707702996 
12 8 8 13 4 1 0.27931574233607703 
2 1 3 2 4 0 0.8289022634719122 
7 1 6 3 10 1 0.8928305716273308 
0 2 12 13 3 1 0.06447855046751982 
8 0 7 13 7 0 0.657631049830951 
12 1 7 4 13 0 0.3264232129809601 
---
0 66 22.882401315789476 2.0 5
2 2 0 1 1 0 0.6404980095271415 
12 0 8 8 4 1 0.193362662512086 
---
0 67 20.60032894736842 3.0 5
12 7 8 8 4 1 0.3005739006210344 
11 4 5 2 7 0 0.37248011984881524 
2 2 0 2 2 0 0.38992522429495735 
---
0 68 18.277138157894736 4.0 5
11 4 5 2 7 0 0.37248011984881524 
12 7 13 4 2 1 0.36759823856239615 
2 2 7 1 2 0 0.8316043630660281 
7 12 0 13 4 1 0.28029729153148875 
---
0 69 17.208059210526315 5.0 5
1 1 11 2 4 0 0.6816592098193581 
8 1 7 2 7 0 0.9449550313139996 
4 7 13 4 2 1 0.26455441135391067 
7 12 0 13 4 1 0.28029729153148875 
11 4 5 2 7 0 0.37248011984881524 
---
0 70 16.796875 6.0 5
4 7 13 4 2 1 0.26455441135391067 
1 1 11 2 4 0 0.6816592098193581 
8 1 7 2 7 0 0.9449550313139996 
7 12 0 13 4 1 0.28029729153148875 
11 7 13 13 7 0 0.2004895306786184 
11 4 5 2 7 0 0.37248011984881524 
---
0 71 16.69407894736842 7.0 5
11 7 13 13 7 0 0.2004895306786184 
4 7 13 4 2 1 0.26455441135391067 
1 1 11 2 4 0 0.6816592098193581 
7 12 0 13 4 1 0.28029729153148875 
8 1 7 2 7 0 0.9449550313139996 
11 4 5 2 7 0 0.37248011984881524 
4 1 13 4 2 1 0.20366173293729206 
---
0 72 16.40625 8.0 5
11 4 5 2 7 0 0.37248011984881524 
8 1 7 2 7 0 0.9449550313139996 
4 7 13 4 2 1 0.26455441135391067 
1 1 11 2 4 0 0.6816592098193581 
7 12 0 13 4 1 0.28029729153148875 
11 7 13 13 7 0 0.2004895306786184 
4 1 13 4 2 1 0.20366173293729206 
12 1 7 4 13 0 0.3264232129809601 
---
1 0 16.961348684210524 21.0 5
8 2 7 2 8 0 0.7587026584797256 
11 4 13 2 7 0 0.2655407940577805 
7 4 4 13 1 1 0.24842262424924066 
13 7 2 2 7 0 0.9783191826892002 
2 2 3 2 1 0 0.9033167746942568 
2 11 1 2 4 0 0.39298678373606033 
4 7 13 4 2 1 0.25551915183038765 
12 7 13 4 2 1 0.33690225909308613 
4 7 13 12 2 1 0.3231879129779833 
2 4 8 12 8 1 0.31727022432220875 
4 7 12 2 3 0 0.12895003360284818 
8 2 7 8 1 0 0.8062784965286032 
12 7 13 2 6 1 0.3453498486627393 
7 7 9 1 12 0 0.07576653139580913 
1 2 2 2 2 0 0.1457041798339782 
12 4 8 12 10 1 0.39646088299562643 
2 7 3 10 3 1 0.42342446309038184 
4 7 8 2 6 1 0.16559238685426592 
3 7 7 2 2 0 0.04586834620919733 
7 11 9 12 10 1 0.2012509233934926 
11 13 12 14 3 0 0.9393508308059779 
---
1 1 22.717927631578945 2.0 5
1 2 1 2 4 0 0.4866658209490984 
7 12 0 13 4 1 0.272167125182198 
---
1 2 21.402138157894736 3.0 5
1 2 1 2 4 0 0.4866658209490984 
7 12 0 13 4 1 0.272167125182198 
12 1 13 7 2 1 0.059417256777985816 
---
1 3 18.606085526315788 4.0 5
2 1 7 2 1 0 0.6714121364971224 
12 7 13 4 2 1 0.33690225909308613 
7 4 4 13 1 1 0.24842262424924066 
11 4 13 2 7 0 0.2655407940577805 
---
1 4 22.717927631578945 2.0 5
1 2 1 2 4 0 0.4866658209490984 
7 12 0 13 4 1 0.272167125182198 
---
1 5 21.402138157894736 3.0 5
1 2 1 2 4 0 0.4866658209490984 
7 12 0 13 4 1 0.272167125182198 
12 1 13 7 2 1 0.059417256777985816 
---
1 6 17.228618421052634 15.0 5
12 7 13 2 6 1 0.3453498486627393 
8 2 7 2 1 0 0.890119008670631 
7 4 4 13 1 1 0.24842262424924066 
2 11 1 2 4 0 0.39298678373606033 
12 4 8 12 10 1 0.39646088299562643 
1 2 2 2 2 0 0.1457041798339782 
13 7 2 2 7 0 0.9783191826892002 
2 2 3 2 1 0 0.9033167746942568 
11 4 13 2 7 0 0.2655407940577805 
4 7 13 4 2 1 0.25551915183038765 
7 7 9 1 12 0 0.07576653139580913 
2 7 3 10 3 1 0.42342446309038184 
4 7 12 2 3 0 0.12895003360284818 
2 4 8 12 8 1 0.31727022432220875 
4 7 8 2 6 1 0.16559238685426592 
---
1 7 18.215460526315788 5.0 5
12 7 13 4 2 1 0.33690225909308613 
11 4 13 2 7 0 0.2655407940577805 
7 4 4 13 1 1 0.24842262424924066 
2 2 7 2 1 0 0.7352033942048337 
2 11 1 2 4 0 0.39298678373606033 
---
1 8 18.07154605263158 6.0 5
2 2 7 2 1 0 0.7352033942048337 
7 4 4 13 1 1 0.24842262424924066 
11 4 13 2 7 0 0.2655407940577805 
2 11 1 2 4 0 0.39298678373606033 
12 7 13 4 2 1 0.33690225909308613 
2 4 8 12 8 1 0.31727022432220875 
---
1 9 18.606085526315788 4.0 5
2 1 7 2 1 0 0.6714121364971224 
12 7 13 4 2 1 0.33690225909308613 
7 4 4 13 1 1 0.24842262424924066 
11 4 13 2 7 0 0.2655407940577805 
---
1 10 18.215460526315788 5.0 5
12 7 13 4 2 1 0.33690225909308613 
11 4 13 2 7 0 0.2655407940577805 
7 4 4 13 1 1 0.24842262424924066 
2 2 7 2 1 0 0.7352033942048337 
2 11 1 2 4 0 0.39298678373606033 
---
1 11 18.07154605263158 6.0 5
12 7 13 4 2 1 0.33690225909308613 
2 4 8 12 8 1 0.31727022432220875 
2 2 7 2 1 0 0.7352033942048337 
2 11 1 2 4 0 0.39298678373606033 
11 4 13 2 7 0 0.2655407940577805 
7 4 4 13 1 1 0.24842262424924066 
---
1 12 17.824835526315788 7.0 5
12 7 13 4 2 1 0.33690225909308613 
11 4 13 2 7 0 0.2655407940577805 
2 2 7 2 1 0 0.7352033942048337 
7 4 4 13 1 1 0.24842262424924066 
2 4 8 12 8 1 0.31727022432220875 
2 11 1 2 4 0 0.39298678373606033 
12 7 13 2 6 1 0.3453498486627393 
---
1 13 17.824835526315788 7.0 5
12 7 13 4 2 1 0.33690225909308613 
11 4 13 2 7 0 0.2655407940577805 
2 2 7 2 1 0 0.7352033942048337 
7 4 4 13 1 1 0.24842262424924066 
2 4 8 12 8 1 0.31727022432220875 
2 11 1 2 4 0 0.39298678373606033 
12 7 13 2 6 1 0.3453498486627393 
---
1 14 17.660361842105264 8.0 5
11 4 13 2 7 0 0.2655407940577805 
7 4 4 13 1 1 0.24842262424924066 
12 7 13 2 6 1 0.3453498486627393 
2 11 1 2 4 0 0.39298678373606033 
2 2 7 2 1 0 0.7352033942048337 
12 7 13 4 2 1 0.33690225909308613 
2 4 8 12 8 1 0.31727022432220875 
13 7 2 2 7 0 0.9783191826892002 
---
1 15 17.537006578947366 9.0 5
2 11 1 2 4 0 0.39298678373606033 
13 7 2 2 7 0 0.9783191826892002 
1 2 2 2 2 0 0.1457041798339782 
2 2 7 2 1 0 0.7352033942048337 
7 4 4 13 1 1 0.24842262424924066 
12 7 13 4 2 1 0.33690225909308613 
4 7 8 2 6 1 0.16559238685426592 
11 4 13 2 7 0 0.2655407940577805 
2 4 8 12 8 1 0.31727022432220875 
---
1 16 17.660361842105264 8.0 5
4 7 8 2 6 1 0.16559238685426592 
2 4 8 12 8 1 0.31727022432220875 
13 7 2 2 7 0 0.9783191826892002 
2 11 1 2 4 0 0.39298678373606033 
12 7 13 4 2 1 0.33690225909308613 
11 4 13 2 7 0 0.2655407940577805 
2 2 7 2 1 0 0.7352033942048337 
7 4 4 13 1 1 0.24842262424924066 
---
1 17 17.537006578947366 9.0 5
2 11 1 2 4 0 0.39298678373606033 
13 7 2 2 7 0 0.9783191826892002 
1 2 2 2 2 0 0.1457041798339782 
2 2 7 2 1 0 0.7352033942048337 
7 4 4 13 1 1 0.24842262424924066 
12 7 13 4 2 1 0.33690225909308613 
4 7 8 2 6 1 0.16559238685426592 
11 4 13 2 7 0 0.2655407940577805 
2 4 8 12 8 1 0.31727022432220875 
---
1 18 17.495888157894736 13.0 5
7 4 4 13 1 1 0.24842262424924066 
11 4 13 2 7 0 0.2655407940577805 
7 7 9 1 12 0 0.07576653139580913 
4 7 12 2 3 0 0.12895003360284818 
2 11 1 2 4 0 0.39298678373606033 
12 7 13 2 6 1 0.3453498486627393 
2 2 7 2 1 0 0.7352033942048337 
13 7 2 2 7 0 0.9783191826892002 
4 7 13 4 2 1 0.25551915183038765 
1 2 2 2 2 0 0.1457041798339782 
2 7 3 10 3 1 0.42342446309038184 
4 7 8 2 6 1 0.16559238685426592 
2 4 8 12 8 1 0.31727022432220875 
---
1 19 17.29029605263158 14.0 5
8 2 7 2 1 0 0.890119008670631 
11 4 13 2 7 0 0.2655407940577805 
7 4 4 13 1 1 0.24842262424924066 
13 7 2 2 7 0 0.9783191826892002 
4 7 13 4 2 1 0.25551915183038765 
2 11 1 2 4 0 0.39298678373606033 
2 4 8 12 8 1 0.31727022432220875 
12 7 13 2 6 1 0.3453498486627393 
7 7 9 1 12 0 0.07576653139580913 
4 7 12 2 3 0 0.12895003360284818 
2 2 3 2 1 0 0.9033167746942568 
1 2 2 2 2 0 0.1457041798339782 
2 7 3 10 3 1 0.42342446309038184 
12 4 8 12 10 1 0.39646088299562643 
---
1 20 17.228618421052634 15.0 5
12 7 13 2 6 1 0.3453498486627393 
8 2 7 2 1 0 0.890119008670631 
7 4 4 13 1 1 0.24842262424924066 
2 11 1 2 4 0 0.39298678373606033 
12 4 8 12 10 1 0.39646088299562643 
1 2 2 2 2 0 0.1457041798339782 
13 7 2 2 7 0 0.9783191826892002 
2 2 3 2 1 0 0.9033167746942568 
11 4 13 2 7 0 0.2655407940577805 
4 7 13 4 2 1 0.25551915183038765 
7 7 9 1 12 0 0.07576653139580913 
2 7 3 10 3 1 0.42342446309038184 
4 7 12 2 3 0 0.12895003360284818 
2 4 8 12 8 1 0.31727022432220875 
4 7 8 2 6 1 0.16559238685426592 
---
1 21 17.495888157894736 13.0 5
7 4 4 13 1 1 0.24842262424924066 
11 4 13 2 7 0 0.2655407940577805 
7 7 9 1 12 0 0.07576653139580913 
4 7 12 2 3 0 0.12895003360284818 
2 11 1 2 4 0 0.39298678373606033 
12 7 13 2 6 1 0.3453498486627393 
2 2 7 2 1 0 0.7352033942048337 
13 7 2 2 7 0 0.9783191826892002 
4 7 13 4 2 1 0.25551915183038765 
1 2 2 2 2 0 0.1457041798339782 
2 7 3 10 3 1 0.42342446309038184 
4 7 8 2 6 1 0.16559238685426592 
2 4 8 12 8 1 0.31727022432220875 
---
1 22 17.29029605263158 14.0 5
8 2 7 2 1 0 0.890119008670631 
11 4 13 2 7 0 0.2655407940577805 
7 4 4 13 1 1 0.24842262424924066 
13 7 2 2 7 0 0.9783191826892002 
4 7 13 4 2 1 0.25551915183038765 
2 11 1 2 4 0 0.39298678373606033 
2 4 8 12 8 1 0.31727022432220875 
12 7 13 2 6 1 0.3453498486627393 
7 7 9 1 12 0 0.07576653139580913 
4 7 12 2 3 0 0.12895003360284818 
2 2 3 2 1 0 0.9033167746942568 
1 2 2 2 2 0 0.1457041798339782 
2 7 3 10 3 1 0.42342446309038184 
12 4 8 12 10 1 0.39646088299562643 
---
1 23 16.961348684210524 21.0 5
8 2 7 2 8 0 0.7587026584797256 
11 4 13 2 7 0 0.2655407940577805 
7 4 4 13 1 1 0.24842262424924066 
13 7 2 2 7 0 0.9783191826892002 
2 2 3 2 1 0 0.9033167746942568 
2 11 1 2 4 0 0.39298678373606033 
4 7 13 4 2 1 0.25551915183038765 
12 7 13 4 2 1 0.33690225909308613 
4 7 13 12 2 1 0.3231879129779833 
2 4 8 12 8 1 0.31727022432220875 
4 7 12 2 3 0 0.12895003360284818 
8 2 7 8 1 0 0.8062784965286032 
12 7 13 2 6 1 0.3453498486627393 
7 7 9 1 12 0 0.07576653139580913 
1 2 2 2 2 0 0.1457041798339782 
12 4 8 12 10 1 0.39646088299562643 
2 7 3 10 3 1 0.42342446309038184 
4 7 8 2 6 1 0.16559238685426592 
3 7 7 2 2 0 0.04586834620919733 
7 11 9 12 10 1 0.2012509233934926 
11 13 12 14 3 0 0.9393508308059779 
---
1 24 22.717927631578945 2.0 5
1 2 1 2 4 0 0.4866658209490984 
7 12 0 13 4 1 0.272167125182198 
---
1 25 21.402138157894736 3.0 5
7 12 0 13 4 1 0.272167125182198 
12 1 13 7 2 1 0.059417256777985816 
1 2 1 2 4 0 0.4866658209490984 
---
1 26 18.606085526315788 4.0 5
2 1 7 2 1 0 0.6714121364971224 
12 7 13 4 2 1 0.33690225909308613 
7 4 4 13 1 1 0.24842262424924066 
11 4 13 2 7 0 0.2655407940577805 
---
1 27 18.215460526315788 5.0 5
12 7 13 4 2 1 0.33690225909308613 
11 4 13 2 7 0 0.2655407940577805 
7 4 4 13 1 1 0.24842262424924066 
2 2 7 2 1 0 0.7352033942048337 
2 11 1 2 4 0 0.39298678373606033 
---
1 28 18.07154605263158 6.0 5
12 7 13 4 2 1 0.33690225909308613 
2 4 8 12 8 1 0.31727022432220875 
2 2 7 2 1 0 0.7352033942048337 
2 11 1 2 4 0 0.39298678373606033 
11 4 13 2 7 0 0.2655407940577805 
7 4 4 13 1 1 0.24842262424924066 
---
1 29 17.824835526315788 7.0 5
12 7 13 4 2 1 0.33690225909308613 
11 4 13 2 7 0 0.2655407940577805 
2 2 7 2 1 0 0.7352033942048337 
7 4 4 13 1 1 0.24842262424924066 
2 4 8 12 8 1 0.31727022432220875 
2 11 1 2 4 0 0.39298678373606033 
12 7 13 2 6 1 0.3453498486627393 
---
1 30 17.660361842105264 8.0 5
13 7 2 2 7 0 0.9783191826892002 
2 11 1 2 4 0 0.39298678373606033 
7 4 4 13 1 1 0.24842262424924066 
12 7 13 2 6 1 0.3453498486627393 
2 4 8 12 8 1 0.31727022432220875 
2 2 7 2 1 0 0.7352033942048337 
11 4 13 2 7 0 0.2655407940577805 
12 7 13 4 2 1 0.33690225909308613 
---
1 31 17.537006578947366 9.0 5
2 11 1 2 4 0 0.39298678373606033 
13 7 2 2 7 0 0.9783191826892002 
1 2 2 2 2 0 0.1457041798339782 
2 2 7 2 1 0 0.7352033942048337 
7 4 4 13 1 1 0.24842262424924066 
12 7 13 4 2 1 0.33690225909308613 
4 7 8 2 6 1 0.16559238685426592 
11 4 13 2 7 0 0.2655407940577805 
2 4 8 12 8 1 0.31727022432220875 
---
1 32 17.228618421052634 15.0 5
12 7 13 2 6 1 0.3453498486627393 
8 2 7 2 1 0 0.890119008670631 
7 4 4 13 1 1 0.24842262424924066 
2 11 1 2 4 0 0.39298678373606033 
12 4 8 12 10 1 0.39646088299562643 
1 2 2 2 2 0 0.1457041798339782 
13 7 2 2 7 0 0.9783191826892002 
2 2 3 2 1 0 0.9033167746942568 
11 4 13 2 7 0 0.2655407940577805 
4 7 13 4 2 1 0.25551915183038765 
7 7 9 1 12 0 0.07576653139580913 
2 7 3 10 3 1 0.42342446309038184 
4 7 12 2 3 0 0.12895003360284818 
2 4 8 12 8 1 0.31727022432220875 
4 7 8 2 6 1 0.16559238685426592 
---
1 33 17.495888157894736 13.0 5
7 4 4 13 1 1 0.24842262424924066 
11 4 13 2 7 0 0.2655407940577805 
7 7 9 1 12 0 0.07576653139580913 
4 7 12 2 3 0 0.12895003360284818 
2 11 1 2 4 0 0.39298678373606033 
12 7 13 2 6 1 0.3453498486627393 
2 2 7 2 1 0 0.7352033942048337 
13 7 2 2 7 0 0.9783191826892002 
4 7 13 4 2 1 0.25551915183038765 
1 2 2 2 2 0 0.1457041798339782 
2 7 3 10 3 1 0.42342446309038184 
4 7 8 2 6 1 0.16559238685426592 
2 4 8 12 8 1 0.31727022432220875 
---
1 34 17.29029605263158 14.0 5
8 2 7 2 1 0 0.890119008670631 
11 4 13 2 7 0 0.2655407940577805 
7 4 4 13 1 1 0.24842262424924066 
13 7 2 2 7 0 0.9783191826892002 
4 7 13 4 2 1 0.25551915183038765 
2 11 1 2 4 0 0.39298678373606033 
2 4 8 12 8 1 0.31727022432220875 
12 7 13 2 6 1 0.3453498486627393 
7 7 9 1 12 0 0.07576653139580913 
4 7 12 2 3 0 0.12895003360284818 
2 2 3 2 1 0 0.9033167746942568 
1 2 2 2 2 0 0.1457041798339782 
2 7 3 10 3 1 0.42342446309038184 
12 4 8 12 10 1 0.39646088299562643 
---
1 35 16.961348684210524 21.0 5
8 2 7 2 8 0 0.7587026584797256 
11 4 13 2 7 0 0.2655407940577805 
7 4 4 13 1 1 0.24842262424924066 
13 7 2 2 7 0 0.9783191826892002 
2 2 3 2 1 0 0.9033167746942568 
2 11 1 2 4 0 0.39298678373606033 
4 7 13 4 2 1 0.25551915183038765 
12 7 13 4 2 1 0.33690225909308613 
4 7 13 12 2 1 0.3231879129779833 
2 4 8 12 8 1 0.31727022432220875 
4 7 12 2 3 0 0.12895003360284818 
8 2 7 8 1 0 0.8062784965286032 
12 7 13 2 6 1 0.3453498486627393 
7 7 9 1 12 0 0.07576653139580913 
1 2 2 2 2 0 0.1457041798339782 
12 4 8 12 10 1 0.39646088299562643 
2 7 3 10 3 1 0.42342446309038184 
4 7 8 2 6 1 0.16559238685426592 
3 7 7 2 2 0 0.04586834620919733 
7 11 9 12 10 1 0.2012509233934926 
11 13 12 14 3 0 0.9393508308059779 
---
1 36 22.717927631578945 2.0 5
1 2 1 2 4 0 0.4866658209490984 
7 12 0 13 4 1 0.272167125182198 
---
1 37 21.402138157894736 3.0 5
7 12 0 13 4 1 0.272167125182198 
12 1 13 7 2 1 0.059417256777985816 
1 2 1 2 4 0 0.4866658209490984 
---
1 38 18.606085526315788 4.0 5
2 1 7 2 1 0 0.6714121364971224 
12 7 13 4 2 1 0.33690225909308613 
7 4 4 13 1 1 0.24842262424924066 
11 4 13 2 7 0 0.2655407940577805 
---
1 39 18.215460526315788 5.0 5
12 7 13 4 2 1 0.33690225909308613 
11 4 13 2 7 0 0.2655407940577805 
7 4 4 13 1 1 0.24842262424924066 
2 2 7 2 1 0 0.7352033942048337 
2 11 1 2 4 0 0.39298678373606033 
---
1 40 18.07154605263158 6.0 5
12 7 13 4 2 1 0.33690225909308613 
2 4 8 12 8 1 0.31727022432220875 
2 2 7 2 1 0 0.7352033942048337 
2 11 1 2 4 0 0.39298678373606033 
11 4 13 2 7 0 0.2655407940577805 
7 4 4 13 1 1 0.24842262424924066 
---
1 41 17.824835526315788 7.0 5
12 7 13 4 2 1 0.33690225909308613 
11 4 13 2 7 0 0.2655407940577805 
2 2 7 2 1 0 0.7352033942048337 
7 4 4 13 1 1 0.24842262424924066 
2 4 8 12 8 1 0.31727022432220875 
2 11 1 2 4 0 0.39298678373606033 
12 7 13 2 6 1 0.3453498486627393 
---
1 42 17.660361842105264 8.0 5
13 7 2 2 7 0 0.9783191826892002 
2 11 1 2 4 0 0.39298678373606033 
7 4 4 13 1 1 0.24842262424924066 
12 7 13 2 6 1 0.3453498486627393 
2 4 8 12 8 1 0.31727022432220875 
2 2 7 2 1 0 0.7352033942048337 
11 4 13 2 7 0 0.2655407940577805 
12 7 13 4 2 1 0.33690225909308613 
---
1 43 17.537006578947366 9.0 5
2 11 1 2 4 0 0.39298678373606033 
13 7 2 2 7 0 0.9783191826892002 
1 2 2 2 2 0 0.1457041798339782 
2 2 7 2 1 0 0.7352033942048337 
7 4 4 13 1 1 0.24842262424924066 
12 7 13 4 2 1 0.33690225909308613 
4 7 8 2 6 1 0.16559238685426592 
11 4 13 2 7 0 0.2655407940577805 
2 4 8 12 8 1 0.31727022432220875 
---
1 44 17.228618421052634 15.0 5
12 7 13 2 6 1 0.3453498486627393 
8 2 7 2 1 0 0.890119008670631 
7 4 4 13 1 1 0.24842262424924066 
2 11 1 2 4 0 0.39298678373606033 
12 4 8 12 10 1 0.39646088299562643 
1 2 2 2 2 0 0.1457041798339782 
13 7 2 2 7 0 0.9783191826892002 
2 2 3 2 1 0 0.9033167746942568 
11 4 13 2 7 0 0.2655407940577805 
4 7 13 4 2 1 0.25551915183038765 
7 7 9 1 12 0 0.07576653139580913 
2 7 3 10 3 1 0.42342446309038184 
4 7 12 2 3 0 0.12895003360284818 
2 4 8 12 8 1 0.31727022432220875 
4 7 8 2 6 1 0.16559238685426592 
---
1 45 17.495888157894736 13.0 5
7 4 4 13 1 1 0.24842262424924066 
11 4 13 2 7 0 0.2655407940577805 
7 7 9 1 12 0 0.07576653139580913 
4 7 12 2 3 0 0.12895003360284818 
2 11 1 2 4 0 0.39298678373606033 
12 7 13 2 6 1 0.3453498486627393 
2 2 7 2 1 0 0.7352033942048337 
13 7 2 2 7 0 0.9783191826892002 
4 7 13 4 2 1 0.25551915183038765 
1 2 2 2 2 0 0.1457041798339782 
2 7 3 10 3 1 0.42342446309038184 
4 7 8 2 6 1 0.16559238685426592 
2 4 8 12 8 1 0.31727022432220875 
---
1 46 17.29029605263158 14.0 5
8 2 7 2 1 0 0.890119008670631 
11 4 13 2 7 0 0.2655407940577805 
7 4 4 13 1 1 0.24842262424924066 
13 7 2 2 7 0 0.9783191826892002 
4 7 13 4 2 1 0.25551915183038765 
2 11 1 2 4 0 0.39298678373606033 
2 4 8 12 8 1 0.31727022432220875 
12 7 13 2 6 1 0.3453498486627393 
7 7 9 1 12 0 0.07576653139580913 
4 7 12 2 3 0 0.12895003360284818 
2 2 3 2 1 0 0.9033167746942568 
1 2 2 2 2 0 0.1457041798339782 
2 7 3 10 3 1 0.42342446309038184 
12 4 8 12 10 1 0.39646088299562643 
---
1 47 16.961348684210524 21.0 5
8 2 7 2 8 0 0.7587026584797256 
11 4 13 2 7 0 0.2655407940577805 
7 4 4 13 1 1 0.24842262424924066 
13 7 2 2 7 0 0.9783191826892002 
2 2 3 2 1 0 0.9033167746942568 
2 11 1 2 4 0 0.39298678373606033 
4 7 13 4 2 1 0.25551915183038765 
12 7 13 4 2 1 0.33690225909308613 
4 7 13 12 2 1 0.3231879129779833 
2 4 8 12 8 1 0.31727022432220875 
4 7 12 2 3 0 0.12895003360284818 
8 2 7 8 1 0 0.8062784965286032 
12 7 13 2 6 1 0.3453498486627393 
7 7 9 1 12 0 0.07576653139580913 
1 2 2 2 2 0 0.1457041798339782 
12 4 8 12 10 1 0.39646088299562643 
2 7 3 10 3 1 0.42342446309038184 
4 7 8 2 6 1 0.16559238685426592 
3 7 7 2 2 0 0.04586834620919733 
7 11 9 12 10 1 0.2012509233934926 
11 13 12 14 3 0 0.9393508308059779 
---
1 48 22.717927631578945 2.0 5
1 2 1 2 4 0 0.4866658209490984 
7 12 0 13 4 1 0.272167125182198 
---
1 49 21.402138157894736 3.0 5
7 12 0 13 4 1 0.272167125182198 
12 1 13 7 2 1 0.059417256777985816 
1 2 1 2 4 0 0.4866658209490984 
---
1 50 18.606085526315788 4.0 5
2 1 7 2 1 0 0.6714121364971224 
12 7 13 4 2 1 0.33690225909308613 
7 4 4 13 1 1 0.24842262424924066 
11 4 13 2 7 0 0.2655407940577805 
---
1 51 18.215460526315788 5.0 5
12 7 13 4 2 1 0.33690225909308613 
11 4 13 2 7 0 0.2655407940577805 
7 4 4 13 1 1 0.24842262424924066 
2 2 7 2 1 0 0.7352033942048337 
2 11 1 2 4 0 0.39298678373606033 
---
1 52 18.07154605263158 6.0 5
2 2 7 2 1 0 0.7352033942048337 
7 4 4 13 1 1 0.24842262424924066 
11 4 13 2 7 0 0.2655407940577805 
2 11 1 2 4 0 0.39298678373606033 
12 7 13 4 2 1 0.33690225909308613 
2 4 8 12 8 1 0.31727022432220875 
---
1 53 17.824835526315788 7.0 5
12 7 13 4 2 1 0.33690225909308613 
11 4 13 2 7 0 0.2655407940577805 
2 2 7 2 1 0 0.7352033942048337 
7 4 4 13 1 1 0.24842262424924066 
2 4 8 12 8 1 0.31727022432220875 
2 11 1 2 4 0 0.39298678373606033 
12 7 13 2 6 1 0.3453498486627393 
---
1 54 17.660361842105264 8.0 5
13 7 2 2 7 0 0.9783191826892002 
2 11 1 2 4 0 0.39298678373606033 
7 4 4 13 1 1 0.24842262424924066 
12 7 13 2 6 1 0.3453498486627393 
2 4 8 12 8 1 0.31727022432220875 
2 2 7 2 1 0 0.7352033942048337 
11 4 13 2 7 0 0.2655407940577805 
12 7 13 4 2 1 0.33690225909308613 
---
1 55 17.537006578947366 9.0 5
2 11 1 2 4 0 0.39298678373606033 
13 7 2 2 7 0 0.9783191826892002 
1 2 2 2 2 0 0.1457041798339782 
2 2 7 2 1 0 0.7352033942048337 
7 4 4 13 1 1 0.24842262424924066 
12 7 13 4 2 1 0.33690225909308613 
4 7 8 2 6 1 0.16559238685426592 
11 4 13 2 7 0 0.2655407940577805 
2 4 8 12 8 1 0.31727022432220875 
---
1 56 17.228618421052634 15.0 5
12 7 13 2 6 1 0.3453498486627393 
8 2 7 2 1 0 0.890119008670631 
7 4 4 13 1 1 0.24842262424924066 
2 11 1 2 4 0 0.39298678373606033 
12 4 8 12 10 1 0.39646088299562643 
1 2 2 2 2 0 0.1457041798339782 
13 7 2 2 7 0 0.9783191826892002 
2 2 3 2 1 0 0.9033167746942568 
11 4 13 2 7 0 0.2655407940577805 
4 7 13 4 2 1 0.25551915183038765 
7 7 9 1 12 0 0.07576653139580913 
2 7 3 10 3 1 0.42342446309038184 
4 7 12 2 3 0 0.12895003360284818 
2 4 8 12 8 1 0.31727022432220875 
4 7 8 2 6 1 0.16559238685426592 
---
1 57 17.495888157894736 13.0 5
7 4 4 13 1 1 0.24842262424924066 
11 4 13 2 7 0 0.2655407940577805 
7 7 9 1 12 0 0.07576653139580913 
4 7 12 2 3 0 0.12895003360284818 
2 11 1 2 4 0 0.39298678373606033 
12 7 13 2 6 1 0.3453498486627393 
2 2 7 2 1 0 0.7352033942048337 
13 7 2 2 7 0 0.9783191826892002 
4 7 13 4 2 1 0.25551915183038765 
1 2 2 2 2 0 0.1457041798339782 
2 7 3 10 3 1 0.42342446309038184 
4 7 8 2 6 1 0.16559238685426592 
2 4 8 12 8 1 0.31727022432220875 
---
1 58 17.29029605263158 14.0 5
8 2 7 2 1 0 0.890119008670631 
11 4 13 2 7 0 0.2655407940577805 
7 4 4 13 1 1 0.24842262424924066 
13 7 2 2 7 0 0.9783191826892002 
4 7 13 4 2 1 0.25551915183038765 
2 11 1 2 4 0 0.39298678373606033 
2 4 8 12 8 1 0.31727022432220875 
12 7 13 2 6 1 0.3453498486627393 
7 7 9 1 12 0 0.07576653139580913 
4 7 12 2 3 0 0.12895003360284818 
2 2 3 2 1 0 0.9033167746942568 
1 2 2 2 2 0 0.1457041798339782 
2 7 3 10 3 1 0.42342446309038184 
12 4 8 12 10 1 0.39646088299562643 
---
1 59 29.399671052631575 1.0 5
0 1 1 4 0 0 0.506855452960665 
---
1 60 16.961348684210524 21.0 5
8 2 7 2 8 0 0.7587026584797256 
11 4 13 2 7 0 0.2655407940577805 
7 4 4 13 1 1 0.24842262424924066 
13 7 2 2 7 0 0.9783191826892002 
2 2 3 2 1 0 0.9033167746942568 
2 11 1 2 4 0 0.39298678373606033 
4 7 13 4 2 1 0.25551915183038765 
12 7 13 4 2 1 0.33690225909308613 
4 7 13 12 2 1 0.3231879129779833 
2 4 8 12 8 1 0.31727022432220875 
4 7 12 2 3 0 0.12895003360284818 
8 2 7 8 1 0 0.8062784965286032 
12 7 13 2 6 1 0.3453498486627393 
7 7 9 1 12 0 0.07576653139580913 
1 2 2 2 2 0 0.1457041798339782 
12 4 8 12 10 1 0.39646088299562643 
2 7 3 10 3 1 0.42342446309038184 
4 7 8 2 6 1 0.16559238685426592 
3 7 7 2 2 0 0.04586834620919733 
7 11 9 12 10 1 0.2012509233934926 
11 13 12 14 3 0 0.9393508308059779 
---
1 61 22.717927631578945 2.0 5
1 2 1 2 4 0 0.4866658209490984 
7 12 0 13 4 1 0.272167125182198 
---
1 62 21.402138157894736 3.0 5
1 2 1 2 4 0 0.4866658209490984 
7 12 0 13 4 1 0.272167125182198 
12 1 13 7 2 1 0.059417256777985816 
---
1 63 18.606085526315788 4.0 5
12 7 13 4 2 1 0.33690225909308613 
11 4 13 2 7 0 0.2655407940577805 
2 1 7 2 1 0 0.6714121364971224 
7 4 4 13 1 1 0.24842262424924066 
---
1 64 18.215460526315788 5.0 5
12 7 13 4 2 1 0.33690225909308613 
11 4 13 2 7 0 0.2655407940577805 
7 4 4 13 1 1 0.24842262424924066 
2 2 7 2 1 0 0.7352033942048337 
2 11 1 2 4 0 0.39298678373606033 
---
1 65 18.07154605263158 6.0 5
12 7 13 4 2 1 0.33690225909308613 
2 4 8 12 8 1 0.31727022432220875 
2 2 7 2 1 0 0.7352033942048337 
2 11 1 2 4 0 0.39298678373606033 
11 4 13 2 7 0 0.2655407940577805 
7 4 4 13 1 1 0.24842262424924066 
---
1 66 17.824835526315788 7.0 5
12 7 13 4 2 1 0.33690225909308613 
11 4 13 2 7 0 0.2655407940577805 
2 2 7 2 1 0 0.7352033942048337 
7 4 4 13 1 1 0.24842262424924066 
2 4 8 12 8 1 0.31727022432220875 
2 11 1 2 4 0 0.39298678373606033 
12 7 13 2 6 1 0.3453498486627393 
---
1 67 17.660361842105264 8.0 5
13 7 2 2 7 0 0.9783191826892002 
2 11 1 2 4 0 0.39298678373606033 
7 4 4 13 1 1 0.24842262424924066 
12 7 13 2 6 1 0.3453498486627393 
2 4 8 12 8 1 0.31727022432220875 
2 2 7 2 1 0 0.7352033942048337 
11 4 13 2 7 0 0.2655407940577805 
12 7 13 4 2 1 0.33690225909308613 
---
1 68 17.537006578947366 9.0 5
2 11 1 2 4 0 0.39298678373606033 
13 7 2 2 7 0 0.9783191826892002 
1 2 2 2 2 0 0.1457041798339782 
2 2 7 2 1 0 0.7352033942048337 
7 4 4 13 1 1 0.24842262424924066 
12 7 13 4 2 1 0.33690225909308613 
4 7 8 2 6 1 0.16559238685426592 
11 4 13 2 7 0 0.2655407940577805 
2 4 8 12 8 1 0.31727022432220875 
---
2 0 16.879111842105264 19.0 5
1 7 5 2 7 0 0.17115934168680935 
2 2 2 2 4 0 0.33452061866584004 
11 8 2 13 1 1 0.21601334057512367 
3 11 5 1 1 0 0.32718147815919507 
7 11 9 1 8 1 0.35797544705403883 
1 7 14 7 7 0 0.6342239644921387 
7 8 4 14 1 1 0.6617038855355619 
11 8 2 7 1 0 0.7466424249065322 
1 11 2 2 7 0 0.09770647716847103 
3 11 12 7 12 1 0.13262617060941984 
4 2 8 8 6 1 0.14925712670502467 
7 7 13 4 8 1 0.5026007338825109 
4 4 2 2 2 0 0.11237893228304885 
12 7 8 8 4 1 0.2994321103569193 
7 10 8 2 11 1 0.35117389775723584 
2 4 2 2 4 0 0.2885977377628616 
4 11 11 1 4 0 0.6648507398783456 
7 8 4 13 12 1 0.5365078089023119 
1 12 2 8 6 1 0.1343804169110112 
---
2 1 21.504934210526315 2.0 5
2 4 2 2 4 0 0.2885977377628616 
12 7 8 8 4 1 0.2994321103569193 
---
2 2 20.086348684210524 4.0 5
11 8 2 7 1 0 0.7466424249065322 
7 7 13 4 8 1 0.5026007338825109 
12 7 8 8 4 1 0.2994321103569193 
2 4 2 2 4 0 0.2885977377628616 
---
2 3 19.551809210526315 5.0 5
1 12 2 8 6 1 0.1343804169110112 
11 8 2 7 1 0 0.7466424249065322 
12 7 8 8 4 1 0.2994321103569193 
7 7 13 4 8 1 0.5026007338825109 
2 4 2 2 4 0 0.2885977377628616 
---
2 4 21.504934210526315 2.0 5
2 4 2 2 4 0 0.2885977377628616 
12 7 8 8 4 1 0.2994321103569193 
---
2 5 20.970394736842106 3.0 5
12 7 8 8 4 1 0.2994321103569193 
2 4 2 2 4 0 0.2885977377628616 
11 8 2 5 1 1 0.27132872912445183 
---
2 6 20.970394736842106 3.0 5
12 7 8 8 4 1 0.2994321103569193 
2 4 2 2 4 0 0.2885977377628616 
11 8 2 5 1 1 0.27132872912445183 
---
2 7 20.086348684210524 4.0 5
11 8 2 7 1 0 0.7466424249065322 
7 7 13 4 8 1 0.5026007338825109 
12 7 8 8 4 1 0.2994321103569193 
2 4 2 2 4 0 0.2885977377628616 
---
2 8 19.551809210526315 5.0 5
12 7 8 8 4 1 0.2994321103569193 
2 4 2 2 4 0 0.2885977377628616 
11 8 2 7 1 0 0.7466424249065322 
1 12 2 8 6 1 0.1343804169110112 
7 7 13 4 8 1 0.5026007338825109 
---
2 9 19.181743421052634 6.0 5
11 8 2 7 1 0 0.7466424249065322 
12 7 8 8 4 1 0.2994321103569193 
7 8 4 13 12 1 0.5365078089023119 
2 4 2 2 4 0 0.2885977377628616 
7 7 13 4 8 1 0.5026007338825109 
1 12 2 8 6 1 0.1343804169110112 
---
2 10 19.181743421052634 6.0 5
11 8 2 7 1 0 0.7466424249065322 
12 7 8 8 4 1 0.2994321103569193 
7 8 4 13 12 1 0.5365078089023119 
2 4 2 2 4 0 0.2885977377628616 
7 7 13 4 8 1 0.5026007338825109 
1 12 2 8 6 1 0.1343804169110112 
---
2 11 18.626644736842106 7.0 5
12 7 8 8 4 1 0.2994321103569193 
1 12 2 8 6 1 0.1343804169110112 
7 8 4 13 12 1 0.5365078089023119 
11 8 2 7 1 0 0.7466424249065322 
2 4 2 2 4 0 0.2885977377628616 
4 11 11 1 4 0 0.6648507398783456 
7 7 13 4 8 1 0.5026007338825109 
---
2 12 17.96875 9.0 5
11 8 2 7 1 0 0.7466424249065322 
7 7 13 4 8 1 0.5026007338825109 
4 11 11 1 4 0 0.6648507398783456 
7 8 4 13 12 1 0.5365078089023119 
7 8 4 14 1 1 0.6617038855355619 
12 7 8 8 4 1 0.2994321103569193 
1 7 14 7 7 0 0.6342239644921387 
4 2 8 8 6 1 0.14925712670502467 
2 4 2 2 4 0 0.2885977377628616 
---
2 13 17.824835526315788 10.0 5
7 8 4 14 1 1 0.6617038855355619 
11 8 2 7 1 0 0.7466424249065322 
7 7 13 4 8 1 0.5026007338825109 
7 8 4 13 12 1 0.5365078089023119 
12 7 8 8 4 1 0.2994321103569193 
3 11 12 7 12 1 0.13262617060941984 
4 11 11 1 4 0 0.6648507398783456 
1 11 2 2 7 0 0.09770647716847103 
4 2 8 8 6 1 0.14925712670502467 
2 4 2 2 4 0 0.2885977377628616 
---
2 14 18.626644736842106 7.0 5
12 7 8 8 4 1 0.2994321103569193 
1 12 2 8 6 1 0.1343804169110112 
7 8 4 13 12 1 0.5365078089023119 
11 8 2 7 1 0 0.7466424249065322 
2 4 2 2 4 0 0.2885977377628616 
4 11 11 1 4 0 0.6648507398783456 
7 7 13 4 8 1 0.5026007338825109 
---
2 15 18.338815789473685 8.0 5
4 2 8 8 6 1 0.14925712670502467 
12 7 8 8 4 1 0.2994321103569193 
11 8 2 7 1 0 0.7466424249065322 
7 8 4 14 1 1 0.6617038855355619 
7 8 4 13 12 1 0.5365078089023119 
7 7 13 4 8 1 0.5026007338825109 
2 4 2 2 4 0 0.2885977377628616 
4 11 11 1 4 0 0.6648507398783456 
---
2 16 17.824835526315788 10.0 5
7 8 4 14 1 1 0.6617038855355619 
11 8 2 7 1 0 0.7466424249065322 
7 7 13 4 8 1 0.5026007338825109 
7 8 4 13 12 1 0.5365078089023119 
12 7 8 8 4 1 0.2994321103569193 
3 11 12 7 12 1 0.13262617060941984 
4 11 11 1 4 0 0.6648507398783456 
1 11 2 2 7 0 0.09770647716847103 
4 2 8 8 6 1 0.14925712670502467 
2 4 2 2 4 0 0.2885977377628616 
---
2 17 18.338815789473685 8.0 5
4 2 8 8 6 1 0.14925712670502467 
12 7 8 8 4 1 0.2994321103569193 
11 8 2 7 1 0 0.7466424249065322 
7 8 4 14 1 1 0.6617038855355619 
7 8 4 13 12 1 0.5365078089023119 
7 7 13 4 8 1 0.5026007338825109 
2 4 2 2 4 0 0.2885977377628616 
4 11 11 1 4 0 0.6648507398783456 
---
2 18 17.96875 9.0 5
11 8 2 7 1 0 0.7466424249065322 
7 7 13 4 8 1 0.5026007338825109 
4 11 11 1 4 0 0.6648507398783456 
7 8 4 13 12 1 0.5365078089023119 
7 8 4 14 1 1 0.6617038855355619 
12 7 8 8 4 1 0.2994321103569193 
1 7 14 7 7 0 0.6342239644921387 
4 2 8 8 6 1 0.14925712670502467 
2 4 2 2 4 0 0.2885977377628616 
---
2 19 17.454769736842106 11.0 5
7 8 4 13 12 1 0.5365078089023119 
3 11 12 7 12 1 0.13262617060941984 
1 11 2 2 7 0 0.09770647716847103 
1 7 14 7 7 0 0.6342239644921387 
12 7 8 8 4 1 0.2994321103569193 
4 2 8 8 6 1 0.14925712670502467 
7 8 4 14 1 1 0.6617038855355619 
2 4 2 2 4 0 0.2885977377628616 
11 8 2 7 1 0 0.7466424249065322 
7 7 13 4 8 1 0.5026007338825109 
4 11 11 1 4 0 0.6648507398783456 
---
2 20 17.454769736842106 11.0 5
2 4 2 2 4 0 0.2885977377628616 
7 8 4 14 1 1 0.6617038855355619 
11 8 2 7 1 0 0.7466424249065322 
1 7 14 7 7 0 0.6342239644921387 
7 8 4 13 12 1 0.5365078089023119 
12 7 8 8 4 1 0.2994321103569193 
4 11 11 1 4 0 0.6648507398783456 
4 2 8 8 6 1 0.14925712670502467 
7 7 13 4 8 1 0.5026007338825109 
3 11 12 7 12 1 0.13262617060941984 
1 11 2 2 7 0 0.09770647716847103 
---
2 21 17.331414473684212 12.0 5
3 11 12 7 12 1 0.13262617060941984 
12 7 8 8 4 1 0.2994321103569193 
4 2 8 8 6 1 0.14925712670502467 
2 4 2 2 4 0 0.2885977377628616 
4 4 2 2 2 0 0.11237893228304885 
7 8 4 14 1 1 0.6617038855355619 
1 11 2 2 7 0 0.09770647716847103 
11 8 2 7 1 0 0.7466424249065322 
1 7 14 7 7 0 0.6342239644921387 
4 11 11 1 4 0 0.6648507398783456 
7 8 4 13 12 1 0.5365078089023119 
7 7 13 4 8 1 0.5026007338825109 
---
2 22 17.331414473684212 12.0 5
3 11 12 7 12 1 0.13262617060941984 
12 7 8 8 4 1 0.2994321103569193 
4 2 8 8 6 1 0.14925712670502467 
2 4 2 2 4 0 0.2885977377628616 
4 4 2 2 2 0 0.11237893228304885 
7 8 4 14 1 1 0.6617038855355619 
1 11 2 2 7 0 0.09770647716847103 
11 8 2 7 1 0 0.7466424249065322 
1 7 14 7 7 0 0.6342239644921387 
4 11 11 1 4 0 0.6648507398783456 
7 8 4 13 12 1 0.5365078089023119 
7 7 13 4 8 1 0.5026007338825109 
---
2 23 17.249177631578945 13.0 5
12 7 8 8 4 1 0.2994321103569193 
3 11 12 7 12 1 0.13262617060941984 
2 4 2 2 4 0 0.2885977377628616 
1 11 2 2 7 0 0.09770647716847103 
4 11 11 1 4 0 0.6648507398783456 
7 8 4 14 1 1 0.6617038855355619 
1 7 14 7 7 0 0.6342239644921387 
11 8 2 13 1 1 0.21601334057512367 
7 7 13 4 8 1 0.5026007338825109 
11 8 2 7 1 0 0.7466424249065322 
7 8 4 13 12 1 0.5365078089023119 
4 2 8 8 6 1 0.14925712670502467 
4 4 2 2 2 0 0.11237893228304885 
---
2 24 16.981907894736842 14.0 5
4 2 8 8 6 1 0.14925712670502467 
7 8 4 14 1 1 0.6617038855355619 
7 8 4 13 12 1 0.5365078089023119 
11 8 2 7 1 0 0.7466424249065322 
12 7 8 8 4 1 0.2994321103569193 
3 11 12 7 12 1 0.13262617060941984 
7 7 13 4 8 1 0.5026007338825109 
11 8 2 13 1 1 0.21601334057512367 
1 7 14 7 7 0 0.6342239644921387 
2 4 2 2 4 0 0.2885977377628616 
4 4 2 2 2 0 0.11237893228304885 
4 11 11 1 4 0 0.6648507398783456 
1 11 2 2 7 0 0.09770647716847103 
1 7 5 2 7 0 0.17115934168680935 
---
2 25 17.249177631578945 13.0 5
12 7 8 8 4 1 0.2994321103569193 
3 11 12 7 12 1 0.13262617060941984 
2 4 2 2 4 0 0.2885977377628616 
1 11 2 2 7 0 0.09770647716847103 
4 11 11 1 4 0 0.6648507398783456 
7 8 4 14 1 1 0.6617038855355619 
1 7 14 7 7 0 0.6342239644921387 
11 8 2 13 1 1 0.21601334057512367 
7 7 13 4 8 1 0.5026007338825109 
11 8 2 7 1 0 0.7466424249065322 
7 8 4 13 12 1 0.5365078089023119 
4 2 8 8 6 1 0.14925712670502467 
4 4 2 2 2 0 0.11237893228304885 
---
2 26 16.981907894736842 14.0 5
4 2 8 8 6 1 0.14925712670502467 
7 8 4 14 1 1 0.6617038855355619 
7 8 4 13 12 1 0.5365078089023119 
11 8 2 7 1 0 0.7466424249065322 
12 7 8 8 4 1 0.2994321103569193 
3 11 12 7 12 1 0.13262617060941984 
7 7 13 4 8 1 0.5026007338825109 
11 8 2 13 1 1 0.21601334057512367 
1 7 14 7 7 0 0.6342239644921387 
2 4 2 2 4 0 0.2885977377628616 
4 4 2 2 2 0 0.11237893228304885 
4 11 11 1 4 0 0.6648507398783456 
1 11 2 2 7 0 0.09770647716847103 
1 7 5 2 7 0 0.17115934168680935 
---
2 27 16.940789473684212 15.0 5
7 8 4 13 12 1 0.5365078089023119 
1 7 5 2 7 0 0.17115934168680935 
1 7 14 7 7 0 0.6342239644921387 
4 2 8 8 6 1 0.14925712670502467 
12 7 8 8 4 1 0.2994321103569193 
4 4 2 2 2 0 0.11237893228304885 
7 7 13 4 8 1 0.5026007338825109 
1 11 2 2 7 0 0.09770647716847103 
7 11 9 1 8 1 0.35797544705403883 
2 4 2 2 4 0 0.2885977377628616 
11 8 2 13 1 1 0.21601334057512367 
3 11 12 7 12 1 0.13262617060941984 
7 8 4 14 1 1 0.6617038855355619 
11 8 2 7 1 0 0.7466424249065322 
4 11 11 1 4 0 0.6648507398783456 
---
2 28 16.940789473684212 15.0 5
7 8 4 13 12 1 0.5365078089023119 
1 7 5 2 7 0 0.17115934168680935 
1 7 14 7 7 0 0.6342239644921387 
4 2 8 8 6 1 0.14925712670502467 
12 7 8 8 4 1 0.2994321103569193 
4 4 2 2 2 0 0.11237893228304885 
7 7 13 4 8 1 0.5026007338825109 
1 11 2 2 7 0 0.09770647716847103 
7 11 9 1 8 1 0.35797544705403883 
2 4 2 2 4 0 0.2885977377628616 
11 8 2 13 1 1 0.21601334057512367 
3 11 12 7 12 1 0.13262617060941984 
7 8 4 14 1 1 0.6617038855355619 
11 8 2 7 1 0 0.7466424249065322 
4 11 11 1 4 0 0.6648507398783456 
---
2 29 16.920230263157894 18.0 5
7 8 4 14 1 1 0.6617038855355619 
4 2 8 8 6 1 0.14925712670502467 
7 10 8 2 11 1 0.35117389775723584 
11 8 2 13 1 1 0.21601334057512367 
7 8 4 13 12 1 0.5365078089023119 
4 11 11 1 4 0 0.6648507398783456 
7 7 13 4 8 1 0.5026007338825109 
3 11 12 7 12 1 0.13262617060941984 
1 12 2 8 6 1 0.1343804169110112 
1 11 2 2 7 0 0.09770647716847103 
4 4 2 2 2 0 0.11237893228304885 
7 11 9 1 8 1 0.35797544705403883 
1 7 14 7 7 0 0.6342239644921387 
3 11 5 1 1 0 0.32718147815919507 
12 7 8 8 4 1 0.2994321103569193 
11 8 2 7 1 0 0.7466424249065322 
1 7 5 2 7 0 0.17115934168680935 
2 4 2 2 4 0 0.2885977377628616 
---
2 30 16.920230263157894 18.0 5
7 8 4 14 1 1 0.6617038855355619 
4 2 8 8 6 1 0.14925712670502467 
7 10 8 2 11 1 0.35117389775723584 
11 8 2 13 1 1 0.21601334057512367 
7 8 4 13 12 1 0.5365078089023119 
4 11 11 1 4 0 0.6648507398783456 
7 7 13 4 8 1 0.5026007338825109 
3 11 12 7 12 1 0.13262617060941984 
1 12 2 8 6 1 0.1343804169110112 
1 11 2 2 7 0 0.09770647716847103 
4 4 2 2 2 0 0.11237893228304885 
7 11 9 1 8 1 0.35797544705403883 
1 7 14 7 7 0 0.6342239644921387 
3 11 5 1 1 0 0.32718147815919507 
12 7 8 8 4 1 0.2994321103569193 
11 8 2 7 1 0 0.7466424249065322 
1 7 5 2 7 0 0.17115934168680935 
2 4 2 2 4 0 0.2885977377628616 
---
2 31 29.420230263157894 1.0 5
2 4 0 2 4 0 0.4066601172125295 
---
2 32 16.879111842105264 19.0 5
1 7 5 2 7 0 0.17115934168680935 
2 2 2 2 4 0 0.33452061866584004 
11 8 2 13 1 1 0.21601334057512367 
3 11 5 1 1 0 0.32718147815919507 
7 11 9 1 8 1 0.35797544705403883 
1 7 14 7 7 0 0.6342239644921387 
7 8 4 14 1 1 0.6617038855355619 
11 8 2 7 1 0 0.7466424249065322 
1 11 2 2 7 0 0.09770647716847103 
3 11 12 7 12 1 0.13262617060941984 
4 2 8 8 6 1 0.14925712670502467 
7 7 13 4 8 1 0.5026007338825109 
4 4 2 2 2 0 0.11237893228304885 
12 7 8 8 4 1 0.2994321103569193 
7 10 8 2 11 1 0.35117389775723584 
2 4 2 2 4 0 0.2885977377628616 
4 11 11 1 4 0 0.6648507398783456 
7 8 4 13 12 1 0.5365078089023119 
1 12 2 8 6 1 0.1343804169110112 
---
2 33 21.504934210526315 2.0 5
12 7 8 8 4 1 0.2994321103569193 
2 4 2 2 4 0 0.2885977377628616 
---
2 34 20.970394736842106 3.0 5
12 7 8 8 4 1 0.2994321103569193 
2 4 2 2 4 0 0.2885977377628616 
11 8 2 5 1 1 0.27132872912445183 
---
2 35 20.086348684210524 4.0 5
11 8 2 7 1 0 0.7466424249065322 
7 7 13 4 8 1 0.5026007338825109 
12 7 8 8 4 1 0.2994321103569193 
2 4 2 2 4 0 0.2885977377628616 
---
2 36 19.551809210526315 5.0 5
1 12 2 8 6 1 0.1343804169110112 
11 8 2 7 1 0 0.7466424249065322 
12 7 8 8 4 1 0.2994321103569193 
7 7 13 4 8 1 0.5026007338825109 
2 4 2 2 4 0 0.2885977377628616 
---
2 37 19.181743421052634 6.0 5
12 7 8 8 4 1 0.2994321103569193 
7 8 4 13 12 1 0.5365078089023119 
1 12 2 8 6 1 0.1343804169110112 
7 7 13 4 8 1 0.5026007338825109 
2 4 2 2 4 0 0.2885977377628616 
11 8 2 7 1 0 0.7466424249065322 
---
2 38 18.626644736842106 7.0 5
2 4 2 2 4 0 0.2885977377628616 
7 8 4 13 12 1 0.5365078089023119 
12 7 8 8 4 1 0.2994321103569193 
11 8 2 7 1 0 0.7466424249065322 
1 12 2 8 6 1 0.1343804169110112 
4 11 11 1 4 0 0.6648507398783456 
7 7 13 4 8 1 0.5026007338825109 
---
2 39 17.824835526315788 10.0 5
7 8 4 14 1 1 0.6617038855355619 
11 8 2 7 1 0 0.7466424249065322 
7 7 13 4 8 1 0.5026007338825109 
7 8 4 13 12 1 0.5365078089023119 
12 7 8 8 4 1 0.2994321103569193 
3 11 12 7 12 1 0.13262617060941984 
4 11 11 1 4 0 0.6648507398783456 
1 11 2 2 7 0 0.09770647716847103 
4 2 8 8 6 1 0.14925712670502467 
2 4 2 2 4 0 0.2885977377628616 
---
2 40 18.338815789473685 8.0 5
4 2 8 8 6 1 0.14925712670502467 
12 7 8 8 4 1 0.2994321103569193 
11 8 2 7 1 0 0.7466424249065322 
7 8 4 14 1 1 0.6617038855355619 
7 8 4 13 12 1 0.5365078089023119 
7 7 13 4 8 1 0.5026007338825109 
2 4 2 2 4 0 0.2885977377628616 
4 11 11 1 4 0 0.6648507398783456 
---
2 41 17.96875 9.0 5
4 11 11 1 4 0 0.6648507398783456 
7 8 4 13 12 1 0.5365078089023119 
1 7 14 7 7 0 0.6342239644921387 
7 7 13 4 8 1 0.5026007338825109 
11 8 2 7 1 0 0.7466424249065322 
7 8 4 14 1 1 0.6617038855355619 
4 2 8 8 6 1 0.14925712670502467 
12 7 8 8 4 1 0.2994321103569193 
2 4 2 2 4 0 0.2885977377628616 
---
2 42 17.454769736842106 11.0 5
7 8 4 13 12 1 0.5365078089023119 
3 11 12 7 12 1 0.13262617060941984 
1 11 2 2 7 0 0.09770647716847103 
1 7 14 7 7 0 0.6342239644921387 
12 7 8 8 4 1 0.2994321103569193 
4 2 8 8 6 1 0.14925712670502467 
7 8 4 14 1 1 0.6617038855355619 
2 4 2 2 4 0 0.2885977377628616 
11 8 2 7 1 0 0.7466424249065322 
7 7 13 4 8 1 0.5026007338825109 
4 11 11 1 4 0 0.6648507398783456 
---
2 43 17.331414473684212 12.0 5
3 11 12 7 12 1 0.13262617060941984 
12 7 8 8 4 1 0.2994321103569193 
4 2 8 8 6 1 0.14925712670502467 
2 4 2 2 4 0 0.2885977377628616 
4 4 2 2 2 0 0.11237893228304885 
7 8 4 14 1 1 0.6617038855355619 
1 11 2 2 7 0 0.09770647716847103 
11 8 2 7 1 0 0.7466424249065322 
1 7 14 7 7 0 0.6342239644921387 
4 11 11 1 4 0 0.6648507398783456 
7 8 4 13 12 1 0.5365078089023119 
7 7 13 4 8 1 0.5026007338825109 
---
2 44 17.249177631578945 13.0 5
12 7 8 8 4 1 0.2994321103569193 
3 11 12 7 12 1 0.13262617060941984 
2 4 2 2 4 0 0.2885977377628616 
1 11 2 2 7 0 0.09770647716847103 
4 11 11 1 4 0 0.6648507398783456 
7 8 4 14 1 1 0.6617038855355619 
1 7 14 7 7 0 0.6342239644921387 
11 8 2 13 1 1 0.21601334057512367 
7 7 13 4 8 1 0.5026007338825109 
11 8 2 7 1 0 0.7466424249065322 
7 8 4 13 12 1 0.5365078089023119 
4 2 8 8 6 1 0.14925712670502467 
4 4 2 2 2 0 0.11237893228304885 
---
2 45 16.981907894736842 14.0 5
4 2 8 8 6 1 0.14925712670502467 
7 8 4 14 1 1 0.6617038855355619 
7 8 4 13 12 1 0.5365078089023119 
11 8 2 7 1 0 0.7466424249065322 
12 7 8 8 4 1 0.2994321103569193 
3 11 12 7 12 1 0.13262617060941984 
7 7 13 4 8 1 0.5026007338825109 
11 8 2 13 1 1 0.21601334057512367 
1 7 14 7 7 0 0.6342239644921387 
2 4 2 2 4 0 0.2885977377628616 
4 4 2 2 2 0 0.11237893228304885 
4 11 11 1 4 0 0.6648507398783456 
1 11 2 2 7 0 0.09770647716847103 
1 7 5 2 7 0 0.17115934168680935 
---
2 46 16.940789473684212 15.0 5
7 8 4 13 12 1 0.5365078089023119 
1 7 5 2 7 0 0.17115934168680935 
1 7 14 7 7 0 0.6342239644921387 
4 2 8 8 6 1 0.14925712670502467 
12 7 8 8 4 1 0.2994321103569193 
4 4 2 2 2 0 0.11237893228304885 
7 7 13 4 8 1 0.5026007338825109 
1 11 2 2 7 0 0.09770647716847103 
7 11 9 1 8 1 0.35797544705403883 
2 4 2 2 4 0 0.2885977377628616 
11 8 2 13 1 1 0.21601334057512367 
3 11 12 7 12 1 0.13262617060941984 
7 8 4 14 1 1 0.6617038855355619 
11 8 2 7 1 0 0.7466424249065322 
4 11 11 1 4 0 0.6648507398783456 
---
2 47 16.920230263157894 18.0 5
7 8 4 14 1 1 0.6617038855355619 
4 2 8 8 6 1 0.14925712670502467 
7 10 8 2 11 1 0.35117389775723584 
11 8 2 13 1 1 0.21601334057512367 
7 8 4 13 12 1 0.5365078089023119 
4 11 11 1 4 0 0.6648507398783456 
7 7 13 4 8 1 0.5026007338825109 
3 11 12 7 12 1 0.13262617060941984 
1 12 2 8 6 1 0.1343804169110112 
1 11 2 2 7 0 0.09770647716847103 
4 4 2 2 2 0 0.11237893228304885 
7 11 9 1 8 1 0.35797544705403883 
1 7 14 7 7 0 0.6342239644921387 
3 11 5 1 1 0 0.32718147815919507 
12 7 8 8 4 1 0.2994321103569193 
11 8 2 7 1 0 0.7466424249065322 
1 7 5 2 7 0 0.17115934168680935 
2 4 2 2 4 0 0.2885977377628616 
---
2 48 29.420230263157894 1.0 5
2 1 0 2 4 0 0.3753245347751959 
---
2 49 16.879111842105264 19.0 5
1 7 5 2 7 0 0.17115934168680935 
2 2 2 2 4 0 0.33452061866584004 
11 8 2 13 1 1 0.21601334057512367 
3 11 5 1 1 0 0.32718147815919507 
7 11 9 1 8 1 0.35797544705403883 
1 7 14 7 7 0 0.6342239644921387 
7 8 4 14 1 1 0.6617038855355619 
11 8 2 7 1 0 0.7466424249065322 
1 11 2 2 7 0 0.09770647716847103 
3 11 12 7 12 1 0.13262617060941984 
4 2 8 8 6 1 0.14925712670502467 
7 7 13 4 8 1 0.5026007338825109 
4 4 2 2 2 0 0.11237893228304885 
12 7 8 8 4 1 0.2994321103569193 
7 10 8 2 11 1 0.35117389775723584 
2 4 2 2 4 0 0.2885977377628616 
4 11 11 1 4 0 0.6648507398783456 
7 8 4 13 12 1 0.5365078089023119 
1 12 2 8 6 1 0.1343804169110112 
---
2 50 21.504934210526315 2.0 5
2 4 2 2 4 0 0.2885977377628616 
12 7 8 8 4 1 0.2994321103569193 
---
2 51 20.970394736842106 3.0 5
12 7 8 8 4 1 0.2994321103569193 
2 4 2 2 4 0 0.2885977377628616 
11 8 2 5 1 1 0.27132872912445183 
---
2 52 20.086348684210524 4.0 5
2 4 2 2 4 0 0.2885977377628616 
12 7 8 8 4 1 0.2994321103569193 
11 8 2 7 1 0 0.7466424249065322 
7 7 13 4 8 1 0.5026007338825109 
---
2 53 19.551809210526315 5.0 5
1 12 2 8 6 1 0.1343804169110112 
11 8 2 7 1 0 0.7466424249065322 
12 7 8 8 4 1 0.2994321103569193 
7 7 13 4 8 1 0.5026007338825109 
2 4 2 2 4 0 0.2885977377628616 
---
2 54 19.181743421052634 6.0 5
11 8 2 7 1 0 0.7466424249065322 
12 7 8 8 4 1 0.2994321103569193 
7 8 4 13 12 1 0.5365078089023119 
2 4 2 2 4 0 0.2885977377628616 
7 7 13 4 8 1 0.5026007338825109 
1 12 2 8 6 1 0.1343804169110112 
---
2 55 18.626644736842106 7.0 5
2 4 2 2 4 0 0.2885977377628616 
7 8 4 13 12 1 0.5365078089023119 
12 7 8 8 4 1 0.2994321103569193 
11 8 2 7 1 0 0.7466424249065322 
1 12 2 8 6 1 0.1343804169110112 
4 11 11 1 4 0 0.6648507398783456 
7 7 13 4 8 1 0.5026007338825109 
---
2 56 17.824835526315788 10.0 5
7 8 4 14 1 1 0.6617038855355619 
11 8 2 7 1 0 0.7466424249065322 
7 7 13 4 8 1 0.5026007338825109 
7 8 4 13 12 1 0.5365078089023119 
12 7 8 8 4 1 0.2994321103569193 
3 11 12 7 12 1 0.13262617060941984 
4 11 11 1 4 0 0.6648507398783456 
1 11 2 2 7 0 0.09770647716847103 
4 2 8 8 6 1 0.14925712670502467 
2 4 2 2 4 0 0.2885977377628616 
---
2 57 18.338815789473685 8.0 5
4 2 8 8 6 1 0.14925712670502467 
12 7 8 8 4 1 0.2994321103569193 
11 8 2 7 1 0 0.7466424249065322 
7 8 4 14 1 1 0.6617038855355619 
7 8 4 13 12 1 0.5365078089023119 
7 7 13 4 8 1 0.5026007338825109 
2 4 2 2 4 0 0.2885977377628616 
4 11 11 1 4 0 0.6648507398783456 
---
2 58 17.96875 9.0 5
4 11 11 1 4 0 0.6648507398783456 
7 8 4 13 12 1 0.5365078089023119 
1 7 14 7 7 0 0.6342239644921387 
7 7 13 4 8 1 0.5026007338825109 
11 8 2 7 1 0 0.7466424249065322 
7 8 4 14 1 1 0.6617038855355619 
4 2 8 8 6 1 0.14925712670502467 
12 7 8 8 4 1 0.2994321103569193 
2 4 2 2 4 0 0.2885977377628616 
---
2 59 17.454769736842106 11.0 5
7 8 4 13 12 1 0.5365078089023119 
3 11 12 7 12 1 0.13262617060941984 
1 11 2 2 7 0 0.09770647716847103 
1 7 14 7 7 0 0.6342239644921387 
12 7 8 8 4 1 0.2994321103569193 
4 2 8 8 6 1 0.14925712670502467 
7 8 4 14 1 1 0.6617038855355619 
2 4 2 2 4 0 0.2885977377628616 
11 8 2 7 1 0 0.7466424249065322 
7 7 13 4 8 1 0.5026007338825109 
4 11 11 1 4 0 0.6648507398783456 
---
2 60 17.331414473684212 12.0 5
3 11 12 7 12 1 0.13262617060941984 
12 7 8 8 4 1 0.2994321103569193 
4 2 8 8 6 1 0.14925712670502467 
2 4 2 2 4 0 0.2885977377628616 
4 4 2 2 2 0 0.11237893228304885 
7 8 4 14 1 1 0.6617038855355619 
1 11 2 2 7 0 0.09770647716847103 
11 8 2 7 1 0 0.7466424249065322 
1 7 14 7 7 0 0.6342239644921387 
4 11 11 1 4 0 0.6648507398783456 
7 8 4 13 12 1 0.5365078089023119 
7 7 13 4 8 1 0.5026007338825109 
---
2 61 17.249177631578945 13.0 5
12 7 8 8 4 1 0.2994321103569193 
3 11 12 7 12 1 0.13262617060941984 
2 4 2 2 4 0 0.2885977377628616 
1 11 2 2 7 0 0.09770647716847103 
4 11 11 1 4 0 0.6648507398783456 
7 8 4 14 1 1 0.6617038855355619 
1 7 14 7 7 0 0.6342239644921387 
11 8 2 13 1 1 0.21601334057512367 
7 7 13 4 8 1 0.5026007338825109 
11 8 2 7 1 0 0.7466424249065322 
7 8 4 13 12 1 0.5365078089023119 
4 2 8 8 6 1 0.14925712670502467 
4 4 2 2 2 0 0.11237893228304885 
---
2 62 16.981907894736842 14.0 5
4 2 8 8 6 1 0.14925712670502467 
7 8 4 14 1 1 0.6617038855355619 
7 8 4 13 12 1 0.5365078089023119 
11 8 2 7 1 0 0.7466424249065322 
12 7 8 8 4 1 0.2994321103569193 
3 11 12 7 12 1 0.13262617060941984 
7 7 13 4 8 1 0.5026007338825109 
11 8 2 13 1 1 0.21601334057512367 
1 7 14 7 7 0 0.6342239644921387 
2 4 2 2 4 0 0.2885977377628616 
4 4 2 2 2 0 0.11237893228304885 
4 11 11 1 4 0 0.6648507398783456 
1 11 2 2 7 0 0.09770647716847103 
1 7 5 2 7 0 0.17115934168680935 
---
2 63 16.940789473684212 15.0 5
7 8 4 13 12 1 0.5365078089023119 
1 7 5 2 7 0 0.17115934168680935 
1 7 14 7 7 0 0.6342239644921387 
4 2 8 8 6 1 0.14925712670502467 
12 7 8 8 4 1 0.2994321103569193 
4 4 2 2 2 0 0.11237893228304885 
7 7 13 4 8 1 0.5026007338825109 
1 11 2 2 7 0 0.09770647716847103 
7 11 9 1 8 1 0.35797544705403883 
2 4 2 2 4 0 0.2885977377628616 
11 8 2 13 1 1 0.21601334057512367 
3 11 12 7 12 1 0.13262617060941984 
7 8 4 14 1 1 0.6617038855355619 
11 8 2 7 1 0 0.7466424249065322 
4 11 11 1 4 0 0.6648507398783456 
---
2 64 16.920230263157894 18.0 5
7 8 4 14 1 1 0.6617038855355619 
4 2 8 8 6 1 0.14925712670502467 
7 10 8 2 11 1 0.35117389775723584 
11 8 2 13 1 1 0.21601334057512367 
7 8 4 13 12 1 0.5365078089023119 
4 11 11 1 4 0 0.6648507398783456 
7 7 13 4 8 1 0.5026007338825109 
3 11 12 7 12 1 0.13262617060941984 
1 12 2 8 6 1 0.1343804169110112 
1 11 2 2 7 0 0.09770647716847103 
4 4 2 2 2 0 0.11237893228304885 
7 11 9 1 8 1 0.35797544705403883 
1 7 14 7 7 0 0.6342239644921387 
3 11 5 1 1 0 0.32718147815919507 
12 7 8 8 4 1 0.2994321103569193 
11 8 2 7 1 0 0.7466424249065322 
1 7 5 2 7 0 0.17115934168680935 
2 4 2 2 4 0 0.2885977377628616 
---
2 65 29.420230263157894 1.0 5
2 1 0 2 4 0 0.3753245347751959 
---
2 66 16.879111842105264 19.0 5
1 7 5 2 7 0 0.17115934168680935 
2 2 2 2 4 0 0.33452061866584004 
11 8 2 13 1 1 0.21601334057512367 
3 11 5 1 1 0 0.32718147815919507 
7 11 9 1 8 1 0.35797544705403883 
1 7 14 7 7 0 0.6342239644921387 
7 8 4 14 1 1 0.6617038855355619 
11 8 2 7 1 0 0.7466424249065322 
1 11 2 2 7 0 0.09770647716847103 
3 11 12 7 12 1 0.13262617060941984 
4 2 8 8 6 1 0.14925712670502467 
7 7 13 4 8 1 0.5026007338825109 
4 4 2 2 2 0 0.11237893228304885 
12 7 8 8 4 1 0.2994321103569193 
7 10 8 2 11 1 0.35117389775723584 
2 4 2 2 4 0 0.2885977377628616 
4 11 11 1 4 0 0.6648507398783456 
7 8 4 13 12 1 0.5365078089023119 
1 12 2 8 6 1 0.1343804169110112 
---
2 67 21.504934210526315 2.0 5
2 4 2 2 4 0 0.2885977377628616 
12 7 8 8 4 1 0.2994321103569193 
---
2 68 20.970394736842106 3.0 5
12 7 8 8 4 1 0.2994321103569193 
2 4 2 2 4 0 0.2885977377628616 
11 8 2 5 1 1 0.27132872912445183 
---
2 69 20.086348684210524 4.0 5
2 4 2 2 4 0 0.2885977377628616 
12 7 8 8 4 1 0.2994321103569193 
11 8 2 7 1 0 0.7466424249065322 
7 7 13 4 8 1 0.5026007338825109 
---
2 70 19.551809210526315 5.0 5
1 12 2 8 6 1 0.1343804169110112 
11 8 2 7 1 0 0.7466424249065322 
12 7 8 8 4 1 0.2994321103569193 
7 7 13 4 8 1 0.5026007338825109 
2 4 2 2 4 0 0.2885977377628616 
---
2 71 19.181743421052634 6.0 5
11 8 2 7 1 0 0.7466424249065322 
12 7 8 8 4 1 0.2994321103569193 
7 8 4 13 12 1 0.5365078089023119 
2 4 2 2 4 0 0.2885977377628616 
7 7 13 4 8 1 0.5026007338825109 
1 12 2 8 6 1 0.1343804169110112 
---
2 72 18.626644736842106 7.0 5
12 7 8 8 4 1 0.2994321103569193 
1 12 2 8 6 1 0.1343804169110112 
7 8 4 13 12 1 0.5365078089023119 
11 8 2 7 1 0 0.7466424249065322 
2 4 2 2 4 0 0.2885977377628616 
4 11 11 1 4 0 0.6648507398783456 
7 7 13 4 8 1 0.5026007338825109 
---
2 73 17.824835526315788 10.0 5
7 8 4 14 1 1 0.6617038855355619 
11 8 2 7 1 0 0.7466424249065322 
7 7 13 4 8 1 0.5026007338825109 
7 8 4 13 12 1 0.5365078089023119 
12 7 8 8 4 1 0.2994321103569193 
3 11 12 7 12 1 0.13262617060941984 
4 11 11 1 4 0 0.6648507398783456 
1 11 2 2 7 0 0.09770647716847103 
4 2 8 8 6 1 0.14925712670502467 
2 4 2 2 4 0 0.2885977377628616 
---
2 74 18.338815789473685 8.0 5
4 2 8 8 6 1 0.14925712670502467 
12 7 8 8 4 1 0.2994321103569193 
11 8 2 7 1 0 0.7466424249065322 
7 8 4 14 1 1 0.6617038855355619 
7 8 4 13 12 1 0.5365078089023119 
7 7 13 4 8 1 0.5026007338825109 
2 4 2 2 4 0 0.2885977377628616 
4 11 11 1 4 0 0.6648507398783456 
---
2 75 17.96875 9.0 5
11 8 2 7 1 0 0.7466424249065322 
7 7 13 4 8 1 0.5026007338825109 
4 11 11 1 4 0 0.6648507398783456 
7 8 4 13 12 1 0.5365078089023119 
7 8 4 14 1 1 0.6617038855355619 
12 7 8 8 4 1 0.2994321103569193 
1 7 14 7 7 0 0.6342239644921387 
4 2 8 8 6 1 0.14925712670502467 
2 4 2 2 4 0 0.2885977377628616 
---
2 76 17.454769736842106 11.0 5
7 8 4 13 12 1 0.5365078089023119 
3 11 12 7 12 1 0.13262617060941984 
1 11 2 2 7 0 0.09770647716847103 
1 7 14 7 7 0 0.6342239644921387 
12 7 8 8 4 1 0.2994321103569193 
4 2 8 8 6 1 0.14925712670502467 
7 8 4 14 1 1 0.6617038855355619 
2 4 2 2 4 0 0.2885977377628616 
11 8 2 7 1 0 0.7466424249065322 
7 7 13 4 8 1 0.5026007338825109 
4 11 11 1 4 0 0.6648507398783456 
---
2 77 17.331414473684212 12.0 5
3 11 12 7 12 1 0.13262617060941984 
12 7 8 8 4 1 0.2994321103569193 
4 2 8 8 6 1 0.14925712670502467 
2 4 2 2 4 0 0.2885977377628616 
4 4 2 2 2 0 0.11237893228304885 
7 8 4 14 1 1 0.6617038855355619 
1 11 2 2 7 0 0.09770647716847103 
11 8 2 7 1 0 0.7466424249065322 
1 7 14 7 7 0 0.6342239644921387 
4 11 11 1 4 0 0.6648507398783456 
7 8 4 13 12 1 0.5365078089023119 
7 7 13 4 8 1 0.5026007338825109 
---
2 78 17.249177631578945 13.0 5
12 7 8 8 4 1 0.2994321103569193 
3 11 12 7 12 1 0.13262617060941984 
2 4 2 2 4 0 0.2885977377628616 
1 11 2 2 7 0 0.09770647716847103 
4 11 11 1 4 0 0.6648507398783456 
7 8 4 14 1 1 0.6617038855355619 
1 7 14 7 7 0 0.6342239644921387 
11 8 2 13 1 1 0.21601334057512367 
7 7 13 4 8 1 0.5026007338825109 
11 8 2 7 1 0 0.7466424249065322 
7 8 4 13 12 1 0.5365078089023119 
4 2 8 8 6 1 0.14925712670502467 
4 4 2 2 2 0 0.11237893228304885 
---
2 79 16.981907894736842 14.0 5
4 2 8 8 6 1 0.14925712670502467 
7 8 4 14 1 1 0.6617038855355619 
7 8 4 13 12 1 0.5365078089023119 
11 8 2 7 1 0 0.7466424249065322 
12 7 8 8 4 1 0.2994321103569193 
3 11 12 7 12 1 0.13262617060941984 
7 7 13 4 8 1 0.5026007338825109 
11 8 2 13 1 1 0.21601334057512367 
1 7 14 7 7 0 0.6342239644921387 
2 4 2 2 4 0 0.2885977377628616 
4 4 2 2 2 0 0.11237893228304885 
4 11 11 1 4 0 0.6648507398783456 
1 11 2 2 7 0 0.09770647716847103 
1 7 5 2 7 0 0.17115934168680935 
---
2 80 16.940789473684212 15.0 5
7 8 4 13 12 1 0.5365078089023119 
1 7 5 2 7 0 0.17115934168680935 
1 7 14 7 7 0 0.6342239644921387 
4 2 8 8 6 1 0.14925712670502467 
12 7 8 8 4 1 0.2994321103569193 
4 4 2 2 2 0 0.11237893228304885 
7 7 13 4 8 1 0.5026007338825109 
1 11 2 2 7 0 0.09770647716847103 
7 11 9 1 8 1 0.35797544705403883 
2 4 2 2 4 0 0.2885977377628616 
11 8 2 13 1 1 0.21601334057512367 
3 11 12 7 12 1 0.13262617060941984 
7 8 4 14 1 1 0.6617038855355619 
11 8 2 7 1 0 0.7466424249065322 
4 11 11 1 4 0 0.6648507398783456 
---
2 81 16.920230263157894 18.0 5
7 8 4 14 1 1 0.6617038855355619 
4 2 8 8 6 1 0.14925712670502467 
7 10 8 2 11 1 0.35117389775723584 
11 8 2 13 1 1 0.21601334057512367 
7 8 4 13 12 1 0.5365078089023119 
4 11 11 1 4 0 0.6648507398783456 
7 7 13 4 8 1 0.5026007338825109 
3 11 12 7 12 1 0.13262617060941984 
1 12 2 8 6 1 0.1343804169110112 
1 11 2 2 7 0 0.09770647716847103 
4 4 2 2 2 0 0.11237893228304885 
7 11 9 1 8 1 0.35797544705403883 
1 7 14 7 7 0 0.6342239644921387 
3 11 5 1 1 0 0.32718147815919507 
12 7 8 8 4 1 0.2994321103569193 
11 8 2 7 1 0 0.7466424249065322 
1 7 5 2 7 0 0.17115934168680935 
2 4 2 2 4 0 0.2885977377628616 
---
2 82 29.420230263157894 1.0 5
2 4 0 2 4 0 0.4066601172125295 
---
2 83 16.879111842105264 19.0 5
1 7 5 2 7 0 0.17115934168680935 
2 2 2 2 4 0 0.33452061866584004 
11 8 2 13 1 1 0.21601334057512367 
3 11 5 1 1 0 0.32718147815919507 
7 11 9 1 8 1 0.35797544705403883 
1 7 14 7 7 0 0.6342239644921387 
7 8 4 14 1 1 0.6617038855355619 
11 8 2 7 1 0 0.7466424249065322 
1 11 2 2 7 0 0.09770647716847103 
3 11 12 7 12 1 0.13262617060941984 
4 2 8 8 6 1 0.14925712670502467 
7 7 13 4 8 1 0.5026007338825109 
4 4 2 2 2 0 0.11237893228304885 
12 7 8 8 4 1 0.2994321103569193 
7 10 8 2 11 1 0.35117389775723584 
2 4 2 2 4 0 0.2885977377628616 
4 11 11 1 4 0 0.6648507398783456 
7 8 4 13 12 1 0.5365078089023119 
1 12 2 8 6 1 0.1343804169110112 
---
2 84 21.504934210526315 2.0 5
12 7 8 8 4 1 0.2994321103569193 
2 4 2 2 4 0 0.2885977377628616 
---
2 85 20.970394736842106 3.0 5
12 7 8 8 4 1 0.2994321103569193 
2 4 2 2 4 0 0.2885977377628616 
11 8 2 5 1 1 0.27132872912445183 
---
2 86 20.086348684210524 4.0 5
11 8 2 7 1 0 0.7466424249065322 
7 7 13 4 8 1 0.5026007338825109 
12 7 8 8 4 1 0.2994321103569193 
2 4 2 2 4 0 0.2885977377628616 
---
2 87 19.551809210526315 5.0 5
1 12 2 8 6 1 0.1343804169110112 
2 4 2 2 4 0 0.2885977377628616 
12 7 8 8 4 1 0.2994321103569193 
7 7 13 4 8 1 0.5026007338825109 
11 8 2 7 1 0 0.7466424249065322 
---
2 88 19.181743421052634 6.0 5
11 8 2 7 1 0 0.7466424249065322 
12 7 8 8 4 1 0.2994321103569193 
7 8 4 13 12 1 0.5365078089023119 
2 4 2 2 4 0 0.2885977377628616 
7 7 13 4 8 1 0.5026007338825109 
1 12 2 8 6 1 0.1343804169110112 
