---
0 0 21.628289473684212 2.0 5
12 1 8 8 0 1 0.23299416387805238 
2 2 2 4 1 0 0.46468936442504893 
---
0 1 20.620888157894736 3.0 5
12 1 8 8 0 1 0.23299416387805238 
2 2 2 4 1 0 0.46468936442504893 
12 11 13 4 4 1 0.32839185350272904 
---
0 2 19.551809210526315 4.0 5
1 2 2 1 1 0 0.4696544202879034 
7 7 13 4 8 1 0.5163406520865745 
12 4 13 8 1 1 0.2191779135283085 
7 7 12 8 7 1 0.16186752431577456 
---
0 3 21.628289473684212 2.0 5
12 1 8 8 0 1 0.23299416387805238 
2 2 2 4 1 0 0.46468936442504893 
---
0 4 20.620888157894736 3.0 5
12 1 8 8 0 1 0.23299416387805238 
2 2 2 4 1 0 0.46468936442504893 
12 11 13 4 4 1 0.32839185350272904 
---
0 5 19.551809210526315 4.0 5
1 2 2 1 1 0 0.4696544202879034 
7 7 13 4 8 1 0.5163406520865745 
12 4 13 8 1 1 0.2191779135283085 
7 7 12 8 7 1 0.16186752431577456 
---
0 6 18.688322368421055 5.0 5
11 7 5 2 7 0 0.342290689070778 
1 2 2 1 1 0 0.4696544202879034 
7 7 13 4 8 1 0.5163406520865745 
12 4 13 8 1 1 0.2191779135283085 
7 7 12 8 7 1 0.16186752431577456 
---
0 7 18.688322368421055 5.0 5
11 7 5 2 7 0 0.342290689070778 
1 2 2 1 1 0 0.4696544202879034 
7 7 13 4 8 1 0.5163406520865745 
12 4 13 8 1 1 0.2191779135283085 
7 7 12 8 7 1 0.16186752431577456 
---
0 8 17.804276315789476 6.0 5
7 7 13 4 8 1 0.5163406520865745 
1 2 2 1 1 0 0.4696544202879034 
12 4 13 8 1 1 0.2191779135283085 
7 7 12 8 7 1 0.16186752431577456 
1 11 7 2 11 0 0.2700667057135677 
11 7 5 2 7 0 0.342290689070778 
---
0 9 16.632401315789476 8.0 5
11 8 2 1 4 0 0.6268987942276423 
2 4 7 3 2 0 0.8872142552329938 
7 7 12 8 7 1 0.16186752431577456 
4 7 13 1 8 1 0.5365245758062631 
12 4 13 2 0 1 0.1445613030082482 
2 2 12 8 1 0 0.18144877447670327 
1 11 7 2 11 0 0.2700667057135677 
11 7 5 2 7 0 0.342290689070778 
---
0 10 17.804276315789476 6.0 5
7 7 13 4 8 1 0.5163406520865745 
1 2 2 1 1 0 0.4696544202879034 
12 4 13 8 1 1 0.2191779135283085 
7 7 12 8 7 1 0.16186752431577456 
1 11 7 2 11 0 0.2700667057135677 
11 7 5 2 7 0 0.342290689070778 
---
0 11 13.754111842105262 36.0 5
12 4 13 2 0 1 0.1445613030082482 
7 6 12 13 8 1 0.1619674055248579 
3 12 2 12 7 0 0.4484308278676641 
7 7 12 8 7 1 0.16186752431577456 
13 1 0 13 7 0 0.8954722041183347 
11 8 1 6 0 0 0.7297236150996405 
12 7 13 2 1 1 0.1938224295680635 
11 6 11 7 8 1 0.3385710917149636 
11 0 5 1 12 0 0.23152176195642316 
7 11 1 12 3 1 0.09439882214721851 
1 12 11 4 8 0 0.710375098263331 
11 8 4 13 1 1 0.2816224499008686 
12 4 5 4 8 1 0.490187736695578 
8 4 7 8 6 0 0.7461441826972028 
7 4 2 8 12 1 0.09960005163457342 
3 2 6 11 1 0 0.8901102399063883 
11 4 2 8 10 1 0.3084294506513905 
7 12 11 0 8 0 0.6556510788477423 
11 7 5 2 7 0 0.342290689070778 
7 11 12 13 7 1 0.16517002935441139 
3 2 2 4 3 0 0.3787546118909635 
11 8 7 1 5 0 0.7093440757901401 
4 7 13 1 8 1 0.5365245758062631 
12 4 4 11 5 0 0.4944872468132413 
12 4 4 8 1 0 0.05773492766074573 
12 7 13 4 10 1 0.3785373264715385 
7 11 7 13 7 1 0.19908077671720492 
8 2 12 8 3 0 0.5656753709050232 
7 4 4 5 7 1 0.13432075614988115 
5 1 2 7 1 0 0.985508661421552 
11 4 2 14 10 0 0.25106243467166234 
7 4 5 1 12 0 0.2152894791425356 
7 10 12 7 1 1 0.27839244340435076 
1 11 7 2 11 0 0.2700667057135677 
1 12 13 4 4 0 0.17742700014777513 
7 7 4 2 11 0 0.08759318697834662 
---
0 12 13.692434210526317 38.0 5
5 1 2 4 11 0 0.9819498939335812 
7 7 12 8 7 1 0.16186752431577456 
3 12 2 12 7 0 0.4484308278676641 
4 7 13 1 8 1 0.5365245758062631 
7 12 11 0 8 0 0.6556510788477423 
11 7 5 2 7 0 0.342290689070778 
3 2 6 11 1 0 0.8901102399063883 
11 8 1 6 0 0 0.7297236150996405 
1 11 7 2 11 0 0.2700667057135677 
1 12 13 4 4 0 0.17742700014777513 
12 4 13 2 0 1 0.1445613030082482 
7 7 4 2 11 0 0.08759318697834662 
7 4 5 1 12 0 0.2152894791425356 
8 4 7 8 6 0 0.7461441826972028 
8 2 12 8 3 0 0.5656753709050232 
11 4 2 8 10 1 0.3084294506513905 
3 2 2 4 3 0 0.3787546118909635 
1 12 11 4 8 0 0.710375098263331 
12 7 13 4 10 1 0.3785373264715385 
7 11 12 13 7 1 0.16517002935441139 
12 11 13 4 7 1 0.157081451516067 
12 4 5 4 8 1 0.490187736695578 
12 4 4 11 5 0 0.4944872468132413 
11 8 4 13 1 1 0.2816224499008686 
7 4 2 8 12 1 0.09960005163457342 
7 4 4 5 7 1 0.13432075614988115 
12 4 4 8 1 0 0.05773492766074573 
13 1 0 13 7 0 0.8954722041183347 
11 8 7 1 5 0 0.7093440757901401 
11 0 5 1 12 0 0.23152176195642316 
7 11 7 13 7 1 0.19908077671720492 
7 10 12 7 1 1 0.27839244340435076 
7 6 12 13 8 1 0.1619674055248579 
7 11 1 12 3 1 0.09439882214721851 
11 2 2 2 3 0 0.22853985496981055 
11 6 11 7 8 1 0.3385710917149636 
3 11 7 1 2 0 0.09650546306718222 
4 4 8 5 12 1 0.2898317818822358 
---
0 13 16.632401315789476 8.0 5
11 8 2 1 4 0 0.6268987942276423 
2 4 7 3 2 0 0.8872142552329938 
7 7 12 8 7 1 0.16186752431577456 
4 7 13 1 8 1 0.5365245758062631 
12 4 13 2 0 1 0.1445613030082482 
2 2 12 8 1 0 0.18144877447670327 
1 11 7 2 11 0 0.2700667057135677 
11 7 5 2 7 0 0.342290689070778 
---
0 14 16.097861842105264 12.0 5
7 4 5 1 12 0 0.2152894791425356 
11 8 1 6 0 0 0.7297236150996405 
12 4 13 2 0 1 0.1445613030082482 
7 7 4 2 11 0 0.08759318697834662 
4 7 13 1 8 1 0.5365245758062631 
13 2 2 2 11 0 0.9546024907223649 
7 7 12 8 7 1 0.16186752431577456 
12 4 4 8 1 0 0.05773492766074573 
11 7 5 2 7 0 0.342290689070778 
3 12 2 12 7 0 0.4484308278676641 
7 4 4 5 7 1 0.13432075614988115 
7 12 11 0 8 0 0.6556510788477423 
---
0 15 15.727796052631579 13.0 5
1 11 7 2 11 0 0.2700667057135677 
11 8 1 6 0 0 0.7297236150996405 
12 4 13 2 0 1 0.1445613030082482 
7 4 4 5 7 1 0.13432075614988115 
7 12 11 0 8 0 0.6556510788477423 
12 4 4 8 1 0 0.05773492766074573 
11 7 5 2 7 0 0.342290689070778 
7 7 4 2 11 0 0.08759318697834662 
3 12 2 12 7 0 0.4484308278676641 
7 4 5 1 12 0 0.2152894791425356 
4 7 13 1 8 1 0.5365245758062631 
7 7 12 8 7 1 0.16186752431577456 
13 2 2 2 11 0 0.9546024907223649 
---
0 16 15.727796052631579 13.0 5
1 11 7 2 11 0 0.2700667057135677 
11 8 1 6 0 0 0.7297236150996405 
12 4 13 2 0 1 0.1445613030082482 
7 4 4 5 7 1 0.13432075614988115 
7 12 11 0 8 0 0.6556510788477423 
12 4 4 8 1 0 0.05773492766074573 
11 7 5 2 7 0 0.342290689070778 
7 7 4 2 11 0 0.08759318697834662 
3 12 2 12 7 0 0.4484308278676641 
7 4 5 1 12 0 0.2152894791425356 
4 7 13 1 8 1 0.5365245758062631 
7 7 12 8 7 1 0.16186752431577456 
13 2 2 2 11 0 0.9546024907223649 
---
0 17 16.097861842105264 12.0 5
13 2 2 2 11 0 0.9546024907223649 
7 7 4 2 11 0 0.08759318697834662 
4 7 13 1 8 1 0.5365245758062631 
11 8 1 6 0 0 0.7297236150996405 
12 4 4 8 1 0 0.05773492766074573 
11 7 5 2 7 0 0.342290689070778 
7 7 12 8 7 1 0.16186752431577456 
7 12 11 0 8 0 0.6556510788477423 
3 12 2 12 7 0 0.4484308278676641 
7 4 5 1 12 0 0.2152894791425356 
7 4 4 5 7 1 0.13432075614988115 
12 4 13 2 0 1 0.1445613030082482 
---
0 18 15.398848684210526 14.0 5
12 4 13 2 0 1 0.1445613030082482 
7 4 8 8 1 1 0.07455241220316 
7 12 11 0 8 0 0.6556510788477423 
4 7 13 1 8 1 0.5365245758062631 
1 11 7 2 11 0 0.2700667057135677 
7 4 4 5 7 1 0.13432075614988115 
13 2 2 2 11 0 0.9546024907223649 
11 7 5 2 7 0 0.342290689070778 
7 7 12 8 7 1 0.16186752431577456 
7 7 4 2 11 0 0.08759318697834662 
11 8 1 6 0 0 0.7297236150996405 
7 4 5 1 12 0 0.2152894791425356 
3 12 2 12 7 0 0.4484308278676641 
12 4 4 8 1 0 0.05773492766074573 
---
0 19 15.111019736842104 16.0 5
1 12 13 4 4 0 0.17742700014777513 
7 4 8 8 1 1 0.07455241220316 
1 11 7 2 11 0 0.2700667057135677 
12 4 4 8 1 0 0.05773492766074573 
12 4 13 2 0 1 0.1445613030082482 
4 7 13 1 8 1 0.5365245758062631 
7 7 12 8 7 1 0.16186752431577456 
7 4 5 1 12 0 0.2152894791425356 
7 7 4 2 11 0 0.08759318697834662 
3 12 2 12 7 0 0.4484308278676641 
11 7 5 2 7 0 0.342290689070778 
11 8 1 6 0 0 0.7297236150996405 
7 12 11 0 8 0 0.6556510788477423 
7 4 4 5 7 1 0.13432075614988115 
13 2 2 2 7 0 0.9524393710520905 
7 11 7 13 7 1 0.19908077671720492 
---
0 20 16.611842105263158 10.0 5
2 2 12 8 1 0 0.18144877447670327 
1 11 7 2 11 0 0.2700667057135677 
11 8 2 1 0 0 0.6310699884186841 
12 4 13 2 0 1 0.1445613030082482 
12 4 13 8 1 1 0.2191779135283085 
7 7 12 8 7 1 0.16186752431577456 
11 7 5 2 7 0 0.342290689070778 
4 7 13 1 8 1 0.5365245758062631 
7 11 7 13 7 1 0.19908077671720492 
2 4 7 3 2 0 0.8872142552329938 
---
0 21 14.967105263157896 17.0 5
11 3 7 1 12 1 0.09667958841089486 
12 4 4 8 1 0 0.05773492766074573 
7 12 11 0 8 0 0.6556510788477423 
7 7 4 2 11 0 0.08759318697834662 
7 4 8 8 1 1 0.07455241220316 
11 7 5 2 7 0 0.342290689070778 
1 11 7 2 11 0 0.2700667057135677 
7 11 7 13 7 1 0.19908077671720492 
7 4 4 5 7 1 0.13432075614988115 
11 8 1 6 0 0 0.7297236150996405 
3 12 2 12 7 0 0.4484308278676641 
7 7 12 8 7 1 0.16186752431577456 
12 4 13 2 0 1 0.1445613030082482 
13 2 2 2 7 0 0.9524393710520905 
1 12 13 4 4 0 0.17742700014777513 
7 4 5 1 12 0 0.2152894791425356 
4 7 13 1 8 1 0.5365245758062631 
---
0 22 15.398848684210526 14.0 5
12 4 13 2 0 1 0.1445613030082482 
7 4 8 8 1 1 0.07455241220316 
7 12 11 0 8 0 0.6556510788477423 
4 7 13 1 8 1 0.5365245758062631 
1 11 7 2 11 0 0.2700667057135677 
7 4 4 5 7 1 0.13432075614988115 
13 2 2 2 11 0 0.9546024907223649 
11 7 5 2 7 0 0.342290689070778 
7 7 12 8 7 1 0.16186752431577456 
7 7 4 2 11 0 0.08759318697834662 
11 8 1 6 0 0 0.7297236150996405 
7 4 5 1 12 0 0.2152894791425356 
3 12 2 12 7 0 0.4484308278676641 
12 4 4 8 1 0 0.05773492766074573 
---
0 23 16.611842105263158 10.0 5
2 2 12 8 1 0 0.18144877447670327 
1 11 7 2 11 0 0.2700667057135677 
11 8 2 1 0 0 0.6310699884186841 
12 4 13 2 0 1 0.1445613030082482 
12 4 13 8 1 1 0.2191779135283085 
7 7 12 8 7 1 0.16186752431577456 
11 7 5 2 7 0 0.342290689070778 
4 7 13 1 8 1 0.5365245758062631 
7 11 7 13 7 1 0.19908077671720492 
2 4 7 3 2 0 0.8872142552329938 
---
0 24 15.234375 15.0 5
1 12 13 4 4 0 0.17742700014777513 
13 2 2 2 11 0 0.9546024907223649 
11 8 1 6 0 0 0.7297236150996405 
7 7 12 8 7 1 0.16186752431577456 
7 7 4 2 11 0 0.08759318697834662 
7 4 5 1 12 0 0.2152894791425356 
1 11 7 2 11 0 0.2700667057135677 
12 4 4 8 1 0 0.05773492766074573 
7 4 4 5 7 1 0.13432075614988115 
3 12 2 12 7 0 0.4484308278676641 
7 4 8 8 1 1 0.07455241220316 
11 7 5 2 7 0 0.342290689070778 
4 7 13 1 8 1 0.5365245758062631 
7 12 11 0 8 0 0.6556510788477423 
12 4 13 2 0 1 0.1445613030082482 
---
0 25 15.234375 15.0 5
1 12 13 4 4 0 0.17742700014777513 
13 2 2 2 11 0 0.9546024907223649 
11 8 1 6 0 0 0.7297236150996405 
7 7 12 8 7 1 0.16186752431577456 
7 7 4 2 11 0 0.08759318697834662 
7 4 5 1 12 0 0.2152894791425356 
1 11 7 2 11 0 0.2700667057135677 
12 4 4 8 1 0 0.05773492766074573 
7 4 4 5 7 1 0.13432075614988115 
3 12 2 12 7 0 0.4484308278676641 
7 4 8 8 1 1 0.07455241220316 
11 7 5 2 7 0 0.342290689070778 
4 7 13 1 8 1 0.5365245758062631 
7 12 11 0 8 0 0.6556510788477423 
12 4 13 2 0 1 0.1445613030082482 
---
0 26 14.967105263157896 17.0 5
11 3 7 1 12 1 0.09667958841089486 
12 4 4 8 1 0 0.05773492766074573 
7 12 11 0 8 0 0.6556510788477423 
7 7 4 2 11 0 0.08759318697834662 
7 4 8 8 1 1 0.07455241220316 
11 7 5 2 7 0 0.342290689070778 
1 11 7 2 11 0 0.2700667057135677 
7 11 7 13 7 1 0.19908077671720492 
7 4 4 5 7 1 0.13432075614988115 
11 8 1 6 0 0 0.7297236150996405 
3 12 2 12 7 0 0.4484308278676641 
7 7 12 8 7 1 0.16186752431577456 
12 4 13 2 0 1 0.1445613030082482 
13 2 2 2 7 0 0.9524393710520905 
1 12 13 4 4 0 0.17742700014777513 
7 4 5 1 12 0 0.2152894791425356 
4 7 13 1 8 1 0.5365245758062631 
---
0 27 14.823190789473683 18.0 5
12 4 4 8 1 0 0.05773492766074573 
13 2 2 2 7 0 0.9524393710520905 
7 7 4 2 11 0 0.08759318697834662 
11 7 5 2 7 0 0.342290689070778 
7 12 11 0 8 0 0.6556510788477423 
7 4 4 5 7 1 0.13432075614988115 
3 12 2 12 7 0 0.4484308278676641 
7 4 5 1 12 0 0.2152894791425356 
11 3 7 1 12 1 0.09667958841089486 
1 11 7 2 11 0 0.2700667057135677 
4 7 13 1 8 1 0.5365245758062631 
7 4 8 8 1 1 0.07455241220316 
11 8 1 6 0 0 0.7297236150996405 
12 4 13 2 0 1 0.1445613030082482 
7 7 12 8 7 1 0.16186752431577456 
1 12 13 4 4 0 0.17742700014777513 
7 11 7 13 7 1 0.19908077671720492 
12 11 13 4 4 1 0.32839185350272904 
---
0 28 14.823190789473683 18.0 5
12 4 4 8 1 0 0.05773492766074573 
13 2 2 2 7 0 0.9524393710520905 
7 7 4 2 11 0 0.08759318697834662 
11 7 5 2 7 0 0.342290689070778 
7 12 11 0 8 0 0.6556510788477423 
7 4 4 5 7 1 0.13432075614988115 
3 12 2 12 7 0 0.4484308278676641 
7 4 5 1 12 0 0.2152894791425356 
11 3 7 1 12 1 0.09667958841089486 
1 11 7 2 11 0 0.2700667057135677 
4 7 13 1 8 1 0.5365245758062631 
7 4 8 8 1 1 0.07455241220316 
11 8 1 6 0 0 0.7297236150996405 
12 4 13 2 0 1 0.1445613030082482 
7 7 12 8 7 1 0.16186752431577456 
1 12 13 4 4 0 0.17742700014777513 
7 11 7 13 7 1 0.19908077671720492 
12 11 13 4 4 1 0.32839185350272904 
---
0 29 14.103618421052634 25.0 5
5 12 2 1 4 0 0.9470351755420487 
7 7 12 8 7 1 0.16186752431577456 
3 12 2 12 7 0 0.4484308278676641 
11 8 1 6 0 0 0.7297236150996405 
7 12 11 0 8 0 0.6556510788477423 
4 7 13 1 8 1 0.5365245758062631 
1 11 7 2 11 0 0.2700667057135677 
11 7 5 2 7 0 0.342290689070778 
12 4 13 2 0 1 0.1445613030082482 
8 2 12 8 3 0 0.5656753709050232 
1 12 13 4 4 0 0.17742700014777513 
7 7 4 2 11 0 0.08759318697834662 
3 2 2 4 3 0 0.3787546118909635 
7 4 5 1 12 0 0.2152894791425356 
12 4 4 8 1 0 0.05773492766074573 
11 4 2 8 10 1 0.3084294506513905 
7 4 8 8 1 1 0.07455241220316 
12 7 13 4 10 1 0.3785373264715385 
12 4 5 4 8 1 0.490187736695578 
7 4 4 5 7 1 0.13432075614988115 
11 8 7 1 5 0 0.7093440757901401 
7 11 7 13 7 1 0.19908077671720492 
7 10 12 7 1 1 0.27839244340435076 
3 11 7 1 2 0 0.09650546306718222 
11 6 11 7 8 1 0.3385710917149636 
---
0 30 13.918585526315788 27.0 5
5 2 2 11 4 0 0.9842807548899395 
3 12 2 12 7 0 0.4484308278676641 
7 7 12 8 7 1 0.16186752431577456 
11 8 1 6 0 0 0.7297236150996405 
7 12 11 0 8 0 0.6556510788477423 
4 7 13 1 8 1 0.5365245758062631 
1 11 7 2 11 0 0.2700667057135677 
11 7 5 2 7 0 0.342290689070778 
8 2 12 8 3 0 0.5656753709050232 
1 12 13 4 4 0 0.17742700014777513 
7 7 4 2 11 0 0.08759318697834662 
3 2 2 4 3 0 0.3787546118909635 
7 4 5 1 12 0 0.2152894791425356 
12 4 13 2 0 1 0.1445613030082482 
12 7 13 2 1 1 0.1938224295680635 
12 4 4 8 1 0 0.05773492766074573 
11 4 2 8 10 1 0.3084294506513905 
7 4 8 8 1 1 0.07455241220316 
7 11 12 13 7 1 0.16517002935441139 
12 4 5 4 8 1 0.490187736695578 
12 7 13 4 10 1 0.3785373264715385 
7 4 4 5 7 1 0.13432075614988115 
11 8 7 1 5 0 0.7093440757901401 
7 11 7 13 7 1 0.19908077671720492 
7 10 12 7 1 1 0.27839244340435076 
11 6 11 7 8 1 0.3385710917149636 
3 11 7 1 2 0 0.09650546306718222 
---
0 31 14.740953947368421 19.0 5
1 12 13 4 4 0 0.17742700014777513 
7 7 12 8 7 1 0.16186752431577456 
13 2 2 2 1 0 0.9388294641240045 
7 4 4 5 7 1 0.13432075614988115 
7 7 4 2 11 0 0.08759318697834662 
11 8 1 6 0 0 0.7297236150996405 
11 6 11 7 8 1 0.3385710917149636 
3 12 2 12 7 0 0.4484308278676641 
1 11 7 2 11 0 0.2700667057135677 
12 4 13 2 0 1 0.1445613030082482 
11 7 5 2 7 0 0.342290689070778 
12 4 4 8 1 0 0.05773492766074573 
7 4 5 1 12 0 0.2152894791425356 
4 7 13 1 8 1 0.5365245758062631 
7 12 11 0 8 0 0.6556510788477423 
12 7 13 4 10 1 0.3785373264715385 
7 4 8 8 1 1 0.07455241220316 
7 11 7 13 7 1 0.19908077671720492 
12 11 13 4 4 1 0.32839185350272904 
---
0 32 14.247532894736842 22.0 5
13 2 0 2 7 0 0.96552723679933 
3 12 2 12 7 0 0.4484308278676641 
7 7 12 8 7 1 0.16186752431577456 
11 8 1 6 0 0 0.7297236150996405 
4 7 13 1 8 1 0.5365245758062631 
7 12 11 0 8 0 0.6556510788477423 
11 7 5 2 7 0 0.342290689070778 
1 11 7 2 11 0 0.2700667057135677 
12 4 4 8 1 0 0.05773492766074573 
1 12 13 4 4 0 0.17742700014777513 
7 7 4 2 11 0 0.08759318697834662 
7 4 5 1 12 0 0.2152894791425356 
7 4 8 8 1 1 0.07455241220316 
12 4 13 2 0 1 0.1445613030082482 
12 7 13 2 1 1 0.1938224295680635 
12 4 5 4 8 1 0.490187736695578 
12 4 4 11 5 0 0.4944872468132413 
12 7 13 4 10 1 0.3785373264715385 
7 4 4 5 7 1 0.13432075614988115 
11 8 7 1 5 0 0.7093440757901401 
7 11 7 13 7 1 0.19908077671720492 
11 3 7 1 12 1 0.09667958841089486 
---
0 33 14.041940789473683 26.0 5
7 11 12 13 7 1 0.16517002935441139 
11 7 5 2 7 0 0.342290689070778 
7 10 12 7 1 1 0.27839244340435076 
5 4 2 1 4 0 0.9651356968784195 
7 7 12 8 7 1 0.16186752431577456 
7 12 11 0 8 0 0.6556510788477423 
11 8 7 1 5 0 0.7093440757901401 
3 12 2 12 7 0 0.4484308278676641 
3 2 2 4 3 0 0.3787546118909635 
12 7 13 4 10 1 0.3785373264715385 
8 2 12 8 3 0 0.5656753709050232 
7 4 8 8 1 1 0.07455241220316 
7 4 4 5 7 1 0.13432075614988115 
7 7 4 2 11 0 0.08759318697834662 
4 7 13 1 8 1 0.5365245758062631 
7 4 5 1 12 0 0.2152894791425356 
3 11 7 1 2 0 0.09650546306718222 
12 11 13 4 4 1 0.32839185350272904 
1 11 7 2 11 0 0.2700667057135677 
12 4 13 2 0 1 0.1445613030082482 
1 12 13 4 4 0 0.17742700014777513 
11 8 1 6 0 0 0.7297236150996405 
7 11 7 13 7 1 0.19908077671720492 
11 6 11 7 8 1 0.3385710917149636 
12 4 5 4 8 1 0.490187736695578 
11 4 2 8 10 1 0.3084294506513905 
---
0 34 14.247532894736842 22.0 5
13 2 0 2 7 0 0.96552723679933 
3 12 2 12 7 0 0.4484308278676641 
7 7 12 8 7 1 0.16186752431577456 
11 8 1 6 0 0 0.7297236150996405 
4 7 13 1 8 1 0.5365245758062631 
7 12 11 0 8 0 0.6556510788477423 
11 7 5 2 7 0 0.342290689070778 
1 11 7 2 11 0 0.2700667057135677 
12 4 4 8 1 0 0.05773492766074573 
1 12 13 4 4 0 0.17742700014777513 
7 7 4 2 11 0 0.08759318697834662 
7 4 5 1 12 0 0.2152894791425356 
7 4 8 8 1 1 0.07455241220316 
12 4 13 2 0 1 0.1445613030082482 
12 7 13 2 1 1 0.1938224295680635 
12 4 5 4 8 1 0.490187736695578 
12 4 4 11 5 0 0.4944872468132413 
12 7 13 4 10 1 0.3785373264715385 
7 4 4 5 7 1 0.13432075614988115 
11 8 7 1 5 0 0.7093440757901401 
7 11 7 13 7 1 0.19908077671720492 
11 3 7 1 12 1 0.09667958841089486 
---
0 35 14.103618421052634 25.0 5
5 12 2 1 4 0 0.9470351755420487 
7 7 12 8 7 1 0.16186752431577456 
3 12 2 12 7 0 0.4484308278676641 
11 8 1 6 0 0 0.7297236150996405 
7 12 11 0 8 0 0.6556510788477423 
4 7 13 1 8 1 0.5365245758062631 
1 11 7 2 11 0 0.2700667057135677 
11 7 5 2 7 0 0.342290689070778 
12 4 13 2 0 1 0.1445613030082482 
8 2 12 8 3 0 0.5656753709050232 
1 12 13 4 4 0 0.17742700014777513 
7 7 4 2 11 0 0.08759318697834662 
3 2 2 4 3 0 0.3787546118909635 
7 4 5 1 12 0 0.2152894791425356 
12 4 4 8 1 0 0.05773492766074573 
11 4 2 8 10 1 0.3084294506513905 
7 4 8 8 1 1 0.07455241220316 
12 7 13 4 10 1 0.3785373264715385 
12 4 5 4 8 1 0.490187736695578 
7 4 4 5 7 1 0.13432075614988115 
11 8 7 1 5 0 0.7093440757901401 
7 11 7 13 7 1 0.19908077671720492 
7 10 12 7 1 1 0.27839244340435076 
3 11 7 1 2 0 0.09650546306718222 
11 6 11 7 8 1 0.3385710917149636 
---
0 36 14.144736842105262 23.0 5
12 4 13 2 0 1 0.1445613030082482 
7 4 4 5 7 1 0.13432075614988115 
4 7 13 1 8 1 0.5365245758062631 
7 4 8 8 1 1 0.07455241220316 
7 11 7 13 7 1 0.19908077671720492 
1 12 13 4 4 0 0.17742700014777513 
12 4 4 8 1 0 0.05773492766074573 
11 6 11 7 8 1 0.3385710917149636 
11 8 7 1 5 0 0.7093440757901401 
11 7 5 2 7 0 0.342290689070778 
7 12 11 0 8 0 0.6556510788477423 
1 11 7 2 11 0 0.2700667057135677 
7 7 4 2 11 0 0.08759318697834662 
5 4 2 1 4 0 0.9651356968784195 
3 11 7 1 2 0 0.09650546306718222 
12 11 13 4 4 1 0.32839185350272904 
3 12 2 12 7 0 0.4484308278676641 
7 4 5 1 12 0 0.2152894791425356 
12 7 13 4 10 1 0.3785373264715385 
11 8 1 6 0 0 0.7297236150996405 
12 4 5 4 8 1 0.490187736695578 
7 10 12 7 1 1 0.27839244340435076 
7 7 12 8 7 1 0.16186752431577456 
---
0 37 14.740953947368421 19.0 5
1 12 13 4 4 0 0.17742700014777513 
7 7 12 8 7 1 0.16186752431577456 
13 2 2 2 1 0 0.9388294641240045 
7 4 4 5 7 1 0.13432075614988115 
7 7 4 2 11 0 0.08759318697834662 
11 8 1 6 0 0 0.7297236150996405 
11 6 11 7 8 1 0.3385710917149636 
3 12 2 12 7 0 0.4484308278676641 
1 11 7 2 11 0 0.2700667057135677 
12 4 13 2 0 1 0.1445613030082482 
11 7 5 2 7 0 0.342290689070778 
12 4 4 8 1 0 0.05773492766074573 
7 4 5 1 12 0 0.2152894791425356 
4 7 13 1 8 1 0.5365245758062631 
7 12 11 0 8 0 0.6556510788477423 
12 7 13 4 10 1 0.3785373264715385 
7 4 8 8 1 1 0.07455241220316 
7 11 7 13 7 1 0.19908077671720492 
12 11 13 4 4 1 0.32839185350272904 
---
0 38 13.856907894736842 32.0 5
8 2 12 8 3 0 0.5656753709050232 
3 12 2 12 7 0 0.4484308278676641 
7 7 4 2 11 0 0.08759318697834662 
7 11 7 13 7 1 0.19908077671720492 
7 7 12 8 7 1 0.16186752431577456 
11 4 2 8 10 1 0.3084294506513905 
3 2 6 11 1 0 0.8901102399063883 
12 7 13 4 10 1 0.3785373264715385 
12 7 13 2 1 1 0.1938224295680635 
11 8 4 13 1 1 0.2816224499008686 
11 0 5 1 12 0 0.23152176195642316 
12 4 5 4 8 1 0.490187736695578 
12 4 13 2 0 1 0.1445613030082482 
7 12 11 0 8 0 0.6556510788477423 
7 4 2 8 12 1 0.09960005163457342 
7 4 5 1 12 0 0.2152894791425356 
13 1 0 13 7 0 0.8954722041183347 
11 7 5 2 7 0 0.342290689070778 
12 4 4 8 1 0 0.05773492766074573 
4 7 13 1 8 1 0.5365245758062631 
1 12 13 4 4 0 0.17742700014777513 
11 8 7 1 5 0 0.7093440757901401 
12 4 4 11 5 0 0.4944872468132413 
7 10 12 7 1 1 0.27839244340435076 
1 11 7 2 11 0 0.2700667057135677 
11 8 1 6 0 0 0.7297236150996405 
7 11 12 13 7 1 0.16517002935441139 
7 4 4 5 7 1 0.13432075614988115 
7 6 12 13 8 1 0.1619674055248579 
5 2 0 3 11 0 0.9846246245624379 
3 2 2 4 3 0 0.3787546118909635 
11 6 11 7 8 1 0.3385710917149636 
---
0 39 14.658717105263158 20.0 5
1 12 13 4 4 0 0.17742700014777513 
7 11 7 13 7 1 0.19908077671720492 
11 7 5 2 7 0 0.342290689070778 
12 11 13 4 4 1 0.32839185350272904 
7 10 12 7 1 1 0.27839244340435076 
12 4 4 8 1 0 0.05773492766074573 
7 7 4 2 11 0 0.08759318697834662 
7 12 11 0 8 0 0.6556510788477423 
11 8 1 6 0 0 0.7297236150996405 
12 7 13 4 10 1 0.3785373264715385 
7 4 8 8 1 1 0.07455241220316 
13 2 2 2 1 0 0.9388294641240045 
1 11 7 2 11 0 0.2700667057135677 
4 7 13 1 8 1 0.5365245758062631 
11 6 11 7 8 1 0.3385710917149636 
3 12 2 12 7 0 0.4484308278676641 
12 4 13 2 0 1 0.1445613030082482 
7 4 4 5 7 1 0.13432075614988115 
7 4 5 1 12 0 0.2152894791425356 
7 7 12 8 7 1 0.16186752431577456 
---
0 40 13.733552631578947 37.0 5
1 12 13 4 4 0 0.17742700014777513 
8 2 12 8 3 0 0.5656753709050232 
7 7 12 8 7 1 0.16186752431577456 
11 6 11 7 8 1 0.3385710917149636 
7 4 5 1 12 0 0.2152894791425356 
12 11 13 4 7 1 0.157081451516067 
7 6 12 13 8 1 0.1619674055248579 
12 4 5 4 8 1 0.490187736695578 
11 8 4 13 1 1 0.2816224499008686 
7 11 12 13 7 1 0.16517002935441139 
3 12 2 12 7 0 0.4484308278676641 
12 4 4 11 5 0 0.4944872468132413 
11 8 1 6 0 0 0.7297236150996405 
11 2 2 2 3 0 0.22853985496981055 
7 11 7 13 7 1 0.19908077671720492 
11 8 7 1 5 0 0.7093440757901401 
7 11 1 12 3 1 0.09439882214721851 
11 4 2 8 10 1 0.3084294506513905 
7 7 4 2 11 0 0.08759318697834662 
8 4 7 8 6 0 0.7461441826972028 
12 7 13 4 10 1 0.3785373264715385 
7 13 5 6 1 0 0.38666289370413154 
3 2 6 11 1 0 0.8901102399063883 
1 11 7 2 11 0 0.2700667057135677 
7 4 2 8 12 1 0.09960005163457342 
7 4 4 5 7 1 0.13432075614988115 
7 12 11 0 8 0 0.6556510788477423 
4 4 8 5 12 1 0.2898317818822358 
12 4 13 2 0 1 0.1445613030082482 
4 7 13 1 8 1 0.5365245758062631 
5 1 2 3 11 0 0.986017231365681 
11 7 5 2 7 0 0.342290689070778 
12 4 4 8 1 0 0.05773492766074573 
3 11 7 1 2 0 0.09650546306718222 
3 2 2 4 3 0 0.3787546118909635 
7 10 12 7 1 1 0.27839244340435076 
11 0 5 1 12 0 0.23152176195642316 
---
0 41 14.658717105263158 20.0 5
1 12 13 4 4 0 0.17742700014777513 
7 11 7 13 7 1 0.19908077671720492 
11 7 5 2 7 0 0.342290689070778 
12 11 13 4 4 1 0.32839185350272904 
7 10 12 7 1 1 0.27839244340435076 
12 4 4 8 1 0 0.05773492766074573 
7 7 4 2 11 0 0.08759318697834662 
7 12 11 0 8 0 0.6556510788477423 
11 8 1 6 0 0 0.7297236150996405 
12 7 13 4 10 1 0.3785373264715385 
7 4 8 8 1 1 0.07455241220316 
13 2 2 2 1 0 0.9388294641240045 
1 11 7 2 11 0 0.2700667057135677 
4 7 13 1 8 1 0.5365245758062631 
11 6 11 7 8 1 0.3385710917149636 
3 12 2 12 7 0 0.4484308278676641 
12 4 13 2 0 1 0.1445613030082482 
7 4 4 5 7 1 0.13432075614988115 
7 4 5 1 12 0 0.2152894791425356 
7 7 12 8 7 1 0.16186752431577456 
---
0 42 13.754111842105262 36.0 5
12 4 13 2 0 1 0.1445613030082482 
7 6 12 13 8 1 0.1619674055248579 
3 12 2 12 7 0 0.4484308278676641 
7 7 12 8 7 1 0.16186752431577456 
13 1 0 13 7 0 0.8954722041183347 
11 8 1 6 0 0 0.7297236150996405 
12 7 13 2 1 1 0.1938224295680635 
11 6 11 7 8 1 0.3385710917149636 
11 0 5 1 12 0 0.23152176195642316 
7 11 1 12 3 1 0.09439882214721851 
1 12 11 4 8 0 0.710375098263331 
11 8 4 13 1 1 0.2816224499008686 
12 4 5 4 8 1 0.490187736695578 
8 4 7 8 6 0 0.7461441826972028 
7 4 2 8 12 1 0.09960005163457342 
3 2 6 11 1 0 0.8901102399063883 
11 4 2 8 10 1 0.3084294506513905 
7 12 11 0 8 0 0.6556510788477423 
11 7 5 2 7 0 0.342290689070778 
7 11 12 13 7 1 0.16517002935441139 
3 2 2 4 3 0 0.3787546118909635 
11 8 7 1 5 0 0.7093440757901401 
4 7 13 1 8 1 0.5365245758062631 
12 4 4 11 5 0 0.4944872468132413 
12 4 4 8 1 0 0.05773492766074573 
12 7 13 4 10 1 0.3785373264715385 
7 11 7 13 7 1 0.19908077671720492 
8 2 12 8 3 0 0.5656753709050232 
7 4 4 5 7 1 0.13432075614988115 
5 1 2 7 1 0 0.985508661421552 
11 4 2 14 10 0 0.25106243467166234 
7 4 5 1 12 0 0.2152894791425356 
7 10 12 7 1 1 0.27839244340435076 
1 11 7 2 11 0 0.2700667057135677 
1 12 13 4 4 0 0.17742700014777513 
7 7 4 2 11 0 0.08759318697834662 
---
0 43 13.898026315789474 31.0 5
11 8 1 6 0 0 0.7297236150996405 
12 4 4 8 1 0 0.05773492766074573 
7 7 12 8 7 1 0.16186752431577456 
3 2 2 4 3 0 0.3787546118909635 
8 2 12 8 3 0 0.5656753709050232 
7 4 2 8 12 1 0.09960005163457342 
11 8 7 1 5 0 0.7093440757901401 
12 4 5 4 8 1 0.490187736695578 
12 4 13 2 0 1 0.1445613030082482 
7 4 5 1 12 0 0.2152894791425356 
12 7 13 2 1 1 0.1938224295680635 
11 0 5 1 12 0 0.23152176195642316 
4 7 13 1 8 1 0.5365245758062631 
7 12 11 0 8 0 0.6556510788477423 
12 4 4 11 5 0 0.4944872468132413 
5 2 0 3 11 0 0.9846246245624379 
12 7 13 4 10 1 0.3785373264715385 
7 4 4 5 7 1 0.13432075614988115 
7 7 4 2 11 0 0.08759318697834662 
7 10 12 7 1 1 0.27839244340435076 
11 7 5 2 7 0 0.342290689070778 
11 8 4 13 1 1 0.2816224499008686 
7 11 7 13 7 1 0.19908077671720492 
3 12 2 12 7 0 0.4484308278676641 
1 11 7 2 11 0 0.2700667057135677 
3 2 6 11 1 0 0.8901102399063883 
1 12 13 4 4 0 0.17742700014777513 
11 6 11 7 8 1 0.3385710917149636 
7 11 12 13 7 1 0.16517002935441139 
11 4 2 8 10 1 0.3084294506513905 
7 6 12 13 8 1 0.1619674055248579 
---
0 44 14.144736842105262 23.0 5
12 4 13 2 0 1 0.1445613030082482 
7 4 4 5 7 1 0.13432075614988115 
4 7 13 1 8 1 0.5365245758062631 
7 4 8 8 1 1 0.07455241220316 
7 11 7 13 7 1 0.19908077671720492 
1 12 13 4 4 0 0.17742700014777513 
12 4 4 8 1 0 0.05773492766074573 
11 6 11 7 8 1 0.3385710917149636 
11 8 7 1 5 0 0.7093440757901401 
11 7 5 2 7 0 0.342290689070778 
7 12 11 0 8 0 0.6556510788477423 
1 11 7 2 11 0 0.2700667057135677 
7 7 4 2 11 0 0.08759318697834662 
5 4 2 1 4 0 0.9651356968784195 
3 11 7 1 2 0 0.09650546306718222 
12 11 13 4 4 1 0.32839185350272904 
3 12 2 12 7 0 0.4484308278676641 
7 4 5 1 12 0 0.2152894791425356 
12 7 13 4 10 1 0.3785373264715385 
11 8 1 6 0 0 0.7297236150996405 
12 4 5 4 8 1 0.490187736695578 
7 10 12 7 1 1 0.27839244340435076 
7 7 12 8 7 1 0.16186752431577456 
---
0 45 13.692434210526317 38.0 5
5 1 2 4 11 0 0.9819498939335812 
7 7 12 8 7 1 0.16186752431577456 
3 12 2 12 7 0 0.4484308278676641 
4 7 13 1 8 1 0.5365245758062631 
7 12 11 0 8 0 0.6556510788477423 
11 7 5 2 7 0 0.342290689070778 
3 2 6 11 1 0 0.8901102399063883 
11 8 1 6 0 0 0.7297236150996405 
1 11 7 2 11 0 0.2700667057135677 
1 12 13 4 4 0 0.17742700014777513 
12 4 13 2 0 1 0.1445613030082482 
7 7 4 2 11 0 0.08759318697834662 
7 4 5 1 12 0 0.2152894791425356 
8 4 7 8 6 0 0.7461441826972028 
8 2 12 8 3 0 0.5656753709050232 
11 4 2 8 10 1 0.3084294506513905 
3 2 2 4 3 0 0.3787546118909635 
1 12 11 4 8 0 0.710375098263331 
12 7 13 4 10 1 0.3785373264715385 
7 11 12 13 7 1 0.16517002935441139 
12 11 13 4 7 1 0.157081451516067 
12 4 5 4 8 1 0.490187736695578 
12 4 4 11 5 0 0.4944872468132413 
11 8 4 13 1 1 0.2816224499008686 
7 4 2 8 12 1 0.09960005163457342 
7 4 4 5 7 1 0.13432075614988115 
12 4 4 8 1 0 0.05773492766074573 
13 1 0 13 7 0 0.8954722041183347 
11 8 7 1 5 0 0.7093440757901401 
11 0 5 1 12 0 0.23152176195642316 
7 11 7 13 7 1 0.19908077671720492 
7 10 12 7 1 1 0.27839244340435076 
7 6 12 13 8 1 0.1619674055248579 
7 11 1 12 3 1 0.09439882214721851 
11 2 2 2 3 0 0.22853985496981055 
11 6 11 7 8 1 0.3385710917149636 
3 11 7 1 2 0 0.09650546306718222 
4 4 8 5 12 1 0.2898317818822358 
---
0 46 14.041940789473683 26.0 5
7 11 12 13 7 1 0.16517002935441139 
11 7 5 2 7 0 0.342290689070778 
7 10 12 7 1 1 0.27839244340435076 
5 4 2 1 4 0 0.9651356968784195 
7 7 12 8 7 1 0.16186752431577456 
7 12 11 0 8 0 0.6556510788477423 
11 8 7 1 5 0 0.7093440757901401 
3 12 2 12 7 0 0.4484308278676641 
3 2 2 4 3 0 0.3787546118909635 
12 7 13 4 10 1 0.3785373264715385 
8 2 12 8 3 0 0.5656753709050232 
7 4 8 8 1 1 0.07455241220316 
7 4 4 5 7 1 0.13432075614988115 
7 7 4 2 11 0 0.08759318697834662 
4 7 13 1 8 1 0.5365245758062631 
7 4 5 1 12 0 0.2152894791425356 
3 11 7 1 2 0 0.09650546306718222 
12 11 13 4 4 1 0.32839185350272904 
1 11 7 2 11 0 0.2700667057135677 
12 4 13 2 0 1 0.1445613030082482 
1 12 13 4 4 0 0.17742700014777513 
11 8 1 6 0 0 0.7297236150996405 
7 11 7 13 7 1 0.19908077671720492 
11 6 11 7 8 1 0.3385710917149636 
12 4 5 4 8 1 0.490187736695578 
11 4 2 8 10 1 0.3084294506513905 
---
0 47 13.733552631578947 37.0 5
1 12 13 4 4 0 0.17742700014777513 
8 2 12 8 3 0 0.5656753709050232 
7 7 12 8 7 1 0.16186752431577456 
11 6 11 7 8 1 0.3385710917149636 
7 4 5 1 12 0 0.2152894791425356 
12 11 13 4 7 1 0.157081451516067 
7 6 12 13 8 1 0.1619674055248579 
12 4 5 4 8 1 0.490187736695578 
11 8 4 13 1 1 0.2816224499008686 
7 11 12 13 7 1 0.16517002935441139 
3 12 2 12 7 0 0.4484308278676641 
12 4 4 11 5 0 0.4944872468132413 
11 8 1 6 0 0 0.7297236150996405 
11 2 2 2 3 0 0.22853985496981055 
7 11 7 13 7 1 0.19908077671720492 
11 8 7 1 5 0 0.7093440757901401 
7 11 1 12 3 1 0.09439882214721851 
11 4 2 8 10 1 0.3084294506513905 
7 7 4 2 11 0 0.08759318697834662 
8 4 7 8 6 0 0.7461441826972028 
12 7 13 4 10 1 0.3785373264715385 
7 13 5 6 1 0 0.38666289370413154 
3 2 6 11 1 0 0.8901102399063883 
1 11 7 2 11 0 0.2700667057135677 
7 4 2 8 12 1 0.09960005163457342 
7 4 4 5 7 1 0.13432075614988115 
7 12 11 0 8 0 0.6556510788477423 
4 4 8 5 12 1 0.2898317818822358 
12 4 13 2 0 1 0.1445613030082482 
4 7 13 1 8 1 0.5365245758062631 
5 1 2 3 11 0 0.986017231365681 
11 7 5 2 7 0 0.342290689070778 
12 4 4 8 1 0 0.05773492766074573 
3 11 7 1 2 0 0.09650546306718222 
3 2 2 4 3 0 0.3787546118909635 
7 10 12 7 1 1 0.27839244340435076 
11 0 5 1 12 0 0.23152176195642316 
---
0 48 13.898026315789474 31.0 5
11 8 1 6 0 0 0.7297236150996405 
12 4 4 8 1 0 0.05773492766074573 
7 7 12 8 7 1 0.16186752431577456 
3 2 2 4 3 0 0.3787546118909635 
8 2 12 8 3 0 0.5656753709050232 
7 4 2 8 12 1 0.09960005163457342 
11 8 7 1 5 0 0.7093440757901401 
12 4 5 4 8 1 0.490187736695578 
12 4 13 2 0 1 0.1445613030082482 
7 4 5 1 12 0 0.2152894791425356 
12 7 13 2 1 1 0.1938224295680635 
11 0 5 1 12 0 0.23152176195642316 
4 7 13 1 8 1 0.5365245758062631 
7 12 11 0 8 0 0.6556510788477423 
12 4 4 11 5 0 0.4944872468132413 
5 2 0 3 11 0 0.9846246245624379 
12 7 13 4 10 1 0.3785373264715385 
7 4 4 5 7 1 0.13432075614988115 
7 7 4 2 11 0 0.08759318697834662 
7 10 12 7 1 1 0.27839244340435076 
11 7 5 2 7 0 0.342290689070778 
11 8 4 13 1 1 0.2816224499008686 
7 11 7 13 7 1 0.19908077671720492 
3 12 2 12 7 0 0.4484308278676641 
1 11 7 2 11 0 0.2700667057135677 
3 2 6 11 1 0 0.8901102399063883 
1 12 13 4 4 0 0.17742700014777513 
11 6 11 7 8 1 0.3385710917149636 
7 11 12 13 7 1 0.16517002935441139 
11 4 2 8 10 1 0.3084294506513905 
7 6 12 13 8 1 0.1619674055248579 
---
0 49 13.856907894736842 32.0 5
8 2 12 8 3 0 0.5656753709050232 
3 12 2 12 7 0 0.4484308278676641 
7 7 4 2 11 0 0.08759318697834662 
7 11 7 13 7 1 0.19908077671720492 
7 7 12 8 7 1 0.16186752431577456 
11 4 2 8 10 1 0.3084294506513905 
3 2 6 11 1 0 0.8901102399063883 
12 7 13 4 10 1 0.3785373264715385 
12 7 13 2 1 1 0.1938224295680635 
11 8 4 13 1 1 0.2816224499008686 
11 0 5 1 12 0 0.23152176195642316 
12 4 5 4 8 1 0.490187736695578 
12 4 13 2 0 1 0.1445613030082482 
7 12 11 0 8 0 0.6556510788477423 
7 4 2 8 12 1 0.09960005163457342 
7 4 5 1 12 0 0.2152894791425356 
13 1 0 13 7 0 0.8954722041183347 
11 7 5 2 7 0 0.342290689070778 
12 4 4 8 1 0 0.05773492766074573 
4 7 13 1 8 1 0.5365245758062631 
1 12 13 4 4 0 0.17742700014777513 
11 8 7 1 5 0 0.7093440757901401 
12 4 4 11 5 0 0.4944872468132413 
7 10 12 7 1 1 0.27839244340435076 
1 11 7 2 11 0 0.2700667057135677 
11 8 1 6 0 0 0.7297236150996405 
7 11 12 13 7 1 0.16517002935441139 
7 4 4 5 7 1 0.13432075614988115 
7 6 12 13 8 1 0.1619674055248579 
5 2 0 3 11 0 0.9846246245624379 
3 2 2 4 3 0 0.3787546118909635 
11 6 11 7 8 1 0.3385710917149636 
---
0 50 13.918585526315788 27.0 5
5 2 2 11 4 0 0.9842807548899395 
3 12 2 12 7 0 0.4484308278676641 
7 7 12 8 7 1 0.16186752431577456 
11 8 1 6 0 0 0.7297236150996405 
7 12 11 0 8 0 0.6556510788477423 
4 7 13 1 8 1 0.5365245758062631 
1 11 7 2 11 0 0.2700667057135677 
11 7 5 2 7 0 0.342290689070778 
8 2 12 8 3 0 0.5656753709050232 
1 12 13 4 4 0 0.17742700014777513 
7 7 4 2 11 0 0.08759318697834662 
3 2 2 4 3 0 0.3787546118909635 
7 4 5 1 12 0 0.2152894791425356 
12 4 13 2 0 1 0.1445613030082482 
12 7 13 2 1 1 0.1938224295680635 
12 4 4 8 1 0 0.05773492766074573 
11 4 2 8 10 1 0.3084294506513905 
7 4 8 8 1 1 0.07455241220316 
7 11 12 13 7 1 0.16517002935441139 
12 4 5 4 8 1 0.490187736695578 
12 7 13 4 10 1 0.3785373264715385 
7 4 4 5 7 1 0.13432075614988115 
11 8 7 1 5 0 0.7093440757901401 
7 11 7 13 7 1 0.19908077671720492 
7 10 12 7 1 1 0.27839244340435076 
11 6 11 7 8 1 0.3385710917149636 
3 11 7 1 2 0 0.09650546306718222 
---
0 51 29.379111842105267 1.0 5
0 0 0 1 1 0 0.5347862506345537 
---
0 52 21.628289473684212 2.0 5
12 1 8 8 0 1 0.23299416387805238 
2 2 2 4 1 0 0.46468936442504893 
---
0 53 20.620888157894736 3.0 5
12 1 8 8 0 1 0.23299416387805238 
2 2 2 4 1 0 0.46468936442504893 
12 11 13 4 4 1 0.32839185350272904 
---
0 54 19.551809210526315 4.0 5
1 2 2 1 1 0 0.4696544202879034 
7 7 13 4 8 1 0.5163406520865745 
12 4 13 8 1 1 0.2191779135283085 
7 7 12 8 7 1 0.16186752431577456 
---
0 55 18.688322368421055 5.0 5
11 7 5 2 7 0 0.342290689070778 
1 2 2 1 1 0 0.4696544202879034 
7 7 13 4 8 1 0.5163406520865745 
12 4 13 8 1 1 0.2191779135283085 
7 7 12 8 7 1 0.16186752431577456 
---
0 56 17.804276315789476 6.0 5
7 7 13 4 8 1 0.5163406520865745 
1 2 2 1 1 0 0.4696544202879034 
12 4 13 8 1 1 0.2191779135283085 
7 7 12 8 7 1 0.16186752431577456 
1 11 7 2 11 0 0.2700667057135677 
11 7 5 2 7 0 0.342290689070778 
---
0 57 16.632401315789476 8.0 5
11 8 2 1 4 0 0.6268987942276423 
2 4 7 3 2 0 0.8872142552329938 
7 7 12 8 7 1 0.16186752431577456 
4 7 13 1 8 1 0.5365245758062631 
12 4 13 2 0 1 0.1445613030082482 
2 2 12 8 1 0 0.18144877447670327 
1 11 7 2 11 0 0.2700667057135677 
11 7 5 2 7 0 0.342290689070778 
---
0 58 15.727796052631579 13.0 5
1 11 7 2 11 0 0.2700667057135677 
11 8 1 6 0 0 0.7297236150996405 
12 4 13 2 0 1 0.1445613030082482 
7 4 4 5 7 1 0.13432075614988115 
7 12 11 0 8 0 0.6556510788477423 
12 4 4 8 1 0 0.05773492766074573 
11 7 5 2 7 0 0.342290689070778 
7 7 4 2 11 0 0.08759318697834662 
3 12 2 12 7 0 0.4484308278676641 
7 4 5 1 12 0 0.2152894791425356 
4 7 13 1 8 1 0.5365245758062631 
7 7 12 8 7 1 0.16186752431577456 
13 2 2 2 11 0 0.9546024907223649 
---
0 59 16.097861842105264 12.0 5
7 4 5 1 12 0 0.2152894791425356 
11 8 1 6 0 0 0.7297236150996405 
12 4 13 2 0 1 0.1445613030082482 
7 7 4 2 11 0 0.08759318697834662 
4 7 13 1 8 1 0.5365245758062631 
13 2 2 2 11 0 0.9546024907223649 
7 7 12 8 7 1 0.16186752431577456 
12 4 4 8 1 0 0.05773492766074573 
11 7 5 2 7 0 0.342290689070778 
3 12 2 12 7 0 0.4484308278676641 
7 4 4 5 7 1 0.13432075614988115 
7 12 11 0 8 0 0.6556510788477423 
---
0 60 15.398848684210526 14.0 5
12 4 13 2 0 1 0.1445613030082482 
7 4 8 8 1 1 0.07455241220316 
7 12 11 0 8 0 0.6556510788477423 
4 7 13 1 8 1 0.5365245758062631 
1 11 7 2 11 0 0.2700667057135677 
7 4 4 5 7 1 0.13432075614988115 
13 2 2 2 11 0 0.9546024907223649 
11 7 5 2 7 0 0.342290689070778 
7 7 12 8 7 1 0.16186752431577456 
7 7 4 2 11 0 0.08759318697834662 
11 8 1 6 0 0 0.7297236150996405 
7 4 5 1 12 0 0.2152894791425356 
3 12 2 12 7 0 0.4484308278676641 
12 4 4 8 1 0 0.05773492766074573 
---
0 61 16.611842105263158 10.0 5
2 2 12 8 1 0 0.18144877447670327 
1 11 7 2 11 0 0.2700667057135677 
11 8 2 1 0 0 0.6310699884186841 
12 4 13 2 0 1 0.1445613030082482 
12 4 13 8 1 1 0.2191779135283085 
7 7 12 8 7 1 0.16186752431577456 
11 7 5 2 7 0 0.342290689070778 
4 7 13 1 8 1 0.5365245758062631 
7 11 7 13 7 1 0.19908077671720492 
2 4 7 3 2 0 0.8872142552329938 
---
0 62 15.234375 15.0 5
1 12 13 4 4 0 0.17742700014777513 
13 2 2 2 11 0 0.9546024907223649 
11 8 1 6 0 0 0.7297236150996405 
7 7 12 8 7 1 0.16186752431577456 
7 7 4 2 11 0 0.08759318697834662 
7 4 5 1 12 0 0.2152894791425356 
1 11 7 2 11 0 0.2700667057135677 
12 4 4 8 1 0 0.05773492766074573 
7 4 4 5 7 1 0.13432075614988115 
3 12 2 12 7 0 0.4484308278676641 
7 4 8 8 1 1 0.07455241220316 
11 7 5 2 7 0 0.342290689070778 
4 7 13 1 8 1 0.5365245758062631 
7 12 11 0 8 0 0.6556510788477423 
12 4 13 2 0 1 0.1445613030082482 
---
0 63 15.111019736842104 16.0 5
1 12 13 4 4 0 0.17742700014777513 
7 4 8 8 1 1 0.07455241220316 
1 11 7 2 11 0 0.2700667057135677 
12 4 4 8 1 0 0.05773492766074573 
12 4 13 2 0 1 0.1445613030082482 
4 7 13 1 8 1 0.5365245758062631 
7 7 12 8 7 1 0.16186752431577456 
7 4 5 1 12 0 0.2152894791425356 
7 7 4 2 11 0 0.08759318697834662 
3 12 2 12 7 0 0.4484308278676641 
11 7 5 2 7 0 0.342290689070778 
11 8 1 6 0 0 0.7297236150996405 
7 12 11 0 8 0 0.6556510788477423 
7 4 4 5 7 1 0.13432075614988115 
13 2 2 2 7 0 0.9524393710520905 
7 11 7 13 7 1 0.19908077671720492 
---
0 64 14.967105263157896 17.0 5
11 3 7 1 12 1 0.09667958841089486 
12 4 4 8 1 0 0.05773492766074573 
7 12 11 0 8 0 0.6556510788477423 
7 7 4 2 11 0 0.08759318697834662 
7 4 8 8 1 1 0.07455241220316 
11 7 5 2 7 0 0.342290689070778 
1 11 7 2 11 0 0.2700667057135677 
7 11 7 13 7 1 0.19908077671720492 
7 4 4 5 7 1 0.13432075614988115 
11 8 1 6 0 0 0.7297236150996405 
3 12 2 12 7 0 0.4484308278676641 
7 7 12 8 7 1 0.16186752431577456 
12 4 13 2 0 1 0.1445613030082482 
13 2 2 2 7 0 0.9524393710520905 
1 12 13 4 4 0 0.17742700014777513 
7 4 5 1 12 0 0.2152894791425356 
4 7 13 1 8 1 0.5365245758062631 
---
0 65 14.823190789473683 18.0 5
12 4 4 8 1 0 0.05773492766074573 
13 2 2 2 7 0 0.9524393710520905 
7 7 4 2 11 0 0.08759318697834662 
11 7 5 2 7 0 0.342290689070778 
7 12 11 0 8 0 0.6556510788477423 
7 4 4 5 7 1 0.13432075614988115 
3 12 2 12 7 0 0.4484308278676641 
7 4 5 1 12 0 0.2152894791425356 
11 3 7 1 12 1 0.09667958841089486 
1 11 7 2 11 0 0.2700667057135677 
4 7 13 1 8 1 0.5365245758062631 
7 4 8 8 1 1 0.07455241220316 
11 8 1 6 0 0 0.7297236150996405 
12 4 13 2 0 1 0.1445613030082482 
7 7 12 8 7 1 0.16186752431577456 
1 12 13 4 4 0 0.17742700014777513 
7 11 7 13 7 1 0.19908077671720492 
12 11 13 4 4 1 0.32839185350272904 
---
0 66 14.247532894736842 22.0 5
13 2 0 2 7 0 0.96552723679933 
3 12 2 12 7 0 0.4484308278676641 
7 7 12 8 7 1 0.16186752431577456 
11 8 1 6 0 0 0.7297236150996405 
4 7 13 1 8 1 0.5365245758062631 
7 12 11 0 8 0 0.6556510788477423 
11 7 5 2 7 0 0.342290689070778 
1 11 7 2 11 0 0.2700667057135677 
12 4 4 8 1 0 0.05773492766074573 
1 12 13 4 4 0 0.17742700014777513 
7 7 4 2 11 0 0.08759318697834662 
7 4 5 1 12 0 0.2152894791425356 
7 4 8 8 1 1 0.07455241220316 
12 4 13 2 0 1 0.1445613030082482 
12 7 13 2 1 1 0.1938224295680635 
12 4 5 4 8 1 0.490187736695578 
12 4 4 11 5 0 0.4944872468132413 
12 7 13 4 10 1 0.3785373264715385 
7 4 4 5 7 1 0.13432075614988115 
11 8 7 1 5 0 0.7093440757901401 
7 11 7 13 7 1 0.19908077671720492 
11 3 7 1 12 1 0.09667958841089486 
---
1 0 21.628289473684212 2.0 5
1 1 1 0 4 0 0.3603553888822508 
7 7 4 8 4 1 0.2274490703553853 
---
1 1 21.628289473684212 2.0 5
1 1 1 0 4 0 0.3603553888822508 
7 7 4 8 4 1 0.2274490703553853 
---
1 2 20.20970394736842 3.0 5
7 7 4 8 0 1 0.21005194777365266 
7 7 8 4 8 1 0.5070961099555218 
1 1 1 0 0 0 0.34622828511642334 
---
1 3 19.284539473684212 4.0 5
7 7 8 4 8 1 0.5070961099555218 
1 1 1 0 0 0 0.34622828511642334 
7 7 12 8 0 1 0.21592538756634316 
12 4 13 8 1 1 0.332840151365668 
---
1 4 17.989309210526315 5.0 5
7 4 13 2 11 0 0.18111774433530403 
7 7 8 4 8 1 0.5070961099555218 
7 7 12 8 0 1 0.21592538756634316 
1 1 1 0 0 0 0.34622828511642334 
12 4 13 8 1 1 0.332840151365668 
---
1 5 20.20970394736842 3.0 5
7 7 4 8 0 1 0.21005194777365266 
7 7 8 4 8 1 0.5070961099555218 
1 1 1 0 0 0 0.34622828511642334 
---
1 6 19.284539473684212 4.0 5
7 7 8 4 8 1 0.5070961099555218 
1 1 1 0 0 0 0.34622828511642334 
12 4 13 8 1 1 0.332840151365668 
7 7 12 8 0 1 0.21592538756634316 
---
1 7 16.673519736842106 21.0 5
11 4 13 10 12 0 0.27454220122576944 
1 1 12 12 1 0 0.3070079815195972 
7 4 1 1 2 0 0.42422858771811556 
4 7 13 3 5 1 0.8955316039633128 
2 7 5 7 1 0 0.308155854021384 
7 7 1 8 0 1 0.17834789483302527 
1 6 11 1 7 0 0.4466870771177709 
7 11 14 4 8 1 0.4983665246907589 
11 12 2 12 1 0 0.24991627685733908 
7 4 8 8 12 1 0.22498178359377685 
4 1 2 2 7 0 0.28683921192727424 
4 7 8 3 8 1 0.36721341789685236 
11 1 11 10 0 1 0.6022797628102308 
7 7 8 4 0 1 0.08978814500888799 
4 1 4 2 3 0 0.25272009279358176 
7 4 13 2 11 0 0.18111774433530403 
12 4 13 8 1 1 0.332840151365668 
7 11 8 4 8 1 0.4992083989313907 
7 7 4 2 8 1 0.4125536728920097 
7 7 12 8 0 1 0.21592538756634316 
3 4 13 4 11 0 0.3649189007871605 
---
1 8 17.989309210526315 5.0 5
7 4 13 2 11 0 0.18111774433530403 
7 7 8 4 8 1 0.5070961099555218 
7 7 12 8 0 1 0.21592538756634316 
1 1 1 0 0 0 0.34622828511642334 
12 4 13 8 1 1 0.332840151365668 
---
1 9 17.68092105263158 6.0 5
12 4 13 8 1 1 0.332840151365668 
7 4 13 2 11 0 0.18111774433530403 
1 1 1 0 0 0 0.34622828511642334 
7 7 12 8 0 1 0.21592538756634316 
7 7 8 4 8 1 0.5070961099555218 
1 1 9 0 0 0 0.2331218344071877 
---
1 10 17.68092105263158 6.0 5
12 4 13 8 1 1 0.332840151365668 
7 4 13 2 11 0 0.18111774433530403 
1 1 1 0 0 0 0.34622828511642334 
7 7 12 8 0 1 0.21592538756634316 
7 7 8 4 8 1 0.5070961099555218 
1 1 9 0 0 0 0.2331218344071877 
---
1 11 17.598684210526315 7.0 5
7 7 12 8 0 1 0.21592538756634316 
1 1 1 0 0 0 0.34622828511642334 
1 1 9 0 0 0 0.2331218344071877 
7 7 8 4 8 1 0.5070961099555218 
7 4 13 2 11 0 0.18111774433530403 
7 7 8 4 0 1 0.08978814500888799 
12 4 13 8 1 1 0.332840151365668 
---
1 12 17.29029605263158 8.0 5
1 1 9 0 0 0 0.2331218344071877 
7 7 12 8 0 1 0.21592538756634316 
7 7 8 4 8 1 0.5070961099555218 
7 7 8 4 0 1 0.08978814500888799 
1 1 1 0 0 0 0.34622828511642334 
7 4 4 8 12 1 0.16586495817644042 
7 4 13 2 11 0 0.18111774433530403 
12 4 13 8 1 1 0.332840151365668 
---
1 13 17.598684210526315 7.0 5
7 7 12 8 0 1 0.21592538756634316 
1 1 1 0 0 0 0.34622828511642334 
1 1 9 0 0 0 0.2331218344071877 
7 7 8 4 8 1 0.5070961099555218 
7 4 13 2 11 0 0.18111774433530403 
7 7 8 4 0 1 0.08978814500888799 
12 4 13 8 1 1 0.332840151365668 
---
1 14 17.105263157894736 10.0 5
4 7 8 3 8 1 0.36721341789685236 
11 1 11 10 0 1 0.6022797628102308 
12 4 13 8 1 1 0.332840151365668 
7 7 8 4 8 1 0.5070961099555218 
7 4 13 2 11 0 0.18111774433530403 
7 7 12 8 0 1 0.21592538756634316 
7 7 8 4 0 1 0.08978814500888799 
1 1 1 0 0 0 0.34622828511642334 
1 1 9 0 0 0 0.2331218344071877 
7 4 4 8 12 1 0.16586495817644042 
---
1 15 17.29029605263158 8.0 5
1 1 9 0 0 0 0.2331218344071877 
7 7 12 8 0 1 0.21592538756634316 
7 7 8 4 8 1 0.5070961099555218 
7 7 8 4 0 1 0.08978814500888799 
1 1 1 0 0 0 0.34622828511642334 
7 4 4 8 12 1 0.16586495817644042 
7 4 13 2 11 0 0.18111774433530403 
12 4 13 8 1 1 0.332840151365668 
---
1 16 17.1875 9.0 5
11 1 11 10 0 1 0.6022797628102308 
7 7 8 4 8 1 0.5070961099555218 
7 4 4 8 12 1 0.16586495817644042 
1 1 1 0 0 0 0.34622828511642334 
1 1 9 0 0 0 0.2331218344071877 
7 4 13 2 11 0 0.18111774433530403 
7 7 8 4 0 1 0.08978814500888799 
7 7 12 8 0 1 0.21592538756634316 
12 4 13 8 1 1 0.332840151365668 
---
1 17 17.023026315789476 18.0 5
7 7 12 8 0 1 0.21592538756634316 
1 6 11 1 7 0 0.4466870771177709 
2 7 5 7 1 0 0.308155854021384 
7 7 1 8 0 1 0.17834789483302527 
7 4 8 8 12 1 0.22498178359377685 
4 7 8 3 8 1 0.36721341789685236 
4 1 2 2 7 0 0.28683921192727424 
1 1 12 12 1 0 0.3070079815195972 
4 1 4 2 3 0 0.25272009279358176 
7 4 1 1 2 0 0.42422858771811556 
11 1 11 10 0 1 0.6022797628102308 
7 7 8 4 0 1 0.08978814500888799 
7 4 13 2 11 0 0.18111774433530403 
3 4 13 4 11 0 0.3649189007871605 
12 4 13 8 1 1 0.332840151365668 
7 7 4 2 8 1 0.4125536728920097 
11 12 2 12 1 0 0.24991627685733908 
7 11 14 4 8 1 0.4983665246907589 
---
1 18 17.023026315789476 18.0 5
7 7 12 8 0 1 0.21592538756634316 
1 6 11 1 7 0 0.4466870771177709 
2 7 5 7 1 0 0.308155854021384 
7 7 1 8 0 1 0.17834789483302527 
7 4 8 8 12 1 0.22498178359377685 
4 7 8 3 8 1 0.36721341789685236 
4 1 2 2 7 0 0.28683921192727424 
1 1 12 12 1 0 0.3070079815195972 
4 1 4 2 3 0 0.25272009279358176 
7 4 1 1 2 0 0.42422858771811556 
11 1 11 10 0 1 0.6022797628102308 
7 7 8 4 0 1 0.08978814500888799 
7 4 13 2 11 0 0.18111774433530403 
3 4 13 4 11 0 0.3649189007871605 
12 4 13 8 1 1 0.332840151365668 
7 7 4 2 8 1 0.4125536728920097 
11 12 2 12 1 0 0.24991627685733908 
7 11 14 4 8 1 0.4983665246907589 
---
1 19 17.1875 9.0 5
11 1 11 10 0 1 0.6022797628102308 
7 7 8 4 8 1 0.5070961099555218 
7 4 4 8 12 1 0.16586495817644042 
1 1 1 0 0 0 0.34622828511642334 
1 1 9 0 0 0 0.2331218344071877 
7 4 13 2 11 0 0.18111774433530403 
7 7 8 4 0 1 0.08978814500888799 
7 7 12 8 0 1 0.21592538756634316 
12 4 13 8 1 1 0.332840151365668 
---
1 20 16.940789473684212 19.0 5
7 4 13 2 11 0 0.18111774433530403 
4 1 2 2 7 0 0.28683921192727424 
4 1 4 2 3 0 0.25272009279358176 
1 6 11 1 7 0 0.4466870771177709 
7 7 8 4 0 1 0.08978814500888799 
7 7 1 8 0 1 0.17834789483302527 
11 1 11 10 0 1 0.6022797628102308 
12 4 13 8 1 1 0.332840151365668 
7 4 8 8 12 1 0.22498178359377685 
11 12 2 12 1 0 0.24991627685733908 
7 7 12 8 0 1 0.21592538756634316 
1 1 12 12 1 0 0.3070079815195972 
2 7 5 7 1 0 0.308155854021384 
7 7 4 2 8 1 0.4125536728920097 
7 11 14 4 8 1 0.4983665246907589 
4 7 13 3 5 1 0.8955316039633128 
7 4 1 1 2 0 0.42422858771811556 
3 4 13 4 11 0 0.3649189007871605 
4 7 8 3 8 1 0.36721341789685236 
---
1 21 17.105263157894736 10.0 5
4 7 8 3 8 1 0.36721341789685236 
11 1 11 10 0 1 0.6022797628102308 
12 4 13 8 1 1 0.332840151365668 
7 7 8 4 8 1 0.5070961099555218 
7 4 13 2 11 0 0.18111774433530403 
7 7 12 8 0 1 0.21592538756634316 
7 7 8 4 0 1 0.08978814500888799 
1 1 1 0 0 0 0.34622828511642334 
1 1 9 0 0 0 0.2331218344071877 
7 4 4 8 12 1 0.16586495817644042 
---
1 22 16.940789473684212 19.0 5
7 4 13 2 11 0 0.18111774433530403 
4 1 2 2 7 0 0.28683921192727424 
4 1 4 2 3 0 0.25272009279358176 
1 6 11 1 7 0 0.4466870771177709 
7 7 8 4 0 1 0.08978814500888799 
7 7 1 8 0 1 0.17834789483302527 
11 1 11 10 0 1 0.6022797628102308 
12 4 13 8 1 1 0.332840151365668 
7 4 8 8 12 1 0.22498178359377685 
11 12 2 12 1 0 0.24991627685733908 
7 7 12 8 0 1 0.21592538756634316 
1 1 12 12 1 0 0.3070079815195972 
2 7 5 7 1 0 0.308155854021384 
7 7 4 2 8 1 0.4125536728920097 
7 11 14 4 8 1 0.4983665246907589 
4 7 13 3 5 1 0.8955316039633128 
7 4 1 1 2 0 0.42422858771811556 
3 4 13 4 11 0 0.3649189007871605 
4 7 8 3 8 1 0.36721341789685236 
---
1 23 16.755756578947366 20.0 5
11 1 11 10 0 1 0.6022797628102308 
12 4 13 8 1 1 0.332840151365668 
7 4 8 8 12 1 0.22498178359377685 
1 1 12 12 1 0 0.3070079815195972 
7 7 12 8 0 1 0.21592538756634316 
7 11 14 4 8 1 0.4983665246907589 
4 1 2 2 7 0 0.28683921192727424 
4 7 8 3 8 1 0.36721341789685236 
11 12 2 12 1 0 0.24991627685733908 
7 4 13 2 11 0 0.18111774433530403 
1 6 11 1 7 0 0.4466870771177709 
3 4 13 4 11 0 0.3649189007871605 
2 7 5 7 1 0 0.308155854021384 
7 7 1 8 0 1 0.17834789483302527 
7 7 4 2 8 1 0.4125536728920097 
7 7 8 4 0 1 0.08978814500888799 
7 11 8 4 8 1 0.4992083989313907 
4 7 13 3 5 1 0.8955316039633128 
7 4 1 1 2 0 0.42422858771811556 
4 1 4 2 3 0 0.25272009279358176 
---
1 24 16.673519736842106 21.0 5
11 4 13 10 12 0 0.27454220122576944 
1 1 12 12 1 0 0.3070079815195972 
7 4 1 1 2 0 0.42422858771811556 
4 7 13 3 5 1 0.8955316039633128 
2 7 5 7 1 0 0.308155854021384 
7 7 1 8 0 1 0.17834789483302527 
1 6 11 1 7 0 0.4466870771177709 
7 11 14 4 8 1 0.4983665246907589 
11 12 2 12 1 0 0.24991627685733908 
7 4 8 8 12 1 0.22498178359377685 
4 1 2 2 7 0 0.28683921192727424 
4 7 8 3 8 1 0.36721341789685236 
11 1 11 10 0 1 0.6022797628102308 
7 7 8 4 0 1 0.08978814500888799 
4 1 4 2 3 0 0.25272009279358176 
7 4 13 2 11 0 0.18111774433530403 
12 4 13 8 1 1 0.332840151365668 
7 11 8 4 8 1 0.4992083989313907 
7 7 4 2 8 1 0.4125536728920097 
7 7 12 8 0 1 0.21592538756634316 
3 4 13 4 11 0 0.3649189007871605 
---
1 25 16.755756578947366 20.0 5
11 1 11 10 0 1 0.6022797628102308 
12 4 13 8 1 1 0.332840151365668 
7 4 8 8 12 1 0.22498178359377685 
1 1 12 12 1 0 0.3070079815195972 
7 7 12 8 0 1 0.21592538756634316 
7 11 14 4 8 1 0.4983665246907589 
4 1 2 2 7 0 0.28683921192727424 
4 7 8 3 8 1 0.36721341789685236 
11 12 2 12 1 0 0.24991627685733908 
7 4 13 2 11 0 0.18111774433530403 
1 6 11 1 7 0 0.4466870771177709 
3 4 13 4 11 0 0.3649189007871605 
2 7 5 7 1 0 0.308155854021384 
7 7 1 8 0 1 0.17834789483302527 
7 7 4 2 8 1 0.4125536728920097 
7 7 8 4 0 1 0.08978814500888799 
7 11 8 4 8 1 0.4992083989313907 
4 7 13 3 5 1 0.8955316039633128 
7 4 1 1 2 0 0.42422858771811556 
4 1 4 2 3 0 0.25272009279358176 
---
1 26 29.399671052631575 1.0 5
1 2 0 4 0 0 0.4452528060974166 
---
1 27 21.628289473684212 2.0 5
7 7 4 8 4 1 0.2274490703553853 
1 1 1 0 4 0 0.3603553888822508 
---
1 28 20.20970394736842 3.0 5
7 7 4 8 0 1 0.21005194777365266 
7 7 8 4 8 1 0.5070961099555218 
1 1 1 0 0 0 0.34622828511642334 
---
1 29 19.284539473684212 4.0 5
12 4 13 8 1 1 0.332840151365668 
1 1 1 0 0 0 0.34622828511642334 
7 7 12 8 0 1 0.21592538756634316 
7 7 8 4 8 1 0.5070961099555218 
---
1 30 17.989309210526315 5.0 5
7 4 13 2 11 0 0.18111774433530403 
7 7 8 4 8 1 0.5070961099555218 
7 7 12 8 0 1 0.21592538756634316 
1 1 1 0 0 0 0.34622828511642334 
12 4 13 8 1 1 0.332840151365668 
---
1 31 17.68092105263158 6.0 5
12 4 13 8 1 1 0.332840151365668 
7 4 13 2 11 0 0.18111774433530403 
1 1 1 0 0 0 0.34622828511642334 
7 7 12 8 0 1 0.21592538756634316 
7 7 8 4 8 1 0.5070961099555218 
1 1 9 0 0 0 0.2331218344071877 
---
1 32 17.598684210526315 7.0 5
7 7 12 8 0 1 0.21592538756634316 
1 1 1 0 0 0 0.34622828511642334 
1 1 9 0 0 0 0.2331218344071877 
7 7 8 4 8 1 0.5070961099555218 
7 4 13 2 11 0 0.18111774433530403 
7 7 8 4 0 1 0.08978814500888799 
12 4 13 8 1 1 0.332840151365668 
---
1 33 17.29029605263158 8.0 5
1 1 9 0 0 0 0.2331218344071877 
1 1 1 0 0 0 0.34622828511642334 
7 4 13 2 11 0 0.18111774433530403 
7 7 12 8 0 1 0.21592538756634316 
7 7 8 4 0 1 0.08978814500888799 
7 4 4 8 12 1 0.16586495817644042 
7 7 8 4 8 1 0.5070961099555218 
12 4 13 8 1 1 0.332840151365668 
---
1 34 17.023026315789476 18.0 5
7 7 12 8 0 1 0.21592538756634316 
1 6 11 1 7 0 0.4466870771177709 
2 7 5 7 1 0 0.308155854021384 
7 7 1 8 0 1 0.17834789483302527 
7 4 8 8 12 1 0.22498178359377685 
4 7 8 3 8 1 0.36721341789685236 
4 1 2 2 7 0 0.28683921192727424 
1 1 12 12 1 0 0.3070079815195972 
4 1 4 2 3 0 0.25272009279358176 
7 4 1 1 2 0 0.42422858771811556 
11 1 11 10 0 1 0.6022797628102308 
7 7 8 4 0 1 0.08978814500888799 
7 4 13 2 11 0 0.18111774433530403 
3 4 13 4 11 0 0.3649189007871605 
12 4 13 8 1 1 0.332840151365668 
7 7 4 2 8 1 0.4125536728920097 
11 12 2 12 1 0 0.24991627685733908 
7 11 14 4 8 1 0.4983665246907589 
---
1 35 17.1875 9.0 5
11 1 11 10 0 1 0.6022797628102308 
7 7 8 4 8 1 0.5070961099555218 
7 4 4 8 12 1 0.16586495817644042 
1 1 1 0 0 0 0.34622828511642334 
1 1 9 0 0 0 0.2331218344071877 
7 4 13 2 11 0 0.18111774433530403 
7 7 8 4 0 1 0.08978814500888799 
7 7 12 8 0 1 0.21592538756634316 
12 4 13 8 1 1 0.332840151365668 
---
1 36 17.105263157894736 10.0 5
4 7 8 3 8 1 0.36721341789685236 
11 1 11 10 0 1 0.6022797628102308 
12 4 13 8 1 1 0.332840151365668 
7 7 8 4 8 1 0.5070961099555218 
7 4 13 2 11 0 0.18111774433530403 
7 7 12 8 0 1 0.21592538756634316 
7 7 8 4 0 1 0.08978814500888799 
1 1 1 0 0 0 0.34622828511642334 
1 1 9 0 0 0 0.2331218344071877 
7 4 4 8 12 1 0.16586495817644042 
---
1 37 16.940789473684212 19.0 5
7 4 13 2 11 0 0.18111774433530403 
4 1 2 2 7 0 0.28683921192727424 
4 1 4 2 3 0 0.25272009279358176 
1 6 11 1 7 0 0.4466870771177709 
7 7 8 4 0 1 0.08978814500888799 
7 7 1 8 0 1 0.17834789483302527 
11 1 11 10 0 1 0.6022797628102308 
12 4 13 8 1 1 0.332840151365668 
7 4 8 8 12 1 0.22498178359377685 
11 12 2 12 1 0 0.24991627685733908 
7 7 12 8 0 1 0.21592538756634316 
1 1 12 12 1 0 0.3070079815195972 
2 7 5 7 1 0 0.308155854021384 
7 7 4 2 8 1 0.4125536728920097 
7 11 14 4 8 1 0.4983665246907589 
4 7 13 3 5 1 0.8955316039633128 
7 4 1 1 2 0 0.42422858771811556 
3 4 13 4 11 0 0.3649189007871605 
4 7 8 3 8 1 0.36721341789685236 
---
1 38 16.673519736842106 21.0 5
11 4 13 10 12 0 0.27454220122576944 
1 1 12 12 1 0 0.3070079815195972 
7 4 1 1 2 0 0.42422858771811556 
4 7 13 3 5 1 0.8955316039633128 
2 7 5 7 1 0 0.308155854021384 
7 7 1 8 0 1 0.17834789483302527 
1 6 11 1 7 0 0.4466870771177709 
7 11 14 4 8 1 0.4983665246907589 
11 12 2 12 1 0 0.24991627685733908 
7 4 8 8 12 1 0.22498178359377685 
4 1 2 2 7 0 0.28683921192727424 
4 7 8 3 8 1 0.36721341789685236 
11 1 11 10 0 1 0.6022797628102308 
7 7 8 4 0 1 0.08978814500888799 
4 1 4 2 3 0 0.25272009279358176 
7 4 13 2 11 0 0.18111774433530403 
12 4 13 8 1 1 0.332840151365668 
7 11 8 4 8 1 0.4992083989313907 
7 7 4 2 8 1 0.4125536728920097 
7 7 12 8 0 1 0.21592538756634316 
3 4 13 4 11 0 0.3649189007871605 
---
1 39 16.755756578947366 20.0 5
11 1 11 10 0 1 0.6022797628102308 
12 4 13 8 1 1 0.332840151365668 
7 4 8 8 12 1 0.22498178359377685 
1 1 12 12 1 0 0.3070079815195972 
7 7 12 8 0 1 0.21592538756634316 
7 11 14 4 8 1 0.4983665246907589 
4 1 2 2 7 0 0.28683921192727424 
4 7 8 3 8 1 0.36721341789685236 
11 12 2 12 1 0 0.24991627685733908 
7 4 13 2 11 0 0.18111774433530403 
1 6 11 1 7 0 0.4466870771177709 
3 4 13 4 11 0 0.3649189007871605 
2 7 5 7 1 0 0.308155854021384 
7 7 1 8 0 1 0.17834789483302527 
7 7 4 2 8 1 0.4125536728920097 
7 7 8 4 0 1 0.08978814500888799 
7 11 8 4 8 1 0.4992083989313907 
4 7 13 3 5 1 0.8955316039633128 
7 4 1 1 2 0 0.42422858771811556 
4 1 4 2 3 0 0.25272009279358176 
---
1 40 29.399671052631575 1.0 5
1 2 0 4 0 0 0.4452528060974166 
---
1 41 21.628289473684212 2.0 5
7 7 4 8 4 1 0.2274490703553853 
1 1 1 0 4 0 0.3603553888822508 
---
1 42 20.20970394736842 3.0 5
7 7 4 8 0 1 0.21005194777365266 
7 7 8 4 8 1 0.5070961099555218 
1 1 1 0 0 0 0.34622828511642334 
---
1 43 19.284539473684212 4.0 5
7 7 8 4 8 1 0.5070961099555218 
1 1 1 0 0 0 0.34622828511642334 
12 4 13 8 1 1 0.332840151365668 
7 7 12 8 0 1 0.21592538756634316 
---
1 44 17.989309210526315 5.0 5
7 4 13 2 11 0 0.18111774433530403 
7 7 8 4 8 1 0.5070961099555218 
7 7 12 8 0 1 0.21592538756634316 
1 1 1 0 0 0 0.34622828511642334 
12 4 13 8 1 1 0.332840151365668 
---
1 45 17.68092105263158 6.0 5
12 4 13 8 1 1 0.332840151365668 
7 4 13 2 11 0 0.18111774433530403 
1 1 1 0 0 0 0.34622828511642334 
7 7 12 8 0 1 0.21592538756634316 
7 7 8 4 8 1 0.5070961099555218 
1 1 9 0 0 0 0.2331218344071877 
---
1 46 17.598684210526315 7.0 5
7 7 12 8 0 1 0.21592538756634316 
1 1 1 0 0 0 0.34622828511642334 
1 1 9 0 0 0 0.2331218344071877 
7 7 8 4 8 1 0.5070961099555218 
7 4 13 2 11 0 0.18111774433530403 
7 7 8 4 0 1 0.08978814500888799 
12 4 13 8 1 1 0.332840151365668 
---
1 47 17.29029605263158 8.0 5
1 1 9 0 0 0 0.2331218344071877 
7 7 12 8 0 1 0.21592538756634316 
7 7 8 4 8 1 0.5070961099555218 
7 7 8 4 0 1 0.08978814500888799 
1 1 1 0 0 0 0.34622828511642334 
7 4 4 8 12 1 0.16586495817644042 
7 4 13 2 11 0 0.18111774433530403 
12 4 13 8 1 1 0.332840151365668 
---
1 48 17.023026315789476 18.0 5
7 7 12 8 0 1 0.21592538756634316 
1 6 11 1 7 0 0.4466870771177709 
2 7 5 7 1 0 0.308155854021384 
7 7 1 8 0 1 0.17834789483302527 
7 4 8 8 12 1 0.22498178359377685 
4 7 8 3 8 1 0.36721341789685236 
4 1 2 2 7 0 0.28683921192727424 
1 1 12 12 1 0 0.3070079815195972 
4 1 4 2 3 0 0.25272009279358176 
7 4 1 1 2 0 0.42422858771811556 
11 1 11 10 0 1 0.6022797628102308 
7 7 8 4 0 1 0.08978814500888799 
7 4 13 2 11 0 0.18111774433530403 
3 4 13 4 11 0 0.3649189007871605 
12 4 13 8 1 1 0.332840151365668 
7 7 4 2 8 1 0.4125536728920097 
11 12 2 12 1 0 0.24991627685733908 
7 11 14 4 8 1 0.4983665246907589 
---
1 49 17.105263157894736 10.0 5
4 7 8 3 8 1 0.36721341789685236 
11 1 11 10 0 1 0.6022797628102308 
12 4 13 8 1 1 0.332840151365668 
7 7 8 4 8 1 0.5070961099555218 
7 4 13 2 11 0 0.18111774433530403 
7 7 12 8 0 1 0.21592538756634316 
7 7 8 4 0 1 0.08978814500888799 
1 1 1 0 0 0 0.34622828511642334 
1 1 9 0 0 0 0.2331218344071877 
7 4 4 8 12 1 0.16586495817644042 
---
1 50 17.1875 9.0 5
11 1 11 10 0 1 0.6022797628102308 
7 7 8 4 8 1 0.5070961099555218 
7 4 4 8 12 1 0.16586495817644042 
1 1 1 0 0 0 0.34622828511642334 
1 1 9 0 0 0 0.2331218344071877 
7 4 13 2 11 0 0.18111774433530403 
7 7 8 4 0 1 0.08978814500888799 
7 7 12 8 0 1 0.21592538756634316 
12 4 13 8 1 1 0.332840151365668 
---
1 51 16.940789473684212 19.0 5
7 4 13 2 11 0 0.18111774433530403 
4 1 2 2 7 0 0.28683921192727424 
4 1 4 2 3 0 0.25272009279358176 
1 6 11 1 7 0 0.4466870771177709 
7 7 8 4 0 1 0.08978814500888799 
7 7 1 8 0 1 0.17834789483302527 
11 1 11 10 0 1 0.6022797628102308 
12 4 13 8 1 1 0.332840151365668 
7 4 8 8 12 1 0.22498178359377685 
11 12 2 12 1 0 0.24991627685733908 
7 7 12 8 0 1 0.21592538756634316 
1 1 12 12 1 0 0.3070079815195972 
2 7 5 7 1 0 0.308155854021384 
7 7 4 2 8 1 0.4125536728920097 
7 11 14 4 8 1 0.4983665246907589 
4 7 13 3 5 1 0.8955316039633128 
7 4 1 1 2 0 0.42422858771811556 
3 4 13 4 11 0 0.3649189007871605 
4 7 8 3 8 1 0.36721341789685236 
---
1 52 16.673519736842106 21.0 5
11 4 13 10 12 0 0.27454220122576944 
1 1 12 12 1 0 0.3070079815195972 
7 4 1 1 2 0 0.42422858771811556 
4 7 13 3 5 1 0.8955316039633128 
2 7 5 7 1 0 0.308155854021384 
7 7 1 8 0 1 0.17834789483302527 
1 6 11 1 7 0 0.4466870771177709 
7 11 14 4 8 1 0.4983665246907589 
11 12 2 12 1 0 0.24991627685733908 
7 4 8 8 12 1 0.22498178359377685 
4 1 2 2 7 0 0.28683921192727424 
4 7 8 3 8 1 0.36721341789685236 
11 1 11 10 0 1 0.6022797628102308 
7 7 8 4 0 1 0.08978814500888799 
4 1 4 2 3 0 0.25272009279358176 
7 4 13 2 11 0 0.18111774433530403 
12 4 13 8 1 1 0.332840151365668 
7 11 8 4 8 1 0.4992083989313907 
7 7 4 2 8 1 0.4125536728920097 
7 7 12 8 0 1 0.21592538756634316 
3 4 13 4 11 0 0.3649189007871605 
---
1 53 16.755756578947366 20.0 5
11 1 11 10 0 1 0.6022797628102308 
12 4 13 8 1 1 0.332840151365668 
7 4 8 8 12 1 0.22498178359377685 
1 1 12 12 1 0 0.3070079815195972 
7 7 12 8 0 1 0.21592538756634316 
7 11 14 4 8 1 0.4983665246907589 
4 1 2 2 7 0 0.28683921192727424 
4 7 8 3 8 1 0.36721341789685236 
11 12 2 12 1 0 0.24991627685733908 
7 4 13 2 11 0 0.18111774433530403 
1 6 11 1 7 0 0.4466870771177709 
3 4 13 4 11 0 0.3649189007871605 
2 7 5 7 1 0 0.308155854021384 
7 7 1 8 0 1 0.17834789483302527 
7 7 4 2 8 1 0.4125536728920097 
7 7 8 4 0 1 0.08978814500888799 
7 11 8 4 8 1 0.4992083989313907 
4 7 13 3 5 1 0.8955316039633128 
7 4 1 1 2 0 0.42422858771811556 
4 1 4 2 3 0 0.25272009279358176 
---
1 54 21.628289473684212 2.0 5
1 1 1 0 4 0 0.3603553888822508 
7 7 4 8 4 1 0.2274490703553853 
---
1 55 20.20970394736842 3.0 5
7 7 4 8 0 1 0.21005194777365266 
7 7 8 4 8 1 0.5070961099555218 
1 1 1 0 0 0 0.34622828511642334 
---
1 56 19.284539473684212 4.0 5
7 7 8 4 8 1 0.5070961099555218 
1 1 1 0 0 0 0.34622828511642334 
12 4 13 8 1 1 0.332840151365668 
7 7 12 8 0 1 0.21592538756634316 
---
2 0 29.399671052631575 1.0 5
2 1 2 0 2 0 0.2695140599230228 
---
2 1 21.710526315789476 2.0 5
7 7 4 8 2 1 0.20923719471869062 
1 4 1 1 2 0 0.5229758353602361 
---
2 2 20.20970394736842 3.0 5
7 7 4 8 2 1 0.20923719471869062 
1 4 1 1 2 0 0.5229758353602361 
7 7 8 4 8 1 0.44216081622281667 
---
2 3 17.783717105263158 4.0 5
11 2 8 2 7 0 0.26045060664129815 
7 7 12 8 4 1 0.19649533512775874 
1 1 7 2 4 0 0.41942712494255985 
12 1 13 2 1 1 0.19445727589517736 
---
2 4 14.967105263157896 34.0 5
1 11 5 8 2 1 0.43164493624293443 
13 7 4 8 7 0 0.9852775947818373 
0 1 9 12 2 1 0.38247784285813635 
11 7 6 0 10 1 0.8120543126213355 
12 7 8 5 4 1 0.31620078114818617 
11 1 6 0 10 1 0.7499000586282365 
11 4 7 7 5 0 0.5164439151393099 
13 7 1 1 7 0 0.9945311243829977 
4 4 8 8 6 1 0.12511558978269322 
2 8 7 13 11 0 0.4671334305291781 
6 3 4 6 4 1 0.04424232870701161 
0 1 7 12 2 0 0.6406211416096247 
1 7 1 1 9 0 0.4588715689386358 
4 11 8 4 6 1 0.11433048562977777 
7 12 4 5 1 1 0.24809761991861845 
7 4 8 4 8 1 0.4124045838611956 
12 1 13 4 1 1 0.11570898856256617 
7 7 12 8 4 1 0.19649533512775874 
1 1 7 2 4 0 0.41942712494255985 
1 7 4 2 3 0 0.07788637270964704 
7 4 9 8 10 1 0.34875771256742405 
1 6 5 11 3 0 0.35859357495179633 
12 11 13 7 7 1 0.11164486355544145 
11 4 1 4 4 0 0.3358027796415105 
6 6 8 4 1 1 0.23039148967177692 
1 13 12 11 8 0 0.9585332457401116 
7 8 13 13 1 1 0.2501530554746094 
11 12 2 4 4 0 0.2806309185868656 
11 4 1 2 11 0 0.35739660810346985 
12 7 8 12 10 1 0.5025857843235104 
7 11 4 12 1 1 0.1178121379915349 
12 7 8 4 4 1 0.1392633970983752 
0 5 7 12 2 0 0.8360548915365003 
4 11 12 8 6 1 0.18661890575773743 
---
2 5 21.710526315789476 2.0 5
7 7 4 8 2 1 0.20923719471869062 
1 4 1 1 2 0 0.5229758353602361 
---
2 6 20.20970394736842 3.0 5
7 7 4 8 2 1 0.20923719471869062 
7 7 8 4 8 1 0.44216081622281667 
1 4 1 1 2 0 0.5229758353602361 
---
2 7 17.249177631578945 6.0 5
12 1 13 4 1 1 0.11570898856256617 
11 2 8 2 7 0 0.26045060664129815 
1 1 7 2 4 0 0.41942712494255985 
7 12 4 5 1 1 0.24809761991861845 
11 4 1 2 11 0 0.35739660810346985 
7 7 12 8 4 1 0.19649533512775874 
---
2 8 17.023026315789476 7.0 5
13 7 1 1 7 0 0.9945311243829977 
11 2 8 2 7 0 0.26045060664129815 
7 1 7 4 2 0 0.4060751687991242 
7 12 4 5 1 1 0.24809761991861845 
12 1 13 4 1 1 0.11570898856256617 
11 4 1 2 11 0 0.35739660810346985 
7 7 12 8 4 1 0.19649533512775874 
---
2 9 17.783717105263158 4.0 5
11 2 8 2 7 0 0.26045060664129815 
7 7 12 8 4 1 0.19649533512775874 
1 1 7 2 4 0 0.41942712494255985 
12 1 13 2 1 1 0.19445727589517736 
---
2 10 17.249177631578945 6.0 5
12 1 13 4 1 1 0.11570898856256617 
11 2 8 2 7 0 0.26045060664129815 
1 1 7 2 4 0 0.41942712494255985 
7 12 4 5 1 1 0.24809761991861845 
11 4 1 2 11 0 0.35739660810346985 
7 7 12 8 4 1 0.19649533512775874 
---
2 11 17.023026315789476 7.0 5
13 7 1 1 7 0 0.9945311243829977 
11 2 8 2 7 0 0.26045060664129815 
7 1 7 4 2 0 0.4060751687991242 
7 12 4 5 1 1 0.24809761991861845 
12 1 13 4 1 1 0.11570898856256617 
11 4 1 2 11 0 0.35739660810346985 
7 7 12 8 4 1 0.19649533512775874 
---
2 12 16.447368421052634 8.0 5
11 4 1 2 11 0 0.35739660810346985 
7 7 12 8 4 1 0.19649533512775874 
7 7 8 4 8 1 0.44216081622281667 
11 12 2 4 4 0 0.2806309185868656 
13 7 1 1 7 0 0.9945311243829977 
7 1 7 4 2 0 0.4060751687991242 
12 1 13 4 1 1 0.11570898856256617 
7 12 4 5 1 1 0.24809761991861845 
---
2 13 16.447368421052634 8.0 5
11 4 1 2 11 0 0.35739660810346985 
7 7 12 8 4 1 0.19649533512775874 
7 7 8 4 8 1 0.44216081622281667 
11 12 2 4 4 0 0.2806309185868656 
13 7 1 1 7 0 0.9945311243829977 
7 1 7 4 2 0 0.4060751687991242 
12 1 13 4 1 1 0.11570898856256617 
7 12 4 5 1 1 0.24809761991861845 
---
2 14 16.221217105263158 9.0 5
11 7 6 0 10 1 0.8120543126213355 
7 7 8 4 8 1 0.44216081622281667 
7 12 4 5 1 1 0.24809761991861845 
11 4 1 2 11 0 0.35739660810346985 
7 1 7 4 2 0 0.4060751687991242 
12 1 13 4 1 1 0.11570898856256617 
7 7 12 8 4 1 0.19649533512775874 
13 7 1 1 7 0 0.9945311243829977 
11 12 2 4 4 0 0.2806309185868656 
---
2 15 16.221217105263158 9.0 5
11 7 6 0 10 1 0.8120543126213355 
7 7 8 4 8 1 0.44216081622281667 
7 12 4 5 1 1 0.24809761991861845 
11 4 1 2 11 0 0.35739660810346985 
7 1 7 4 2 0 0.4060751687991242 
12 1 13 4 1 1 0.11570898856256617 
7 7 12 8 4 1 0.19649533512775874 
13 7 1 1 7 0 0.9945311243829977 
11 12 2 4 4 0 0.2806309185868656 
---
2 16 15.871710526315788 10.0 5
2 8 7 13 11 0 0.4671334305291781 
7 12 4 5 1 1 0.24809761991861845 
13 7 1 1 7 0 0.9945311243829977 
7 1 7 4 2 0 0.4060751687991242 
11 7 6 0 10 1 0.8120543126213355 
7 7 12 8 4 1 0.19649533512775874 
11 4 1 2 11 0 0.35739660810346985 
11 12 2 4 4 0 0.2806309185868656 
7 7 8 4 8 1 0.44216081622281667 
12 1 13 4 1 1 0.11570898856256617 
---
2 17 15.871710526315788 10.0 5
2 8 7 13 11 0 0.4671334305291781 
7 12 4 5 1 1 0.24809761991861845 
13 7 1 1 7 0 0.9945311243829977 
7 1 7 4 2 0 0.4060751687991242 
11 7 6 0 10 1 0.8120543126213355 
7 7 12 8 4 1 0.19649533512775874 
11 4 1 2 11 0 0.35739660810346985 
11 12 2 4 4 0 0.2806309185868656 
7 7 8 4 8 1 0.44216081622281667 
12 1 13 4 1 1 0.11570898856256617 
---
2 18 15.707236842105262 18.0 5
7 11 5 8 2 1 0.42606641469816897 
7 4 8 4 8 1 0.4124045838611956 
7 7 12 8 4 1 0.19649533512775874 
7 11 4 12 1 1 0.1178121379915349 
0 1 7 12 2 0 0.6406211416096247 
7 12 4 5 1 1 0.24809761991861845 
1 7 4 2 3 0 0.07788637270964704 
12 11 13 7 7 1 0.11164486355544145 
11 7 6 0 10 1 0.8120543126213355 
11 4 7 7 5 0 0.5164439151393099 
12 1 13 4 1 1 0.11570898856256617 
12 7 8 12 10 1 0.5025857843235104 
12 7 8 4 4 1 0.1392633970983752 
11 12 2 4 4 0 0.2806309185868656 
13 7 1 1 7 0 0.9945311243829977 
2 8 7 13 11 0 0.4671334305291781 
11 4 1 2 11 0 0.35739660810346985 
7 8 13 13 1 1 0.2501530554746094 
---
2 19 15.768914473684212 16.0 5
7 4 8 4 8 1 0.4124045838611956 
7 11 4 12 1 1 0.1178121379915349 
12 7 8 4 4 1 0.1392633970983752 
11 4 1 2 11 0 0.35739660810346985 
13 7 1 1 7 0 0.9945311243829977 
11 7 6 0 10 1 0.8120543126213355 
2 8 7 13 11 0 0.4671334305291781 
7 7 12 8 4 1 0.19649533512775874 
7 11 5 8 2 1 0.42606641469816897 
11 4 7 7 5 0 0.5164439151393099 
0 1 7 12 2 0 0.6406211416096247 
11 12 2 4 4 0 0.2806309185868656 
12 7 8 12 10 1 0.5025857843235104 
12 1 13 4 1 1 0.11570898856256617 
7 12 4 5 1 1 0.24809761991861845 
7 8 13 13 1 1 0.2501530554746094 
---
2 20 15.707236842105262 18.0 5
7 11 5 8 2 1 0.42606641469816897 
7 4 8 4 8 1 0.4124045838611956 
7 7 12 8 4 1 0.19649533512775874 
7 11 4 12 1 1 0.1178121379915349 
0 1 7 12 2 0 0.6406211416096247 
7 12 4 5 1 1 0.24809761991861845 
1 7 4 2 3 0 0.07788637270964704 
12 11 13 7 7 1 0.11164486355544145 
11 7 6 0 10 1 0.8120543126213355 
11 4 7 7 5 0 0.5164439151393099 
12 1 13 4 1 1 0.11570898856256617 
12 7 8 12 10 1 0.5025857843235104 
12 7 8 4 4 1 0.1392633970983752 
11 12 2 4 4 0 0.2806309185868656 
13 7 1 1 7 0 0.9945311243829977 
2 8 7 13 11 0 0.4671334305291781 
11 4 1 2 11 0 0.35739660810346985 
7 8 13 13 1 1 0.2501530554746094 
---
2 21 15.069901315789474 22.0 5
7 7 12 8 4 1 0.19649533512775874 
1 6 5 11 3 0 0.35859357495179633 
1 13 12 11 8 0 0.9585332457401116 
11 7 6 0 10 1 0.8120543126213355 
12 7 8 4 4 1 0.1392633970983752 
2 8 7 13 11 0 0.4671334305291781 
6 6 8 4 1 1 0.23039148967177692 
7 4 8 4 8 1 0.4124045838611956 
1 11 5 8 2 1 0.43164493624293443 
12 1 13 4 1 1 0.11570898856256617 
12 7 8 12 10 1 0.5025857843235104 
7 8 13 13 1 1 0.2501530554746094 
13 7 1 1 7 0 0.9945311243829977 
11 12 2 4 4 0 0.2806309185868656 
7 11 4 12 1 1 0.1178121379915349 
11 4 1 2 11 0 0.35739660810346985 
1 7 4 2 3 0 0.07788637270964704 
4 11 12 8 6 1 0.18661890575773743 
12 11 13 7 7 1 0.11164486355544145 
11 4 7 7 5 0 0.5164439151393099 
0 1 7 12 2 0 0.6406211416096247 
7 12 4 5 1 1 0.24809761991861845 
---
2 22 15.625 19.0 5
0 1 7 12 2 0 0.6406211416096247 
7 11 4 12 1 1 0.1178121379915349 
11 4 1 2 11 0 0.35739660810346985 
2 8 7 13 11 0 0.4671334305291781 
7 11 5 8 2 1 0.42606641469816897 
7 7 12 8 4 1 0.19649533512775874 
7 12 4 5 1 1 0.24809761991861845 
12 1 13 4 1 1 0.11570898856256617 
1 7 4 2 3 0 0.07788637270964704 
11 12 2 4 4 0 0.2806309185868656 
12 7 8 12 10 1 0.5025857843235104 
11 7 6 0 10 1 0.8120543126213355 
11 4 7 7 5 0 0.5164439151393099 
12 11 13 7 7 1 0.11164486355544145 
7 4 8 4 8 1 0.4124045838611956 
13 7 1 1 7 0 0.9945311243829977 
12 7 8 4 4 1 0.1392633970983752 
7 8 13 13 1 1 0.2501530554746094 
4 11 12 8 6 1 0.18661890575773743 
---
2 23 15.583881578947366 20.0 5
4 11 8 4 6 1 0.11433048562977777 
4 11 12 8 6 1 0.18661890575773743 
1 7 4 2 3 0 0.07788637270964704 
12 11 13 7 7 1 0.11164486355544145 
12 1 13 4 1 1 0.11570898856256617 
7 8 13 13 1 1 0.2501530554746094 
12 7 8 12 10 1 0.5025857843235104 
11 4 7 7 5 0 0.5164439151393099 
0 1 7 12 2 0 0.6406211416096247 
7 4 8 4 8 1 0.4124045838611956 
13 7 1 1 7 0 0.9945311243829977 
12 7 8 4 4 1 0.1392633970983752 
7 7 12 8 4 1 0.19649533512775874 
7 12 4 5 1 1 0.24809761991861845 
2 8 7 13 11 0 0.4671334305291781 
11 12 2 4 4 0 0.2806309185868656 
11 4 1 2 11 0 0.35739660810346985 
7 11 4 12 1 1 0.1178121379915349 
7 11 5 8 2 1 0.42606641469816897 
11 7 6 0 10 1 0.8120543126213355 
---
2 24 15.625 19.0 5
0 1 7 12 2 0 0.6406211416096247 
7 11 4 12 1 1 0.1178121379915349 
11 4 1 2 11 0 0.35739660810346985 
2 8 7 13 11 0 0.4671334305291781 
7 11 5 8 2 1 0.42606641469816897 
7 7 12 8 4 1 0.19649533512775874 
7 12 4 5 1 1 0.24809761991861845 
12 1 13 4 1 1 0.11570898856256617 
1 7 4 2 3 0 0.07788637270964704 
11 12 2 4 4 0 0.2806309185868656 
12 7 8 12 10 1 0.5025857843235104 
11 7 6 0 10 1 0.8120543126213355 
11 4 7 7 5 0 0.5164439151393099 
12 11 13 7 7 1 0.11164486355544145 
7 4 8 4 8 1 0.4124045838611956 
13 7 1 1 7 0 0.9945311243829977 
12 7 8 4 4 1 0.1392633970983752 
7 8 13 13 1 1 0.2501530554746094 
4 11 12 8 6 1 0.18661890575773743 
---
2 25 15.583881578947366 20.0 5
4 11 8 4 6 1 0.11433048562977777 
4 11 12 8 6 1 0.18661890575773743 
1 7 4 2 3 0 0.07788637270964704 
12 11 13 7 7 1 0.11164486355544145 
12 1 13 4 1 1 0.11570898856256617 
7 8 13 13 1 1 0.2501530554746094 
12 7 8 12 10 1 0.5025857843235104 
11 4 7 7 5 0 0.5164439151393099 
0 1 7 12 2 0 0.6406211416096247 
7 4 8 4 8 1 0.4124045838611956 
13 7 1 1 7 0 0.9945311243829977 
12 7 8 4 4 1 0.1392633970983752 
7 7 12 8 4 1 0.19649533512775874 
7 12 4 5 1 1 0.24809761991861845 
2 8 7 13 11 0 0.4671334305291781 
11 12 2 4 4 0 0.2806309185868656 
11 4 1 2 11 0 0.35739660810346985 
7 11 4 12 1 1 0.1178121379915349 
7 11 5 8 2 1 0.42606641469816897 
11 7 6 0 10 1 0.8120543126213355 
---
2 26 15.028782894736842 23.0 5
4 11 8 4 6 1 0.11433048562977777 
4 11 12 8 6 1 0.18661890575773743 
12 1 13 4 1 1 0.11570898856256617 
1 7 4 2 3 0 0.07788637270964704 
1 11 5 8 2 1 0.43164493624293443 
2 8 7 13 11 0 0.4671334305291781 
11 4 1 2 11 0 0.35739660810346985 
11 4 7 7 5 0 0.5164439151393099 
6 6 8 4 1 1 0.23039148967177692 
11 12 2 4 4 0 0.2806309185868656 
7 11 4 12 1 1 0.1178121379915349 
0 1 7 12 2 0 0.6406211416096247 
1 6 5 11 3 0 0.35859357495179633 
12 7 8 12 10 1 0.5025857843235104 
12 11 13 7 7 1 0.11164486355544145 
11 7 6 0 10 1 0.8120543126213355 
7 4 8 4 8 1 0.4124045838611956 
12 7 8 4 4 1 0.1392633970983752 
7 12 4 5 1 1 0.24809761991861845 
13 7 1 1 7 0 0.9945311243829977 
1 13 12 11 8 0 0.9585332457401116 
7 7 12 8 4 1 0.19649533512775874 
7 8 13 13 1 1 0.2501530554746094 
---
2 27 15.254934210526317 21.0 5
1 13 12 11 8 0 0.9585332457401116 
12 7 8 12 10 1 0.5025857843235104 
11 4 1 2 11 0 0.35739660810346985 
11 7 6 0 10 1 0.8120543126213355 
11 4 7 7 5 0 0.5164439151393099 
7 4 8 4 8 1 0.4124045838611956 
7 7 12 8 4 1 0.19649533512775874 
11 12 2 4 4 0 0.2806309185868656 
7 12 4 5 1 1 0.24809761991861845 
4 11 8 4 6 1 0.11433048562977777 
7 11 4 12 1 1 0.1178121379915349 
12 11 13 7 7 1 0.11164486355544145 
4 11 12 8 6 1 0.18661890575773743 
0 1 7 12 2 0 0.6406211416096247 
12 1 13 4 1 1 0.11570898856256617 
7 11 5 8 2 1 0.42606641469816897 
13 7 1 1 7 0 0.9945311243829977 
1 7 4 2 3 0 0.07788637270964704 
12 7 8 4 4 1 0.1392633970983752 
2 8 7 13 11 0 0.4671334305291781 
7 8 13 13 1 1 0.2501530554746094 
---
2 28 15.768914473684212 16.0 5
7 4 8 4 8 1 0.4124045838611956 
7 11 4 12 1 1 0.1178121379915349 
12 7 8 4 4 1 0.1392633970983752 
11 4 1 2 11 0 0.35739660810346985 
13 7 1 1 7 0 0.9945311243829977 
11 7 6 0 10 1 0.8120543126213355 
2 8 7 13 11 0 0.4671334305291781 
7 7 12 8 4 1 0.19649533512775874 
7 11 5 8 2 1 0.42606641469816897 
11 4 7 7 5 0 0.5164439151393099 
0 1 7 12 2 0 0.6406211416096247 
11 12 2 4 4 0 0.2806309185868656 
12 7 8 12 10 1 0.5025857843235104 
12 1 13 4 1 1 0.11570898856256617 
7 12 4 5 1 1 0.24809761991861845 
7 8 13 13 1 1 0.2501530554746094 
---
2 29 14.967105263157896 34.0 5
1 11 5 8 2 1 0.43164493624293443 
13 7 4 8 7 0 0.9852775947818373 
0 1 9 12 2 1 0.38247784285813635 
11 7 6 0 10 1 0.8120543126213355 
12 7 8 5 4 1 0.31620078114818617 
11 1 6 0 10 1 0.7499000586282365 
11 4 7 7 5 0 0.5164439151393099 
13 7 1 1 7 0 0.9945311243829977 
4 4 8 8 6 1 0.12511558978269322 
2 8 7 13 11 0 0.4671334305291781 
6 3 4 6 4 1 0.04424232870701161 
0 1 7 12 2 0 0.6406211416096247 
1 7 1 1 9 0 0.4588715689386358 
4 11 8 4 6 1 0.11433048562977777 
7 12 4 5 1 1 0.24809761991861845 
7 4 8 4 8 1 0.4124045838611956 
12 1 13 4 1 1 0.11570898856256617 
7 7 12 8 4 1 0.19649533512775874 
1 1 7 2 4 0 0.41942712494255985 
1 7 4 2 3 0 0.07788637270964704 
7 4 9 8 10 1 0.34875771256742405 
1 6 5 11 3 0 0.35859357495179633 
12 11 13 7 7 1 0.11164486355544145 
11 4 1 4 4 0 0.3358027796415105 
6 6 8 4 1 1 0.23039148967177692 
1 13 12 11 8 0 0.9585332457401116 
7 8 13 13 1 1 0.2501530554746094 
11 12 2 4 4 0 0.2806309185868656 
11 4 1 2 11 0 0.35739660810346985 
12 7 8 12 10 1 0.5025857843235104 
7 11 4 12 1 1 0.1178121379915349 
12 7 8 4 4 1 0.1392633970983752 
0 5 7 12 2 0 0.8360548915365003 
4 11 12 8 6 1 0.18661890575773743 
---
2 30 15.028782894736842 23.0 5
4 11 8 4 6 1 0.11433048562977777 
4 11 12 8 6 1 0.18661890575773743 
12 1 13 4 1 1 0.11570898856256617 
1 7 4 2 3 0 0.07788637270964704 
1 11 5 8 2 1 0.43164493624293443 
2 8 7 13 11 0 0.4671334305291781 
11 4 1 2 11 0 0.35739660810346985 
11 4 7 7 5 0 0.5164439151393099 
6 6 8 4 1 1 0.23039148967177692 
11 12 2 4 4 0 0.2806309185868656 
7 11 4 12 1 1 0.1178121379915349 
0 1 7 12 2 0 0.6406211416096247 
1 6 5 11 3 0 0.35859357495179633 
12 7 8 12 10 1 0.5025857843235104 
12 11 13 7 7 1 0.11164486355544145 
11 7 6 0 10 1 0.8120543126213355 
7 4 8 4 8 1 0.4124045838611956 
12 7 8 4 4 1 0.1392633970983752 
7 12 4 5 1 1 0.24809761991861845 
13 7 1 1 7 0 0.9945311243829977 
1 13 12 11 8 0 0.9585332457401116 
7 7 12 8 4 1 0.19649533512775874 
7 8 13 13 1 1 0.2501530554746094 
---
2 31 15.254934210526317 21.0 5
1 13 12 11 8 0 0.9585332457401116 
12 7 8 12 10 1 0.5025857843235104 
11 4 1 2 11 0 0.35739660810346985 
11 7 6 0 10 1 0.8120543126213355 
11 4 7 7 5 0 0.5164439151393099 
7 4 8 4 8 1 0.4124045838611956 
7 7 12 8 4 1 0.19649533512775874 
11 12 2 4 4 0 0.2806309185868656 
7 12 4 5 1 1 0.24809761991861845 
4 11 8 4 6 1 0.11433048562977777 
7 11 4 12 1 1 0.1178121379915349 
12 11 13 7 7 1 0.11164486355544145 
4 11 12 8 6 1 0.18661890575773743 
0 1 7 12 2 0 0.6406211416096247 
12 1 13 4 1 1 0.11570898856256617 
7 11 5 8 2 1 0.42606641469816897 
13 7 1 1 7 0 0.9945311243829977 
1 7 4 2 3 0 0.07788637270964704 
12 7 8 4 4 1 0.1392633970983752 
2 8 7 13 11 0 0.4671334305291781 
7 8 13 13 1 1 0.2501530554746094 
---
2 32 15.069901315789474 22.0 5
7 7 12 8 4 1 0.19649533512775874 
1 6 5 11 3 0 0.35859357495179633 
1 13 12 11 8 0 0.9585332457401116 
11 7 6 0 10 1 0.8120543126213355 
12 7 8 4 4 1 0.1392633970983752 
2 8 7 13 11 0 0.4671334305291781 
6 6 8 4 1 1 0.23039148967177692 
7 4 8 4 8 1 0.4124045838611956 
1 11 5 8 2 1 0.43164493624293443 
12 1 13 4 1 1 0.11570898856256617 
12 7 8 12 10 1 0.5025857843235104 
7 8 13 13 1 1 0.2501530554746094 
13 7 1 1 7 0 0.9945311243829977 
11 12 2 4 4 0 0.2806309185868656 
7 11 4 12 1 1 0.1178121379915349 
11 4 1 2 11 0 0.35739660810346985 
1 7 4 2 3 0 0.07788637270964704 
4 11 12 8 6 1 0.18661890575773743 
12 11 13 7 7 1 0.11164486355544145 
11 4 7 7 5 0 0.5164439151393099 
0 1 7 12 2 0 0.6406211416096247 
7 12 4 5 1 1 0.24809761991861845 
---
2 33 29.399671052631575 1.0 5
2 1 2 0 2 0 0.2695140599230228 
---
2 34 21.710526315789476 2.0 5
7 7 4 8 2 1 0.20923719471869062 
1 4 1 1 2 0 0.5229758353602361 
---
2 35 20.20970394736842 3.0 5
7 7 4 8 2 1 0.20923719471869062 
1 4 1 1 2 0 0.5229758353602361 
7 7 8 4 8 1 0.44216081622281667 
---
2 36 17.783717105263158 4.0 5
11 2 8 2 7 0 0.26045060664129815 
7 7 12 8 4 1 0.19649533512775874 
1 1 7 2 4 0 0.41942712494255985 
12 1 13 2 1 1 0.19445727589517736 
---
2 37 17.249177631578945 6.0 5
7 7 12 8 4 1 0.19649533512775874 
7 12 4 5 1 1 0.24809761991861845 
1 1 7 2 4 0 0.41942712494255985 
11 4 1 2 11 0 0.35739660810346985 
12 1 13 4 1 1 0.11570898856256617 
11 2 8 2 7 0 0.26045060664129815 
---
2 38 17.023026315789476 7.0 5
13 7 1 1 7 0 0.9945311243829977 
11 2 8 2 7 0 0.26045060664129815 
7 1 7 4 2 0 0.4060751687991242 
7 12 4 5 1 1 0.24809761991861845 
12 1 13 4 1 1 0.11570898856256617 
11 4 1 2 11 0 0.35739660810346985 
7 7 12 8 4 1 0.19649533512775874 
---
2 39 16.447368421052634 8.0 5
11 4 1 2 11 0 0.35739660810346985 
7 7 12 8 4 1 0.19649533512775874 
7 7 8 4 8 1 0.44216081622281667 
11 12 2 4 4 0 0.2806309185868656 
13 7 1 1 7 0 0.9945311243829977 
7 1 7 4 2 0 0.4060751687991242 
12 1 13 4 1 1 0.11570898856256617 
7 12 4 5 1 1 0.24809761991861845 
---
2 40 16.221217105263158 9.0 5
11 7 6 0 10 1 0.8120543126213355 
7 7 8 4 8 1 0.44216081622281667 
7 12 4 5 1 1 0.24809761991861845 
11 4 1 2 11 0 0.35739660810346985 
7 1 7 4 2 0 0.4060751687991242 
12 1 13 4 1 1 0.11570898856256617 
7 7 12 8 4 1 0.19649533512775874 
13 7 1 1 7 0 0.9945311243829977 
11 12 2 4 4 0 0.2806309185868656 
---
2 41 15.871710526315788 10.0 5
2 8 7 13 11 0 0.4671334305291781 
7 12 4 5 1 1 0.24809761991861845 
13 7 1 1 7 0 0.9945311243829977 
7 1 7 4 2 0 0.4060751687991242 
11 7 6 0 10 1 0.8120543126213355 
7 7 12 8 4 1 0.19649533512775874 
11 4 1 2 11 0 0.35739660810346985 
11 12 2 4 4 0 0.2806309185868656 
7 7 8 4 8 1 0.44216081622281667 
12 1 13 4 1 1 0.11570898856256617 
---
2 42 15.707236842105262 18.0 5
7 11 5 8 2 1 0.42606641469816897 
7 4 8 4 8 1 0.4124045838611956 
7 7 12 8 4 1 0.19649533512775874 
7 11 4 12 1 1 0.1178121379915349 
0 1 7 12 2 0 0.6406211416096247 
7 12 4 5 1 1 0.24809761991861845 
1 7 4 2 3 0 0.07788637270964704 
12 11 13 7 7 1 0.11164486355544145 
11 7 6 0 10 1 0.8120543126213355 
11 4 7 7 5 0 0.5164439151393099 
12 1 13 4 1 1 0.11570898856256617 
12 7 8 12 10 1 0.5025857843235104 
12 7 8 4 4 1 0.1392633970983752 
11 12 2 4 4 0 0.2806309185868656 
13 7 1 1 7 0 0.9945311243829977 
2 8 7 13 11 0 0.4671334305291781 
11 4 1 2 11 0 0.35739660810346985 
7 8 13 13 1 1 0.2501530554746094 
---
2 43 15.625 19.0 5
0 1 7 12 2 0 0.6406211416096247 
7 11 4 12 1 1 0.1178121379915349 
11 4 1 2 11 0 0.35739660810346985 
2 8 7 13 11 0 0.4671334305291781 
7 11 5 8 2 1 0.42606641469816897 
7 7 12 8 4 1 0.19649533512775874 
7 12 4 5 1 1 0.24809761991861845 
12 1 13 4 1 1 0.11570898856256617 
1 7 4 2 3 0 0.07788637270964704 
11 12 2 4 4 0 0.2806309185868656 
12 7 8 12 10 1 0.5025857843235104 
11 7 6 0 10 1 0.8120543126213355 
11 4 7 7 5 0 0.5164439151393099 
12 11 13 7 7 1 0.11164486355544145 
7 4 8 4 8 1 0.4124045838611956 
13 7 1 1 7 0 0.9945311243829977 
12 7 8 4 4 1 0.1392633970983752 
7 8 13 13 1 1 0.2501530554746094 
4 11 12 8 6 1 0.18661890575773743 
---
2 44 15.583881578947366 20.0 5
4 11 8 4 6 1 0.11433048562977777 
4 11 12 8 6 1 0.18661890575773743 
1 7 4 2 3 0 0.07788637270964704 
12 11 13 7 7 1 0.11164486355544145 
12 1 13 4 1 1 0.11570898856256617 
7 8 13 13 1 1 0.2501530554746094 
12 7 8 12 10 1 0.5025857843235104 
11 4 7 7 5 0 0.5164439151393099 
0 1 7 12 2 0 0.6406211416096247 
7 4 8 4 8 1 0.4124045838611956 
13 7 1 1 7 0 0.9945311243829977 
12 7 8 4 4 1 0.1392633970983752 
7 7 12 8 4 1 0.19649533512775874 
7 12 4 5 1 1 0.24809761991861845 
2 8 7 13 11 0 0.4671334305291781 
11 12 2 4 4 0 0.2806309185868656 
11 4 1 2 11 0 0.35739660810346985 
7 11 4 12 1 1 0.1178121379915349 
7 11 5 8 2 1 0.42606641469816897 
11 7 6 0 10 1 0.8120543126213355 
---
2 45 15.768914473684212 16.0 5
7 4 8 4 8 1 0.4124045838611956 
7 11 4 12 1 1 0.1178121379915349 
12 7 8 4 4 1 0.1392633970983752 
11 4 1 2 11 0 0.35739660810346985 
13 7 1 1 7 0 0.9945311243829977 
11 7 6 0 10 1 0.8120543126213355 
2 8 7 13 11 0 0.4671334305291781 
7 7 12 8 4 1 0.19649533512775874 
7 11 5 8 2 1 0.42606641469816897 
11 4 7 7 5 0 0.5164439151393099 
0 1 7 12 2 0 0.6406211416096247 
11 12 2 4 4 0 0.2806309185868656 
12 7 8 12 10 1 0.5025857843235104 
12 1 13 4 1 1 0.11570898856256617 
7 12 4 5 1 1 0.24809761991861845 
7 8 13 13 1 1 0.2501530554746094 
---
2 46 14.967105263157896 34.0 5
1 11 5 8 2 1 0.43164493624293443 
13 7 4 8 7 0 0.9852775947818373 
0 1 9 12 2 1 0.38247784285813635 
11 7 6 0 10 1 0.8120543126213355 
12 7 8 5 4 1 0.31620078114818617 
11 1 6 0 10 1 0.7499000586282365 
11 4 7 7 5 0 0.5164439151393099 
13 7 1 1 7 0 0.9945311243829977 
4 4 8 8 6 1 0.12511558978269322 
2 8 7 13 11 0 0.4671334305291781 
6 3 4 6 4 1 0.04424232870701161 
0 1 7 12 2 0 0.6406211416096247 
1 7 1 1 9 0 0.4588715689386358 
4 11 8 4 6 1 0.11433048562977777 
7 12 4 5 1 1 0.24809761991861845 
7 4 8 4 8 1 0.4124045838611956 
12 1 13 4 1 1 0.11570898856256617 
7 7 12 8 4 1 0.19649533512775874 
1 1 7 2 4 0 0.41942712494255985 
1 7 4 2 3 0 0.07788637270964704 
7 4 9 8 10 1 0.34875771256742405 
1 6 5 11 3 0 0.35859357495179633 
12 11 13 7 7 1 0.11164486355544145 
11 4 1 4 4 0 0.3358027796415105 
6 6 8 4 1 1 0.23039148967177692 
1 13 12 11 8 0 0.9585332457401116 
7 8 13 13 1 1 0.2501530554746094 
11 12 2 4 4 0 0.2806309185868656 
11 4 1 2 11 0 0.35739660810346985 
12 7 8 12 10 1 0.5025857843235104 
7 11 4 12 1 1 0.1178121379915349 
12 7 8 4 4 1 0.1392633970983752 
0 5 7 12 2 0 0.8360548915365003 
4 11 12 8 6 1 0.18661890575773743 
---
2 47 15.254934210526317 21.0 5
1 13 12 11 8 0 0.9585332457401116 
12 7 8 12 10 1 0.5025857843235104 
11 4 1 2 11 0 0.35739660810346985 
11 7 6 0 10 1 0.8120543126213355 
11 4 7 7 5 0 0.5164439151393099 
7 4 8 4 8 1 0.4124045838611956 
7 7 12 8 4 1 0.19649533512775874 
11 12 2 4 4 0 0.2806309185868656 
7 12 4 5 1 1 0.24809761991861845 
4 11 8 4 6 1 0.11433048562977777 
7 11 4 12 1 1 0.1178121379915349 
12 11 13 7 7 1 0.11164486355544145 
4 11 12 8 6 1 0.18661890575773743 
0 1 7 12 2 0 0.6406211416096247 
12 1 13 4 1 1 0.11570898856256617 
7 11 5 8 2 1 0.42606641469816897 
13 7 1 1 7 0 0.9945311243829977 
1 7 4 2 3 0 0.07788637270964704 
12 7 8 4 4 1 0.1392633970983752 
2 8 7 13 11 0 0.4671334305291781 
7 8 13 13 1 1 0.2501530554746094 
---
2 48 15.028782894736842 23.0 5
4 11 8 4 6 1 0.11433048562977777 
4 11 12 8 6 1 0.18661890575773743 
12 1 13 4 1 1 0.11570898856256617 
1 7 4 2 3 0 0.07788637270964704 
1 11 5 8 2 1 0.43164493624293443 
2 8 7 13 11 0 0.4671334305291781 
11 4 1 2 11 0 0.35739660810346985 
11 4 7 7 5 0 0.5164439151393099 
6 6 8 4 1 1 0.23039148967177692 
11 12 2 4 4 0 0.2806309185868656 
7 11 4 12 1 1 0.1178121379915349 
0 1 7 12 2 0 0.6406211416096247 
1 6 5 11 3 0 0.35859357495179633 
12 7 8 12 10 1 0.5025857843235104 
12 11 13 7 7 1 0.11164486355544145 
11 7 6 0 10 1 0.8120543126213355 
7 4 8 4 8 1 0.4124045838611956 
12 7 8 4 4 1 0.1392633970983752 
7 12 4 5 1 1 0.24809761991861845 
13 7 1 1 7 0 0.9945311243829977 
1 13 12 11 8 0 0.9585332457401116 
7 7 12 8 4 1 0.19649533512775874 
7 8 13 13 1 1 0.2501530554746094 
---
2 49 14.987664473684212 24.0 5
13 7 4 8 7 0 0.9852775947818373 
4 11 8 4 6 1 0.11433048562977777 
11 7 6 0 10 1 0.8120543126213355 
13 7 1 1 7 0 0.9945311243829977 
0 1 7 12 2 0 0.6406211416096247 
11 4 7 7 5 0 0.5164439151393099 
7 7 12 8 4 1 0.19649533512775874 
1 6 5 11 3 0 0.35859357495179633 
1 13 12 11 8 0 0.9585332457401116 
12 7 8 4 4 1 0.1392633970983752 
7 12 4 5 1 1 0.24809761991861845 
7 11 4 12 1 1 0.1178121379915349 
1 7 4 2 3 0 0.07788637270964704 
2 8 7 13 11 0 0.4671334305291781 
11 12 2 4 4 0 0.2806309185868656 
1 11 5 8 2 1 0.43164493624293443 
7 4 8 4 8 1 0.4124045838611956 
4 11 12 8 6 1 0.18661890575773743 
12 11 13 7 7 1 0.11164486355544145 
12 7 8 12 10 1 0.5025857843235104 
7 8 13 13 1 1 0.2501530554746094 
12 1 13 4 1 1 0.11570898856256617 
6 6 8 4 1 1 0.23039148967177692 
11 4 1 2 11 0 0.35739660810346985 
---
2 50 15.069901315789474 22.0 5
7 7 12 8 4 1 0.19649533512775874 
1 6 5 11 3 0 0.35859357495179633 
1 13 12 11 8 0 0.9585332457401116 
11 7 6 0 10 1 0.8120543126213355 
12 7 8 4 4 1 0.1392633970983752 
2 8 7 13 11 0 0.4671334305291781 
6 6 8 4 1 1 0.23039148967177692 
7 4 8 4 8 1 0.4124045838611956 
1 11 5 8 2 1 0.43164493624293443 
12 1 13 4 1 1 0.11570898856256617 
12 7 8 12 10 1 0.5025857843235104 
7 8 13 13 1 1 0.2501530554746094 
13 7 1 1 7 0 0.9945311243829977 
11 12 2 4 4 0 0.2806309185868656 
7 11 4 12 1 1 0.1178121379915349 
11 4 1 2 11 0 0.35739660810346985 
1 7 4 2 3 0 0.07788637270964704 
4 11 12 8 6 1 0.18661890575773743 
12 11 13 7 7 1 0.11164486355544145 
11 4 7 7 5 0 0.5164439151393099 
0 1 7 12 2 0 0.6406211416096247 
7 12 4 5 1 1 0.24809761991861845 
