0 0 17.35554184659675
0 1 16.94427308245939
0 2 17.437795599424224
0 3 15.99835492494345
0 4 16.11842105263158
0 5 15.522203947368421
0 6 15.768914473684212
0 7 16.632401315789476
0 8 17.023026315789476
0 9 16.488486842105264
1 0 16.800329015011307
1 1 16.718075262183838
1 2 15.89553773390911
1 3 16.203989307012133
1 4 17.064144736842106
1 5 16.550164473684212
1 6 15.645559210526317
1 7 16.221217105263158
1 8 16.817434210526315
1 9 15.748355263157896
2 0 16.286243059839606
2 1 16.862019329631913
2 2 16.738638700390705
2 3 16.450750565494552
2 4 16.036184210526315
2 5 15.460526315789474
2 6 16.056743421052634
2 7 16.529605263157894
2 8 16.755756578947366
2 9 15.912828947368421
