---
0 12.605767570367812 14.0 36 
0 0 0 0 0 0 0 0 0 0 0 0 0 7 1 3 7 0 0 11 0 4 0 11 0 0 1 1 4 0 0 11 4 0 0 7 5 0.7228293661354934
0 0 0 0 4 1 0 0 12 0 0 0 0 0 12 0 0 0 0 0 0 13 11 0 4 0 0 0 0 0 0 0 0 0 0 0 3 0.19561785706623724
0 0 0 0 0 0 0 0 0 0 0 0 0 0 0 2 0 0 0 8 0 6 0 0 0 0 0 0 0 0 0 0 0 0 0 0 1 0.9944933542133745
2 0 4 4 2 0 4 4 2 2 4 0 0 2 0 7 0 13 8 1 4 2 0 4 2 0 2 2 0 0 2 0 2 2 1 4 2 0.6291447473975829
0 0 0 0 0 11 0 4 0 0 0 0 7 7 0 0 0 11 0 0 0 0 0 7 0 0 13 0 0 0 0 4 0 1 0 1 4 0.497507623861695
0 0 0 0 0 0 0 7 0 7 0 0 6 0 0 0 0 0 0 0 0 0 0 12 0 0 0 7 0 0 0 0 0 4 0 0 0 0.5069124734862577
0 0 0 0 0 0 0 0 0 0 0 0 0 6 0 2 0 0 0 8 0 0 0 0 0 0 0 0 0 0 0 0 0 0 0 0 1 0.9911059787060357
0 13 0 0 0 12 0 0 0 0 0 0 0 0 0 0 0 0 0 0 4 0 11 0 0 0 2 0 0 12 0 0 0 0 3 0 5 0.4254672991528179
0 2 2 12 1 4 0 0 0 0 0 0 7 0 0 2 7 0 0 0 7 0 0 12 0 0 0 4 1 2 0 7 0 0 0 0 0 0.8512659256274214
0 0 0 0 0 11 0 4 0 0 0 0 7 7 0 0 0 11 0 0 0 0 0 7 0 0 0 0 0 0 0 4 0 0 0 1 4 0.7023452798930955
4 4 0 1 4 1 0 2 2 0 0 7 0 4 4 0 0 12 1 0 4 0 1 0 4 0 1 0 4 4 0 1 0 4 1 0 5 0.5224503046868161
0 0 0 0 0 0 0 0 0 0 0 0 0 0 0 2 0 0 0 8 0 6 0 0 0 0 0 0 0 0 0 0 0 0 0 0 1 0.9944933542133745
0 2 2 12 1 4 0 0 4 0 0 0 1 0 0 2 7 0 0 0 7 0 0 12 0 0 0 4 1 2 0 7 0 0 0 2 0 0.8233045307055948
2 0 4 7 2 0 0 7 0 2 0 0 1 2 0 7 0 13 8 1 4 2 0 0 2 2 2 2 0 0 2 0 2 2 1 4 2 0.5630420130426288
---
1 12.933862890692454 9.0 36 
0 2 2 12 1 4 0 0 0 0 0 0 7 0 0 2 7 0 0 0 7 0 0 12 0 0 0 4 1 2 0 7 0 0 0 0 0 0.8512659256274214
0 0 0 0 0 0 0 0 0 0 0 0 0 7 1 3 7 0 0 11 0 4 0 11 0 0 1 1 4 0 0 11 4 0 0 7 5 0.7228293661354934
0 0 0 0 4 1 0 0 12 0 0 0 0 0 12 0 0 0 0 0 0 13 11 0 4 0 0 0 0 0 0 0 0 0 0 0 3 0.2483270868562335
0 0 0 0 0 0 0 0 0 0 0 0 0 0 0 2 0 0 0 8 0 6 0 0 0 0 0 0 0 0 0 0 0 0 0 0 1 0.9944933542133745
0 0 0 0 0 0 0 0 0 0 0 0 0 6 0 2 0 0 0 8 0 0 0 0 0 0 0 0 0 0 0 0 0 0 0 0 1 0.9911059787060357
0 0 0 0 0 11 0 4 0 0 0 0 7 7 0 0 0 11 0 0 0 0 0 7 0 0 0 0 0 0 0 4 0 0 0 1 4 0.7023452798930955
0 0 0 0 0 0 0 7 0 7 0 0 6 0 0 0 0 0 0 0 0 0 0 12 0 0 0 7 0 0 0 0 0 4 0 0 0 0.5069124734862577
0 1 4 4 0 0 7 7 0 2 0 0 0 4 7 2 12 12 1 1 0 4 0 0 0 0 1 7 2 4 4 7 0 4 0 0 5 0.5091752842417729
2 0 4 4 2 0 4 4 2 2 4 0 0 2 0 7 0 13 8 1 4 2 4 4 2 0 2 2 0 0 2 0 2 2 1 4 2 0.6228683657690004
---
2 12.812985667414956 9.0 36 
2 0 4 4 2 0 0 7 2 2 0 0 0 2 0 7 0 13 8 1 4 2 2 4 0 0 2 2 0 0 0 0 2 2 1 1 2 0.6809842995325656
0 0 0 0 0 0 0 0 0 0 0 0 0 7 1 3 7 0 0 11 0 4 0 11 0 0 1 1 4 0 0 11 4 0 0 7 5 0.7228293661354934
0 2 2 12 1 4 0 0 0 0 0 0 7 0 0 2 7 0 0 0 7 0 0 12 0 0 0 4 1 2 0 7 0 0 0 0 0 0.9329335931623643
0 0 0 0 0 11 0 4 0 0 0 0 7 7 0 0 0 11 0 0 0 0 0 7 0 0 0 0 0 0 0 4 0 0 0 1 4 0.7023452798930955
0 0 0 0 4 1 0 0 12 0 0 0 0 0 12 0 0 0 0 0 0 13 11 0 4 0 0 0 0 0 0 0 0 0 0 0 3 0.2483270868562335
0 0 0 0 0 0 0 0 0 0 0 0 0 6 0 2 0 0 0 8 0 0 0 0 0 0 0 0 0 0 0 0 0 0 0 0 1 0.9911059787060357
0 0 0 0 0 0 0 7 0 7 0 0 6 0 0 0 0 0 0 0 0 0 0 12 0 0 0 7 0 0 0 0 0 4 0 0 0 0.5069124734862577
0 0 0 0 0 0 0 0 0 0 0 0 0 0 0 2 0 0 0 8 0 6 0 0 0 0 0 0 0 0 0 0 0 0 0 0 1 0.9733490606810543
0 13 0 4 0 12 0 0 0 0 0 0 0 0 0 0 0 0 0 0 4 0 11 0 0 0 2 0 0 12 0 0 0 0 3 0 5 0.4356076418742607
---
3 12.847522016922811 13.0 36 
4 1 4 4 2 0 0 7 2 2 0 0 8 2 0 7 0 13 4 1 2 2 2 1 2 0 2 2 2 0 4 0 1 2 0 4 2 0.5369380898361962
0 0 0 0 0 0 0 0 0 0 0 0 0 6 0 2 0 0 0 8 0 0 0 0 0 0 0 0 0 0 0 0 0 0 0 0 1 0.9911059787060357
0 2 8 4 1 4 0 0 0 0 0 0 7 0 0 2 7 2 0 0 7 0 0 12 0 0 0 4 1 2 0 7 0 0 0 0 0 0.9543995212772689
0 0 0 0 0 0 0 7 0 7 0 0 6 0 0 0 0 0 0 0 0 0 0 12 0 0 0 7 0 0 0 0 0 4 0 0 0 0.5069124734862577
1 2 0 2 4 0 2 2 4 2 0 4 4 0 2 4 0 1 2 0 0 2 0 12 1 4 2 4 1 2 0 4 1 0 4 2 0 0.9138765809678804
0 0 0 0 0 11 0 4 0 0 0 0 7 7 0 0 0 11 0 0 0 0 0 7 0 0 0 0 0 0 0 4 0 0 0 1 4 0.7023452798930955
0 2 0 0 1 4 2 1 0 0 0 0 1 0 0 4 7 1 2 0 0 0 0 12 1 4 2 4 1 2 0 4 4 0 0 2 0 0.7921537695311993
0 0 0 0 0 0 0 0 0 0 0 0 0 0 0 2 0 0 0 8 0 6 0 0 0 0 0 0 0 0 0 0 0 0 0 0 1 0.9944933542133745
0 0 0 0 0 0 0 0 0 0 0 0 0 7 1 3 7 0 0 11 0 4 0 11 0 0 1 1 4 0 0 1 4 0 0 7 5 0.7510670082308607
0 13 0 4 0 12 0 0 0 0 0 0 0 0 0 0 0 0 0 0 4 0 11 0 0 0 2 0 0 12 0 0 0 0 3 0 5 0.48234096579163244
2 0 8 4 2 0 0 4 0 0 1 0 0 2 0 7 2 13 8 7 0 0 8 1 2 0 2 1 2 2 0 2 1 2 0 4 2 0.7133004426952856
0 0 0 0 4 1 0 0 12 0 0 0 0 0 12 0 0 0 0 0 0 13 11 0 4 0 0 0 0 0 0 0 0 0 0 0 3 0.2483270868562335
4 1 4 4 2 0 0 7 2 2 0 0 8 2 0 7 0 13 4 1 2 2 2 1 2 0 2 2 2 0 4 0 1 2 0 4 2 0.5369380898361962
---
4 12.450353997582456 10.0 36 
0 2 1 0 0 0 0 0 4 0 1 0 4 0 7 1 12 12 1 11 4 4 0 7 2 4 0 7 0 0 0 7 0 0 0 1 5 0.718424777286109
0 0 0 0 0 0 0 0 0 0 0 0 0 6 0 2 0 0 0 8 0 0 0 0 0 0 0 0 0 0 0 0 0 0 0 0 1 0.9911059787060357
2 0 4 4 2 0 0 7 0 2 0 0 0 2 0 7 0 13 8 1 4 2 0 0 2 2 2 2 0 0 2 0 2 2 1 4 2 0.5786979757147384
0 2 2 12 1 4 0 0 0 0 0 0 7 0 0 2 7 0 0 0 7 0 0 12 0 0 0 4 1 2 0 7 0 0 0 0 0 0.8512659256274214
0 0 0 0 4 1 0 0 12 0 0 0 0 0 12 0 0 0 0 0 0 13 11 0 4 0 0 0 0 0 0 0 0 0 0 0 3 0.2483270868562335
0 0 0 0 0 0 0 0 0 0 0 0 0 7 1 3 7 0 0 11 0 4 0 11 0 0 1 1 4 0 0 11 4 0 0 7 5 0.7228293661354934
0 0 0 0 0 0 0 7 0 7 0 0 6 0 0 0 0 0 0 0 0 0 0 12 0 0 0 7 0 0 0 0 0 4 0 0 0 0.5069124734862577
0 13 0 0 0 12 0 0 0 0 0 0 0 0 0 0 0 0 0 0 4 0 11 0 0 0 2 0 0 12 0 0 0 0 3 0 5 0.4254672991528179
0 0 0 0 0 0 0 0 0 0 0 0 0 0 0 2 0 0 0 8 0 6 0 0 0 0 0 0 0 0 0 0 0 0 0 0 1 0.9944933542133745
0 0 0 0 0 11 0 4 0 0 0 0 7 7 0 0 0 11 0 0 0 0 0 7 0 0 0 0 0 0 0 4 0 0 0 1 4 0.7023452798930955
