---
0 12.519426696598169 9.0 36 
4 2 1 0 4 2 1 4 0 4 0 0 4 0 0 4 0 4 0 0 4 0 0 7 4 4 0 1 0 0 0 0 0 4 1 0 5 0.28313840202922
0 0 0 0 0 0 0 0 0 0 0 0 0 10 0 0 0 0 8 0 0 0 0 0 0 0 2 0 0 0 0 0 0 0 0 0 1 0.9995838758125628
0 0 0 0 3 1 0 0 0 0 4 0 0 0 7 0 0 0 0 0 0 11 0 0 0 0 0 0 0 0 0 4 0 0 4 0 4 0.3148453813272658
0 0 0 0 0 0 0 0 0 0 0 0 0 0 0 0 0 0 8 0 0 6 8 0 0 0 2 0 0 0 0 0 0 0 0 0 1 0.9987361886531871
0 0 0 0 0 0 4 0 1 0 0 4 1 0 0 12 0 8 2 4 7 0 2 0 1 0 0 0 1 0 0 12 0 4 0 4 0 0.9177306022764598
0 0 0 0 0 12 0 0 3 0 0 0 6 0 0 7 0 0 7 7 0 0 0 0 1 0 0 0 0 12 0 0 0 0 0 0 0 0.9769766499837211
0 2 4 7 0 0 4 1 0 0 0 0 0 0 8 12 5 13 4 12 0 2 0 0 0 0 0 0 0 2 2 0 0 8 2 7 2 0.7171531080540283
0 12 12 0 0 0 0 0 0 0 0 0 0 0 0 0 0 5 0 0 1 0 7 0 12 12 0 0 0 0 0 0 0 0 4 0 3 0.22698177147275356
0 1 0 0 0 0 1 0 0 4 0 0 1 0 7 1 2 4 1 0 0 0 0 11 4 0 0 0 0 0 1 0 0 4 0 4 5 0.6470593840601906
---
1 13.054740113969954 9.0 36 
0 2 4 7 0 0 4 1 0 0 1 0 0 0 8 4 5 13 8 12 0 2 0 0 0 0 0 0 0 2 2 0 0 8 2 2 2 0.7944366950113703
0 1 0 0 0 0 1 0 0 4 0 0 1 0 7 1 2 4 1 0 0 0 0 11 4 0 0 0 0 0 1 0 0 4 0 4 5 0.6470593840601906
0 0 0 0 0 0 4 0 1 0 0 4 1 0 0 12 0 8 2 4 7 0 2 0 1 0 0 0 1 0 0 12 0 4 0 4 0 0.9177306022764598
0 12 12 0 0 0 0 0 0 0 0 0 0 0 0 0 0 5 0 0 1 0 7 0 12 12 0 0 0 0 0 0 0 0 4 0 3 0.22698177147275356
0 0 0 0 3 1 0 0 0 0 4 0 0 0 7 0 0 0 0 0 0 11 0 0 0 0 0 0 0 0 0 4 0 0 4 0 4 0.3148453813272658
0 0 0 0 0 0 0 0 0 0 0 0 0 10 0 0 0 0 8 0 0 0 0 0 0 0 2 0 0 0 0 0 0 0 0 0 1 0.9995838758125628
0 0 0 0 0 12 0 0 3 0 0 0 6 0 0 7 0 0 7 7 0 0 0 0 1 0 0 0 0 12 0 0 0 0 0 0 0 0.9769766499837211
0 0 0 0 0 0 0 0 0 0 0 0 0 0 0 0 0 0 8 0 0 6 8 0 0 0 2 0 0 0 0 0 0 0 0 0 1 0.9860086535755459
0 0 4 7 0 4 7 0 0 0 1 0 0 0 8 4 5 0 8 12 0 6 0 0 0 0 0 1 0 0 0 0 0 0 2 0 1 1.0
---
2 12.623035745121742 9.0 36 
0 12 12 0 0 0 0 0 0 0 0 0 0 0 0 0 0 5 0 0 1 0 7 0 12 12 0 0 0 0 0 0 0 0 4 0 3 0.22698177147275356
0 1 0 0 0 0 1 0 0 4 0 0 1 0 7 1 2 4 1 0 0 0 0 11 4 0 0 0 0 0 1 0 0 4 0 4 5 0.6470593840601906
0 0 0 0 0 0 0 0 0 0 0 0 0 0 0 0 0 0 8 0 0 6 8 0 0 0 2 0 0 0 0 0 0 0 0 0 1 0.9860086535755459
0 0 0 0 0 0 0 0 0 0 0 0 0 10 0 0 0 0 8 0 0 0 0 0 0 0 2 0 0 0 0 0 0 0 0 0 1 0.9995838758125628
0 0 0 0 0 0 4 0 1 0 0 4 1 0 0 12 0 8 2 4 7 0 2 0 1 0 0 0 1 0 0 12 0 4 0 4 0 0.8758653096689568
0 0 0 0 0 12 0 0 3 0 0 0 6 0 0 7 0 0 7 7 0 0 0 0 1 0 0 0 0 12 0 0 0 0 0 0 0 0.9769766499837211
0 2 4 7 0 0 4 1 0 0 0 0 0 0 8 12 5 13 4 12 0 2 0 0 0 0 0 0 0 2 2 4 0 8 2 7 2 0.7544369128165278
0 0 0 0 3 1 0 0 0 0 4 0 0 0 7 0 0 0 0 0 0 11 0 0 0 0 0 0 0 0 0 4 0 0 4 0 4 0.3148453813272658
0 0 0 0 0 0 4 0 1 0 0 4 1 0 0 12 0 8 2 4 7 0 2 0 1 0 0 0 1 0 0 12 0 4 0 4 0 0.9177306022764598
---
3 12.571231220859955 8.0 36 
0 1 0 0 0 0 1 0 0 4 0 0 1 0 7 1 2 4 1 0 0 0 0 11 4 0 0 0 0 0 1 0 0 4 0 4 5 0.6470593840601906
0 2 4 7 0 0 4 1 0 0 0 0 0 0 8 12 5 13 4 12 0 2 0 0 0 0 0 0 0 2 2 0 0 8 2 7 2 0.7442309397797271
0 0 0 0 0 0 4 0 1 0 0 4 1 0 0 12 0 8 2 4 7 0 2 0 1 0 0 0 1 0 0 12 0 4 0 4 0 0.9177306022764598
0 0 0 0 3 1 0 0 0 0 4 0 0 0 7 0 0 0 0 0 0 11 0 0 0 0 0 0 0 0 0 4 0 0 4 0 4 0.3148453813272658
0 12 12 0 0 0 0 0 0 0 0 0 0 0 0 0 0 5 0 0 1 0 7 0 12 12 0 0 0 0 0 0 0 0 4 0 3 0.22698177147275356
0 0 0 0 0 0 0 0 0 0 0 0 0 10 0 0 0 0 8 0 0 0 0 0 0 0 2 2 0 0 0 0 0 0 0 0 1 0.9961708002499514
0 0 0 0 0 12 0 0 3 0 0 0 6 0 0 7 0 0 7 7 0 0 0 0 1 0 0 0 0 12 0 0 0 0 0 0 0 0.9769766499837211
0 0 0 0 0 0 0 0 0 0 0 0 0 0 0 0 0 0 8 0 0 6 8 0 0 0 2 0 0 0 0 0 0 0 0 0 1 0.9987361886531871
---
4 12.899326541184596 8.0 36 
0 1 0 0 0 0 1 0 0 4 0 0 1 0 7 1 2 4 1 0 0 0 0 11 4 0 0 0 0 0 0 0 0 4 0 4 5 0.5178327224571457
0 2 4 7 0 0 4 1 0 0 0 0 0 0 8 12 5 13 4 12 0 2 0 0 0 0 0 0 0 2 2 0 0 8 2 7 2 0.7442309397797271
0 0 0 0 0 0 4 0 1 0 0 4 1 0 0 12 0 8 2 4 7 0 2 0 1 0 0 0 1 0 0 12 0 4 0 4 0 0.9177306022764598
0 12 12 0 0 0 0 0 0 0 0 0 0 0 0 0 0 5 0 0 1 0 7 0 12 12 0 0 0 0 0 0 0 0 4 0 3 0.22698177147275356
0 0 0 0 0 12 0 0 3 0 0 0 6 0 0 7 0 0 7 7 0 0 0 0 1 0 0 0 0 12 0 0 0 0 0 0 0 0.9769766499837211
0 0 0 0 3 1 0 0 0 0 4 0 0 0 7 0 0 0 0 0 0 11 0 0 0 0 0 0 0 0 0 4 0 0 4 0 4 0.3148453813272658
0 0 0 0 0 0 0 0 0 0 0 0 0 0 0 0 0 0 8 0 0 6 8 0 0 0 2 0 0 0 0 0 0 0 0 0 1 0.9987361886531871
0 0 0 0 0 0 0 0 0 0 0 0 0 10 0 0 0 0 8 0 0 0 0 0 0 0 2 2 0 0 0 0 0 0 0 0 1 0.9961708002499514
