1.0 76.18718701433258 76.08695652173914 5.0 1
2.0 53.08236919357624 53.105590062111794 53.0 2
2.0 53.08236919357624 53.105590062111794 53.0 2
3.0 34.035572439993096 35.24844720496895 23.0 3
3.0 34.035572439993096 35.24844720496895 23.0 3
4.0 24.279053704023486 25.15527950310559 26.0 4
4.0 24.279053704023486 25.15527950310559 26.0 4
1.0 76.18718701433258 76.08695652173914 28.0 1
2.0 53.08236919357624 53.105590062111794 53.0 2
3.0 34.035572439993096 35.24844720496895 23.0 3
4.0 24.279053704023486 25.15527950310559 26.0 4
1.0 76.18718701433258 76.08695652173914 28.0 1
2.0 53.08236919357624 53.105590062111794 53.0 2
3.0 34.035572439993096 35.24844720496895 23.0 3
4.0 24.279053704023486 25.15527950310559 26.0 4
1.0 76.18718701433258 76.08695652173914 28.0 1
2.0 53.08236919357624 53.105590062111794 53.0 2
3.0 34.035572439993096 35.24844720496895 23.0 3
4.0 24.279053704023486 25.15527950310559 26.0 4
1.0 76.18718701433258 76.08695652173914 29.0 1
2.0 53.08236919357624 53.105590062111794 53.0 2
3.0 34.035572439993096 35.24844720496895 23.0 3
4.0 24.279053704023486 25.15527950310559 26.0 4
1.0 76.18718701433258 76.08695652173914 28.0 1
1.0 76.18718701433258 76.08695652173914 6.0 1
1.0 76.18718701433258 76.08695652173914 9.0 1
33.0 14.194439647729235 15.527950310559005 245.0 6
5.0 19.305819374892074 21.428571428571427 47.0 5
5.0 19.305819374892074 21.428571428571427 47.0 5
6.0 18.010706268347434 19.72049689440994 51.0 6
6.0 18.010706268347434 19.72049689440994 51.0 6
7.0 17.734415472284578 19.72049689440994 55.0 6
8.0 16.54291141426351 18.32298136645963 60.0 6
9.0 16.387497841478154 17.546583850931675 60.0 6
9.0 16.387497841478154 17.546583850931675 60.0 6
10.0 15.247798307718874 15.993788819875776 65.0 6
7.0 17.734415472284578 19.72049689440994 55.0 6
8.0 16.54291141426351 18.32298136645963 60.0 6
14.0 14.436194094284236 15.062111801242237 97.0 6
11.0 14.83336211362459 15.993788819875776 68.0 6
12.0 14.660680366085305 15.372670807453417 78.0 6
11.0 14.83336211362459 15.993788819875776 68.0 6
12.0 14.660680366085305 15.372670807453417 78.0 6
14.0 14.436194094284236 15.062111801242237 97.0 6
1.0 76.18718701433258 76.08695652173914 9.0 1
33.0 14.194439647729235 15.527950310559005 245.0 6
5.0 19.305819374892074 21.428571428571427 47.0 5
6.0 18.010706268347434 19.72049689440994 51.0 6
9.0 16.387497841478154 17.546583850931675 60.0 6
7.0 17.734415472284578 19.72049689440994 55.0 6
