1.0 76.18718701433258 76.08695652173914 6.0 1
1.0 76.18718701433258 76.08695652173914 6.0 1
1.0 76.18718701433258 76.08695652173914 5.0 1
1.0 76.18718701433258 76.08695652173914 3.0 1
2.0 52.9960283198066 52.95031055900621 59.0 2
2.0 52.9960283198066 52.95031055900621 59.0 2
3.0 33.8628906924538 34.316770186335404 34.0 3
3.0 33.8628906924538 34.316770186335404 34.0 3
5.0 17.52719737523744 16.459627329192546 48.0 5
5.0 17.52719737523744 16.459627329192546 48.0 5
6.0 16.715593161802797 15.683229813664596 54.0 6
7.0 16.301156967708515 16.149068322981368 65.0 6
6.0 16.715593161802797 15.683229813664596 54.0 6
7.0 16.301156967708515 16.149068322981368 65.0 6
1.0 76.18718701433258 76.08695652173914 4.0 1
2.0 52.9960283198066 52.95031055900621 59.0 2
3.0 33.8628906924538 34.316770186335404 34.0 3
5.0 17.52719737523744 16.459627329192546 48.0 5
6.0 16.715593161802797 15.683229813664596 54.0 6
7.0 16.301156967708515 16.149068322981368 65.0 6
1.0 76.18718701433258 76.08695652173914 3.0 1
2.0 52.9960283198066 52.95031055900621 59.0 2
3.0 33.8628906924538 34.316770186335404 34.0 3
5.0 17.52719737523744 16.459627329192546 48.0 5
6.0 16.715593161802797 15.683229813664596 54.0 6
7.0 16.301156967708515 16.149068322981368 65.0 6
1.0 76.18718701433258 76.08695652173914 4.0 1
2.0 52.9960283198066 52.95031055900621 59.0 2
3.0 33.8628906924538 34.316770186335404 34.0 3
5.0 17.52719737523744 16.459627329192546 48.0 5
4.0 24.054567432222417 24.84472049689441 50.0 4
4.0 24.054567432222417 24.84472049689441 50.0 4
8.0 15.575893628043517 15.993788819875776 63.0 6
9.0 14.505266793299947 14.751552795031056 68.0 6
8.0 15.575893628043517 15.993788819875776 63.0 6
9.0 14.505266793299947 14.751552795031056 68.0 6
10.0 14.418925919530306 14.906832298136646 76.0 6
10.0 14.418925919530306 14.906832298136646 76.0 6
11.0 14.177171472975306 15.372670807453417 85.0 6
11.0 14.177171472975306 15.372670807453417 85.0 6
12.0 13.866344327404592 15.372670807453417 89.0 6
12.0 13.866344327404592 15.372670807453417 89.0 6
4.0 24.054567432222417 24.84472049689441 50.0 4
8.0 15.575893628043517 15.993788819875776 63.0 6
9.0 14.505266793299947 14.751552795031056 68.0 6
10.0 14.418925919530306 14.906832298136646 76.0 6
11.0 14.177171472975306 15.372670807453417 85.0 6
12.0 13.866344327404592 15.372670807453417 89.0 6
4.0 24.054567432222417 24.84472049689441 50.0 4
8.0 15.575893628043517 15.993788819875776 63.0 6
9.0 14.505266793299947 14.751552795031056 68.0 6
10.0 14.418925919530306 14.906832298136646 76.0 6
11.0 14.177171472975306 15.372670807453417 85.0 6
12.0 13.866344327404592 15.372670807453417 89.0 6
4.0 24.054567432222417 24.84472049689441 50.0 4
8.0 15.575893628043517 15.993788819875776 63.0 6
9.0 14.505266793299947 14.751552795031056 68.0 6
