1.0 76.17403314917127 76.20528771384136 9.0 1
3.0 34.20234806629834 33.903576982892695 44.0 3
4.0 24.861878453038674 24.72783825816485 56.0 4
4.0 24.861878453038674 24.72783825816485 56.0 4
6.0 17.852209944751383 19.751166407465007 46.0 5
6.0 17.852209944751383 19.751166407465007 46.0 5
3.0 34.20234806629834 33.903576982892695 44.0 3
4.0 24.861878453038674 24.72783825816485 56.0 4
6.0 17.852209944751383 19.751166407465007 46.0 5
3.0 34.20234806629834 33.903576982892695 44.0 3
4.0 24.861878453038674 24.72783825816485 56.0 4
6.0 17.852209944751383 19.751166407465007 46.0 5
3.0 34.20234806629834 33.903576982892695 44.0 3
4.0 24.861878453038674 24.72783825816485 56.0 4
6.0 17.852209944751383 19.751166407465007 46.0 5
1.0 76.17403314917127 76.20528771384136 6.0 1
1.0 76.17403314917127 76.20528771384136 8.0 1
1.0 76.17403314917127 76.20528771384136 6.0 1
2.0 53.142265193370164 53.03265940902022 33.0 2
2.0 53.142265193370164 53.03265940902022 33.0 2
5.0 18.680939226519335 19.284603421461895 40.0 5
5.0 18.680939226519335 19.284603421461895 40.0 5
7.0 17.230662983425415 18.35147744945568 66.0 6
7.0 17.230662983425415 18.35147744945568 66.0 6
8.0 16.505524861878452 17.418351477449455 79.0 6
8.0 16.505524861878452 17.418351477449455 79.0 6
9.0 15.400552486187847 16.329704510108865 82.0 6
9.0 15.400552486187847 16.329704510108865 82.0 6
16.0 15.210635359116024 17.573872472783826 106.0 6
10.0 15.348756906077348 16.329704510108865 89.0 6
16.0 15.210635359116024 17.573872472783826 106.0 6
14.0 15.331491712707182 16.796267496111973 95.0 6
14.0 15.331491712707182 16.796267496111973 95.0 6
24.0 14.81353591160221 16.640746500777606 181.0 6
22.0 15.193370165745856 16.485225505443236 160.0 6
23.0 14.882596685082872 16.951788491446347 172.0 6
25.0 14.692679558011049 16.640746500777606 186.0 6
10.0 15.348756906077348 16.329704510108865 89.0 6
23.0 14.882596685082872 16.951788491446347 172.0 6
25.0 14.692679558011049 16.640746500777606 186.0 6
24.0 14.81353591160221 16.640746500777606 181.0 6
22.0 15.193370165745856 16.485225505443236 160.0 6
2.0 53.142265193370164 53.03265940902022 33.0 2
5.0 18.680939226519335 19.284603421461895 40.0 5
7.0 17.230662983425415 18.35147744945568 66.0 6
8.0 16.505524861878452 17.418351477449455 79.0 6
9.0 15.400552486187847 16.329704510108865 82.0 6
