3.0 34.04696132596685 34.68118195956454 25.0 3
3.0 34.04696132596685 34.68118195956454 25.0 3
4.0 24.343922651933703 24.883359253499222 27.0 4
4.0 24.343922651933703 24.883359253499222 27.0 4
5.0 19.406077348066297 20.06220839813375 38.0 5
5.0 19.406077348066297 20.06220839813375 38.0 5
3.0 34.04696132596685 34.68118195956454 25.0 3
4.0 24.343922651933703 24.883359253499222 27.0 4
5.0 19.406077348066297 20.06220839813375 38.0 5
3.0 34.04696132596685 34.68118195956454 25.0 3
4.0 24.343922651933703 24.883359253499222 27.0 4
5.0 19.406077348066297 20.06220839813375 38.0 5
3.0 34.04696132596685 34.68118195956454 25.0 3
4.0 24.343922651933703 24.883359253499222 27.0 4
5.0 19.406077348066297 20.06220839813375 38.0 5
1.0 76.17403314917127 76.20528771384136 4.0 1
2.0 52.98687845303868 53.18818040435459 52.0 2
2.0 52.98687845303868 53.18818040435459 52.0 2
6.0 17.230662983425415 17.573872472783826 54.0 5
6.0 17.230662983425415 17.573872472783826 54.0 5
11.0 15.383287292817679 16.174183514774494 99.0 6
2.0 52.98687845303868 53.18818040435459 52.0 2
6.0 17.230662983425415 17.573872472783826 54.0 5
2.0 52.98687845303868 53.18818040435459 52.0 2
6.0 17.230662983425415 17.573872472783826 54.0 5
1.0 76.17403314917127 76.20528771384136 4.0 1
1.0 76.17403314917127 76.20528771384136 6.0 1
25.0 14.122928176795579 17.573872472783826 190.0 6
7.0 16.453729281767956 17.262830482115085 64.0 6
7.0 16.453729281767956 17.262830482115085 64.0 6
8.0 16.056629834254142 16.951788491446347 71.0 6
8.0 16.056629834254142 16.951788491446347 71.0 6
9.0 15.59046961325967 16.329704510108865 76.0 6
10.0 15.538674033149173 16.640746500777606 81.0 6
18.0 14.261049723756905 17.107309486780714 144.0 6
19.0 14.174723756906078 17.262830482115085 151.0 6
15.0 14.951657458563536 16.640746500777606 123.0 6
12.0 15.331491712707182 16.485225505443236 91.0 6
9.0 15.59046961325967 16.329704510108865 76.0 6
15.0 14.951657458563536 16.640746500777606 123.0 6
16.0 14.934392265193368 16.951788491446347 131.0 6
10.0 15.538674033149173 16.640746500777606 81.0 6
16.0 14.934392265193368 16.951788491446347 131.0 6
17.0 14.57182320441989 17.573872472783826 132.0 6
12.0 15.331491712707182 16.485225505443236 91.0 6
19.0 14.174723756906078 17.262830482115085 151.0 6
17.0 14.57182320441989 17.573872472783826 132.0 6
18.0 14.261049723756905 17.107309486780714 144.0 6
25.0 14.122928176795579 17.573872472783826 190.0 6
1.0 76.17403314917127 76.20528771384136 7.0 1
1.0 76.17403314917127 76.20528771384136 4.0 1
1.0 76.17403314917127 76.20528771384136 7.0 1
1.0 76.17403314917127 76.20528771384136 5.0 1
