21.0 13.622237569060774 16.951788491446347 155.0 6
12.0 14.968922651933703 17.262830482115085 89.0 6
12.0 14.968922651933703 17.262830482115085 89.0 6
13.0 14.658149171270718 17.418351477449455 94.0 6
13.0 14.658149171270718 17.418351477449455 94.0 6
14.0 14.485497237569062 17.418351477449455 100.0 6
14.0 14.485497237569062 17.418351477449455 100.0 6
16.0 14.295580110497239 17.418351477449455 127.0 6
17.0 14.174723756906078 17.262830482115085 134.0 6
17.0 14.174723756906078 17.262830482115085 134.0 6
18.0 13.79488950276243 17.107309486780714 141.0 6
15.0 14.39917127071823 17.418351477449455 104.0 6
18.0 13.79488950276243 17.107309486780714 141.0 6
19.0 13.674033149171272 16.951788491446347 144.0 6
15.0 14.39917127071823 17.418351477449455 104.0 6
19.0 13.674033149171272 16.951788491446347 144.0 6
16.0 14.295580110497239 17.418351477449455 127.0 6
21.0 13.622237569060774 16.951788491446347 155.0 6
12.0 14.968922651933703 17.262830482115085 89.0 6
13.0 14.658149171270718 17.418351477449455 94.0 6
14.0 14.485497237569062 17.418351477449455 100.0 6
17.0 14.174723756906078 17.262830482115085 134.0 6
18.0 13.79488950276243 17.107309486780714 141.0 6
15.0 14.39917127071823 17.418351477449455 104.0 6
19.0 13.674033149171272 16.951788491446347 144.0 6
1.0 76.17403314917127 76.20528771384136 8.0 1
3.0 34.15055248618785 34.3701399688958 28.0 3
3.0 34.15055248618785 34.3701399688958 28.0 3
4.0 24.205801104972377 25.505443234836704 34.0 4
4.0 24.205801104972377 25.505443234836704 34.0 4
5.0 19.026243093922652 21.461897356143076 39.0 5
5.0 19.026243093922652 21.461897356143076 39.0 5
1.0 76.17403314917127 76.20528771384136 10.0 1
3.0 34.15055248618785 34.3701399688958 28.0 3
4.0 24.205801104972377 25.505443234836704 34.0 4
5.0 19.026243093922652 21.461897356143076 39.0 5
3.0 34.15055248618785 34.3701399688958 28.0 3
4.0 24.205801104972377 25.505443234836704 34.0 4
5.0 19.026243093922652 21.461897356143076 39.0 5
3.0 34.15055248618785 34.3701399688958 28.0 3
4.0 24.205801104972377 25.505443234836704 34.0 4
5.0 19.026243093922652 21.461897356143076 39.0 5
1.0 76.17403314917127 76.20528771384136 3.0 1
2.0 53.24585635359116 53.499222395023324 55.0 2
2.0 53.24585635359116 53.499222395023324 55.0 2
7.0 16.43646408839779 19.440124416796266 53.0 6
7.0 16.43646408839779 19.440124416796266 53.0 6
1.0 76.17403314917127 76.20528771384136 5.0 1
2.0 53.24585635359116 53.499222395023324 55.0 2
7.0 16.43646408839779 19.440124416796266 53.0 6
8.0 15.210635359116024 18.040435458786934 57.0 6
1.0 76.17403314917127 76.20528771384136 3.0 1
2.0 53.24585635359116 53.499222395023324 55.0 2
7.0 16.43646408839779 19.440124416796266 53.0 6
8.0 15.210635359116024 18.040435458786934 57.0 6
1.0 76.17403314917127 76.20528771384136 3.0 1
6.0 17.403314917127073 19.59564541213064 43.0 5
6.0 17.403314917127073 19.59564541213064 43.0 5
6.0 17.403314917127073 19.59564541213064 43.0 5
6.0 17.403314917127073 19.59564541213064 43.0 5
6.0 17.403314917127073 19.59564541213064 43.0 5
6.0 17.403314917127073 19.59564541213064 43.0 5
