1.0 76.16991883957866 76.24223602484473 10.0 1
6.0 17.64807459851494 17.857142857142858 38.0 5
6.0 17.64807459851494 17.857142857142858 38.0 5
7.0 17.56173372474529 17.391304347826086 41.0 5
7.0 17.56173372474529 17.391304347826086 41.0 5
6.0 17.64807459851494 17.857142857142858 38.0 5
7.0 17.56173372474529 17.391304347826086 41.0 5
1.0 76.16991883957866 76.24223602484473 11.0 1
6.0 17.64807459851494 17.857142857142858 38.0 5
7.0 17.56173372474529 17.391304347826086 41.0 5
1.0 76.16991883957866 76.24223602484473 5.0 1
3.0 34.001036090485236 35.24844720496895 34.0 3
3.0 34.001036090485236 35.24844720496895 34.0 3
4.0 24.399930927300982 25.465838509316768 39.0 4
4.0 24.399930927300982 25.465838509316768 39.0 4
5.0 18.615092384734933 19.72049689440994 46.0 5
5.0 18.615092384734933 19.72049689440994 46.0 5
1.0 76.16991883957866 76.24223602484473 5.0 1
3.0 34.001036090485236 35.24844720496895 34.0 3
4.0 24.399930927300982 25.465838509316768 39.0 4
5.0 18.615092384734933 19.72049689440994 46.0 5
1.0 76.16991883957866 76.24223602484473 5.0 1
3.0 34.001036090485236 35.24844720496895 34.0 3
4.0 24.399930927300982 25.465838509316768 39.0 4
5.0 18.615092384734933 19.72049689440994 46.0 5
3.0 34.001036090485236 35.24844720496895 34.0 3
4.0 24.399930927300982 25.465838509316768 39.0 4
5.0 18.615092384734933 19.72049689440994 46.0 5
3.0 34.001036090485236 35.24844720496895 34.0 3
4.0 24.399930927300982 25.465838509316768 39.0 4
5.0 18.615092384734933 19.72049689440994 46.0 5
1.0 76.16991883957866 76.24223602484473 5.0 1
22.0 14.764289414608875 15.527950310559005 150.0 6
21.0 14.850630288378518 15.683229813664596 147.0 6
19.0 14.885166637886377 15.217391304347828 127.0 6
14.0 15.126921084441374 15.217391304347828 108.0 6
10.0 15.834916249352442 16.149068322981368 78.0 6
10.0 15.834916249352442 16.149068322981368 78.0 6
11.0 15.731307200828873 16.149068322981368 82.0 6
17.0 15.023312035917805 15.372670807453417 113.0 6
11.0 15.731307200828873 16.149068322981368 82.0 6
12.0 15.593161802797445 15.993788819875776 85.0 6
17.0 15.023312035917805 15.372670807453417 113.0 6
12.0 15.593161802797445 15.993788819875776 85.0 6
13.0 15.385943705750302 15.838509316770185 96.0 6
13.0 15.385943705750302 15.838509316770185 96.0 6
19.0 14.885166637886377 15.217391304347828 127.0 6
14.0 15.126921084441374 15.217391304347828 108.0 6
21.0 14.850630288378518 15.683229813664596 147.0 6
1.0 76.16991883957866 76.24223602484473 5.0 1
22.0 14.764289414608875 15.527950310559005 150.0 6
10.0 15.834916249352442 16.149068322981368 78.0 6
11.0 15.731307200828873 16.149068322981368 82.0 6
17.0 15.023312035917805 15.372670807453417 113.0 6
12.0 15.593161802797445 15.993788819875776 85.0 6
13.0 15.385943705750302 15.838509316770185 96.0 6
19.0 14.885166637886377 15.217391304347828 127.0 6
14.0 15.126921084441374 15.217391304347828 108.0 6
21.0 14.850630288378518 15.683229813664596 147.0 6
1.0 76.16991883957866 76.24223602484473 5.0 1
22.0 14.764289414608875 15.527950310559005 150.0 6
1.0 76.16991883957866 76.24223602484473 13.0 1
2.0 53.099637368330164 53.41614906832298 42.0 2
2.0 53.099637368330164 53.41614906832298 42.0 2
2.0 53.099637368330164 53.41614906832298 42.0 2
2.0 53.099637368330164 53.41614906832298 42.0 2
9.0 16.266620618200655 14.596273291925465 66.0 6
9.0 16.266620618200655 14.596273291925465 66.0 6
9.0 16.266620618200655 14.596273291925465 66.0 6
8.0 16.767397686064584 15.372670807453417 61.0 6
9.0 16.266620618200655 14.596273291925465 66.0 6
