1.0 76.18718701433258 76.08695652173914 7.0 1
1.0 76.18718701433258 76.08695652173914 7.0 1
1.0 76.18718701433258 76.08695652173914 7.0 1
4.0 24.5898808495942 23.29192546583851 31.0 4
4.0 24.5898808495942 23.29192546583851 31.0 4
5.0 18.494215161457433 15.993788819875776 35.0 5
6.0 17.820756346054225 15.683229813664596 39.0 5
5.0 18.494215161457433 15.993788819875776 35.0 5
6.0 17.820756346054225 15.683229813664596 39.0 5
2.0 52.96149197029874 52.63975155279503 49.0 2
4.0 24.5898808495942 23.29192546583851 31.0 4
5.0 18.494215161457433 15.993788819875776 35.0 5
6.0 17.820756346054225 15.683229813664596 39.0 5
2.0 52.96149197029874 52.63975155279503 49.0 2
4.0 24.5898808495942 23.29192546583851 31.0 4
5.0 18.494215161457433 15.993788819875776 35.0 5
6.0 17.820756346054225 15.683229813664596 39.0 5
1.0 76.18718701433258 76.08695652173914 6.0 1
26.0 14.45346226903816 15.217391304347828 197.0 6
25.0 14.522534968053877 15.217391304347828 189.0 6
16.0 14.643412191331375 16.61490683229814 124.0 6
13.0 14.747021239854947 17.080745341614907 101.0 6
13.0 14.747021239854947 17.080745341614907 101.0 6
15.0 14.660680366085305 16.77018633540373 117.0 6
16.0 14.643412191331375 16.61490683229814 124.0 6
15.0 14.660680366085305 16.77018633540373 117.0 6
25.0 14.522534968053877 15.217391304347828 189.0 6
1.0 76.18718701433258 76.08695652173914 6.0 1
26.0 14.45346226903816 15.217391304347828 197.0 6
13.0 14.747021239854947 17.080745341614907 101.0 6
16.0 14.643412191331375 16.61490683229814 124.0 6
15.0 14.660680366085305 16.77018633540373 117.0 6
25.0 14.522534968053877 15.217391304347828 189.0 6
1.0 76.18718701433258 76.08695652173914 6.0 1
26.0 14.45346226903816 15.217391304347828 197.0 6
7.0 16.991883957865653 15.993788819875776 60.0 6
7.0 16.991883957865653 15.993788819875776 60.0 6
8.0 15.593161802797445 14.906832298136646 63.0 6
8.0 15.593161802797445 14.906832298136646 63.0 6
1.0 76.18718701433258 76.08695652173914 27.0 1
7.0 16.991883957865653 15.993788819875776 60.0 6
8.0 15.593161802797445 14.906832298136646 63.0 6
7.0 16.991883957865653 15.993788819875776 60.0 6
8.0 15.593161802797445 14.906832298136646 63.0 6
1.0 76.18718701433258 76.08695652173914 28.0 1
7.0 16.991883957865653 15.993788819875776 60.0 6
8.0 15.593161802797445 14.906832298136646 63.0 6
3.0 34.13918148851666 32.608695652173914 43.0 3
3.0 34.13918148851666 32.608695652173914 43.0 3
9.0 15.316871006734589 13.509316770186336 70.0 6
9.0 15.316871006734589 13.509316770186336 70.0 6
10.0 15.195993783457087 13.819875776397517 76.0 6
10.0 15.195993783457087 13.819875776397517 76.0 6
11.0 15.092384734933518 13.354037267080745 80.0 6
11.0 15.092384734933518 13.354037267080745 80.0 6
3.0 34.13918148851666 32.608695652173914 43.0 3
9.0 15.316871006734589 13.509316770186336 70.0 6
10.0 15.195993783457087 13.819875776397517 76.0 6
11.0 15.092384734933518 13.354037267080745 80.0 6
3.0 34.13918148851666 32.608695652173914 43.0 3
