1.0 76.17403314917127 76.20528771384136 10.0 1
38.0 12.724447513812153 15.241057542768274 339.0 6
28.0 13.06975138121547 16.796267496111973 247.0 6
24.0 13.121546961325967 16.174183514774494 211.0 6
21.0 13.328729281767956 16.640746500777606 187.0 6
17.0 13.79488950276243 17.573872472783826 162.0 6
37.0 12.758977900552487 15.396578538102643 331.0 6
8.0 15.814917127071823 15.863141524105753 76.0 6
8.0 15.814917127071823 15.863141524105753 76.0 6
9.0 15.037983425414364 15.863141524105753 85.0 6
12.0 13.984806629834253 16.796267496111973 107.0 6
9.0 15.037983425414364 15.863141524105753 85.0 6
10.0 14.623618784530388 16.018662519440124 91.0 6
19.0 13.51864640883978 16.796267496111973 172.0 6
11.0 14.071132596685082 15.707620528771384 107.0 6
12.0 13.984806629834253 16.796267496111973 107.0 6
10.0 14.623618784530388 16.018662519440124 91.0 6
11.0 14.071132596685082 15.707620528771384 107.0 6
29.0 12.966160220994475 16.796267496111973 255.0 6
15.0 13.950276243093922 17.884914463452567 135.0 6
30.0 12.897099447513813 16.485225505443236 261.0 6
19.0 13.51864640883978 16.796267496111973 172.0 6
23.0 13.207872928176794 16.951788491446347 197.0 6
30.0 12.897099447513813 16.485225505443236 261.0 6
23.0 13.207872928176794 16.951788491446347 197.0 6
31.0 12.776243093922652 16.485225505443236 267.0 6
29.0 12.966160220994475 16.796267496111973 255.0 6
31.0 12.776243093922652 16.485225505443236 267.0 6
15.0 13.950276243093922 17.884914463452567 135.0 6
28.0 13.06975138121547 16.796267496111973 247.0 6
37.0 12.758977900552487 15.396578538102643 331.0 6
6.0 18.111187845303867 19.440124416796266 51.0 6
6.0 18.111187845303867 19.440124416796266 51.0 6
7.0 17.265193370165747 18.662519440124417 60.0 6
7.0 17.265193370165747 18.662519440124417 60.0 6
18.0 13.708563535911603 16.796267496111973 133.0 6
18.0 13.708563535911603 16.796267496111973 133.0 6
6.0 18.111187845303867 19.440124416796266 51.0 6
7.0 17.265193370165747 18.662519440124417 60.0 6
18.0 13.708563535911603 16.796267496111973 133.0 6
1.0 76.17403314917127 76.20528771384136 5.0 1
2.0 52.90055248618785 53.34370139968896 56.0 2
2.0 52.90055248618785 53.34370139968896 56.0 2
3.0 34.081491712707184 33.903576982892695 27.0 3
3.0 34.081491712707184 33.903576982892695 27.0 3
4.0 24.706491712707184 24.72783825816485 29.0 4
4.0 24.706491712707184 24.72783825816485 29.0 4
5.0 19.88950276243094 20.684292379471227 37.0 5
1.0 76.17403314917127 76.20528771384136 5.0 1
2.0 52.90055248618785 53.34370139968896 56.0 2
3.0 34.081491712707184 33.903576982892695 27.0 3
4.0 24.706491712707184 24.72783825816485 29.0 4
5.0 19.88950276243094 20.684292379471227 37.0 5
1.0 76.17403314917127 76.20528771384136 5.0 1
2.0 52.90055248618785 53.34370139968896 56.0 2
3.0 34.081491712707184 33.903576982892695 27.0 3
4.0 24.706491712707184 24.72783825816485 29.0 4
5.0 19.88950276243094 20.684292379471227 37.0 5
1.0 76.17403314917127 76.20528771384136 4.0 1
