1.0 76.17403314917127 76.20528771384136 8.0 1
2.0 53.24585635359116 52.87713841368584 52.0 2
2.0 53.24585635359116 52.87713841368584 52.0 2
7.0 16.488259668508288 19.59564541213064 66.0 6
7.0 16.488259668508288 19.59564541213064 66.0 6
10.0 15.573204419889503 18.195956454121305 82.0 6
10.0 15.573204419889503 18.195956454121305 82.0 6
1.0 76.17403314917127 76.20528771384136 8.0 1
2.0 53.24585635359116 52.87713841368584 52.0 2
7.0 16.488259668508288 19.59564541213064 66.0 6
10.0 15.573204419889503 18.195956454121305 82.0 6
4.0 24.91367403314917 24.72783825816485 33.0 4
4.0 24.91367403314917 24.72783825816485 33.0 4
24.0 13.501381215469612 13.685847589424572 182.0 6
22.0 13.691298342541437 13.685847589424572 164.0 6
8.0 16.177486187845304 16.174183514774494 60.0 6
8.0 16.177486187845304 16.174183514774494 60.0 6
9.0 15.745856353591158 16.018662519440124 65.0 6
14.0 14.312845303867402 13.996889580093313 92.0 6
13.0 14.744475138121546 16.018662519440124 92.0 6
14.0 14.312845303867402 13.996889580093313 92.0 6
11.0 15.05524861878453 15.396578538102643 76.0 6
17.0 13.915745856353592 14.152410575427682 118.0 6
9.0 15.745856353591158 16.018662519440124 65.0 6
17.0 13.915745856353592 14.152410575427682 118.0 6
19.0 13.72582872928177 14.152410575427682 140.0 6
13.0 14.744475138121546 16.018662519440124 92.0 6
18.0 13.863950276243095 14.152410575427682 127.0 6
21.0 13.708563535911603 13.685847589424572 158.0 6
18.0 13.863950276243095 14.152410575427682 127.0 6
19.0 13.72582872928177 14.152410575427682 140.0 6
11.0 15.05524861878453 15.396578538102643 76.0 6
22.0 13.691298342541437 13.685847589424572 164.0 6
21.0 13.708563535911603 13.685847589424572 158.0 6
24.0 13.501381215469612 13.685847589424572 182.0 6
4.0 24.91367403314917 24.72783825816485 33.0 4
1.0 76.17403314917127 76.20528771384136 2.0 1
2.0 53.24585635359116 53.654743390357694 42.0 2
2.0 53.24585635359116 53.654743390357694 42.0 2
5.0 18.888121546961326 18.195956454121305 51.0 5
5.0 18.888121546961326 18.195956454121305 51.0 5
1.0 76.17403314917127 76.20528771384136 2.0 1
2.0 53.24585635359116 53.654743390357694 42.0 2
5.0 18.888121546961326 18.195956454121305 51.0 5
1.0 76.17403314917127 76.20528771384136 2.0 1
2.0 53.24585635359116 53.654743390357694 42.0 2
5.0 18.888121546961326 18.195956454121305 51.0 5
3.0 34.340469613259664 34.68118195956454 26.0 3
3.0 34.340469613259664 34.68118195956454 26.0 3
6.0 17.316988950276244 17.107309486780714 42.0 5
6.0 17.316988950276244 17.107309486780714 42.0 5
3.0 34.340469613259664 34.68118195956454 26.0 3
6.0 17.316988950276244 17.107309486780714 42.0 5
3.0 34.340469613259664 34.68118195956454 26.0 3
6.0 17.316988950276244 17.107309486780714 42.0 5
3.0 34.340469613259664 34.68118195956454 26.0 3
6.0 17.316988950276244 17.107309486780714 42.0 5
3.0 34.340469613259664 34.68118195956454 26.0 3
6.0 17.316988950276244 17.107309486780714 42.0 5
3.0 34.340469613259664 34.68118195956454 26.0 3
6.0 17.316988950276244 17.107309486780714 42.0 5
3.0 34.340469613259664 34.68118195956454 26.0 3
