1.0 76.17403314917127 76.20528771384136 7.0 1
1.0 76.17403314917127 76.20528771384136 15.0 1
1.0 76.17403314917127 76.20528771384136 7.0 1
1.0 76.17403314917127 76.20528771384136 7.0 1
4.0 24.63743093922652 24.72783825816485 30.0 4
4.0 24.63743093922652 24.72783825816485 30.0 4
5.0 18.974447513812155 18.662519440124417 40.0 5
7.0 17.97306629834254 18.195956454121305 48.0 5
5.0 18.974447513812155 18.662519440124417 40.0 5
6.0 18.50828729281768 18.506998444790046 45.0 5
6.0 18.50828729281768 18.506998444790046 45.0 5
7.0 17.97306629834254 18.195956454121305 48.0 5
4.0 24.63743093922652 24.72783825816485 30.0 4
5.0 18.974447513812155 18.662519440124417 40.0 5
6.0 18.50828729281768 18.506998444790046 45.0 5
7.0 17.97306629834254 18.195956454121305 48.0 5
4.0 24.63743093922652 24.72783825816485 30.0 4
5.0 18.974447513812155 18.662519440124417 40.0 5
7.0 17.97306629834254 18.195956454121305 48.0 5
6.0 18.50828729281768 18.506998444790046 45.0 5
4.0 24.63743093922652 24.72783825816485 30.0 4
5.0 18.974447513812155 18.662519440124417 40.0 5
6.0 18.50828729281768 18.506998444790046 45.0 5
7.0 17.97306629834254 18.195956454121305 48.0 5
4.0 24.63743093922652 24.72783825816485 30.0 4
5.0 18.974447513812155 18.662519440124417 40.0 5
7.0 17.97306629834254 18.195956454121305 48.0 5
6.0 18.50828729281768 18.506998444790046 45.0 5
4.0 24.63743093922652 24.72783825816485 30.0 4
5.0 18.974447513812155 18.662519440124417 40.0 5
7.0 17.97306629834254 18.195956454121305 48.0 5
6.0 18.50828729281768 18.506998444790046 45.0 5
1.0 76.17403314917127 76.20528771384136 10.0 1
1.0 76.17403314917127 76.20528771384136 11.0 1
1.0 76.17403314917127 76.20528771384136 3.0 1
2.0 52.91781767955801 53.03265940902022 58.0 2
2.0 52.91781767955801 53.03265940902022 57.0 2
3.0 33.8743093922652 34.3701399688958 22.0 3
3.0 33.8743093922652 34.3701399688958 22.0 3
1.0 76.17403314917127 76.20528771384136 29.0 1
2.0 52.91781767955801 53.03265940902022 57.0 2
3.0 33.8743093922652 34.3701399688958 22.0 3
1.0 76.17403314917127 76.20528771384136 29.0 1
2.0 52.91781767955801 53.03265940902022 57.0 2
3.0 33.8743093922652 34.3701399688958 22.0 3
1.0 76.17403314917127 76.20528771384136 4.0 1
2.0 52.91781767955801 53.03265940902022 57.0 2
3.0 33.8743093922652 34.3701399688958 22.0 3
1.0 76.17403314917127 76.20528771384136 3.0 1
1.0 76.17403314917127 76.20528771384136 4.0 1
8.0 15.14157458563536 16.640746500777606 64.0 6
8.0 15.14157458563536 16.640746500777606 64.0 6
9.0 14.709944751381215 16.329704510108865 71.0 6
9.0 14.709944751381215 16.329704510108865 71.0 6
8.0 15.14157458563536 16.640746500777606 64.0 6
9.0 14.709944751381215 16.329704510108865 71.0 6
8.0 15.14157458563536 16.640746500777606 64.0 6
9.0 14.709944751381215 16.329704510108865 71.0 6
8.0 15.14157458563536 16.640746500777606 64.0 6
9.0 14.709944751381215 16.329704510108865 71.0 6
