1.0 76.17403314917127 76.20528771384136 5.0 1
1.0 76.17403314917127 76.20528771384136 5.0 1
2.0 53.07320441988951 53.34370139968896 43.0 2
2.0 53.07320441988951 53.34370139968896 43.0 2
4.0 24.24033149171271 25.660964230171075 29.0 4
4.0 24.24033149171271 25.660964230171075 29.0 4
2.0 53.07320441988951 53.34370139968896 43.0 2
4.0 24.24033149171271 25.660964230171075 29.0 4
1.0 76.17403314917127 76.20528771384136 5.0 1
19.0 13.432320441988951 15.707620528771384 149.0 6
11.0 14.140193370165747 16.174183514774494 83.0 6
11.0 14.140193370165747 16.174183514774494 83.0 6
12.0 13.88121546961326 16.018662519440124 90.0 6
12.0 13.88121546961326 16.018662519440124 90.0 6
13.0 13.812154696132598 15.707620528771384 99.0 6
14.0 13.743093922651934 15.707620528771384 108.0 6
15.0 13.691298342541437 15.863141524105753 117.0 6
13.0 13.812154696132598 15.707620528771384 99.0 6
14.0 13.743093922651934 15.707620528771384 108.0 6
18.0 13.449585635359115 15.707620528771384 140.0 6
15.0 13.691298342541437 15.863141524105753 117.0 6
16.0 13.622237569060774 15.707620528771384 126.0 6
16.0 13.622237569060774 15.707620528771384 126.0 6
17.0 13.535911602209943 15.863141524105753 130.0 6
17.0 13.535911602209943 15.863141524105753 130.0 6
18.0 13.449585635359115 15.707620528771384 140.0 6
1.0 76.17403314917127 76.20528771384136 5.0 1
19.0 13.432320441988951 15.707620528771384 149.0 6
11.0 14.140193370165747 16.174183514774494 83.0 6
12.0 13.88121546961326 16.018662519440124 90.0 6
13.0 13.812154696132598 15.707620528771384 99.0 6
14.0 13.743093922651934 15.707620528771384 108.0 6
15.0 13.691298342541437 15.863141524105753 117.0 6
16.0 13.622237569060774 15.707620528771384 126.0 6
17.0 13.535911602209943 15.863141524105753 130.0 6
18.0 13.449585635359115 15.707620528771384 140.0 6
1.0 76.17403314917127 76.20528771384136 5.0 1
19.0 13.432320441988951 15.707620528771384 149.0 6
1.0 76.17403314917127 76.20528771384136 6.0 1
3.0 33.83977900552486 34.99222395023328 39.0 3
3.0 33.83977900552486 34.99222395023328 39.0 3
10.0 14.312845303867402 16.951788491446347 101.0 6
5.0 17.472375690607738 20.684292379471227 52.0 5
5.0 17.472375690607738 20.684292379471227 52.0 5
6.0 15.521408839779005 18.35147744945568 62.0 6
6.0 15.521408839779005 18.35147744945568 62.0 6
7.0 15.037983425414364 17.262830482115085 71.0 6
7.0 15.037983425414364 17.262830482115085 71.0 6
8.0 14.675414364640885 17.107309486780714 77.0 6
8.0 14.675414364640885 17.107309486780714 77.0 6
9.0 14.450966850828728 17.107309486780714 86.0 6
10.0 14.312845303867402 16.951788491446347 101.0 6
9.0 14.450966850828728 17.107309486780714 86.0 6
1.0 76.17403314917127 76.20528771384136 6.0 1
3.0 33.83977900552486 34.99222395023328 39.0 3
5.0 17.472375690607738 20.684292379471227 52.0 5
6.0 15.521408839779005 18.35147744945568 62.0 6
7.0 15.037983425414364 17.262830482115085 71.0 6
8.0 14.675414364640885 17.107309486780714 77.0 6
