1.0 76.16991883957866 76.24223602484473 9.0 1
4.0 24.866171645657055 24.689440993788818 36.0 4
4.0 24.866171645657055 24.689440993788818 36.0 4
5.0 18.114315316871007 19.25465838509317 47.0 5
5.0 18.114315316871007 19.25465838509317 47.0 5
1.0 76.16991883957866 76.24223602484473 9.0 1
4.0 24.866171645657055 24.689440993788818 36.0 4
5.0 18.114315316871007 19.25465838509317 47.0 5
4.0 24.866171645657055 24.689440993788818 36.0 4
5.0 18.114315316871007 19.25465838509317 47.0 5
1.0 76.16991883957866 76.24223602484473 9.0 1
4.0 24.866171645657055 24.689440993788818 36.0 4
5.0 18.114315316871007 19.25465838509317 47.0 5
1.0 76.16991883957866 76.24223602484473 10.0 1
1.0 76.16991883957866 76.24223602484473 10.0 1
1.0 76.16991883957866 76.24223602484473 10.0 1
1.0 76.16991883957866 76.24223602484473 11.0 1
1.0 76.16991883957866 76.24223602484473 11.0 1
1.0 76.16991883957866 76.24223602484473 5.0 1
2.0 52.9960283198066 53.105590062111794 12.0 2
2.0 52.9960283198066 53.105590062111794 12.0 2
3.0 34.34639958556381 35.40372670807454 40.0 3
3.0 34.34639958556381 35.40372670807454 40.0 3
7.0 16.819202210326367 16.925465838509314 52.0 6
8.0 15.593161802797445 15.838509316770185 61.0 6
7.0 16.819202210326367 16.925465838509314 52.0 6
8.0 15.593161802797445 15.838509316770185 61.0 6
9.0 14.522534968053877 14.440993788819876 66.0 6
9.0 14.522534968053877 14.440993788819876 66.0 6
11.0 14.349853220514591 14.440993788819876 77.0 6
12.0 14.021757900189948 13.819875776397517 82.0 6
10.0 14.36712139526852 14.440993788819876 72.0 6
12.0 14.021757900189948 13.819875776397517 82.0 6
14.0 13.417371783802452 13.819875776397517 97.0 6
13.0 13.469176308064238 13.664596273291925 92.0 6
15.0 13.296494560524952 13.198757763975156 106.0 6
10.0 14.36712139526852 14.440993788819876 72.0 6
11.0 14.349853220514591 14.440993788819876 77.0 6
13.0 13.469176308064238 13.664596273291925 92.0 6
14.0 13.417371783802452 13.819875776397517 97.0 6
19.0 12.76118114315317 13.043478260869565 141.0 6
17.0 13.054740113969954 12.888198757763975 131.0 6
18.0 13.020203764462096 12.888198757763975 135.0 6
15.0 13.296494560524952 13.198757763975156 106.0 6
17.0 13.054740113969954 12.888198757763975 131.0 6
18.0 13.020203764462096 12.888198757763975 135.0 6
19.0 12.76118114315317 13.043478260869565 141.0 6
1.0 76.16991883957866 76.24223602484473 9.0 1
2.0 52.9960283198066 53.105590062111794 12.0 2
3.0 34.34639958556381 35.40372670807454 40.0 3
