1.0 76.18718701433258 76.08695652173914 4.0 1
4.0 24.00276290796063 24.06832298136646 37.0 4
4.0 24.00276290796063 24.06832298136646 37.0 4
5.0 17.993438093593507 18.16770186335404 46.0 5
5.0 17.993438093593507 18.16770186335404 46.0 5
1.0 76.18718701433258 76.08695652173914 28.0 1
4.0 24.00276290796063 24.06832298136646 37.0 4
5.0 17.993438093593507 18.16770186335404 46.0 5
1.0 76.18718701433258 76.08695652173914 28.0 1
4.0 24.00276290796063 24.06832298136646 37.0 4
5.0 17.993438093593507 18.16770186335404 46.0 5
1.0 76.18718701433258 76.08695652173914 5.0 1
4.0 24.00276290796063 24.06832298136646 37.0 4
5.0 17.993438093593507 18.16770186335404 46.0 5
1.0 76.18718701433258 76.08695652173914 28.0 1
4.0 24.00276290796063 24.06832298136646 37.0 4
5.0 17.993438093593507 18.16770186335404 46.0 5
1.0 76.18718701433258 76.08695652173914 28.0 1
4.0 24.00276290796063 24.06832298136646 37.0 4
5.0 17.993438093593507 18.16770186335404 46.0 5
1.0 76.18718701433258 76.08695652173914 4.0 1
4.0 24.00276290796063 24.06832298136646 37.0 4
5.0 17.993438093593507 18.16770186335404 46.0 5
1.0 76.18718701433258 76.08695652173914 6.0 1
4.0 24.00276290796063 24.06832298136646 37.0 4
1.0 76.18718701433258 76.24223602484473 9.0 1
2.0 52.857882921775165 52.79503105590062 57.0 2
12.0 14.108098773959593 14.285714285714285 101.0 6
6.0 15.90398894836816 18.32298136645963 47.0 6
6.0 15.90398894836816 18.32298136645963 47.0 6
7.0 15.282334657226732 18.16770186335404 53.0 6
7.0 15.282334657226732 18.16770186335404 53.0 6
11.0 14.246244171991021 14.596273291925465 96.0 6
12.0 14.108098773959593 14.285714285714285 101.0 6
11.0 14.246244171991021 14.596273291925465 96.0 6
1.0 76.18718701433258 76.24223602484473 9.0 1
2.0 52.857882921775165 52.79503105590062 57.0 2
6.0 15.90398894836816 18.32298136645963 47.0 6
7.0 15.282334657226732 18.16770186335404 53.0 6
12.0 14.108098773959593 14.285714285714285 101.0 6
11.0 14.246244171991021 14.596273291925465 96.0 6
1.0 76.18718701433258 76.24223602484473 9.0 1
6.0 15.90398894836816 18.32298136645963 47.0 6
7.0 15.282334657226732 18.16770186335404 53.0 6
12.0 14.108098773959593 14.285714285714285 101.0 6
11.0 14.246244171991021 14.596273291925465 96.0 6
1.0 76.18718701433258 76.24223602484473 9.0 1
6.0 15.90398894836816 18.32298136645963 47.0 6
7.0 15.282334657226732 18.16770186335404 53.0 6
12.0 14.108098773959593 14.285714285714285 101.0 6
1.0 76.18718701433258 76.24223602484473 9.0 1
8.0 14.418925919530306 16.77018633540373 55.0 6
3.0 33.81108616819202 34.47204968944099 20.0 3
8.0 14.418925919530306 16.77018633540373 55.0 6
8.0 14.418925919530306 16.77018633540373 55.0 6
8.0 14.418925919530306 16.77018633540373 55.0 6
3.0 33.81108616819202 34.47204968944099 20.0 3
8.0 14.418925919530306 16.77018633540373 55.0 6
8.0 14.418925919530306 16.77018633540373 55.0 6
8.0 14.418925919530306 16.77018633540373 55.0 6
