1.0 76.18718701433258 76.08695652173914 4.0 1
1.0 76.18718701433258 76.08695652173914 6.0 1
6.0 18.027974443101364 18.32298136645963 42.0 5
6.0 18.027974443101364 18.32298136645963 42.0 5
1.0 76.18718701433258 76.08695652173914 6.0 1
6.0 18.027974443101364 18.32298136645963 42.0 5
6.0 18.027974443101364 18.32298136645963 42.0 5
1.0 76.18718701433258 76.08695652173914 9.0 1
1.0 76.18718701433258 76.08695652173914 9.0 1
1.0 76.18718701433258 76.08695652173914 9.0 1
1.0 76.18718701433258 76.08695652173914 9.0 1
1.0 76.18718701433258 76.08695652173914 9.0 1
1.0 76.18718701433258 76.08695652173914 8.0 1
3.0 33.8628906924538 34.316770186335404 32.0 3
3.0 33.8628906924538 34.316770186335404 32.0 3
4.0 23.8646175099292 24.689440993788818 38.0 4
4.0 23.8646175099292 24.689440993788818 38.0 4
5.0 18.822310481782075 19.25465838509317 40.0 5
5.0 18.822310481782075 19.25465838509317 40.0 5
7.0 17.354515627698152 19.099378881987576 54.0 6
8.0 16.784665860818514 18.478260869565215 57.0 6
7.0 17.354515627698152 19.099378881987576 54.0 6
8.0 16.784665860818514 18.478260869565215 57.0 6
3.0 33.8628906924538 34.316770186335404 32.0 3
4.0 23.8646175099292 24.689440993788818 38.0 4
5.0 18.822310481782075 19.25465838509317 40.0 5
7.0 17.354515627698152 19.099378881987576 54.0 6
8.0 16.784665860818514 18.478260869565215 57.0 6
1.0 76.18718701433258 76.08695652173914 9.0 1
3.0 33.8628906924538 34.316770186335404 32.0 3
4.0 23.8646175099292 24.689440993788818 38.0 4
5.0 18.822310481782075 19.25465838509317 40.0 5
7.0 17.354515627698152 19.099378881987576 54.0 6
8.0 16.784665860818514 18.478260869565215 57.0 6
1.0 76.18718701433258 76.08695652173914 8.0 1
3.0 33.8628906924538 34.316770186335404 32.0 3
4.0 23.8646175099292 24.689440993788818 38.0 4
5.0 18.822310481782075 19.25465838509317 40.0 5
7.0 17.354515627698152 19.099378881987576 54.0 6
8.0 16.784665860818514 18.478260869565215 57.0 6
1.0 76.18718701433258 76.08695652173914 11.0 1
26.0 14.090830599205665 14.596273291925465 231.0 6
2.0 52.84061474702124 52.95031055900621 26.0 2
9.0 15.610429977551373 16.61490683229814 74.0 6
9.0 15.610429977551373 16.61490683229814 74.0 6
10.0 15.472284579519947 16.61490683229814 81.0 6
11.0 14.643412191331375 15.527950310559005 87.0 6
12.0 14.608875841823519 15.527950310559005 95.0 6
12.0 14.608875841823519 15.527950310559005 95.0 6
14.0 14.505266793299947 14.906832298136646 113.0 6
10.0 15.472284579519947 16.61490683229814 81.0 6
14.0 14.505266793299947 14.906832298136646 113.0 6
22.0 14.125366948713522 14.751552795031056 181.0 6
18.0 14.38438957002245 14.440993788819876 143.0 6
11.0 14.643412191331375 15.527950310559005 87.0 6
18.0 14.38438957002245 14.440993788819876 143.0 6
15.0 14.418925919530306 14.906832298136646 118.0 6
21.0 14.26351234674495 14.751552795031056 178.0 6
15.0 14.418925919530306 14.906832298136646 118.0 6
21.0 14.26351234674495 14.751552795031056 178.0 6
22.0 14.125366948713522 14.751552795031056 181.0 6
1.0 76.18718701433258 76.08695652173914 14.0 1
26.0 14.090830599205665 14.596273291925465 231.0 6
9.0 15.610429977551373 16.61490683229814 74.0 6
12.0 14.608875841823519 15.527950310559005 95.0 6
10.0 15.472284579519947 16.61490683229814 81.0 6
14.0 14.505266793299947 14.906832298136646 113.0 6
