5.0 18.974447513812155 18.35147744945568 43.0 5
5.0 18.974447513812155 18.35147744945568 43.0 5
6.0 16.902624309392262 13.996889580093313 52.0 6
22.0 13.328729281767956 10.88646967340591 175.0 6
30.0 13.052486187845306 11.508553654743391 220.0 6
6.0 16.902624309392262 13.996889580093313 52.0 6
7.0 15.849447513812153 13.21928460342146 58.0 6
7.0 15.849447513812153 13.21928460342146 58.0 6
8.0 15.435082872928177 12.752721617418352 64.0 6
10.0 14.744475138121546 12.597200622083982 75.0 6
11.0 14.468232044198896 12.130637636080872 88.0 6
9.0 15.158839779005525 12.752721617418352 70.0 6
10.0 14.744475138121546 12.597200622083982 75.0 6
8.0 15.435082872928177 12.752721617418352 64.0 6
11.0 14.468232044198896 12.130637636080872 88.0 6
9.0 15.158839779005525 12.752721617418352 70.0 6
12.0 14.209254143646408 11.508553654743391 98.0 6
16.0 13.604972375690608 10.88646967340591 128.0 6
17.0 13.48411602209945 10.88646967340591 137.0 6
12.0 14.209254143646408 11.508553654743391 98.0 6
13.0 14.088397790055248 11.19751166407465 106.0 6
17.0 13.48411602209945 10.88646967340591 137.0 6
13.0 14.088397790055248 11.19751166407465 106.0 6
14.0 13.812154696132598 10.88646967340591 121.0 6
15.0 13.743093922651934 11.04199066874028 144.0 6
16.0 13.604972375690608 10.88646967340591 128.0 6
22.0 13.328729281767956 10.88646967340591 175.0 6
29.0 13.259668508287293 11.66407465007776 213.0 6
21.0 13.34599447513812 10.88646967340591 164.0 6
30.0 13.052486187845306 11.508553654743391 220.0 6
29.0 13.259668508287293 11.66407465007776 213.0 6
21.0 13.34599447513812 10.88646967340591 164.0 6
20.0 13.415055248618785 11.19751166407465 156.0 6
14.0 13.812154696132598 10.88646967340591 121.0 6
1.0 76.17403314917127 76.20528771384136 4.0 1
4.0 24.171270718232044 25.038880248833596 29.0 4
4.0 24.171270718232044 25.038880248833596 29.0 4
4.0 24.171270718232044 25.038880248833596 29.0 4
4.0 24.171270718232044 25.038880248833596 29.0 4
4.0 24.171270718232044 25.038880248833596 29.0 4
4.0 24.171270718232044 25.038880248833596 29.0 4
1.0 76.17403314917127 76.20528771384136 4.0 1
2.0 52.91781767955801 53.499222395023324 26.0 2
2.0 52.91781767955801 53.499222395023324 26.0 2
3.0 34.081491712707184 34.83670295489891 30.0 3
3.0 34.081491712707184 34.83670295489891 30.0 3
1.0 76.17403314917127 76.20528771384136 6.0 1
2.0 52.91781767955801 53.499222395023324 26.0 2
3.0 34.081491712707184 34.83670295489891 30.0 3
1.0 76.17403314917127 76.20528771384136 6.0 1
2.0 52.91781767955801 53.499222395023324 26.0 2
3.0 34.081491712707184 34.83670295489891 30.0 3
1.0 76.17403314917127 76.20528771384136 6.0 1
1.0 76.17403314917127 76.20528771384136 7.0 1
