1.0 76.17403314917127 76.20528771384136 6.0 1
1.0 76.17403314917127 76.20528771384136 7.0 1
1.0 76.17403314917127 76.20528771384136 10.0 1
3.0 33.97790055248619 33.903576982892695 23.0 3
3.0 33.97790055248619 33.903576982892695 23.0 3
4.0 24.499309392265193 24.261275272161743 27.0 4
4.0 24.499309392265193 24.261275272161743 27.0 4
5.0 18.456491712707184 18.040435458786934 36.0 5
5.0 18.456491712707184 18.040435458786934 36.0 5
6.0 17.265193370165747 17.573872472783826 46.0 6
6.0 17.265193370165747 17.573872472783826 46.0 6
1.0 76.17403314917127 76.20528771384136 10.0 1
3.0 33.97790055248619 33.903576982892695 23.0 3
4.0 24.499309392265193 24.261275272161743 27.0 4
5.0 18.456491712707184 18.040435458786934 36.0 5
6.0 17.265193370165747 17.573872472783826 46.0 6
2.0 53.055939226519335 53.34370139968896 43.0 2
2.0 53.055939226519335 53.34370139968896 43.0 2
7.0 15.83218232044199 18.506998444790046 57.0 6
20.0 13.933011049723756 15.396578538102643 136.0 6
18.0 14.312845303867402 17.262830482115085 137.0 6
8.0 15.17610497237569 18.040435458786934 62.0 6
9.0 14.986187845303867 16.796267496111973 68.0 6
7.0 15.83218232044199 18.506998444790046 57.0 6
8.0 15.17610497237569 18.040435458786934 62.0 6
21.0 13.587707182320441 15.552099533437014 142.0 6
10.0 14.830801104972377 17.107309486780714 72.0 6
11.0 14.675414364640885 17.107309486780714 74.0 6
17.0 14.33011049723757 17.418351477449455 114.0 6
15.0 14.347375690607736 17.729393468118197 98.0 6
15.0 14.347375690607736 17.729393468118197 98.0 6
9.0 14.986187845303867 16.796267496111973 68.0 6
10.0 14.830801104972377 17.107309486780714 72.0 6
18.0 14.312845303867402 17.262830482115085 137.0 6
11.0 14.675414364640885 17.107309486780714 74.0 6
20.0 13.933011049723756 15.396578538102643 136.0 6
12.0 14.416436464088397 16.951788491446347 80.0 6
12.0 14.416436464088397 16.951788491446347 80.0 6
13.0 14.39917127071823 16.796267496111973 103.0 6
21.0 13.587707182320441 15.552099533437014 142.0 6
17.0 14.33011049723757 17.418351477449455 114.0 6
13.0 14.39917127071823 16.796267496111973 103.0 6
2.0 53.055939226519335 53.34370139968896 43.0 2
7.0 15.83218232044199 18.506998444790046 57.0 6
8.0 15.17610497237569 18.040435458786934 62.0 6
15.0 14.347375690607736 17.729393468118197 98.0 6
9.0 14.986187845303867 16.796267496111973 68.0 6
