1.0 76.18718701433258 76.08695652173914 6.0 1
32.0 13.90088067691245 16.149068322981368 231.0 6
5.0 18.701433258504576 19.565217391304348 37.0 5
29.0 13.952685201174237 16.459627329192546 211.0 6
31.0 13.935417026420307 16.149068322981368 230.0 6
6.0 17.889829045069934 18.478260869565215 52.0 6
7.0 16.266620618200655 15.993788819875776 60.0 6
5.0 18.701433258504576 19.565217391304348 37.0 5
6.0 17.889829045069934 18.478260869565215 52.0 6
7.0 16.266620618200655 15.993788819875776 60.0 6
8.0 16.19754791918494 15.372670807453417 68.0 6
8.0 16.19754791918494 15.372670807453417 68.0 6
10.0 14.885166637886377 15.838509316770185 85.0 6
10.0 14.885166637886377 15.838509316770185 85.0 6
11.0 14.591607667069592 15.527950310559005 90.0 6
11.0 14.591607667069592 15.527950310559005 90.0 6
13.0 14.36712139526852 16.459627329192546 108.0 6
13.0 14.36712139526852 16.459627329192546 108.0 6
21.0 14.280780521498878 15.993788819875776 159.0 6
23.0 14.108098773959593 15.838509316770185 176.0 6
24.0 14.00448972543602 15.993788819875776 180.0 6
29.0 13.952685201174237 16.459627329192546 211.0 6
24.0 14.00448972543602 15.993788819875776 180.0 6
22.0 14.246244171991021 16.149068322981368 165.0 6
23.0 14.108098773959593 15.838509316770185 176.0 6
31.0 13.935417026420307 16.149068322981368 230.0 6
21.0 14.280780521498878 15.993788819875776 159.0 6
22.0 14.246244171991021 16.149068322981368 165.0 6
3.0 34.32913141080988 33.85093167701863 26.0 3
3.0 34.32913141080988 33.85093167701863 26.0 3
4.0 24.969780694180624 24.53416149068323 31.0 4
4.0 24.969780694180624 24.53416149068323 31.0 4
3.0 34.32913141080988 33.85093167701863 26.0 3
4.0 24.969780694180624 24.53416149068323 31.0 4
3.0 34.32913141080988 33.85093167701863 26.0 3
4.0 24.969780694180624 24.53416149068323 31.0 4
3.0 34.32913141080988 33.85093167701863 26.0 3
4.0 24.969780694180624 24.53416149068323 31.0 4
1.0 76.18718701433258 76.08695652173914 6.0 1
33.0 13.676394405111381 15.838509316770185 231.0 6
33.0 13.676394405111381 15.838509316770185 231.0 6
1.0 76.18718701433258 76.08695652173914 7.0 1
1.0 76.18718701433258 76.08695652173914 6.0 1
2.0 53.2377827663616 53.2608695652174 25.0 2
2.0 53.2377827663616 53.2608695652174 25.0 2
9.0 15.17872560870316 15.527950310559005 66.0 6
9.0 15.17872560870316 15.527950310559005 66.0 6
1.0 76.18718701433258 76.08695652173914 7.0 1
2.0 53.2377827663616 53.2608695652174 25.0 2
9.0 15.17872560870316 15.527950310559005 66.0 6
1.0 76.18718701433258 76.08695652173914 14.0 1
2.0 53.2377827663616 53.2608695652174 25.0 2
9.0 15.17872560870316 15.527950310559005 66.0 6
