4.0 24.1063719564842 25.62111801242236 28.0 4
4.0 24.1063719564842 25.62111801242236 28.0 4
4.0 24.1063719564842 25.62111801242236 28.0 4
4.0 24.1063719564842 25.62111801242236 28.0 4
4.0 24.1063719564842 25.62111801242236 28.0 4
3.0 34.1046451390088 35.24844720496895 37.0 3
3.0 34.1046451390088 35.24844720496895 37.0 3
5.0 18.20065619064065 18.32298136645963 41.0 5
5.0 18.20065619064065 18.32298136645963 41.0 5
3.0 34.1046451390088 35.24844720496895 37.0 3
5.0 18.20065619064065 18.32298136645963 41.0 5
1.0 76.16991883957866 76.24223602484473 5.0 1
1.0 76.16991883957866 76.24223602484473 7.0 1
1.0 76.16991883957866 76.24223602484473 29.0 1
1.0 76.16991883957866 76.24223602484473 28.0 1
1.0 76.16991883957866 76.24223602484473 28.0 1
2.0 52.978760145052675 53.105590062111794 55.0 2
1.0 76.16991883957866 76.24223602484473 29.0 1
1.0 76.16991883957866 76.24223602484473 8.0 1
6.0 16.80193403557244 16.149068322981368 52.0 6
6.0 16.80193403557244 16.149068322981368 52.0 6
7.0 16.508375064755658 16.77018633540373 57.0 6
7.0 16.508375064755658 16.77018633540373 57.0 6
8.0 16.09393887066137 15.838509316770185 67.0 6
8.0 16.09393887066137 15.838509316770185 67.0 6
9.0 15.455016404766017 15.372670807453417 74.0 6
9.0 15.455016404766017 15.372670807453417 74.0 6
10.0 14.850630288378518 14.751552795031056 82.0 6
10.0 14.850630288378518 14.751552795031056 82.0 6
11.0 14.211707822483163 14.751552795031056 90.0 6
14.0 14.090830599205665 13.819875776397517 112.0 6
16.0 14.039026074943878 13.664596273291925 124.0 6
11.0 14.211707822483163 14.751552795031056 90.0 6
16.0 14.039026074943878 13.664596273291925 124.0 6
17.0 14.021757900189948 13.354037267080745 131.0 6
14.0 14.090830599205665 13.819875776397517 112.0 6
17.0 14.021757900189948 13.354037267080745 131.0 6
6.0 16.80193403557244 16.149068322981368 52.0 6
7.0 16.508375064755658 16.77018633540373 57.0 6
8.0 16.09393887066137 15.838509316770185 67.0 6
9.0 15.455016404766017 15.372670807453417 74.0 6
10.0 14.850630288378518 14.751552795031056 82.0 6
11.0 14.211707822483163 14.751552795031056 90.0 6
16.0 14.039026074943878 13.664596273291925 124.0 6
