1.0 76.17403314917127 76.20528771384136 5.0 1
3.0 34.16781767955801 33.903576982892695 35.0 3
4.0 24.18853591160221 23.48367029548989 42.0 4
4.0 24.18853591160221 23.48367029548989 42.0 4
8.0 16.056629834254142 16.796267496111973 71.0 6
8.0 16.056629834254142 16.796267496111973 71.0 6
9.0 15.452348066298343 15.552099533437014 86.0 6
9.0 15.452348066298343 15.552099533437014 86.0 6
10.0 15.05524861878453 15.552099533437014 93.0 6
10.0 15.05524861878453 15.552099533437014 93.0 6
11.0 14.830801104972377 14.774494556765164 98.0 6
11.0 14.830801104972377 14.774494556765164 98.0 6
12.0 14.796270718232044 14.774494556765164 104.0 6
12.0 14.796270718232044 14.774494556765164 104.0 6
13.0 14.709944751381215 14.463452566096425 108.0 6
14.0 14.64088397790055 14.618973561430792 112.0 6
15.0 14.502762430939226 14.618973561430792 115.0 6
13.0 14.709944751381215 14.463452566096425 108.0 6
15.0 14.502762430939226 14.618973561430792 115.0 6
14.0 14.64088397790055 14.618973561430792 112.0 6
16.0 14.278314917127071 14.307931570762053 120.0 6
16.0 14.278314917127071 14.307931570762053 120.0 6
17.0 14.226519337016574 13.996889580093313 132.0 6
17.0 14.226519337016574 13.996889580093313 132.0 6
3.0 34.16781767955801 33.903576982892695 35.0 3
4.0 24.18853591160221 23.48367029548989 42.0 4
8.0 16.056629834254142 16.796267496111973 71.0 6
9.0 15.452348066298343 15.552099533437014 86.0 6
10.0 15.05524861878453 15.552099533437014 93.0 6
11.0 14.830801104972377 14.774494556765164 98.0 6
12.0 14.796270718232044 14.774494556765164 104.0 6
13.0 14.709944751381215 14.463452566096425 108.0 6
15.0 14.502762430939226 14.618973561430792 115.0 6
14.0 14.64088397790055 14.618973561430792 112.0 6
16.0 14.278314917127071 14.307931570762053 120.0 6
17.0 14.226519337016574 13.996889580093313 132.0 6
1.0 76.17403314917127 76.20528771384136 6.0 1
3.0 34.16781767955801 33.903576982892695 35.0 3
4.0 24.18853591160221 23.48367029548989 42.0 4
1.0 76.17403314917127 76.20528771384136 6.0 1
1.0 76.17403314917127 76.20528771384136 4.0 1
1.0 76.17403314917127 76.20528771384136 4.0 1
1.0 76.17403314917127 76.20528771384136 4.0 1
1.0 76.17403314917127 76.20528771384136 5.0 1
2.0 52.96961325966851 52.87713841368584 53.0 2
2.0 52.96961325966851 52.87713841368584 53.0 2
5.0 18.577348066298345 17.729393468118197 43.0 5
5.0 18.577348066298345 17.729393468118197 43.0 5
6.0 17.4896408839779 16.018662519440124 49.0 5
6.0 17.4896408839779 16.018662519440124 49.0 5
7.0 17.334254143646408 15.707620528771384 57.0 5
7.0 17.334254143646408 15.707620528771384 57.0 5
1.0 76.17403314917127 76.20528771384136 5.0 1
2.0 52.96961325966851 52.87713841368584 53.0 2
5.0 18.577348066298345 17.729393468118197 43.0 5
6.0 17.4896408839779 16.018662519440124 49.0 5
7.0 17.334254143646408 15.552099533437014 57.0 5
2.0 52.96961325966851 52.87713841368584 53.0 2
5.0 18.577348066298345 17.729393468118197 43.0 5
6.0 17.4896408839779 16.018662519440124 49.0 5
7.0 17.334254143646408 15.707620528771384 57.0 5
