1.0 76.17403314917127 76.20528771384136 2.0 1
1.0 76.17403314917127 76.20528771384136 2.0 1
1.0 76.17403314917127 76.20528771384136 7.0 1
1.0 76.17403314917127 76.20528771384136 9.0 1
1.0 76.17403314917127 76.20528771384136 7.0 1
1.0 76.17403314917127 76.20528771384136 10.0 1
1.0 76.17403314917127 76.20528771384136 8.0 1
1.0 76.17403314917127 76.20528771384136 8.0 1
3.0 33.822513812154696 34.68118195956454 25.0 3
3.0 33.822513812154696 34.68118195956454 25.0 3
25.0 14.3646408839779 15.707620528771384 238.0 6
6.0 17.178867403314918 17.729393468118197 43.0 5
7.0 15.763121546961326 18.506998444790046 64.0 6
6.0 17.178867403314918 17.729393468118197 43.0 5
7.0 15.763121546961326 18.506998444790046 64.0 6
8.0 15.296961325966851 17.573872472783826 75.0 6
8.0 15.296961325966851 17.573872472783826 75.0 6
9.0 14.692679558011049 16.796267496111973 80.0 6
9.0 14.692679558011049 16.796267496111973 80.0 6
11.0 14.658149171270718 16.796267496111973 96.0 6
11.0 14.658149171270718 16.796267496111973 96.0 6
19.0 14.64088397790055 16.485225505443236 190.0 6
20.0 14.60635359116022 16.329704510108865 200.0 6
19.0 14.64088397790055 16.485225505443236 190.0 6
20.0 14.60635359116022 16.329704510108865 200.0 6
25.0 14.3646408839779 15.707620528771384 238.0 6
3.0 33.822513812154696 34.68118195956454 25.0 3
6.0 17.178867403314918 17.729393468118197 43.0 5
7.0 15.763121546961326 18.506998444790046 64.0 6
8.0 15.296961325966851 17.573872472783826 75.0 6
9.0 14.692679558011049 16.796267496111973 80.0 6
1.0 76.17403314917127 76.20528771384136 4.0 1
2.0 52.86602209944752 52.87713841368584 23.0 2
4.0 23.77417127071823 24.883359253499222 37.0 4
4.0 23.77417127071823 24.883359253499222 37.0 4
5.0 17.99033149171271 20.21772939346812 42.0 5
5.0 17.99033149171271 20.21772939346812 42.0 5
4.0 23.77417127071823 24.883359253499222 37.0 4
5.0 17.99033149171271 20.21772939346812 42.0 5
1.0 76.17403314917127 76.20528771384136 16.0 1
4.0 23.77417127071823 24.883359253499222 37.0 4
5.0 17.99033149171271 20.21772939346812 42.0 5
1.0 76.17403314917127 76.20528771384136 12.0 1
4.0 23.77417127071823 24.883359253499222 37.0 4
5.0 17.99033149171271 20.21772939346812 42.0 5
1.0 76.17403314917127 76.20528771384136 13.0 1
4.0 23.77417127071823 24.883359253499222 37.0 4
5.0 17.99033149171271 20.21772939346812 42.0 5
1.0 76.17403314917127 76.20528771384136 12.0 1
4.0 23.77417127071823 24.883359253499222 37.0 4
5.0 17.99033149171271 20.21772939346812 42.0 5
1.0 76.17403314917127 76.20528771384136 12.0 1
4.0 23.77417127071823 24.883359253499222 37.0 4
5.0 17.99033149171271 20.21772939346812 42.0 5
1.0 76.17403314917127 76.20528771384136 12.0 1
4.0 23.77417127071823 24.883359253499222 37.0 4
5.0 17.99033149171271 20.21772939346812 42.0 5
1.0 76.17403314917127 76.20528771384136 12.0 1
1.0 76.17403314917127 76.20528771384136 12.0 1
