31.0 12.571231220859955 15.993788819875776 241.0 6
4.0 24.520808150578482 24.689440993788818 31.0 4
4.0 24.520808150578482 24.689440993788818 31.0 4
5.0 17.97616991883958 19.099378881987576 35.0 5
28.0 12.588499395613884 16.61490683229814 220.0 6
5.0 17.97616991883958 19.099378881987576 35.0 5
6.0 17.907097219823864 20.341614906832298 53.0 6
6.0 17.907097219823864 20.341614906832298 53.0 6
7.0 15.731307200828873 17.857142857142858 64.0 6
20.0 13.08927646347781 16.77018633540373 162.0 6
27.0 12.64030391987567 16.77018633540373 215.0 6
25.0 12.726644793645312 16.77018633540373 201.0 6
7.0 15.731307200828873 17.857142857142858 64.0 6
8.0 15.696770851321014 18.478260869565215 70.0 6
8.0 15.696770851321014 18.478260869565215 70.0 6
9.0 14.971507511656018 17.391304347826086 72.0 6
12.0 14.228975997237093 16.77018633540373 103.0 6
16.0 14.039026074943878 16.304347826086957 130.0 6
17.0 13.797271628388879 16.459627329192546 135.0 6
19.0 13.21015368675531 16.61490683229814 153.0 6
18.0 13.745467104127092 16.77018633540373 145.0 6
11.0 14.522534968053877 16.925465838509314 91.0 6
12.0 14.228975997237093 16.77018633540373 103.0 6
9.0 14.971507511656018 17.391304347826086 72.0 6
10.0 14.936971162148161 17.546583850931675 78.0 6
16.0 14.039026074943878 16.304347826086957 130.0 6
17.0 13.797271628388879 16.459627329192546 135.0 6
10.0 14.936971162148161 17.546583850931675 78.0 6
11.0 14.522534968053877 16.925465838509314 91.0 6
20.0 13.08927646347781 16.77018633540373 162.0 6
23.0 12.795717492661026 16.61490683229814 188.0 6
28.0 12.588499395613884 16.61490683229814 220.0 6
25.0 12.726644793645312 16.77018633540373 201.0 6
23.0 12.795717492661026 16.61490683229814 188.0 6
27.0 12.64030391987567 16.77018633540373 215.0 6
24.0 12.76118114315317 16.61490683229814 197.0 6
18.0 13.745467104127092 16.77018633540373 145.0 6
24.0 12.76118114315317 16.61490683229814 197.0 6
19.0 13.21015368675531 16.61490683229814 153.0 6
31.0 12.571231220859955 15.993788819875776 241.0 6
4.0 24.520808150578482 24.689440993788818 31.0 4
5.0 17.97616991883958 19.099378881987576 35.0 5
6.0 17.907097219823864 20.341614906832298 53.0 6
7.0 15.731307200828873 17.857142857142858 64.0 6
1.0 76.16991883957866 76.24223602484473 3.0 1
3.0 34.501813158349165 34.62732919254658 35.0 3
3.0 34.501813158349165 34.62732919254658 35.0 3
3.0 34.501813158349165 34.62732919254658 35.0 3
3.0 34.501813158349165 34.62732919254658 35.0 3
3.0 34.501813158349165 34.62732919254658 35.0 3
1.0 76.16991883957866 76.24223602484473 5.0 1
2.0 53.25505094111552 53.41614906832298 46.0 2
2.0 53.25505094111552 53.41614906832298 46.0 2
1.0 76.16991883957866 76.24223602484473 7.0 1
2.0 53.25505094111552 53.41614906832298 46.0 2
1.0 76.16991883957866 76.24223602484473 10.0 1
1.0 76.16991883957866 76.24223602484473 10.0 1
1.0 76.16991883957866 76.24223602484473 10.0 1
3.0 34.501813158349165 34.62732919254658 31.0 3
