1.0 76.16991883957866 76.24223602484473 7.0 1
1.0 76.16991883957866 76.24223602484473 7.0 1
1.0 76.16991883957866 76.24223602484473 7.0 1
1.0 76.16991883957866 76.24223602484473 8.0 1
1.0 76.16991883957866 76.24223602484473 7.0 1
3.0 34.450008634087375 34.316770186335404 26.0 3
3.0 34.450008634087375 34.316770186335404 26.0 3
4.0 24.071835606976343 24.37888198757764 32.0 4
4.0 24.071835606976343 24.37888198757764 32.0 4
5.0 18.097047142117077 18.788819875776397 40.0 5
5.0 18.097047142117077 18.788819875776397 40.0 5
3.0 34.450008634087375 34.316770186335404 26.0 3
4.0 24.071835606976343 24.37888198757764 32.0 4
5.0 18.097047142117077 18.788819875776397 40.0 5
3.0 34.450008634087375 34.316770186335404 26.0 3
4.0 24.071835606976343 24.37888198757764 32.0 4
29.0 13.538249007079953 16.77018633540373 209.0 6
2.0 53.28958729062339 54.037267080745345 52.0 2
2.0 53.28958729062339 54.037267080745345 52.0 2
23.0 13.745467104127092 16.925465838509314 164.0 6
6.0 16.819202210326367 18.012422360248447 59.0 6
14.0 14.38438957002245 16.77018633540373 101.0 6
24.0 13.624589880849594 16.61490683229814 168.0 6
12.0 14.401657744776378 15.683229813664596 98.0 6
6.0 16.819202210326367 18.012422360248447 59.0 6
7.0 15.90398894836816 16.925465838509314 69.0 6
7.0 15.90398894836816 16.925465838509314 69.0 6
8.0 15.17872560870316 15.993788819875776 76.0 6
8.0 15.17872560870316 15.993788819875776 76.0 6
9.0 14.798825764116733 15.993788819875776 83.0 6
16.0 14.14263512346745 16.459627329192546 119.0 6
17.0 14.073562424451735 16.304347826086957 123.0 6
17.0 14.073562424451735 16.304347826086957 123.0 6
9.0 14.798825764116733 15.993788819875776 83.0 6
15.0 14.177171472975306 16.77018633540373 107.0 6
15.0 14.177171472975306 16.77018633540373 107.0 6
16.0 14.14263512346745 16.459627329192546 119.0 6
10.0 14.677948540839234 16.304347826086957 89.0 6
12.0 14.401657744776378 15.683229813664596 98.0 6
18.0 14.00448972543602 16.77018633540373 130.0 6
10.0 14.677948540839234 16.304347826086957 89.0 6
19.0 13.935417026420307 16.77018633540373 138.0 6
11.0 14.608875841823519 16.304347826086957 115.0 6
14.0 14.38438957002245 16.77018633540373 101.0 6
11.0 14.608875841823519 16.304347826086957 115.0 6
23.0 13.745467104127092 16.925465838509314 164.0 6
24.0 13.624589880849594 16.61490683229814 168.0 6
19.0 13.935417026420307 16.77018633540373 138.0 6
29.0 13.538249007079953 16.77018633540373 209.0 6
2.0 53.28958729062339 54.037267080745345 52.0 2
6.0 16.819202210326367 18.012422360248447 59.0 6
7.0 15.90398894836816 16.925465838509314 69.0 6
8.0 15.17872560870316 15.993788819875776 76.0 6
17.0 14.073562424451735 16.304347826086957 123.0 6
9.0 14.798825764116733 15.993788819875776 83.0 6
15.0 14.177171472975306 16.77018633540373 107.0 6
16.0 14.14263512346745 16.459627329192546 119.0 6
12.0 14.401657744776378 15.683229813664596 98.0 6
