3.0 34.530386740331494 33.12597200622084 45.0 3
3.0 34.530386740331494 33.12597200622084 45.0 3
30.0 13.7603591160221 15.552099533437014 287.0 6
11.0 15.469613259668508 17.107309486780714 88.0 6
11.0 15.469613259668508 17.107309486780714 88.0 6
12.0 15.366022099447513 16.951788491446347 97.0 6
15.0 15.107044198895029 16.796267496111973 120.0 6
16.0 15.072513812154694 15.707620528771384 135.0 6
16.0 15.072513812154694 15.707620528771384 135.0 6
17.0 14.744475138121546 15.707620528771384 149.0 6
20.0 14.468232044198896 16.174183514774494 182.0 6
21.0 14.433701657458563 16.018662519440124 192.0 6
17.0 14.744475138121546 15.707620528771384 149.0 6
13.0 15.279696132596685 16.951788491446347 103.0 6
14.0 15.124309392265193 16.951788491446347 112.0 6
12.0 15.366022099447513 16.951788491446347 97.0 6
13.0 15.279696132596685 16.951788491446347 103.0 6
20.0 14.468232044198896 16.174183514774494 182.0 6
21.0 14.433701657458563 16.018662519440124 192.0 6
14.0 15.124309392265193 16.951788491446347 112.0 6
28.0 13.915745856353592 16.329704510108865 261.0 6
15.0 15.107044198895029 16.796267496111973 120.0 6
22.0 14.278314917127071 16.485225505443236 198.0 6
29.0 13.812154696132598 15.552099533437014 278.0 6
28.0 13.915745856353592 16.329704510108865 261.0 6
23.0 14.053867403314918 16.174183514774494 215.0 6
24.0 14.019337016574585 16.174183514774494 224.0 6
22.0 14.278314917127071 16.485225505443236 198.0 6
24.0 14.019337016574585 16.174183514774494 224.0 6
23.0 14.053867403314918 16.174183514774494 215.0 6
29.0 13.812154696132598 15.552099533437014 278.0 6
30.0 13.7603591160221 15.552099533437014 287.0 6
4.0 25.20718232044199 23.79471228615863 49.0 4
4.0 25.20718232044199 23.79471228615863 49.0 4
5.0 19.060773480662984 17.418351477449455 49.0 5
5.0 19.060773480662984 17.418351477449455 49.0 5
6.0 17.265193370165747 16.018662519440124 60.0 6
6.0 17.265193370165747 16.018662519440124 60.0 6
7.0 17.12707182320442 15.863141524105753 68.0 6
8.0 16.660911602209943 15.241057542768274 71.0 6
9.0 16.14295580110497 14.774494556765164 83.0 6
7.0 17.12707182320442 15.863141524105753 68.0 6
8.0 16.660911602209943 15.241057542768274 71.0 6
9.0 16.14295580110497 14.774494556765164 83.0 6
10.0 15.797651933701657 14.774494556765164 93.0 6
10.0 15.797651933701657 14.774494556765164 93.0 6
4.0 25.20718232044199 23.79471228615863 49.0 4
5.0 19.060773480662984 17.418351477449455 49.0 5
6.0 17.265193370165747 16.018662519440124 60.0 6
7.0 17.12707182320442 15.863141524105753 68.0 6
8.0 16.660911602209943 15.241057542768274 71.0 6
9.0 16.14295580110497 14.774494556765164 83.0 6
10.0 15.797651933701657 14.774494556765164 93.0 6
1.0 76.17403314917127 76.20528771384136 9.0 1
2.0 52.883287292817684 53.03265940902022 31.0 2
2.0 52.883287292817684 53.03265940902022 31.0 2
1.0 76.17403314917127 76.20528771384136 9.0 1
2.0 52.883287292817684 53.03265940902022 31.0 2
