1.0 76.17403314917127 76.20528771384136 8.0 1
1.0 76.17403314917127 76.20528771384136 10.0 1
1.0 76.17403314917127 76.20528771384136 8.0 1
1.0 76.17403314917127 76.20528771384136 7.0 1
4.0 24.67196132596685 25.505443234836704 42.0 4
4.0 24.67196132596685 25.505443234836704 42.0 4
7.0 17.61049723756906 17.262830482115085 74.0 6
7.0 17.61049723756906 17.262830482115085 74.0 6
10.0 16.660911602209943 15.863141524105753 109.0 6
11.0 16.004834254143645 14.774494556765164 111.0 6
12.0 15.694060773480665 14.618973561430792 120.0 6
10.0 16.660911602209943 15.863141524105753 109.0 6
11.0 16.004834254143645 14.774494556765164 111.0 6
12.0 15.694060773480665 14.618973561430792 120.0 6
13.0 15.625 14.618973561430792 136.0 6
13.0 15.625 14.618973561430792 136.0 6
1.0 76.17403314917127 76.20528771384136 7.0 1
4.0 24.67196132596685 25.505443234836704 42.0 4
7.0 17.61049723756906 17.262830482115085 74.0 6
10.0 16.660911602209943 15.863141524105753 109.0 6
11.0 16.004834254143645 14.774494556765164 111.0 6
12.0 15.694060773480665 14.618973561430792 120.0 6
13.0 15.625 14.618973561430792 136.0 6
1.0 76.17403314917127 76.20528771384136 7.0 1
4.0 24.67196132596685 25.505443234836704 42.0 4
7.0 17.61049723756906 17.262830482115085 74.0 6
10.0 16.660911602209943 15.863141524105753 109.0 6
11.0 16.004834254143645 14.774494556765164 111.0 6
12.0 15.694060773480665 14.618973561430792 120.0 6
13.0 15.625 14.618973561430792 136.0 6
1.0 76.17403314917127 76.20528771384136 7.0 1
1.0 76.17403314917127 76.20528771384136 7.0 1
5.0 19.544198895027623 20.06220839813375 35.0 5
5.0 19.544198895027623 20.06220839813375 35.0 5
1.0 76.17403314917127 76.20528771384136 8.0 1
5.0 19.544198895027623 20.06220839813375 35.0 5
5.0 19.544198895027623 20.06220839813375 35.0 5
1.0 76.17403314917127 76.20528771384136 9.0 1
5.0 19.544198895027623 20.06220839813375 35.0 5
5.0 19.544198895027623 20.06220839813375 35.0 5
1.0 76.17403314917127 76.20528771384136 7.0 1
2.0 53.194060773480665 53.03265940902022 31.0 2
3.0 34.133287292817684 34.3701399688958 28.0 3
3.0 34.133287292817684 34.3701399688958 28.0 3
5.0 19.544198895027623 19.906687402799378 42.0 5
5.0 19.544198895027623 19.906687402799378 42.0 5
6.0 18.42196132596685 18.506998444790046 44.0 5
6.0 18.42196132596685 18.506998444790046 44.0 5
8.0 17.21339779005525 17.729393468118197 52.0 5
8.0 17.21339779005525 17.729393468118197 52.0 5
9.0 16.85082872928177 17.729393468118197 60.0 5
9.0 16.85082872928177 17.729393468118197 60.0 5
2.0 53.194060773480665 53.03265940902022 31.0 2
3.0 34.133287292817684 34.3701399688958 28.0 3
5.0 19.544198895027623 19.906687402799378 42.0 5
6.0 18.42196132596685 18.506998444790046 44.0 5
8.0 17.21339779005525 17.729393468118197 52.0 5
9.0 16.85082872928177 17.729393468118197 60.0 5
3.0 34.133287292817684 34.3701399688958 28.0 3
5.0 19.544198895027623 19.906687402799378 42.0 5
6.0 18.42196132596685 18.506998444790046 44.0 5
8.0 17.21339779005525 17.729393468118197 52.0 5
9.0 16.85082872928177 17.729393468118197 60.0 5
2.0 53.194060773480665 53.03265940902022 31.0 2
3.0 34.133287292817684 34.3701399688958 28.0 3
5.0 19.544198895027623 19.906687402799378 42.0 5
6.0 18.42196132596685 18.506998444790046 44.0 5
8.0 17.21339779005525 17.729393468118197 52.0 5
9.0 16.85082872928177 17.729393468118197 60.0 5
