1.0 76.18718701433258 76.08695652173914 5.0 1
2.0 53.116905543084094 52.79503105590062 61.0 2
2.0 53.116905543084094 52.79503105590062 61.0 2
4.0 24.330858228285273 25.0 34.0 4
4.0 24.330858228285273 25.0 34.0 4
5.0 18.027974443101364 18.16770186335404 39.0 5
5.0 18.027974443101364 18.16770186335404 39.0 5
6.0 17.665342773268865 15.993788819875776 52.0 6
6.0 17.665342773268865 15.993788819875776 52.0 6
7.0 16.56017958901744 15.838509316770185 53.0 6
7.0 16.56017958901744 15.838509316770185 53.0 6
8.0 15.765843550336731 15.062111801242237 61.0 6
9.0 15.593161802797445 13.819875776397517 71.0 6
10.0 15.230530132964946 13.664596273291925 85.0 6
8.0 15.765843550336731 15.062111801242237 61.0 6
9.0 15.593161802797445 13.819875776397517 71.0 6
11.0 15.05784838542566 14.130434782608695 93.0 6
10.0 15.230530132964946 13.664596273291925 85.0 6
11.0 15.05784838542566 14.130434782608695 93.0 6
1.0 76.18718701433258 76.08695652173914 5.0 1
2.0 53.116905543084094 52.79503105590062 61.0 2
4.0 24.330858228285273 25.0 34.0 4
5.0 18.027974443101364 18.16770186335404 39.0 5
6.0 17.665342773268865 15.993788819875776 52.0 6
7.0 16.56017958901744 15.838509316770185 53.0 6
8.0 15.765843550336731 15.062111801242237 61.0 6
9.0 15.593161802797445 13.819875776397517 71.0 6
10.0 15.230530132964946 13.664596273291925 85.0 6
11.0 15.05784838542566 14.130434782608695 93.0 6
1.0 76.18718701433258 76.08695652173914 5.0 1
2.0 53.116905543084094 52.79503105590062 61.0 2
4.0 24.330858228285273 25.0 34.0 4
5.0 18.027974443101364 18.16770186335404 39.0 5
6.0 17.665342773268865 15.993788819875776 52.0 6
7.0 16.56017958901744 15.838509316770185 53.0 6
17.0 14.021757900189948 13.975155279503104 139.0 6
13.0 14.712484890347092 13.975155279503104 107.0 6
14.0 14.557071317561734 14.130434782608695 115.0 6
12.0 14.850630288378518 13.354037267080745 94.0 6
13.0 14.712484890347092 13.975155279503104 107.0 6
12.0 14.850630288378518 13.354037267080745 94.0 6
14.0 14.557071317561734 14.130434782608695 115.0 6
15.0 14.487998618546019 13.975155279503104 120.0 6
15.0 14.487998618546019 13.975155279503104 120.0 6
16.0 14.246244171991021 13.975155279503104 127.0 6
16.0 14.246244171991021 13.975155279503104 127.0 6
17.0 14.021757900189948 13.975155279503104 139.0 6
12.0 14.850630288378518 13.354037267080745 94.0 6
13.0 14.712484890347092 13.975155279503104 107.0 6
14.0 14.557071317561734 14.130434782608695 115.0 6
15.0 14.487998618546019 13.975155279503104 120.0 6
16.0 14.246244171991021 13.975155279503104 127.0 6
17.0 14.021757900189948 13.975155279503104 139.0 6
3.0 34.13918148851666 34.62732919254658 23.0 3
3.0 34.13918148851666 34.62732919254658 23.0 3
3.0 34.13918148851666 34.62732919254658 23.0 3
3.0 34.13918148851666 34.62732919254658 23.0 3
1.0 76.18718701433258 76.08695652173914 6.0 1
1.0 76.18718701433258 76.08695652173914 12.0 1
1.0 76.18718701433258 76.08695652173914 7.0 1
1.0 76.18718701433258 76.08695652173914 6.0 1
