1.0 76.17403314917127 76.20528771384136 7.0 1
4.0 24.46477900552486 25.660964230171075 47.0 4
4.0 24.46477900552486 25.660964230171075 47.0 4
16.0 14.019337016574585 15.085536547433904 153.0 6
14.0 14.174723756906078 15.552099533437014 139.0 6
7.0 14.675414364640885 15.707620528771384 72.0 6
7.0 14.675414364640885 15.707620528771384 72.0 6
8.0 14.537292817679559 15.552099533437014 80.0 6
8.0 14.537292817679559 15.552099533437014 80.0 6
14.0 14.174723756906078 15.552099533437014 139.0 6
12.0 14.520027624309392 14.774494556765164 116.0 6
16.0 14.019337016574585 15.085536547433904 153.0 6
13.0 14.502762430939226 14.618973561430792 128.0 6
17.0 13.88121546961326 14.463452566096425 168.0 6
13.0 14.502762430939226 14.618973561430792 128.0 6
12.0 14.520027624309392 14.774494556765164 116.0 6
17.0 13.88121546961326 14.463452566096425 168.0 6
1.0 76.17403314917127 76.20528771384136 7.0 1
4.0 24.46477900552486 25.660964230171075 47.0 4
7.0 14.675414364640885 15.707620528771384 72.0 6
8.0 14.537292817679559 15.552099533437014 80.0 6
14.0 14.174723756906078 15.552099533437014 139.0 6
16.0 14.019337016574585 15.085536547433904 153.0 6
13.0 14.502762430939226 14.618973561430792 128.0 6
17.0 13.88121546961326 14.463452566096425 168.0 6
12.0 14.520027624309392 14.774494556765164 116.0 6
4.0 24.46477900552486 25.660964230171075 47.0 4
7.0 14.675414364640885 15.707620528771384 72.0 6
1.0 76.17403314917127 76.20528771384136 7.0 1
2.0 53.03867403314917 53.03265940902022 54.0 2
2.0 53.03867403314917 53.03265940902022 54.0 2
1.0 76.17403314917127 76.20528771384136 29.0 1
2.0 53.03867403314917 53.03265940902022 54.0 2
1.0 76.17403314917127 76.20528771384136 30.0 1
2.0 53.03867403314917 53.03265940902022 54.0 2
1.0 76.17403314917127 76.20528771384136 6.0 1
1.0 76.17403314917127 76.20528771384136 7.0 1
1.0 76.17403314917127 76.20528771384136 7.0 1
1.0 76.17403314917127 76.20528771384136 7.0 1
1.0 76.17403314917127 76.20528771384136 8.0 1
3.0 33.97790055248619 34.83670295489891 23.0 3
3.0 33.97790055248619 34.83670295489891 23.0 3
5.0 17.4896408839779 20.21772939346812 38.0 5
5.0 17.4896408839779 20.21772939346812 38.0 5
6.0 16.419198895027623 18.040435458786934 47.0 6
6.0 16.419198895027623 18.040435458786934 47.0 6
3.0 33.97790055248619 34.83670295489891 23.0 3
5.0 17.4896408839779 20.21772939346812 38.0 5
6.0 16.419198895027623 18.040435458786934 47.0 6
3.0 33.97790055248619 34.83670295489891 23.0 3
5.0 17.4896408839779 20.21772939346812 38.0 5
6.0 16.419198895027623 18.040435458786934 47.0 6
