1.0 76.18718701433258 76.08695652173914 13.0 1
45.0 13.08927646347781 13.975155279503104 393.0 6
2.0 53.06510101882231 53.105590062111794 58.0 2
2.0 53.06510101882231 53.105590062111794 58.0 2
31.0 13.33103091003281 14.751552795031056 272.0 6
7.0 16.283888792954585 17.70186335403727 49.0 6
7.0 16.283888792954585 17.70186335403727 49.0 6
8.0 15.17872560870316 15.993788819875776 51.0 6
8.0 15.17872560870316 15.993788819875776 51.0 6
9.0 14.764289414608875 15.217391304347828 65.0 6
9.0 14.764289414608875 15.217391304347828 65.0 6
10.0 14.159903298221376 13.819875776397517 73.0 6
15.0 13.676394405111381 13.819875776397517 113.0 6
10.0 14.159903298221376 13.819875776397517 73.0 6
11.0 13.969953375928165 13.664596273291925 81.0 6
11.0 13.969953375928165 13.664596273291925 81.0 6
12.0 13.745467104127092 13.819875776397517 87.0 6
12.0 13.745467104127092 13.819875776397517 87.0 6
13.0 13.728198929373164 13.664596273291925 94.0 6
30.0 13.43463995855638 14.751552795031056 262.0 6
26.0 13.520980832326025 14.751552795031056 229.0 6
13.0 13.728198929373164 13.664596273291925 94.0 6
14.0 13.710930754619236 13.664596273291925 104.0 6
14.0 13.710930754619236 13.664596273291925 104.0 6
15.0 13.676394405111381 13.819875776397517 113.0 6
30.0 13.43463995855638 14.751552795031056 262.0 6
26.0 13.520980832326025 14.751552795031056 229.0 6
6.0 18.06251079260922 19.099378881987576 46.0 6
6.0 18.06251079260922 19.099378881987576 46.0 6
6.0 18.06251079260922 19.099378881987576 46.0 6
1.0 76.18718701433258 76.08695652173914 3.0 1
4.0 24.382662752547056 25.15527950310559 30.0 4
4.0 24.382662752547056 25.15527950310559 30.0 4
1.0 76.18718701433258 76.08695652173914 12.0 1
4.0 24.382662752547056 25.15527950310559 30.0 4
1.0 76.18718701433258 76.08695652173914 10.0 1
4.0 24.382662752547056 25.15527950310559 30.0 4
1.0 76.18718701433258 76.08695652173914 6.0 1
3.0 34.1046451390088 33.85093167701863 33.0 3
3.0 34.1046451390088 33.85093167701863 33.0 3
5.0 19.02952857882922 18.16770186335404 39.0 5
5.0 19.02952857882922 18.16770186335404 39.0 5
1.0 76.18718701433258 76.08695652173914 6.0 1
3.0 34.1046451390088 33.85093167701863 33.0 3
5.0 19.02952857882922 18.16770186335404 39.0 5
1.0 76.18718701433258 76.08695652173914 10.0 1
3.0 34.1046451390088 33.85093167701863 33.0 3
5.0 19.02952857882922 18.16770186335404 39.0 5
1.0 76.18718701433258 76.08695652173914 10.0 1
3.0 34.1046451390088 33.85093167701863 33.0 3
5.0 19.02952857882922 18.16770186335404 39.0 5
1.0 76.18718701433258 76.08695652173914 10.0 1
