1.0 76.17403314917127 76.20528771384136 3.0 1
1.0 76.17403314917127 76.20528771384136 3.0 1
1.0 76.17403314917127 76.20528771384136 3.0 1
1.0 76.17403314917127 76.20528771384136 6.0 1
1.0 76.17403314917127 76.20528771384136 6.0 1
1.0 76.17403314917127 76.20528771384136 6.0 1
1.0 76.17403314917127 76.20528771384136 7.0 1
1.0 76.17403314917127 76.20528771384136 12.0 1
2.0 53.021408839779006 53.03265940902022 59.0 2
2.0 53.021408839779006 53.03265940902022 59.0 2
5.0 18.577348066298345 19.59564541213064 46.0 5
18.0 13.328729281767956 15.241057542768274 139.0 6
20.0 13.087016574585636 15.552099533437014 159.0 6
5.0 18.577348066298345 19.59564541213064 46.0 5
11.0 14.416436464088397 16.329704510108865 81.0 6
14.0 13.967541436464087 15.396578538102643 110.0 6
14.0 13.967541436464087 15.396578538102643 110.0 6
15.0 13.829419889502761 15.085536547433904 117.0 6
15.0 13.829419889502761 15.085536547433904 117.0 6
16.0 13.72582872928177 15.085536547433904 128.0 6
11.0 14.416436464088397 16.329704510108865 81.0 6
12.0 14.261049723756905 16.174183514774494 85.0 6
12.0 14.261049723756905 16.174183514774494 85.0 6
16.0 13.72582872928177 15.085536547433904 128.0 6
17.0 13.432320441988951 14.930015552099535 133.0 6
17.0 13.432320441988951 14.930015552099535 133.0 6
18.0 13.328729281767956 15.241057542768274 139.0 6
20.0 13.087016574585636 15.552099533437014 159.0 6
1.0 76.17403314917127 76.20528771384136 12.0 1
2.0 53.021408839779006 53.03265940902022 59.0 2
5.0 18.577348066298345 19.59564541213064 46.0 5
14.0 13.967541436464087 15.396578538102643 110.0 6
15.0 13.829419889502761 15.085536547433904 117.0 6
11.0 14.416436464088397 16.329704510108865 81.0 6
12.0 14.261049723756905 16.174183514774494 85.0 6
16.0 13.72582872928177 15.085536547433904 128.0 6
17.0 13.432320441988951 14.930015552099535 133.0 6
1.0 76.17403314917127 76.20528771384136 7.0 1
3.0 34.04696132596685 33.592534992223946 43.0 3
3.0 34.04696132596685 33.592534992223946 43.0 3
4.0 24.326657458563535 23.950233281493002 45.0 4
4.0 24.326657458563535 23.950233281493002 45.0 4
6.0 17.45511049723757 19.59564541213064 45.0 6
6.0 17.45511049723757 19.59564541213064 45.0 6
7.0 15.538674033149173 17.418351477449455 58.0 6
7.0 15.538674033149173 17.418351477449455 58.0 6
8.0 15.107044198895029 17.573872472783826 65.0 6
8.0 15.107044198895029 17.573872472783826 65.0 6
9.0 14.554558011049723 16.796267496111973 71.0 6
9.0 14.554558011049723 16.796267496111973 71.0 6
1.0 76.17403314917127 76.20528771384136 7.0 1
3.0 34.04696132596685 33.592534992223946 43.0 3
4.0 24.326657458563535 23.950233281493002 45.0 4
6.0 17.45511049723757 19.59564541213064 45.0 6
7.0 15.538674033149173 17.418351477449455 58.0 6
8.0 15.107044198895029 17.573872472783826 65.0 6
9.0 14.554558011049723 16.796267496111973 71.0 6
1.0 76.17403314917127 76.20528771384136 8.0 1
3.0 34.04696132596685 33.592534992223946 43.0 3
4.0 24.326657458563535 23.950233281493002 45.0 4
6.0 17.45511049723757 19.59564541213064 45.0 6
7.0 15.538674033149173 17.418351477449455 58.0 6
8.0 15.107044198895029 17.573872472783826 65.0 6
9.0 14.554558011049723 16.796267496111973 71.0 6
1.0 76.17403314917127 76.20528771384136 8.0 1
3.0 34.04696132596685 33.592534992223946 43.0 3
4.0 24.326657458563535 23.950233281493002 45.0 4
6.0 17.45511049723757 19.59564541213064 45.0 6
7.0 15.538674033149173 17.418351477449455 58.0 6
8.0 15.107044198895029 17.573872472783826 65.0 6
9.0 14.554558011049723 16.796267496111973 71.0 6
