1.0 76.18718701433258 76.08695652173914 3.0 1
1.0 76.18718701433258 76.08695652173914 3.0 1
1.0 76.18718701433258 76.08695652173914 5.0 1
1.0 76.18718701433258 76.24223602484473 7.0 1
1.0 76.18718701433258 76.24223602484473 7.0 1
1.0 76.18718701433258 76.08695652173914 7.0 1
3.0 34.15644966327059 34.47204968944099 29.0 3
3.0 34.15644966327059 34.47204968944099 29.0 3
7.0 16.404766016232085 19.565217391304348 51.0 6
21.0 14.14263512346745 17.857142857142858 153.0 6
19.0 14.315316871006733 18.012422360248447 132.0 6
7.0 16.404766016232085 19.565217391304348 51.0 6
8.0 16.24935244344673 19.565217391304348 57.0 6
8.0 16.24935244344673 19.565217391304348 57.0 6
9.0 15.783111725090656 18.633540372670808 63.0 6
10.0 15.714039026074945 18.944099378881987 68.0 6
9.0 15.783111725090656 18.633540372670808 63.0 6
10.0 15.714039026074945 18.944099378881987 68.0 6
11.0 15.437748230012089 19.099378881987576 74.0 6
11.0 15.437748230012089 19.099378881987576 74.0 6
12.0 15.351407356242444 18.944099378881987 84.0 6
12.0 15.351407356242444 18.944099378881987 84.0 6
13.0 15.126921084441374 18.633540372670808 89.0 6
16.0 14.608875841823519 18.012422360248447 108.0 6
14.0 15.023312035917805 18.788819875776397 98.0 6
17.0 14.401657744776378 18.012422360248447 120.0 6
17.0 14.401657744776378 18.012422360248447 120.0 6
18.0 14.332585045760663 18.012422360248447 126.0 6
16.0 14.608875841823519 18.012422360248447 108.0 6
13.0 15.126921084441374 18.633540372670808 89.0 6
14.0 15.023312035917805 18.788819875776397 98.0 6
18.0 14.332585045760663 18.012422360248447 126.0 6
19.0 14.315316871006733 18.012422360248447 132.0 6
23.0 14.073562424451735 17.857142857142858 165.0 6
21.0 14.14263512346745 17.857142857142858 153.0 6
23.0 14.073562424451735 17.857142857142858 165.0 6
1.0 76.18718701433258 76.08695652173914 7.0 1
3.0 34.15644966327059 34.47204968944099 29.0 3
7.0 16.404766016232085 19.565217391304348 51.0 6
8.0 16.24935244344673 19.565217391304348 57.0 6
10.0 15.714039026074945 18.944099378881987 68.0 6
11.0 15.437748230012089 19.099378881987576 74.0 6
12.0 15.351407356242444 18.944099378881987 84.0 6
16.0 14.608875841823519 18.012422360248447 108.0 6
2.0 53.151441892591954 53.2608695652174 14.0 2
2.0 53.151441892591954 53.2608695652174 14.0 2
4.0 23.830081160421344 25.0 33.0 4
4.0 23.830081160421344 25.0 33.0 4
5.0 18.097047142117077 19.72049689440994 38.0 5
5.0 18.097047142117077 19.72049689440994 38.0 5
6.0 17.872560870316008 19.565217391304348 44.0 5
6.0 17.872560870316008 19.565217391304348 44.0 5
2.0 53.151441892591954 53.2608695652174 14.0 2
4.0 23.830081160421344 25.0 33.0 4
5.0 18.097047142117077 19.72049689440994 38.0 5
6.0 17.872560870316008 19.565217391304348 44.0 5
2.0 53.151441892591954 53.2608695652174 14.0 2
4.0 23.830081160421344 25.0 33.0 4
5.0 18.097047142117077 19.72049689440994 38.0 5
6.0 17.872560870316008 19.565217391304348 44.0 5
2.0 53.151441892591954 53.2608695652174 14.0 2
4.0 23.830081160421344 25.0 33.0 4
5.0 18.097047142117077 19.72049689440994 38.0 5
6.0 17.872560870316008 19.565217391304348 44.0 5
2.0 53.151441892591954 53.2608695652174 14.0 2
4.0 23.830081160421344 25.0 33.0 4
5.0 18.097047142117077 19.72049689440994 38.0 5
6.0 17.872560870316008 19.565217391304348 44.0 5
