4.0 24.624417199102055 24.22360248447205 25.0 4
4.0 24.624417199102055 24.22360248447205 25.0 4
4.0 24.624417199102055 24.22360248447205 25.0 4
4.0 24.624417199102055 24.22360248447205 25.0 4
4.0 24.624417199102055 24.22360248447205 25.0 4
4.0 24.624417199102055 24.22360248447205 25.0 4
1.0 76.16991883957866 76.24223602484473 7.0 1
2.0 53.168710067345884 52.95031055900621 20.0 2
2.0 53.168710067345884 52.95031055900621 20.0 2
1.0 76.16991883957866 76.24223602484473 8.0 1
2.0 53.168710067345884 52.95031055900621 20.0 2
1.0 76.16991883957866 76.24223602484473 5.0 1
8.0 15.575893628043517 16.61490683229814 70.0 6
8.0 15.575893628043517 16.61490683229814 70.0 6
9.0 15.075116560179588 15.683229813664596 81.0 6
10.0 14.988775686409946 15.838509316770185 85.0 6
11.0 14.72975306510102 15.993788819875776 98.0 6
9.0 15.075116560179588 15.683229813664596 81.0 6
11.0 14.72975306510102 15.993788819875776 98.0 6
10.0 14.988775686409946 15.838509316770185 85.0 6
12.0 14.557071317561734 15.217391304347828 109.0 6
12.0 14.557071317561734 15.217391304347828 109.0 6
8.0 15.575893628043517 16.61490683229814 70.0 6
9.0 15.075116560179588 15.683229813664596 81.0 6
11.0 14.72975306510102 15.993788819875776 98.0 6
10.0 14.988775686409946 15.838509316770185 85.0 6
12.0 14.557071317561734 15.217391304347828 109.0 6
1.0 76.16991883957866 76.24223602484473 5.0 1
8.0 15.575893628043517 16.61490683229814 70.0 6
9.0 15.075116560179588 15.683229813664596 81.0 6
11.0 14.72975306510102 15.993788819875776 98.0 6
10.0 14.988775686409946 15.838509316770185 85.0 6
12.0 14.557071317561734 15.217391304347828 109.0 6
1.0 76.16991883957866 76.24223602484473 10.0 1
3.0 34.225522362286306 34.62732919254658 32.0 3
3.0 34.225522362286306 34.62732919254658 32.0 3
1.0 76.16991883957866 76.24223602484473 11.0 1
3.0 34.225522362286306 34.62732919254658 32.0 3
1.0 76.16991883957866 76.24223602484473 11.0 1
3.0 34.225522362286306 34.62732919254658 32.0 3
5.0 18.97772405456743 18.788819875776397 32.0 5
5.0 18.97772405456743 18.788819875776397 32.0 5
6.0 16.80193403557244 18.478260869565215 51.0 6
6.0 16.80193403557244 18.478260869565215 51.0 6
7.0 16.663788637541014 18.32298136645963 56.0 6
7.0 16.663788637541014 18.32298136645963 56.0 6
14.0 14.401657744776378 15.062111801242237 100.0 6
19.0 14.177171472975306 15.062111801242237 140.0 6
20.0 13.88361250215852 14.596273291925465 152.0 6
18.0 14.246244171991021 15.062111801242237 128.0 6
21.0 13.866344327404592 14.440993788819876 156.0 6
22.0 13.849076152650666 14.440993788819876 162.0 6
23.0 13.831807977896737 14.596273291925465 174.0 6
23.0 13.831807977896737 14.596273291925465 174.0 6
18.0 14.246244171991021 15.062111801242237 128.0 6
21.0 13.866344327404592 14.440993788819876 156.0 6
19.0 14.177171472975306 15.062111801242237 140.0 6
22.0 13.849076152650666 14.440993788819876 162.0 6
20.0 13.88361250215852 14.596273291925465 152.0 6
24.0 13.710930754619236 14.440993788819876 179.0 6
14.0 14.401657744776378 15.062111801242237 100.0 6
24.0 13.710930754619236 14.440993788819876 179.0 6
5.0 18.97772405456743 18.788819875776397 32.0 5
6.0 16.80193403557244 18.478260869565215 51.0 6
7.0 16.663788637541014 18.32298136645963 56.0 6
