rule 0 0
0 0 0 12 0 4 0 0 0 0 0 0 0 0 0 0 1 0 1 0 0 0 0 0 0 0 0 0 0 0 0 0 0 0 2 0 0 0.0303582844209902
rule 1 0
1 0 0 0 0 0 0 0 0 4 1 0 0 4 1 0 0 12 0 11 4 0 0 1 0 1 0 1 0 0 1 0 0 0 0 0 5 0.5910006330750417
1 0 0 0 1 4 0 0 1 0 0 0 1 0 0 0 1 0 0 0 1 0 0 4 1 2 0 0 0 4 0 0 1 0 0 0 0 0.5923409552023883
0 2 4 0 0 4 0 0 0 0 0 0 0 8 0 1 0 5 1 7 0 8 0 2 2 0 2 0 0 0 0 7 2 2 0 0 2 0.32846243413253595
0 0 0 0 0 0 2 0 0 0 0 2 0 0 4 0 0 3 0 0 0 0 0 0 0 0 0 0 0 0 2 0 0 1 0 0 1 0.8807554419531278
0 0 0 0 0 0 0 0 0 0 0 0 0 0 0 0 0 11 0 0 0 0 4 0 0 0 4 0 7 0 0 0 0 1 0 4 4 0.19352973322513756
8 8 12 0 12 0 0 0 0 0 0 11 12 0 0 0 2 0 12 0 0 8 0 0 0 0 4 0 0 0 0 11 0 8 7 0 3 0.35848553699039143
0 0 0 0 0 0 0 3 11 0 0 0 0 0 13 0 0 0 0 0 0 0 0 6 0 0 0 0 0 0 0 3 0 0 0 0 2 0.9872486098921667
0 0 0 5 0 0 0 0 3 0 0 0 0 0 0 0 0 0 0 14 0 0 0 0 0 0 0 0 0 0 0 0 0 0 0 2 1 1.0
rule 2 0
4 0 0 0 0 0 0 0 0 4 1 0 0 4 1 0 0 12 0 11 4 0 0 1 0 1 0 1 0 0 1 0 0 0 0 0 5 0.6309695500376349
1 0 0 0 1 4 0 0 1 0 0 0 1 0 0 0 1 0 0 0 1 0 0 4 1 2 0 0 0 4 0 0 1 0 0 0 0 0.5923409552023883
0 2 4 0 0 4 0 0 0 0 0 0 0 8 0 1 0 5 1 7 0 8 0 2 2 0 2 0 0 0 0 7 2 2 0 0 2 0.32846243413253595
0 0 0 0 0 0 2 0 0 0 0 2 0 0 4 0 0 3 0 0 0 0 0 0 0 0 0 0 0 0 2 0 0 1 0 0 1 0.8807554419531278
rule 3 0
1 4 0 0 4 0 4 0 1 0 1 0 0 1 0 0 4 0 0 11 0 4 0 0 4 1 0 7 0 0 1 0 0 0 1 0 5 0.5364010232031686
1 0 2 0 1 4 4 0 1 4 0 0 1 0 4 0 1 0 4 0 1 0 0 0 1 2 0 0 0 4 0 0 1 0 0 4 0 0.7707845418323267
rule 4 0
1 4 0 0 4 0 4 0 1 0 1 0 0 1 0 0 4 0 0 11 0 4 0 0 4 1 0 7 0 0 1 0 0 0 1 0 5 0.5364010232031686
1 0 2 0 1 4 4 0 1 4 0 0 1 0 4 0 1 0 4 0 1 0 0 0 1 2 0 0 0 4 0 0 1 0 0 4 0 0.7707845418323267
rule 5 0
1 0 4 0 0 0 0 0 0 0 1 0 0 4 1 0 0 12 0 11 4 0 0 1 0 1 0 1 0 0 1 0 0 0 0 0 5 0.4664917289727999
1 0 0 0 1 4 0 0 1 0 0 0 1 0 0 0 1 0 0 0 1 0 0 4 1 2 0 0 0 4 0 0 1 0 0 0 0 0.5923409552023883
0 2 4 0 0 4 0 0 0 0 0 0 0 8 0 1 0 5 1 7 0 8 0 2 2 0 2 0 0 0 0 7 2 2 0 0 2 0.32846243413253595
rule 6 0
1 0 0 0 0 0 0 0 0 0 1 0 0 1 1 0 0 12 0 11 4 0 0 1 0 1 0 1 0 0 1 0 0 0 0 0 5 0.5615010144921853
1 0 0 0 1 4 0 0 1 0 0 0 1 0 0 0 1 0 0 0 1 0 0 4 1 2 0 0 0 4 0 0 1 0 0 0 0 0.5923409552023883
0 2 4 0 0 4 0 0 0 0 0 0 0 8 0 1 0 5 1 7 0 8 0 2 2 0 2 0 0 0 0 7 2 2 0 0 2 0.32846243413253595
0 0 0 0 0 0 2 0 0 0 0 2 0 0 4 0 0 3 0 0 0 0 0 0 0 0 0 0 0 0 2 0 0 1 0 0 1 0.8807554419531278
0 0 0 0 0 0 0 0 0 0 0 0 0 0 0 0 0 11 0 0 0 0 4 0 0 0 4 0 7 0 0 0 0 1 0 4 4 0.19352973322513756
8 8 12 7 12 0 0 0 0 0 0 11 12 0 0 0 2 0 12 0 0 8 0 3 0 0 4 0 0 0 0 11 0 8 7 0 3 0.34447253874469996
rule 7 0
1 0 0 0 1 4 0 0 1 0 0 0 1 0 0 0 1 0 0 0 1 0 0 4 1 2 0 0 0 4 0 0 1 0 0 0 0 0.5923409552023883
1 0 4 0 0 0 0 0 0 0 1 0 0 4 1 0 0 12 0 11 4 0 0 1 0 1 0 1 0 0 1 0 0 0 0 0 5 0.4664917289727999
0 2 4 0 0 4 0 0 0 0 0 0 0 8 0 1 0 5 1 7 0 8 0 2 2 0 2 0 0 0 0 7 2 2 0 0 2 0.32846243413253595
rule 8 0
1 0 0 0 0 0 0 0 0 4 1 0 0 4 1 0 0 12 0 11 4 0 0 1 0 1 0 1 0 0 1 0 0 0 0 0 5 0.5910006330750417
1 0 0 0 1 4 0 0 1 0 0 0 1 0 0 0 1 0 0 0 1 0 0 4 1 2 0 0 0 4 0 0 1 0 0 0 0 0.5923409552023883
0 2 4 0 0 4 0 0 0 0 0 0 0 8 0 1 0 5 1 7 0 8 0 2 2 0 2 0 0 0 0 7 2 2 0 0 2 0.32846243413253595
0 0 0 0 0 0 2 0 0 0 0 2 0 0 4 0 0 3 0 0 0 0 0 0 0 0 0 0 0 0 2 0 0 1 0 0 1 0.8807554419531278
0 0 0 0 0 0 0 0 0 0 0 0 0 0 0 0 0 11 0 0 0 0 4 0 0 0 4 0 7 0 0 0 0 1 0 4 4 0.19352973322513756
rule 9 0
1 0 0 0 0 0 0 0 0 4 1 0 0 4 1 0 0 12 0 11 4 0 0 1 0 1 0 1 0 0 1 0 0 0 0 0 5 0.5910006330750417
1 0 0 0 1 4 0 0 1 0 0 0 1 0 0 0 1 0 0 0 1 0 0 4 1 2 0 0 0 4 0 0 1 0 0 0 0 0.5923409552023883
0 2 4 0 0 4 0 0 0 0 0 0 0 8 0 1 0 5 1 7 0 8 0 2 2 0 2 0 0 0 0 7 2 2 0 0 2 0.32846243413253595
0 0 0 0 0 0 2 0 0 0 0 2 0 0 4 0 0 3 0 0 0 0 0 0 0 0 0 0 0 0 2 0 0 1 0 0 1 0.8807554419531278
0 0 0 0 0 0 0 0 0 0 0 0 0 0 0 0 0 11 0 0 0 0 4 0 0 0 4 0 7 0 0 0 0 1 0 4 4 0.19352973322513756
rule 10 0
2 0 0 0 0 0 0 0 0 4 1 0 0 4 1 0 0 12 0 11 4 0 0 1 0 1 0 1 0 0 1 0 0 0 0 0 5 0.6042943537997096
1 0 0 0 1 4 0 0 1 0 0 0 1 0 0 0 1 0 0 0 1 0 0 4 1 2 0 0 0 4 0 0 1 0 0 0 0 0.5923409552023883
0 2 4 0 0 4 0 0 0 0 0 0 0 8 0 1 0 5 1 7 0 8 0 2 2 0 2 0 0 0 0 7 2 2 0 0 2 0.32846243413253595
0 0 0 0 0 0 2 0 0 0 0 2 0 0 4 0 0 3 0 0 0 0 0 0 0 0 0 0 0 0 2 0 0 1 0 0 1 0.8807554419531278
0 0 0 0 0 0 0 0 0 0 0 0 0 0 0 0 0 11 0 0 0 0 4 0 0 0 4 0 7 0 0 0 0 1 0 4 4 0.19352973322513756
8 8 12 0 12 0 0 0 0 0 0 11 12 0 0 0 2 0 12 0 0 8 0 0 0 0 4 0 0 0 0 11 0 8 7 0 3 0.35848553699039143
0 0 0 0 0 0 0 3 11 0 0 0 0 0 13 0 0 0 0 0 0 0 0 6 0 0 0 0 0 0 0 3 0 0 0 0 2 0.9872486098921667
rule 11 0
2 0 0 0 0 0 0 0 0 4 1 0 0 4 1 0 0 12 0 11 4 0 0 1 0 1 0 1 0 0 1 0 0 0 0 0 5 0.6042943537997096
1 0 0 0 1 4 0 0 1 0 0 0 1 0 0 0 1 0 0 0 1 0 0 4 1 2 0 0 0 4 0 0 1 0 0 0 0 0.5923409552023883
0 2 4 0 0 4 0 0 0 0 0 0 0 8 0 1 0 5 1 7 0 8 0 2 2 0 2 0 0 0 0 7 2 2 0 0 2 0.32846243413253595
0 0 0 0 0 0 2 0 0 0 0 2 0 0 4 0 0 3 0 0 0 0 0 0 0 0 0 0 0 0 2 0 0 1 0 0 1 0.8807554419531278
0 0 0 0 0 0 0 0 0 0 0 0 0 0 0 0 0 11 0 0 0 0 4 0 0 0 4 0 7 0 0 0 0 1 0 4 4 0.19352973322513756
8 8 12 0 12 0 0 0 0 0 0 11 12 0 0 0 2 0 12 0 0 8 0 0 0 0 4 0 0 0 0 11 0 8 7 0 3 0.35848553699039143
0 0 0 0 0 0 0 3 11 0 0 0 0 0 13 0 0 0 0 0 0 0 0 6 0 0 0 0 0 0 0 3 0 0 0 0 2 0.9872486098921667
rule 12 0
0 0 0 12 0 4 0 2 0 0 0 0 0 0 0 0 1 0 1 0 0 0 0 0 0 0 0 12 0 0 0 1 0 0 2 0 0 0.18371736427459107
rule 13 0
1 0 0 0 0 0 0 0 0 4 1 0 0 4 1 0 0 12 0 11 4 0 0 1 0 1 0 1 0 0 1 0 0 0 0 0 5 0.5910006330750417
1 0 0 0 1 4 0 0 1 0 0 0 1 0 0 0 1 0 0 0 1 0 0 4 1 2 0 0 0 4 0 0 1 0 0 0 0 0.5923409552023883
0 2 4 0 0 4 0 0 0 0 0 0 0 8 0 1 0 5 1 7 0 8 0 2 2 0 2 0 0 0 0 7 2 2 0 0 2 0.32846243413253595
0 0 0 0 0 0 2 0 0 0 0 2 0 0 4 0 0 3 0 0 0 0 0 0 0 0 0 0 0 0 2 0 0 1 0 0 1 0.8807554419531278
0 0 0 0 0 0 0 0 0 0 0 0 0 0 0 0 0 11 0 0 0 0 4 0 0 0 4 0 7 0 0 0 0 1 0 4 4 0.19352973322513756
8 8 12 0 12 0 0 0 0 0 0 11 12 0 0 0 2 0 12 0 0 8 0 0 0 0 4 0 0 0 0 11 0 8 7 0 3 0.35848553699039143
0 0 0 0 0 0 0 3 11 0 0 0 0 0 13 0 0 0 0 0 0 0 0 6 0 0 0 0 0 0 0 3 0 0 0 0 2 0.9872486098921667
0 0 0 5 0 0 0 0 3 0 0 0 0 0 0 0 0 0 0 14 0 0 0 0 0 0 0 0 0 0 0 0 0 0 0 2 1 1.0
rule 14 0
1 0 2 0 1 4 4 0 1 4 0 0 1 0 4 0 1 0 4 0 1 0 0 0 1 2 0 0 0 4 0 0 1 0 0 4 0 0.7707845418323267
1 4 0 0 4 0 4 0 1 0 1 0 0 1 0 0 4 0 0 11 0 4 0 0 4 1 0 7 0 0 1 0 0 0 1 0 5 0.5364010232031686
rule 15 0
0 2 4 0 0 4 0 0 0 0 0 0 0 8 0 1 0 5 1 7 0 8 0 2 2 0 2 0 0 0 0 7 2 2 0 0 2 0.32846243413253595
1 0 0 0 1 4 0 0 1 0 0 0 1 0 0 0 1 0 0 0 1 0 0 4 1 2 0 0 0 4 0 0 1 0 0 0 0 0.5923409552023883
1 0 4 0 0 0 0 0 0 0 1 0 0 4 1 0 0 12 0 11 4 0 0 1 0 1 0 1 0 0 1 0 0 0 0 0 5 0.4664917289727999
rule 16 0
1 0 0 0 1 4 0 0 1 0 0 0 1 0 0 0 1 0 0 0 1 0 0 4 1 2 0 0 0 4 0 0 1 0 0 0 0 0.5923409552023883
1 0 0 0 0 0 0 0 0 4 1 0 0 4 1 0 0 12 0 11 4 0 0 1 0 1 0 1 0 0 1 0 0 0 0 0 5 0.5910006330750417
0 0 0 0 0 0 0 0 0 0 0 0 0 0 0 0 0 11 0 0 0 0 4 0 0 0 4 0 7 0 0 0 0 1 0 4 4 0.19352973322513756
0 2 4 0 0 4 0 0 0 0 0 0 0 8 0 1 0 5 1 7 0 8 0 2 2 0 2 0 0 0 0 7 2 2 0 0 2 0.32846243413253595
0 0 0 0 0 0 2 0 0 0 0 2 0 0 4 0 0 3 0 0 0 0 0 0 0 0 0 0 0 0 2 0 0 1 0 0 1 0.8807554419531278
rule 17 0
0 0 0 12 0 4 0 2 0 1 0 0 0 0 0 0 1 0 1 0 0 0 0 0 0 0 0 12 0 0 0 1 0 0 2 0 0 0.1572329711642031
rule 18 0
1 0 0 0 0 0 0 0 0 4 1 0 0 4 1 0 0 12 0 11 4 0 0 1 0 1 0 1 0 0 1 0 0 0 0 0 5 0.5910006330750417
1 0 0 0 1 4 0 0 1 0 0 0 1 0 0 0 1 0 0 0 1 0 0 4 1 2 0 0 0 4 0 0 1 0 0 0 0 0.5923409552023883
0 2 4 0 0 4 0 0 0 0 0 0 0 8 0 1 0 5 1 7 0 8 0 2 2 0 2 0 0 0 0 7 2 2 0 0 2 0.32846243413253595
0 0 0 0 0 0 2 0 0 0 0 2 0 0 4 0 0 3 0 0 0 0 0 0 0 0 0 0 0 0 2 0 0 1 0 0 1 0.8807554419531278
0 0 0 0 0 0 0 0 0 0 0 0 0 0 0 0 0 11 0 0 0 0 4 0 0 0 4 0 7 0 0 0 0 1 0 4 4 0.19352973322513756
8 8 12 0 12 0 0 0 0 0 0 11 12 0 0 0 2 0 12 0 0 8 0 0 0 0 4 0 0 0 0 11 0 8 7 0 3 0.35848553699039143
0 0 0 0 0 0 0 3 11 0 0 0 0 0 13 0 0 0 0 0 0 0 0 6 0 0 0 0 0 0 0 3 0 0 0 0 2 0.9872486098921667
0 0 0 5 0 0 0 0 3 0 0 0 0 0 0 0 0 0 0 14 0 0 0 0 0 0 0 0 0 0 0 0 0 0 0 2 1 1.0
rule 19 0
1 0 2 0 1 4 4 0 1 4 0 0 1 0 4 0 1 0 4 0 1 0 0 0 1 2 0 0 0 4 0 0 1 0 0 4 0 0.7913439935957469
1 4 0 0 4 0 4 0 1 0 1 0 0 1 0 0 4 0 0 11 0 4 0 0 4 1 0 7 0 0 1 0 0 0 1 0 5 0.5364010232031686
rule 20 0
1 0 4 0 0 0 0 0 0 0 1 0 0 4 1 0 0 12 0 11 4 0 0 1 0 1 0 1 0 0 1 0 0 0 0 0 5 0.4664917289727999
1 0 0 0 1 4 0 0 1 0 0 0 1 0 0 0 1 0 0 0 1 0 0 4 1 2 0 0 0 4 0 0 1 0 0 0 0 0.5923409552023883
0 2 4 0 0 4 0 0 0 0 0 0 0 8 0 1 0 5 1 7 0 8 0 2 2 0 2 0 0 0 0 7 2 2 0 0 2 0.32846243413253595
rule 21 0
1 0 0 0 1 4 0 0 1 0 0 0 1 0 0 0 1 0 0 0 1 0 0 4 1 2 0 0 0 4 0 0 1 0 0 0 0 0.5923409552023883
1 0 0 0 0 0 0 0 0 4 1 0 0 4 1 0 0 12 0 11 4 0 0 1 0 1 0 1 0 0 1 0 0 0 0 0 5 0.5910006330750417
0 0 0 0 0 0 0 0 0 0 0 0 0 0 0 0 0 11 0 0 0 0 4 0 0 0 4 0 7 0 0 0 0 1 0 4 4 0.19352973322513756
0 2 4 0 0 4 0 0 0 0 0 0 0 8 0 1 0 5 1 7 0 8 0 2 2 0 2 0 0 0 0 7 2 2 0 0 2 0.32846243413253595
0 0 0 0 0 0 2 0 0 0 0 2 0 0 4 0 0 3 0 0 0 0 0 0 0 0 0 0 0 0 2 0 0 1 0 0 1 0.8807554419531278
rule 22 0
0 0 0 12 0 4 0 0 0 0 0 0 0 0 0 0 1 0 1 0 0 0 2 0 0 0 0 0 0 0 0 0 0 0 2 0 0 0.04477666176091599
rule 23 0
1 0 0 0 0 0 0 0 0 4 1 0 0 4 1 0 0 12 0 11 4 0 0 1 0 1 0 1 0 0 1 0 0 0 0 0 5 0.5910006330750417
1 0 0 0 1 4 0 0 1 0 0 0 1 0 0 0 1 0 0 0 1 0 0 4 1 2 0 0 0 4 0 0 1 0 0 0 0 0.5923409552023883
0 2 4 0 0 4 0 0 0 0 0 0 0 8 0 1 0 5 1 7 0 8 0 2 2 0 2 0 0 0 0 7 2 2 0 0 2 0.32846243413253595
0 0 0 0 0 0 2 0 0 0 0 2 0 0 4 0 0 3 0 0 0 0 0 0 0 0 0 0 0 0 2 0 0 1 0 0 1 0.8807554419531278
0 0 0 0 0 0 0 0 0 0 0 0 0 0 0 0 0 11 0 0 0 0 4 0 0 0 4 0 7 0 0 0 0 1 0 4 4 0.19352973322513756
8 8 12 0 12 0 0 0 0 0 0 11 12 0 0 0 2 0 12 0 0 8 0 0 0 0 4 0 0 0 0 11 0 8 7 0 3 0.35848553699039143
0 0 0 0 0 0 0 3 11 0 0 0 0 0 13 0 0 0 0 0 0 0 0 6 0 0 0 0 0 0 0 3 0 0 0 0 2 0.9872486098921667
0 0 0 5 0 0 0 0 3 0 0 0 0 0 0 0 0 0 0 14 0 0 0 0 0 0 0 0 0 0 0 0 0 0 0 2 1 1.0
rule 24 0
1 4 0 0 4 0 4 0 1 0 1 0 0 1 0 0 4 0 0 11 0 4 0 0 4 1 0 7 0 0 1 0 0 0 1 0 5 0.5364010232031686
1 0 2 0 1 4 4 0 1 4 0 0 1 0 4 0 1 0 4 0 1 0 0 0 1 2 0 0 0 4 0 0 1 0 0 4 0 0.7933618513452045
rule 25 0
1 0 4 0 0 0 0 0 0 0 1 0 0 4 1 0 0 12 0 11 4 0 0 1 0 1 0 1 0 0 1 0 0 0 0 0 5 0.4664917289727999
1 0 0 0 1 4 0 0 1 0 0 0 1 0 0 0 1 0 0 0 1 0 0 4 1 2 0 0 0 4 0 0 1 0 0 0 0 0.5923409552023883
0 2 4 0 0 4 0 0 0 0 0 0 0 8 0 1 0 5 1 7 0 8 0 2 2 0 2 0 0 0 0 7 2 2 0 0 2 0.32846243413253595
rule 26 0
1 0 0 0 0 0 0 0 0 4 1 0 0 4 1 0 0 12 0 11 4 0 0 1 0 1 0 1 0 0 1 0 0 0 0 0 5 0.5910006330750417
1 0 0 0 1 4 0 0 1 0 0 0 1 0 0 0 1 0 0 0 1 0 0 4 1 2 0 0 0 4 0 0 1 0 0 0 0 0.5923409552023883
0 2 4 0 0 4 0 0 0 0 0 0 0 8 0 1 0 5 1 7 0 8 0 2 2 0 2 0 0 0 0 7 2 2 0 0 2 0.32846243413253595
0 0 0 0 0 0 2 0 0 0 0 2 0 0 4 0 0 3 0 0 0 0 0 0 0 0 0 0 0 0 2 0 0 1 0 0 1 0.8807554419531278
0 0 0 0 0 0 0 0 0 0 0 0 0 0 0 0 0 11 0 0 0 0 4 0 0 0 4 0 7 0 0 0 0 1 0 4 4 0.19352973322513756
rule 27 0
1 0 2 0 1 4 4 0 2 4 1 0 1 0 4 0 1 0 4 0 1 0 0 0 1 2 0 0 0 4 0 0 1 0 0 4 0 0.5668863168289968
rule 28 0
1 0 2 0 1 4 4 0 1 4 0 0 1 0 4 0 1 0 4 0 1 0 0 0 1 2 0 0 0 4 0 0 1 0 0 4 0 0.7933618513452045
1 4 0 0 4 0 4 0 1 0 1 0 0 1 0 0 4 0 0 11 0 4 0 0 4 1 0 7 0 0 1 0 0 0 1 0 5 0.5364010232031686
rule 29 0
1 0 4 0 0 0 0 0 0 0 1 0 0 4 1 0 0 12 0 11 4 0 0 1 0 1 0 1 0 0 1 0 0 0 0 0 5 0.4664917289727999
1 0 0 0 1 4 0 0 1 0 0 0 1 0 0 0 1 0 0 0 1 0 0 4 1 2 0 0 0 4 0 0 1 0 0 0 0 0.5923409552023883
0 2 4 0 0 4 0 0 0 0 0 0 0 8 0 1 0 5 1 7 0 8 0 2 2 0 2 0 0 0 0 7 2 2 0 0 2 0.32846243413253595
rule 30 0
1 0 0 0 0 0 0 0 0 4 1 0 0 4 1 0 0 12 0 11 4 0 0 1 0 1 0 1 0 0 1 0 0 0 0 0 5 0.5910006330750417
1 0 0 0 1 4 0 0 1 0 0 0 1 0 0 0 1 0 0 0 1 0 0 4 1 2 0 0 0 4 0 0 1 0 0 0 0 0.5923409552023883
0 2 4 0 0 4 0 0 0 0 0 0 0 8 0 1 0 5 1 7 0 8 0 2 2 0 2 0 0 0 0 7 2 2 0 0 2 0.32846243413253595
0 0 0 0 0 0 2 0 0 0 0 2 0 0 4 0 0 3 0 0 0 0 0 0 0 0 0 0 0 0 2 0 0 1 0 0 1 0.8807554419531278
0 0 0 0 0 0 0 0 0 0 0 0 0 0 0 0 0 11 0 0 0 0 4 0 0 0 4 0 7 0 0 0 0 1 0 4 4 0.19352973322513756
rule 31 0
0 0 0 12 0 4 0 0 0 0 0 0 0 0 0 0 1 2 1 0 0 0 0 0 0 0 0 0 0 0 0 0 0 0 2 0 0 0.05729394169776092
rule 32 0
1 4 0 0 4 0 4 0 1 0 1 0 0 1 0 0 4 0 0 11 0 4 0 0 4 1 0 7 0 0 1 0 0 0 1 0 5 0.5364010232031686
1 0 2 0 1 4 4 0 1 4 0 0 1 0 4 0 1 0 4 0 1 0 0 0 1 2 0 0 0 4 0 0 1 0 0 4 0 0.7933618513452045
rule 33 0
1 0 4 0 0 0 0 0 0 0 1 0 0 4 1 0 0 12 0 11 4 0 0 1 0 1 0 1 0 0 1 0 0 0 0 0 5 0.4664917289727999
1 0 0 0 1 4 0 0 1 0 0 0 1 0 0 0 1 0 0 0 1 0 0 4 1 2 0 0 0 4 0 0 1 0 0 0 0 0.5923409552023883
0 2 4 0 0 4 0 0 0 0 0 0 0 8 0 1 0 5 1 7 0 8 0 2 2 0 2 0 0 0 0 7 2 2 0 0 2 0.32846243413253595
rule 34 0
1 0 0 0 1 4 0 0 1 0 0 0 1 0 0 0 1 0 0 0 1 0 0 4 1 2 0 0 0 4 0 0 1 0 0 0 0 0.5923409552023883
1 0 0 0 0 0 0 0 0 4 1 0 0 4 1 0 0 12 0 11 4 0 0 1 0 1 0 1 0 0 1 0 0 0 0 0 5 0.5910006330750417
0 0 0 0 0 0 0 0 0 0 0 0 0 0 0 0 0 11 0 0 0 0 4 0 0 0 4 0 7 0 0 0 0 1 0 4 4 0.19352973322513756
0 2 4 0 0 4 0 0 0 0 0 0 0 8 0 1 0 5 1 7 0 8 0 2 2 0 2 0 0 0 0 7 2 2 0 0 2 0.32846243413253595
0 0 0 0 0 0 2 0 0 0 0 2 0 0 4 0 0 3 0 0 0 0 0 0 0 0 0 0 0 0 2 0 0 1 0 0 1 0.8807554419531278
rule 35 0
1 0 2 0 1 4 4 0 1 4 0 0 1 0 4 0 1 0 4 0 1 0 0 0 1 2 0 0 0 4 0 0 1 0 0 4 0 0.7913439935957469
rule 36 0
1 4 0 0 4 0 4 0 1 0 1 0 0 1 0 0 4 0 0 11 0 4 0 0 4 1 0 7 0 0 1 0 0 0 1 0 5 0.5364010232031686
1 0 2 0 1 4 4 0 1 4 0 0 1 0 4 0 1 0 4 0 1 0 0 0 1 2 0 0 0 4 0 0 1 0 0 4 0 0.7707845418323267
rule 37 0
1 0 4 0 0 0 0 0 0 0 1 0 0 4 1 0 0 12 0 11 4 0 0 1 0 1 0 1 0 0 1 0 0 0 0 0 5 0.4664917289727999
1 0 0 0 1 4 0 0 1 0 0 0 1 0 0 0 1 0 0 0 1 0 0 4 1 2 0 0 0 4 0 0 1 0 0 0 0 0.5923409552023883
0 2 4 0 0 4 0 0 0 0 0 0 0 8 0 1 0 5 1 7 0 8 0 2 2 0 2 0 0 0 0 7 2 2 0 0 2 0.32846243413253595
rule 38 0
1 0 0 0 1 4 0 0 1 0 0 0 1 0 0 0 1 0 0 0 1 0 0 4 1 2 0 0 0 4 0 0 1 0 0 0 0 0.5923409552023883
1 0 0 0 0 0 0 0 0 4 1 0 0 4 1 0 0 12 0 11 4 0 0 1 0 1 0 1 0 0 1 0 0 0 0 0 5 0.5910006330750417
0 0 0 0 0 0 0 0 0 0 0 0 0 0 0 0 0 11 0 0 0 0 4 0 0 0 4 0 7 0 0 0 0 1 0 4 4 0.19352973322513756
0 2 4 0 0 4 0 0 0 0 0 0 0 8 0 1 0 5 1 7 0 8 0 2 2 0 2 0 0 0 0 7 2 2 0 0 2 0.32846243413253595
0 0 0 0 0 0 2 0 0 0 0 2 0 0 4 0 0 3 0 0 0 0 0 0 0 0 0 0 0 0 2 0 0 1 0 0 1 0.8807554419531278
rule 39 0
1 0 2 0 1 0 4 0 2 4 0 0 1 0 4 0 1 0 4 0 1 0 0 0 1 2 0 0 0 4 0 0 4 0 0 4 0 0.37979071680115895
rule 40 0
1 4 0 0 4 0 4 0 1 0 1 0 0 1 0 0 4 0 0 11 0 4 0 0 4 1 0 7 0 0 1 0 0 0 1 0 5 0.5364010232031686
1 0 2 0 1 4 4 0 1 4 0 0 1 0 4 0 1 0 4 0 1 0 0 0 1 2 0 0 0 4 0 0 1 0 0 4 0 0.7707845418323267
rule 41 0
1 0 0 0 1 4 0 0 1 0 0 0 1 0 0 0 1 0 0 0 1 0 0 4 1 2 0 0 0 4 0 0 1 0 0 0 0 0.5923409552023883
0 0 0 0 0 0 0 0 0 0 0 0 0 0 0 0 0 11 0 0 0 0 4 0 0 0 4 0 7 0 0 0 0 1 0 4 4 0.19352973322513756
0 2 4 0 0 4 0 0 0 0 0 0 0 8 0 1 0 5 1 7 0 8 0 2 2 0 2 0 0 0 0 7 2 2 0 0 2 0.32846243413253595
0 0 0 0 0 0 2 0 0 0 0 2 0 0 4 0 0 3 0 0 0 0 0 0 0 0 0 0 0 0 2 0 0 1 0 0 1 0.8807554419531278
1 0 0 0 0 0 0 0 0 4 1 0 0 4 1 0 0 12 0 11 4 0 0 1 0 1 0 1 0 0 1 0 0 0 0 0 5 0.5910006330750417
rule 42 0
0 0 0 12 0 4 0 0 0 0 0 0 0 0 0 0 1 0 1 2 0 0 0 0 0 0 0 0 0 0 0 0 0 0 2 0 0 0.037411266402966215
rule 43 0
1 0 2 0 1 4 4 0 1 4 0 0 1 0 4 0 1 0 4 0 1 0 0 0 1 2 0 0 0 4 0 0 1 0 0 4 0 0.7933618513452045
1 4 0 0 4 0 4 0 1 0 1 0 0 1 0 0 4 0 0 11 0 4 0 0 4 1 0 7 0 0 1 0 0 0 1 0 5 0.5364010232031686
rule 44 0
1 0 0 0 1 4 0 0 1 0 0 0 1 0 0 0 1 0 0 0 1 0 0 4 1 2 0 0 0 4 0 0 1 0 0 0 0 0.5923409552023883
0 0 0 0 0 0 0 0 0 0 0 0 0 0 0 0 0 11 0 0 0 0 4 0 0 0 4 0 7 0 0 0 0 1 0 4 4 0.19352973322513756
0 2 4 0 0 4 0 0 0 0 0 0 0 8 0 1 0 5 1 7 0 8 0 2 2 0 2 0 0 0 0 7 2 2 0 0 2 0.32846243413253595
0 0 0 0 0 0 2 0 0 0 0 2 0 0 4 0 0 3 0 0 0 0 0 0 0 0 0 0 0 0 2 0 0 1 0 0 1 0.8807554419531278
1 0 0 0 0 0 0 0 0 4 1 0 0 4 1 0 0 12 0 11 4 0 0 1 0 1 0 1 0 0 1 0 0 0 0 0 5 0.5910006330750417
rule 45 0
0 0 0 12 0 4 0 0 0 0 0 0 0 0 0 0 1 0 1 0 0 0 0 0 0 0 0 0 0 0 0 0 0 0 2 0 0 0.0303582844209902
rule 46 0
1 0 2 0 1 4 4 0 1 4 0 0 1 0 4 0 1 0 4 0 1 0 0 0 1 2 0 0 0 4 0 0 1 0 0 4 0 0.7933618513452045
1 4 0 0 4 0 4 0 1 0 1 0 0 1 0 0 4 0 0 11 0 4 0 0 4 1 0 7 0 0 1 0 0 0 1 0 5 0.5364010232031686
rule 47 0
1 0 0 0 1 4 0 0 1 0 0 0 1 0 0 0 1 0 0 0 1 0 0 4 1 2 0 0 0 4 0 0 1 0 0 0 0 0.5923409552023883
1 0 0 0 0 0 0 0 0 4 1 0 0 4 1 0 0 12 0 11 4 0 0 1 0 1 0 1 0 0 1 0 0 0 0 0 5 0.5910006330750417
0 0 0 0 0 0 0 0 0 0 0 0 0 0 0 0 0 11 0 0 0 0 4 0 0 0 4 0 7 0 0 0 0 1 0 4 4 0.19352973322513756
0 2 4 0 0 4 0 0 0 0 0 0 0 8 0 1 0 5 1 7 0 8 0 2 2 0 2 0 0 0 0 7 2 2 0 0 2 0.32846243413253595
0 0 0 0 0 0 2 0 0 0 0 2 0 0 4 0 0 3 0 0 0 0 0 0 0 0 0 0 0 0 2 0 0 1 0 0 1 0.8807554419531278
rule 48 0
0 0 0 12 0 4 0 0 0 0 0 0 0 0 0 0 1 0 1 0 0 0 0 0 0 0 0 0 0 0 0 0 0 0 2 0 0 0.0303582844209902
rule 49 0
1 4 0 0 4 0 4 0 1 0 1 0 0 1 0 0 4 0 0 11 0 4 0 0 4 1 0 7 0 0 1 0 0 0 1 0 5 0.5364010232031686
1 0 2 0 1 4 4 0 1 4 0 0 1 0 4 0 1 0 4 0 1 0 0 0 1 2 0 0 0 4 0 0 1 0 0 4 0 0.7707845418323267
rule 50 0
1 0 0 0 4 0 0 0 0 0 1 0 0 4 1 0 0 12 0 11 4 0 0 1 0 1 0 1 0 0 1 0 0 0 0 0 5 0.6146155228068657
1 0 0 0 1 4 0 0 1 0 0 0 1 0 0 0 1 0 0 0 1 0 0 4 1 2 0 0 0 4 0 0 1 0 0 0 0 0.5923409552023883
0 2 4 0 0 4 0 0 0 0 0 0 0 8 0 1 0 5 1 7 0 8 0 2 2 0 2 0 0 0 0 7 2 2 0 0 2 0.32846243413253595
0 0 0 0 0 0 2 0 0 0 0 2 0 0 4 0 0 3 0 0 0 0 0 0 0 0 0 0 0 0 2 0 0 1 0 0 1 0.8807554419531278
0 0 0 0 0 0 0 0 0 0 0 0 0 0 0 0 0 11 0 0 0 0 4 0 0 0 4 0 7 0 0 0 0 1 0 4 4 0.19352973322513756
rule 51 0
0 0 0 12 0 4 0 0 0 0 0 0 0 0 0 0 1 0 1 0 0 0 0 0 0 0 0 0 0 0 0 0 0 0 2 0 0 0.0303582844209902
rule 52 0
1 4 0 0 4 0 4 0 1 0 1 0 0 1 0 0 4 0 0 11 0 4 0 0 4 1 0 7 0 0 1 0 0 0 1 0 5 0.5364010232031686
1 0 2 0 1 4 4 0 1 4 0 0 1 0 4 0 1 0 4 0 1 0 0 0 1 2 0 0 0 4 0 0 1 0 0 4 0 0.7933618513452045
rule 53 0
1 0 0 0 0 0 0 0 0 4 1 0 0 4 1 0 0 12 0 11 4 0 0 1 0 1 0 1 0 0 1 0 0 0 0 0 5 0.5910006330750417
1 0 0 0 1 4 0 0 1 0 0 0 1 0 0 0 1 0 0 0 1 0 0 4 1 2 0 0 0 4 0 0 1 0 0 0 0 0.5923409552023883
0 2 4 0 0 4 0 0 0 0 0 0 0 8 0 1 0 5 1 7 0 8 0 2 2 0 2 0 0 0 0 7 2 2 0 0 2 0.32846243413253595
0 0 0 0 0 0 2 0 0 0 0 2 0 0 4 0 0 3 0 0 0 0 0 0 0 0 0 0 0 0 2 0 0 1 0 0 1 0.8807554419531278
0 0 0 0 0 0 0 0 0 0 0 0 0 0 0 0 0 11 0 0 0 0 4 0 0 0 4 0 7 0 0 0 0 1 0 4 4 0.19352973322513756
rule 54 0
0 0 0 12 0 4 0 0 0 0 0 0 0 0 0 0 1 0 1 0 0 0 0 0 0 0 0 0 0 0 0 0 0 0 2 0 0 0.0303582844209902
rule 55 0
1 4 0 0 4 0 4 0 1 0 1 0 0 1 0 0 4 0 0 11 0 4 0 0 4 1 0 7 0 0 1 0 0 0 1 0 5 0.5364010232031686
1 0 2 0 1 4 4 0 1 4 0 0 1 0 4 0 1 0 4 0 1 0 0 0 1 2 0 0 0 4 0 0 1 0 0 4 0 0.7933618513452045
rule 56 0
1 0 0 0 0 0 0 0 0 4 1 0 0 4 1 0 0 12 0 11 4 0 0 1 0 1 0 1 0 0 1 0 0 0 0 0 5 0.5910006330750417
1 0 0 0 1 4 0 0 1 0 0 0 1 0 0 0 1 0 0 0 1 0 0 4 1 2 0 0 0 4 0 0 1 0 0 0 0 0.5923409552023883
0 2 4 0 0 4 0 0 0 0 0 0 0 8 0 1 0 5 1 7 0 8 0 2 2 0 2 0 0 0 0 7 2 2 0 0 2 0.32846243413253595
0 0 0 0 0 0 2 0 0 0 0 2 0 0 4 0 0 3 0 0 0 0 0 0 0 0 0 0 0 0 2 0 0 1 0 0 1 0.8807554419531278
0 0 0 0 0 0 0 0 0 0 0 0 0 0 0 0 0 11 0 0 0 0 4 0 0 0 4 0 7 0 0 0 0 1 0 4 4 0.19352973322513756
rule 57 0
1 0 2 0 1 0 4 0 1 4 0 0 1 0 4 0 1 0 4 0 1 0 0 0 1 2 0 0 0 4 0 0 4 0 0 4 0 0.7138015589951361
rule 58 0
1 4 0 0 4 0 4 0 1 0 1 0 0 1 0 0 4 0 0 11 0 4 0 0 4 1 0 7 0 0 1 0 0 0 1 0 5 0.5364010232031686
1 0 2 0 1 4 4 0 1 4 0 0 1 0 4 0 1 0 4 0 1 0 0 0 1 2 0 0 0 4 0 0 1 0 0 4 0 0.7933618513452045
rule 59 0
0 0 0 0 0 0 2 0 0 0 0 2 0 0 4 0 0 3 0 0 0 0 0 0 0 0 0 0 0 0 2 0 0 1 0 0 1 0.8807554419531278
1 0 0 0 0 0 0 0 0 4 1 0 0 4 1 0 0 12 0 11 4 0 0 1 0 1 0 1 0 0 1 0 0 0 0 0 5 0.5910006330750417
0 0 0 0 0 0 0 0 0 0 0 0 0 0 0 0 0 11 0 0 0 0 4 0 0 0 4 0 7 0 0 0 0 1 0 4 4 0.19352973322513756
0 2 4 0 0 4 0 0 0 0 0 0 0 8 0 1 0 5 1 7 0 8 0 2 2 0 2 0 0 0 0 7 2 2 0 0 2 0.32846243413253595
1 0 0 0 1 4 0 0 1 0 0 0 1 0 0 0 1 0 0 0 1 0 0 4 1 2 0 0 0 4 0 0 1 0 0 0 0 0.5923409552023883
rule 60 0
0 0 0 0 1 0 0 0 0 0 4 0 0 0 0 0 0 0 0 1 0 2 0 0 0 0 0 0 0 0 0 0 1 0 0 12 0 0.14205502285969906
rule 61 0
1 0 0 0 0 4 0 0 0 0 1 0 0 4 1 0 0 12 0 11 0 0 0 1 0 1 0 1 0 0 1 0 0 0 0 0 5 0.6505981582130097
0 0 0 0 0 0 2 0 0 0 0 2 0 0 4 0 0 3 0 0 0 0 0 0 0 0 0 0 0 0 2 0 0 1 0 0 1 0.8807554419531278
1 0 0 0 0 4 0 0 4 0 1 0 0 0 1 0 0 12 0 11 0 0 0 1 0 1 0 1 0 0 1 0 0 0 0 0 5 0.682243266061803
1 0 0 0 1 4 0 0 1 0 0 0 1 0 0 0 1 0 0 0 1 0 0 0 1 2 0 0 0 4 0 0 1 0 0 4 0 0.5868340237415707
0 0 0 0 0 0 0 0 0 0 0 0 0 0 0 0 0 11 0 0 0 0 4 0 0 0 4 0 7 0 0 0 0 1 0 4 4 0.19352973322513756
8 0 12 0 12 0 0 0 0 0 0 11 12 0 0 0 2 0 12 0 0 8 0 0 0 0 4 0 0 0 0 11 0 8 7 0 3 0.3281869567072475
0 2 4 0 0 4 0 0 0 0 0 0 0 8 0 1 0 5 1 7 0 8 0 2 2 0 2 0 0 0 0 7 2 2 0 0 2 0.32846243413253595
rule 62 0
1 0 0 0 1 4 0 0 1 0 0 0 1 0 0 0 1 0 0 0 1 0 0 4 1 2 0 0 0 4 0 0 1 0 0 0 0 0.5923409552023883
1 0 0 0 0 4 0 0 0 0 1 0 0 4 1 0 0 12 0 11 0 0 0 1 0 1 0 1 0 0 1 0 0 0 0 0 5 0.6505981582130097
rule 63 0
1 0 0 0 1 4 0 0 1 0 0 0 1 0 0 0 1 0 0 0 1 0 0 4 1 2 0 0 0 4 0 0 1 0 0 0 0 0.5923409552023883
1 0 0 0 0 4 0 0 0 0 1 0 0 4 1 0 0 12 0 11 0 0 0 1 0 1 0 1 0 0 1 0 0 0 0 0 5 0.6505981582130097
rule 64 0
1 0 0 0 1 4 0 0 1 0 0 0 1 0 0 0 1 0 0 0 1 0 0 4 1 2 0 0 0 4 0 0 1 0 0 0 0 0.5923409552023883
1 0 0 0 0 4 0 0 0 0 1 0 0 4 1 0 0 12 0 11 0 0 0 1 0 1 0 1 0 0 1 0 0 0 0 0 5 0.6505981582130097
0 2 4 0 0 4 0 0 0 0 0 0 0 8 0 1 0 5 1 7 0 8 0 2 2 0 2 0 0 0 0 7 2 2 0 0 2 0.32846243413253595
rule 65 0
0 2 4 0 0 4 0 0 0 0 0 0 0 8 0 1 0 5 1 7 0 8 0 2 2 0 2 0 0 0 0 7 2 2 0 0 2 0.32846243413253595
1 0 0 0 0 4 0 0 0 0 1 0 0 4 1 0 0 12 0 11 0 0 0 1 0 1 0 1 0 0 1 0 0 0 0 0 5 0.6505981582130097
1 0 0 0 1 4 0 0 1 0 0 0 1 0 0 0 1 0 0 0 1 0 0 4 1 2 0 0 0 4 0 0 1 0 0 0 0 0.5923409552023883
rule 66 0
1 0 0 0 0 4 0 0 0 0 1 0 0 4 1 0 0 12 0 11 0 0 0 1 0 1 0 1 0 0 1 0 0 0 0 0 5 0.6505981582130097
0 2 4 0 0 4 0 0 0 0 0 0 0 8 0 1 0 5 1 7 0 8 0 2 2 0 2 0 0 0 0 7 2 2 0 0 2 0.32846243413253595
0 0 0 0 0 0 2 0 0 0 0 2 0 0 4 0 0 3 0 0 0 0 0 0 0 0 0 0 0 0 2 0 0 1 0 0 1 0.8807554419531278
1 0 0 0 1 4 0 0 1 0 0 0 1 0 0 0 1 0 0 0 1 0 0 4 1 2 0 0 0 4 0 0 1 0 0 0 0 0.5923409552023883
rule 67 0
1 0 0 0 1 4 0 0 1 0 0 0 1 0 0 0 1 0 0 0 1 0 0 4 1 2 0 0 0 4 0 0 1 0 0 0 0 0.5923409552023883
1 0 0 0 0 4 0 0 0 0 1 0 0 4 1 0 0 12 0 11 0 0 0 1 0 1 0 1 0 0 1 0 0 0 0 0 5 0.6505981582130097
0 0 0 0 0 0 2 0 0 0 0 2 0 0 4 0 0 3 0 0 0 0 0 0 0 0 0 0 0 0 2 0 0 1 0 0 1 0.8807554419531278
0 2 4 0 0 4 0 0 0 0 0 0 0 8 0 1 0 5 1 7 0 8 0 2 2 0 2 0 0 0 0 7 2 2 0 0 2 0.32846243413253595
rule 68 0
0 0 0 0 0 0 0 0 0 0 0 0 0 0 0 0 0 11 0 0 0 0 4 0 0 0 4 0 7 0 0 0 0 1 0 4 4 0.19352973322513756
1 0 0 0 0 4 0 0 0 0 1 0 0 4 1 0 0 12 0 11 0 0 0 1 0 1 0 1 0 0 1 0 0 0 0 0 5 0.6505981582130097
0 2 4 0 0 4 0 0 0 0 0 0 0 8 0 1 0 5 1 7 0 8 0 2 2 0 2 0 0 0 0 7 2 2 0 0 2 0.32846243413253595
1 0 0 0 1 4 0 0 1 0 0 0 1 0 0 0 1 0 0 0 1 0 0 4 1 2 0 0 0 4 0 0 1 0 0 0 0 0.5923409552023883
0 0 0 0 0 0 2 0 0 0 0 2 0 0 4 0 0 3 0 0 0 0 0 0 0 0 0 0 0 0 2 0 0 1 0 0 1 0.8807554419531278
rule 69 0
0 2 4 0 0 4 0 0 0 0 0 0 0 8 0 1 0 5 1 7 0 8 0 2 2 0 2 0 0 0 0 7 2 2 0 0 2 0.32846243413253595
0 0 0 0 0 0 2 0 0 0 0 2 0 0 4 0 0 3 0 0 0 0 0 0 0 0 0 0 0 0 2 0 0 1 0 0 1 0.8807554419531278
0 0 0 0 0 0 0 0 0 0 0 0 0 0 0 0 0 11 0 0 0 0 4 0 0 0 4 0 7 0 0 0 0 1 0 4 4 0.19352973322513756
1 0 0 0 0 4 0 0 0 0 1 0 0 4 1 0 0 12 0 11 0 0 0 1 0 1 0 1 0 0 1 0 0 0 0 0 5 0.6505981582130097
1 0 0 0 1 4 0 0 1 0 0 0 1 0 0 0 1 0 0 0 1 0 0 4 1 2 0 0 0 4 0 0 1 0 0 0 0 0.5923409552023883
rule 70 0
8 0 12 0 12 0 0 0 0 0 0 11 12 0 0 0 2 0 12 0 0 8 0 0 0 0 4 0 0 0 0 11 0 8 7 0 3 0.3281869567072475
0 0 0 0 0 0 0 0 0 0 0 0 0 0 0 0 0 11 0 0 0 0 4 0 0 0 4 0 7 0 0 0 0 1 0 4 4 0.19352973322513756
0 0 0 0 0 0 2 0 0 0 0 2 0 0 4 0 0 3 0 0 0 0 0 0 0 0 0 0 0 0 2 0 0 1 0 0 1 0.8807554419531278
0 2 4 0 0 4 0 0 0 0 0 0 0 8 0 1 0 5 1 7 0 8 0 2 2 0 2 0 0 0 0 7 2 2 0 0 2 0.32846243413253595
1 0 0 0 1 4 0 0 1 0 0 0 1 0 0 0 1 0 0 0 1 0 0 4 1 2 0 0 0 4 0 0 1 0 0 0 0 0.5923409552023883
1 0 0 0 0 4 0 0 0 0 1 0 0 4 1 0 0 12 0 11 0 0 0 1 0 1 0 1 0 0 1 0 0 0 0 0 5 0.6505981582130097
rule 71 0
1 0 0 0 0 4 0 0 0 0 1 0 0 4 1 0 0 12 0 11 0 0 0 1 0 1 0 1 0 0 1 0 0 0 0 0 5 0.6505981582130097
0 0 0 0 0 0 2 0 0 0 0 2 0 0 4 0 0 3 0 0 0 0 0 0 0 0 0 0 0 0 2 0 0 1 0 0 1 0.8807554419531278
0 2 4 0 0 4 0 0 0 0 0 0 0 8 0 1 0 5 1 7 0 8 0 2 2 0 2 0 0 0 0 7 2 2 0 0 2 0.32846243413253595
0 0 0 0 0 0 0 0 0 0 0 0 0 0 0 0 0 11 0 0 0 0 4 0 0 0 4 0 7 0 0 0 0 1 0 4 4 0.19352973322513756
1 0 0 0 1 4 0 0 1 0 0 0 1 0 0 0 1 0 0 0 1 0 0 0 1 2 0 0 0 4 0 0 1 0 0 4 0 0.5868340237415707
8 0 12 0 12 0 0 0 0 0 0 11 12 0 0 0 2 0 12 0 0 8 0 0 0 0 4 0 0 0 0 11 0 8 7 0 3 0.3281869567072475
rule 72 0
1 0 0 0 1 4 2 0 1 0 0 0 1 0 0 0 1 0 0 0 1 0 0 4 1 2 0 0 0 4 0 0 1 0 0 0 0 0.7531803986853538
rule 73 0
1 0 0 0 0 4 0 0 0 0 1 0 0 4 1 0 0 12 0 11 0 0 0 1 0 1 0 1 0 0 1 0 0 0 0 0 5 0.6505981582130097
0 0 0 0 0 0 2 0 0 0 0 2 0 0 4 0 0 3 0 0 0 0 0 0 0 0 0 0 0 0 2 0 0 1 0 0 1 0.8807554419531278
1 0 0 0 0 4 0 0 4 0 1 0 0 0 1 0 0 12 0 11 0 0 0 1 0 1 0 1 0 0 1 0 0 0 0 0 5 0.682243266061803
1 0 0 0 1 4 0 0 1 0 0 0 1 0 0 0 1 0 0 0 1 0 0 0 1 2 0 0 0 4 0 0 1 0 0 4 0 0.5868340237415707
0 0 0 0 0 0 0 0 0 0 0 0 0 0 0 0 0 11 0 0 0 0 4 0 0 0 4 0 7 0 0 0 0 1 0 4 4 0.19352973322513756
8 0 12 0 12 0 0 0 0 0 0 11 12 0 0 0 2 0 12 0 0 8 0 0 0 0 4 0 0 0 0 11 0 8 7 0 3 0.3281869567072475
0 2 4 0 0 4 0 0 0 0 0 0 0 8 0 1 0 5 1 7 0 8 0 2 2 0 2 0 0 0 0 7 2 2 0 0 2 0.32846243413253595
rule 74 0
1 0 0 0 1 4 0 0 1 0 0 0 1 0 0 0 1 0 0 0 1 0 0 4 1 2 0 0 0 4 0 0 1 0 0 0 0 0.5923409552023883
1 0 0 0 0 4 0 0 0 0 1 0 0 4 1 0 0 12 0 11 0 0 0 1 0 1 0 1 0 0 1 0 0 0 0 0 5 0.6505981582130097
rule 75 0
1 0 0 0 0 4 0 0 0 0 1 0 0 4 1 0 0 12 0 11 0 0 0 1 0 1 0 1 0 0 1 0 0 0 0 0 5 0.6505981582130097
1 0 0 0 1 4 0 0 1 0 0 0 1 0 0 0 1 0 0 0 1 0 0 4 1 2 0 0 0 4 0 0 1 0 0 0 0 0.5923409552023883
0 2 4 0 0 4 0 0 0 0 0 0 0 8 0 1 0 5 1 7 0 8 0 2 2 0 2 0 0 0 0 7 2 2 0 0 2 0.32846243413253595
rule 76 0
0 2 4 0 0 4 0 0 0 0 0 0 0 8 0 1 0 5 1 7 0 8 0 2 2 0 2 0 0 0 0 7 2 2 0 0 2 0.32846243413253595
0 0 0 0 0 0 2 0 0 0 0 2 0 0 4 0 0 3 0 0 0 0 0 0 0 0 0 0 0 0 2 0 0 1 0 0 1 0.8807554419531278
1 0 0 0 1 4 0 0 1 0 0 0 1 0 0 0 1 0 0 0 1 0 0 4 1 2 0 0 0 4 0 0 1 0 0 0 0 0.5923409552023883
1 0 0 0 0 4 0 0 0 0 1 0 0 4 1 0 0 12 0 11 0 0 0 1 0 1 0 1 0 0 1 0 0 0 0 0 5 0.6505981582130097
rule 77 0
0 0 0 0 0 0 2 0 0 0 0 2 0 0 4 0 0 3 0 0 0 0 0 0 0 0 0 0 0 0 2 0 0 1 0 0 1 0.8807554419531278
0 0 0 0 0 0 0 0 0 0 0 0 0 0 0 0 0 11 0 0 0 0 4 0 0 0 4 0 7 0 0 0 0 1 0 4 4 0.19352973322513756
0 2 4 0 0 4 0 0 0 0 0 0 0 8 0 1 0 5 1 7 0 8 0 2 2 0 2 0 0 0 0 7 2 2 0 0 2 0.32846243413253595
1 0 0 0 0 4 0 0 0 0 1 0 0 4 1 0 0 12 0 11 0 0 0 1 0 1 0 1 0 0 1 0 0 0 0 0 5 0.6505981582130097
1 0 0 0 1 4 0 0 1 0 0 0 1 0 0 0 1 0 0 0 1 0 0 4 1 2 0 0 0 4 0 0 1 0 0 0 0 0.5923409552023883
rule 78 0
8 0 12 0 12 0 0 0 0 0 0 11 12 0 0 0 2 0 12 0 0 8 0 0 0 0 4 0 0 0 0 11 0 8 7 0 3 0.3281869567072475
0 0 0 0 0 0 0 0 0 0 0 0 0 0 0 0 0 11 0 0 0 0 4 0 0 0 4 0 7 0 0 0 0 1 0 4 4 0.19352973322513756
1 0 0 0 0 4 0 0 4 0 1 0 0 0 1 0 0 12 0 11 0 0 0 1 0 1 0 1 0 0 1 0 0 0 0 0 5 0.682243266061803
0 0 0 0 0 0 2 0 0 0 0 2 0 0 4 0 0 3 0 0 0 0 0 0 0 0 0 0 0 0 2 0 0 1 0 0 1 0.8807554419531278
0 2 4 0 0 4 0 0 0 0 0 0 0 8 0 1 0 5 1 7 0 8 0 2 2 0 2 0 0 0 0 7 2 2 0 0 2 0.32846243413253595
1 0 0 0 1 4 0 0 1 0 0 0 1 0 0 0 1 0 0 0 1 0 0 0 1 2 0 0 0 4 0 0 1 0 0 4 0 0.5868340237415707
rule 79 0
1 0 0 0 1 4 0 0 1 0 0 1 1 0 0 0 1 0 0 0 1 0 0 4 1 2 0 0 0 4 0 0 1 0 0 0 0 0.6400352011653647
rule 80 0
1 0 0 0 0 4 0 0 0 0 1 0 0 4 1 0 0 12 0 11 0 0 0 1 0 1 0 1 0 0 1 0 0 0 0 0 5 0.6505981582130097
0 0 0 0 0 0 0 0 0 0 0 0 0 0 0 0 0 11 0 0 0 0 4 0 0 0 4 0 7 0 0 0 0 1 0 4 4 0.19352973322513756
1 0 0 0 1 4 0 0 1 0 0 0 1 0 0 0 1 0 0 0 1 0 0 0 1 2 0 0 0 4 0 0 1 0 0 4 0 0.5868340237415707
0 0 0 0 0 0 2 0 0 0 0 2 0 0 4 0 0 3 0 0 0 0 0 0 0 0 0 0 0 0 2 0 0 1 0 0 1 0.8807554419531278
1 0 0 0 0 4 0 0 4 0 1 0 0 0 1 0 0 12 0 11 0 0 0 1 0 1 0 1 0 0 1 0 0 0 0 0 5 0.682243266061803
8 0 12 0 12 0 0 0 0 0 0 11 12 0 0 0 2 0 12 0 0 8 0 0 0 0 4 0 0 0 0 11 0 8 7 0 3 0.3281869567072475
0 2 4 0 0 4 0 0 0 0 0 0 0 8 0 1 0 5 1 7 0 8 0 2 2 0 2 0 0 0 0 7 2 2 0 0 2 0.32846243413253595
rule 81 0
1 0 0 0 0 4 0 0 0 0 1 0 0 4 1 0 0 12 0 11 0 0 0 1 0 1 0 1 0 0 1 0 0 0 0 0 5 0.6505981582130097
1 0 0 0 1 4 0 0 1 0 0 0 1 0 0 0 1 0 0 0 1 0 0 4 1 2 0 0 0 4 0 0 1 0 0 0 0 0.5923409552023883
rule 82 0
1 0 0 0 0 4 0 0 0 0 1 0 0 4 1 0 0 12 0 11 0 0 0 1 0 1 0 1 0 0 1 0 0 0 0 0 5 0.6505981582130097
1 0 0 0 1 4 0 0 1 0 0 0 1 0 0 0 1 0 0 0 1 0 0 4 1 2 0 0 0 4 0 0 1 0 0 0 0 0.5923409552023883
0 2 4 0 0 4 0 0 0 0 0 0 0 8 0 1 0 5 1 7 0 8 0 2 2 0 2 0 0 0 0 7 2 2 0 0 2 0.32846243413253595
rule 83 0
1 0 0 0 0 4 0 0 0 0 1 0 0 4 1 0 0 12 0 11 0 0 0 1 0 1 0 1 0 0 1 0 0 0 0 0 5 0.6505981582130097
0 0 0 0 0 0 2 0 0 0 0 2 0 0 4 0 0 3 0 0 0 0 0 0 0 0 0 0 0 0 2 0 0 1 0 0 1 0.8807554419531278
0 2 4 0 0 4 0 0 0 0 0 0 0 8 0 1 0 5 1 7 0 8 0 2 2 0 2 0 0 0 0 7 2 2 0 0 2 0.32846243413253595
1 0 0 0 1 4 0 0 1 0 0 0 1 0 0 0 1 0 0 0 1 0 0 0 1 2 0 0 0 4 0 0 1 0 0 4 0 0.5868340237415707
rule 84 0
1 0 0 0 1 4 0 0 1 0 0 0 1 0 0 0 1 0 0 0 1 0 0 4 1 2 0 0 0 4 0 0 1 0 0 0 0 0.5923409552023883
0 0 0 0 0 0 2 0 0 0 0 2 0 0 4 0 0 3 0 0 0 0 0 0 0 0 0 0 0 0 2 0 0 1 0 0 1 0.8807554419531278
1 0 0 0 0 4 0 0 0 0 1 0 0 4 1 0 0 12 0 11 0 0 0 1 0 1 0 1 0 0 1 0 0 0 0 0 5 0.6505981582130097
0 2 4 0 0 4 0 0 0 0 0 0 0 8 0 1 0 5 1 7 0 8 0 2 2 0 2 0 0 0 0 7 2 2 0 0 2 0.32846243413253595
0 0 0 0 0 0 0 0 0 0 0 0 0 0 0 0 0 11 0 0 0 0 4 0 0 0 4 0 7 0 0 0 0 1 0 4 4 0.19352973322513756
rule 85 0
8 0 12 0 12 0 0 0 0 0 0 11 12 0 0 0 2 0 12 0 0 8 0 0 0 0 4 0 0 0 0 11 0 8 7 0 3 0.3281869567072475
0 0 0 0 0 0 0 0 0 0 0 0 0 0 0 0 0 11 0 0 0 0 4 0 0 0 4 0 7 0 0 0 0 1 0 4 4 0.19352973322513756
0 0 0 0 0 0 2 0 0 0 0 2 0 0 4 0 0 3 0 0 0 0 0 0 0 0 0 0 0 0 2 0 0 1 0 0 1 0.8807554419531278
0 2 4 0 0 4 0 0 0 0 0 0 0 8 0 1 0 5 1 7 0 8 0 2 2 0 2 0 0 0 0 7 2 2 0 0 2 0.32846243413253595
1 0 0 0 1 4 0 0 1 0 0 0 1 0 0 0 1 0 0 0 1 0 0 4 1 2 0 0 0 4 0 0 1 0 0 0 0 0.5923409552023883
1 0 0 0 0 4 0 0 0 0 1 0 0 4 1 0 0 12 0 11 0 0 0 1 0 1 0 1 0 0 1 0 0 0 0 0 5 0.6505981582130097
rule 86 0
1 0 0 0 1 4 0 0 1 0 0 7 1 0 0 0 1 0 0 0 1 0 0 4 1 2 0 0 0 4 0 0 1 0 0 0 0 0.7055451659009286
rule 87 0
1 0 0 0 0 4 0 0 0 0 1 0 0 4 1 0 0 12 0 11 0 0 0 1 0 1 0 1 0 0 1 0 0 0 0 0 5 0.6505981582130097
0 0 0 0 0 0 2 0 0 0 0 2 0 0 4 0 0 3 0 0 0 0 0 0 0 0 0 0 0 0 2 0 0 1 0 0 1 0.8807554419531278
1 0 0 0 0 4 0 0 4 0 1 0 0 0 1 0 0 12 0 11 0 0 0 1 0 1 0 1 0 0 1 0 0 0 0 0 5 0.682243266061803
1 0 0 0 1 4 0 0 1 0 0 0 1 0 0 0 1 0 0 0 1 0 0 0 1 2 0 0 0 4 0 0 1 0 0 4 0 0.5868340237415707
0 0 0 0 0 0 0 0 0 0 0 0 0 0 0 0 0 11 0 0 0 0 4 0 0 0 4 0 7 0 0 0 0 1 0 4 4 0.19352973322513756
8 0 12 0 12 0 0 0 0 0 0 11 12 0 0 0 2 0 12 0 0 8 0 0 0 0 4 0 0 0 0 11 0 8 7 0 3 0.3281869567072475
0 2 4 0 0 4 0 0 0 0 0 0 0 8 0 1 0 5 1 7 0 8 0 2 2 0 2 0 0 0 0 7 2 2 0 0 2 0.32846243413253595
rule 88 0
1 0 0 0 1 4 0 0 1 0 0 0 1 0 0 0 1 0 0 0 1 0 0 4 1 2 0 0 0 4 0 0 1 0 0 0 0 0.5923409552023883
1 0 0 0 0 4 0 0 0 0 1 0 0 4 1 0 0 12 0 11 0 0 0 1 0 1 0 1 0 0 1 0 0 0 0 0 5 0.6505981582130097
rule 89 0
0 2 4 0 0 4 0 0 0 0 0 0 0 8 0 1 0 5 1 7 0 8 0 2 2 0 2 0 0 0 0 7 2 2 0 0 2 0.32846243413253595
1 0 0 0 0 4 0 0 0 0 1 0 0 4 1 0 0 12 0 11 0 0 0 1 0 1 0 1 0 0 1 0 0 0 0 0 5 0.6505981582130097
1 0 0 0 1 4 0 0 1 0 0 0 1 0 0 0 1 0 0 0 1 0 0 4 1 2 0 0 0 4 0 0 1 0 0 0 0 0.5923409552023883
rule 90 0
0 2 4 0 0 4 0 0 0 0 0 0 0 8 0 1 0 5 1 7 0 8 0 2 2 0 2 0 0 0 0 7 2 2 0 0 2 0.32846243413253595
0 0 0 0 0 0 2 0 0 0 0 2 0 0 4 0 0 3 0 0 0 0 0 0 0 0 0 0 0 0 2 0 0 1 0 0 1 0.8807554419531278
1 0 0 0 1 4 0 0 1 0 0 0 1 0 0 0 1 0 0 0 1 0 0 4 1 2 0 0 0 4 0 0 1 0 0 0 0 0.5923409552023883
1 0 0 0 0 4 0 0 0 0 1 0 0 4 1 0 0 12 0 11 0 0 0 1 0 1 0 1 0 0 1 0 0 0 0 0 5 0.6505981582130097
rule 91 0
0 0 0 0 0 0 2 0 0 0 0 2 0 0 4 0 0 3 0 0 0 0 0 0 0 0 0 0 0 0 2 0 0 1 0 0 1 0.8807554419531278
0 0 0 0 0 0 0 0 0 0 0 0 0 0 0 0 0 11 0 0 0 0 4 0 0 0 4 0 7 0 0 0 0 1 0 4 4 0.19352973322513756
0 2 4 0 0 4 0 0 0 0 0 0 0 8 0 1 0 5 1 7 0 8 0 2 2 0 2 0 0 0 0 7 2 2 0 0 2 0.32846243413253595
1 0 0 0 0 4 0 0 0 0 1 0 0 4 1 0 0 12 0 11 0 0 0 1 0 1 0 1 0 0 1 0 0 0 0 0 5 0.6505981582130097
1 0 0 0 1 4 0 0 1 0 0 0 1 0 0 0 1 0 0 0 1 0 0 4 1 2 0 0 0 4 0 0 1 0 0 0 0 0.5923409552023883
rule 92 0
8 0 12 0 12 0 0 0 0 0 0 11 12 0 0 0 2 0 12 0 0 8 0 0 0 0 4 0 0 0 0 11 0 8 7 0 3 0.3281869567072475
0 0 0 0 0 0 0 0 0 0 0 0 0 0 0 0 0 11 0 0 0 0 4 0 0 0 4 0 7 0 0 0 0 1 0 4 4 0.19352973322513756
0 0 0 0 0 0 2 0 0 0 0 2 0 0 4 0 0 3 0 0 0 0 0 0 0 0 0 0 0 0 2 0 0 1 0 0 1 0.8807554419531278
0 2 4 0 0 4 0 0 0 0 0 0 0 8 0 1 0 5 1 7 0 8 0 2 2 0 2 0 0 0 0 7 2 2 0 0 2 0.32846243413253595
1 0 0 0 1 4 0 0 1 0 0 0 1 0 0 0 1 0 0 0 1 0 0 4 1 2 0 0 0 4 0 0 1 0 0 0 0 0.5923409552023883
1 0 0 0 0 4 0 0 0 0 1 0 0 4 1 0 0 12 0 11 0 0 0 1 0 1 0 1 0 0 1 0 0 0 0 0 5 0.6505981582130097
rule 93 0
1 0 0 0 1 4 0 0 1 0 0 0 1 0 0 0 1 0 0 0 1 0 0 4 1 2 0 0 0 4 1 0 1 0 0 0 0 0.6040354406530362
rule 94 0
1 0 0 0 1 4 0 0 1 0 0 0 1 0 0 0 1 0 0 0 1 0 0 4 1 2 0 0 0 4 0 0 1 0 0 0 0 0.5923409552023883
0 0 0 0 0 0 2 0 0 0 0 2 0 0 4 0 0 3 0 0 0 0 0 0 0 0 0 0 0 0 2 0 0 1 0 0 1 0.8807554419531278
0 2 4 0 0 4 0 0 0 0 0 0 0 8 0 1 0 5 1 7 0 8 0 2 2 0 2 0 0 0 0 7 2 2 0 0 2 0.32846243413253595
1 0 0 0 0 4 0 0 0 0 1 0 0 4 1 0 0 12 0 11 0 0 0 1 0 1 0 1 0 0 1 0 0 0 0 0 5 0.6505981582130097
8 0 12 0 12 0 0 0 0 0 0 11 12 0 0 0 2 0 12 0 0 8 0 0 0 0 4 0 0 0 0 11 0 8 7 0 3 0.3281869567072475
1 0 0 0 0 4 0 0 4 0 1 0 0 0 1 0 0 12 0 11 0 0 0 1 0 1 0 1 0 0 1 0 0 0 0 0 5 0.682243266061803
0 0 0 0 0 0 0 0 0 0 0 0 0 0 0 0 0 11 0 0 0 0 4 0 0 0 4 0 7 0 0 0 0 1 0 4 4 0.19352973322513756
rule 95 0
1 0 0 0 1 4 0 0 1 0 0 0 1 0 0 0 1 0 0 0 1 0 0 4 1 2 0 0 0 4 0 0 1 0 0 0 0 0.5923409552023883
1 0 0 0 0 4 0 0 0 0 1 0 0 4 1 0 0 12 0 11 0 0 0 1 0 1 0 1 0 0 1 0 0 0 0 0 5 0.6505981582130097
rule 96 0
1 0 0 0 1 4 0 0 1 0 0 0 1 0 0 0 1 0 0 0 1 0 0 4 1 2 0 0 0 4 0 0 1 0 0 0 0 0.5923409552023883
0 2 4 0 0 4 0 0 0 0 0 0 0 8 0 1 0 5 1 7 0 8 0 2 2 0 2 0 0 0 0 7 2 2 0 0 2 0.32846243413253595
1 0 0 0 0 4 0 0 0 0 1 0 0 4 1 0 0 12 0 11 0 0 0 1 0 1 0 1 0 0 1 0 0 0 0 0 5 0.6505981582130097
rule 97 0
1 0 0 0 0 4 0 0 0 0 1 0 0 4 1 0 0 12 0 11 0 0 0 1 0 1 0 1 0 0 1 0 0 0 0 0 5 0.6505981582130097
0 2 4 0 0 4 0 0 0 0 0 0 0 8 0 1 0 5 1 7 0 8 0 2 2 0 2 0 0 0 0 7 2 2 0 0 2 0.32846243413253595
0 0 0 0 0 0 2 0 0 0 0 2 0 0 4 0 0 3 0 0 0 0 0 0 0 0 0 0 0 0 2 0 0 1 0 0 1 0.8807554419531278
1 0 0 0 1 4 0 0 1 0 0 0 1 0 0 0 1 0 0 0 1 0 0 4 1 2 0 0 0 4 0 0 1 0 0 0 0 0.5923409552023883
rule 98 0
0 0 0 0 0 0 0 0 0 0 0 0 0 0 0 0 0 11 0 0 0 0 4 0 0 0 4 0 7 0 0 0 0 1 0 4 4 0.19352973322513756
1 0 0 0 0 4 0 0 0 0 1 0 0 4 1 0 0 12 0 11 0 0 0 1 0 1 0 1 0 0 1 0 0 0 0 0 5 0.6505981582130097
0 2 4 0 0 4 0 0 0 0 0 0 0 8 0 1 0 5 1 7 0 8 0 2 2 0 2 0 0 0 0 7 2 2 0 0 2 0.32846243413253595
1 0 0 0 1 4 0 0 1 0 0 0 1 0 0 0 1 0 0 0 1 0 0 4 1 2 0 0 0 4 0 0 1 0 0 0 0 0.5923409552023883
0 0 0 0 0 0 2 0 0 0 0 2 0 0 4 0 0 3 0 0 0 0 0 0 0 0 0 0 0 0 2 0 0 1 0 0 1 0.8807554419531278
rule 99 0
8 0 12 0 12 0 0 0 0 0 0 11 12 0 0 0 2 0 12 0 0 8 0 0 0 0 4 0 0 0 0 11 0 8 7 0 3 0.3281869567072475
0 0 0 0 0 0 0 0 0 0 0 0 0 0 0 0 0 11 0 0 0 0 4 0 0 0 4 0 7 0 0 0 0 1 0 4 4 0.19352973322513756
0 0 0 0 0 0 2 0 0 0 0 2 0 0 4 0 0 3 0 0 0 0 0 0 0 0 0 0 0 0 2 0 0 1 0 0 1 0.8807554419531278
0 2 4 0 0 4 0 0 0 0 0 0 0 8 0 1 0 5 1 7 0 8 0 2 2 0 2 0 0 0 0 7 2 2 0 0 2 0.32846243413253595
1 0 0 0 1 4 0 0 1 0 0 0 1 0 0 0 1 0 0 0 1 0 0 4 1 2 0 0 0 4 0 0 1 0 0 0 0 0.5923409552023883
1 0 0 0 0 4 0 0 0 0 1 0 0 4 1 0 0 12 0 11 0 0 0 1 0 1 0 1 0 0 1 0 0 0 0 0 5 0.6505981582130097
rule 100 0
1 0 0 0 1 4 0 0 1 0 0 0 1 0 0 0 1 0 0 0 1 0 0 4 1 2 0 0 0 4 1 0 1 0 0 0 0 0.6040354406530362
rule 101 0
1 0 0 0 1 4 0 0 1 0 0 0 1 0 0 0 1 0 0 0 1 0 0 4 1 2 0 0 0 4 0 0 1 0 0 0 0 0.5923409552023883
1 0 0 0 0 4 0 0 0 0 1 0 0 4 1 0 0 12 0 11 0 0 0 1 0 1 0 1 0 0 1 0 0 0 0 0 5 0.6505981582130097
rule 102 0
0 2 4 0 0 4 0 0 0 0 0 0 0 8 0 1 0 5 1 7 0 8 0 2 2 0 2 0 0 0 0 7 2 2 0 0 2 0.32846243413253595
1 0 0 0 1 4 0 0 1 0 0 0 1 0 0 0 1 0 0 0 1 0 0 4 1 2 0 0 0 4 0 0 1 0 0 0 0 0.5923409552023883
1 0 0 0 0 4 0 0 0 0 1 0 0 4 1 0 0 12 0 11 0 0 0 1 0 1 0 1 0 0 1 0 0 0 0 0 5 0.6505981582130097
rule 103 0
1 0 0 0 0 4 0 0 0 0 1 0 0 4 1 0 0 12 0 11 0 0 0 1 0 1 0 1 0 0 1 0 0 0 0 0 5 0.6505981582130097
0 2 4 0 0 4 0 0 0 0 0 0 0 8 0 1 0 5 1 7 0 8 0 2 2 0 2 0 0 0 0 7 2 2 0 0 2 0.32846243413253595
0 0 0 0 0 0 2 0 0 0 0 2 0 0 4 0 0 3 0 0 0 0 0 0 0 0 0 0 0 0 2 0 0 1 0 0 1 0.8807554419531278
1 0 0 0 1 4 0 0 1 0 0 0 1 0 0 0 1 0 0 0 1 0 0 4 1 2 0 0 0 4 0 0 1 0 0 0 0 0.5923409552023883
rule 104 0
1 0 0 0 0 4 0 0 0 0 1 0 0 4 1 0 0 12 0 11 0 0 0 1 0 1 0 1 0 0 1 0 0 0 0 0 5 0.6505981582130097
0 0 0 0 0 0 2 0 0 0 0 2 0 0 4 0 0 3 0 0 0 0 0 0 0 0 0 0 0 0 2 0 0 1 0 0 1 0.8807554419531278
0 2 4 0 0 4 0 0 0 0 0 0 0 8 0 1 0 5 1 7 0 8 0 2 2 0 2 0 0 0 0 7 2 2 0 0 2 0.32846243413253595
0 0 0 0 0 0 0 0 0 0 0 0 0 0 0 0 0 11 0 0 0 0 4 0 0 0 4 0 7 0 0 0 0 1 0 4 4 0.19352973322513756
1 0 0 0 1 4 0 0 1 0 0 0 1 0 0 0 1 0 0 0 1 0 0 4 1 2 0 0 0 4 0 0 1 0 0 0 0 0.5923409552023883
rule 105 0
8 0 12 0 12 0 0 0 0 0 0 11 12 0 0 0 2 0 12 0 0 8 0 0 0 0 4 0 0 0 0 11 0 8 7 0 3 0.3281869567072475
1 0 0 0 0 4 0 0 0 0 1 0 0 4 1 0 0 12 0 11 0 0 0 1 0 1 0 1 0 0 1 0 0 0 0 0 5 0.6505981582130097
1 0 0 0 1 4 0 0 1 0 0 0 1 0 0 0 1 0 0 0 1 0 0 4 1 2 0 0 0 4 0 0 1 0 0 0 0 0.5923409552023883
0 0 0 0 0 0 0 0 0 0 0 0 0 0 0 0 0 11 0 0 0 0 4 0 0 0 4 0 7 0 0 0 0 1 0 4 4 0.19352973322513756
0 0 0 0 0 0 2 0 0 0 0 2 0 0 4 0 0 3 0 0 0 0 0 0 0 0 0 0 0 0 2 0 0 1 0 0 1 0.8807554419531278
0 2 4 0 0 4 0 0 0 0 0 0 0 8 0 1 0 5 1 7 0 8 0 2 2 0 2 0 0 0 0 7 2 2 0 0 2 0.32846243413253595
rule 106 0
1 0 0 0 1 4 0 0 1 0 0 0 1 0 0 0 1 0 0 0 1 0 0 4 1 2 0 0 0 4 1 0 1 0 0 0 0 0.6040354406530362
rule 107 0
1 0 0 0 1 4 0 0 1 0 0 0 1 0 0 0 1 0 0 0 1 0 0 4 1 2 0 0 0 4 0 0 1 0 0 0 0 0.5923409552023883
1 0 0 0 0 4 0 0 0 0 1 0 0 4 1 0 0 12 0 11 0 0 0 1 0 1 0 1 0 0 1 0 0 0 0 0 5 0.6505981582130097
rule 108 0
1 0 0 0 1 4 0 0 1 0 0 0 1 0 0 0 1 0 0 0 1 0 0 4 1 2 0 0 0 4 0 0 1 0 0 0 0 0.5923409552023883
0 2 4 0 0 4 0 0 0 0 0 0 0 8 0 1 0 5 1 7 0 8 0 2 2 0 2 0 0 0 0 7 2 2 0 0 2 0.32846243413253595
1 0 0 0 0 4 0 0 0 0 1 0 0 4 1 0 0 12 0 11 0 0 0 1 0 1 0 1 0 0 1 0 0 0 0 0 5 0.6505981582130097
rule 109 0
1 0 0 0 0 4 0 0 0 0 1 0 0 4 1 0 0 12 0 11 0 0 0 1 0 1 0 1 0 0 1 0 0 0 0 0 5 0.6505981582130097
0 2 4 0 0 4 0 0 0 0 0 0 0 8 0 1 0 5 1 7 0 8 0 2 2 0 2 0 0 0 0 7 2 2 0 0 2 0.32846243413253595
0 0 0 0 0 0 2 0 0 0 0 2 0 0 4 0 0 3 0 0 0 0 0 0 0 0 0 0 0 0 2 0 0 1 0 0 1 0.8807554419531278
1 0 0 0 1 4 0 0 1 0 0 0 1 0 0 0 1 0 0 0 1 0 0 4 1 2 0 0 0 4 0 0 1 0 0 0 0 0.5923409552023883
rule 110 0
1 0 0 0 1 4 0 0 1 0 4 0 1 0 0 0 1 0 0 0 1 0 0 0 1 2 0 0 0 4 0 0 1 0 0 4 0 0.7265182721968619
1 0 0 0 0 4 0 0 4 0 1 0 0 0 1 0 0 12 0 11 0 0 0 1 0 1 0 1 0 0 1 0 0 0 0 0 5 0.682243266061803
0 2 4 0 0 4 0 0 0 0 0 0 0 8 0 1 0 5 1 7 0 8 0 2 2 0 2 0 0 0 0 7 2 2 0 0 2 0.32846243413253595
0 0 0 0 0 0 2 0 0 0 0 2 0 0 4 0 0 3 0 0 0 0 0 0 0 0 0 0 0 0 2 0 0 1 0 0 1 0.8807554419531278
0 0 0 0 0 0 0 0 0 0 0 0 0 0 0 0 0 11 0 0 0 0 4 0 0 0 4 0 7 0 0 0 0 1 0 4 4 0.19352973322513756
rule 111 0
8 0 12 0 12 0 0 0 0 0 0 11 12 0 0 0 2 0 12 0 0 8 0 0 0 0 4 0 0 0 0 11 0 8 7 0 3 0.3281869567072475
0 0 0 0 0 0 0 0 0 0 0 0 0 0 0 0 0 11 0 0 0 0 4 0 0 0 4 0 7 0 0 0 0 1 0 4 4 0.19352973322513756
0 0 0 0 0 0 2 0 0 0 0 2 0 0 4 0 0 3 0 0 0 0 0 0 0 0 0 0 0 0 2 0 0 1 0 0 1 0.8807554419531278
0 2 4 0 0 4 0 0 0 0 0 0 0 8 0 1 0 5 1 7 0 8 0 2 2 0 2 0 0 0 0 7 2 2 0 0 2 0.32846243413253595
1 0 0 0 1 4 0 0 1 0 0 0 1 0 0 0 1 0 0 0 1 0 0 4 1 2 0 0 0 4 0 0 1 0 0 0 0 0.5923409552023883
1 0 0 0 0 4 0 0 0 0 1 0 0 4 1 0 0 12 0 11 0 0 0 1 0 1 0 1 0 0 1 0 0 0 0 0 5 0.6505981582130097
rule 112 0
1 0 0 0 1 2 0 0 1 0 0 0 1 0 0 0 1 0 0 0 1 0 0 4 1 2 0 0 0 4 0 0 1 0 0 0 0 0.7133015786246092
rule 113 0
1 0 0 0 1 4 0 0 1 0 0 0 1 0 0 0 1 0 0 0 1 0 0 4 1 2 0 0 0 4 0 0 1 0 0 0 0 0.5923409552023883
1 0 0 0 0 4 0 0 0 0 1 0 0 4 1 0 0 12 0 11 0 0 0 1 0 1 0 1 0 0 1 0 0 0 0 0 5 0.6505981582130097
rule 114 0
1 0 0 0 0 4 0 0 0 0 1 0 0 4 1 0 0 12 0 11 0 0 0 1 0 1 0 1 0 0 1 0 0 0 0 0 5 0.6505981582130097
0 2 4 0 0 4 0 0 0 0 0 0 0 8 0 1 0 5 1 7 0 8 0 2 2 0 2 0 0 0 0 7 2 2 0 0 2 0.32846243413253595
1 0 0 0 1 4 0 0 1 0 0 0 1 0 0 0 1 0 0 0 1 0 0 4 1 2 0 0 0 4 0 0 1 0 0 0 0 0.5923409552023883
rule 115 0
1 0 0 0 1 4 0 0 1 0 0 0 1 0 0 0 1 0 0 0 1 0 0 4 1 2 0 0 0 4 0 0 1 0 0 0 0 0.5923409552023883
1 0 0 0 0 4 0 0 0 0 1 0 0 4 1 0 0 12 0 11 0 0 0 1 0 1 0 1 0 0 1 0 0 0 0 0 5 0.6505981582130097
0 0 0 0 0 0 2 0 0 0 0 2 0 0 4 0 0 3 0 0 0 0 0 0 0 0 0 0 0 0 2 0 0 1 0 0 1 0.8807554419531278
0 2 4 0 0 4 0 0 0 0 0 0 0 8 0 1 0 5 1 7 0 8 0 2 2 0 2 0 0 0 0 7 2 2 0 0 2 0.32846243413253595
rule 116 0
1 0 0 0 1 4 0 0 1 0 4 0 1 0 0 0 1 0 0 0 1 0 0 0 1 2 0 0 0 4 0 0 1 0 0 4 0 0.7265182721968619
1 0 0 0 0 4 0 0 4 0 1 0 0 0 1 0 0 12 0 11 0 0 0 1 0 1 0 1 0 0 1 0 0 0 0 0 5 0.682243266061803
0 2 4 0 0 4 0 0 0 0 0 0 0 8 0 1 0 5 1 7 0 8 0 2 2 0 2 0 0 0 0 7 2 2 0 0 2 0.32846243413253595
0 0 0 0 0 0 2 0 0 0 0 2 0 0 4 0 0 3 0 0 0 0 0 0 0 0 0 0 0 0 2 0 0 1 0 0 1 0.8807554419531278
0 0 0 0 0 0 0 0 0 0 0 0 0 0 0 0 0 11 0 0 0 0 4 0 0 0 4 0 7 0 0 0 0 1 0 4 4 0.19352973322513756
rule 117 0
8 0 12 0 12 0 0 0 0 0 0 11 12 0 0 0 2 0 12 0 0 8 0 0 0 0 4 0 0 0 0 11 0 8 7 0 3 0.3281869567072475
0 0 0 0 0 0 0 0 0 0 0 0 0 0 0 0 0 11 0 0 0 0 4 0 0 0 4 0 7 0 0 0 0 1 0 4 4 0.19352973322513756
0 0 0 0 0 0 2 0 0 0 0 2 0 0 4 0 0 3 0 0 0 0 0 0 0 0 0 0 0 0 2 0 0 1 0 0 1 0.8807554419531278
0 2 4 0 0 4 0 0 0 0 0 0 0 8 0 1 0 5 1 7 0 8 0 2 2 0 2 0 0 0 0 7 2 2 0 0 2 0.32846243413253595
1 0 0 0 1 4 0 0 1 0 0 0 1 0 0 0 1 0 0 0 1 0 0 4 1 2 0 0 0 4 0 0 1 0 0 0 0 0.5923409552023883
1 0 0 0 0 4 0 0 0 0 1 0 0 4 1 0 0 12 0 11 0 0 0 1 0 1 0 1 0 0 1 0 0 0 0 0 5 0.6505981582130097
rule 118 0
1 0 0 0 1 4 2 0 1 0 0 0 1 0 0 0 1 0 0 0 1 0 0 4 1 2 0 0 0 4 0 0 1 0 0 0 0 0.7531803986853538
rule 119 0
1 0 0 0 1 4 0 0 1 0 0 0 1 0 0 0 1 0 0 0 1 0 0 4 1 2 0 0 0 4 0 0 1 0 0 0 0 0.5923409552023883
1 0 0 0 0 4 0 0 0 0 1 0 0 4 1 0 0 12 0 11 0 0 0 1 0 1 0 1 0 0 1 0 0 0 0 0 5 0.6505981582130097
rule 120 0
0 0 0 0 1 0 0 2 0 0 0 0 0 0 0 4 0 0 0 12 0 0 0 0 0 0 0 0 1 0 1 0 0 0 0 0 0 0.21905084242935602
rule 121 0
0 2 4 0 0 4 0 0 0 0 0 0 0 8 0 1 0 5 1 7 0 8 0 2 2 0 2 0 0 0 0 7 2 2 0 0 2 0.32846243413253595
1 0 0 0 1 4 0 0 1 0 0 4 1 0 0 0 0 0 0 0 1 0 0 0 1 2 0 0 0 4 0 0 1 0 0 4 0 0.5993942383358621
1 0 0 0 0 4 0 0 4 0 1 0 0 0 1 0 0 12 0 11 0 0 0 1 0 1 0 1 0 0 1 0 0 0 0 0 5 0.682243266061803
1 0 0 0 0 4 0 0 0 0 1 0 0 4 1 0 0 12 0 11 0 0 0 1 0 1 0 1 0 0 1 0 0 0 0 0 5 0.6505981582130097
0 0 0 0 0 0 2 0 0 0 0 2 0 0 4 0 0 3 0 0 0 0 0 0 0 0 0 0 0 0 2 0 0 1 0 0 1 0.8807554419531278
0 0 0 0 0 0 0 0 0 0 0 0 0 0 0 0 0 11 0 0 0 0 4 0 0 0 4 0 7 0 0 0 0 1 0 4 4 0.19352973322513756
8 0 12 0 12 0 0 0 0 0 0 11 12 0 0 0 2 0 12 0 0 8 0 0 0 0 4 0 0 0 0 11 0 8 7 0 3 0.3281869567072475
1 0 0 0 1 4 0 0 1 0 0 0 1 0 0 0 1 0 0 0 1 0 0 0 1 2 0 0 0 4 0 0 1 0 0 4 0 0.6570540398442886
0 0 0 0 0 0 0 0 0 0 0 0 0 0 0 0 0 11 0 0 0 3 4 0 0 0 4 0 7 0 0 0 0 1 0 4 4 0.13098686883468147
rule 122 0
1 0 0 0 1 4 0 0 1 0 0 0 1 4 0 0 1 0 0 0 1 0 0 0 1 2 0 0 0 4 0 0 1 0 0 4 0 0.5601234180580577
1 0 0 0 0 4 4 0 0 0 1 0 0 4 1 0 0 12 0 11 0 0 0 1 0 1 0 1 0 0 1 0 0 0 0 0 5 0.5463909913794263
rule 123 0
1 0 0 0 1 4 0 0 1 0 0 0 1 0 0 0 1 0 0 0 1 0 0 0 1 2 0 0 0 4 0 0 1 0 0 4 0 0.5868340237415707
1 0 0 0 0 4 0 0 0 0 1 0 0 4 1 0 0 12 0 11 0 0 0 1 0 1 0 1 0 0 1 0 0 0 0 0 5 0.5569122907064468
rule 124 0
1 0 0 0 0 4 0 0 4 0 1 0 0 0 1 0 0 12 0 11 0 0 0 1 0 1 0 1 0 4 1 0 0 0 0 0 5 0.7118017141042947
1 0 0 0 1 4 0 0 1 0 0 0 1 0 0 0 1 0 0 0 1 0 0 0 1 2 0 0 0 4 0 0 1 0 0 4 0 0.5868340237415707
0 2 4 0 0 4 0 0 0 0 0 0 0 8 0 1 0 5 1 7 0 8 0 2 2 0 2 0 0 0 0 7 2 2 0 0 2 0.32846243413253595
rule 125 0
0 0 0 0 0 0 0 0 0 0 0 0 0 0 0 0 0 11 0 0 0 0 4 0 0 0 4 0 7 0 0 0 0 1 0 4 4 0.19352973322513756
0 2 4 0 0 4 0 0 0 0 0 0 0 8 0 1 0 5 1 7 0 8 0 2 2 0 2 0 0 0 0 7 2 2 0 0 2 0.32846243413253595
8 0 12 0 12 0 0 0 0 0 0 11 12 0 0 0 2 0 12 0 0 8 0 0 0 0 4 0 0 0 0 11 0 8 7 0 3 0.3281869567072475
0 0 0 0 0 0 2 0 0 0 0 2 0 0 4 0 0 3 0 0 0 0 0 0 0 0 0 0 0 0 2 0 0 1 0 0 1 0.8807554419531278
1 0 0 0 0 4 0 0 0 0 1 0 0 4 1 0 0 12 0 11 0 0 0 1 0 1 0 1 0 0 1 0 0 0 0 0 5 0.5569122907064468
1 0 0 0 1 4 0 0 1 0 0 0 1 0 0 0 1 0 0 0 1 0 0 0 1 2 0 0 0 4 0 0 1 0 0 4 0 0.5868340237415707
rule 126 0
0 2 4 0 0 4 0 0 0 0 0 0 0 8 0 1 0 5 1 7 0 8 0 2 2 0 2 0 0 0 0 7 2 2 0 0 2 0.32846243413253595
1 0 0 0 0 4 0 0 4 0 1 0 0 0 1 0 0 12 0 11 0 0 0 1 0 1 0 1 0 4 1 0 0 0 0 0 5 0.7118017141042947
1 0 0 0 1 4 0 0 1 0 0 0 1 0 0 0 1 0 0 0 1 0 0 0 1 2 0 0 0 4 0 0 1 0 0 4 0 0.5868340237415707
rule 127 0
1 0 0 0 0 4 0 0 4 0 1 0 0 0 1 0 0 12 0 11 0 0 0 1 0 1 0 2 0 0 1 0 0 0 0 0 5 0.5291398207234719
1 0 0 0 1 4 0 0 1 0 0 0 1 0 0 0 1 0 0 0 1 0 0 0 1 2 0 0 0 4 0 0 1 0 0 4 0 0.5868340237415707
0 2 4 0 0 4 0 0 0 0 0 0 0 8 0 1 0 5 1 7 0 8 0 2 2 0 2 0 0 0 0 7 2 2 0 0 2 0.32846243413253595
0 0 0 0 0 0 2 0 0 0 0 2 0 0 4 0 0 3 0 0 0 0 0 0 0 0 0 0 0 0 2 0 0 1 0 0 1 0.8807554419531278
rule 128 0
1 0 0 0 0 4 0 0 4 0 1 0 0 0 1 0 0 12 0 11 0 0 0 1 0 1 0 2 0 0 1 0 0 0 0 0 5 0.5291398207234719
1 0 0 0 1 4 0 0 1 0 0 0 1 0 0 0 1 0 0 0 1 0 0 0 1 2 0 0 0 4 0 0 1 0 0 4 0 0.5868340237415707
0 2 4 0 0 4 0 0 0 0 0 0 0 8 0 1 0 5 1 7 0 8 0 2 2 0 2 0 0 0 0 7 2 2 0 0 2 0.32846243413253595
0 0 0 0 0 0 2 0 0 0 0 2 0 0 4 0 0 3 0 0 0 0 0 0 0 0 0 0 0 0 2 0 0 1 0 0 1 0.8807554419531278
rule 129 0
1 0 0 0 0 4 0 0 4 0 1 0 0 0 1 0 0 12 0 11 0 0 0 1 0 1 0 1 0 0 1 0 0 0 0 0 5 0.682243266061803
0 2 4 0 0 4 0 0 0 0 0 0 0 8 0 1 0 5 1 7 0 8 0 2 2 0 2 0 0 0 0 7 2 2 0 0 2 0.32846243413253595
0 0 0 0 0 0 0 0 0 0 0 0 0 0 0 0 0 11 0 0 0 0 4 0 0 0 4 0 7 0 0 0 0 1 0 4 4 0.19352973322513756
1 0 0 0 1 4 0 0 1 0 0 0 1 0 0 0 1 0 0 0 1 0 0 0 1 2 0 0 0 4 0 0 1 0 0 4 0 0.5868340237415707
0 0 0 0 0 0 2 0 0 0 0 2 0 0 4 0 0 3 0 0 0 0 0 0 0 0 0 0 0 0 2 0 0 1 0 0 1 0.8807554419531278
rule 130 0
1 0 0 0 0 4 0 0 0 0 1 0 0 12 1 0 0 12 0 11 0 0 0 1 0 1 0 1 0 0 1 0 0 0 0 0 5 0.6282690905981778
1 0 0 0 1 4 0 0 1 0 0 0 1 0 0 0 1 0 0 0 1 0 0 0 1 2 0 0 0 4 0 0 1 0 0 4 0 0.5868340237415707
0 2 4 0 0 4 0 0 0 0 0 0 0 8 0 1 0 5 1 7 0 8 0 2 2 0 2 0 0 0 0 7 2 2 0 0 2 0.32846243413253595
0 0 0 0 0 0 2 0 0 0 0 2 0 0 4 0 0 3 0 0 0 0 0 0 0 0 0 0 0 0 2 0 0 1 0 0 1 0.8807554419531278
0 0 0 0 0 0 0 0 0 0 0 0 0 0 0 0 0 11 0 0 0 0 4 0 0 0 4 0 7 0 0 0 0 1 0 4 4 0.19352973322513756
rule 131 0
0 0 0 0 0 0 0 0 0 0 0 0 0 0 0 0 0 11 0 0 0 0 4 0 0 0 4 0 7 0 0 0 0 1 0 4 4 0.19352973322513756
0 2 4 0 0 4 0 0 0 0 0 0 0 8 0 1 0 5 1 7 0 8 0 2 2 0 2 0 0 0 0 7 2 2 0 0 2 0.32846243413253595
8 0 12 0 12 0 0 0 0 0 0 11 12 0 0 0 2 0 12 0 0 8 0 0 0 0 4 0 0 0 0 11 0 8 7 0 3 0.3281869567072475
0 0 0 0 0 0 2 0 0 0 0 2 0 0 4 0 0 3 0 0 0 0 0 0 0 0 0 0 0 0 2 0 0 1 0 0 1 0.8807554419531278
1 0 0 0 0 4 0 0 0 0 1 0 0 4 1 0 0 12 0 11 0 0 0 1 0 1 0 1 0 0 1 0 0 0 0 0 5 0.5569122907064468
1 0 0 0 1 4 0 0 1 0 0 0 1 0 0 0 1 0 0 0 1 0 0 0 1 2 0 0 0 4 0 0 1 0 0 4 0 0.5868340237415707
rule 132 0
1 0 0 12 1 4 0 0 1 0 0 0 1 0 0 0 1 0 0 0 1 0 0 0 1 2 0 0 0 4 0 0 1 0 0 4 0 0.7728754047192448
rule 133 0
1 0 0 0 1 4 0 0 1 0 0 0 1 0 0 0 1 0 0 7 1 0 0 0 1 2 0 0 0 4 0 0 1 0 0 4 0 0.528675119045715
1 0 0 0 0 4 0 0 4 0 1 0 0 0 1 0 0 12 0 11 0 0 0 1 0 1 0 1 0 4 1 0 0 0 0 0 5 0.7118017141042947
rule 134 0
1 0 0 0 0 4 0 0 4 0 1 0 0 0 1 0 0 12 0 11 0 0 0 1 0 1 0 1 0 4 1 0 0 0 0 0 5 0.7118017141042947
1 0 0 0 1 4 0 0 1 0 0 0 1 0 0 0 1 0 0 0 1 0 0 0 1 2 0 0 0 4 0 0 1 0 0 4 0 0.5868340237415707
0 2 4 0 0 4 0 0 0 0 0 0 0 8 0 1 0 5 1 7 0 8 0 2 2 0 2 0 0 0 0 7 2 2 0 0 2 0.32846243413253595
rule 135 0
1 0 0 0 0 4 0 0 4 0 1 0 0 0 1 0 0 12 0 11 0 0 0 1 0 1 0 2 0 0 1 0 0 0 0 0 5 0.5291398207234719
1 0 0 0 1 4 0 0 1 0 0 0 1 0 0 0 1 0 0 0 1 0 0 0 1 2 0 0 0 4 0 0 1 0 0 4 0 0.5868340237415707
0 2 4 0 0 4 0 0 0 0 0 0 0 8 0 1 0 5 1 7 0 8 0 2 2 0 2 0 0 0 0 7 2 2 0 0 2 0.32846243413253595
0 0 0 0 0 0 2 0 0 0 0 2 0 0 4 0 0 3 0 0 0 0 0 0 0 0 0 0 0 0 2 0 0 1 0 0 1 0.8807554419531278
rule 136 0
0 0 0 0 0 0 0 0 0 0 0 0 0 0 0 0 0 11 0 0 0 0 4 0 0 0 4 0 7 0 0 0 0 1 0 4 4 0.19352973322513756
0 2 4 0 0 4 0 0 0 0 0 0 0 8 0 1 0 5 1 7 0 8 0 2 2 0 2 0 0 0 0 7 2 2 0 0 2 0.32846243413253595
0 0 0 0 0 0 2 0 0 0 0 2 0 0 4 0 0 3 0 0 0 0 0 0 0 0 0 0 0 0 2 0 0 1 0 0 1 0.8807554419531278
1 0 0 0 0 4 0 0 4 0 1 0 0 0 1 0 0 12 0 11 0 0 0 1 0 1 0 1 0 0 1 0 0 0 0 0 5 0.682243266061803
1 0 0 0 1 4 0 0 1 0 0 0 1 0 0 0 1 0 0 0 1 0 0 0 1 2 0 0 0 4 0 0 1 0 0 4 0 0.5868340237415707
rule 137 0
0 0 0 0 0 0 0 0 0 0 0 0 0 0 0 0 0 11 0 0 0 0 4 0 0 0 4 0 7 0 0 0 0 1 0 4 4 0.19352973322513756
0 2 4 0 0 4 0 0 0 0 0 0 0 8 0 1 0 5 1 7 0 8 0 2 2 0 2 0 0 0 0 7 2 2 0 0 2 0.32846243413253595
8 0 12 0 12 0 0 0 0 0 0 11 12 0 0 0 2 0 12 0 0 8 0 0 0 0 4 0 0 0 0 11 0 8 7 0 3 0.3281869567072475
0 0 0 0 0 0 2 0 0 0 0 2 0 0 4 0 0 3 0 0 0 0 0 0 0 0 0 0 0 0 2 0 0 1 0 0 1 0.8807554419531278
1 0 0 0 0 4 0 0 0 0 1 0 0 4 1 0 0 12 0 11 0 0 0 1 0 1 0 1 0 0 1 0 0 0 0 0 5 0.5569122907064468
1 0 0 0 1 4 0 0 1 0 0 0 1 0 0 0 1 0 0 0 1 0 0 0 1 2 0 0 0 4 0 0 1 0 0 4 0 0.5868340237415707
rule 138 0
1 0 0 12 1 4 0 0 1 0 0 0 1 0 0 0 1 0 0 0 1 0 0 0 1 2 0 0 0 4 0 0 1 0 0 4 0 0.7728754047192448
rule 139 0
1 0 0 0 1 4 0 0 1 0 0 0 1 0 0 0 1 0 0 0 1 0 0 0 1 2 0 0 0 4 0 0 1 0 0 4 0 0.5868340237415707
1 0 0 0 0 4 0 0 0 0 1 0 0 4 1 0 0 12 0 11 0 0 0 1 0 1 0 1 0 0 1 0 0 0 0 0 5 0.5569122907064468
rule 140 0
1 0 0 0 0 4 0 0 4 0 1 0 0 0 1 0 0 12 0 11 0 0 0 1 0 1 0 1 0 4 1 0 0 0 0 0 5 0.7118017141042947
1 0 0 0 1 4 0 0 1 0 0 0 1 0 0 0 1 0 0 0 1 0 0 0 1 2 0 0 0 4 0 0 1 0 0 4 0 0.5868340237415707
0 2 4 0 0 4 0 0 0 0 0 0 0 8 0 1 0 5 1 7 0 8 0 2 2 0 2 0 0 0 0 7 2 2 0 0 2 0.32846243413253595
rule 141 0
1 0 0 0 0 4 0 0 4 0 1 0 0 0 1 0 0 12 0 11 0 0 0 1 0 1 0 2 0 0 1 0 0 0 0 0 5 0.5291398207234719
1 0 0 0 1 4 0 0 1 0 0 0 1 0 0 0 1 0 0 0 1 0 0 0 1 2 0 0 0 4 0 0 1 0 0 4 0 0.5868340237415707
0 2 4 0 0 4 0 0 0 0 0 0 0 8 0 1 0 5 1 7 0 8 0 2 2 0 2 0 0 0 0 7 2 2 0 0 2 0.32846243413253595
0 0 0 0 0 0 2 0 0 0 0 2 0 0 4 0 0 3 0 0 0 0 0 0 0 0 0 0 0 0 2 0 0 1 0 0 1 0.8807554419531278
rule 142 0
0 0 0 0 0 0 0 0 0 0 0 0 0 0 0 0 0 11 0 0 0 0 4 0 0 0 4 0 7 0 0 0 0 1 0 4 4 0.19352973322513756
0 2 4 0 0 4 0 0 0 0 0 0 0 8 0 1 0 5 1 7 0 8 0 2 2 0 2 0 0 0 0 7 2 2 0 0 2 0.32846243413253595
0 0 0 0 0 0 2 0 0 0 0 2 0 0 4 0 0 3 0 0 0 0 0 0 0 0 0 0 0 0 2 0 0 1 0 0 1 0.8807554419531278
1 0 0 0 0 4 0 0 4 0 1 0 0 0 1 0 0 12 0 11 0 0 0 1 0 1 0 1 0 0 1 0 0 0 0 0 5 0.682243266061803
1 0 0 0 1 4 0 0 1 0 0 0 1 0 0 0 1 0 0 0 1 0 0 0 1 2 0 0 0 4 0 0 1 0 0 4 0 0.5868340237415707
rule 143 0
1 0 0 12 1 4 0 0 1 0 0 0 1 0 0 0 1 0 0 0 1 0 0 0 1 2 0 0 0 4 0 0 1 0 0 4 0 0.7728754047192448
rule 144 0
1 0 0 0 1 4 0 0 1 0 0 0 1 0 0 0 1 0 0 0 1 0 0 0 1 2 0 0 0 4 0 0 1 0 0 4 0 0.5868340237415707
1 0 0 0 0 4 0 0 0 0 1 0 0 4 1 0 0 12 0 11 0 0 0 1 0 1 0 1 0 0 1 0 0 0 0 0 5 0.5569122907064468
rule 145 0
0 2 4 0 0 4 0 0 0 0 0 0 0 8 0 1 0 5 1 7 0 8 0 2 2 0 2 0 0 0 0 7 2 2 0 0 2 0.32846243413253595
1 0 0 0 0 4 0 0 4 0 1 0 0 0 1 0 0 12 0 11 0 0 0 1 0 1 0 1 0 4 1 0 0 0 0 0 5 0.7118017141042947
1 0 0 0 1 4 0 0 1 0 0 0 1 0 0 0 1 0 0 0 1 0 0 0 1 2 0 0 0 4 0 0 1 0 0 4 0 0.5868340237415707
rule 146 0
1 0 0 0 1 4 0 0 1 0 0 0 1 0 0 0 1 0 0 0 1 0 0 0 1 2 0 0 0 4 0 0 1 0 0 4 0 0.5868340237415707
1 0 0 0 0 4 0 0 4 0 1 0 0 0 1 0 0 12 0 11 0 0 0 1 0 1 0 2 0 0 1 0 0 0 0 0 5 0.5291398207234719
0 0 0 0 0 0 2 0 0 0 0 2 0 0 4 0 0 3 0 0 0 0 0 0 0 0 0 0 0 0 2 0 0 1 0 0 1 0.8807554419531278
0 2 4 0 0 4 0 0 0 0 0 0 0 8 0 1 0 5 1 7 0 8 0 2 2 0 2 0 0 0 0 7 2 2 0 0 2 0.32846243413253595
rule 147 0
1 0 0 0 0 4 0 0 4 0 1 0 0 0 1 0 0 12 0 11 0 0 0 1 0 1 0 1 0 0 1 0 0 0 0 0 5 0.682243266061803
0 2 4 0 0 4 0 0 0 0 0 0 0 8 0 1 0 5 1 7 0 8 0 2 2 0 2 0 0 0 0 7 2 2 0 0 2 0.32846243413253595
0 0 0 0 0 0 0 0 0 0 0 0 0 0 0 0 0 11 0 0 0 0 4 0 0 0 4 0 7 0 0 0 0 1 0 4 4 0.19352973322513756
1 0 0 0 1 4 0 0 1 0 0 0 1 0 0 0 1 0 0 0 1 0 0 0 1 2 0 0 0 4 0 0 1 0 0 4 0 0.5868340237415707
0 0 0 0 0 0 2 0 0 0 0 2 0 0 4 0 0 3 0 0 0 0 0 0 0 0 0 0 0 0 2 0 0 1 0 0 1 0.8807554419531278
rule 148 0
1 0 0 0 1 4 0 0 1 0 0 0 1 0 0 0 1 0 0 7 1 0 0 0 1 2 0 0 0 4 0 0 1 0 0 4 0 0.528675119045715
rule 149 0
1 0 0 0 1 4 0 0 1 0 0 0 1 0 0 0 1 0 0 0 1 0 0 0 1 2 0 0 0 4 0 0 1 0 0 4 0 0.5868340237415707
1 0 0 0 0 4 0 0 0 0 1 0 0 4 1 0 0 12 0 11 0 0 0 1 0 1 0 1 0 0 1 0 0 0 0 0 5 0.5569122907064468
rule 150 0
1 0 0 0 1 4 0 0 1 0 0 0 1 0 0 0 1 0 0 0 1 0 0 0 1 2 0 0 0 4 0 0 1 0 0 4 0 0.5868340237415707
0 2 4 0 0 4 0 0 0 0 0 0 0 8 0 1 0 5 1 7 0 8 0 2 2 0 2 0 0 0 0 7 2 2 0 0 2 0.32846243413253595
1 0 0 0 0 4 0 0 4 0 1 0 0 0 1 0 0 12 0 11 0 0 0 1 0 1 0 2 0 0 1 0 0 0 0 0 5 0.5291398207234719
rule 151 0
1 0 0 0 0 4 0 0 4 0 1 0 0 0 1 0 0 12 0 11 0 0 0 1 0 1 0 2 0 0 1 0 0 0 0 0 5 0.5291398207234719
1 0 0 0 1 4 0 0 1 0 0 0 1 0 0 0 1 0 0 0 1 0 0 0 1 2 0 0 0 4 0 0 1 0 0 4 0 0.5868340237415707
0 2 4 0 0 4 0 0 0 0 0 0 0 8 0 1 0 5 1 7 0 8 0 2 2 0 2 0 0 0 0 7 2 2 0 0 2 0.32846243413253595
0 0 0 0 0 0 2 0 0 0 0 2 0 0 4 0 0 3 0 0 0 0 0 0 0 0 0 0 0 0 2 0 0 1 0 0 1 0.8807554419531278
rule 152 0
1 0 0 0 0 4 0 0 4 0 1 0 0 0 1 0 0 12 0 11 0 0 0 1 0 1 0 1 0 0 1 0 0 0 0 0 5 0.682243266061803
0 2 4 0 0 4 0 0 0 0 0 0 0 8 0 1 0 5 1 7 0 8 0 2 2 0 2 0 0 0 0 7 2 2 0 0 2 0.32846243413253595
0 0 0 0 0 0 0 0 0 0 0 0 0 0 0 0 0 11 0 0 0 0 4 0 0 0 4 0 7 0 0 0 0 1 0 4 4 0.19352973322513756
1 0 0 0 1 4 0 0 1 0 0 0 1 0 0 0 1 0 0 0 1 0 0 0 1 2 0 0 0 4 0 0 1 0 0 4 0 0.5868340237415707
0 0 0 0 0 0 2 0 0 0 0 2 0 0 4 0 0 3 0 0 0 0 0 0 0 0 0 0 0 0 2 0 0 1 0 0 1 0.8807554419531278
rule 153 0
1 0 0 0 1 4 0 12 1 0 0 0 1 4 0 0 1 0 0 0 1 0 0 0 1 2 0 0 0 4 0 0 1 0 0 4 0 0.7988749171819436
rule 154 0
1 0 0 0 1 4 0 0 1 0 0 0 1 0 0 0 1 0 0 0 1 0 0 0 1 2 0 0 0 4 0 0 1 0 0 4 0 0.5868340237415707
1 0 0 0 0 4 0 0 0 0 1 0 0 4 1 0 0 12 0 11 0 0 0 1 0 1 0 1 0 0 1 0 0 0 0 0 5 0.5569122907064468
rule 155 0
1 0 0 0 0 4 0 0 4 0 1 0 0 0 1 0 0 12 0 11 0 0 0 1 0 1 0 1 0 4 1 0 0 0 0 0 5 0.7118017141042947
1 0 0 0 1 4 0 0 1 0 0 0 1 0 0 0 1 0 0 0 1 0 0 0 1 2 0 0 0 4 0 0 1 0 0 4 0 0.5868340237415707
0 2 4 0 0 4 0 0 0 0 0 0 0 8 0 1 0 5 1 7 0 8 0 2 2 0 2 0 0 0 0 7 2 2 0 0 2 0.32846243413253595
rule 156 0
1 0 0 0 0 1 0 0 4 0 1 0 0 0 1 0 0 12 0 11 0 0 0 1 0 1 0 1 0 0 1 0 0 0 0 0 5 0.6474341501819592
1 0 0 0 1 4 0 0 1 0 0 0 1 0 0 0 1 0 0 0 1 0 0 0 1 2 0 0 0 4 0 0 1 0 0 4 0 0.5868340237415707
0 2 4 0 0 4 0 0 0 0 0 0 0 8 0 1 0 5 1 7 0 8 0 2 2 0 2 0 0 0 0 7 2 2 0 0 2 0.32846243413253595
0 0 0 0 0 0 2 0 0 0 0 2 0 0 4 0 0 3 0 0 0 0 0 0 0 0 0 0 0 0 2 0 0 1 0 0 1 0.8807554419531278
rule 157 0
1 0 0 0 0 4 0 0 4 0 1 0 0 0 1 0 0 12 0 11 0 0 0 1 0 1 0 1 0 0 1 0 0 0 0 0 5 0.682243266061803
0 2 4 0 0 4 0 0 0 0 0 0 0 8 0 1 0 5 1 7 0 8 0 2 2 0 2 0 0 0 0 7 2 2 0 0 2 0.32846243413253595
1 0 0 0 1 4 0 0 1 0 0 0 1 0 0 0 1 0 0 0 1 0 0 0 1 2 0 0 0 4 0 0 1 0 0 4 0 0.5868340237415707
0 0 0 0 0 0 2 0 0 0 0 2 0 0 4 0 0 3 0 0 0 0 0 0 0 0 0 0 0 0 2 0 0 1 0 0 1 0.8807554419531278
0 0 0 0 0 0 0 0 0 0 0 0 0 0 0 0 0 11 0 0 0 0 4 0 0 0 4 0 7 0 0 0 0 1 0 4 4 0.19352973322513756
rule 158 0
0 0 0 0 1 0 0 2 0 0 0 0 0 0 0 4 0 0 0 12 0 0 0 0 0 0 0 0 1 0 1 0 0 0 0 0 0 0.21905084242935602
rule 159 0
1 0 0 0 1 4 0 0 1 0 0 4 1 0 0 0 1 0 0 0 1 0 0 0 1 2 0 0 0 4 0 0 1 0 0 4 0 0.654289814432951
1 0 0 0 0 4 0 0 0 0 1 0 0 4 1 0 0 12 0 11 0 0 0 1 0 1 0 1 0 0 1 0 0 0 0 0 5 0.6029725945101096
rule 160 0
1 0 0 0 0 4 0 0 4 0 1 0 0 0 1 0 0 12 0 11 0 0 0 1 0 1 0 1 0 4 1 0 0 0 0 0 5 0.7118017141042947
1 0 0 0 1 4 0 0 1 0 0 0 1 0 0 0 1 0 0 0 1 0 0 0 1 2 0 0 0 4 0 0 1 0 0 4 0 0.5868340237415707
0 2 4 0 0 4 0 0 0 0 0 0 0 8 0 1 0 5 1 7 0 8 0 2 2 0 2 0 0 0 0 7 2 2 0 0 2 0.32846243413253595
rule 161 0
1 0 0 0 0 4 0 0 4 0 1 0 0 0 1 0 0 12 0 11 0 0 0 1 0 1 0 2 0 0 1 0 0 0 0 0 5 0.5291398207234719
1 0 0 0 1 4 0 0 1 0 0 0 1 0 0 0 1 0 0 0 1 0 0 0 1 2 0 0 0 4 0 0 1 0 0 4 0 0.5868340237415707
0 2 4 0 0 4 0 0 0 0 0 0 0 8 0 1 0 5 1 7 0 8 0 2 2 0 2 0 0 0 0 7 2 2 0 0 2 0.32846243413253595
0 0 0 0 0 0 2 0 0 0 0 2 0 0 4 0 0 3 0 0 0 0 0 0 0 0 0 0 0 0 2 0 0 1 0 0 1 0.8807554419531278
rule 162 0
1 0 0 0 0 4 0 0 4 0 1 0 0 0 1 0 0 12 0 11 0 0 0 1 0 1 0 1 0 0 1 0 0 0 0 0 5 0.682243266061803
0 2 4 0 0 4 0 0 0 0 0 0 0 8 0 1 0 5 1 7 0 8 0 2 2 0 2 0 0 0 0 7 2 2 0 0 2 0.32846243413253595
0 0 0 0 0 0 0 0 0 0 0 0 0 0 0 0 0 11 0 0 0 0 4 0 0 0 4 0 7 0 0 0 0 1 0 4 4 0.19352973322513756
1 0 0 0 1 4 0 0 1 0 0 0 1 0 0 0 1 0 0 0 1 0 0 0 1 2 0 0 0 4 0 0 1 0 0 4 0 0.5868340237415707
0 0 0 0 0 0 2 0 0 0 0 2 0 0 4 0 0 3 0 0 0 0 0 0 0 0 0 0 0 0 2 0 0 1 0 0 1 0.8807554419531278
rule 163 0
1 0 0 0 1 4 0 0 1 0 0 0 1 0 0 0 1 0 0 0 1 0 0 0 1 2 0 0 0 4 0 0 1 0 0 4 0 0.5868340237415707
rule 164 0
1 0 0 0 1 4 0 0 1 0 0 0 1 0 0 0 1 0 0 0 1 0 0 0 1 2 0 0 0 4 0 0 1 0 0 4 0 0.5868340237415707
1 0 0 0 0 4 4 0 0 0 1 0 0 4 1 0 0 12 0 11 0 0 0 1 0 1 0 1 0 0 1 0 0 0 0 0 5 0.5463909913794263
rule 165 0
1 0 0 0 1 4 0 0 1 0 0 0 1 0 0 0 1 0 0 0 1 0 0 0 1 2 0 0 0 4 0 0 1 0 0 4 0 0.5868340237415707
1 0 0 0 0 4 0 0 4 0 1 0 0 0 1 0 0 12 0 11 0 0 0 1 0 1 0 1 0 4 1 0 0 0 0 0 5 0.7118017141042947
0 2 4 0 0 4 0 0 0 0 0 0 0 8 0 1 0 5 1 7 0 8 0 2 2 0 2 0 0 0 0 7 2 2 0 0 2 0.32846243413253595
rule 166 0
1 0 0 0 1 4 0 0 1 0 0 0 1 0 0 0 1 0 0 0 1 0 0 0 1 2 0 0 0 4 0 0 1 0 0 4 0 0.5868340237415707
1 0 0 0 0 4 0 0 4 0 1 0 0 0 1 0 0 12 0 11 0 0 0 1 0 1 0 2 0 0 1 0 0 0 0 0 5 0.5291398207234719
0 0 0 0 0 0 2 0 0 0 0 2 0 0 4 0 0 3 0 0 0 0 0 0 0 0 0 0 0 0 2 0 0 1 0 0 1 0.8807554419531278
0 2 4 0 0 4 0 0 0 0 0 0 0 8 0 1 0 5 1 7 0 8 0 2 2 0 2 0 0 0 0 7 2 2 0 0 2 0.32846243413253595
rule 167 0
1 0 0 0 0 4 0 0 4 0 1 0 0 0 1 0 0 12 0 11 0 0 0 1 0 1 0 1 0 0 1 0 0 0 0 0 5 0.682243266061803
0 2 4 0 0 4 0 0 0 0 0 0 0 8 0 1 0 5 1 7 0 8 0 2 2 0 2 0 0 0 0 7 2 2 0 0 2 0.32846243413253595
0 0 0 0 0 0 0 0 0 0 0 0 0 0 0 0 0 11 0 0 0 0 4 0 0 0 4 0 7 0 0 0 0 1 0 4 4 0.19352973322513756
1 0 0 0 1 4 0 0 1 0 0 0 1 0 0 0 1 0 0 0 1 0 0 0 1 2 0 0 0 4 0 0 1 0 0 4 0 0.5868340237415707
0 0 0 0 0 0 2 0 0 0 0 2 0 0 4 0 0 3 0 0 0 0 0 0 0 0 0 0 0 0 2 0 0 1 0 0 1 0.8807554419531278
rule 168 0
1 0 0 0 1 4 0 0 1 0 0 0 1 1 0 0 1 0 0 0 1 0 0 0 1 2 0 0 0 4 0 0 1 0 0 4 0 0.5262684411975223
rule 169 0
1 0 0 0 1 4 0 0 1 0 0 0 1 4 0 0 1 0 0 0 1 0 0 0 1 2 0 0 0 4 0 0 1 0 0 4 0 0.5601234180580577
1 0 0 0 0 4 4 0 0 0 1 0 0 4 1 0 0 12 0 11 0 0 0 1 0 1 0 1 0 0 1 0 0 0 0 0 5 0.5463909913794263
rule 170 0
1 0 0 0 0 4 0 0 4 0 1 0 0 0 1 0 0 12 0 11 0 0 0 1 0 1 0 1 0 4 1 0 0 0 0 0 5 0.7118017141042947
1 0 0 0 1 4 0 0 1 0 0 0 1 0 0 0 1 0 0 0 1 0 0 0 1 2 0 0 0 4 0 0 1 0 0 4 0 0.5868340237415707
0 2 4 0 0 4 0 0 0 0 0 0 0 8 0 1 0 5 1 7 0 8 0 2 2 0 2 0 0 0 0 7 2 2 0 0 2 0.32846243413253595
rule 171 0
1 0 0 0 0 4 1 0 4 0 1 0 0 0 1 0 0 12 0 11 0 0 0 1 0 1 0 1 0 0 1 0 0 0 0 0 5 0.6949454901178667
1 0 0 0 1 4 0 0 1 0 0 0 1 0 0 0 1 0 0 0 1 0 0 0 1 2 0 0 0 4 0 0 1 0 0 4 0 0.5868340237415707
0 2 4 0 0 4 0 0 0 0 0 0 0 8 0 1 0 5 1 7 0 8 0 2 2 0 2 0 0 0 0 7 2 2 0 0 2 0.32846243413253595
0 0 0 0 0 0 2 0 0 0 0 2 0 0 4 0 0 3 0 0 0 0 0 0 0 0 0 0 0 0 2 0 0 1 0 0 1 0.8807554419531278
rule 172 0
1 0 0 0 0 4 0 0 4 0 1 0 0 0 1 0 0 12 0 11 0 0 0 1 0 1 0 1 0 0 1 0 0 0 0 0 5 0.682243266061803
0 2 4 0 0 4 0 0 0 0 0 0 0 8 0 1 0 5 1 7 0 8 0 2 2 0 2 0 0 0 0 7 2 2 0 0 2 0.32846243413253595
0 0 0 0 0 0 0 0 0 0 0 0 0 0 0 0 0 11 0 0 0 0 4 0 0 0 4 0 7 0 0 0 0 1 0 4 4 0.19352973322513756
1 0 0 0 1 4 0 0 1 0 0 0 1 0 0 0 1 0 0 0 1 0 0 0 1 2 0 0 0 4 0 0 1 0 0 4 0 0.5868340237415707
0 0 0 0 0 0 2 0 0 0 0 2 0 0 4 0 0 3 0 0 0 0 0 0 0 0 0 0 0 0 2 0 0 1 0 0 1 0.8807554419531278
rule 173 0
1 0 0 0 1 4 0 0 4 0 0 0 1 0 0 0 1 0 0 0 1 0 0 0 1 2 0 0 0 4 0 0 1 0 0 4 0 0.3524530506853705
rule 174 0
1 0 0 0 1 4 0 0 1 0 0 0 1 0 0 0 1 0 0 0 1 0 0 0 1 2 0 0 0 4 0 0 1 0 0 4 0 0.5868340237415707
1 0 0 0 0 4 0 0 0 0 1 0 0 4 1 0 0 12 0 11 0 0 0 1 0 1 0 1 0 0 1 0 0 0 0 0 5 0.5569122907064468
rule 175 0
1 0 0 0 1 4 0 0 1 0 0 0 1 0 0 0 1 0 0 0 1 0 0 0 1 2 0 0 0 4 0 0 1 0 0 4 0 0.5868340237415707
1 0 0 0 0 4 0 0 4 0 1 0 0 0 1 0 0 12 0 11 0 0 0 1 0 1 0 1 0 4 1 0 0 0 0 0 5 0.7118017141042947
0 2 4 0 0 4 0 0 0 0 0 0 0 8 0 1 0 5 1 7 0 8 0 2 2 0 2 0 0 0 0 7 2 2 0 0 2 0.32846243413253595
rule 176 0
1 0 0 0 1 4 0 0 1 0 0 0 1 0 0 0 1 0 0 0 1 0 0 0 1 2 0 0 0 4 0 0 1 0 0 4 0 0.5868340237415707
1 0 0 0 0 4 0 0 4 0 1 0 0 0 1 0 0 12 0 11 0 0 0 1 0 1 0 2 0 0 1 0 0 0 0 0 5 0.5291398207234719
0 0 0 0 0 0 2 0 0 0 0 2 0 0 4 0 0 3 0 0 0 0 0 0 0 0 0 0 0 0 2 0 0 1 0 0 1 0.8807554419531278
0 2 4 0 0 4 0 0 0 0 0 0 0 8 0 1 0 5 1 7 0 8 0 2 2 0 2 0 0 0 0 7 2 2 0 0 2 0.32846243413253595
rule 177 0
0 0 0 0 0 0 0 0 0 0 0 0 0 0 0 0 0 11 0 0 0 0 4 0 0 0 4 0 7 0 0 0 0 1 0 4 4 0.19352973322513756
0 2 4 0 0 4 0 0 0 0 0 0 0 8 0 1 0 5 1 7 0 8 0 2 2 0 2 0 0 0 0 7 2 2 0 0 2 0.32846243413253595
0 0 0 0 0 0 2 0 0 0 0 2 0 0 4 0 0 3 0 0 0 0 0 0 0 0 0 0 0 0 2 0 0 1 0 0 1 0.8807554419531278
1 0 0 0 0 4 0 0 4 0 1 0 0 0 1 0 0 12 0 11 0 0 0 1 0 1 0 1 0 0 1 0 0 0 0 0 5 0.682243266061803
1 0 0 0 1 4 0 0 1 0 0 0 1 0 0 0 1 0 0 0 1 0 0 0 1 2 0 0 0 4 0 0 1 0 0 4 0 0.5868340237415707
rule 178 0
1 0 0 0 1 4 0 1 1 0 4 12 1 0 0 0 1 0 0 0 1 0 0 0 1 2 0 0 0 4 0 0 2 0 0 4 0 0.6266694543604729
rule 179 0
1 0 0 0 1 4 0 0 1 0 0 0 1 0 0 0 1 0 0 0 1 0 0 0 1 2 0 0 0 4 0 0 1 0 0 4 0 0.5868340237415707
1 0 0 0 0 4 0 0 0 0 1 0 0 4 1 0 0 12 0 11 0 0 0 1 0 1 0 1 0 0 1 0 0 0 0 0 5 0.5569122907064468
rule 180 0
0 0 0 0 0 0 0 0 0 0 0 1 0 0 0 0 0 2 0 0 1 0 0 0 1 0 0 2 0 0 0 12 0 0 0 0 0 0.2236041255125767
rule 181 0
0 0 0 0 0 0 2 0 0 0 0 2 0 0 4 0 0 3 0 0 0 0 0 0 0 0 0 0 0 0 2 0 0 1 0 0 1 0.8807554419531278
0 0 0 0 0 0 0 0 0 0 0 0 0 0 0 0 0 11 0 0 0 0 4 0 0 0 4 0 7 0 0 0 0 1 0 4 4 0.19352973322513756
1 0 0 0 1 4 0 0 1 0 0 0 1 0 0 7 1 0 0 0 1 0 0 0 1 2 0 0 0 4 0 0 1 0 0 4 0 0.5122422558077028
8 0 12 0 12 0 0 0 0 0 0 11 12 0 0 0 2 0 12 0 0 8 0 0 0 0 4 0 0 0 0 11 0 8 7 0 3 0.3281869567072475
1 0 0 0 0 4 0 0 0 0 1 0 0 4 1 1 0 12 0 11 0 0 0 1 0 1 0 1 0 0 1 0 0 0 0 0 5 0.6706366816615208
0 2 4 0 0 4 0 0 0 0 0 0 0 8 0 1 0 5 1 7 0 8 0 2 2 0 2 0 0 0 0 7 2 2 0 0 2 0.33648420659738
1 0 0 0 0 4 0 0 0 0 1 0 0 4 1 0 0 12 0 11 0 4 0 1 0 1 0 1 0 0 1 0 0 0 0 0 5 0.6524988541981676
1 0 0 0 1 4 0 0 1 0 0 0 1 0 0 0 1 0 0 0 1 0 0 0 1 2 0 0 0 4 0 0 1 0 0 4 0 0.6570540398442886
rule 182 0
1 0 0 0 0 4 0 0 0 0 1 0 0 4 1 0 0 12 0 11 0 0 4 1 0 1 0 1 0 0 1 0 0 0 0 0 5 0.5407546855444287
1 0 0 0 1 4 0 0 1 0 0 0 1 0 0 0 1 0 0 0 1 0 0 0 1 2 0 0 0 4 0 0 1 0 0 4 0 0.6570540398442886
rule 183 0
1 0 0 0 1 4 0 0 1 0 0 0 1 0 0 0 1 0 0 0 1 0 0 0 1 2 0 0 0 4 0 0 0 0 0 4 0 0.44559414134856357
1 0 0 0 0 4 0 0 0 0 1 0 0 4 1 0 0 12 0 11 0 4 0 1 0 1 0 1 0 0 1 0 0 0 0 0 5 0.6524988541981676
rule 184 0
1 0 0 0 0 4 0 0 0 0 1 0 0 4 1 0 0 12 0 11 0 4 0 1 0 1 0 1 0 0 1 0 0 0 0 0 5 0.6524988541981676
0 2 4 0 0 4 0 0 0 0 0 0 0 8 0 1 0 5 1 7 0 8 0 2 2 0 2 0 0 0 0 7 2 2 0 0 2 0.33648420659738
1 0 0 0 1 4 0 0 1 0 0 0 1 0 0 0 1 0 0 0 1 0 0 0 1 2 0 0 0 4 0 0 1 0 0 4 0 0.6570540398442886
rule 185 0
1 0 0 0 1 4 0 0 1 0 0 0 1 0 0 0 1 0 0 4 1 0 0 0 1 2 0 0 0 4 0 0 1 0 0 4 0 0.5974288551615303
1 0 0 0 0 4 0 0 0 0 1 0 0 4 1 0 0 12 0 11 0 4 0 1 0 1 0 1 0 0 1 0 0 0 0 0 5 0.6524988541981676
0 2 4 0 0 4 0 0 0 0 0 0 0 8 0 1 0 5 1 7 0 8 0 2 2 0 2 0 0 0 0 7 2 2 0 0 2 0.33648420659738
rule 186 0
0 2 4 0 0 4 0 0 0 0 0 0 0 8 0 1 0 5 1 7 0 8 0 2 2 0 2 0 0 0 0 7 2 2 0 0 2 0.32846243413253595
0 0 0 0 0 0 2 0 0 0 0 2 0 0 4 0 0 3 0 0 0 0 0 0 0 0 0 0 0 0 2 0 0 1 0 0 1 0.8807554419531278
1 0 0 0 0 4 0 0 0 0 1 0 0 4 1 0 0 12 0 11 0 4 0 1 0 1 0 1 0 0 1 0 0 0 0 0 5 0.6524988541981676
1 0 0 0 1 4 0 0 1 0 0 0 1 0 0 0 1 0 0 0 1 0 0 0 1 2 0 0 0 4 0 0 1 0 0 4 0 0.6570540398442886
rule 187 0
1 0 0 0 1 4 0 0 1 0 0 0 1 0 0 0 1 0 5 0 1 0 0 0 1 2 0 0 0 4 0 0 1 0 0 4 0 0.8364739864576252
1 0 0 0 0 4 0 0 0 0 1 0 0 4 1 1 0 12 0 11 0 0 0 1 0 1 0 1 0 0 1 0 0 0 0 0 5 0.6706366816615208
0 2 4 0 0 4 0 0 0 0 0 0 0 8 0 1 0 5 1 7 0 8 0 2 2 0 2 0 0 0 0 7 2 2 0 0 2 0.32846243413253595
0 0 0 0 0 0 2 0 0 0 0 2 0 0 4 0 0 3 0 0 0 0 0 0 0 0 0 0 0 0 2 0 0 1 0 0 1 0.8807554419531278
0 0 0 0 0 0 0 0 0 0 0 0 0 0 0 0 0 11 0 0 0 0 4 0 0 0 4 0 7 0 0 0 0 1 0 4 4 0.19352973322513756
8 0 12 0 12 0 0 0 0 0 0 11 12 0 0 0 2 0 12 0 0 8 0 0 0 0 4 0 0 0 0 11 0 8 7 0 3 0.3281869567072475
1 0 0 0 1 4 0 0 1 0 0 0 1 0 0 0 1 0 0 0 1 0 0 0 1 2 0 0 0 4 0 0 1 0 0 4 0 0.505955159468334
rule 188 0
0 0 0 0 0 0 2 0 0 0 0 2 0 0 4 0 0 3 0 0 0 0 0 0 0 0 0 0 0 0 2 0 0 1 0 0 1 0.8807554419531278
1 0 0 0 1 4 0 0 1 0 0 0 1 0 0 0 1 0 0 0 1 0 0 0 1 2 0 0 0 4 0 0 1 0 0 4 0 0.6570540398442886
0 2 4 0 0 4 0 0 0 0 0 0 0 8 0 1 0 5 1 7 0 8 0 2 2 0 2 0 0 0 0 7 2 2 0 0 2 0.32846243413253595
1 0 0 0 0 4 0 0 0 0 1 0 0 4 1 0 0 12 0 11 0 4 0 1 0 1 0 1 0 0 1 0 0 0 0 0 5 0.6524988541981676
rule 189 0
0 0 0 0 0 0 2 0 0 0 0 2 0 0 4 0 0 3 0 0 0 0 0 0 0 0 0 0 0 0 2 0 0 1 0 0 1 0.8807554419531278
0 2 4 0 0 4 0 0 0 0 0 0 0 8 0 1 0 5 1 7 0 8 0 2 2 0 2 0 0 0 0 7 2 2 0 0 2 0.32846243413253595
0 0 0 0 0 0 0 0 0 0 0 0 0 0 0 0 0 11 0 0 0 0 4 0 0 0 4 0 7 0 0 0 0 1 0 4 4 0.19352973322513756
1 0 0 0 1 4 0 0 1 0 0 0 1 0 0 0 1 0 0 0 1 0 0 0 1 2 0 0 0 4 0 0 1 0 0 4 0 0.6570540398442886
1 0 0 0 0 4 0 0 0 0 1 0 0 4 1 0 0 12 0 11 0 0 0 1 0 1 0 1 0 0 1 0 0 0 0 0 5 0.6505981582130097
rule 190 0
0 0 0 0 0 0 2 0 0 0 0 2 0 0 4 0 0 3 0 0 0 0 0 0 0 0 0 0 0 0 2 0 0 1 0 0 1 0.8807554419531278
0 2 4 0 0 4 0 0 0 0 0 0 0 8 0 1 0 5 1 7 0 8 0 2 2 0 2 0 0 0 0 7 2 2 0 0 2 0.32846243413253595
0 0 0 0 0 0 0 0 0 0 0 0 0 0 0 0 0 11 0 0 0 0 4 0 0 0 4 0 7 0 0 0 0 1 0 4 4 0.19352973322513756
1 0 0 0 1 4 0 0 1 0 0 0 1 0 0 0 1 0 0 0 1 0 0 0 1 2 0 0 0 4 0 0 1 0 0 4 0 0.6570540398442886
1 0 0 0 0 4 0 0 0 0 1 0 0 4 1 0 0 12 0 11 0 0 0 1 0 1 0 1 0 0 1 0 0 0 0 0 5 0.6505981582130097
rule 191 0
1 0 0 0 1 4 0 0 1 0 0 0 1 0 0 7 1 0 0 0 1 0 0 0 1 2 0 0 0 4 0 0 1 0 0 4 0 0.5122422558077028
1 0 0 0 0 4 0 0 0 0 1 0 0 4 1 1 0 12 0 11 0 0 0 1 0 1 0 1 0 0 1 0 0 0 0 0 5 0.6706366816615208
0 2 4 0 0 4 0 0 0 0 0 0 0 8 0 1 0 5 1 7 0 8 0 2 2 0 2 0 0 0 0 7 2 2 0 0 2 0.32846243413253595
0 0 0 0 0 0 2 0 0 0 0 2 0 0 4 0 0 3 0 0 0 0 0 0 0 0 0 0 0 0 2 0 0 1 0 0 1 0.8807554419531278
0 0 0 0 0 0 0 0 0 0 0 0 0 0 0 0 0 11 0 0 0 0 4 0 0 0 4 0 7 0 0 0 0 1 0 4 4 0.19352973322513756
8 0 12 0 12 0 0 0 0 0 0 11 12 0 0 0 2 0 12 0 0 8 0 0 0 0 4 0 0 0 0 11 0 8 7 0 3 0.3281869567072475
rule 192 0
1 0 0 0 1 4 0 0 1 0 0 0 1 0 0 7 1 0 0 0 1 0 0 0 1 2 0 0 0 4 0 0 1 0 0 4 0 0.5122422558077028
1 0 0 0 0 4 0 0 0 0 1 0 0 4 1 1 0 12 0 11 0 0 0 1 0 1 0 1 0 0 1 0 0 0 0 0 5 0.6706366816615208
0 2 4 0 0 4 0 0 0 0 0 0 0 8 0 1 0 5 1 7 0 8 0 2 2 0 2 0 0 0 0 7 2 2 0 0 2 0.32846243413253595
0 0 0 0 0 0 2 0 0 0 0 2 0 0 4 0 0 3 0 0 0 0 0 0 0 0 0 0 0 0 2 0 0 1 0 0 1 0.8807554419531278
0 0 0 0 0 0 0 0 0 0 0 0 0 0 0 0 0 11 0 0 0 0 4 0 0 0 4 0 7 0 0 0 0 1 0 4 4 0.19352973322513756
8 0 12 0 12 0 0 0 0 0 0 11 12 0 0 0 2 0 12 0 0 8 0 0 0 0 4 0 0 0 0 11 0 8 7 0 3 0.3281869567072475
rule 193 0
0 0 0 0 0 0 0 0 0 0 0 1 0 0 0 7 0 2 0 0 1 0 0 0 1 0 0 2 0 0 0 12 0 0 0 0 0 0.18937416154911668
rule 194 0
1 0 0 0 0 4 0 0 0 0 1 0 0 4 1 0 0 12 0 11 0 0 0 1 0 1 0 1 0 0 1 0 0 0 0 0 5 0.6505981582130097
1 0 0 0 1 4 0 0 1 0 0 0 1 0 0 0 1 0 0 0 1 0 0 0 1 2 0 0 0 4 0 0 1 0 0 4 0 0.6570540398442886
rule 195 0
0 2 4 0 0 4 0 0 0 0 0 0 0 8 0 1 0 5 1 7 0 8 0 2 2 0 2 0 0 0 0 7 2 2 0 0 2 0.32846243413253595
1 0 0 0 1 4 0 0 1 0 0 0 1 0 0 0 1 0 0 0 1 0 0 0 1 2 0 0 0 4 0 0 1 0 0 4 0 0.6570540398442886
0 0 0 0 0 0 2 0 0 0 0 2 0 0 4 0 0 3 0 0 0 0 0 0 0 0 0 0 0 0 2 0 0 1 0 0 1 0.8807554419531278
1 0 0 0 0 4 0 0 0 0 1 0 0 4 1 0 0 12 0 11 0 4 0 1 0 1 0 1 0 0 1 0 0 0 0 0 5 0.6524988541981676
rule 196 0
0 0 0 0 0 0 2 0 0 0 0 2 0 0 4 0 0 3 0 0 0 0 0 0 0 0 0 0 0 0 2 0 0 1 0 0 1 0.8807554419531278
0 2 4 0 0 4 0 0 0 0 0 0 0 8 0 1 0 5 1 7 0 8 0 2 2 0 2 0 0 0 0 7 2 2 0 0 2 0.32846243413253595
0 0 0 0 0 0 0 0 0 0 0 0 0 0 0 0 0 11 0 0 0 0 4 0 0 0 4 0 7 0 0 0 0 1 0 4 4 0.19352973322513756
1 0 0 0 1 4 0 0 1 0 0 0 1 0 0 0 1 0 0 0 1 0 0 0 1 2 0 0 0 4 0 0 1 0 0 4 0 0.6570540398442886
1 0 0 0 0 4 0 0 0 0 1 0 0 4 1 0 0 12 0 11 0 0 0 1 0 1 0 1 0 0 1 0 0 0 0 0 5 0.6505981582130097
rule 197 0
1 0 0 0 1 4 0 0 1 0 0 0 1 0 0 7 1 0 0 0 1 0 0 0 1 2 0 0 0 4 0 0 1 0 0 4 0 0.5122422558077028
1 0 0 0 0 4 0 0 0 0 1 0 0 4 1 1 0 12 0 11 0 0 0 1 0 1 0 1 0 0 1 0 0 0 0 0 5 0.6706366816615208
0 2 4 0 0 4 0 0 0 0 0 0 0 8 0 1 0 5 1 7 0 8 0 2 2 0 2 0 0 0 0 7 2 2 0 0 2 0.32846243413253595
0 0 0 0 0 0 2 0 0 0 0 2 0 0 4 0 0 3 0 0 0 0 0 0 0 0 0 0 0 0 2 0 0 1 0 0 1 0.8807554419531278
0 0 0 0 0 0 0 0 0 0 0 0 0 0 0 0 0 11 0 0 0 0 4 0 0 0 4 0 7 0 0 0 0 1 0 4 4 0.19352973322513756
8 0 12 0 12 0 0 0 0 0 0 11 12 0 0 0 2 0 12 0 0 8 0 0 0 0 4 0 0 0 0 11 0 8 7 0 3 0.3281869567072475
rule 198 0
0 0 0 2 1 2 0 0 1 0 0 0 1 0 0 0 1 0 0 0 1 0 0 0 1 2 0 0 0 4 0 0 1 0 0 0 0 0.5354173279609609
rule 199 0
1 0 0 0 1 4 0 0 1 0 0 0 1 0 0 7 1 0 0 0 1 0 0 0 1 2 0 0 0 4 0 0 1 0 0 4 0 0.5122422558077028
1 0 0 0 0 4 0 0 0 0 1 0 0 4 1 1 0 12 0 11 0 0 0 1 0 1 0 1 0 0 1 0 0 0 0 0 5 0.6706366816615208
rule 200 0
1 0 0 0 0 4 0 0 0 0 1 0 0 4 1 0 0 12 0 11 0 0 0 1 0 1 0 1 0 0 1 0 0 0 0 0 5 0.6505981582130097
0 2 4 0 0 4 0 0 0 0 0 0 0 8 0 1 0 5 1 7 0 8 0 2 2 0 2 0 0 0 0 7 2 2 0 0 2 0.32846243413253595
1 0 0 0 1 4 0 0 1 0 0 0 1 0 0 0 1 0 0 0 1 0 0 0 1 2 0 0 0 4 0 0 1 0 0 4 0 0.6570540398442886
0 0 0 0 0 0 2 0 0 0 0 2 0 0 4 0 0 3 0 0 0 0 0 0 0 0 0 0 0 0 2 0 0 1 0 0 1 0.8807554419531278
rule 201 0
0 2 4 0 0 4 0 0 0 0 0 0 0 8 0 1 0 5 1 7 0 8 0 2 2 0 2 0 0 0 0 7 2 2 0 0 2 0.32846243413253595
0 0 0 0 0 0 2 0 0 0 0 2 0 0 4 0 0 3 0 0 0 0 0 0 0 0 0 0 0 0 2 0 0 1 0 0 1 0.8807554419531278
1 0 0 0 0 4 0 0 0 0 1 0 0 4 1 0 0 12 0 11 0 0 0 1 0 1 0 1 0 0 1 0 0 0 0 0 5 0.6505981582130097
1 0 0 0 1 4 0 0 1 0 0 0 1 0 0 0 1 0 0 0 1 0 0 0 1 2 0 0 0 4 0 0 1 0 0 4 0 0.6570540398442886
0 0 0 0 0 0 0 0 0 0 0 0 0 0 0 0 0 11 0 0 0 0 4 0 0 0 4 0 7 0 0 0 0 1 0 4 4 0.19352973322513756
rule 202 0
1 0 0 0 1 4 0 0 1 0 0 0 1 0 0 7 1 0 0 0 1 0 0 0 1 2 0 0 0 4 0 0 1 0 0 4 0 0.5122422558077028
1 0 0 0 0 4 0 0 0 0 1 0 0 4 1 1 0 12 0 11 0 0 0 1 0 1 0 1 0 0 1 0 0 0 0 0 5 0.6706366816615208
0 2 4 0 0 4 0 0 0 0 0 0 0 8 0 1 0 5 1 7 0 8 0 2 2 0 2 0 0 0 0 7 2 2 0 0 2 0.32846243413253595
0 0 0 0 0 0 2 0 0 0 0 2 0 0 4 0 0 3 0 0 0 0 0 0 0 0 0 0 0 0 2 0 0 1 0 0 1 0.8807554419531278
0 0 0 0 0 0 0 0 0 0 0 0 0 0 0 0 0 11 0 0 0 0 4 0 0 0 4 0 7 0 0 0 0 1 0 4 4 0.19352973322513756
8 0 12 0 12 0 0 0 0 0 0 11 12 0 0 0 2 0 12 0 0 8 0 0 0 0 4 0 0 0 0 11 0 8 7 0 3 0.3281869567072475
rule 203 0
0 0 0 0 0 0 0 0 0 0 0 1 0 0 0 0 0 2 0 0 1 0 0 0 4 0 0 2 0 0 0 12 0 0 0 0 0 0.21335312791417949
rule 204 0
0 0 0 0 1 4 0 0 1 0 0 0 1 0 0 0 1 0 0 0 1 0 0 0 1 2 0 0 0 4 0 0 1 0 0 4 0 0.44320780198372556
1 0 0 0 0 4 0 0 0 0 1 0 0 4 1 1 0 12 0 11 0 0 0 1 0 1 0 1 0 0 1 0 0 0 0 0 5 0.6706366816615208
rule 205 0
1 0 0 0 0 4 0 0 0 0 1 0 0 4 1 0 0 12 0 11 0 0 0 1 0 1 0 1 0 0 1 0 0 0 0 0 5 0.6505981582130097
0 2 4 0 0 4 0 0 0 0 0 0 0 8 0 1 0 5 1 7 0 8 0 2 2 0 2 0 0 0 0 7 2 2 0 0 2 0.32846243413253595
1 0 0 0 1 4 0 0 1 0 0 0 1 0 0 0 1 0 0 0 1 0 0 0 1 2 0 0 0 4 0 0 1 0 0 4 0 0.6570540398442886
0 0 0 0 0 0 2 0 0 0 0 2 0 0 4 0 0 3 0 0 0 0 0 0 0 0 0 0 0 0 2 0 0 1 0 0 1 0.8807554419531278
rule 206 0
0 0 0 0 0 0 2 0 0 0 0 2 0 0 4 0 0 3 0 0 0 0 0 0 0 0 0 0 0 0 2 0 0 1 0 0 1 0.8807554419531278
0 2 4 0 0 4 0 0 0 0 0 0 0 8 0 1 0 5 1 7 0 8 0 2 2 0 2 0 0 0 0 7 2 2 0 0 2 0.32846243413253595
0 0 0 0 0 0 0 0 0 0 0 0 0 0 0 0 0 11 0 0 0 0 4 0 0 0 4 0 7 0 0 0 0 1 0 4 4 0.19352973322513756
1 0 0 0 1 4 0 0 1 0 0 0 1 0 0 0 1 0 0 0 1 0 0 0 1 2 0 0 0 4 0 0 1 0 0 4 0 0.6570540398442886
1 0 0 0 0 4 0 0 0 0 1 0 0 4 1 0 0 12 0 11 0 0 0 1 0 1 0 1 0 0 1 0 0 0 0 0 5 0.6505981582130097
rule 207 0
1 0 0 0 1 4 0 0 1 0 0 0 1 0 0 7 1 0 0 0 1 0 0 0 1 2 0 0 0 4 0 0 1 0 0 4 0 0.5122422558077028
1 0 0 0 0 4 0 0 0 0 1 0 0 4 1 1 0 12 0 11 0 0 0 1 0 1 0 1 0 0 1 0 0 0 0 0 5 0.6706366816615208
0 2 4 0 0 4 0 0 0 0 0 0 0 8 0 1 0 5 1 7 0 8 0 2 2 0 2 0 0 0 0 7 2 2 0 0 2 0.32846243413253595
0 0 0 0 0 0 2 0 0 0 0 2 0 0 4 0 0 3 0 0 0 0 0 0 0 0 0 0 0 0 2 0 0 1 0 0 1 0.8807554419531278
0 0 0 0 0 0 0 0 0 0 0 0 0 0 0 0 0 11 0 0 0 0 4 0 0 0 4 0 7 0 0 0 0 1 0 4 4 0.19352973322513756
8 0 12 0 12 0 0 0 0 0 0 11 12 0 0 0 2 0 12 0 0 8 0 0 0 0 4 0 0 0 0 11 0 8 7 0 3 0.3281869567072475
rule 208 0
1 0 0 0 1 0 0 0 1 0 0 0 1 0 0 0 1 0 0 0 1 0 4 0 1 2 0 0 0 4 0 0 1 0 0 4 0 0.44300699113230935
rule 209 0
1 0 0 0 0 4 0 0 0 0 1 0 0 4 1 0 0 12 0 11 0 0 4 1 0 1 0 1 0 0 1 0 0 0 0 0 5 0.5407546855444287
1 0 0 0 1 4 0 0 1 0 0 0 1 0 0 0 1 0 0 0 1 0 4 0 1 2 0 0 0 4 0 0 1 0 0 4 0 0.5797852152245784
rule 210 0
1 0 0 0 0 4 0 0 0 0 1 0 0 4 1 0 0 12 0 11 0 0 0 1 0 1 0 1 0 0 1 0 0 0 0 0 5 0.6505981582130097
0 2 4 0 0 4 0 0 0 0 0 0 0 8 0 1 0 5 1 7 0 8 0 2 2 0 2 0 0 0 0 7 2 2 0 0 2 0.32846243413253595
1 0 0 0 1 4 0 0 1 0 0 0 1 0 0 0 1 0 0 0 1 0 0 0 1 2 0 0 0 4 0 0 1 0 0 4 0 0.6570540398442886
0 0 0 0 0 0 2 0 0 0 0 2 0 0 4 0 0 3 0 0 0 0 0 0 0 0 0 0 0 0 2 0 0 1 0 0 1 0.8807554419531278
rule 211 0
1 0 0 0 0 4 0 0 0 0 1 0 0 4 1 0 0 12 0 11 0 0 0 1 0 1 0 1 0 0 1 0 0 0 0 0 5 0.6505981582130097
0 0 0 0 0 0 0 0 0 0 0 0 0 0 0 0 0 11 0 0 0 0 4 0 0 0 4 0 7 0 0 0 0 1 0 4 4 0.19352973322513756
0 0 0 0 0 0 2 0 0 0 0 2 0 0 4 0 0 3 0 0 0 0 0 0 0 0 0 0 0 0 2 0 0 1 0 0 1 0.8807554419531278
0 2 4 0 0 4 0 0 0 0 0 0 0 8 0 1 0 5 1 7 0 8 0 2 2 0 2 0 0 0 0 7 2 2 0 0 2 0.32846243413253595
1 0 0 0 1 4 0 0 1 0 0 0 1 0 0 0 1 0 0 0 1 0 0 0 1 2 0 0 0 4 0 0 1 0 0 4 0 0.6570540398442886
rule 212 0
1 0 0 0 1 4 0 0 1 0 0 0 2 0 0 0 1 0 0 0 1 0 0 0 1 2 0 0 0 4 0 0 1 0 0 4 0 0.2831893555197518
rule 213 0
1 0 0 0 1 4 0 0 1 0 0 0 1 0 0 0 1 0 0 0 1 0 0 0 1 2 0 0 0 4 0 0 1 0 0 4 0 0.6570540398442886
1 0 0 0 0 4 0 0 0 0 1 0 0 4 1 0 0 12 0 11 0 0 4 1 0 1 0 1 0 0 1 0 0 0 0 0 5 0.5407546855444287
rule 214 0
1 0 0 0 0 4 0 0 0 0 1 0 0 4 1 1 0 12 0 11 0 0 0 1 0 1 0 1 0 0 1 0 0 0 0 0 5 0.6706366816615208
1 0 0 0 1 4 0 0 1 0 0 0 1 0 0 0 1 0 0 0 1 0 0 0 1 2 0 0 0 4 0 0 1 0 0 4 0 0.6570540398442886
0 2 4 0 0 4 0 0 0 0 0 0 0 8 0 1 0 5 1 7 0 8 0 2 2 0 2 0 0 0 0 7 2 2 0 0 2 0.32846243413253595
0 0 0 0 0 0 2 0 0 0 0 2 0 0 4 0 0 3 0 0 0 0 0 0 0 0 0 0 0 0 2 0 0 1 0 0 1 0.8807554419531278
rule 215 0
0 2 4 0 0 4 0 0 0 0 0 0 0 8 0 1 0 5 1 7 0 8 0 2 2 0 2 0 0 0 0 7 2 2 0 0 2 0.32846243413253595
0 0 0 0 0 0 2 0 0 0 0 2 0 0 4 0 0 3 0 0 0 0 0 0 0 0 0 0 0 0 2 0 0 1 0 0 1 0.8807554419531278
1 0 0 0 0 4 0 0 0 0 1 0 0 4 1 0 0 12 0 11 0 0 0 1 0 1 0 1 0 0 1 0 0 0 0 0 5 0.6505981582130097
1 0 0 0 1 4 0 0 1 0 0 0 1 0 0 0 1 0 0 0 1 0 0 0 1 2 0 0 0 4 0 0 1 0 0 4 0 0.6570540398442886
0 0 0 0 0 0 0 0 0 0 0 0 0 0 0 0 0 11 0 0 0 0 4 0 0 0 4 0 7 0 0 0 0 1 0 4 4 0.19352973322513756
rule 216 0
0 0 0 2 1 4 0 0 1 0 0 0 1 0 0 0 1 0 0 0 1 0 0 0 1 2 0 0 0 4 0 0 1 0 0 4 0 0.5480986072572911
rule 217 0
1 0 0 0 0 4 0 0 0 0 1 0 0 4 1 0 0 12 0 11 0 0 4 1 0 1 0 1 0 0 1 0 0 0 0 0 5 0.5407546855444287
1 0 0 0 1 4 0 0 1 0 0 0 1 0 0 0 1 0 0 0 1 0 4 0 1 2 0 0 0 4 0 0 1 0 0 4 0 0.5797852152245784
rule 218 0
0 2 4 0 0 4 0 0 0 0 0 0 0 8 0 1 0 5 1 7 0 8 0 2 2 0 2 0 0 0 0 7 2 2 0 0 2 0.32846243413253595
0 0 0 0 0 0 2 0 0 0 0 2 0 0 4 0 0 3 0 0 0 0 0 0 0 0 0 0 0 0 2 0 0 1 0 0 1 0.8807554419531278
1 0 0 0 0 4 0 0 0 0 1 0 0 4 1 0 0 12 0 11 0 0 0 1 0 1 0 1 0 0 1 0 0 0 0 0 5 0.6505981582130097
1 0 0 0 1 4 0 0 1 0 0 0 1 0 0 0 1 0 0 0 1 0 0 0 1 2 0 0 0 4 0 0 1 0 0 4 0 0.6570540398442886
rule 219 0
0 0 0 0 0 0 2 0 0 0 0 2 0 0 4 0 0 3 0 0 0 0 0 0 0 0 0 0 0 0 2 0 0 1 0 0 1 0.8807554419531278
0 2 4 0 0 4 0 0 0 0 0 0 0 8 0 1 0 5 1 7 0 8 0 2 2 0 2 0 0 0 0 7 2 2 0 0 2 0.32846243413253595
0 0 0 0 0 0 0 0 0 0 0 0 0 0 0 0 0 11 0 0 0 0 4 0 0 0 4 0 7 0 0 0 0 1 0 4 4 0.19352973322513756
1 0 0 0 1 4 0 0 1 0 0 0 1 0 0 0 1 0 0 0 1 0 0 0 1 2 0 0 0 4 0 0 1 0 0 4 0 0.6570540398442886
1 0 0 0 0 4 0 0 0 0 1 0 0 4 1 0 0 12 0 11 0 0 0 1 0 1 0 1 0 0 1 0 0 0 0 0 5 0.6505981582130097
rule 220 0
0 0 0 0 0 0 0 0 0 0 0 1 0 0 0 0 0 2 0 0 1 0 0 0 1 0 0 2 0 1 0 12 0 0 0 0 0 0.15223859668416884
rule 221 0
0 0 0 0 1 4 0 0 1 0 0 0 1 0 0 0 1 0 0 0 1 0 0 0 1 2 0 0 0 4 0 0 1 0 0 4 0 0.44320780198372556
1 0 0 0 0 4 0 0 0 0 1 0 0 4 1 1 0 12 0 11 0 0 0 1 0 1 0 1 0 0 1 0 0 0 0 0 5 0.6706366816615208
rule 222 0
1 0 0 0 0 4 0 0 0 0 1 0 0 4 1 0 0 12 0 11 0 0 0 1 0 1 0 1 0 0 1 0 0 0 0 0 5 0.6505981582130097
0 2 4 0 0 4 0 0 0 0 0 0 0 8 0 1 0 5 1 7 0 8 0 2 2 0 2 0 0 0 0 7 2 2 0 0 2 0.32846243413253595
1 0 0 0 1 4 0 0 1 0 0 0 1 0 0 0 1 0 0 0 1 0 0 0 1 2 0 0 0 4 0 0 1 0 0 4 0 0.6570540398442886
0 0 0 0 0 0 2 0 0 0 0 2 0 0 4 0 0 3 0 0 0 0 0 0 0 0 0 0 0 0 2 0 0 1 0 0 1 0.8807554419531278
rule 223 0
0 0 0 0 0 0 2 0 0 0 0 2 0 0 4 0 0 3 0 0 0 0 0 0 0 0 0 0 0 0 2 0 0 1 0 0 1 0.8807554419531278
0 2 4 0 0 4 0 0 0 0 0 0 0 8 0 1 0 5 1 7 0 8 0 2 2 0 2 0 0 0 0 7 2 2 0 0 2 0.32846243413253595
0 0 0 0 0 0 0 0 0 0 0 0 0 0 0 0 0 11 0 0 0 0 4 0 0 0 4 0 7 0 0 0 0 1 0 4 4 0.19352973322513756
1 0 0 0 1 4 0 0 1 0 0 0 1 0 0 0 1 0 0 0 1 0 0 0 1 2 0 0 0 4 0 0 1 0 0 4 0 0.6570540398442886
1 0 0 0 0 4 0 0 0 0 1 0 0 4 1 0 0 12 0 11 0 0 0 1 0 1 0 1 0 0 1 0 0 0 0 0 5 0.6505981582130097
rule 224 0
1 0 0 0 1 1 0 0 1 0 0 0 1 0 0 0 1 0 0 0 1 0 0 0 1 2 0 0 0 4 0 0 1 0 0 4 0 0.19361083498319775
rule 225 0
1 0 0 0 0 4 0 0 0 0 1 0 0 4 1 0 0 12 0 11 0 0 4 1 0 1 0 1 0 0 1 0 0 0 0 0 5 0.5407546855444287
1 0 0 0 1 4 0 0 1 0 0 0 1 0 0 0 1 0 0 0 1 0 0 0 1 2 0 0 0 4 0 0 1 0 0 4 0 0.6570540398442886
rule 226 0
1 0 0 0 0 4 0 0 0 0 1 0 0 4 1 0 0 12 0 11 0 0 0 1 0 1 0 1 0 0 1 0 0 0 0 0 5 0.6505981582130097
0 2 4 0 0 4 0 0 0 0 0 0 0 8 0 1 0 5 1 7 0 8 0 2 2 0 2 0 0 0 0 7 2 2 0 0 2 0.32846243413253595
1 0 0 0 1 4 0 0 1 0 0 0 1 0 0 0 1 0 0 0 1 0 0 0 1 2 0 0 0 4 0 0 1 0 0 4 0 0.6570540398442886
0 0 0 0 0 0 2 0 0 0 0 2 0 0 4 0 0 3 0 0 0 0 0 0 0 0 0 0 0 0 2 0 0 1 0 0 1 0.8807554419531278
rule 227 0
0 2 4 0 0 4 0 0 0 0 0 0 0 8 0 1 0 5 1 7 0 8 0 2 2 0 2 0 0 0 0 7 2 2 0 0 2 0.32846243413253595
0 0 0 0 0 0 2 0 0 0 0 2 0 0 4 0 0 3 0 0 0 0 0 0 0 0 0 0 0 0 2 0 0 1 0 0 1 0.8807554419531278
1 0 0 0 0 4 0 0 0 0 1 0 0 4 1 0 0 12 0 11 0 0 0 1 0 1 0 1 0 0 1 0 0 0 0 0 5 0.6505981582130097
1 0 0 0 1 4 0 0 1 0 0 0 1 0 0 0 1 0 0 0 1 0 0 0 1 2 0 0 0 4 0 0 1 0 0 4 0 0.6570540398442886
0 0 0 0 0 0 0 0 0 0 0 0 0 0 0 0 0 11 0 0 0 0 4 0 0 0 4 0 7 0 0 0 0 1 0 4 4 0.19352973322513756
rule 228 0
1 0 0 0 1 1 0 0 1 0 0 0 1 0 0 0 1 0 0 0 1 0 0 0 1 2 0 0 0 4 0 0 1 0 0 4 0 0.19361083498319775
rule 229 0
1 0 0 0 0 4 0 0 0 0 1 0 0 4 1 0 0 12 0 11 0 0 4 1 0 1 0 1 0 0 1 0 0 0 0 0 5 0.5407546855444287
1 0 0 0 1 4 0 0 1 0 0 0 1 0 0 0 1 0 0 0 1 0 4 0 1 2 0 0 0 4 0 0 1 0 0 4 0 0.5797852152245784
rule 230 0
0 0 0 0 0 0 2 0 0 0 0 2 0 0 4 0 0 3 0 0 0 0 0 0 0 0 0 0 0 0 2 0 0 1 0 0 1 0.8807554419531278
0 2 4 0 0 4 0 0 0 0 0 0 0 8 0 1 0 5 1 7 0 8 0 2 2 0 2 0 0 0 0 7 2 2 0 0 2 0.32846243413253595
1 0 0 0 1 4 0 0 1 0 0 0 1 0 0 0 1 0 0 0 1 0 0 0 1 2 0 0 0 4 0 0 1 0 0 4 0 0.6570540398442886
1 0 0 0 0 4 0 0 0 0 1 0 0 4 1 0 0 12 0 11 0 0 0 1 0 1 0 1 0 0 1 0 0 0 0 0 5 0.6505981582130097
rule 231 0
0 0 0 0 0 0 2 0 0 0 0 2 0 0 4 0 0 3 0 0 0 0 0 0 0 0 0 0 0 0 2 0 0 1 0 0 1 0.8807554419531278
0 2 4 0 0 4 0 0 0 0 0 0 0 8 0 1 0 5 1 7 0 8 0 2 2 0 2 0 0 0 0 7 2 2 0 0 2 0.32846243413253595
0 0 0 0 0 0 0 0 0 0 0 0 0 0 0 0 0 11 0 0 0 0 4 0 0 0 4 0 7 0 0 0 0 1 0 4 4 0.19352973322513756
1 0 0 0 1 4 0 0 1 0 0 0 1 0 0 0 1 0 0 0 1 0 0 0 1 2 0 0 0 4 0 0 1 0 0 4 0 0.6570540398442886
1 0 0 0 0 4 0 0 0 0 1 0 0 4 1 0 0 12 0 11 0 0 0 1 0 1 0 1 0 0 1 0 0 0 0 0 5 0.6505981582130097
rule 232 0
0 0 0 0 0 0 0 0 0 0 0 1 0 0 0 0 0 2 0 0 1 0 0 0 1 0 0 2 0 0 0 12 0 0 0 0 0 0.2236041255125767
rule 233 0
1 0 0 0 0 4 0 0 0 0 1 0 0 4 1 0 0 12 0 11 0 0 0 1 0 1 0 1 0 0 1 0 0 0 0 0 5 0.6505981582130097
1 0 0 0 1 4 0 0 1 0 0 0 1 0 0 0 1 0 0 0 1 0 0 0 1 2 0 0 0 4 0 0 1 0 0 4 0 0.6570540398442886
rule 234 0
1 0 0 0 0 4 0 0 0 0 1 0 0 4 1 0 0 12 0 11 0 0 0 1 0 1 0 1 0 0 1 0 0 0 0 0 5 0.6505981582130097
0 2 4 0 0 4 0 0 0 0 0 0 0 8 0 1 0 5 1 7 0 8 0 2 2 0 2 0 0 0 0 7 2 2 0 0 2 0.32846243413253595
1 0 0 0 1 4 0 0 1 0 0 0 1 0 0 0 1 0 0 0 1 0 0 0 1 2 0 0 0 4 0 0 1 0 0 4 0 0.6570540398442886
0 0 0 0 0 0 2 0 0 0 0 2 0 0 4 0 0 3 0 0 0 0 0 0 0 0 0 0 0 0 2 0 0 1 0 0 1 0.8807554419531278
rule 235 0
0 2 4 0 0 4 0 0 0 0 0 0 0 8 0 1 0 5 1 7 0 8 0 2 2 0 2 0 0 0 0 7 2 2 0 0 2 0.32846243413253595
0 0 0 0 0 0 2 0 0 0 0 2 0 0 4 0 0 3 0 0 0 0 0 0 0 0 0 0 0 0 2 0 0 1 0 0 1 0.8807554419531278
1 0 0 0 0 4 0 0 0 0 1 0 0 4 1 0 0 12 0 11 0 0 0 1 0 1 0 1 0 0 1 0 0 0 0 0 5 0.6505981582130097
1 0 0 0 1 4 0 0 1 0 0 0 1 0 0 0 1 0 0 0 1 0 0 0 1 2 0 0 0 4 0 0 1 0 0 4 0 0.6570540398442886
0 0 0 0 0 0 0 0 0 0 0 0 0 0 0 0 0 11 0 0 0 0 4 0 0 0 4 0 7 0 0 0 0 1 0 4 4 0.19352973322513756
rule 236 0
1 0 0 0 1 4 0 0 1 0 0 0 1 0 0 0 1 0 0 0 1 0 0 2 1 2 0 0 0 4 0 0 1 0 0 4 0 0.5790952202741133
rule 237 0
1 0 0 0 0 4 0 0 0 0 1 0 0 4 1 0 0 12 0 11 0 0 4 1 0 1 0 1 0 0 1 0 0 0 0 0 5 0.5407546855444287
1 0 0 0 1 4 0 0 1 0 0 0 1 0 0 0 1 0 0 0 1 0 4 0 1 2 0 0 0 4 0 0 1 0 0 4 0 0.5797852152245784
rule 238 0
1 0 0 0 0 4 0 0 0 0 1 0 0 4 1 0 0 12 0 11 0 0 0 1 0 1 0 1 0 0 1 0 0 0 0 0 5 0.6505981582130097
0 2 4 0 0 4 0 0 0 0 0 0 0 8 0 1 0 5 1 7 0 8 0 2 2 0 2 0 0 0 0 7 2 2 0 0 2 0.32846243413253595
1 0 0 0 1 4 0 0 1 0 0 0 1 0 0 0 1 0 0 0 1 0 0 0 1 2 0 0 0 4 0 0 1 0 0 4 0 0.6570540398442886
0 0 0 0 0 0 2 0 0 0 0 2 0 0 4 0 0 3 0 0 0 0 0 0 0 0 0 0 0 0 2 0 0 1 0 0 1 0.8807554419531278
rule 239 0
0 2 4 0 0 4 0 0 0 0 0 0 0 8 0 1 0 5 1 7 0 8 0 2 2 0 2 0 0 0 0 7 2 2 0 0 2 0.32846243413253595
0 0 0 0 0 0 2 0 0 0 0 2 0 0 4 0 0 3 0 0 0 0 0 0 0 0 0 0 0 0 2 0 0 1 0 0 1 0.8807554419531278
1 0 0 0 0 4 0 0 0 0 1 0 0 4 1 0 0 12 0 11 0 0 0 1 0 1 0 1 0 0 1 0 0 0 0 0 5 0.6505981582130097
1 0 0 0 1 4 0 0 1 0 0 0 1 0 0 0 1 0 0 0 1 0 0 0 1 2 0 0 0 4 0 0 1 0 0 4 0 0.6570540398442886
0 0 0 0 0 0 0 0 0 0 0 0 0 0 0 0 0 11 0 0 0 0 4 0 0 0 4 0 7 0 0 0 0 1 0 4 4 0.19352973322513756
rule 240 0
0 0 0 0 0 0 0 0 0 0 0 0 0 0 0 0 0 0 0 0 0 0 0 12 1 2 0 0 0 0 0 0 0 0 0 0 0 0.11571257503701249
rule 241 0
1 0 0 0 0 0 0 0 0 0 1 0 0 4 3 0 0 12 0 11 4 0 0 1 0 1 0 1 0 0 1 0 0 0 0 0 5 0.7685436923957291
1 0 0 0 1 4 0 0 1 0 0 0 1 0 0 0 1 0 0 0 1 0 0 4 1 2 0 0 0 4 0 0 1 0 0 0 0 0.5923409552023883
0 2 4 0 0 4 0 0 0 0 0 0 0 8 0 1 0 5 1 7 0 8 0 2 2 0 2 0 0 0 0 7 2 2 0 0 2 0.32846243413253595
0 0 0 0 0 0 2 0 0 0 0 2 0 0 4 0 0 3 0 0 0 0 0 0 0 0 0 0 0 0 2 0 0 1 0 0 1 0.8807554419531278
0 0 0 0 0 0 0 0 0 0 0 0 0 0 0 0 0 11 0 0 0 0 4 0 0 0 4 0 7 0 0 0 0 1 0 4 4 0.19352973322513756
8 8 12 0 12 0 0 0 0 0 0 11 12 0 0 0 2 0 12 0 0 8 0 0 0 0 4 0 0 0 0 11 0 8 7 0 3 0.35848553699039143
1 0 0 0 0 4 0 0 0 0 1 0 0 4 1 0 0 12 0 11 0 0 0 1 0 1 0 1 0 0 1 0 0 0 0 0 5 0.5569122907064468
rule 242 0
1 0 0 0 1 4 0 0 1 0 0 0 1 0 0 0 1 0 0 0 1 0 0 0 1 2 0 0 0 4 0 0 1 0 0 4 0 0.547663950671899
1 0 0 0 0 4 0 0 0 0 1 0 0 4 1 0 0 12 0 11 0 0 0 1 0 1 0 1 0 0 1 0 0 0 0 0 5 0.5569122907064468
rule 243 0
1 0 0 0 0 4 0 0 0 0 1 0 0 4 1 0 0 12 0 11 0 0 0 1 0 1 0 1 0 0 1 0 0 0 0 0 5 0.5569122907064468
1 0 0 0 1 4 0 0 1 0 0 0 1 0 0 0 1 0 0 0 1 0 0 0 1 2 0 0 0 4 0 0 1 0 0 4 0 0.547663950671899
rule 244 0
1 0 0 0 4 4 0 0 0 0 1 0 0 4 1 0 0 12 0 11 0 0 0 4 4 1 0 1 0 0 1 0 0 0 0 0 5 0.6677139014395965
0 2 4 0 0 4 0 0 0 0 0 0 0 8 0 1 0 5 1 7 0 8 0 2 2 0 2 0 0 0 0 7 2 2 0 0 2 0.32846243413253595
1 0 0 0 1 4 0 0 1 0 0 0 1 0 0 0 1 0 0 0 1 0 0 0 1 2 0 0 0 4 0 0 1 0 0 4 0 0.547663950671899
rule 245 0
1 0 0 0 0 4 0 0 0 0 1 0 0 4 1 0 0 12 0 11 0 0 0 1 0 1 0 1 0 4 1 0 0 0 0 0 5 0.681734130847783
1 0 0 0 1 4 0 0 1 0 0 0 1 0 0 0 1 0 0 0 1 0 0 4 1 2 0 0 0 4 0 0 1 0 0 0 0 0.5923409552023883
0 2 4 0 0 4 0 0 0 0 0 0 0 8 0 1 0 5 1 7 0 8 0 2 2 0 2 0 0 0 0 7 2 2 0 0 2 0.32846243413253595
0 0 0 0 0 0 2 0 0 0 0 2 0 0 4 0 0 3 0 0 0 0 0 0 0 0 0 0 0 0 2 0 0 1 0 0 1 0.8807554419531278
0 0 0 0 0 0 0 0 0 0 0 0 0 0 0 0 0 11 0 0 0 0 4 0 0 0 4 0 7 0 0 0 0 1 0 4 4 0.19352973322513756
8 8 12 0 12 0 0 0 0 0 0 11 12 0 0 0 2 0 12 0 0 8 0 0 0 0 4 0 0 0 0 11 0 8 7 0 3 0.35848553699039143
rule 246 0
1 0 0 0 4 4 0 0 0 0 1 0 0 4 1 0 0 12 0 11 0 0 0 4 4 1 0 1 0 0 1 0 0 0 0 0 5 0.6677139014395965
1 0 0 0 1 4 0 0 1 0 0 0 1 0 0 0 1 0 0 0 1 0 0 0 1 2 0 0 0 4 0 0 1 0 0 4 0 0.547663950671899
0 2 4 0 0 4 0 0 0 0 0 0 0 8 0 1 0 5 1 7 0 8 0 2 2 0 2 0 0 0 0 7 2 2 0 0 2 0.32846243413253595
rule 247 0
1 0 0 0 1 4 0 0 1 0 0 0 1 0 0 0 1 0 0 0 1 0 0 4 1 2 0 0 0 4 0 0 1 0 0 0 0 0.5923409552023883
0 2 4 0 0 4 0 0 0 0 0 0 0 8 0 1 0 5 1 7 0 8 0 2 2 0 2 0 0 0 0 7 2 2 0 0 2 0.32846243413253595
0 0 0 0 0 0 2 0 0 0 0 2 0 0 4 0 0 3 0 0 0 0 0 0 0 0 0 0 0 0 2 0 0 1 0 0 1 0.8807554419531278
1 0 0 0 4 4 0 0 0 0 1 0 0 4 1 0 0 12 0 11 0 0 0 1 0 1 0 1 4 0 1 0 0 0 0 0 5 0.7357775280529941
rule 248 0
1 0 0 0 1 4 0 0 1 0 0 0 1 0 0 0 1 0 0 0 1 0 0 4 1 2 0 0 0 4 0 0 1 0 0 0 0 0.5923409552023883
0 2 4 0 0 4 0 0 0 0 0 0 0 8 0 1 0 5 1 7 0 8 0 2 2 0 2 0 0 0 0 7 2 2 0 0 2 0.32846243413253595
0 0 0 0 0 0 2 0 0 0 0 2 0 0 4 0 0 3 0 0 0 0 0 0 0 0 0 0 0 0 2 0 0 1 0 0 1 0.8807554419531278
1 0 0 0 4 4 0 0 0 0 1 0 0 4 1 0 0 12 0 11 0 0 0 1 0 1 0 1 4 0 1 0 0 0 0 0 5 0.7357775280529941
rule 249 0
1 0 0 0 1 4 0 0 1 0 0 0 1 0 0 0 1 0 0 0 1 0 0 4 1 2 0 0 0 4 0 0 1 0 0 0 0 0.5923409552023883
1 0 0 0 0 4 0 0 0 0 1 0 0 4 1 0 0 12 0 11 0 0 0 1 0 1 0 1 0 0 1 0 0 0 0 0 5 0.5569122907064468
0 2 4 0 0 4 0 0 0 0 0 0 0 8 0 1 0 5 1 7 0 8 0 2 2 0 2 0 0 0 0 7 2 2 0 0 2 0.32846243413253595
0 0 0 0 0 0 2 0 0 0 0 2 0 0 4 0 0 3 0 0 0 0 0 0 0 0 0 0 0 0 2 0 0 1 0 0 1 0.8807554419531278
0 0 0 0 0 0 0 0 0 0 0 0 0 0 0 0 0 11 0 0 0 0 4 0 0 0 4 0 7 0 0 0 0 1 0 4 4 0.19352973322513756
rule 250 0
1 0 0 0 1 4 0 0 1 0 0 0 1 0 0 0 1 0 0 0 1 0 0 4 1 2 0 0 0 4 0 0 1 0 0 0 0 0.5923409552023883
1 0 0 0 0 4 0 0 0 0 1 0 0 4 1 0 0 12 0 11 0 0 0 1 0 1 0 1 0 0 1 0 0 0 0 0 5 0.5569122907064468
0 2 4 0 0 4 0 0 0 0 0 0 0 8 0 1 0 5 1 7 0 8 0 2 2 0 2 0 0 0 0 7 2 2 0 0 2 0.32846243413253595
0 0 0 0 0 0 2 0 0 0 0 2 0 0 4 0 0 3 0 0 0 0 0 0 0 0 0 0 0 0 2 0 0 1 0 0 1 0.8807554419531278
0 0 0 0 0 0 0 0 0 0 0 0 0 0 0 0 0 11 0 0 0 0 4 0 0 0 4 0 7 0 0 0 0 1 0 4 4 0.19352973322513756
rule 251 0
1 0 0 0 1 4 0 0 1 0 0 0 1 0 0 0 1 0 0 0 1 0 0 0 1 2 0 0 0 4 0 0 1 0 0 4 0 0.30594953984676887
rule 252 0
1 0 0 0 1 4 0 0 1 0 0 0 1 0 0 0 1 0 0 0 1 0 0 4 1 2 0 0 0 4 0 0 1 0 0 0 0 0.5923409552023883
1 0 0 0 0 4 0 0 0 0 1 0 0 4 1 0 0 12 0 11 0 0 0 1 0 1 0 1 0 0 1 0 0 0 0 0 5 0.5569122907064468
0 0 0 0 0 0 2 0 0 0 0 2 0 0 4 0 0 3 0 0 0 0 0 0 0 0 0 0 0 0 2 0 0 1 0 0 1 0.8807554419531278
8 8 12 0 12 0 0 0 0 0 0 11 12 0 0 0 2 0 12 0 0 8 0 0 0 0 4 0 0 0 0 11 0 8 7 0 3 0.35848553699039143
0 2 4 0 0 4 0 0 0 0 0 0 0 8 0 1 0 5 1 7 0 8 0 2 2 0 2 0 0 0 0 7 2 2 0 0 2 0.32846243413253595
0 0 0 0 0 0 0 0 0 0 0 0 0 0 0 0 0 11 0 0 0 0 4 0 0 0 4 0 7 0 0 0 0 1 0 4 4 0.19352973322513756
1 0 0 0 1 4 0 0 1 0 0 0 1 0 0 7 1 0 0 0 1 0 0 0 1 2 0 0 0 4 0 0 1 0 0 4 0 0.3005062878099798
rule 253 0
1 0 0 0 0 4 0 0 0 0 1 0 0 4 1 0 0 12 0 11 0 0 0 1 0 1 0 1 0 0 1 0 0 0 0 0 5 0.5569122907064468
1 0 0 0 1 4 0 0 1 0 0 0 1 0 0 0 1 0 0 0 1 0 0 0 1 2 0 0 0 4 0 0 1 0 0 4 0 0.547663950671899
rule 254 0
1 0 0 0 4 4 0 0 0 0 1 0 0 4 1 0 0 12 0 11 0 0 0 4 4 1 0 1 0 0 1 0 0 0 0 0 5 0.6677139014395965
1 0 0 0 1 4 0 0 1 0 0 0 1 0 0 0 1 0 0 0 1 0 0 0 1 2 0 0 0 4 0 0 1 0 0 4 0 0.547663950671899
0 2 4 0 0 4 0 0 0 0 0 0 0 8 0 1 0 5 1 7 0 8 0 2 2 0 2 0 0 0 0 7 2 2 0 0 2 0.32846243413253595
rule 255 0
1 0 0 0 1 4 0 0 1 0 0 4 1 0 0 0 1 0 0 0 1 0 0 0 1 2 0 0 0 4 0 0 1 0 0 4 0 0.4534389919220043
rule 256 0
1 0 0 0 1 4 0 0 1 0 0 0 1 0 0 0 1 0 0 0 1 0 0 4 1 2 0 0 0 4 0 0 1 0 0 0 0 0.5923409552023883
1 0 0 0 0 4 0 0 0 0 1 0 0 4 1 0 0 12 0 11 0 0 0 1 0 1 0 1 0 0 1 0 0 0 0 0 5 0.5569122907064468
0 0 0 0 0 0 2 0 0 0 0 2 0 0 4 0 0 3 0 0 0 0 0 0 0 0 0 0 0 0 2 0 0 1 0 0 1 0.8807554419531278
8 8 12 0 12 0 0 0 0 0 0 11 12 0 0 0 2 0 12 0 0 8 0 0 0 0 4 0 0 0 0 11 0 8 7 0 3 0.35848553699039143
0 2 4 0 0 4 0 0 0 0 0 0 0 8 0 1 0 5 1 7 0 8 0 2 2 0 2 0 0 0 0 7 2 2 0 0 2 0.32846243413253595
0 0 0 0 0 0 0 0 0 0 0 0 0 0 0 0 0 11 0 0 0 0 4 0 0 0 4 0 7 0 0 0 0 1 0 4 4 0.19352973322513756
1 0 0 0 1 4 0 0 1 0 0 0 1 0 0 7 1 0 0 0 1 0 0 0 1 2 0 0 0 4 0 0 1 0 0 4 0 0.3005062878099798
rule 257 0
1 0 0 0 0 4 0 0 0 0 1 0 0 4 1 0 0 12 0 11 0 0 0 1 0 1 0 1 0 0 1 0 0 0 0 0 5 0.5569122907064468
1 0 0 0 1 4 0 0 1 0 0 0 1 0 0 0 1 0 0 0 1 0 0 0 1 2 0 0 0 4 0 0 1 0 0 4 0 0.547663950671899
rule 258 0
1 0 0 0 4 4 0 0 0 0 1 0 0 4 1 0 0 12 0 11 0 0 0 4 4 1 0 1 0 0 1 0 0 0 0 0 5 0.6677139014395965
1 0 0 0 1 4 0 0 1 0 0 0 1 0 0 0 1 0 0 0 1 0 0 0 1 2 0 0 0 4 0 0 1 0 0 4 0 0.547663950671899
0 2 4 0 0 4 0 0 0 0 0 0 0 8 0 1 0 5 1 7 0 8 0 2 2 0 2 0 0 0 0 7 2 2 0 0 2 0.32846243413253595
rule 259 0
0 8 0 7 4 0 0 0 0 0 0 0 0 0 0 2 0 0 0 0 0 0 0 0 0 0 0 8 0 0 0 0 0 0 0 2 0 0.10640962424249234
rule 260 0
1 0 0 0 0 4 0 0 0 0 1 0 0 4 1 0 0 12 0 11 0 0 0 1 0 1 0 1 0 0 1 0 0 0 0 0 5 0.5569122907064468
1 0 0 0 1 4 0 0 1 0 0 0 1 0 0 0 1 0 0 0 1 0 0 0 1 2 0 0 0 4 0 0 1 0 0 4 0 0.547663950671899
rule 261 0
1 0 0 0 4 4 0 0 0 0 1 0 0 4 1 0 0 12 0 11 0 0 0 4 4 1 0 1 0 0 1 0 0 0 0 0 5 0.6677139014395965
1 0 0 0 1 4 0 0 1 0 0 0 1 0 0 0 1 0 0 0 1 0 0 0 1 2 0 0 0 4 0 0 1 0 0 4 0 0.547663950671899
0 2 4 0 0 4 0 0 0 0 0 0 0 8 0 1 0 5 1 7 0 8 0 2 2 0 2 0 0 0 0 7 2 2 0 0 2 0.32846243413253595
rule 262 0
1 0 0 0 0 4 0 0 1 0 0 0 1 0 0 0 1 0 0 0 1 0 0 0 1 2 0 0 0 4 0 0 1 0 0 4 0 0.25813334353841966
rule 263 0
1 0 0 0 1 4 0 0 1 0 0 0 1 0 0 0 1 0 0 0 1 0 0 0 1 2 0 0 0 4 0 0 1 0 0 4 0 0.547663950671899
1 0 0 0 0 4 0 0 0 0 1 0 0 4 1 0 0 12 0 11 0 0 0 1 0 1 0 1 0 0 1 0 0 0 0 0 5 0.5569122907064468
rule 264 0
1 0 0 0 4 4 0 0 0 0 1 0 0 4 1 0 0 12 0 11 0 0 0 4 4 1 0 1 0 0 1 0 0 0 0 0 5 0.6677139014395965
1 0 0 0 1 4 0 0 1 0 0 0 1 0 0 0 1 0 0 0 1 0 0 0 1 2 0 0 0 4 0 0 1 0 0 4 0 0.547663950671899
0 2 4 0 0 4 0 0 0 0 0 0 0 8 0 1 0 5 1 7 0 8 0 2 2 0 2 0 0 0 0 7 2 2 0 0 2 0.32846243413253595
rule 265 0
1 0 0 0 1 4 0 0 1 0 0 0 1 0 0 0 1 0 0 0 1 0 0 0 1 2 0 0 0 4 0 0 1 0 0 4 0 0.547663950671899
rule 266 0
1 0 0 0 0 4 0 0 0 0 1 0 0 4 1 0 0 12 0 11 0 0 0 1 0 1 0 1 0 0 1 0 0 0 0 0 5 0.5569122907064468
1 0 0 0 1 4 0 0 1 0 0 0 1 0 0 0 1 0 0 0 1 0 0 0 1 2 0 0 0 4 0 0 1 0 0 4 0 0.547663950671899
rule 267 0
1 0 0 0 1 4 0 0 1 0 0 0 1 0 0 0 1 0 0 0 1 0 0 0 1 2 0 0 0 4 0 0 1 0 0 4 0 0.547663950671899
0 2 4 0 0 4 0 0 0 0 0 0 0 8 0 1 0 5 1 7 0 8 0 2 2 0 2 0 0 0 0 7 2 2 0 0 2 0.32846243413253595
1 0 0 0 4 4 0 0 0 0 1 0 0 4 1 0 0 12 0 11 0 0 0 4 4 1 0 1 0 0 1 0 0 0 0 0 5 0.6677139014395965
rule 268 0
1 0 0 0 1 4 0 0 1 0 0 0 1 0 0 0 1 0 0 0 1 0 0 0 1 2 0 0 0 4 0 0 1 1 0 4 0 0.16037784169144753
rule 269 0
1 0 0 0 1 4 0 0 1 0 0 0 1 0 0 0 1 0 0 0 1 0 0 0 1 2 0 0 0 4 0 0 1 0 0 4 0 0.547663950671899
1 0 0 0 0 4 0 0 0 0 1 0 0 4 1 0 0 12 0 11 0 0 0 1 0 1 0 1 0 0 1 0 0 0 0 0 5 0.5569122907064468
rule 270 0
1 0 0 0 4 4 0 0 0 0 1 0 0 4 1 0 0 12 0 11 0 0 0 4 4 1 0 1 0 0 1 0 0 0 0 0 5 0.6677139014395965
1 0 0 0 1 4 0 0 1 0 0 0 1 0 0 0 1 0 0 0 1 0 0 0 1 2 0 0 0 4 0 0 1 0 0 4 0 0.547663950671899
0 2 4 0 0 4 0 0 0 0 0 0 0 8 0 1 0 5 1 7 0 8 0 2 2 0 2 0 0 0 0 7 2 2 0 0 2 0.32846243413253595
rule 271 0
1 0 0 0 1 4 0 0 1 0 0 0 1 0 0 7 1 0 0 0 1 0 0 0 1 2 0 0 0 4 0 0 1 0 0 4 0 0.3005062878099798
rule 272 0
1 0 0 0 0 4 0 0 0 0 1 0 0 4 1 0 0 12 0 11 0 0 0 1 0 1 0 1 0 0 1 0 0 0 0 0 5 0.5569122907064468
1 0 0 0 1 4 0 0 1 0 0 0 1 0 0 0 1 0 0 0 1 0 0 0 1 2 0 0 0 4 0 0 1 0 0 4 0 0.547663950671899
rule 273 0
1 0 0 0 4 4 0 0 0 0 1 0 0 4 1 0 0 12 0 11 0 0 0 4 4 1 0 1 0 0 1 0 0 0 0 0 5 0.6677139014395965
1 0 0 0 1 4 0 0 1 0 0 0 1 0 0 0 1 0 0 0 1 0 0 0 1 2 0 0 0 4 0 0 1 0 0 4 0 0.547663950671899
0 2 4 0 0 4 0 0 0 0 0 0 0 8 0 1 0 5 1 7 0 8 0 2 2 0 2 0 0 0 0 7 2 2 0 0 2 0.32846243413253595
rule 274 0
1 0 0 4 1 4 0 0 1 0 0 0 1 0 0 0 1 0 0 0 1 0 0 0 1 2 0 0 0 4 0 0 1 0 0 4 0 0.47764379918418987
rule 275 0
1 0 0 0 0 4 0 0 0 0 1 0 0 4 1 0 0 12 0 11 0 0 0 1 0 1 0 1 0 0 1 0 0 0 0 0 5 0.5569122907064468
1 0 0 0 1 4 0 0 1 0 0 0 1 0 0 0 1 0 0 0 1 0 0 0 1 2 0 0 0 4 0 0 1 0 0 4 0 0.547663950671899
rule 276 0
0 2 4 0 0 4 0 0 0 0 0 0 0 8 0 1 0 5 1 7 0 8 0 2 2 0 2 0 0 0 0 7 2 2 0 0 2 0.32846243413253595
1 0 0 0 1 4 0 0 1 0 0 0 1 0 0 0 1 0 0 0 1 0 0 0 1 2 0 0 0 4 0 0 1 0 0 4 0 0.547663950671899
1 0 0 0 4 4 0 0 0 0 1 0 0 4 1 0 0 12 0 11 0 0 0 4 4 1 0 1 0 0 1 0 0 0 0 0 5 0.6677139014395965
rule 277 0
1 0 0 0 1 4 0 0 1 0 0 0 1 0 0 0 1 2 0 0 1 0 0 0 1 2 0 0 0 4 0 0 1 0 0 4 0 0.48006655531862175
rule 278 0
1 0 0 0 4 4 0 0 0 0 1 0 0 4 1 0 0 12 0 11 0 0 0 1 0 1 0 1 0 0 1 0 0 0 0 0 5 0.7016462728279533
1 0 0 0 1 4 0 0 1 0 0 0 1 0 0 0 1 0 0 0 1 0 0 0 1 2 0 0 0 4 0 0 1 0 0 4 0 0.547663950671899
rule 279 0
1 0 0 0 4 4 0 0 0 0 1 0 0 4 1 0 0 12 0 11 0 0 0 4 4 1 0 1 0 0 1 0 0 0 0 0 5 0.6677139014395965
1 0 0 0 1 4 0 0 1 0 0 0 1 0 0 0 1 0 0 0 1 0 0 0 1 2 0 0 0 4 0 0 1 0 0 4 0 0.547663950671899
0 2 4 0 0 4 0 0 0 0 0 0 0 8 0 1 0 5 1 7 0 8 0 2 2 0 2 0 0 0 0 7 2 2 0 0 2 0.32846243413253595
rule 280 0
1 0 0 0 1 4 2 0 1 0 0 0 1 0 4 0 1 0 0 0 1 0 0 2 1 2 2 0 0 4 0 0 1 0 0 4 0 0.6252953412892706
rule 281 0
1 0 0 0 0 4 0 0 0 0 1 0 0 4 1 0 0 12 0 11 0 0 0 1 0 1 0 1 0 0 1 0 0 0 0 0 5 0.5569122907064468
1 0 0 0 1 4 0 0 1 0 0 0 1 0 0 0 1 0 0 0 1 0 0 0 1 2 0 0 0 4 0 0 1 0 0 4 0 0.547663950671899
rule 282 0
1 0 0 0 4 4 0 0 0 0 1 0 0 4 1 0 0 12 0 11 0 0 0 4 4 1 0 1 0 0 1 0 0 0 0 0 5 0.6677139014395965
1 0 0 0 1 4 0 0 1 0 0 0 1 0 0 0 1 0 0 0 1 0 0 0 1 2 0 0 0 4 0 0 1 0 0 4 0 0.547663950671899
0 2 4 0 0 4 0 0 0 0 0 0 0 8 0 1 0 5 1 7 0 8 0 2 2 0 2 0 0 0 0 7 2 2 0 0 2 0.32846243413253595
rule 283 0
1 0 0 0 1 4 0 0 1 0 0 0 1 0 0 0 1 2 0 0 1 0 0 0 1 2 0 0 0 4 0 0 1 0 0 4 0 0.48006655531862175
rule 284 0
1 0 0 0 1 4 0 0 1 0 0 0 1 0 0 0 1 0 0 0 1 0 0 0 1 2 0 0 0 4 0 0 1 0 0 4 0 0.547663950671899
1 0 0 0 0 4 0 0 0 0 1 0 0 4 1 0 0 12 0 11 0 0 0 1 0 1 0 1 0 0 1 0 0 0 0 0 5 0.5569122907064468
rule 285 0
1 0 0 0 4 4 0 0 0 0 1 0 0 4 1 0 0 12 0 11 0 0 0 4 4 1 0 1 0 0 1 0 0 0 0 0 5 0.6677139014395965
0 2 4 0 0 4 0 0 0 0 0 0 0 8 0 1 0 5 1 7 0 8 0 2 2 0 2 0 0 0 0 7 2 2 0 0 2 0.32846243413253595
1 0 0 0 1 4 0 0 1 0 0 0 1 0 0 0 1 0 0 0 1 0 0 0 1 2 0 0 0 4 0 0 1 0 0 4 0 0.547663950671899
rule 286 0
0 8 0 7 4 0 0 0 0 0 0 0 0 0 0 2 0 0 0 0 0 0 0 0 0 0 0 8 0 0 0 0 0 0 0 2 0 0.10640962424249234
rule 287 0
1 0 0 0 0 4 0 0 0 0 1 0 0 4 1 0 0 12 0 11 0 0 0 1 0 1 0 1 0 0 1 0 0 0 0 0 5 0.5569122907064468
1 0 0 0 1 4 0 0 1 0 0 0 1 0 0 0 1 0 0 0 1 0 0 0 1 2 0 0 0 4 0 0 1 0 0 4 0 0.547663950671899
rule 288 0
1 0 0 0 4 4 0 0 0 0 1 0 0 4 1 0 0 12 0 11 0 0 0 4 4 1 0 1 0 0 1 0 0 0 0 0 5 0.6677139014395965
1 0 0 0 1 4 0 0 1 0 0 0 1 0 0 0 1 0 0 0 1 0 0 0 1 2 0 0 0 4 0 0 1 0 0 4 0 0.547663950671899
0 2 4 0 0 4 0 0 0 0 0 0 0 8 0 1 0 5 1 7 0 8 0 2 2 0 2 0 0 0 0 7 2 2 0 0 2 0.32846243413253595
rule 289 0
1 0 0 0 1 4 0 0 1 0 0 0 1 0 0 0 1 0 2 0 1 0 0 0 1 2 0 0 0 4 0 0 1 0 0 4 0 0.4736805423957805
rule 290 0
1 0 0 0 4 4 0 0 0 0 1 0 0 4 1 0 0 12 0 11 0 0 0 1 0 1 0 1 0 0 1 0 0 0 0 0 5 0.7016462728279533
1 0 0 0 1 4 0 0 1 0 0 0 1 0 0 0 1 0 0 0 1 0 0 0 1 2 0 0 0 4 0 0 1 0 0 4 0 0.547663950671899
rule 291 0
1 0 0 0 4 4 0 0 0 0 1 0 0 4 1 0 0 12 0 11 0 0 0 4 4 1 0 1 0 0 1 0 0 0 0 0 5 0.6677139014395965
1 0 0 0 1 4 0 0 1 0 0 0 1 0 0 0 1 0 0 0 1 0 0 0 1 2 0 0 0 4 0 0 1 0 0 4 0 0.547663950671899
0 2 4 0 0 4 0 0 0 0 0 0 0 8 0 1 0 5 1 7 0 8 0 2 2 0 2 0 0 0 0 7 2 2 0 0 2 0.32846243413253595
rule 292 0
1 0 0 0 1 4 0 12 1 0 0 0 1 0 0 0 1 0 0 0 1 0 0 0 1 8 0 0 0 4 0 0 1 0 0 4 0 0.7712651536380934
rule 293 0
1 0 0 0 1 4 0 0 1 0 0 0 1 0 0 0 1 0 0 0 1 0 0 0 1 2 0 0 0 4 0 0 1 0 0 4 0 0.547663950671899
1 0 0 0 0 4 0 0 0 0 1 0 0 4 1 0 0 12 0 11 0 0 0 1 0 1 0 1 0 0 1 0 0 0 0 0 5 0.5569122907064468
rule 294 0
1 0 0 0 4 4 0 0 0 0 1 0 0 4 1 0 0 12 0 11 0 0 0 4 4 1 0 1 0 0 1 0 0 0 0 0 5 0.6677139014395965
1 0 0 0 1 4 0 0 1 0 0 0 1 0 0 0 1 0 0 0 1 0 0 0 1 2 0 0 0 4 0 0 1 0 0 4 0 0.547663950671899
0 2 4 0 0 4 0 0 0 0 0 0 0 8 0 1 0 5 1 7 0 8 0 2 2 0 2 0 0 0 0 7 2 2 0 0 2 0.32846243413253595
rule 295 0
1 0 0 0 1 4 0 0 1 0 0 0 1 0 0 0 1 0 0 0 1 0 0 0 1 8 0 0 0 4 0 0 1 0 0 4 0 0.5127420340312838
rule 296 0
1 0 0 0 1 4 0 0 1 0 0 0 1 0 0 0 1 0 0 0 1 0 0 0 1 2 0 0 0 4 0 0 1 0 0 4 0 0.547663950671899
1 0 0 0 0 4 0 0 0 0 1 0 0 4 1 0 0 12 0 11 0 0 0 1 0 1 0 1 0 0 1 0 0 0 0 0 5 0.5569122907064468
rule 297 0
1 0 0 0 1 4 0 0 1 0 0 0 1 0 0 0 1 0 0 0 1 0 0 0 1 2 0 0 0 4 0 0 1 0 0 4 0 0.547663950671899
rule 298 0
1 0 0 0 0 4 0 0 0 0 1 0 0 4 1 0 0 12 0 11 0 0 0 1 0 1 0 1 0 0 1 0 0 0 0 0 5 0.5569122907064468
1 0 0 0 1 4 0 0 1 0 0 0 1 0 0 0 1 0 0 0 1 0 0 0 1 2 0 0 0 4 0 0 1 0 0 4 0 0.547663950671899
rule 299 0
1 0 0 0 1 8 0 0 1 0 0 0 1 0 0 0 1 0 0 0 1 0 0 0 1 2 0 0 0 4 0 0 1 0 0 4 0 0.7656118648707329
