---
0 13.659126230357451 8.0 36 
1 0 2 4 1 0 0 0 0 2 0 4 0 0 0 0 1 0 0 4 7 0 0 0 1 0 0 12 0 4 0 4 0 2 0 4 0 0.852474306205777
0 0 0 7 0 0 0 0 1 0 0 0 0 2 0 0 0 12 0 7 1 0 0 0 3 0 0 0 1 0 0 7 1 4 0 4 0 0.7488485464537222
0 0 7 0 0 0 0 0 0 0 0 0 0 0 12 0 0 8 0 7 0 0 0 0 0 0 4 0 0 0 0 0 12 0 4 11 3 0.04155995176265592
0 0 0 0 0 1 4 2 0 0 0 0 0 0 0 2 0 3 0 0 0 0 2 0 0 0 1 2 0 0 0 0 0 0 0 0 1 0.923894456667463
7 11 0 0 4 0 4 0 0 0 0 0 0 0 0 0 11 0 0 0 0 11 0 7 0 0 0 0 0 0 0 0 0 0 4 0 4 0.6509129673930214
4 0 0 0 2 4 0 0 1 0 0 4 4 0 0 1 0 4 0 11 0 4 0 0 0 1 1 7 0 0 0 0 4 0 4 0 5 0.4607062668476045
0 0 0 0 0 4 0 0 4 4 0 1 4 0 0 1 0 7 1 0 0 4 0 0 1 0 1 11 0 0 0 0 4 0 0 0 5 0.6908670221800755
2 2 4 4 2 0 0 0 0 0 0 4 0 0 4 1 2 13 8 7 2 2 0 0 0 2 2 0 2 0 0 0 0 2 0 4 2 0.7927823258623912
---
1 13.797271628388879 7.0 36 
0 0 0 7 0 0 0 0 1 0 0 0 0 2 0 0 0 12 0 7 1 0 0 0 3 0 0 0 1 0 0 7 1 4 0 4 0 0.7488485464537222
0 0 7 0 0 0 0 0 0 0 0 0 0 0 12 0 0 8 0 7 0 0 0 0 0 0 4 0 0 0 0 0 12 0 4 11 3 0.04155995176265592
7 11 0 0 4 0 4 0 0 0 0 0 0 0 0 0 11 0 0 0 0 11 0 7 0 0 0 0 0 0 0 0 0 0 4 0 4 0.656950661475834
1 0 2 4 1 0 0 0 0 2 0 4 0 0 0 0 1 0 0 4 7 0 0 0 1 0 0 12 0 4 0 4 0 2 0 4 0 0.852474306205777
2 0 4 7 2 0 0 4 0 0 0 4 0 2 4 12 2 13 8 7 0 0 0 1 0 2 4 0 2 0 4 4 0 8 0 2 2 0.6803759139458467
0 0 0 0 0 4 0 0 4 4 0 1 4 4 0 1 0 7 1 0 0 4 0 0 1 0 1 11 0 0 0 0 4 0 0 0 5 0.774301980506336
0 0 0 0 0 1 4 2 0 0 0 0 0 0 0 2 0 3 0 0 0 0 2 0 0 0 1 2 0 0 0 0 0 0 0 0 1 0.923894456667463
---
2 13.659126230357451 8.0 36 
2 0 4 7 2 0 0 4 0 0 0 4 0 2 4 12 2 13 8 7 0 0 0 0 0 2 4 0 0 0 4 4 0 8 0 2 2 0.5955106552517744
1 0 2 0 1 0 0 0 0 2 0 4 0 0 0 0 1 0 0 4 7 0 0 0 1 0 0 12 0 4 0 4 0 2 0 4 0 0.8810749880145068
0 0 0 0 0 1 4 2 0 0 0 0 0 0 0 2 0 3 0 0 0 0 2 0 0 0 1 2 0 0 0 0 0 0 0 0 1 0.923894456667463
0 0 7 0 0 0 0 0 0 0 0 0 0 0 12 0 0 8 0 7 0 0 0 0 0 0 4 0 0 0 0 0 12 0 4 11 3 0.04155995176265592
7 11 0 0 4 0 4 0 0 0 0 0 0 0 0 0 11 0 0 0 0 11 0 7 0 0 0 0 0 0 0 0 0 0 4 0 4 0.656950661475834
0 0 0 7 0 0 0 0 1 0 0 0 0 2 0 0 0 12 0 7 1 0 0 0 3 0 0 0 1 0 0 7 1 4 0 4 0 0.8142429706078916
7 11 0 0 1 0 0 0 0 2 0 0 0 0 0 0 11 0 0 4 0 11 0 0 0 0 0 0 0 0 0 4 0 0 0 0 4 0.6670731674260918
0 0 0 0 4 4 0 0 0 4 0 1 4 0 0 1 0 7 1 0 0 4 0 0 1 0 1 11 0 0 0 0 4 0 0 0 5 0.6999422758210035
---
3 13.538249007079953 7.0 36 
0 0 0 0 0 4 0 0 0 4 0 1 4 0 0 1 0 7 1 0 0 4 0 0 1 0 1 11 0 0 0 7 4 0 0 0 5 0.631489912957838
2 0 4 4 2 0 0 4 0 0 0 4 0 2 4 12 2 13 8 7 0 0 0 0 0 2 4 0 2 0 4 4 0 8 0 2 2 0.6902263293172919
7 11 0 0 4 0 4 0 0 0 0 0 0 0 0 0 11 0 0 0 0 11 0 7 0 0 0 0 0 0 0 0 0 0 4 0 4 0.6509129673930214
0 0 7 0 0 0 0 0 0 0 0 0 0 0 12 0 0 8 0 7 0 0 0 0 0 0 4 0 0 0 0 0 12 0 4 11 3 0.04155995176265592
0 0 0 7 0 0 0 0 1 0 0 0 0 2 0 0 0 12 0 7 1 0 0 0 3 0 0 0 1 0 0 7 1 4 0 4 0 0.8142429706078916
1 0 2 0 1 0 0 0 0 2 0 4 0 0 0 0 1 0 0 4 7 0 0 0 1 0 0 4 0 4 0 4 0 2 0 4 0 0.8500850571473686
0 0 0 0 0 1 4 2 0 0 0 0 0 0 0 2 0 3 0 0 0 0 2 0 0 0 1 2 0 0 0 0 0 0 0 0 1 0.923894456667463
---
4 13.244690036263169 15.0 36 
0 0 0 0 0 3 0 8 0 0 0 2 0 8 0 12 0 0 0 0 0 0 12 0 0 0 0 0 0 0 8 2 0 0 4 0 1 0.6692437157059599
7 11 0 0 4 0 4 0 0 0 0 0 0 0 0 0 11 0 0 0 0 1 0 7 0 0 0 0 0 0 0 0 0 0 4 0 4 0.20496357090254236
2 12 4 4 2 0 0 0 0 0 0 4 0 0 4 1 2 13 8 7 2 2 0 0 0 2 2 0 2 0 0 4 0 2 0 4 2 0.6961238351601027
0 0 0 0 0 4 0 0 0 4 0 1 4 0 0 1 0 7 1 0 0 4 0 0 1 0 1 11 0 0 0 7 4 0 0 0 5 0.631489912957838
0 0 0 1 0 0 0 7 1 0 0 0 0 0 11 0 0 1 0 7 0 0 0 0 0 0 0 3 0 2 0 4 0 0 0 0 5 0.15121884027298815
2 2 4 4 2 0 0 0 0 0 0 4 0 0 4 1 2 13 8 7 2 2 0 0 0 2 2 0 2 0 0 4 0 2 0 4 2 0.8338049722084376
7 11 0 0 4 0 4 0 0 0 0 0 0 0 0 0 11 0 0 0 0 11 0 7 0 0 0 0 0 0 0 0 0 0 4 0 4 0.656950661475834
1 0 2 0 1 0 0 0 0 2 0 4 0 0 0 0 1 0 0 4 7 0 0 0 1 0 0 12 0 4 0 4 0 2 0 4 0 0.8810749880145068
0 0 0 0 0 4 0 0 0 4 0 1 4 0 0 1 0 7 1 0 0 4 0 0 1 0 1 11 0 0 0 7 4 0 0 0 5 0.631489912957838
0 0 0 7 0 0 0 0 1 0 0 0 0 2 0 0 0 12 0 7 1 0 0 0 3 0 0 0 1 0 0 7 1 4 0 4 0 0.7488485464537222
7 11 0 0 4 0 4 0 0 0 0 0 0 0 0 0 11 0 0 0 0 11 0 7 0 0 0 0 0 0 0 0 0 0 4 0 4 0.656950661475834
2 2 4 4 2 0 0 0 0 0 0 4 0 0 4 1 2 13 8 7 2 2 0 0 0 2 2 0 2 0 0 4 0 2 0 4 2 0.8338049722084376
2 0 4 7 2 0 0 4 0 0 0 4 0 2 4 12 2 13 8 7 0 0 0 0 0 2 4 0 2 0 4 4 0 8 0 2 2 0.6921831458424319
0 0 7 0 0 0 0 0 0 0 0 0 0 0 12 0 0 8 0 7 0 0 0 0 0 0 4 0 0 0 0 0 12 0 4 11 3 0.04155995176265592
0 0 0 0 0 1 4 2 0 0 0 0 0 0 0 2 0 3 0 0 0 0 2 0 0 0 1 2 0 0 0 0 0 0 0 0 1 0.8820407188034524
