---
0 13.087016574585636 11.0 36 
2 0 0 0 2 0 0 0 4 0 4 0 0 0 7 0 0 12 2 1 0 0 1 7 4 4 0 7 0 0 0 0 4 4 1 4 5 0.5724761405703127
2 0 2 7 2 2 4 4 0 0 12 1 0 4 8 12 2 13 4 12 0 0 0 4 2 2 0 0 0 0 4 0 0 0 4 0 2 0.5940016460465922
0 2 0 0 0 0 0 12 1 0 0 0 1 0 0 0 0 0 0 4 7 0 2 12 1 2 0 0 1 2 0 7 0 4 0 4 0 0.9488179304389655
2 0 2 7 2 2 4 4 0 0 2 1 0 4 8 12 8 13 4 0 2 0 0 0 0 2 0 0 0 0 4 0 0 2 4 0 2 0.6209327272301415
0 0 0 0 0 0 0 0 0 0 1 0 0 0 0 0 0 11 0 1 0 11 0 0 1 0 0 0 0 0 0 0 0 0 0 4 4 0.7040628557046595
0 0 0 0 0 0 0 0 0 0 0 0 0 0 0 0 0 0 0 0 0 6 0 0 1 0 0 0 0 0 0 0 0 0 8 0 1 0.984413394975437
0 0 0 0 0 0 0 0 0 0 0 0 0 10 8 0 0 0 0 0 0 0 0 0 1 0 0 0 0 0 0 0 0 0 0 0 1 0.9848845045320742
0 0 0 0 0 0 0 0 0 0 0 11 0 4 11 11 0 4 0 0 7 0 11 0 0 0 0 0 0 0 1 3 7 0 0 0 5 0.822845481351707
0 0 0 0 0 0 0 0 0 0 0 0 11 0 0 0 0 6 0 11 0 0 0 0 0 0 0 0 0 0 0 0 0 0 0 0 4 0.9908613928590959
0 0 0 0 0 4 0 1 0 0 0 7 0 0 0 0 0 0 0 0 6 4 0 0 1 0 0 0 0 12 0 0 1 0 0 0 0 0.938430883149923
0 2 4 0 0 0 0 0 0 4 4 0 0 0 12 0 0 0 12 0 0 0 0 0 0 0 0 0 0 0 0 0 0 13 3 0 3 0.40595198970800417
---
1 13.173342541436464 10.0 36 
2 0 2 7 2 2 4 4 0 0 2 1 0 8 8 12 8 13 4 0 2 0 0 0 0 2 0 0 0 0 0 0 1 2 4 0 2 0.6474506965452179
0 2 0 0 0 0 0 12 1 0 0 0 1 0 0 0 0 0 0 4 7 0 2 12 1 2 0 0 1 2 0 7 0 4 0 4 0 0.9488179304389655
0 0 0 0 0 0 0 0 0 0 0 11 0 4 11 11 0 4 0 0 7 0 11 0 0 0 0 0 0 0 1 3 7 0 0 0 5 0.822845481351707
0 0 0 0 0 4 0 1 0 0 0 7 0 0 0 0 0 0 0 0 6 4 0 0 1 0 0 0 0 12 0 0 1 0 0 0 0 0.938430883149923
2 0 0 0 2 0 0 0 4 0 4 0 0 0 7 0 0 12 2 1 0 0 1 7 4 4 0 7 0 0 0 0 4 4 1 4 5 0.5724761405703127
0 2 4 0 0 0 0 0 0 4 4 0 0 0 12 0 0 0 12 0 0 0 0 0 0 0 0 0 0 0 0 0 0 13 3 0 3 0.40595198970800417
0 0 0 0 0 0 0 0 0 0 1 0 0 0 0 0 0 11 0 1 0 11 0 0 1 0 0 0 0 0 0 0 0 0 0 4 4 0.7040628557046595
0 0 0 0 0 0 0 0 0 0 0 0 0 0 0 0 0 0 0 0 0 6 0 0 1 0 0 0 0 0 0 0 0 0 8 0 1 0.984413394975437
0 0 0 0 0 0 0 0 0 0 0 0 0 10 8 0 0 0 0 0 0 0 0 0 1 0 0 0 0 0 0 0 0 0 0 0 1 0.9848845045320742
0 0 0 0 0 0 0 0 0 0 0 0 11 0 0 0 0 6 0 11 0 0 0 0 0 0 0 0 0 0 0 0 0 0 0 0 4 0.9908613928590959
---
2 13.846685082872929 10.0 36 
2 8 2 7 2 2 4 4 0 0 2 1 0 4 8 12 2 13 4 0 2 0 0 0 2 2 0 0 0 0 4 0 0 0 4 0 2 0.6390520999094994
0 2 0 0 0 0 0 12 1 0 0 0 1 0 0 0 0 0 0 4 7 0 2 12 1 2 0 0 1 2 0 7 0 4 0 4 0 0.9707571199808522
0 0 0 0 0 0 0 0 0 0 0 11 0 4 3 11 0 4 0 0 0 0 11 0 0 0 0 0 7 0 1 3 7 0 0 0 5 0.8157708033547253
0 0 0 0 0 0 0 0 0 0 1 0 0 0 0 0 0 11 0 1 0 11 0 0 1 0 0 0 0 0 0 0 0 0 0 4 4 0.7040628557046595
2 0 0 0 2 0 0 0 4 0 4 0 0 0 7 0 0 12 2 1 0 0 1 0 0 4 0 7 0 0 0 0 4 4 1 4 5 0.5446334050198987
0 0 0 0 0 0 0 0 0 0 0 0 0 0 0 0 0 0 0 0 0 6 0 0 1 0 0 0 0 0 0 0 0 0 8 0 1 0.984413394975437
0 0 0 0 0 4 0 1 0 0 0 7 0 0 0 0 0 0 0 0 6 4 0 0 1 0 0 0 0 12 0 0 1 0 0 0 0 0.938430883149923
0 0 0 0 0 0 0 0 0 0 0 0 0 10 8 0 0 0 0 0 0 0 0 0 1 0 0 0 0 0 0 0 0 0 0 0 1 0.9699166710412992
0 2 4 0 0 0 0 0 0 4 4 0 0 0 12 0 0 0 12 0 0 0 0 0 0 0 0 0 0 0 0 0 0 13 3 0 3 0.40595198970800417
0 0 0 0 0 0 0 0 0 0 1 0 0 0 0 0 0 11 0 1 0 11 0 0 1 0 0 0 0 0 0 0 0 0 0 4 4 0.7040628557046595
---
3 13.31146408839779 10.0 36 
2 0 2 7 2 2 4 4 0 0 2 1 0 4 8 12 2 13 4 0 2 0 0 0 2 2 0 0 0 0 4 0 0 0 4 0 2 0.6697392583514166
0 2 0 0 0 0 0 12 1 0 0 0 1 0 0 0 0 0 0 4 7 0 2 12 1 2 0 0 1 2 0 7 0 4 0 4 0 0.9707571199808522
0 0 0 0 0 0 0 0 0 0 0 11 0 4 3 11 0 4 0 0 0 0 11 0 0 0 0 0 7 0 1 3 7 0 0 0 5 0.8157708033547253
0 0 0 0 0 4 0 1 0 0 0 7 0 0 0 0 0 0 0 0 6 4 0 0 1 0 0 0 0 12 0 0 1 0 0 0 0 0.938430883149923
0 2 4 0 0 0 0 0 0 4 4 0 0 0 12 0 0 0 12 0 0 0 0 0 0 0 0 0 0 0 0 0 0 13 3 0 3 0.40595198970800417
0 0 0 0 0 0 0 0 0 0 1 0 0 0 0 0 0 11 0 1 0 11 0 0 1 0 0 0 0 0 0 0 0 0 0 4 4 0.7040628557046595
0 0 0 0 0 0 0 0 0 0 0 0 0 0 0 0 0 0 0 0 0 6 0 0 1 0 0 0 0 0 0 0 0 0 8 0 1 0.984413394975437
2 0 0 0 2 0 0 0 4 0 4 0 0 0 7 0 0 12 2 1 0 0 1 7 4 4 0 7 0 0 0 0 4 4 1 4 5 0.5724761405703127
0 0 0 0 0 0 0 0 0 0 0 0 0 10 8 0 0 0 0 0 0 0 0 0 1 0 0 0 0 0 0 0 0 0 0 0 1 0.9699166710412992
0 0 0 0 0 0 0 0 0 0 1 0 0 0 0 0 0 11 0 1 0 11 0 0 1 0 0 0 0 0 0 0 0 0 0 4 4 0.4076361587885746
---
4 15.676795580110497 6.0 36 
0 2 4 0 0 0 0 0 0 4 4 0 0 0 12 0 0 0 12 0 0 0 0 0 0 0 0 0 0 0 0 0 0 13 3 0 3 0.40595198970800417
2 0 2 7 2 2 4 4 0 0 2 1 0 4 8 12 2 13 4 0 2 0 0 0 2 2 0 0 0 0 4 0 0 0 4 0 2 0.6697392583514166
0 2 0 0 0 0 0 12 1 0 0 0 1 0 0 0 0 0 0 4 7 0 2 12 1 2 0 0 1 2 0 7 0 4 0 4 0 0.9488179304389655
0 0 0 0 0 0 0 0 0 0 0 0 0 0 0 0 0 0 0 0 0 6 0 0 1 0 0 0 0 0 0 0 0 0 8 0 1 0.984413394975437
0 0 0 0 0 0 0 0 0 0 0 0 11 0 0 0 0 6 0 11 0 0 0 0 0 0 0 0 0 0 0 0 0 0 0 0 4 0.9639084522278552
2 0 0 0 2 0 0 0 4 0 4 0 0 0 7 0 0 12 2 1 0 0 1 7 4 4 0 7 0 0 0 0 4 4 1 4 5 0.5724761405703127
