---
16.40625 15.0 5
12 7 13 2 0 1 0.18167916850548815 
12 8 13 8 4 1 0.1689290358248392 
11 8 5 4 7 0 0.6177026402962971 
12 12 13 2 0 1 0.09122699949059898 
2 4 14 7 7 0 0.46737325574066024 
4 11 14 10 12 1 0.404238882031313 
12 8 13 13 0 1 0.5334468714869488 
7 7 4 8 7 1 0.09634224514681411 
1 1 2 2 7 0 0.2599292577432285 
11 4 11 2 4 0 0.6218875409031002 
7 7 13 2 13 1 0.8918706212954621 
4 1 11 12 6 0 0.8909741875595476 
4 2 2 2 2 0 0.20299679370858348 
7 12 12 8 4 1 0.06440255862452049 
1 1 13 2 7 0 0.24564701658012722 
