---
16.882582767838784 28.0 5
7 2 1 7 2 0 0.688158868104128 
13 2 0 2 4 0 0.9529705412306557 
11 4 13 2 11 0 0.31763770971497896 
1 7 7 0 2 0 0.28719786125883795 
4 7 8 8 8 1 0.48997787923047986 
7 7 2 8 4 1 0.17310191818466492 
1 2 2 0 2 0 0.25511655991453086 
1 1 4 8 11 0 0.13321178652760302 
12 4 13 4 4 1 0.18891438051933784 
4 4 8 8 10 1 0.2845685378004451 
4 4 13 8 1 1 0.16572195237016563 
7 4 8 8 1 1 0.08698476302982816 
1 7 8 7 8 1 0.3245839610437724 
4 4 1 0 10 1 0.16210291408761401 
12 1 0 8 10 1 0.2708082627950603 
4 1 1 1 10 1 0.30747422945214775 
1 7 14 4 8 1 0.625494394964343 
7 4 2 5 7 1 0.1381976718464959 
1 7 9 3 2 0 0.277438758758765 
1 1 4 0 2 0 0.18056730947925237 
7 7 5 2 3 0 0.2224949560387206 
11 11 12 11 8 1 0.2642992735498999 
11 2 12 13 7 1 0.1242337866165868 
11 9 13 11 1 1 0.9633356250746886 
12 2 13 8 4 1 0.32699671455591683 
4 4 8 8 1 1 0.0684294719055818 
1 1 0 2 5 1 0.2955032791802006 
11 11 7 13 7 1 0.11708761515714794 
