---
16.50904605263158 23.0 5
7 1 4 8 6 1 0.1394498357723044 
2 7 2 2 1 0 0.21602964690069482 
7 7 12 8 2 1 0.2307871928466263 
7 7 4 8 8 1 0.46542557206523494 
13 7 13 4 7 0 0.8694618797398173 
4 12 2 2 4 0 0.17919477348813118 
11 4 1 13 3 1 0.13982246975336154 
11 9 13 12 3 1 0.6733130308272173 
1 1 7 4 2 0 0.46955977734327026 
12 4 13 4 2 1 0.25046262542608155 
11 8 5 1 1 0 0.6217321197621438 
11 4 13 12 7 0 0.2164544888472577 
1 2 4 8 4 0 0.04988417168767123 
7 4 2 5 10 1 0.1586260353651161 
12 7 13 4 1 1 0.2350118056840984 
7 1 4 8 6 1 0.1394498357723044 
4 8 13 13 1 1 0.3986528407649137 
11 7 1 9 3 0 0.14814202607801708 
4 7 4 13 11 0 0.0659189027248237 
11 11 12 4 8 1 0.2269195346859978 
1 12 8 5 1 1 0.20624599738040317 
2 3 7 1 7 0 0.8593104844227027 
11 11 13 12 3 1 0.35118729406086113 
