---
11.22431359005353 14.0 36
0 4 0 1 0 0 4 4 0 0 0 0 2 0 4 7 8 5 8 0 0 0 0 7 0 0 2 0 0 0 1 0 0 2 0 0 2 0.3067382053099512 
0 0 0 0 0 3 0 0 0 0 0 13 0 0 0 0 0 0 0 0 0 0 0 0 0 0 0 0 8 0 0 0 7 0 0 0 1 0.8746459019980537 
1 0 0 7 11 0 4 0 0 4 0 0 0 12 0 0 3 0 0 0 0 0 0 0 0 0 0 0 0 1 0 0 0 0 0 7 0 0.728035315645492 
0 12 0 0 0 4 12 0 12 0 0 0 0 0 12 0 0 0 0 0 2 0 0 11 0 0 12 11 0 0 0 0 0 0 0 4 3 0.1627758274368447 
4 4 0 0 1 4 0 0 0 0 2 4 4 2 0 0 0 0 0 4 1 0 0 12 1 2 0 0 0 0 0 4 1 4 0 0 0 0.6024698313607978 
4 4 1 0 2 4 0 0 4 0 0 0 0 4 4 0 2 0 4 0 4 4 7 7 0 4 0 0 0 0 4 0 2 4 1 0 5 0.41174154194431023 
0 0 12 2 0 0 0 0 0 0 0 0 0 0 0 0 0 11 0 0 0 0 0 0 0 0 0 0 0 0 0 0 0 0 0 5 1 0.95266856481592 
7 0 0 0 0 0 0 0 0 0 0 0 0 0 7 0 0 0 11 3 0 12 0 0 0 0 0 0 0 0 7 0 0 0 0 2 5 0.607204069160562 
0 4 0 1 0 0 4 4 0 0 0 0 2 0 4 7 8 5 8 0 0 0 0 7 0 0 2 0 0 0 1 0 0 2 0 4 2 0.36039675134435134 
0 0 0 0 0 0 0 0 4 0 0 11 0 0 1 0 0 0 1 0 0 4 0 11 0 0 1 0 0 4 11 0 0 7 0 0 5 0.7073933568950523 
0 0 0 0 0 0 0 0 0 0 0 0 0 0 0 0 0 11 1 0 0 7 0 0 0 0 0 0 0 0 0 0 0 0 0 0 4 0.13581163152996578 
4 4 1 0 0 4 0 0 0 0 0 0 4 4 1 11 2 0 0 0 0 4 4 0 0 0 1 0 0 0 4 0 2 0 1 0 5 0.5523708541274877 
0 0 0 2 0 0 0 0 0 0 0 0 0 0 0 0 0 6 0 8 0 0 0 0 0 0 0 0 0 0 0 0 0 0 0 0 1 0.9879137822864683 
0 0 0 1 0 0 0 0 0 0 0 0 0 0 0 0 0 6 0 7 0 0 0 0 0 0 0 0 0 0 0 0 0 7 0 0 4 0.7952778017721432 
