1.0 76.17403314917127 76.20528771384136 5.0 1
8.0 12.517265193370166 14.774494556765164 73.0 6
2.0 52.74516574585635 52.87713841368584 32.0 2
2.0 52.74516574585635 52.87713841368584 32.0 2
8.0 12.517265193370166 14.774494556765164 73.0 6
2.0 52.74516574585635 52.87713841368584 32.0 2
8.0 12.517265193370166 14.774494556765164 73.0 6
2.0 52.74516574585635 52.87713841368584 32.0 2
1.0 76.17403314917127 76.20528771384136 6.0 1
8.0 12.517265193370166 14.774494556765164 73.0 6
2.0 52.74516574585635 52.87713841368584 32.0 2
1.0 76.17403314917127 76.20528771384136 18.0 1
2.0 52.74516574585635 52.87713841368584 32.0 2
1.0 76.17403314917127 76.20528771384136 6.0 1
2.0 52.74516574585635 52.87713841368584 32.0 2
1.0 76.17403314917127 76.20528771384136 17.0 1
2.0 52.74516574585635 52.87713841368584 32.0 2
1.0 76.17403314917127 76.20528771384136 16.0 1
2.0 52.74516574585635 52.87713841368584 32.0 2
1.0 76.17403314917127 76.20528771384136 6.0 1
2.0 52.74516574585635 52.87713841368584 32.0 2
1.0 76.17403314917127 76.20528771384136 5.0 1
2.0 52.74516574585635 52.87713841368584 32.0 2
1.0 76.17403314917127 76.20528771384136 5.0 1
2.0 52.74516574585635 52.87713841368584 32.0 2
1.0 76.17403314917127 76.20528771384136 5.0 1
2.0 52.74516574585635 52.87713841368584 32.0 2
1.0 76.17403314917127 76.20528771384136 5.0 1
2.0 52.74516574585635 52.87713841368584 32.0 2
1.0 76.17403314917127 76.20528771384136 16.0 1
2.0 52.74516574585635 52.87713841368584 32.0 2
1.0 76.17403314917127 76.20528771384136 6.0 1
3.0 33.27002762430939 33.12597200622084 38.0 3
3.0 33.27002762430939 33.12597200622084 38.0 3
4.0 22.910911602209943 23.17262830482115 44.0 4
4.0 22.910911602209943 23.17262830482115 44.0 4
1.0 76.17403314917127 76.20528771384136 13.0 1
3.0 33.27002762430939 33.12597200622084 38.0 3
4.0 22.910911602209943 23.17262830482115 44.0 4
1.0 76.17403314917127 76.20528771384136 13.0 1
3.0 33.27002762430939 33.12597200622084 38.0 3
4.0 22.910911602209943 23.17262830482115 44.0 4
3.0 33.27002762430939 33.12597200622084 38.0 3
4.0 22.910911602209943 23.17262830482115 44.0 4
1.0 76.17403314917127 76.20528771384136 13.0 1
3.0 33.27002762430939 33.12597200622084 38.0 3
4.0 22.910911602209943 23.17262830482115 44.0 4
1.0 76.17403314917127 76.20528771384136 13.0 1
3.0 33.27002762430939 33.12597200622084 38.0 3
4.0 22.910911602209943 23.17262830482115 44.0 4
1.0 76.17403314917127 76.20528771384136 13.0 1
3.0 33.27002762430939 33.12597200622084 38.0 3
4.0 22.910911602209943 23.17262830482115 44.0 4
1.0 76.17403314917127 76.20528771384136 12.0 1
3.0 33.27002762430939 33.12597200622084 38.0 3
4.0 22.910911602209943 23.17262830482115 44.0 4
1.0 76.17403314917127 76.20528771384136 13.0 1
1.0 76.17403314917127 76.20528771384136 6.0 1
6.0 12.603591160220995 15.396578538102643 62.0 6
6.0 12.603591160220995 15.396578538102643 62.0 6
1.0 76.17403314917127 76.20528771384136 13.0 1
6.0 12.603591160220995 15.396578538102643 62.0 6
1.0 76.17403314917127 76.20528771384136 13.0 1
1.0 76.17403314917127 76.20528771384136 13.0 1
1.0 76.17403314917127 76.20528771384136 13.0 1
1.0 76.17403314917127 76.20528771384136 14.0 1
1.0 76.17403314917127 76.20528771384136 6.0 1
1.0 76.17403314917127 76.20528771384136 12.0 1
1.0 76.17403314917127 76.20528771384136 13.0 1
1.0 76.17403314917127 76.20528771384136 12.0 1
1.0 76.17403314917127 76.20528771384136 6.0 1
5.0 15.072513812154694 17.573872472783826 50.0 5
5.0 15.072513812154694 17.573872472783826 50.0 5
1.0 76.17403314917127 76.20528771384136 7.0 1
5.0 15.072513812154694 17.573872472783826 50.0 5
1.0 76.17403314917127 76.20528771384136 11.0 1
5.0 15.072513812154694 17.573872472783826 50.0 5
1.0 76.17403314917127 76.20528771384136 6.0 1
5.0 15.072513812154694 17.573872472783826 50.0 5
1.0 76.17403314917127 76.20528771384136 12.0 1
5.0 15.072513812154694 17.573872472783826 50.0 5
1.0 76.17403314917127 76.20528771384136 12.0 1
5.0 15.072513812154694 17.573872472783826 50.0 5
1.0 76.17403314917127 76.20528771384136 12.0 1
5.0 15.072513812154694 17.573872472783826 50.0 5
1.0 76.17403314917127 76.20528771384136 7.0 1
5.0 15.072513812154694 17.573872472783826 50.0 5
1.0 76.17403314917127 76.20528771384136 12.0 1
5.0 15.072513812154694 17.573872472783826 50.0 5
1.0 76.17403314917127 76.20528771384136 12.0 1
5.0 15.072513812154694 17.573872472783826 50.0 5
1.0 76.17403314917127 76.20528771384136 6.0 1
5.0 15.072513812154694 17.573872472783826 50.0 5
1.0 76.17403314917127 76.20528771384136 13.0 1
5.0 15.072513812154694 17.573872472783826 50.0 5
1.0 76.17403314917127 76.20528771384136 3.0 1
5.0 15.072513812154694 18.040435458786934 50.0 5
5.0 15.072513812154694 18.040435458786934 50.0 5
1.0 76.17403314917127 76.20528771384136 12.0 1
1.0 76.17403314917127 76.20528771384136 13.0 1
1.0 76.17403314917127 76.20528771384136 11.0 1
1.0 76.17403314917127 76.20528771384136 12.0 1
1.0 76.17403314917127 76.20528771384136 13.0 1
1.0 76.17403314917127 76.20528771384136 13.0 1
1.0 76.17403314917127 76.20528771384136 13.0 1
1.0 76.17403314917127 76.20528771384136 13.0 1
1.0 76.17403314917127 76.20528771384136 16.0 1
1.0 76.17403314917127 76.20528771384136 13.0 1
1.0 76.17403314917127 76.20528771384136 13.0 1
1.0 76.17403314917127 76.20528771384136 12.0 1
