1.0 76.17403314917127 76.20528771384136 5.0 1
3.0 33.062845303867405 33.748055987558324 43.0 3
3.0 33.062845303867405 33.748055987558324 43.0 3
5.0 17.075276243093924 17.884914463452567 52.0 5
5.0 17.075276243093924 17.884914463452567 52.0 5
7.0 13.55317679558011 14.930015552099535 68.0 6
8.0 12.689917127071823 12.908242612752721 77.0 6
8.0 12.689917127071823 12.908242612752721 77.0 6
7.0 13.55317679558011 14.930015552099535 68.0 6
1.0 76.17403314917127 76.20528771384136 15.0 1
3.0 33.062845303867405 33.748055987558324 43.0 3
5.0 17.075276243093924 17.884914463452567 52.0 5
8.0 12.689917127071823 12.908242612752721 77.0 6
7.0 13.55317679558011 14.930015552099535 68.0 6
1.0 76.17403314917127 76.20528771384136 15.0 1
3.0 33.062845303867405 33.748055987558324 43.0 3
5.0 17.075276243093924 17.884914463452567 52.0 5
8.0 12.689917127071823 12.908242612752721 77.0 6
7.0 13.55317679558011 14.930015552099535 68.0 6
1.0 76.17403314917127 76.20528771384136 15.0 1
3.0 33.062845303867405 33.748055987558324 43.0 3
5.0 17.075276243093924 17.884914463452567 52.0 5
8.0 12.689917127071823 12.908242612752721 77.0 6
7.0 13.55317679558011 14.930015552099535 68.0 6
1.0 76.17403314917127 76.20528771384136 15.0 1
3.0 33.062845303867405 33.748055987558324 43.0 3
5.0 17.075276243093924 17.884914463452567 52.0 5
8.0 12.689917127071823 12.908242612752721 77.0 6
7.0 13.55317679558011 14.930015552099535 68.0 6
1.0 76.17403314917127 76.20528771384136 5.0 1
3.0 33.062845303867405 33.748055987558324 43.0 3
5.0 17.075276243093924 17.884914463452567 52.0 5
8.0 12.689917127071823 12.908242612752721 77.0 6
4.0 23.308011049723756 23.79471228615863 47.0 4
1.0 76.17403314917127 76.20528771384136 10.0 1
7.0 13.55317679558011 14.930015552099535 68.0 6
7.0 13.55317679558011 14.930015552099535 68.0 6
1.0 76.17403314917127 76.20528771384136 15.0 1
1.0 76.17403314917127 76.20528771384136 10.0 1
1.0 76.17403314917127 76.20528771384136 15.0 1
1.0 76.17403314917127 76.20528771384136 15.0 1
1.0 76.17403314917127 76.20528771384136 14.0 1
1.0 76.17403314917127 76.20528771384136 14.0 1
1.0 76.17403314917127 76.20528771384136 15.0 1
1.0 76.17403314917127 76.20528771384136 15.0 1
1.0 76.17403314917127 76.20528771384136 4.0 1
8.0 12.689917127071823 12.908242612752721 77.0 6
8.0 12.689917127071823 12.908242612752721 77.0 6
1.0 76.17403314917127 76.20528771384136 15.0 1
8.0 12.689917127071823 12.908242612752721 77.0 6
1.0 76.17403314917127 76.20528771384136 19.0 1
8.0 12.689917127071823 12.908242612752721 77.0 6
1.0 76.17403314917127 76.20528771384136 15.0 1
1.0 76.17403314917127 76.20528771384136 4.0 1
1.0 76.17403314917127 76.20528771384136 15.0 1
1.0 76.17403314917127 76.20528771384136 4.0 1
1.0 76.17403314917127 76.20528771384136 4.0 1
1.0 76.17403314917127 76.20528771384136 15.0 1
1.0 76.17403314917127 76.20528771384136 7.0 1
1.0 76.17403314917127 76.20528771384136 15.0 1
1.0 76.17403314917127 76.20528771384136 15.0 1
1.0 76.17403314917127 76.20528771384136 16.0 1
1.0 76.17403314917127 76.20528771384136 16.0 1
1.0 76.17403314917127 76.20528771384136 15.0 1
1.0 76.17403314917127 76.20528771384136 15.0 1
1.0 76.17403314917127 76.20528771384136 7.0 1
1.0 76.17403314917127 76.20528771384136 7.0 1
1.0 76.17403314917127 76.20528771384136 16.0 1
1.0 76.17403314917127 76.20528771384136 16.0 1
1.0 76.17403314917127 76.20528771384136 7.0 1
1.0 76.17403314917127 76.20528771384136 11.0 1
9.0 11.947513812154696 12.130637636080872 82.0 6
2.0 52.72790055248618 52.87713841368584 28.0 2
2.0 52.72790055248618 52.87713841368584 28.0 2
4.0 23.308011049723756 23.79471228615863 47.0 4
5.0 17.075276243093924 17.884914463452567 52.0 5
6.0 14.261049723756905 15.552099533437014 64.0 6
7.0 13.55317679558011 14.930015552099535 68.0 6
6.0 14.261049723756905 15.552099533437014 64.0 6
7.0 13.55317679558011 14.930015552099535 68.0 6
1.0 76.17403314917127 76.20528771384136 11.0 1
9.0 11.947513812154696 12.130637636080872 82.0 6
2.0 52.72790055248618 52.87713841368584 28.0 2
3.0 33.062845303867405 33.748055987558324 43.0 3
5.0 17.075276243093924 17.884914463452567 52.0 5
6.0 14.261049723756905 15.552099533437014 64.0 6
7.0 13.55317679558011 14.930015552099535 68.0 6
1.0 76.17403314917127 76.20528771384136 15.0 1
9.0 11.947513812154696 12.130637636080872 82.0 6
5.0 17.075276243093924 17.884914463452567 52.0 5
6.0 14.261049723756905 15.552099533437014 64.0 6
7.0 13.55317679558011 14.930015552099535 68.0 6
1.0 76.17403314917127 76.20528771384136 15.0 1
9.0 11.947513812154696 12.130637636080872 82.0 6
2.0 52.72790055248618 52.87713841368584 28.0 2
5.0 17.075276243093924 17.884914463452567 52.0 5
6.0 14.261049723756905 15.552099533437014 64.0 6
1.0 76.17403314917127 76.20528771384136 11.0 1
9.0 11.947513812154696 12.130637636080872 82.0 6
5.0 17.075276243093924 17.884914463452567 52.0 5
6.0 14.261049723756905 15.552099533437014 64.0 6
1.0 76.17403314917127 76.20528771384136 15.0 1
9.0 11.947513812154696 12.130637636080872 82.0 6
4.0 23.308011049723756 23.79471228615863 47.0 4
6.0 14.261049723756905 15.552099533437014 64.0 6
1.0 76.17403314917127 76.20528771384136 11.0 1
9.0 11.947513812154696 12.130637636080872 82.0 6
