1.0 76.16991883957866 76.24223602484473 10.0 1
8.0 13.054740113969954 14.440993788819876 85.0 6
8.0 13.054740113969954 14.440993788819876 85.0 6
1.0 76.16991883957866 76.24223602484473 10.0 1
8.0 13.054740113969954 14.440993788819876 85.0 6
1.0 76.16991883957866 76.24223602484473 11.0 1
8.0 13.054740113969954 14.440993788819876 85.0 6
1.0 76.16991883957866 76.24223602484473 12.0 1
8.0 13.054740113969954 14.440993788819876 85.0 6
1.0 76.16991883957866 76.24223602484473 11.0 1
8.0 13.054740113969954 14.440993788819876 85.0 6
1.0 76.16991883957866 76.24223602484473 9.0 1
8.0 13.054740113969954 14.440993788819876 85.0 6
1.0 76.16991883957866 76.24223602484473 9.0 1
1.0 76.16991883957866 76.24223602484473 10.0 1
10.0 12.553963046106025 14.285714285714285 114.0 6
4.0 23.8646175099292 23.75776397515528 65.0 4
5.0 18.16611984113279 21.27329192546584 52.0 5
5.0 18.16611984113279 21.27329192546584 52.0 5
8.0 13.054740113969954 14.440993788819876 85.0 6
8.0 13.054740113969954 14.440993788819876 85.0 6
9.0 12.657572094629598 14.285714285714285 97.0 6
9.0 12.657572094629598 14.285714285714285 97.0 6
1.0 76.16991883957866 76.24223602484473 12.0 1
10.0 12.553963046106025 14.285714285714285 114.0 6
5.0 18.16611984113279 21.27329192546584 52.0 5
8.0 13.054740113969954 14.440993788819876 85.0 6
9.0 12.657572094629598 14.285714285714285 97.0 6
10.0 12.553963046106025 14.285714285714285 114.0 6
5.0 18.16611984113279 21.27329192546584 52.0 5
8.0 13.054740113969954 14.440993788819876 85.0 6
10.0 12.553963046106025 14.285714285714285 114.0 6
5.0 18.16611984113279 21.27329192546584 52.0 5
8.0 13.054740113969954 14.440993788819876 85.0 6
9.0 12.657572094629598 14.285714285714285 97.0 6
10.0 12.553963046106025 14.285714285714285 114.0 6
5.0 18.16611984113279 21.27329192546584 52.0 5
8.0 13.054740113969954 14.440993788819876 85.0 6
9.0 12.657572094629598 14.285714285714285 97.0 6
10.0 12.553963046106025 14.285714285714285 114.0 6
5.0 18.16611984113279 21.27329192546584 52.0 5
9.0 12.657572094629598 14.285714285714285 97.0 6
1.0 76.16991883957866 76.24223602484473 7.0 1
9.0 12.657572094629598 14.285714285714285 97.0 6
6.0 15.627698152305303 18.16770186335404 70.0 5
6.0 15.627698152305303 18.16770186335404 70.0 5
8.0 13.054740113969954 14.440993788819876 85.0 6
8.0 13.054740113969954 14.440993788819876 85.0 6
1.0 76.16991883957866 76.24223602484473 7.0 1
9.0 12.657572094629598 14.285714285714285 97.0 6
2.0 52.926955620790885 53.105590062111794 40.0 2
6.0 15.627698152305303 18.16770186335404 70.0 5
8.0 13.054740113969954 14.440993788819876 85.0 6
1.0 76.16991883957866 76.24223602484473 9.0 1
9.0 12.657572094629598 14.285714285714285 97.0 6
2.0 52.926955620790885 53.105590062111794 40.0 2
6.0 15.627698152305303 18.16770186335404 70.0 5
8.0 13.054740113969954 14.440993788819876 85.0 6
1.0 76.16991883957866 76.24223602484473 8.0 1
9.0 12.657572094629598 14.285714285714285 97.0 6
6.0 15.627698152305303 18.16770186335404 70.0 5
8.0 13.054740113969954 14.440993788819876 85.0 6
1.0 76.16991883957866 76.24223602484473 7.0 1
9.0 12.657572094629598 14.285714285714285 97.0 6
6.0 15.627698152305303 18.16770186335404 70.0 5
8.0 13.054740113969954 14.440993788819876 85.0 6
1.0 76.16991883957866 76.24223602484473 7.0 1
9.0 12.657572094629598 14.285714285714285 97.0 6
6.0 15.627698152305303 18.16770186335404 70.0 5
8.0 13.054740113969954 14.440993788819876 85.0 6
1.0 76.16991883957866 76.24223602484473 8.0 1
9.0 12.657572094629598 14.285714285714285 97.0 6
1.0 76.16991883957866 76.24223602484473 11.0 1
7.0 13.555517181833881 16.149068322981368 80.0 6
5.0 18.16611984113279 21.428571428571427 52.0 5
6.0 15.627698152305303 18.16770186335404 70.0 5
5.0 18.16611984113279 21.428571428571427 52.0 5
6.0 15.627698152305303 18.16770186335404 70.0 5
7.0 13.555517181833881 16.149068322981368 80.0 6
1.0 76.16991883957866 76.24223602484473 12.0 1
6.0 15.627698152305303 18.16770186335404 70.0 5
7.0 13.555517181833881 16.149068322981368 80.0 6
1.0 76.16991883957866 76.24223602484473 11.0 1
5.0 18.16611984113279 21.428571428571427 52.0 5
7.0 13.555517181833881 16.149068322981368 80.0 6
1.0 76.16991883957866 76.24223602484473 16.0 1
5.0 18.16611984113279 21.428571428571427 52.0 5
6.0 15.627698152305303 18.16770186335404 70.0 5
7.0 13.555517181833881 16.149068322981368 80.0 6
1.0 76.16991883957866 76.24223602484473 11.0 1
7.0 13.555517181833881 16.149068322981368 80.0 6
6.0 15.627698152305303 18.16770186335404 70.0 5
7.0 13.555517181833881 16.149068322981368 80.0 6
1.0 76.16991883957866 76.24223602484473 11.0 1
6.0 15.627698152305303 18.16770186335404 70.0 5
7.0 13.555517181833881 16.149068322981368 80.0 6
1.0 76.16991883957866 76.24223602484473 11.0 1
6.0 15.627698152305303 18.16770186335404 70.0 5
1.0 76.16991883957866 76.24223602484473 16.0 1
7.0 13.555517181833881 16.149068322981368 80.0 6
6.0 15.627698152305303 18.16770186335404 70.0 5
1.0 76.16991883957866 76.24223602484473 11.0 1
7.0 13.555517181833881 16.149068322981368 80.0 6
6.0 15.627698152305303 18.16770186335404 70.0 5
1.0 76.16991883957866 76.24223602484473 12.0 1
6.0 15.627698152305303 18.16770186335404 70.0 5
1.0 76.16991883957866 76.24223602484473 9.0 1
2.0 52.926955620790885 52.95031055900621 36.0 2
2.0 52.926955620790885 52.95031055900621 36.0 2
3.0 33.206700051804525 33.54037267080746 60.0 3
3.0 33.206700051804525 33.54037267080746 60.0 3
9.0 12.657572094629598 14.285714285714285 97.0 6
9.0 12.657572094629598 14.285714285714285 97.0 6
1.0 76.16991883957866 76.24223602484473 10.0 1
2.0 52.926955620790885 52.95031055900621 36.0 2
3.0 33.206700051804525 33.54037267080746 60.0 3
2.0 52.926955620790885 52.95031055900621 36.0 2
3.0 33.206700051804525 33.54037267080746 60.0 3
1.0 76.16991883957866 76.24223602484473 11.0 1
2.0 52.926955620790885 52.95031055900621 36.0 2
3.0 33.206700051804525 33.54037267080746 60.0 3
2.0 52.926955620790885 52.95031055900621 36.0 2
3.0 33.206700051804525 33.54037267080746 60.0 3
2.0 52.926955620790885 52.95031055900621 36.0 2
3.0 33.206700051804525 33.54037267080746 60.0 3
1.0 76.16991883957866 76.24223602484473 10.0 1
