1.0 76.18718701433258 76.08695652173914 8.0 1
7.0 12.0531859782421 13.975155279503104 80.0 6
2.0 52.80607839751338 52.63975155279503 28.0 2
5.0 15.541357278535658 16.459627329192546 63.0 5
5.0 15.541357278535658 16.459627329192546 63.0 5
6.0 12.502158521844242 14.440993788819876 76.0 6
6.0 12.502158521844242 14.440993788819876 76.0 6
1.0 76.18718701433258 76.08695652173914 9.0 1
7.0 12.0531859782421 13.975155279503104 80.0 6
5.0 15.541357278535658 16.459627329192546 63.0 5
6.0 12.502158521844242 14.440993788819876 76.0 6
1.0 76.18718701433258 76.08695652173914 15.0 1
7.0 12.0531859782421 13.975155279503104 80.0 6
2.0 52.80607839751338 52.63975155279503 28.0 2
5.0 15.541357278535658 16.459627329192546 63.0 5
6.0 12.502158521844242 14.440993788819876 76.0 6
1.0 76.18718701433258 76.08695652173914 8.0 1
7.0 12.0531859782421 13.975155279503104 80.0 6
5.0 15.541357278535658 16.459627329192546 63.0 5
6.0 12.502158521844242 14.440993788819876 76.0 6
1.0 76.18718701433258 76.08695652173914 8.0 1
7.0 12.0531859782421 13.975155279503104 80.0 6
5.0 15.541357278535658 16.459627329192546 63.0 5
6.0 12.502158521844242 14.440993788819876 76.0 6
1.0 76.18718701433258 76.08695652173914 8.0 1
7.0 12.0531859782421 13.975155279503104 80.0 6
2.0 52.80607839751338 52.63975155279503 28.0 2
5.0 15.541357278535658 16.459627329192546 63.0 5
6.0 12.502158521844242 14.440993788819876 76.0 6
1.0 76.18718701433258 76.08695652173914 9.0 1
7.0 12.0531859782421 13.975155279503104 80.0 6
5.0 15.541357278535658 16.459627329192546 63.0 5
6.0 12.502158521844242 14.440993788819876 76.0 6
1.0 76.18718701433258 76.08695652173914 17.0 1
7.0 12.0531859782421 13.975155279503104 80.0 6
2.0 52.80607839751338 52.63975155279503 28.0 2
5.0 15.541357278535658 16.459627329192546 63.0 5
1.0 76.18718701433258 76.08695652173914 8.0 1
7.0 12.0531859782421 13.975155279503104 80.0 6
3.0 33.396649974097734 34.316770186335404 43.0 3
3.0 33.396649974097734 34.316770186335404 43.0 3
1.0 76.18718701433258 76.08695652173914 16.0 1
7.0 12.0531859782421 13.975155279503104 80.0 6
1.0 76.18718701433258 76.08695652173914 16.0 1
7.0 12.0531859782421 13.975155279503104 80.0 6
3.0 33.396649974097734 34.316770186335404 43.0 3
1.0 76.18718701433258 76.08695652173914 16.0 1
7.0 12.0531859782421 13.975155279503104 80.0 6
2.0 52.80607839751338 52.63975155279503 27.0 2
1.0 76.18718701433258 76.08695652173914 16.0 1
7.0 12.0531859782421 13.975155279503104 80.0 6
2.0 52.80607839751338 52.63975155279503 27.0 2
1.0 76.18718701433258 76.08695652173914 16.0 1
7.0 12.0531859782421 13.975155279503104 80.0 6
1.0 76.18718701433258 76.08695652173914 15.0 1
7.0 12.0531859782421 13.975155279503104 80.0 6
1.0 76.18718701433258 76.08695652173914 15.0 1
7.0 12.0531859782421 13.975155279503104 80.0 6
1.0 76.18718701433258 76.08695652173914 16.0 1
7.0 12.0531859782421 13.975155279503104 80.0 6
1.0 76.18718701433258 76.08695652173914 15.0 1
7.0 12.0531859782421 13.975155279503104 80.0 6
1.0 76.18718701433258 76.08695652173914 15.0 1
7.0 12.0531859782421 13.975155279503104 80.0 6
1.0 76.18718701433258 76.08695652173914 15.0 1
1.0 76.18718701433258 76.08695652173914 10.0 1
2.0 52.80607839751338 52.63975155279503 28.0 2
4.0 23.001208772232776 23.75776397515528 53.0 4
7.0 12.0531859782421 13.975155279503104 80.0 6
5.0 15.541357278535658 16.459627329192546 63.0 5
5.0 15.541357278535658 16.459627329192546 63.0 5
6.0 12.502158521844242 14.440993788819876 76.0 6
6.0 12.502158521844242 14.440993788819876 76.0 6
7.0 12.0531859782421 13.975155279503104 80.0 6
1.0 76.18718701433258 76.08695652173914 15.0 1
4.0 23.001208772232776 23.75776397515528 53.0 4
6.0 12.502158521844242 14.440993788819876 76.0 6
7.0 12.0531859782421 13.975155279503104 80.0 6
1.0 76.18718701433258 76.08695652173914 11.0 1
2.0 52.80607839751338 52.63975155279503 28.0 2
5.0 15.541357278535658 16.459627329192546 63.0 5
6.0 12.502158521844242 14.440993788819876 76.0 6
7.0 12.0531859782421 13.975155279503104 80.0 6
1.0 76.18718701433258 76.08695652173914 15.0 1
3.0 33.396649974097734 34.78260869565217 44.0 3
4.0 23.001208772232776 23.75776397515528 53.0 4
5.0 15.541357278535658 16.459627329192546 63.0 5
6.0 12.502158521844242 14.440993788819876 76.0 6
7.0 12.0531859782421 13.975155279503104 80.0 6
1.0 76.18718701433258 76.08695652173914 10.0 1
2.0 52.80607839751338 52.63975155279503 28.0 2
4.0 23.001208772232776 23.75776397515528 53.0 4
6.0 12.502158521844242 14.440993788819876 76.0 6
7.0 12.0531859782421 13.975155279503104 80.0 6
1.0 76.18718701433258 76.08695652173914 11.0 1
2.0 52.80607839751338 52.63975155279503 28.0 2
5.0 15.541357278535658 16.459627329192546 63.0 5
6.0 12.502158521844242 14.440993788819876 76.0 6
7.0 12.0531859782421 13.975155279503104 80.0 6
1.0 76.18718701433258 76.08695652173914 10.0 1
4.0 23.001208772232776 23.75776397515528 53.0 4
5.0 15.541357278535658 16.459627329192546 63.0 5
6.0 12.502158521844242 14.440993788819876 76.0 6
7.0 12.0531859782421 13.975155279503104 80.0 6
1.0 76.18718701433258 76.08695652173914 15.0 1
2.0 52.80607839751338 52.63975155279503 28.0 2
1.0 76.18718701433258 76.08695652173914 6.0 1
2.0 52.80607839751338 52.63975155279503 28.0 2
2.0 52.80607839751338 52.63975155279503 28.0 2
5.0 15.541357278535658 16.459627329192546 63.0 5
5.0 15.541357278535658 16.459627329192546 63.0 5
6.0 12.502158521844242 14.440993788819876 76.0 6
6.0 12.502158521844242 14.440993788819876 76.0 6
7.0 12.0531859782421 13.975155279503104 80.0 6
7.0 12.0531859782421 13.975155279503104 80.0 6
1.0 76.18718701433258 76.08695652173914 14.0 1
2.0 52.80607839751338 52.63975155279503 28.0 2
5.0 15.541357278535658 16.459627329192546 63.0 5
6.0 12.502158521844242 14.440993788819876 76.0 6
7.0 12.0531859782421 13.975155279503104 80.0 6
1.0 76.18718701433258 76.08695652173914 7.0 1
2.0 52.80607839751338 52.63975155279503 28.0 2
5.0 15.541357278535658 16.459627329192546 63.0 5
6.0 12.502158521844242 14.440993788819876 76.0 6
7.0 12.0531859782421 13.975155279503104 80.0 6
1.0 76.18718701433258 76.08695652173914 6.0 1
2.0 52.80607839751338 52.63975155279503 28.0 2
5.0 15.541357278535658 16.459627329192546 63.0 5
6.0 12.502158521844242 14.440993788819876 76.0 6
7.0 12.0531859782421 13.975155279503104 80.0 6
1.0 76.18718701433258 76.08695652173914 6.0 1
2.0 52.80607839751338 52.63975155279503 28.0 2
5.0 15.541357278535658 16.459627329192546 63.0 5
6.0 12.502158521844242 14.440993788819876 76.0 6
7.0 12.0531859782421 13.975155279503104 80.0 6
1.0 76.18718701433258 76.08695652173914 6.0 1
2.0 52.80607839751338 52.63975155279503 28.0 2
5.0 15.541357278535658 16.459627329192546 63.0 5
6.0 12.502158521844242 14.440993788819876 76.0 6
7.0 12.0531859782421 13.975155279503104 80.0 6
1.0 76.18718701433258 76.08695652173914 6.0 1
2.0 52.80607839751338 52.63975155279503 28.0 2
5.0 15.541357278535658 16.459627329192546 63.0 5
6.0 12.502158521844242 14.440993788819876 76.0 6
7.0 12.0531859782421 13.975155279503104 80.0 6
1.0 76.18718701433258 76.08695652173914 14.0 1
2.0 52.80607839751338 52.63975155279503 27.0 2
1.0 76.18718701433258 76.08695652173914 5.0 1
2.0 52.80607839751338 52.63975155279503 30.0 2
2.0 52.80607839751338 52.63975155279503 30.0 2
1.0 76.18718701433258 76.08695652173914 5.0 1
2.0 52.80607839751338 52.63975155279503 30.0 2
2.0 52.80607839751338 52.63975155279503 30.0 2
1.0 76.18718701433258 76.08695652173914 16.0 1
2.0 52.80607839751338 52.63975155279503 30.0 2
1.0 76.18718701433258 76.08695652173914 16.0 1
2.0 52.80607839751338 52.63975155279503 30.0 2
1.0 76.18718701433258 76.08695652173914 5.0 1
2.0 52.80607839751338 52.63975155279503 30.0 2
1.0 76.18718701433258 76.08695652173914 5.0 1
2.0 52.80607839751338 52.63975155279503 30.0 2
1.0 76.18718701433258 76.08695652173914 5.0 1
2.0 52.80607839751338 52.63975155279503 30.0 2
1.0 76.18718701433258 76.08695652173914 5.0 1
2.0 52.80607839751338 52.63975155279503 30.0 2
