1.0 76.16991883957866 76.24223602484473 8.0 1
6.0 13.10654463823174 15.683229813664596 50.0 6
2.0 52.77154204800553 52.79503105590062 18.0 2
1.0 76.16991883957866 76.24223602484473 9.0 1
6.0 13.10654463823174 15.683229813664596 50.0 6
2.0 52.77154204800553 52.79503105590062 18.0 2
1.0 76.16991883957866 76.24223602484473 9.0 1
6.0 13.10654463823174 15.683229813664596 50.0 6
2.0 52.77154204800553 52.79503105590062 18.0 2
1.0 76.16991883957866 76.24223602484473 9.0 1
6.0 13.10654463823174 15.683229813664596 50.0 6
2.0 52.77154204800553 52.79503105590062 18.0 2
1.0 76.16991883957866 76.24223602484473 9.0 1
6.0 13.10654463823174 15.683229813664596 50.0 6
1.0 76.16991883957866 76.24223602484473 8.0 1
6.0 13.10654463823174 15.683229813664596 50.0 6
2.0 52.77154204800553 52.79503105590062 18.0 2
1.0 76.16991883957866 76.24223602484473 10.0 1
6.0 13.10654463823174 15.683229813664596 50.0 6
2.0 52.77154204800553 52.79503105590062 18.0 2
1.0 76.16991883957866 76.24223602484473 8.0 1
6.0 13.10654463823174 15.683229813664596 50.0 6
2.0 52.77154204800553 52.79503105590062 18.0 2
1.0 76.16991883957866 76.24223602484473 10.0 1
6.0 13.10654463823174 15.683229813664596 50.0 6
2.0 52.77154204800553 52.79503105590062 18.0 2
1.0 76.16991883957866 76.24223602484473 9.0 1
6.0 13.10654463823174 15.683229813664596 50.0 6
2.0 52.77154204800553 52.79503105590062 18.0 2
1.0 76.16991883957866 76.24223602484473 9.0 1
6.0 13.10654463823174 15.683229813664596 50.0 6
2.0 52.77154204800553 52.79503105590062 18.0 2
1.0 76.16991883957866 76.24223602484473 9.0 1
1.0 76.16991883957866 76.24223602484473 5.0 1
4.0 22.84579519944742 23.91304347826087 36.0 4
4.0 22.84579519944742 23.91304347826087 36.0 4
5.0 15.593161802797445 17.857142857142858 43.0 5
5.0 15.593161802797445 17.857142857142858 43.0 5
6.0 13.10654463823174 15.683229813664596 50.0 6
6.0 13.10654463823174 15.683229813664596 50.0 6
1.0 76.16991883957866 76.24223602484473 5.0 1
4.0 22.84579519944742 23.91304347826087 36.0 4
5.0 15.593161802797445 17.857142857142858 43.0 5
6.0 13.10654463823174 15.683229813664596 50.0 6
1.0 76.16991883957866 76.24223602484473 10.0 1
4.0 22.84579519944742 23.91304347826087 36.0 4
5.0 15.593161802797445 17.857142857142858 43.0 5
6.0 13.10654463823174 15.683229813664596 50.0 6
1.0 76.16991883957866 76.24223602484473 10.0 1
4.0 22.84579519944742 23.91304347826087 36.0 4
5.0 15.593161802797445 17.857142857142858 43.0 5
6.0 13.10654463823174 15.683229813664596 50.0 6
1.0 76.16991883957866 76.24223602484473 9.0 1
4.0 22.84579519944742 23.91304347826087 36.0 4
5.0 15.593161802797445 17.857142857142858 43.0 5
6.0 13.10654463823174 15.683229813664596 50.0 6
1.0 76.16991883957866 76.24223602484473 9.0 1
4.0 22.84579519944742 23.91304347826087 36.0 4
5.0 15.593161802797445 17.857142857142858 43.0 5
6.0 13.10654463823174 15.683229813664596 50.0 6
1.0 76.16991883957866 76.24223602484473 6.0 1
4.0 22.84579519944742 23.91304347826087 36.0 4
5.0 15.593161802797445 17.857142857142858 43.0 5
1.0 76.16991883957866 76.24223602484473 5.0 1
4.0 22.84579519944742 23.91304347826087 36.0 4
5.0 15.593161802797445 17.857142857142858 43.0 5
1.0 76.16991883957866 76.24223602484473 9.0 1
4.0 22.84579519944742 23.91304347826087 36.0 4
5.0 15.593161802797445 17.857142857142858 43.0 5
1.0 76.16991883957866 76.24223602484473 6.0 1
1.0 76.16991883957866 76.24223602484473 10.0 1
1.0 76.16991883957866 76.24223602484473 10.0 1
1.0 76.16991883957866 76.24223602484473 11.0 1
1.0 76.16991883957866 76.24223602484473 11.0 1
1.0 76.16991883957866 76.24223602484473 9.0 1
1.0 76.16991883957866 76.24223602484473 9.0 1
1.0 76.16991883957866 76.24223602484473 10.0 1
1.0 76.16991883957866 76.24223602484473 9.0 1
1.0 76.16991883957866 76.24223602484473 11.0 1
1.0 76.16991883957866 76.24223602484473 9.0 1
1.0 76.16991883957866 76.24223602484473 9.0 1
1.0 76.16991883957866 76.24223602484473 9.0 1
1.0 76.16991883957866 76.24223602484473 9.0 1
1.0 76.16991883957866 76.24223602484473 10.0 1
1.0 76.16991883957866 76.24223602484473 9.0 1
1.0 76.16991883957866 76.24223602484473 9.0 1
1.0 76.16991883957866 76.24223602484473 9.0 1
1.0 76.16991883957866 76.24223602484473 11.0 1
1.0 76.16991883957866 76.24223602484473 12.0 1
1.0 76.16991883957866 76.24223602484473 13.0 1
1.0 76.16991883957866 76.24223602484473 12.0 1
1.0 76.16991883957866 76.24223602484473 11.0 1
1.0 76.16991883957866 76.24223602484473 13.0 1
1.0 76.16991883957866 76.24223602484473 13.0 1
1.0 76.16991883957866 76.24223602484473 11.0 1
1.0 76.16991883957866 76.24223602484473 12.0 1
1.0 76.16991883957866 76.24223602484473 11.0 1
1.0 76.16991883957866 76.24223602484473 9.0 1
1.0 76.16991883957866 76.24223602484473 13.0 1
1.0 76.16991883957866 76.24223602484473 9.0 1
3.0 33.13762735278881 34.161490683229815 29.0 3
