1.0 76.18718701433258 76.08695652173914 8.0 1
2.0 52.875151096529095 52.63975155279503 49.0 2
3.0 33.189431877050595 33.85093167701863 75.0 3
3.0 33.189431877050595 33.85093167701863 75.0 3
4.0 23.48471766534277 24.22360248447205 79.0 4
4.0 23.48471766534277 24.22360248447205 79.0 4
5.0 17.59627007425315 18.16770186335404 84.0 5
5.0 17.59627007425315 18.16770186335404 84.0 5
9.0 12.916594715938526 13.975155279503104 129.0 6
9.0 12.916594715938526 13.975155279503104 129.0 6
1.0 76.18718701433258 76.08695652173914 26.0 1
4.0 23.48471766534277 24.22360248447205 79.0 4
5.0 17.59627007425315 18.16770186335404 84.0 5
8.0 13.538249007079953 14.440993788819876 126.0 6
9.0 12.916594715938526 13.975155279503104 129.0 6
1.0 76.18718701433258 76.08695652173914 26.0 1
3.0 33.189431877050595 33.85093167701863 75.0 3
4.0 23.48471766534277 24.22360248447205 79.0 4
9.0 12.916594715938526 13.975155279503104 129.0 6
1.0 76.18718701433258 76.08695652173914 25.0 1
3.0 33.189431877050595 33.85093167701863 75.0 3
4.0 23.48471766534277 24.22360248447205 79.0 4
8.0 13.538249007079953 14.440993788819876 126.0 6
3.0 33.189431877050595 33.85093167701863 75.0 3
1.0 76.18718701433258 76.08695652173914 10.0 1
1.0 76.18718701433258 76.08695652173914 25.0 1
1.0 76.18718701433258 76.08695652173914 25.0 1
1.0 76.18718701433258 76.08695652173914 13.0 1
12.0 12.657572094629598 12.577639751552795 186.0 6
10.0 12.847522016922811 12.888198757763975 146.0 6
1.0 76.18718701433258 76.08695652173914 13.0 1
12.0 12.657572094629598 12.577639751552795 186.0 6
1.0 76.18718701433258 76.08695652173914 24.0 1
12.0 12.657572094629598 12.577639751552795 186.0 6
1.0 76.18718701433258 76.08695652173914 13.0 1
12.0 12.657572094629598 12.577639751552795 186.0 6
1.0 76.18718701433258 76.08695652173914 14.0 1
1.0 76.18718701433258 76.08695652173914 13.0 1
1.0 76.18718701433258 76.08695652173914 15.0 1
1.0 76.18718701433258 76.08695652173914 23.0 1
1.0 76.18718701433258 76.08695652173914 13.0 1
1.0 76.18718701433258 76.08695652173914 10.0 1
7.0 14.522534968053877 13.819875776397517 99.0 6
7.0 14.522534968053877 13.819875776397517 99.0 6
11.0 12.812985667414956 13.043478260869565 159.0 6
11.0 12.812985667414956 13.043478260869565 159.0 6
1.0 76.18718701433258 76.08695652173914 10.0 1
7.0 14.522534968053877 13.819875776397517 99.0 6
11.0 12.812985667414956 13.043478260869565 159.0 6
1.0 76.18718701433258 76.08695652173914 11.0 1
7.0 14.522534968053877 13.819875776397517 99.0 6
1.0 76.18718701433258 76.08695652173914 10.0 1
7.0 14.522534968053877 13.819875776397517 99.0 6
11.0 12.812985667414956 13.043478260869565 159.0 6
1.0 76.18718701433258 76.08695652173914 10.0 1
7.0 14.522534968053877 13.819875776397517 99.0 6
11.0 12.812985667414956 13.043478260869565 159.0 6
1.0 76.18718701433258 76.08695652173914 11.0 1
7.0 14.522534968053877 13.819875776397517 99.0 6
11.0 12.812985667414956 13.043478260869565 159.0 6
1.0 76.18718701433258 76.08695652173914 10.0 1
7.0 14.522534968053877 13.819875776397517 99.0 6
11.0 12.812985667414956 13.043478260869565 159.0 6
1.0 76.18718701433258 76.08695652173914 7.0 1
6.0 15.541357278535658 15.217391304347828 100.0 6
6.0 15.541357278535658 15.217391304347828 100.0 6
1.0 76.18718701433258 76.08695652173914 7.0 1
6.0 15.541357278535658 15.217391304347828 100.0 6
1.0 76.18718701433258 76.08695652173914 7.0 1
6.0 15.541357278535658 15.217391304347828 100.0 6
1.0 76.18718701433258 76.08695652173914 11.0 1
6.0 15.541357278535658 15.217391304347828 100.0 6
1.0 76.18718701433258 76.08695652173914 7.0 1
1.0 76.18718701433258 76.08695652173914 3.0 1
1.0 76.18718701433258 76.08695652173914 3.0 1
1.0 76.18718701433258 76.08695652173914 3.0 1
1.0 76.18718701433258 76.08695652173914 3.0 1
1.0 76.18718701433258 76.08695652173914 4.0 1
1.0 76.18718701433258 76.08695652173914 7.0 1
1.0 76.18718701433258 76.08695652173914 4.0 1
1.0 76.18718701433258 76.08695652173914 5.0 1
1.0 76.18718701433258 76.08695652173914 5.0 1
1.0 76.18718701433258 76.08695652173914 4.0 1
1.0 76.18718701433258 76.08695652173914 4.0 1
