1.0 76.18718701433258 76.08695652173914 7.0 1
9.0 12.191331376273528 12.732919254658384 88.0 6
3.0 33.53479537212917 33.07453416149068 38.0 3
6.0 13.21015368675531 13.198757763975156 57.0 6
6.0 13.21015368675531 13.198757763975156 57.0 6
8.0 12.225867725781384 12.732919254658384 73.0 6
8.0 12.225867725781384 12.732919254658384 73.0 6
1.0 76.18718701433258 76.08695652173914 15.0 1
9.0 12.191331376273528 12.732919254658384 88.0 6
3.0 33.53479537212917 33.07453416149068 38.0 3
6.0 13.21015368675531 13.198757763975156 57.0 6
8.0 12.225867725781384 12.732919254658384 73.0 6
1.0 76.18718701433258 76.08695652173914 14.0 1
3.0 33.53479537212917 33.07453416149068 38.0 3
6.0 13.21015368675531 13.198757763975156 57.0 6
8.0 12.225867725781384 12.732919254658384 73.0 6
1.0 76.18718701433258 76.08695652173914 9.0 1
3.0 33.53479537212917 33.07453416149068 38.0 3
6.0 13.21015368675531 13.198757763975156 57.0 6
8.0 12.225867725781384 12.732919254658384 73.0 6
1.0 76.18718701433258 76.08695652173914 14.0 1
3.0 33.53479537212917 33.07453416149068 38.0 3
6.0 13.21015368675531 13.198757763975156 57.0 6
8.0 12.225867725781384 12.732919254658384 73.0 6
3.0 33.53479537212917 33.07453416149068 38.0 3
6.0 13.21015368675531 13.198757763975156 57.0 6
8.0 12.225867725781384 12.732919254658384 73.0 6
1.0 76.18718701433258 76.08695652173914 14.0 1
1.0 76.18718701433258 76.08695652173914 7.0 1
8.0 12.225867725781384 12.732919254658384 73.0 6
3.0 33.53479537212917 33.22981366459628 34.0 3
5.0 15.97306164738387 15.683229813664596 43.0 5
5.0 15.97306164738387 15.683229813664596 43.0 5
6.0 13.21015368675531 13.198757763975156 57.0 6
6.0 13.21015368675531 13.198757763975156 57.0 6
7.0 12.502158521844242 12.888198757763975 61.0 6
1.0 76.18718701433258 76.08695652173914 14.0 1
8.0 12.225867725781384 12.732919254658384 73.0 6
5.0 15.97306164738387 15.683229813664596 43.0 5
6.0 13.21015368675531 13.198757763975156 57.0 6
7.0 12.502158521844242 12.888198757763975 61.0 6
1.0 76.18718701433258 76.08695652173914 11.0 1
8.0 12.225867725781384 12.732919254658384 73.0 6
5.0 15.97306164738387 15.683229813664596 43.0 5
6.0 13.21015368675531 13.198757763975156 57.0 6
1.0 76.18718701433258 76.08695652173914 11.0 1
8.0 12.225867725781384 12.732919254658384 73.0 6
5.0 15.97306164738387 15.683229813664596 43.0 5
6.0 13.21015368675531 13.198757763975156 57.0 6
7.0 12.502158521844242 12.888198757763975 61.0 6
1.0 76.18718701433258 76.08695652173914 8.0 1
8.0 12.225867725781384 12.732919254658384 73.0 6
5.0 15.97306164738387 15.683229813664596 43.0 5
1.0 76.18718701433258 76.08695652173914 11.0 1
8.0 12.225867725781384 12.732919254658384 73.0 6
5.0 15.97306164738387 15.683229813664596 43.0 5
7.0 12.502158521844242 12.888198757763975 61.0 6
1.0 76.18718701433258 76.08695652173914 11.0 1
8.0 12.225867725781384 12.732919254658384 73.0 6
5.0 15.97306164738387 15.683229813664596 43.0 5
1.0 76.18718701433258 76.08695652173914 11.0 1
8.0 12.225867725781384 12.732919254658384 73.0 6
5.0 15.97306164738387 15.683229813664596 43.0 5
1.0 76.18718701433258 76.08695652173914 8.0 1
8.0 12.225867725781384 12.732919254658384 73.0 6
1.0 76.18718701433258 76.08695652173914 7.0 1
2.0 52.909687446036955 52.79503105590062 28.0 2
6.0 13.21015368675531 13.198757763975156 57.0 6
6.0 13.21015368675531 13.198757763975156 57.0 6
1.0 76.18718701433258 76.08695652173914 8.0 1
2.0 52.909687446036955 52.79503105590062 28.0 2
6.0 13.21015368675531 13.198757763975156 57.0 6
1.0 76.18718701433258 76.08695652173914 7.0 1
2.0 52.909687446036955 52.79503105590062 28.0 2
6.0 13.21015368675531 13.198757763975156 57.0 6
1.0 76.18718701433258 76.08695652173914 7.0 1
2.0 52.909687446036955 52.79503105590062 28.0 2
6.0 13.21015368675531 13.198757763975156 57.0 6
1.0 76.18718701433258 76.08695652173914 7.0 1
2.0 52.909687446036955 52.79503105590062 28.0 2
6.0 13.21015368675531 13.198757763975156 57.0 6
1.0 76.18718701433258 76.08695652173914 7.0 1
2.0 52.909687446036955 52.79503105590062 28.0 2
6.0 13.21015368675531 13.198757763975156 57.0 6
1.0 76.18718701433258 76.08695652173914 7.0 1
2.0 52.909687446036955 52.79503105590062 28.0 2
6.0 13.21015368675531 13.198757763975156 57.0 6
1.0 76.18718701433258 76.08695652173914 7.0 1
2.0 52.909687446036955 52.79503105590062 28.0 2
6.0 13.21015368675531 13.198757763975156 57.0 6
1.0 76.18718701433258 76.08695652173914 10.0 1
6.0 13.21015368675531 13.198757763975156 57.0 6
1.0 76.18718701433258 76.08695652173914 8.0 1
2.0 52.909687446036955 52.79503105590062 28.0 2
6.0 13.21015368675531 13.198757763975156 57.0 6
1.0 76.18718701433258 76.08695652173914 9.0 1
1.0 76.18718701433258 76.08695652173914 6.0 1
8.0 12.225867725781384 12.732919254658384 73.0 6
8.0 12.225867725781384 12.732919254658384 73.0 6
1.0 76.18718701433258 76.08695652173914 13.0 1
8.0 12.225867725781384 12.732919254658384 73.0 6
1.0 76.18718701433258 76.08695652173914 6.0 1
8.0 12.225867725781384 12.732919254658384 73.0 6
1.0 76.18718701433258 76.08695652173914 12.0 1
8.0 12.225867725781384 12.732919254658384 73.0 6
1.0 76.18718701433258 76.08695652173914 12.0 1
8.0 12.225867725781384 12.732919254658384 73.0 6
1.0 76.18718701433258 76.08695652173914 12.0 1
8.0 12.225867725781384 12.732919254658384 73.0 6
1.0 76.18718701433258 76.08695652173914 11.0 1
1.0 76.18718701433258 76.08695652173914 8.0 1
8.0 12.225867725781384 12.732919254658384 73.0 6
8.0 12.225867725781384 12.732919254658384 73.0 6
1.0 76.18718701433258 76.08695652173914 8.0 1
8.0 12.225867725781384 12.732919254658384 73.0 6
8.0 12.225867725781384 12.732919254658384 73.0 6
4.0 23.691935762389914 22.82608695652174 40.0 4
1.0 76.18718701433258 76.08695652173914 7.0 1
8.0 12.225867725781384 12.732919254658384 73.0 6
4.0 23.691935762389914 22.82608695652174 40.0 4
1.0 76.18718701433258 76.08695652173914 9.0 1
8.0 12.225867725781384 12.732919254658384 73.0 6
1.0 76.18718701433258 76.08695652173914 9.0 1
8.0 12.225867725781384 12.732919254658384 73.0 6
1.0 76.18718701433258 76.08695652173914 8.0 1
8.0 12.225867725781384 12.732919254658384 73.0 6
4.0 23.691935762389914 22.82608695652174 40.0 4
1.0 76.18718701433258 76.08695652173914 8.0 1
8.0 12.225867725781384 12.732919254658384 73.0 6
8.0 12.225867725781384 12.732919254658384 73.0 6
4.0 23.691935762389914 22.82608695652174 40.0 4
8.0 12.225867725781384 12.732919254658384 73.0 6
6.0 13.21015368675531 13.198757763975156 57.0 6
