1.0 76.16991883957866 76.24223602484473 11.0 1
10.0 11.828699706441029 12.732919254658384 94.0 6
6.0 13.762735278881022 13.819875776397517 66.0 6
6.0 13.762735278881022 13.819875776397517 66.0 6
7.0 12.98566741495424 13.043478260869565 75.0 6
7.0 12.98566741495424 13.043478260869565 75.0 6
8.0 12.623035745121742 12.732919254658384 77.0 6
8.0 12.623035745121742 12.732919254658384 77.0 6
1.0 76.16991883957866 76.24223602484473 14.0 1
10.0 11.828699706441029 12.732919254658384 94.0 6
6.0 13.762735278881022 13.819875776397517 66.0 6
7.0 12.98566741495424 13.043478260869565 75.0 6
8.0 12.623035745121742 12.732919254658384 77.0 6
10.0 11.828699706441029 12.732919254658384 94.0 6
6.0 13.762735278881022 13.819875776397517 66.0 6
7.0 12.98566741495424 13.043478260869565 75.0 6
8.0 12.623035745121742 12.732919254658384 77.0 6
10.0 11.828699706441029 12.732919254658384 94.0 6
6.0 13.762735278881022 13.819875776397517 66.0 6
7.0 12.98566741495424 13.043478260869565 75.0 6
8.0 12.623035745121742 12.732919254658384 77.0 6
10.0 11.828699706441029 12.732919254658384 94.0 6
6.0 13.762735278881022 13.819875776397517 66.0 6
7.0 12.98566741495424 13.043478260869565 75.0 6
8.0 12.623035745121742 12.732919254658384 77.0 6
1.0 76.16991883957866 76.24223602484473 14.0 1
10.0 11.828699706441029 12.732919254658384 94.0 6
2.0 52.78881022275945 52.79503105590062 26.0 2
6.0 13.762735278881022 13.819875776397517 66.0 6
7.0 12.98566741495424 13.043478260869565 75.0 6
8.0 12.623035745121742 12.732919254658384 77.0 6
1.0 76.16991883957866 76.24223602484473 14.0 1
10.0 11.828699706441029 12.732919254658384 94.0 6
2.0 52.78881022275945 52.79503105590062 26.0 2
6.0 13.762735278881022 13.819875776397517 66.0 6
7.0 12.98566741495424 13.043478260869565 75.0 6
8.0 12.623035745121742 12.732919254658384 77.0 6
1.0 76.16991883957866 76.24223602484473 14.0 1
10.0 11.828699706441029 12.732919254658384 94.0 6
1.0 76.16991883957866 76.24223602484473 4.0 1
9.0 12.070454152996028 12.732919254658384 84.0 6
10.0 11.828699706441029 12.732919254658384 94.0 6
9.0 12.070454152996028 12.732919254658384 84.0 6
10.0 11.828699706441029 12.732919254658384 94.0 6
1.0 76.16991883957866 76.24223602484473 13.0 1
1.0 76.16991883957866 76.24223602484473 14.0 1
1.0 76.16991883957866 76.24223602484473 14.0 1
10.0 11.828699706441029 12.732919254658384 94.0 6
1.0 76.16991883957866 76.24223602484473 4.0 1
10.0 11.828699706441029 12.732919254658384 94.0 6
1.0 76.16991883957866 76.24223602484473 4.0 1
10.0 11.828699706441029 12.732919254658384 94.0 6
1.0 76.16991883957866 76.24223602484473 15.0 1
1.0 76.16991883957866 76.24223602484473 6.0 1
2.0 52.78881022275945 52.95031055900621 25.0 2
4.0 23.622863063374204 23.91304347826087 51.0 4
9.0 12.070454152996028 12.732919254658384 84.0 6
9.0 12.070454152996028 12.732919254658384 84.0 6
10.0 11.828699706441029 12.732919254658384 94.0 6
10.0 11.828699706441029 12.732919254658384 94.0 6
1.0 76.16991883957866 76.24223602484473 6.0 1
2.0 52.78881022275945 52.95031055900621 25.0 2
9.0 12.070454152996028 12.732919254658384 84.0 6
10.0 11.828699706441029 12.732919254658384 94.0 6
1.0 76.16991883957866 76.24223602484473 7.0 1
2.0 52.78881022275945 52.95031055900621 25.0 2
9.0 12.070454152996028 12.732919254658384 84.0 6
10.0 11.828699706441029 12.732919254658384 94.0 6
1.0 76.16991883957866 76.24223602484473 8.0 1
2.0 52.78881022275945 52.95031055900621 25.0 2
9.0 12.070454152996028 12.732919254658384 84.0 6
10.0 11.828699706441029 12.732919254658384 94.0 6
1.0 76.16991883957866 76.24223602484473 7.0 1
2.0 52.78881022275945 52.95031055900621 25.0 2
9.0 12.070454152996028 12.732919254658384 84.0 6
10.0 11.828699706441029 12.732919254658384 94.0 6
1.0 76.16991883957866 76.24223602484473 15.0 1
2.0 52.78881022275945 52.95031055900621 25.0 2
9.0 12.070454152996028 12.732919254658384 84.0 6
10.0 11.828699706441029 12.732919254658384 94.0 6
1.0 76.16991883957866 76.24223602484473 6.0 1
2.0 52.78881022275945 52.95031055900621 25.0 2
9.0 12.070454152996028 12.732919254658384 84.0 6
10.0 11.828699706441029 12.732919254658384 94.0 6
1.0 76.16991883957866 76.24223602484473 13.0 1
1.0 76.16991883957866 76.24223602484473 10.0 1
10.0 11.828699706441029 12.732919254658384 94.0 6
6.0 13.762735278881022 13.819875776397517 66.0 6
6.0 13.762735278881022 13.819875776397517 66.0 6
1.0 76.16991883957866 76.24223602484473 10.0 1
10.0 11.828699706441029 12.732919254658384 94.0 6
6.0 13.762735278881022 13.819875776397517 66.0 6
1.0 76.16991883957866 76.24223602484473 13.0 1
10.0 11.828699706441029 12.732919254658384 94.0 6
6.0 13.762735278881022 13.819875776397517 66.0 6
1.0 76.16991883957866 76.24223602484473 13.0 1
10.0 11.828699706441029 12.732919254658384 94.0 6
6.0 13.762735278881022 13.819875776397517 66.0 6
1.0 76.16991883957866 76.24223602484473 13.0 1
10.0 11.828699706441029 12.732919254658384 94.0 6
2.0 52.78881022275945 52.95031055900621 26.0 2
6.0 13.762735278881022 13.819875776397517 66.0 6
1.0 76.16991883957866 76.24223602484473 13.0 1
10.0 11.828699706441029 12.732919254658384 94.0 6
2.0 52.78881022275945 52.95031055900621 27.0 2
6.0 13.762735278881022 13.819875776397517 66.0 6
1.0 76.16991883957866 76.24223602484473 8.0 1
10.0 11.828699706441029 12.732919254658384 94.0 6
3.0 33.82835434294595 34.47204968944099 42.0 3
5.0 16.283888792954585 16.459627329192546 56.0 5
5.0 16.283888792954585 16.459627329192546 56.0 5
6.0 13.762735278881022 13.819875776397517 66.0 6
6.0 13.762735278881022 13.819875776397517 66.0 6
1.0 76.16991883957866 76.24223602484473 13.0 1
10.0 11.828699706441029 12.732919254658384 94.0 6
5.0 16.283888792954585 16.459627329192546 56.0 5
6.0 13.762735278881022 13.819875776397517 66.0 6
1.0 76.16991883957866 76.24223602484473 13.0 1
10.0 11.828699706441029 12.732919254658384 94.0 6
5.0 16.283888792954585 16.459627329192546 56.0 5
6.0 13.762735278881022 13.819875776397517 66.0 6
1.0 76.16991883957866 76.24223602484473 14.0 1
10.0 11.828699706441029 12.732919254658384 94.0 6
3.0 33.82835434294595 34.47204968944099 42.0 3
5.0 16.283888792954585 16.459627329192546 56.0 5
6.0 13.762735278881022 13.819875776397517 66.0 6
1.0 76.16991883957866 76.24223602484473 13.0 1
10.0 11.828699706441029 12.732919254658384 94.0 6
5.0 16.283888792954585 16.459627329192546 56.0 5
6.0 13.762735278881022 13.819875776397517 66.0 6
1.0 76.16991883957866 76.24223602484473 13.0 1
3.0 33.82835434294595 34.47204968944099 42.0 3
5.0 16.283888792954585 16.459627329192546 56.0 5
6.0 13.762735278881022 13.819875776397517 66.0 6
1.0 76.16991883957866 76.24223602484473 8.0 1
10.0 11.828699706441029 12.732919254658384 94.0 6
1.0 76.16991883957866 76.24223602484473 8.0 1
10.0 11.828699706441029 12.732919254658384 94.0 6
