1.0 76.17403314917127 76.20528771384136 9.0 1
4.0 23.964088397790057 24.10575427682737 40.0 4
4.0 23.964088397790057 24.10575427682737 40.0 4
5.0 16.453729281767956 18.040435458786934 43.0 5
5.0 16.453729281767956 18.040435458786934 43.0 5
7.0 12.603591160220995 15.085536547433904 57.0 6
7.0 12.603591160220995 15.085536547433904 57.0 6
8.0 11.982044198895029 15.552099533437014 66.0 6
8.0 11.982044198895029 15.552099533437014 66.0 6
4.0 23.964088397790057 24.10575427682737 40.0 4
5.0 16.453729281767956 18.040435458786934 43.0 5
7.0 12.603591160220995 15.085536547433904 57.0 6
8.0 11.982044198895029 15.552099533437014 66.0 6
1.0 76.17403314917127 76.20528771384136 9.0 1
4.0 23.964088397790057 24.10575427682737 40.0 4
5.0 16.453729281767956 18.040435458786934 43.0 5
7.0 12.603591160220995 15.085536547433904 57.0 6
8.0 11.982044198895029 15.552099533437014 66.0 6
1.0 76.17403314917127 76.20528771384136 9.0 1
5.0 16.453729281767956 18.040435458786934 43.0 5
7.0 12.603591160220995 15.085536547433904 57.0 6
1.0 76.17403314917127 76.20528771384136 9.0 1
8.0 11.982044198895029 15.552099533437014 66.0 6
4.0 23.964088397790057 24.10575427682737 40.0 4
5.0 16.453729281767956 18.040435458786934 43.0 5
7.0 12.603591160220995 15.085536547433904 57.0 6
1.0 76.17403314917127 76.20528771384136 9.0 1
8.0 11.982044198895029 15.552099533437014 66.0 6
5.0 16.453729281767956 18.040435458786934 43.0 5
7.0 12.603591160220995 15.085536547433904 57.0 6
8.0 11.982044198895029 15.552099533437014 66.0 6
5.0 16.453729281767956 18.040435458786934 43.0 5
7.0 12.603591160220995 15.085536547433904 57.0 6
8.0 11.982044198895029 15.552099533437014 66.0 6
5.0 16.453729281767956 18.040435458786934 43.0 5
7.0 12.603591160220995 15.085536547433904 57.0 6
8.0 11.982044198895029 15.552099533437014 66.0 6
5.0 16.453729281767956 18.040435458786934 43.0 5
7.0 12.603591160220995 15.085536547433904 57.0 6
1.0 76.17403314917127 76.20528771384136 9.0 1
1.0 76.17403314917127 76.20528771384136 9.0 1
8.0 11.982044198895029 15.552099533437014 66.0 6
4.0 23.964088397790057 25.038880248833596 46.0 4
4.0 23.964088397790057 25.038880248833596 46.0 4
6.0 13.950276243093922 15.241057542768274 53.0 6
6.0 13.950276243093922 15.241057542768274 53.0 6
8.0 11.982044198895029 15.552099533437014 66.0 6
1.0 76.17403314917127 76.20528771384136 9.0 1
4.0 23.964088397790057 25.038880248833596 46.0 4
6.0 13.950276243093922 15.241057542768274 53.0 6
8.0 11.982044198895029 15.552099533437014 66.0 6
4.0 23.964088397790057 25.038880248833596 46.0 4
6.0 13.950276243093922 15.241057542768274 53.0 6
8.0 11.982044198895029 15.552099533437014 66.0 6
4.0 23.964088397790057 25.038880248833596 46.0 4
6.0 13.950276243093922 15.241057542768274 53.0 6
8.0 11.982044198895029 15.552099533437014 66.0 6
4.0 23.964088397790057 25.038880248833596 46.0 4
6.0 13.950276243093922 15.241057542768274 53.0 6
8.0 11.982044198895029 15.552099533437014 66.0 6
4.0 23.964088397790057 25.038880248833596 46.0 4
6.0 13.950276243093922 15.241057542768274 53.0 6
8.0 11.982044198895029 15.552099533437014 66.0 6
1.0 76.17403314917127 76.20528771384136 9.0 1
4.0 23.964088397790057 25.038880248833596 46.0 4
1.0 76.17403314917127 76.20528771384136 7.0 1
4.0 23.964088397790057 24.883359253499222 42.0 4
4.0 23.964088397790057 24.883359253499222 42.0 4
6.0 13.950276243093922 15.241057542768274 53.0 6
6.0 13.950276243093922 15.241057542768274 53.0 6
8.0 11.982044198895029 15.552099533437014 66.0 6
8.0 11.982044198895029 15.552099533437014 66.0 6
1.0 76.17403314917127 76.20528771384136 13.0 1
4.0 23.964088397790057 24.883359253499222 42.0 4
6.0 13.950276243093922 15.241057542768274 53.0 6
8.0 11.982044198895029 15.552099533437014 66.0 6
1.0 76.17403314917127 76.20528771384136 13.0 1
6.0 13.950276243093922 15.241057542768274 53.0 6
8.0 11.982044198895029 15.552099533437014 66.0 6
1.0 76.17403314917127 76.20528771384136 14.0 1
4.0 23.964088397790057 24.883359253499222 42.0 4
6.0 13.950276243093922 15.241057542768274 53.0 6
8.0 11.982044198895029 15.552099533437014 66.0 6
1.0 76.17403314917127 76.20528771384136 7.0 1
6.0 13.950276243093922 15.241057542768274 53.0 6
8.0 11.982044198895029 15.552099533437014 66.0 6
1.0 76.17403314917127 76.20528771384136 14.0 1
4.0 23.964088397790057 24.883359253499222 42.0 4
6.0 13.950276243093922 15.241057542768274 53.0 6
8.0 11.982044198895029 15.552099533437014 66.0 6
1.0 76.17403314917127 76.20528771384136 9.0 1
4.0 23.964088397790057 24.883359253499222 42.0 4
6.0 13.950276243093922 15.241057542768274 53.0 6
8.0 11.982044198895029 15.552099533437014 66.0 6
1.0 76.17403314917127 76.20528771384136 7.0 1
1.0 76.17403314917127 76.20528771384136 14.0 1
9.0 11.93024861878453 15.396578538102643 78.0 6
2.0 52.77969613259669 52.87713841368584 25.0 2
3.0 33.598066298342545 34.68118195956454 39.0 3
3.0 33.598066298342545 34.68118195956454 39.0 3
6.0 13.950276243093922 15.241057542768274 53.0 6
6.0 13.950276243093922 15.241057542768274 53.0 6
9.0 11.93024861878453 15.396578538102643 78.0 6
2.0 52.77969613259669 52.87713841368584 25.0 2
6.0 13.950276243093922 15.241057542768274 53.0 6
9.0 11.93024861878453 15.396578538102643 78.0 6
6.0 13.950276243093922 15.241057542768274 53.0 6
9.0 11.93024861878453 15.396578538102643 78.0 6
2.0 52.77969613259669 52.87713841368584 25.0 2
6.0 13.950276243093922 15.241057542768274 53.0 6
1.0 76.17403314917127 76.20528771384136 14.0 1
9.0 11.93024861878453 15.396578538102643 78.0 6
2.0 52.77969613259669 52.87713841368584 25.0 2
6.0 13.950276243093922 15.241057542768274 53.0 6
9.0 11.93024861878453 15.396578538102643 78.0 6
2.0 52.77969613259669 52.87713841368584 25.0 2
6.0 13.950276243093922 15.241057542768274 53.0 6
9.0 11.93024861878453 15.396578538102643 78.0 6
2.0 52.77969613259669 52.87713841368584 25.0 2
6.0 13.950276243093922 15.241057542768274 53.0 6
9.0 11.93024861878453 15.396578538102643 78.0 6
1.0 76.17403314917127 76.20528771384136 7.0 1
8.0 11.982044198895029 15.552099533437014 66.0 6
6.0 13.950276243093922 15.241057542768274 53.0 6
6.0 13.950276243093922 15.241057542768274 53.0 6
1.0 76.17403314917127 76.20528771384136 12.0 1
8.0 11.982044198895029 15.552099533437014 66.0 6
6.0 13.950276243093922 15.241057542768274 53.0 6
1.0 76.17403314917127 76.20528771384136 15.0 1
8.0 11.982044198895029 15.552099533437014 66.0 6
6.0 13.950276243093922 15.241057542768274 53.0 6
1.0 76.17403314917127 76.20528771384136 10.0 1
8.0 11.982044198895029 15.552099533437014 66.0 6
6.0 13.950276243093922 15.241057542768274 53.0 6
1.0 76.17403314917127 76.20528771384136 9.0 1
8.0 11.982044198895029 15.552099533437014 66.0 6
6.0 13.950276243093922 15.241057542768274 53.0 6
1.0 76.17403314917127 76.20528771384136 14.0 1
8.0 11.982044198895029 15.552099533437014 66.0 6
6.0 13.950276243093922 15.241057542768274 53.0 6
1.0 76.17403314917127 76.20528771384136 12.0 1
8.0 11.982044198895029 15.552099533437014 66.0 6
6.0 13.950276243093922 15.241057542768274 53.0 6
1.0 76.17403314917127 76.20528771384136 14.0 1
8.0 11.982044198895029 15.552099533437014 66.0 6
6.0 13.950276243093922 15.241057542768274 53.0 6
1.0 76.17403314917127 76.20528771384136 14.0 1
8.0 11.982044198895029 15.552099533437014 66.0 6
1.0 76.17403314917127 76.20528771384136 9.0 1
8.0 11.982044198895029 15.552099533437014 66.0 6
1.0 76.17403314917127 76.20528771384136 12.0 1
1.0 76.17403314917127 76.20528771384136 12.0 1
