1.0 76.16991883957866 76.24223602484473 12.0 1
11.0 12.329476774304956 12.267080745341614 136.0 6
6.0 17.04368848212744 16.61490683229814 66.0 5
6.0 17.04368848212744 16.61490683229814 66.0 5
10.0 12.364013123812812 12.422360248447205 109.0 6
10.0 12.364013123812812 12.422360248447205 109.0 6
1.0 76.16991883957866 76.24223602484473 13.0 1
11.0 12.329476774304956 12.267080745341614 136.0 6
10.0 12.364013123812812 12.422360248447205 109.0 6
1.0 76.16991883957866 76.24223602484473 14.0 1
11.0 12.329476774304956 12.267080745341614 136.0 6
1.0 76.16991883957866 76.24223602484473 15.0 1
11.0 12.329476774304956 12.267080745341614 136.0 6
1.0 76.16991883957866 76.24223602484473 14.0 1
11.0 12.329476774304956 12.267080745341614 136.0 6
1.0 76.16991883957866 76.24223602484473 13.0 1
11.0 12.329476774304956 12.267080745341614 136.0 6
1.0 76.16991883957866 76.24223602484473 12.0 1
11.0 12.329476774304956 12.267080745341614 136.0 6
11.0 12.329476774304956 12.267080745341614 136.0 6
1.0 76.16991883957866 76.24223602484473 7.0 1
3.0 33.016750129511315 33.69565217391305 52.0 3
4.0 23.3811086168192 23.4472049689441 56.0 4
8.0 12.76118114315317 12.888198757763975 95.0 6
8.0 12.76118114315317 12.888198757763975 95.0 6
1.0 76.16991883957866 76.24223602484473 8.0 1
4.0 23.3811086168192 23.4472049689441 56.0 4
8.0 12.76118114315317 12.888198757763975 95.0 6
1.0 76.16991883957866 76.24223602484473 7.0 1
8.0 12.76118114315317 12.888198757763975 95.0 6
1.0 76.16991883957866 76.24223602484473 7.0 1
2.0 52.909687446036955 53.105590062111794 34.0 2
4.0 23.3811086168192 23.4472049689441 56.0 4
8.0 12.76118114315317 12.888198757763975 95.0 6
1.0 76.16991883957866 76.24223602484473 7.0 1
2.0 52.909687446036955 53.105590062111794 34.0 2
8.0 12.76118114315317 12.888198757763975 95.0 6
1.0 76.16991883957866 76.24223602484473 7.0 1
8.0 12.76118114315317 12.888198757763975 95.0 6
1.0 76.16991883957866 76.24223602484473 7.0 1
8.0 12.76118114315317 12.888198757763975 95.0 6
1.0 76.16991883957866 76.24223602484473 10.0 1
9.0 12.415817648074597 12.732919254658384 104.0 6
7.0 13.762735278881022 13.664596273291925 77.0 6
7.0 13.762735278881022 13.664596273291925 77.0 6
7.0 13.762735278881022 13.664596273291925 77.0 6
7.0 13.762735278881022 13.664596273291925 77.0 6
1.0 76.16991883957866 76.24223602484473 11.0 1
9.0 12.415817648074597 12.732919254658384 104.0 6
7.0 13.762735278881022 13.664596273291925 77.0 6
1.0 76.16991883957866 76.24223602484473 11.0 1
7.0 13.762735278881022 13.664596273291925 77.0 6
1.0 76.16991883957866 76.24223602484473 11.0 1
7.0 13.762735278881022 13.664596273291925 77.0 6
1.0 76.16991883957866 76.24223602484473 13.0 1
7.0 13.762735278881022 13.664596273291925 77.0 6
1.0 76.16991883957866 76.24223602484473 10.0 1
1.0 76.16991883957866 76.24223602484473 11.0 1
1.0 76.16991883957866 76.24223602484473 10.0 1
1.0 76.16991883957866 76.24223602484473 10.0 1
1.0 76.16991883957866 76.24223602484473 10.0 1
1.0 76.16991883957866 76.24223602484473 4.0 1
1.0 76.16991883957866 76.24223602484473 4.0 1
1.0 76.16991883957866 76.24223602484473 3.0 1
1.0 76.16991883957866 76.24223602484473 4.0 1
1.0 76.16991883957866 76.24223602484473 5.0 1
1.0 76.16991883957866 76.24223602484473 11.0 1
2.0 52.909687446036955 53.105590062111794 36.0 2
5.0 19.323087549646004 19.565217391304348 71.0 5
5.0 19.323087549646004 19.565217391304348 71.0 5
1.0 76.16991883957866 76.24223602484473 13.0 1
5.0 19.323087549646004 19.565217391304348 71.0 5
1.0 76.16991883957866 76.24223602484473 17.0 1
1.0 76.16991883957866 76.24223602484473 16.0 1
1.0 76.16991883957866 76.24223602484473 13.0 1
