1.0 76.17403314917127 76.20528771384136 9.0 1
7.0 13.415055248618785 16.640746500777606 53.0 6
3.0 33.114640883977906 34.52566096423017 26.0 3
3.0 33.114640883977906 34.52566096423017 26.0 3
5.0 15.435082872928177 17.573872472783826 36.0 5
5.0 15.435082872928177 17.573872472783826 36.0 5
1.0 76.17403314917127 76.20528771384136 10.0 1
7.0 13.415055248618785 16.640746500777606 53.0 6
3.0 33.114640883977906 34.52566096423017 26.0 3
5.0 15.435082872928177 17.573872472783826 36.0 5
1.0 76.17403314917127 76.20528771384136 9.0 1
7.0 13.415055248618785 16.640746500777606 53.0 6
3.0 33.114640883977906 34.52566096423017 26.0 3
5.0 15.435082872928177 17.573872472783826 36.0 5
1.0 76.17403314917127 76.20528771384136 9.0 1
7.0 13.415055248618785 16.640746500777606 53.0 6
3.0 33.114640883977906 34.52566096423017 26.0 3
5.0 15.435082872928177 17.573872472783826 36.0 5
1.0 76.17403314917127 76.20528771384136 10.0 1
7.0 13.415055248618785 16.640746500777606 53.0 6
3.0 33.114640883977906 34.52566096423017 26.0 3
5.0 15.435082872928177 17.573872472783826 36.0 5
1.0 76.17403314917127 76.20528771384136 9.0 1
7.0 13.415055248618785 16.640746500777606 53.0 6
3.0 33.114640883977906 34.52566096423017 26.0 3
5.0 15.435082872928177 17.573872472783826 36.0 5
1.0 76.17403314917127 76.20528771384136 9.0 1
7.0 13.415055248618785 16.640746500777606 53.0 6
3.0 33.114640883977906 34.52566096423017 26.0 3
5.0 15.435082872928177 17.573872472783826 36.0 5
1.0 76.17403314917127 76.20528771384136 9.0 1
7.0 13.415055248618785 16.640746500777606 53.0 6
3.0 33.114640883977906 34.52566096423017 26.0 3
5.0 15.435082872928177 17.573872472783826 36.0 5
1.0 76.17403314917127 76.20528771384136 5.0 1
4.0 22.772790055248617 24.10575427682737 30.0 4
4.0 22.772790055248617 24.10575427682737 30.0 4
5.0 15.435082872928177 17.573872472783826 36.0 5
5.0 15.435082872928177 17.573872472783826 36.0 5
1.0 76.17403314917127 76.20528771384136 8.0 1
5.0 15.435082872928177 17.573872472783826 36.0 5
1.0 76.17403314917127 76.20528771384136 8.0 1
4.0 22.772790055248617 24.10575427682737 30.0 4
5.0 15.435082872928177 17.573872472783826 36.0 5
1.0 76.17403314917127 76.20528771384136 8.0 1
5.0 15.435082872928177 17.573872472783826 36.0 5
1.0 76.17403314917127 76.20528771384136 7.0 1
5.0 15.435082872928177 17.573872472783826 36.0 5
1.0 76.17403314917127 76.20528771384136 13.0 1
5.0 15.435082872928177 17.573872472783826 36.0 5
1.0 76.17403314917127 76.20528771384136 13.0 1
5.0 15.435082872928177 17.573872472783826 36.0 5
1.0 76.17403314917127 76.20528771384136 13.0 1
5.0 15.435082872928177 17.573872472783826 36.0 5
1.0 76.17403314917127 76.20528771384136 6.0 1
5.0 15.435082872928177 17.573872472783826 36.0 5
1.0 76.17403314917127 76.20528771384136 12.0 1
1.0 76.17403314917127 76.20528771384136 6.0 1
1.0 76.17403314917127 76.20528771384136 12.0 1
7.0 13.415055248618785 16.640746500777606 53.0 6
2.0 52.883287292817684 52.87713841368584 20.0 2
2.0 52.883287292817684 52.87713841368584 19.0 2
6.0 13.604972375690608 16.485225505443236 45.0 6
7.0 13.415055248618785 16.640746500777606 53.0 6
1.0 76.17403314917127 76.20528771384136 14.0 1
7.0 13.415055248618785 16.640746500777606 53.0 6
5.0 15.435082872928177 17.573872472783826 36.0 5
1.0 76.17403314917127 76.20528771384136 12.0 1
7.0 13.415055248618785 16.640746500777606 53.0 6
5.0 15.435082872928177 17.573872472783826 36.0 5
1.0 76.17403314917127 76.20528771384136 13.0 1
7.0 13.415055248618785 16.640746500777606 53.0 6
5.0 15.435082872928177 17.573872472783826 36.0 5
1.0 76.17403314917127 76.20528771384136 13.0 1
7.0 13.415055248618785 16.640746500777606 53.0 6
7.0 13.415055248618785 16.640746500777606 53.0 6
1.0 76.17403314917127 76.20528771384136 13.0 1
7.0 13.415055248618785 16.640746500777606 53.0 6
1.0 76.17403314917127 76.20528771384136 12.0 1
7.0 13.415055248618785 16.640746500777606 53.0 6
1.0 76.17403314917127 76.20528771384136 4.0 1
7.0 13.415055248618785 16.640746500777606 53.0 6
5.0 15.435082872928177 17.573872472783826 36.0 5
5.0 15.435082872928177 17.573872472783826 36.0 5
1.0 76.17403314917127 76.20528771384136 12.0 1
5.0 15.435082872928177 17.573872472783826 36.0 5
1.0 76.17403314917127 76.20528771384136 7.0 1
5.0 15.435082872928177 17.573872472783826 36.0 5
7.0 13.415055248618785 16.640746500777606 53.0 6
5.0 15.435082872928177 17.573872472783826 36.0 5
7.0 13.415055248618785 16.640746500777606 53.0 6
1.0 76.17403314917127 76.20528771384136 6.0 1
5.0 15.435082872928177 17.573872472783826 36.0 5
7.0 13.415055248618785 16.640746500777606 53.0 6
5.0 15.435082872928177 17.573872472783826 36.0 5
7.0 13.415055248618785 16.640746500777606 53.0 6
1.0 76.17403314917127 76.20528771384136 12.0 1
7.0 13.415055248618785 16.640746500777606 53.0 6
1.0 76.17403314917127 76.20528771384136 11.0 1
7.0 13.415055248618785 16.640746500777606 53.0 6
1.0 76.17403314917127 76.20528771384136 6.0 1
7.0 13.415055248618785 16.640746500777606 53.0 6
1.0 76.17403314917127 76.20528771384136 4.0 1
1.0 76.17403314917127 76.20528771384136 13.0 1
1.0 76.17403314917127 76.20528771384136 12.0 1
1.0 76.17403314917127 76.20528771384136 11.0 1
2.0 52.883287292817684 52.72161741835147 19.0 2
2.0 52.883287292817684 52.72161741835147 19.0 2
5.0 15.435082872928177 17.573872472783826 36.0 5
5.0 15.435082872928177 17.573872472783826 36.0 5
1.0 76.17403314917127 76.20528771384136 9.0 1
5.0 15.435082872928177 17.573872472783826 36.0 5
1.0 76.17403314917127 76.20528771384136 10.0 1
5.0 15.435082872928177 17.573872472783826 36.0 5
2.0 52.883287292817684 52.72161741835147 19.0 2
5.0 15.435082872928177 17.573872472783826 36.0 5
1.0 76.17403314917127 76.20528771384136 10.0 1
5.0 15.435082872928177 17.573872472783826 36.0 5
1.0 76.17403314917127 76.20528771384136 9.0 1
5.0 15.435082872928177 17.573872472783826 36.0 5
1.0 76.17403314917127 76.20528771384136 9.0 1
2.0 52.883287292817684 52.87713841368584 20.0 2
5.0 15.435082872928177 17.573872472783826 36.0 5
