1.0 76.18718701433258 76.08695652173914 3.0 1
1.0 76.18718701433258 76.08695652173914 4.0 1
1.0 76.18718701433258 76.08695652173914 3.0 1
1.0 76.18718701433258 76.08695652173914 4.0 1
1.0 76.18718701433258 76.08695652173914 4.0 1
1.0 76.18718701433258 76.08695652173914 5.0 1
1.0 76.18718701433258 76.08695652173914 8.0 1
1.0 76.18718701433258 76.08695652173914 4.0 1
1.0 76.18718701433258 76.08695652173914 4.0 1
1.0 76.18718701433258 76.08695652173914 3.0 1
1.0 76.18718701433258 76.08695652173914 4.0 1
1.0 76.18718701433258 76.08695652173914 4.0 1
1.0 76.18718701433258 76.08695652173914 6.0 1
1.0 76.18718701433258 76.08695652173914 4.0 1
1.0 76.18718701433258 76.08695652173914 4.0 1
1.0 76.18718701433258 76.08695652173914 4.0 1
1.0 76.18718701433258 76.08695652173914 3.0 1
1.0 76.18718701433258 76.08695652173914 7.0 1
1.0 76.18718701433258 76.08695652173914 7.0 1
1.0 76.18718701433258 76.08695652173914 8.0 1
1.0 76.18718701433258 76.08695652173914 8.0 1
1.0 76.18718701433258 76.08695652173914 8.0 1
1.0 76.18718701433258 76.08695652173914 7.0 1
1.0 76.18718701433258 76.08695652173914 8.0 1
1.0 76.18718701433258 76.08695652173914 8.0 1
1.0 76.18718701433258 76.08695652173914 7.0 1
1.0 76.18718701433258 76.08695652173914 7.0 1
1.0 76.18718701433258 76.08695652173914 7.0 1
1.0 76.18718701433258 76.08695652173914 4.0 1
3.0 33.37938179934381 33.38509316770186 47.0 3
3.0 33.37938179934381 33.38509316770186 47.0 3
1.0 76.18718701433258 76.08695652173914 4.0 1
3.0 33.37938179934381 33.38509316770186 47.0 3
1.0 76.18718701433258 76.08695652173914 7.0 1
3.0 33.37938179934381 33.38509316770186 47.0 3
1.0 76.18718701433258 76.08695652173914 6.0 1
3.0 33.37938179934381 33.38509316770186 47.0 3
3.0 33.37938179934381 33.38509316770186 47.0 3
1.0 76.18718701433258 76.08695652173914 6.0 1
3.0 33.37938179934381 33.38509316770186 47.0 3
1.0 76.18718701433258 76.08695652173914 6.0 1
3.0 33.37938179934381 33.38509316770186 47.0 3
1.0 76.18718701433258 76.08695652173914 6.0 1
3.0 33.37938179934381 33.38509316770186 47.0 3
1.0 76.18718701433258 76.08695652173914 9.0 1
4.0 23.07028147124849 23.4472049689441 56.0 4
4.0 23.07028147124849 23.4472049689441 56.0 4
5.0 17.371783802452082 18.633540372670808 63.0 5
5.0 17.371783802452082 18.633540372670808 63.0 5
6.0 15.437748230012089 17.546583850931675 71.0 6
7.0 13.538249007079953 16.304347826086957 83.0 6
1.0 76.18718701433258 76.08695652173914 10.0 1
3.0 33.37938179934381 33.54037267080746 48.0 3
5.0 17.371783802452082 18.633540372670808 63.0 5
3.0 33.37938179934381 33.54037267080746 48.0 3
6.0 15.437748230012089 17.546583850931675 71.0 6
1.0 76.18718701433258 76.08695652173914 10.0 1
3.0 33.37938179934381 33.54037267080746 48.0 3
5.0 17.371783802452082 18.633540372670808 63.0 5
1.0 76.18718701433258 76.08695652173914 11.0 1
4.0 23.07028147124849 23.4472049689441 56.0 4
5.0 17.371783802452082 18.633540372670808 63.0 5
6.0 15.437748230012089 17.546583850931675 71.0 6
1.0 76.18718701433258 76.08695652173914 11.0 1
5.0 17.371783802452082 18.633540372670808 63.0 5
6.0 15.437748230012089 17.546583850931675 71.0 6
7.0 13.538249007079953 16.304347826086957 83.0 6
1.0 76.18718701433258 76.08695652173914 10.0 1
6.0 15.437748230012089 17.546583850931675 71.0 6
7.0 13.538249007079953 16.304347826086957 83.0 6
1.0 76.18718701433258 76.08695652173914 14.0 1
2.0 52.96149197029874 52.95031055900621 32.0 2
15.0 13.244690036263169 16.149068322981368 190.0 6
8.0 13.469176308064238 16.459627329192546 103.0 6
1.0 76.18718701433258 76.08695652173914 14.0 1
2.0 52.96149197029874 52.95031055900621 32.0 2
8.0 13.469176308064238 16.459627329192546 103.0 6
1.0 76.18718701433258 76.08695652173914 14.0 1
8.0 13.469176308064238 16.459627329192546 103.0 6
1.0 76.18718701433258 76.08695652173914 14.0 1
2.0 52.96149197029874 52.95031055900621 32.0 2
8.0 13.469176308064238 16.459627329192546 103.0 6
1.0 76.18718701433258 76.08695652173914 14.0 1
2.0 52.96149197029874 52.95031055900621 32.0 2
1.0 76.18718701433258 76.08695652173914 14.0 1
2.0 52.96149197029874 52.95031055900621 32.0 2
8.0 13.469176308064238 16.459627329192546 103.0 6
1.0 76.18718701433258 76.08695652173914 14.0 1
2.0 52.96149197029874 52.95031055900621 32.0 2
8.0 13.469176308064238 16.459627329192546 103.0 6
