1.0 76.18718701433258 76.08695652173914 13.0 1
9.0 12.484890347090312 12.732919254658384 84.0 6
5.0 17.50992920048351 17.857142857142858 51.0 5
6.0 14.764289414608875 13.975155279503104 57.0 6
6.0 14.764289414608875 13.975155279503104 57.0 6
8.0 12.502158521844242 12.732919254658384 70.0 6
8.0 12.502158521844242 12.732919254658384 70.0 6
1.0 76.18718701433258 76.08695652173914 14.0 1
9.0 12.484890347090312 12.732919254658384 84.0 6
3.0 33.17216370229667 33.69565217391305 42.0 3
6.0 14.764289414608875 13.975155279503104 57.0 6
8.0 12.502158521844242 12.732919254658384 70.0 6
1.0 76.18718701433258 76.08695652173914 13.0 1
9.0 12.484890347090312 12.732919254658384 84.0 6
6.0 14.764289414608875 13.975155279503104 57.0 6
8.0 12.502158521844242 12.732919254658384 70.0 6
1.0 76.18718701433258 76.08695652173914 13.0 1
9.0 12.484890347090312 12.732919254658384 84.0 6
6.0 14.764289414608875 13.975155279503104 57.0 6
8.0 12.502158521844242 12.732919254658384 70.0 6
1.0 76.18718701433258 76.08695652173914 13.0 1
2.0 52.909687446036955 53.105590062111794 25.0 2
6.0 14.764289414608875 13.975155279503104 57.0 6
8.0 12.502158521844242 12.732919254658384 70.0 6
1.0 76.18718701433258 76.08695652173914 13.0 1
4.0 22.86306337420135 22.981366459627328 47.0 4
6.0 14.764289414608875 13.975155279503104 57.0 6
8.0 12.502158521844242 12.732919254658384 70.0 6
1.0 76.18718701433258 76.08695652173914 13.0 1
6.0 14.764289414608875 13.975155279503104 57.0 6
8.0 12.502158521844242 12.732919254658384 70.0 6
1.0 76.18718701433258 76.08695652173914 13.0 1
1.0 76.18718701433258 76.08695652173914 7.0 1
10.0 12.467622172336384 12.732919254658384 97.0 6
10.0 12.467622172336384 12.732919254658384 89.0 6
6.0 14.764289414608875 13.975155279503104 57.0 6
6.0 14.764289414608875 13.975155279503104 57.0 6
1.0 76.18718701433258 76.08695652173914 9.0 1
10.0 12.467622172336384 12.732919254658384 96.0 6
6.0 14.764289414608875 13.975155279503104 57.0 6
1.0 76.18718701433258 76.08695652173914 8.0 1
10.0 12.467622172336384 12.732919254658384 96.0 6
6.0 14.764289414608875 13.975155279503104 57.0 6
1.0 76.18718701433258 76.08695652173914 8.0 1
6.0 14.764289414608875 13.975155279503104 57.0 6
1.0 76.18718701433258 76.08695652173914 9.0 1
10.0 12.467622172336384 12.732919254658384 89.0 6
6.0 14.764289414608875 13.975155279503104 57.0 6
1.0 76.18718701433258 76.08695652173914 8.0 1
10.0 12.467622172336384 12.732919254658384 89.0 6
6.0 14.764289414608875 13.975155279503104 57.0 6
1.0 76.18718701433258 76.08695652173914 8.0 1
8.0 12.502158521844242 12.732919254658384 70.0 6
1.0 76.18718701433258 76.08695652173914 9.0 1
8.0 12.502158521844242 12.732919254658384 70.0 6
1.0 76.18718701433258 76.08695652173914 9.0 1
8.0 12.502158521844242 12.732919254658384 70.0 6
1.0 76.18718701433258 76.08695652173914 9.0 1
8.0 12.502158521844242 12.732919254658384 70.0 6
6.0 14.764289414608875 13.975155279503104 57.0 6
1.0 76.18718701433258 76.08695652173914 10.0 1
6.0 14.764289414608875 13.975155279503104 57.0 6
7.0 13.054740113969954 12.732919254658384 64.0 6
1.0 76.18718701433258 76.08695652173914 8.0 1
8.0 12.502158521844242 12.732919254658384 70.0 6
1.0 76.18718701433258 76.08695652173914 9.0 1
8.0 12.502158521844242 12.732919254658384 70.0 6
1.0 76.18718701433258 76.08695652173914 10.0 1
8.0 12.502158521844242 12.732919254658384 70.0 6
1.0 76.18718701433258 76.08695652173914 7.0 1
1.0 76.18718701433258 76.08695652173914 7.0 1
1.0 76.18718701433258 76.08695652173914 8.0 1
1.0 76.18718701433258 76.08695652173914 8.0 1
1.0 76.18718701433258 76.08695652173914 8.0 1
1.0 76.18718701433258 76.08695652173914 7.0 1
1.0 76.18718701433258 76.08695652173914 8.0 1
1.0 76.18718701433258 76.08695652173914 10.0 1
1.0 76.18718701433258 76.08695652173914 9.0 1
1.0 76.18718701433258 76.08695652173914 10.0 1
1.0 76.18718701433258 76.08695652173914 8.0 1
1.0 76.18718701433258 76.08695652173914 7.0 1
1.0 76.18718701433258 76.08695652173914 7.0 1
1.0 76.18718701433258 76.08695652173914 7.0 1
1.0 76.18718701433258 76.08695652173914 8.0 1
1.0 76.18718701433258 76.08695652173914 14.0 1
8.0 12.502158521844242 12.732919254658384 70.0 6
1.0 76.18718701433258 76.08695652173914 13.0 1
8.0 12.502158521844242 12.732919254658384 70.0 6
1.0 76.18718701433258 76.08695652173914 14.0 1
8.0 12.502158521844242 12.732919254658384 70.0 6
1.0 76.18718701433258 76.08695652173914 16.0 1
8.0 12.502158521844242 12.732919254658384 70.0 6
1.0 76.18718701433258 76.08695652173914 14.0 1
8.0 12.502158521844242 12.732919254658384 70.0 6
1.0 76.18718701433258 76.08695652173914 15.0 1
8.0 12.502158521844242 12.732919254658384 70.0 6
1.0 76.18718701433258 76.08695652173914 14.0 1
8.0 12.502158521844242 12.732919254658384 70.0 6
1.0 76.18718701433258 76.08695652173914 14.0 1
8.0 12.502158521844242 12.732919254658384 70.0 6
