1.0 76.17403314917127 76.20528771384136 7.0 1
10.0 12.465469613259668 13.21928460342146 86.0 6
3.0 33.062845303867405 32.8149300155521 43.0 3
3.0 33.062845303867405 32.8149300155521 43.0 3
4.0 23.394337016574585 23.79471228615863 46.0 4
4.0 23.394337016574585 23.79471228615863 46.0 4
7.0 15.555939226519335 15.707620528771384 73.0 6
1.0 76.17403314917127 76.20528771384136 7.0 1
10.0 12.465469613259668 13.21928460342146 86.0 6
4.0 23.394337016574585 23.79471228615863 46.0 4
7.0 15.555939226519335 15.707620528771384 73.0 6
1.0 76.17403314917127 76.20528771384136 7.0 1
10.0 12.465469613259668 13.21928460342146 86.0 6
3.0 33.062845303867405 32.8149300155521 43.0 3
4.0 23.394337016574585 23.79471228615863 46.0 4
1.0 76.17403314917127 76.20528771384136 7.0 1
10.0 12.465469613259668 13.21928460342146 86.0 6
4.0 23.394337016574585 23.79471228615863 46.0 4
5.0 17.627762430939224 17.573872472783826 51.0 5
1.0 76.17403314917127 76.20528771384136 7.0 1
10.0 12.465469613259668 13.21928460342146 86.0 6
4.0 23.394337016574585 23.79471228615863 47.0 4
5.0 17.627762430939224 17.573872472783826 51.0 5
7.0 15.555939226519335 15.707620528771384 73.0 6
1.0 76.17403314917127 76.20528771384136 8.0 1
10.0 12.465469613259668 13.21928460342146 86.0 6
1.0 76.17403314917127 76.20528771384136 7.0 1
10.0 12.465469613259668 13.21928460342146 86.0 6
1.0 76.17403314917127 76.20528771384136 7.0 1
10.0 12.465469613259668 13.21928460342146 86.0 6
1.0 76.17403314917127 76.20528771384136 4.0 1
10.0 12.465469613259668 13.21928460342146 85.0 6
2.0 52.90055248618785 52.87713841368584 29.0 2
2.0 52.90055248618785 52.87713841368584 29.0 2
6.0 15.65953038674033 16.329704510108865 60.0 6
6.0 15.65953038674033 16.329704510108865 60.0 6
1.0 76.17403314917127 76.20528771384136 6.0 1
10.0 12.465469613259668 13.21928460342146 85.0 6
2.0 52.90055248618785 52.87713841368584 29.0 2
6.0 15.65953038674033 16.329704510108865 60.0 6
1.0 76.17403314917127 76.20528771384136 6.0 1
10.0 12.465469613259668 13.21928460342146 85.0 6
2.0 52.90055248618785 52.87713841368584 29.0 2
6.0 15.65953038674033 16.329704510108865 60.0 6
1.0 76.17403314917127 76.20528771384136 4.0 1
10.0 12.465469613259668 13.21928460342146 85.0 6
2.0 52.90055248618785 52.87713841368584 29.0 2
6.0 15.65953038674033 16.329704510108865 60.0 6
1.0 76.17403314917127 76.20528771384136 5.0 1
10.0 12.465469613259668 13.21928460342146 85.0 6
2.0 52.90055248618785 52.87713841368584 29.0 2
1.0 76.17403314917127 76.20528771384136 6.0 1
10.0 12.465469613259668 13.21928460342146 85.0 6
2.0 52.90055248618785 52.87713841368584 29.0 2
1.0 76.17403314917127 76.20528771384136 7.0 1
1.0 76.17403314917127 76.20528771384136 10.0 1
3.0 33.062845303867405 32.8149300155521 43.0 3
3.0 33.062845303867405 32.8149300155521 43.0 3
4.0 23.394337016574585 23.79471228615863 46.0 4
4.0 23.394337016574585 23.79471228615863 46.0 4
8.0 14.209254143646408 13.996889580093313 69.0 6
1.0 76.17403314917127 76.20528771384136 11.0 1
3.0 33.062845303867405 32.8149300155521 43.0 3
4.0 23.394337016574585 23.79471228615863 46.0 4
1.0 76.17403314917127 76.20528771384136 11.0 1
3.0 33.062845303867405 32.8149300155521 43.0 3
4.0 23.394337016574585 23.79471228615863 46.0 4
1.0 76.17403314917127 76.20528771384136 12.0 1
3.0 33.062845303867405 32.8149300155521 43.0 3
4.0 23.394337016574585 23.79471228615863 46.0 4
1.0 76.17403314917127 76.20528771384136 11.0 1
3.0 33.062845303867405 32.8149300155521 43.0 3
4.0 23.394337016574585 23.79471228615863 46.0 4
1.0 76.17403314917127 76.20528771384136 11.0 1
9.0 12.94889502762431 13.530326594090203 78.0 6
8.0 14.209254143646408 14.463452566096425 64.0 6
8.0 14.209254143646408 14.463452566096425 64.0 6
9.0 12.94889502762431 13.530326594090203 78.0 6
8.0 14.209254143646408 14.463452566096425 64.0 6
9.0 12.94889502762431 13.530326594090203 78.0 6
8.0 14.209254143646408 14.463452566096425 64.0 6
9.0 12.94889502762431 13.530326594090203 78.0 6
1.0 76.17403314917127 76.20528771384136 11.0 1
8.0 14.209254143646408 14.463452566096425 64.0 6
9.0 12.94889502762431 13.530326594090203 78.0 6
8.0 14.209254143646408 14.463452566096425 64.0 6
9.0 12.94889502762431 13.530326594090203 78.0 6
1.0 76.17403314917127 76.20528771384136 11.0 1
3.0 33.062845303867405 32.8149300155521 43.0 3
12.0 12.292817679558011 13.063763608087092 107.0 6
12.0 12.292817679558011 13.063763608087092 107.0 6
12.0 12.292817679558011 13.063763608087092 107.0 6
4.0 23.394337016574585 23.79471228615863 46.0 4
12.0 12.292817679558011 13.063763608087092 107.0 6
4.0 23.394337016574585 23.79471228615863 46.0 4
1.0 76.17403314917127 76.20528771384136 12.0 1
12.0 12.292817679558011 13.063763608087092 107.0 6
1.0 76.17403314917127 76.20528771384136 11.0 1
12.0 12.292817679558011 13.063763608087092 107.0 6
1.0 76.17403314917127 76.20528771384136 12.0 1
12.0 12.292817679558011 13.063763608087092 107.0 6
4.0 23.394337016574585 23.79471228615863 46.0 4
