1.0 76.17403314917127 76.20528771384136 2.0 1
1.0 76.17403314917127 76.20528771384136 2.0 1
1.0 76.17403314917127 76.20528771384136 2.0 1
1.0 76.17403314917127 76.20528771384136 2.0 1
1.0 76.17403314917127 76.20528771384136 3.0 1
1.0 76.17403314917127 76.20528771384136 7.0 1
1.0 76.17403314917127 76.20528771384136 2.0 1
1.0 76.17403314917127 76.20528771384136 6.0 1
1.0 76.17403314917127 76.20528771384136 3.0 1
1.0 76.17403314917127 76.20528771384136 3.0 1
1.0 76.17403314917127 76.20528771384136 3.0 1
1.0 76.17403314917127 76.20528771384136 4.0 1
1.0 76.17403314917127 76.20528771384136 5.0 1
3.0 33.114640883977906 34.68118195956454 48.0 3
3.0 33.114640883977906 34.68118195956454 48.0 3
4.0 23.1353591160221 25.194401244167963 56.0 4
6.0 14.968922651933703 16.018662519440124 66.0 6
4.0 23.1353591160221 25.194401244167963 56.0 4
6.0 14.968922651933703 16.018662519440124 66.0 6
1.0 76.17403314917127 76.20528771384136 7.0 1
2.0 52.91781767955801 53.654743390357694 29.0 2
3.0 33.114640883977906 34.68118195956454 48.0 3
6.0 14.968922651933703 16.018662519440124 66.0 6
1.0 76.17403314917127 76.20528771384136 7.0 1
3.0 33.114640883977906 34.68118195956454 48.0 3
6.0 14.968922651933703 16.018662519440124 66.0 6
1.0 76.17403314917127 76.20528771384136 8.0 1
2.0 52.91781767955801 53.654743390357694 29.0 2
3.0 33.114640883977906 34.68118195956454 48.0 3
6.0 14.968922651933703 16.018662519440124 66.0 6
1.0 76.17403314917127 76.20528771384136 7.0 1
2.0 52.91781767955801 53.654743390357694 29.0 2
3.0 33.114640883977906 34.68118195956454 48.0 3
6.0 14.968922651933703 16.018662519440124 66.0 6
1.0 76.17403314917127 76.20528771384136 7.0 1
2.0 52.91781767955801 53.654743390357694 29.0 2
3.0 33.114640883977906 34.68118195956454 48.0 3
6.0 14.968922651933703 16.018662519440124 66.0 6
1.0 76.17403314917127 76.20528771384136 7.0 1
3.0 33.114640883977906 34.68118195956454 48.0 3
6.0 14.968922651933703 16.018662519440124 66.0 6
1.0 76.17403314917127 76.20528771384136 7.0 1
2.0 52.91781767955801 53.654743390357694 29.0 2
3.0 33.114640883977906 34.68118195956454 47.0 3
6.0 14.968922651933703 16.018662519440124 66.0 6
1.0 76.17403314917127 76.20528771384136 7.0 1
2.0 52.91781767955801 53.654743390357694 29.0 2
3.0 33.114640883977906 34.68118195956454 48.0 3
6.0 14.968922651933703 16.018662519440124 66.0 6
1.0 76.17403314917127 76.20528771384136 7.0 1
1.0 76.17403314917127 76.20528771384136 7.0 1
7.0 13.207872928176794 14.930015552099535 73.0 6
1.0 76.17403314917127 76.20528771384136 8.0 1
7.0 13.207872928176794 14.930015552099535 73.0 6
1.0 76.17403314917127 76.20528771384136 7.0 1
7.0 13.207872928176794 14.930015552099535 73.0 6
1.0 76.17403314917127 76.20528771384136 7.0 1
7.0 13.207872928176794 14.930015552099535 73.0 6
1.0 76.17403314917127 76.20528771384136 8.0 1
7.0 13.207872928176794 14.930015552099535 73.0 6
1.0 76.17403314917127 76.20528771384136 7.0 1
7.0 13.207872928176794 14.930015552099535 73.0 6
1.0 76.17403314917127 76.20528771384136 7.0 1
7.0 13.207872928176794 14.930015552099535 73.0 6
1.0 76.17403314917127 76.20528771384136 7.0 1
7.0 13.207872928176794 14.930015552099535 73.0 6
1.0 76.17403314917127 76.20528771384136 7.0 1
7.0 13.207872928176794 14.930015552099535 73.0 6
1.0 76.17403314917127 76.20528771384136 7.0 1
7.0 13.207872928176794 14.930015552099535 73.0 6
1.0 76.17403314917127 76.20528771384136 7.0 1
1.0 76.17403314917127 76.20528771384136 5.0 1
1.0 76.17403314917127 76.20528771384136 5.0 1
1.0 76.17403314917127 76.20528771384136 5.0 1
1.0 76.17403314917127 76.20528771384136 6.0 1
1.0 76.17403314917127 76.20528771384136 7.0 1
1.0 76.17403314917127 76.20528771384136 5.0 1
1.0 76.17403314917127 76.20528771384136 7.0 1
1.0 76.17403314917127 76.20528771384136 6.0 1
1.0 76.17403314917127 76.20528771384136 7.0 1
1.0 76.17403314917127 76.20528771384136 6.0 1
1.0 76.17403314917127 76.20528771384136 6.0 1
1.0 76.17403314917127 76.20528771384136 8.0 1
1.0 76.17403314917127 76.20528771384136 5.0 1
1.0 76.17403314917127 76.20528771384136 6.0 1
1.0 76.17403314917127 76.20528771384136 5.0 1
1.0 76.17403314917127 76.20528771384136 11.0 1
1.0 76.17403314917127 76.20528771384136 8.0 1
1.0 76.17403314917127 76.20528771384136 8.0 1
1.0 76.17403314917127 76.20528771384136 5.0 1
1.0 76.17403314917127 76.20528771384136 5.0 1
1.0 76.17403314917127 76.20528771384136 6.0 1
1.0 76.17403314917127 76.20528771384136 4.0 1
5.0 17.36878453038674 18.195956454121305 56.0 5
1.0 76.17403314917127 76.20528771384136 4.0 1
1.0 76.17403314917127 76.20528771384136 4.0 1
1.0 76.17403314917127 76.20528771384136 9.0 1
1.0 76.17403314917127 76.20528771384136 4.0 1
1.0 76.17403314917127 76.20528771384136 6.0 1
1.0 76.17403314917127 76.20528771384136 4.0 1
