1.0 76.17403314917127 76.20528771384136 6.0 1
9.0 13.328729281767956 13.685847589424572 93.0 6
9.0 13.328729281767956 13.685847589424572 93.0 6
1.0 76.17403314917127 76.20528771384136 6.0 1
9.0 13.328729281767956 13.685847589424572 93.0 6
11.0 13.087016574585636 13.21928460342146 114.0 6
9.0 13.328729281767956 13.685847589424572 93.0 6
9.0 13.328729281767956 13.685847589424572 93.0 6
9.0 13.328729281767956 13.685847589424572 93.0 6
1.0 76.17403314917127 76.20528771384136 13.0 1
1.0 76.17403314917127 76.20528771384136 9.0 1
3.0 33.13190607734807 32.8149300155521 57.0 3
3.0 33.13190607734807 32.8149300155521 57.0 3
4.0 23.566988950276244 23.17262830482115 60.0 4
5.0 17.78314917127072 17.418351477449455 63.0 5
5.0 17.78314917127072 17.418351477449455 63.0 5
10.0 13.173342541436464 13.530326594090203 93.0 6
10.0 13.173342541436464 13.530326594090203 93.0 6
1.0 76.17403314917127 76.20528771384136 9.0 1
3.0 33.13190607734807 32.8149300155521 57.0 3
4.0 23.566988950276244 23.17262830482115 60.0 4
5.0 17.78314917127072 17.418351477449455 63.0 5
1.0 76.17403314917127 76.20528771384136 11.0 1
5.0 17.78314917127072 17.418351477449455 63.0 5
1.0 76.17403314917127 76.20528771384136 9.0 1
5.0 17.78314917127072 17.418351477449455 63.0 5
1.0 76.17403314917127 76.20528771384136 9.0 1
3.0 33.13190607734807 32.8149300155521 57.0 3
5.0 17.78314917127072 17.418351477449455 63.0 5
1.0 76.17403314917127 76.20528771384136 10.0 1
3.0 33.13190607734807 32.8149300155521 57.0 3
1.0 76.17403314917127 76.20528771384136 9.0 1
3.0 33.13190607734807 32.8149300155521 57.0 3
1.0 76.17403314917127 76.20528771384136 11.0 1
3.0 33.13190607734807 32.8149300155521 57.0 3
1.0 76.17403314917127 76.20528771384136 10.0 1
3.0 33.13190607734807 32.8149300155521 57.0 3
2.0 52.95234806629834 52.72161741835147 36.0 2
3.0 33.13190607734807 32.8149300155521 57.0 3
1.0 76.17403314917127 76.20528771384136 7.0 1
1.0 76.17403314917127 76.20528771384136 8.0 1
1.0 76.17403314917127 76.20528771384136 8.0 1
1.0 76.17403314917127 76.20528771384136 8.0 1
1.0 76.17403314917127 76.20528771384136 8.0 1
1.0 76.17403314917127 76.20528771384136 8.0 1
1.0 76.17403314917127 76.20528771384136 8.0 1
1.0 76.17403314917127 76.20528771384136 7.0 1
1.0 76.17403314917127 76.20528771384136 12.0 1
8.0 14.191988950276244 13.530326594090203 87.0 6
8.0 14.191988950276244 13.530326594090203 87.0 6
1.0 76.17403314917127 76.20528771384136 13.0 1
1.0 76.17403314917127 76.20528771384136 13.0 1
8.0 14.191988950276244 13.530326594090203 87.0 6
1.0 76.17403314917127 76.20528771384136 12.0 1
1.0 76.17403314917127 76.20528771384136 12.0 1
1.0 76.17403314917127 76.20528771384136 12.0 1
1.0 76.17403314917127 76.20528771384136 12.0 1
1.0 76.17403314917127 76.20528771384136 12.0 1
1.0 76.17403314917127 76.20528771384136 17.0 1
1.0 76.17403314917127 76.20528771384136 15.0 1
1.0 76.17403314917127 76.20528771384136 12.0 1
1.0 76.17403314917127 76.20528771384136 12.0 1
1.0 76.17403314917127 76.20528771384136 15.0 1
1.0 76.17403314917127 76.20528771384136 15.0 1
1.0 76.17403314917127 76.20528771384136 16.0 1
1.0 76.17403314917127 76.20528771384136 15.0 1
1.0 76.17403314917127 76.20528771384136 12.0 1
1.0 76.17403314917127 76.20528771384136 8.0 1
6.0 15.676795580110497 15.707620528771384 66.0 6
1.0 76.17403314917127 76.20528771384136 8.0 1
6.0 15.676795580110497 15.707620528771384 66.0 6
1.0 76.17403314917127 76.20528771384136 8.0 1
6.0 15.676795580110497 15.707620528771384 66.0 6
6.0 15.676795580110497 15.707620528771384 66.0 6
1.0 76.17403314917127 76.20528771384136 8.0 1
1.0 76.17403314917127 76.20528771384136 9.0 1
6.0 15.676795580110497 15.707620528771384 66.0 6
1.0 76.17403314917127 76.20528771384136 10.0 1
