1.0 76.16991883957866 76.24223602484473 3.0 1
5.0 21.68882749093421 21.428571428571427 59.0 5
6.0 17.803488171300295 18.16770186335404 66.0 5
6.0 17.803488171300295 18.16770186335404 66.0 5
1.0 76.16991883957866 76.24223602484473 23.0 1
6.0 17.803488171300295 18.16770186335404 66.0 5
1.0 76.16991883957866 76.24223602484473 23.0 1
6.0 17.803488171300295 18.16770186335404 66.0 5
1.0 76.16991883957866 76.24223602484473 23.0 1
6.0 17.803488171300295 18.16770186335404 66.0 5
1.0 76.16991883957866 76.24223602484473 23.0 1
6.0 17.803488171300295 18.16770186335404 66.0 5
1.0 76.16991883957866 76.24223602484473 3.0 1
6.0 17.803488171300295 18.16770186335404 66.0 5
1.0 76.16991883957866 76.24223602484473 23.0 1
6.0 17.803488171300295 18.16770186335404 66.0 5
1.0 76.16991883957866 76.24223602484473 23.0 1
6.0 17.803488171300295 18.16770186335404 66.0 5
1.0 76.16991883957866 76.24223602484473 23.0 1
6.0 17.803488171300295 18.16770186335404 66.0 5
6.0 17.803488171300295 18.16770186335404 66.0 5
1.0 76.16991883957866 76.24223602484473 23.0 1
1.0 76.16991883957866 76.24223602484473 7.0 1
1.0 76.16991883957866 76.24223602484473 22.0 1
1.0 76.16991883957866 76.24223602484473 21.0 1
1.0 76.16991883957866 76.24223602484473 8.0 1
1.0 76.16991883957866 76.24223602484473 21.0 1
2.0 52.84061474702124 52.95031055900621 43.0 2
1.0 76.16991883957866 76.24223602484473 9.0 1
1.0 76.16991883957866 76.24223602484473 21.0 1
1.0 76.16991883957866 76.24223602484473 2.0 1
12.0 12.98566741495424 14.130434782608695 174.0 6
3.0 33.62113624589881 33.54037267080746 67.0 3
4.0 24.4690036263167 24.53416149068323 71.0 4
4.0 24.4690036263167 24.53416149068323 71.0 4
1.0 76.16991883957866 76.24223602484473 2.0 1
12.0 12.98566741495424 14.130434782608695 174.0 6
3.0 33.62113624589881 33.54037267080746 67.0 3
4.0 24.4690036263167 24.53416149068323 71.0 4
1.0 76.16991883957866 76.24223602484473 3.0 1
12.0 12.98566741495424 14.130434782608695 174.0 6
3.0 33.62113624589881 33.54037267080746 67.0 3
1.0 76.16991883957866 76.24223602484473 2.0 1
12.0 12.98566741495424 14.130434782608695 174.0 6
3.0 33.62113624589881 33.54037267080746 67.0 3
1.0 76.16991883957866 76.24223602484473 4.0 1
1.0 76.16991883957866 76.24223602484473 8.0 1
9.0 13.192885512001382 14.130434782608695 104.0 6
7.0 14.781557589362803 16.304347826086957 81.0 6
8.0 13.641858055603523 14.751552795031056 83.0 6
8.0 13.641858055603523 14.751552795031056 83.0 6
1.0 76.16991883957866 76.24223602484473 21.0 1
9.0 13.192885512001382 14.130434782608695 104.0 6
7.0 14.781557589362803 16.304347826086957 81.0 6
8.0 13.641858055603523 14.751552795031056 83.0 6
1.0 76.16991883957866 76.24223602484473 11.0 1
9.0 13.192885512001382 14.130434782608695 104.0 6
7.0 14.781557589362803 16.304347826086957 81.0 6
8.0 13.641858055603523 14.751552795031056 83.0 6
9.0 13.192885512001382 14.130434782608695 104.0 6
7.0 14.781557589362803 16.304347826086957 81.0 6
8.0 13.641858055603523 14.751552795031056 83.0 6
1.0 76.16991883957866 76.24223602484473 20.0 1
9.0 13.192885512001382 14.130434782608695 104.0 6
8.0 13.641858055603523 14.751552795031056 83.0 6
1.0 76.16991883957866 76.24223602484473 19.0 1
9.0 13.192885512001382 14.130434782608695 104.0 6
8.0 13.641858055603523 14.751552795031056 83.0 6
1.0 76.16991883957866 76.24223602484473 21.0 1
9.0 13.192885512001382 14.130434782608695 104.0 6
8.0 13.641858055603523 14.751552795031056 83.0 6
1.0 76.16991883957866 76.24223602484473 19.0 1
9.0 13.192885512001382 14.130434782608695 104.0 6
8.0 13.641858055603523 14.751552795031056 83.0 6
1.0 76.16991883957866 76.24223602484473 22.0 1
9.0 13.192885512001382 14.130434782608695 104.0 6
1.0 76.16991883957866 76.24223602484473 7.0 1
1.0 76.16991883957866 76.24223602484473 9.0 1
1.0 76.16991883957866 76.24223602484473 8.0 1
1.0 76.16991883957866 76.24223602484473 9.0 1
1.0 76.16991883957866 76.24223602484473 8.0 1
1.0 76.16991883957866 76.24223602484473 7.0 1
1.0 76.16991883957866 76.24223602484473 8.0 1
1.0 76.16991883957866 76.24223602484473 7.0 1
1.0 76.16991883957866 76.24223602484473 8.0 1
