1.0 76.17403314917127 76.20528771384136 7.0 1
3.0 33.546270718232044 33.748055987558324 45.0 3
3.0 33.546270718232044 33.748055987558324 45.0 3
1.0 76.17403314917127 76.20528771384136 7.0 1
3.0 33.546270718232044 33.748055987558324 45.0 3
1.0 76.17403314917127 76.20528771384136 8.0 1
3.0 33.546270718232044 33.748055987558324 45.0 3
1.0 76.17403314917127 76.20528771384136 7.0 1
1.0 76.17403314917127 76.20528771384136 7.0 1
1.0 76.17403314917127 76.20528771384136 9.0 1
1.0 76.17403314917127 76.20528771384136 7.0 1
1.0 76.17403314917127 76.20528771384136 7.0 1
1.0 76.17403314917127 76.20528771384136 7.0 1
1.0 76.17403314917127 76.20528771384136 10.0 1
2.0 52.98687845303868 53.18818040435459 26.0 2
2.0 52.98687845303868 53.18818040435459 26.0 2
4.0 24.378453038674035 24.72783825816485 48.0 4
5.0 20.441988950276244 21.61741835147745 44.0 5
5.0 20.441988950276244 21.61741835147745 44.0 5
1.0 76.17403314917127 76.20528771384136 11.0 1
2.0 52.98687845303868 53.18818040435459 26.0 2
5.0 20.441988950276244 21.61741835147745 44.0 5
1.0 76.17403314917127 76.20528771384136 12.0 1
4.0 24.378453038674035 24.72783825816485 48.0 4
5.0 20.441988950276244 21.61741835147745 44.0 5
1.0 76.17403314917127 76.20528771384136 11.0 1
2.0 52.98687845303868 53.18818040435459 26.0 2
1.0 76.17403314917127 76.20528771384136 11.0 1
1.0 76.17403314917127 76.20528771384136 12.0 1
2.0 52.98687845303868 53.18818040435459 26.0 2
1.0 76.17403314917127 76.20528771384136 12.0 1
2.0 52.98687845303868 53.18818040435459 26.0 2
1.0 76.17403314917127 76.20528771384136 12.0 1
2.0 52.98687845303868 53.18818040435459 26.0 2
1.0 76.17403314917127 76.20528771384136 12.0 1
1.0 76.17403314917127 76.20528771384136 11.0 1
2.0 52.98687845303868 53.18818040435459 26.0 2
1.0 76.17403314917127 76.20528771384136 5.0 1
11.0 12.051104972375692 15.552099533437014 109.0 6
10.0 12.085635359116022 15.396578538102643 97.0 6
6.0 17.36878453038674 17.729393468118197 57.0 5
6.0 17.36878453038674 17.729393468118197 57.0 5
1.0 76.17403314917127 76.20528771384136 5.0 1
6.0 17.36878453038674 17.729393468118197 57.0 5
6.0 17.36878453038674 17.729393468118197 57.0 5
1.0 76.17403314917127 76.20528771384136 5.0 1
6.0 17.36878453038674 17.729393468118197 57.0 5
1.0 76.17403314917127 76.20528771384136 7.0 1
6.0 17.36878453038674 17.729393468118197 57.0 5
1.0 76.17403314917127 76.20528771384136 6.0 1
6.0 17.36878453038674 17.729393468118197 57.0 5
6.0 17.36878453038674 17.729393468118197 57.0 5
6.0 17.36878453038674 17.729393468118197 57.0 5
1.0 76.17403314917127 76.20528771384136 6.0 1
6.0 17.36878453038674 17.729393468118197 57.0 5
1.0 76.17403314917127 76.20528771384136 5.0 1
6.0 17.36878453038674 17.729393468118197 57.0 5
1.0 76.17403314917127 76.20528771384136 5.0 1
1.0 76.17403314917127 76.20528771384136 6.0 1
1.0 76.17403314917127 76.20528771384136 5.0 1
1.0 76.17403314917127 76.20528771384136 5.0 1
1.0 76.17403314917127 76.20528771384136 7.0 1
1.0 76.17403314917127 76.20528771384136 5.0 1
1.0 76.17403314917127 76.20528771384136 6.0 1
1.0 76.17403314917127 76.20528771384136 5.0 1
1.0 76.17403314917127 76.20528771384136 6.0 1
1.0 76.17403314917127 76.20528771384136 6.0 1
1.0 76.17403314917127 76.20528771384136 11.0 1
9.0 12.189226519337018 15.552099533437014 83.0 6
8.0 13.466850828729282 15.863141524105753 70.0 6
8.0 13.466850828729282 15.863141524105753 70.0 6
9.0 12.189226519337018 15.552099533437014 83.0 6
8.0 13.466850828729282 15.863141524105753 70.0 6
9.0 12.189226519337018 15.552099533437014 83.0 6
8.0 13.466850828729282 15.863141524105753 70.0 6
9.0 12.189226519337018 15.552099533437014 83.0 6
8.0 13.466850828729282 15.863141524105753 70.0 6
9.0 12.189226519337018 15.552099533437014 83.0 6
8.0 13.466850828729282 15.863141524105753 70.0 6
1.0 76.17403314917127 76.20528771384136 12.0 1
9.0 12.189226519337018 15.552099533437014 83.0 6
8.0 13.466850828729282 15.863141524105753 70.0 6
9.0 12.189226519337018 15.552099533437014 83.0 6
8.0 13.466850828729282 15.863141524105753 70.0 6
1.0 76.17403314917127 76.20528771384136 12.0 1
9.0 12.189226519337018 15.552099533437014 83.0 6
1.0 76.17403314917127 76.20528771384136 12.0 1
7.0 14.502762430939226 16.640746500777606 66.0 6
7.0 14.502762430939226 16.640746500777606 66.0 6
1.0 76.17403314917127 76.20528771384136 14.0 1
7.0 14.502762430939226 16.640746500777606 66.0 6
1.0 76.17403314917127 76.20528771384136 12.0 1
7.0 14.502762430939226 16.640746500777606 66.0 6
1.0 76.17403314917127 76.20528771384136 14.0 1
7.0 14.502762430939226 16.640746500777606 66.0 6
1.0 76.17403314917127 76.20528771384136 13.0 1
7.0 14.502762430939226 16.640746500777606 66.0 6
1.0 76.17403314917127 76.20528771384136 12.0 1
7.0 14.502762430939226 16.640746500777606 66.0 6
1.0 76.17403314917127 76.20528771384136 12.0 1
1.0 76.17403314917127 76.20528771384136 12.0 1
1.0 76.17403314917127 76.20528771384136 12.0 1
1.0 76.17403314917127 76.20528771384136 12.0 1
1.0 76.17403314917127 76.20528771384136 13.0 1
