1.0 76.16991883957866 76.24223602484473 6.0 1
10.0 12.657572094629598 14.285714285714285 137.0 6
4.0 23.76100846140563 24.84472049689441 55.0 4
5.0 17.475392850975652 18.788819875776397 60.0 5
1.0 76.16991883957866 76.24223602484473 18.0 1
10.0 12.657572094629598 14.285714285714285 137.0 6
1.0 76.16991883957866 76.24223602484473 18.0 1
1.0 76.16991883957866 76.24223602484473 18.0 1
1.0 76.16991883957866 76.24223602484473 18.0 1
1.0 76.16991883957866 76.24223602484473 17.0 1
1.0 76.16991883957866 76.24223602484473 6.0 1
1.0 76.16991883957866 76.24223602484473 19.0 1
1.0 76.16991883957866 76.24223602484473 19.0 1
1.0 76.16991883957866 76.24223602484473 19.0 1
1.0 76.16991883957866 76.24223602484473 18.0 1
1.0 76.16991883957866 76.24223602484473 6.0 1
1.0 76.16991883957866 76.24223602484473 9.0 1
1.0 76.16991883957866 76.24223602484473 9.0 1
1.0 76.16991883957866 76.24223602484473 9.0 1
1.0 76.16991883957866 76.24223602484473 8.0 1
1.0 76.16991883957866 76.24223602484473 8.0 1
1.0 76.16991883957866 76.24223602484473 15.0 1
1.0 76.16991883957866 76.24223602484473 16.0 1
1.0 76.16991883957866 76.24223602484473 17.0 1
1.0 76.16991883957866 76.24223602484473 17.0 1
1.0 76.16991883957866 76.24223602484473 18.0 1
1.0 76.16991883957866 76.24223602484473 17.0 1
1.0 76.16991883957866 76.24223602484473 17.0 1
1.0 76.16991883957866 76.24223602484473 16.0 1
1.0 76.16991883957866 76.24223602484473 16.0 1
1.0 76.16991883957866 76.24223602484473 17.0 1
1.0 76.16991883957866 76.24223602484473 8.0 1
1.0 76.16991883957866 76.24223602484473 18.0 1
1.0 76.16991883957866 76.24223602484473 16.0 1
1.0 76.16991883957866 76.24223602484473 15.0 1
1.0 76.16991883957866 76.24223602484473 18.0 1
1.0 76.16991883957866 76.24223602484473 18.0 1
1.0 76.16991883957866 76.24223602484473 8.0 1
1.0 76.16991883957866 76.24223602484473 15.0 1
1.0 76.16991883957866 76.24223602484473 16.0 1
1.0 76.16991883957866 76.24223602484473 17.0 1
1.0 76.16991883957866 76.24223602484473 7.0 1
2.0 52.78881022275945 52.79503105590062 37.0 2
7.0 12.812985667414956 13.819875776397517 87.0 6
6.0 14.574339492315664 15.683229813664596 75.0 6
6.0 14.574339492315664 15.683229813664596 75.0 6
7.0 12.812985667414956 13.819875776397517 87.0 6
1.0 76.16991883957866 76.24223602484473 7.0 1
2.0 52.78881022275945 52.79503105590062 37.0 2
6.0 14.574339492315664 15.683229813664596 75.0 6
7.0 12.812985667414956 13.819875776397517 87.0 6
1.0 76.16991883957866 76.24223602484473 20.0 1
2.0 52.78881022275945 52.79503105590062 37.0 2
6.0 14.574339492315664 15.683229813664596 75.0 6
7.0 12.812985667414956 13.819875776397517 87.0 6
1.0 76.16991883957866 76.24223602484473 21.0 1
2.0 52.78881022275945 52.79503105590062 37.0 2
1.0 76.16991883957866 76.24223602484473 8.0 1
7.0 12.812985667414956 13.819875776397517 87.0 6
1.0 76.16991883957866 76.24223602484473 20.0 1
7.0 12.812985667414956 13.819875776397517 87.0 6
7.0 12.812985667414956 13.819875776397517 87.0 6
2.0 52.78881022275945 52.79503105590062 37.0 2
7.0 12.812985667414956 13.819875776397517 87.0 6
2.0 52.78881022275945 52.79503105590062 37.0 2
1.0 76.16991883957866 76.24223602484473 7.0 1
7.0 12.812985667414956 13.819875776397517 87.0 6
2.0 52.78881022275945 52.79503105590062 37.0 2
1.0 76.16991883957866 76.24223602484473 9.0 1
7.0 12.812985667414956 13.819875776397517 87.0 6
2.0 52.78881022275945 52.79503105590062 37.0 2
1.0 76.16991883957866 76.24223602484473 20.0 1
7.0 12.812985667414956 13.819875776397517 87.0 6
2.0 52.78881022275945 52.79503105590062 37.0 2
1.0 76.16991883957866 76.24223602484473 20.0 1
7.0 12.812985667414956 13.819875776397517 87.0 6
2.0 52.78881022275945 52.79503105590062 38.0 2
1.0 76.16991883957866 76.24223602484473 7.0 1
1.0 76.16991883957866 76.24223602484473 7.0 1
2.0 52.78881022275945 52.79503105590062 37.0 2
1.0 76.16991883957866 76.24223602484473 7.0 1
2.0 52.78881022275945 52.79503105590062 37.0 2
1.0 76.16991883957866 76.24223602484473 20.0 1
1.0 76.16991883957866 76.24223602484473 9.0 1
7.0 12.812985667414956 14.130434782608695 85.0 6
7.0 12.812985667414956 14.130434782608695 85.0 6
1.0 76.16991883957866 76.24223602484473 20.0 1
7.0 12.812985667414956 14.130434782608695 85.0 6
1.0 76.16991883957866 76.24223602484473 20.0 1
1.0 76.16991883957866 76.24223602484473 20.0 1
7.0 12.812985667414956 14.130434782608695 85.0 6
1.0 76.16991883957866 76.24223602484473 12.0 1
7.0 12.812985667414956 14.130434782608695 85.0 6
1.0 76.16991883957866 76.24223602484473 14.0 1
7.0 12.812985667414956 14.130434782608695 85.0 6
1.0 76.16991883957866 76.24223602484473 12.0 1
7.0 12.812985667414956 14.130434782608695 85.0 6
1.0 76.16991883957866 76.24223602484473 10.0 1
7.0 12.812985667414956 14.130434782608695 85.0 6
1.0 76.16991883957866 76.24223602484473 9.0 1
7.0 12.812985667414956 14.130434782608695 85.0 6
1.0 76.16991883957866 76.24223602484473 20.0 1
7.0 12.812985667414956 14.130434782608695 85.0 6
1.0 76.16991883957866 76.24223602484473 20.0 1
7.0 12.812985667414956 14.130434782608695 85.0 6
1.0 76.16991883957866 76.24223602484473 10.0 1
8.0 12.709376618891383 14.130434782608695 101.0 6
3.0 33.55206354688309 33.85093167701863 50.0 3
3.0 33.55206354688309 33.85093167701863 50.0 3
7.0 12.812985667414956 14.130434782608695 85.0 6
7.0 12.812985667414956 14.130434782608695 85.0 6
1.0 76.16991883957866 76.24223602484473 17.0 1
8.0 12.709376618891383 14.130434782608695 101.0 6
3.0 33.55206354688309 33.85093167701863 50.0 3
7.0 12.812985667414956 14.130434782608695 85.0 6
1.0 76.16991883957866 76.24223602484473 15.0 1
8.0 12.709376618891383 14.130434782608695 101.0 6
3.0 33.55206354688309 33.85093167701863 50.0 3
7.0 12.812985667414956 14.130434782608695 85.0 6
1.0 76.16991883957866 76.24223602484473 15.0 1
8.0 12.709376618891383 14.130434782608695 101.0 6
3.0 33.55206354688309 33.85093167701863 50.0 3
7.0 12.812985667414956 14.130434782608695 85.0 6
8.0 12.709376618891383 14.130434782608695 101.0 6
3.0 33.55206354688309 33.85093167701863 50.0 3
7.0 12.812985667414956 14.130434782608695 85.0 6
1.0 76.16991883957866 76.24223602484473 17.0 1
8.0 12.709376618891383 14.130434782608695 101.0 6
7.0 12.812985667414956 14.130434782608695 85.0 6
1.0 76.16991883957866 76.24223602484473 16.0 1
7.0 12.812985667414956 14.130434782608695 85.0 6
1.0 76.16991883957866 76.24223602484473 19.0 1
7.0 12.812985667414956 14.130434782608695 85.0 6
7.0 12.812985667414956 14.130434782608695 85.0 6
7.0 12.812985667414956 14.130434782608695 85.0 6
1.0 76.16991883957866 76.24223602484473 10.0 1
7.0 12.812985667414956 14.130434782608695 85.0 6
1.0 76.16991883957866 76.24223602484473 10.0 1
7.0 12.812985667414956 14.130434782608695 85.0 6
1.0 76.16991883957866 76.24223602484473 19.0 1
