1.0 76.17403314917127 76.20528771384136 8.0 1
7.0 14.502762430939226 13.841368584758943 100.0 6
8.0 13.156077348066297 13.21928460342146 106.0 6
5.0 19.11256906077348 18.662519440124417 76.0 5
8.0 13.156077348066297 13.21928460342146 106.0 6
12.0 13.000690607734807 13.063763608087092 179.0 6
8.0 13.156077348066297 13.21928460342146 106.0 6
10.0 13.121546961325967 12.908242612752721 152.0 6
8.0 13.156077348066297 13.21928460342146 106.0 6
1.0 76.17403314917127 76.20528771384136 8.0 1
8.0 13.156077348066297 13.21928460342146 106.0 6
1.0 76.17403314917127 76.20528771384136 8.0 1
4.0 24.499309392265193 23.79471228615863 70.0 4
8.0 13.156077348066297 13.21928460342146 106.0 6
8.0 13.156077348066297 13.21928460342146 106.0 6
4.0 24.499309392265193 23.79471228615863 70.0 4
8.0 13.156077348066297 13.21928460342146 106.0 6
1.0 76.17403314917127 76.20528771384136 4.0 1
6.0 17.316988950276244 15.863141524105753 86.0 5
7.0 14.502762430939226 13.685847589424572 102.0 6
6.0 17.316988950276244 15.863141524105753 86.0 5
7.0 14.502762430939226 13.685847589424572 102.0 6
1.0 76.17403314917127 76.20528771384136 4.0 1
6.0 17.316988950276244 15.863141524105753 86.0 5
7.0 14.502762430939226 13.685847589424572 102.0 6
1.0 76.17403314917127 76.20528771384136 8.0 1
6.0 17.316988950276244 15.863141524105753 86.0 5
7.0 14.502762430939226 13.685847589424572 102.0 6
1.0 76.17403314917127 76.20528771384136 7.0 1
6.0 17.316988950276244 15.863141524105753 86.0 5
7.0 14.502762430939226 13.685847589424572 102.0 6
1.0 76.17403314917127 76.20528771384136 4.0 1
7.0 14.502762430939226 13.685847589424572 102.0 6
1.0 76.17403314917127 76.20528771384136 4.0 1
7.0 14.502762430939226 13.685847589424572 102.0 6
1.0 76.17403314917127 76.20528771384136 4.0 1
7.0 14.502762430939226 13.685847589424572 102.0 6
1.0 76.17403314917127 76.20528771384136 5.0 1
7.0 14.502762430939226 13.685847589424572 102.0 6
1.0 76.17403314917127 76.20528771384136 4.0 1
7.0 14.502762430939226 13.685847589424572 102.0 6
1.0 76.17403314917127 76.20528771384136 4.0 1
1.0 76.17403314917127 76.20528771384136 6.0 1
1.0 76.17403314917127 76.20528771384136 4.0 1
1.0 76.17403314917127 76.20528771384136 5.0 1
1.0 76.17403314917127 76.20528771384136 14.0 1
1.0 76.17403314917127 76.20528771384136 14.0 1
1.0 76.17403314917127 76.20528771384136 15.0 1
1.0 76.17403314917127 76.20528771384136 14.0 1
1.0 76.17403314917127 76.20528771384136 14.0 1
1.0 76.17403314917127 76.20528771384136 16.0 1
1.0 76.17403314917127 76.20528771384136 15.0 1
1.0 76.17403314917127 76.20528771384136 15.0 1
1.0 76.17403314917127 76.20528771384136 15.0 1
1.0 76.17403314917127 76.20528771384136 14.0 1
1.0 76.17403314917127 76.20528771384136 15.0 1
1.0 76.17403314917127 76.20528771384136 5.0 1
3.0 33.56353591160221 33.903576982892695 64.0 3
1.0 76.17403314917127 76.20528771384136 5.0 1
3.0 33.56353591160221 33.903576982892695 64.0 3
11.0 13.1042817679558 13.530326594090203 166.0 6
1.0 76.17403314917127 76.20528771384136 5.0 1
1.0 76.17403314917127 76.20528771384136 5.0 1
3.0 33.56353591160221 33.903576982892695 64.0 3
1.0 76.17403314917127 76.20528771384136 5.0 1
3.0 33.56353591160221 33.903576982892695 64.0 3
1.0 76.17403314917127 76.20528771384136 5.0 1
1.0 76.17403314917127 76.20528771384136 9.0 1
1.0 76.17403314917127 76.20528771384136 22.0 1
1.0 76.17403314917127 76.20528771384136 22.0 1
1.0 76.17403314917127 76.20528771384136 22.0 1
1.0 76.17403314917127 76.20528771384136 22.0 1
2.0 52.95234806629834 53.03265940902022 44.0 2
1.0 76.17403314917127 76.20528771384136 22.0 1
1.0 76.17403314917127 76.20528771384136 22.0 1
1.0 76.17403314917127 76.20528771384136 10.0 1
1.0 76.17403314917127 76.20528771384136 21.0 1
1.0 76.17403314917127 76.20528771384136 21.0 1
1.0 76.17403314917127 76.20528771384136 22.0 1
1.0 76.17403314917127 76.20528771384136 22.0 1
