1.0 76.17403314917127 76.20528771384136 8.0 1
7.0 13.501381215469612 16.640746500777606 82.0 6
7.0 13.501381215469612 16.640746500777606 82.0 6
8.0 12.914364640883976 16.018662519440124 85.0 6
8.0 12.914364640883976 16.018662519440124 85.0 6
1.0 76.17403314917127 76.20528771384136 27.0 1
7.0 13.501381215469612 16.640746500777606 82.0 6
8.0 12.914364640883976 16.018662519440124 85.0 6
1.0 76.17403314917127 76.20528771384136 8.0 1
7.0 13.501381215469612 16.640746500777606 82.0 6
8.0 12.914364640883976 16.018662519440124 85.0 6
1.0 76.17403314917127 76.20528771384136 28.0 1
7.0 13.501381215469612 16.640746500777606 82.0 6
8.0 12.914364640883976 16.018662519440124 85.0 6
1.0 76.17403314917127 76.20528771384136 26.0 1
8.0 12.914364640883976 16.018662519440124 85.0 6
1.0 76.17403314917127 76.20528771384136 26.0 1
8.0 12.914364640883976 16.018662519440124 85.0 6
1.0 76.17403314917127 76.20528771384136 26.0 1
8.0 12.914364640883976 16.018662519440124 85.0 6
1.0 76.17403314917127 76.20528771384136 28.0 1
2.0 52.79696132596685 53.03265940902022 52.0 2
1.0 76.17403314917127 76.20528771384136 4.0 1
5.0 17.506906077348066 20.37325038880249 84.0 5
10.0 11.8439226519337 15.241057542768274 93.0 6
9.0 12.310082872928177 15.707620528771384 89.0 6
9.0 12.310082872928177 15.707620528771384 89.0 6
10.0 11.8439226519337 15.241057542768274 93.0 6
1.0 76.17403314917127 76.20528771384136 25.0 1
9.0 12.310082872928177 15.707620528771384 89.0 6
10.0 11.8439226519337 15.241057542768274 93.0 6
1.0 76.17403314917127 76.20528771384136 4.0 1
9.0 12.310082872928177 15.707620528771384 89.0 6
10.0 11.8439226519337 15.241057542768274 93.0 6
1.0 76.17403314917127 76.20528771384136 5.0 1
9.0 12.310082872928177 15.707620528771384 89.0 6
10.0 11.8439226519337 15.241057542768274 93.0 6
1.0 76.17403314917127 76.20528771384136 5.0 1
9.0 12.310082872928177 15.707620528771384 89.0 6
10.0 11.8439226519337 15.241057542768274 93.0 6
1.0 76.17403314917127 76.20528771384136 5.0 1
9.0 12.310082872928177 15.707620528771384 89.0 6
10.0 11.8439226519337 15.241057542768274 93.0 6
1.0 76.17403314917127 76.20528771384136 24.0 1
9.0 12.310082872928177 15.707620528771384 89.0 6
1.0 76.17403314917127 76.20528771384136 7.0 1
10.0 11.8439226519337 15.241057542768274 93.0 6
1.0 76.17403314917127 76.20528771384136 8.0 1
10.0 11.8439226519337 15.241057542768274 93.0 6
1.0 76.17403314917127 76.20528771384136 7.0 1
10.0 11.8439226519337 15.241057542768274 93.0 6
1.0 76.17403314917127 76.20528771384136 7.0 1
10.0 11.8439226519337 15.241057542768274 93.0 6
1.0 76.17403314917127 76.20528771384136 9.0 1
10.0 11.8439226519337 15.241057542768274 93.0 6
1.0 76.17403314917127 76.20528771384136 8.0 1
10.0 11.8439226519337 15.241057542768274 93.0 6
1.0 76.17403314917127 76.20528771384136 8.0 1
10.0 11.8439226519337 15.241057542768274 93.0 6
1.0 76.17403314917127 76.20528771384136 9.0 1
11.0 11.792127071823204 15.241057542768274 115.0 6
4.0 23.480662983425415 25.972006220839816 74.0 4
3.0 33.25276243093923 35.14774494556765 69.0 3
9.0 12.310082872928177 15.707620528771384 89.0 6
6.0 15.935773480662984 17.418351477449455 61.0 6
6.0 15.935773480662984 17.418351477449455 61.0 6
10.0 11.8439226519337 15.241057542768274 93.0 6
1.0 76.17403314917127 76.20528771384136 24.0 1
11.0 11.792127071823204 15.241057542768274 115.0 6
6.0 15.935773480662984 17.418351477449455 61.0 6
1.0 76.17403314917127 76.20528771384136 22.0 1
11.0 11.792127071823204 15.241057542768274 115.0 6
1.0 76.17403314917127 76.20528771384136 22.0 1
11.0 11.792127071823204 15.241057542768274 115.0 6
1.0 76.17403314917127 76.20528771384136 24.0 1
11.0 11.792127071823204 15.241057542768274 115.0 6
1.0 76.17403314917127 76.20528771384136 22.0 1
11.0 11.792127071823204 15.241057542768274 115.0 6
10.0 11.8439226519337 15.241057542768274 93.0 6
1.0 76.17403314917127 76.20528771384136 23.0 1
11.0 11.792127071823204 15.241057542768274 115.0 6
1.0 76.17403314917127 76.20528771384136 13.0 1
10.0 11.8439226519337 15.241057542768274 93.0 6
1.0 76.17403314917127 76.20528771384136 13.0 1
10.0 11.8439226519337 15.241057542768274 93.0 6
10.0 11.8439226519337 15.241057542768274 93.0 6
10.0 11.8439226519337 15.241057542768274 93.0 6
10.0 11.8439226519337 15.241057542768274 93.0 6
1.0 76.17403314917127 76.20528771384136 13.0 1
10.0 11.8439226519337 15.241057542768274 93.0 6
