1.0 76.18718701433258 76.08695652173914 12.0 1
1.0 76.18718701433258 76.08695652173914 8.0 1
3.0 33.3103091003281 33.85093167701863 45.0 3
3.0 33.3103091003281 33.85093167701863 45.0 3
7.0 13.08927646347781 11.180124223602485 76.0 6
8.0 12.64030391987567 11.024844720496894 81.0 6
7.0 13.08927646347781 11.180124223602485 76.0 6
8.0 12.64030391987567 11.024844720496894 81.0 6
1.0 76.18718701433258 76.08695652173914 8.0 1
3.0 33.3103091003281 33.85093167701863 45.0 3
7.0 13.08927646347781 11.180124223602485 76.0 6
8.0 12.64030391987567 11.024844720496894 81.0 6
1.0 76.18718701433258 76.08695652173914 8.0 1
3.0 33.3103091003281 33.85093167701863 45.0 3
7.0 13.08927646347781 11.180124223602485 76.0 6
8.0 12.64030391987567 11.024844720496894 81.0 6
1.0 76.18718701433258 76.08695652173914 10.0 1
7.0 13.08927646347781 11.180124223602485 76.0 6
8.0 12.64030391987567 11.024844720496894 81.0 6
1.0 76.18718701433258 76.08695652173914 9.0 1
7.0 13.08927646347781 11.180124223602485 76.0 6
8.0 12.64030391987567 11.024844720496894 81.0 6
1.0 76.18718701433258 76.08695652173914 8.0 1
7.0 13.08927646347781 11.180124223602485 76.0 6
8.0 12.64030391987567 11.024844720496894 81.0 6
1.0 76.18718701433258 76.08695652173914 14.0 1
7.0 13.08927646347781 11.180124223602485 76.0 6
8.0 12.64030391987567 11.024844720496894 81.0 6
1.0 76.18718701433258 76.08695652173914 14.0 1
7.0 13.08927646347781 11.180124223602485 76.0 6
8.0 12.64030391987567 11.024844720496894 81.0 6
8.0 12.64030391987567 11.024844720496894 81.0 6
1.0 76.18718701433258 76.08695652173914 5.0 1
4.0 23.51925401485063 23.60248447204969 52.0 4
4.0 23.51925401485063 23.60248447204969 52.0 4
5.0 17.354515627698152 18.012422360248447 58.0 5
5.0 17.354515627698152 18.012422360248447 58.0 5
1.0 76.18718701433258 76.08695652173914 15.0 1
4.0 23.51925401485063 23.60248447204969 52.0 4
5.0 17.354515627698152 18.012422360248447 58.0 5
1.0 76.18718701433258 76.08695652173914 15.0 1
4.0 23.51925401485063 23.60248447204969 52.0 4
5.0 17.354515627698152 18.012422360248447 58.0 5
1.0 76.18718701433258 76.08695652173914 5.0 1
4.0 23.51925401485063 23.60248447204969 52.0 4
5.0 17.354515627698152 18.012422360248447 58.0 5
1.0 76.18718701433258 76.08695652173914 5.0 1
4.0 23.51925401485063 23.60248447204969 52.0 4
5.0 17.354515627698152 18.012422360248447 58.0 5
1.0 76.18718701433258 76.08695652173914 16.0 1
4.0 23.51925401485063 23.60248447204969 52.0 4
5.0 17.354515627698152 18.012422360248447 58.0 5
1.0 76.18718701433258 76.08695652173914 5.0 1
4.0 23.51925401485063 23.60248447204969 52.0 4
5.0 17.354515627698152 18.012422360248447 58.0 5
1.0 76.18718701433258 76.08695652173914 5.0 1
4.0 23.51925401485063 23.60248447204969 52.0 4
1.0 76.18718701433258 76.08695652173914 5.0 1
4.0 23.51925401485063 23.60248447204969 52.0 4
1.0 76.18718701433258 76.08695652173914 15.0 1
4.0 23.51925401485063 23.60248447204969 52.0 4
1.0 76.18718701433258 76.08695652173914 5.0 1
4.0 23.51925401485063 23.60248447204969 52.0 4
1.0 76.18718701433258 76.08695652173914 16.0 1
1.0 76.18718701433258 76.08695652173914 6.0 1
1.0 76.18718701433258 76.08695652173914 8.0 1
1.0 76.18718701433258 76.08695652173914 7.0 1
1.0 76.18718701433258 76.08695652173914 6.0 1
1.0 76.18718701433258 76.08695652173914 8.0 1
1.0 76.18718701433258 76.08695652173914 9.0 1
2.0 52.909687446036955 52.79503105590062 31.0 2
1.0 76.18718701433258 76.08695652173914 8.0 1
1.0 76.18718701433258 76.08695652173914 7.0 1
1.0 76.18718701433258 76.08695652173914 6.0 1
1.0 76.18718701433258 76.08695652173914 7.0 1
1.0 76.18718701433258 76.08695652173914 6.0 1
2.0 52.909687446036955 52.79503105590062 31.0 2
1.0 76.18718701433258 76.08695652173914 8.0 1
5.0 17.354515627698152 18.012422360248447 57.0 5
5.0 17.354515627698152 18.012422360248447 57.0 5
6.0 14.608875841823519 14.596273291925465 69.0 6
6.0 14.608875841823519 14.596273291925465 69.0 6
5.0 17.354515627698152 18.012422360248447 57.0 5
6.0 14.608875841823519 14.596273291925465 69.0 6
1.0 76.18718701433258 76.08695652173914 8.0 1
5.0 17.354515627698152 18.012422360248447 57.0 5
6.0 14.608875841823519 14.596273291925465 69.0 6
1.0 76.18718701433258 76.08695652173914 10.0 1
5.0 17.354515627698152 18.012422360248447 57.0 5
6.0 14.608875841823519 14.596273291925465 69.0 6
1.0 76.18718701433258 76.08695652173914 10.0 1
5.0 17.354515627698152 18.012422360248447 57.0 5
6.0 14.608875841823519 14.596273291925465 69.0 6
1.0 76.18718701433258 76.08695652173914 7.0 1
5.0 17.354515627698152 18.012422360248447 57.0 5
6.0 14.608875841823519 14.596273291925465 69.0 6
5.0 17.354515627698152 18.012422360248447 57.0 5
6.0 14.608875841823519 14.596273291925465 69.0 6
6.0 14.608875841823519 14.596273291925465 69.0 6
