1.0 76.18718701433258 76.08695652173914 5.0 1
1.0 76.18718701433258 76.08695652173914 14.0 1
1.0 76.18718701433258 76.08695652173914 14.0 1
1.0 76.18718701433258 76.08695652173914 14.0 1
1.0 76.18718701433258 76.08695652173914 14.0 1
1.0 76.18718701433258 76.08695652173914 14.0 1
1.0 76.18718701433258 76.08695652173914 14.0 1
1.0 76.18718701433258 76.08695652173914 13.0 1
1.0 76.18718701433258 76.08695652173914 8.0 1
10.0 11.915040580210672 13.198757763975156 96.0 6
4.0 24.279053704023486 24.53416149068323 42.0 4
3.0 33.27577275082024 33.22981366459628 38.0 3
3.0 33.27577275082024 33.22981366459628 38.0 3
5.0 18.338801588672077 18.16770186335404 48.0 5
5.0 18.338801588672077 18.16770186335404 48.0 5
10.0 11.915040580210672 13.198757763975156 96.0 6
3.0 33.27577275082024 33.22981366459628 38.0 3
1.0 76.18718701433258 76.08695652173914 9.0 1
10.0 11.915040580210672 13.198757763975156 96.0 6
1.0 76.18718701433258 76.08695652173914 14.0 1
10.0 11.915040580210672 13.198757763975156 96.0 6
10.0 11.915040580210672 13.198757763975156 96.0 6
10.0 11.915040580210672 13.198757763975156 96.0 6
1.0 76.18718701433258 76.08695652173914 12.0 1
10.0 11.915040580210672 13.198757763975156 96.0 6
1.0 76.18718701433258 76.08695652173914 14.0 1
10.0 11.915040580210672 13.198757763975156 96.0 6
1.0 76.18718701433258 76.08695652173914 9.0 1
10.0 11.915040580210672 13.198757763975156 96.0 6
1.0 76.18718701433258 76.08695652173914 12.0 1
10.0 11.915040580210672 13.198757763975156 96.0 6
1.0 76.18718701433258 76.08695652173914 15.0 1
1.0 76.18718701433258 76.08695652173914 12.0 1
10.0 11.915040580210672 13.198757763975156 96.0 6
1.0 76.18718701433258 76.08695652173914 12.0 1
10.0 11.915040580210672 13.198757763975156 96.0 6
1.0 76.18718701433258 76.08695652173914 14.0 1
10.0 11.915040580210672 13.198757763975156 96.0 6
1.0 76.18718701433258 76.08695652173914 8.0 1
15.0 11.880504230702815 12.732919254658384 151.0 6
6.0 14.867898463132448 14.906832298136646 61.0 6
7.0 13.520980832326025 13.975155279503104 65.0 6
1.0 76.18718701433258 76.08695652173914 15.0 1
7.0 13.520980832326025 13.975155279503104 65.0 6
9.0 13.31376273527888 15.062111801242237 91.0 6
1.0 76.18718701433258 76.08695652173914 10.0 1
7.0 13.520980832326025 13.975155279503104 65.0 6
9.0 13.31376273527888 15.062111801242237 91.0 6
1.0 76.18718701433258 76.08695652173914 14.0 1
7.0 13.520980832326025 13.975155279503104 65.0 6
1.0 76.18718701433258 76.08695652173914 9.0 1
7.0 13.520980832326025 13.975155279503104 65.0 6
9.0 13.31376273527888 15.062111801242237 91.0 6
1.0 76.18718701433258 76.08695652173914 9.0 1
2.0 52.82334657226732 52.95031055900621 27.0 2
2.0 52.82334657226732 52.79503105590062 27.0 2
1.0 76.18718701433258 76.08695652173914 15.0 1
2.0 52.82334657226732 52.95031055900621 26.0 2
2.0 52.82334657226732 52.95031055900621 26.0 2
1.0 76.18718701433258 76.08695652173914 19.0 1
2.0 52.82334657226732 52.95031055900621 26.0 2
2.0 52.82334657226732 52.95031055900621 26.0 2
2.0 52.82334657226732 52.95031055900621 26.0 2
