1.0 76.17403314917127 76.20528771384136 3.0 1
3.0 33.30455801104972 34.52566096423017 52.0 3
3.0 33.30455801104972 34.3701399688958 51.0 3
6.0 13.156077348066297 13.21928460342146 78.0 6
6.0 13.156077348066297 13.21928460342146 78.0 6
1.0 76.17403314917127 76.20528771384136 4.0 1
3.0 33.30455801104972 34.52566096423017 52.0 3
6.0 13.156077348066297 13.21928460342146 78.0 6
1.0 76.17403314917127 76.20528771384136 3.0 1
3.0 33.30455801104972 34.52566096423017 52.0 3
6.0 13.156077348066297 13.21928460342146 78.0 6
1.0 76.17403314917127 76.20528771384136 3.0 1
3.0 33.30455801104972 34.52566096423017 52.0 3
6.0 13.156077348066297 13.21928460342146 78.0 6
1.0 76.17403314917127 76.20528771384136 4.0 1
3.0 33.30455801104972 34.52566096423017 52.0 3
6.0 13.156077348066297 13.21928460342146 78.0 6
1.0 76.17403314917127 76.20528771384136 4.0 1
3.0 33.30455801104972 34.52566096423017 52.0 3
6.0 13.156077348066297 13.21928460342146 78.0 6
1.0 76.17403314917127 76.20528771384136 3.0 1
3.0 33.30455801104972 34.52566096423017 52.0 3
6.0 13.156077348066297 13.21928460342146 78.0 6
1.0 76.17403314917127 76.20528771384136 6.0 1
3.0 33.30455801104972 34.52566096423017 52.0 3
6.0 13.156077348066297 13.21928460342146 78.0 6
1.0 76.17403314917127 76.20528771384136 5.0 1
1.0 76.17403314917127 76.20528771384136 12.0 1
3.0 33.30455801104972 34.05909797822706 51.0 3
6.0 13.156077348066297 13.21928460342146 78.0 6
6.0 13.156077348066297 13.21928460342146 78.0 6
1.0 76.17403314917127 76.20528771384136 12.0 1
6.0 13.156077348066297 13.21928460342146 78.0 6
6.0 13.156077348066297 13.21928460342146 78.0 6
1.0 76.17403314917127 76.20528771384136 13.0 1
6.0 13.156077348066297 13.21928460342146 78.0 6
1.0 76.17403314917127 76.20528771384136 12.0 1
6.0 13.156077348066297 13.21928460342146 78.0 6
3.0 33.30455801104972 34.05909797822706 50.0 3
1.0 76.17403314917127 76.20528771384136 6.0 1
1.0 76.17403314917127 76.20528771384136 6.0 1
1.0 76.17403314917127 76.20528771384136 5.0 1
1.0 76.17403314917127 76.20528771384136 16.0 1
1.0 76.17403314917127 76.20528771384136 15.0 1
1.0 76.17403314917127 76.20528771384136 15.0 1
1.0 76.17403314917127 76.20528771384136 5.0 1
1.0 76.17403314917127 76.20528771384136 15.0 1
1.0 76.17403314917127 76.20528771384136 15.0 1
1.0 76.17403314917127 76.20528771384136 15.0 1
1.0 76.17403314917127 76.20528771384136 15.0 1
1.0 76.17403314917127 76.20528771384136 15.0 1
1.0 76.17403314917127 76.20528771384136 3.0 1
2.0 52.74516574585635 53.03265940902022 33.0 2
4.0 22.85911602209945 23.79471228615863 58.0 4
4.0 22.85911602209945 23.79471228615863 58.0 4
5.0 15.452348066298343 16.640746500777606 65.0 5
5.0 15.452348066298343 16.640746500777606 65.0 5
1.0 76.17403314917127 76.20528771384136 17.0 1
5.0 15.452348066298343 16.640746500777606 65.0 5
1.0 76.17403314917127 76.20528771384136 20.0 1
7.0 13.052486187845306 13.21928460342146 95.0 6
4.0 22.85911602209945 23.79471228615863 58.0 4
5.0 15.452348066298343 16.640746500777606 65.0 5
1.0 76.17403314917127 76.20528771384136 3.0 1
2.0 52.74516574585635 53.03265940902022 34.0 2
5.0 15.452348066298343 16.640746500777606 65.0 5
1.0 76.17403314917127 76.20528771384136 3.0 1
4.0 22.85911602209945 23.79471228615863 58.0 4
5.0 15.452348066298343 16.640746500777606 65.0 5
1.0 76.17403314917127 76.20528771384136 20.0 1
2.0 52.74516574585635 53.03265940902022 33.0 2
5.0 15.452348066298343 16.640746500777606 65.0 5
1.0 76.17403314917127 76.20528771384136 3.0 1
2.0 52.74516574585635 53.03265940902022 33.0 2
4.0 22.85911602209945 23.79471228615863 58.0 4
5.0 15.452348066298343 16.640746500777606 65.0 5
1.0 76.17403314917127 76.20528771384136 18.0 1
4.0 22.85911602209945 23.79471228615863 58.0 4
5.0 15.452348066298343 16.640746500777606 65.0 5
1.0 76.17403314917127 76.20528771384136 17.0 1
