1.0 76.17403314917127 76.20528771384136 6.0 1
1.0 76.17403314917127 76.20528771384136 6.0 1
1.0 76.17403314917127 76.20528771384136 20.0 1
1.0 76.17403314917127 76.20528771384136 6.0 1
1.0 76.17403314917127 76.20528771384136 20.0 1
1.0 76.17403314917127 76.20528771384136 20.0 1
1.0 76.17403314917127 76.20528771384136 6.0 1
1.0 76.17403314917127 76.20528771384136 6.0 1
1.0 76.17403314917127 76.20528771384136 6.0 1
1.0 76.17403314917127 76.20528771384136 6.0 1
1.0 76.17403314917127 76.20528771384136 6.0 1
1.0 76.17403314917127 76.20528771384136 10.0 1
2.0 52.91781767955801 53.03265940902022 37.0 2
2.0 52.91781767955801 53.03265940902022 37.0 2
2.0 52.91781767955801 53.03265940902022 37.0 2
2.0 52.91781767955801 53.03265940902022 37.0 2
2.0 52.91781767955801 53.03265940902022 37.0 2
2.0 52.91781767955801 53.03265940902022 37.0 2
2.0 52.91781767955801 53.03265940902022 37.0 2
1.0 76.17403314917127 76.20528771384136 10.0 1
2.0 52.91781767955801 53.03265940902022 37.0 2
1.0 76.17403314917127 76.20528771384136 9.0 1
2.0 52.91781767955801 53.03265940902022 37.0 2
1.0 76.17403314917127 76.20528771384136 10.0 1
2.0 52.91781767955801 53.03265940902022 37.0 2
1.0 76.17403314917127 76.20528771384136 14.0 1
4.0 23.895027624309392 25.038880248833596 62.0 4
4.0 23.895027624309392 25.038880248833596 62.0 4
8.0 12.154696132596685 13.374805598755831 82.0 6
1.0 76.17403314917127 76.20528771384136 16.0 1
4.0 23.895027624309392 25.038880248833596 62.0 4
1.0 76.17403314917127 76.20528771384136 14.0 1
1.0 76.17403314917127 76.20528771384136 17.0 1
2.0 52.91781767955801 53.03265940902022 37.0 2
1.0 76.17403314917127 76.20528771384136 17.0 1
4.0 23.895027624309392 25.038880248833596 62.0 4
8.0 12.154696132596685 13.374805598755831 82.0 6
1.0 76.17403314917127 76.20528771384136 15.0 1
8.0 12.154696132596685 13.374805598755831 82.0 6
1.0 76.17403314917127 76.20528771384136 17.0 1
4.0 23.895027624309392 25.038880248833596 62.0 4
1.0 76.17403314917127 76.20528771384136 10.0 1
8.0 12.154696132596685 13.374805598755831 82.0 6
8.0 12.154696132596685 13.374805598755831 82.0 6
1.0 76.17403314917127 76.20528771384136 10.0 1
8.0 12.154696132596685 13.374805598755831 82.0 6
8.0 12.154696132596685 13.374805598755831 82.0 6
8.0 12.154696132596685 13.374805598755831 82.0 6
1.0 76.17403314917127 76.20528771384136 11.0 1
8.0 12.154696132596685 13.374805598755831 82.0 6
1.0 76.17403314917127 76.20528771384136 10.0 1
8.0 12.154696132596685 13.374805598755831 82.0 6
1.0 76.17403314917127 76.20528771384136 10.0 1
8.0 12.154696132596685 13.374805598755831 82.0 6
1.0 76.17403314917127 76.20528771384136 7.0 1
10.0 12.051104972375692 13.374805598755831 121.0 6
7.0 13.190607734806632 15.241057542768274 78.0 6
5.0 18.853591160220994 21.61741835147745 47.0 5
6.0 15.814917127071823 18.35147744945568 60.0 6
5.0 18.853591160220994 21.61741835147745 47.0 5
6.0 15.814917127071823 18.35147744945568 60.0 6
8.0 12.154696132596685 13.374805598755831 82.0 6
8.0 12.154696132596685 13.374805598755831 82.0 6
9.0 12.085635359116022 13.063763608087092 103.0 6
9.0 12.085635359116022 13.063763608087092 103.0 6
1.0 76.17403314917127 76.20528771384136 7.0 1
10.0 12.051104972375692 13.374805598755831 121.0 6
3.0 33.1664364640884 33.748055987558324 60.0 3
5.0 18.853591160220994 21.61741835147745 47.0 5
6.0 15.814917127071823 18.35147744945568 60.0 6
8.0 12.154696132596685 13.374805598755831 82.0 6
9.0 12.085635359116022 13.063763608087092 103.0 6
1.0 76.17403314917127 76.20528771384136 8.0 1
10.0 12.051104972375692 13.374805598755831 121.0 6
3.0 33.1664364640884 33.748055987558324 60.0 3
6.0 15.814917127071823 18.35147744945568 60.0 6
8.0 12.154696132596685 13.374805598755831 82.0 6
9.0 12.085635359116022 13.063763608087092 103.0 6
1.0 76.17403314917127 76.20528771384136 7.0 1
10.0 12.051104972375692 13.374805598755831 121.0 6
6.0 15.814917127071823 18.35147744945568 60.0 6
8.0 12.154696132596685 13.374805598755831 82.0 6
9.0 12.085635359116022 13.063763608087092 103.0 6
1.0 76.17403314917127 76.20528771384136 7.0 1
10.0 12.051104972375692 13.374805598755831 121.0 6
3.0 33.1664364640884 33.748055987558324 60.0 3
6.0 15.814917127071823 18.35147744945568 60.0 6
8.0 12.154696132596685 13.374805598755831 82.0 6
9.0 12.085635359116022 13.063763608087092 103.0 6
1.0 76.17403314917127 76.20528771384136 8.0 1
10.0 12.051104972375692 13.374805598755831 121.0 6
3.0 33.1664364640884 33.748055987558324 60.0 3
6.0 15.814917127071823 18.35147744945568 60.0 6
8.0 12.154696132596685 13.374805598755831 82.0 6
9.0 12.085635359116022 13.063763608087092 103.0 6
1.0 76.17403314917127 76.20528771384136 7.0 1
10.0 12.051104972375692 13.374805598755831 108.0 6
3.0 33.1664364640884 33.748055987558324 60.0 3
6.0 15.814917127071823 18.35147744945568 60.0 6
8.0 12.154696132596685 13.374805598755831 82.0 6
9.0 12.085635359116022 13.063763608087092 103.0 6
1.0 76.17403314917127 76.20528771384136 8.0 1
