1.0 76.17403314917127 76.20528771384136 9.0 1
10.0 12.966160220994475 12.908242612752721 88.0 6
8.0 13.639502762430938 13.530326594090203 64.0 6
4.0 24.136740331491712 23.32814930015552 58.0 4
9.0 13.276933701657459 13.21928460342146 71.0 6
4.0 24.136740331491712 23.32814930015552 58.0 4
1.0 76.17403314917127 76.20528771384136 11.0 1
10.0 12.966160220994475 12.908242612752721 88.0 6
4.0 24.136740331491712 23.32814930015552 58.0 4
1.0 76.17403314917127 76.20528771384136 11.0 1
10.0 12.966160220994475 12.908242612752721 88.0 6
4.0 24.136740331491712 23.32814930015552 58.0 4
1.0 76.17403314917127 76.20528771384136 11.0 1
10.0 12.966160220994475 12.908242612752721 88.0 6
4.0 24.136740331491712 23.32814930015552 58.0 4
1.0 76.17403314917127 76.20528771384136 11.0 1
10.0 12.966160220994475 12.908242612752721 88.0 6
4.0 24.136740331491712 23.32814930015552 58.0 4
1.0 76.17403314917127 76.20528771384136 10.0 1
10.0 12.966160220994475 12.908242612752721 88.0 6
4.0 24.136740331491712 23.32814930015552 58.0 4
1.0 76.17403314917127 76.20528771384136 12.0 1
10.0 12.966160220994475 12.908242612752721 88.0 6
4.0 24.136740331491712 23.32814930015552 58.0 4
1.0 76.17403314917127 76.20528771384136 10.0 1
10.0 12.966160220994475 12.908242612752721 88.0 6
4.0 24.136740331491712 23.32814930015552 58.0 4
1.0 76.17403314917127 76.20528771384136 10.0 1
6.0 16.522790055248617 15.085536547433904 55.0 5
6.0 16.522790055248617 15.085536547433904 55.0 5
1.0 76.17403314917127 76.20528771384136 10.0 1
6.0 16.522790055248617 15.085536547433904 55.0 5
1.0 76.17403314917127 76.20528771384136 11.0 1
1.0 76.17403314917127 76.20528771384136 12.0 1
1.0 76.17403314917127 76.20528771384136 11.0 1
1.0 76.17403314917127 76.20528771384136 11.0 1
1.0 76.17403314917127 76.20528771384136 10.0 1
1.0 76.17403314917127 76.20528771384136 10.0 1
1.0 76.17403314917127 76.20528771384136 10.0 1
1.0 76.17403314917127 76.20528771384136 8.0 1
1.0 76.17403314917127 76.20528771384136 8.0 1
1.0 76.17403314917127 76.20528771384136 8.0 1
1.0 76.17403314917127 76.20528771384136 9.0 1
1.0 76.17403314917127 76.20528771384136 8.0 1
1.0 76.17403314917127 76.20528771384136 10.0 1
1.0 76.17403314917127 76.20528771384136 9.0 1
3.0 33.89157458563536 32.97045101088647 63.0 3
3.0 33.89157458563536 32.97045101088647 63.0 3
7.0 14.278314917127071 12.908242612752721 63.0 6
7.0 14.278314917127071 12.908242612752721 63.0 6
3.0 33.89157458563536 32.97045101088647 63.0 3
7.0 14.278314917127071 12.908242612752721 63.0 6
1.0 76.17403314917127 76.20528771384136 9.0 1
3.0 33.89157458563536 32.97045101088647 63.0 3
7.0 14.278314917127071 12.908242612752721 63.0 6
1.0 76.17403314917127 76.20528771384136 9.0 1
3.0 33.89157458563536 32.97045101088647 63.0 3
7.0 14.278314917127071 12.908242612752721 63.0 6
1.0 76.17403314917127 76.20528771384136 10.0 1
3.0 33.89157458563536 32.97045101088647 63.0 3
7.0 14.278314917127071 12.908242612752721 63.0 6
1.0 76.17403314917127 76.20528771384136 9.0 1
3.0 33.89157458563536 32.97045101088647 63.0 3
7.0 14.278314917127071 12.908242612752721 63.0 6
7.0 14.278314917127071 12.908242612752721 63.0 6
1.0 76.17403314917127 76.20528771384136 9.0 1
1.0 76.17403314917127 76.20528771384136 9.0 1
2.0 52.95234806629834 53.03265940902022 45.0 2
2.0 52.95234806629834 53.03265940902022 45.0 2
1.0 76.17403314917127 76.20528771384136 10.0 1
2.0 52.95234806629834 53.03265940902022 45.0 2
2.0 52.95234806629834 53.03265940902022 45.0 2
1.0 76.17403314917127 76.20528771384136 9.0 1
2.0 52.95234806629834 53.03265940902022 45.0 2
5.0 19.924033149171272 18.35147744945568 49.0 5
2.0 52.95234806629834 53.03265940902022 45.0 2
5.0 19.924033149171272 18.35147744945568 49.0 5
2.0 52.95234806629834 53.03265940902022 45.0 2
2.0 52.95234806629834 53.03265940902022 45.0 2
5.0 19.924033149171272 18.35147744945568 49.0 5
2.0 52.95234806629834 53.03265940902022 45.0 2
