1.0 76.17403314917127 76.20528771384136 7.0 1
8.0 13.415055248618785 13.530326594090203 108.0 6
8.0 13.415055248618785 13.530326594090203 108.0 6
1.0 76.17403314917127 76.20528771384136 22.0 1
1.0 76.17403314917127 76.20528771384136 24.0 1
5.0 17.265193370165747 18.040435458786934 78.0 5
1.0 76.17403314917127 76.20528771384136 7.0 1
8.0 13.415055248618785 13.530326594090203 108.0 6
1.0 76.17403314917127 76.20528771384136 8.0 1
1.0 76.17403314917127 76.20528771384136 22.0 1
1.0 76.17403314917127 76.20528771384136 22.0 1
1.0 76.17403314917127 76.20528771384136 14.0 1
8.0 13.415055248618785 13.530326594090203 108.0 6
8.0 13.415055248618785 13.530326594090203 108.0 6
1.0 76.17403314917127 76.36080870917574 24.0 1
8.0 13.415055248618785 13.530326594090203 108.0 6
1.0 76.17403314917127 76.20528771384136 14.0 1
8.0 13.415055248618785 13.530326594090203 108.0 6
1.0 76.17403314917127 76.20528771384136 14.0 1
8.0 13.415055248618785 13.530326594090203 108.0 6
1.0 76.17403314917127 76.36080870917574 24.0 1
8.0 13.415055248618785 13.530326594090203 108.0 6
1.0 76.17403314917127 76.20528771384136 24.0 1
8.0 13.415055248618785 13.530326594090203 108.0 6
1.0 76.17403314917127 76.36080870917574 25.0 1
8.0 13.415055248618785 13.530326594090203 108.0 6
8.0 13.415055248618785 13.530326594090203 108.0 6
1.0 76.17403314917127 76.36080870917574 27.0 1
1.0 76.17403314917127 76.20528771384136 5.0 1
2.0 52.762430939226526 52.72161741835147 43.0 2
2.0 52.762430939226526 52.72161741835147 43.0 2
1.0 76.17403314917127 76.20528771384136 23.0 1
2.0 52.762430939226526 52.72161741835147 43.0 2
1.0 76.17403314917127 76.20528771384136 22.0 1
2.0 52.762430939226526 52.72161741835147 43.0 2
1.0 76.17403314917127 76.20528771384136 21.0 1
1.0 76.17403314917127 76.20528771384136 22.0 1
2.0 52.762430939226526 52.72161741835147 43.0 2
2.0 52.762430939226526 52.72161741835147 43.0 2
1.0 76.17403314917127 76.20528771384136 21.0 1
1.0 76.17403314917127 76.20528771384136 7.0 1
2.0 52.762430939226526 52.72161741835147 43.0 2
2.0 52.762430939226526 52.72161741835147 43.0 2
1.0 76.17403314917127 76.20528771384136 7.0 1
6.0 15.05524861878453 14.152410575427682 94.0 6
1.0 76.17403314917127 76.20528771384136 8.0 1
1.0 76.17403314917127 76.20528771384136 22.0 1
1.0 76.17403314917127 76.20528771384136 21.0 1
1.0 76.17403314917127 76.20528771384136 8.0 1
1.0 76.17403314917127 76.20528771384136 20.0 1
1.0 76.17403314917127 76.20528771384136 21.0 1
1.0 76.17403314917127 76.20528771384136 7.0 1
1.0 76.17403314917127 76.20528771384136 22.0 1
1.0 76.17403314917127 76.20528771384136 7.0 1
1.0 76.17403314917127 76.20528771384136 24.0 1
1.0 76.17403314917127 76.20528771384136 5.0 1
7.0 14.278314917127071 14.463452566096425 104.0 6
3.0 33.18370165745856 33.12597200622084 70.0 3
4.0 23.6878453038674 23.17262830482115 74.0 4
4.0 23.6878453038674 23.17262830482115 74.0 4
5.0 17.265193370165747 18.040435458786934 78.0 5
5.0 17.265193370165747 18.040435458786934 78.0 5
7.0 14.278314917127071 14.463452566096425 104.0 6
1.0 76.17403314917127 76.20528771384136 22.0 1
4.0 23.6878453038674 23.17262830482115 74.0 4
5.0 17.265193370165747 18.040435458786934 78.0 5
7.0 14.278314917127071 14.463452566096425 104.0 6
1.0 76.17403314917127 76.20528771384136 22.0 1
3.0 33.18370165745856 33.12597200622084 70.0 3
4.0 23.6878453038674 23.17262830482115 74.0 4
7.0 14.278314917127071 14.463452566096425 104.0 6
3.0 33.18370165745856 33.12597200622084 70.0 3
4.0 23.6878453038674 23.17262830482115 74.0 4
7.0 14.278314917127071 14.463452566096425 104.0 6
4.0 23.6878453038674 23.17262830482115 74.0 4
1.0 76.17403314917127 76.20528771384136 5.0 1
4.0 23.6878453038674 23.17262830482115 74.0 4
1.0 76.17403314917127 76.20528771384136 21.0 1
4.0 23.6878453038674 23.17262830482115 74.0 4
3.0 33.18370165745856 33.12597200622084 70.0 3
4.0 23.6878453038674 23.17262830482115 74.0 4
1.0 76.17403314917127 76.20528771384136 22.0 1
3.0 33.18370165745856 33.12597200622084 70.0 3
4.0 23.6878453038674 23.17262830482115 74.0 4
1.0 76.17403314917127 76.20528771384136 22.0 1
