1.0 76.18718701433258 76.08695652173914 12.0 1
3.0 33.24123640131238 33.38509316770186 52.0 3
9.0 12.502158521844242 11.490683229813664 84.0 6
4.0 23.48471766534277 24.53416149068323 56.0 4
4.0 23.48471766534277 24.53416149068323 56.0 4
9.0 12.502158521844242 11.490683229813664 84.0 6
1.0 76.18718701433258 76.08695652173914 12.0 1
3.0 33.24123640131238 33.38509316770186 52.0 3
4.0 23.48471766534277 24.53416149068323 56.0 4
9.0 12.502158521844242 11.490683229813664 84.0 6
1.0 76.18718701433258 76.08695652173914 18.0 1
3.0 33.24123640131238 33.38509316770186 52.0 3
4.0 23.48471766534277 24.53416149068323 56.0 4
9.0 12.502158521844242 11.490683229813664 84.0 6
1.0 76.18718701433258 76.08695652173914 12.0 1
3.0 33.24123640131238 33.38509316770186 52.0 3
9.0 12.502158521844242 11.490683229813664 84.0 6
1.0 76.18718701433258 76.08695652173914 12.0 1
9.0 12.502158521844242 11.490683229813664 84.0 6
1.0 76.18718701433258 76.08695652173914 12.0 1
9.0 12.502158521844242 11.490683229813664 84.0 6
1.0 76.18718701433258 76.08695652173914 17.0 1
9.0 12.502158521844242 11.490683229813664 84.0 6
1.0 76.18718701433258 76.08695652173914 17.0 1
1.0 76.18718701433258 76.08695652173914 17.0 1
1.0 76.18718701433258 76.08695652173914 12.0 1
1.0 76.18718701433258 76.08695652173914 18.0 1
1.0 76.18718701433258 76.08695652173914 17.0 1
1.0 76.18718701433258 76.08695652173914 5.0 1
2.0 52.978760145052675 52.63975155279503 35.0 2
2.0 52.978760145052675 52.63975155279503 35.0 2
5.0 20.566396131928855 20.496894409937887 51.0 5
7.0 13.503712657572095 12.577639751552795 66.0 6
7.0 13.503712657572095 12.577639751552795 66.0 6
1.0 76.18718701433258 76.08695652173914 9.0 1
2.0 52.978760145052675 52.63975155279503 35.0 2
5.0 20.566396131928855 20.496894409937887 51.0 5
7.0 13.503712657572095 12.577639751552795 66.0 6
1.0 76.18718701433258 76.08695652173914 8.0 1
2.0 52.978760145052675 52.63975155279503 35.0 2
5.0 20.566396131928855 20.496894409937887 51.0 5
7.0 13.503712657572095 12.577639751552795 66.0 6
1.0 76.18718701433258 76.08695652173914 6.0 1
5.0 20.566396131928855 20.496894409937887 51.0 5
7.0 13.503712657572095 12.577639751552795 66.0 6
1.0 76.18718701433258 76.08695652173914 6.0 1
2.0 52.978760145052675 52.63975155279503 35.0 2
5.0 20.566396131928855 20.496894409937887 51.0 5
7.0 13.503712657572095 12.577639751552795 66.0 6
1.0 76.18718701433258 76.08695652173914 7.0 1
2.0 52.978760145052675 52.63975155279503 35.0 2
5.0 20.566396131928855 20.496894409937887 51.0 5
7.0 13.503712657572095 12.577639751552795 66.0 6
1.0 76.18718701433258 76.08695652173914 7.0 1
5.0 20.566396131928855 20.496894409937887 51.0 5
7.0 13.503712657572095 12.577639751552795 66.0 6
1.0 76.18718701433258 76.08695652173914 7.0 1
2.0 52.978760145052675 52.63975155279503 35.0 2
5.0 20.566396131928855 20.496894409937887 51.0 5
1.0 76.18718701433258 76.08695652173914 5.0 1
1.0 76.18718701433258 76.08695652173914 6.0 1
1.0 76.18718701433258 76.08695652173914 9.0 1
5.0 20.566396131928855 20.496894409937887 51.0 5
5.0 20.566396131928855 20.496894409937887 51.0 5
6.0 16.957347608357797 16.304347826086957 56.0 5
6.0 16.957347608357797 16.304347826086957 56.0 5
7.0 13.503712657572095 12.577639751552795 66.0 6
7.0 13.503712657572095 12.577639751552795 66.0 6
8.0 12.778449317907098 11.490683229813664 69.0 6
8.0 12.778449317907098 11.490683229813664 69.0 6
1.0 76.18718701433258 76.08695652173914 13.0 1
5.0 20.566396131928855 20.496894409937887 51.0 5
6.0 16.957347608357797 16.304347826086957 56.0 5
7.0 13.503712657572095 12.577639751552795 66.0 6
8.0 12.778449317907098 11.490683229813664 69.0 6
1.0 76.18718701433258 76.24223602484473 11.0 1
5.0 20.566396131928855 20.496894409937887 51.0 5
6.0 16.957347608357797 16.304347826086957 56.0 5
7.0 13.503712657572095 12.577639751552795 66.0 6
8.0 12.778449317907098 11.490683229813664 69.0 6
1.0 76.18718701433258 76.08695652173914 14.0 1
5.0 20.566396131928855 20.496894409937887 51.0 5
6.0 16.957347608357797 16.304347826086957 56.0 5
7.0 13.503712657572095 12.577639751552795 66.0 6
8.0 12.778449317907098 11.490683229813664 69.0 6
1.0 76.18718701433258 76.08695652173914 9.0 1
5.0 20.566396131928855 20.496894409937887 51.0 5
6.0 16.957347608357797 16.304347826086957 56.0 5
7.0 13.503712657572095 12.577639751552795 66.0 6
8.0 12.778449317907098 11.490683229813664 69.0 6
1.0 76.18718701433258 76.08695652173914 9.0 1
5.0 20.566396131928855 20.496894409937887 51.0 5
6.0 16.957347608357797 16.304347826086957 56.0 5
7.0 13.503712657572095 12.577639751552795 66.0 6
8.0 12.778449317907098 11.490683229813664 69.0 6
1.0 76.18718701433258 76.08695652173914 14.0 1
1.0 76.18718701433258 76.08695652173914 4.0 1
1.0 76.18718701433258 76.08695652173914 4.0 1
1.0 76.18718701433258 76.08695652173914 4.0 1
1.0 76.18718701433258 76.08695652173914 5.0 1
1.0 76.18718701433258 76.24223602484473 10.0 1
1.0 76.18718701433258 76.24223602484473 11.0 1
1.0 76.18718701433258 76.24223602484473 10.0 1
1.0 76.18718701433258 76.08695652173914 11.0 1
1.0 76.18718701433258 76.08695652173914 10.0 1
1.0 76.18718701433258 76.24223602484473 10.0 1
