1.0 76.18718701433258 76.08695652173914 6.0 1
10.0 11.776895182179244 14.751552795031056 124.0 6
8.0 13.192885512001382 16.149068322981368 114.0 6
1.0 76.18718701433258 76.08695652173914 22.0 1
10.0 11.776895182179244 14.751552795031056 124.0 6
1.0 76.18718701433258 76.08695652173914 22.0 1
10.0 11.776895182179244 14.751552795031056 124.0 6
1.0 76.18718701433258 76.08695652173914 22.0 1
10.0 11.776895182179244 14.751552795031056 124.0 6
1.0 76.18718701433258 76.08695652173914 22.0 1
10.0 11.776895182179244 14.751552795031056 124.0 6
10.0 11.776895182179244 14.751552795031056 124.0 6
1.0 76.18718701433258 76.08695652173914 7.0 1
10.0 11.776895182179244 14.751552795031056 124.0 6
1.0 76.18718701433258 76.08695652173914 7.0 1
10.0 11.776895182179244 14.751552795031056 124.0 6
1.0 76.18718701433258 76.08695652173914 5.0 1
10.0 11.776895182179244 14.751552795031056 124.0 6
2.0 52.84061474702124 52.95031055900621 48.0 2
2.0 52.84061474702124 52.95031055900621 48.0 2
4.0 23.950958383698843 24.53416149068323 72.0 4
8.0 13.192885512001382 16.149068322981368 114.0 6
9.0 12.139526852011743 15.217391304347828 119.0 6
9.0 12.139526852011743 15.217391304347828 119.0 6
1.0 76.18718701433258 76.08695652173914 5.0 1
10.0 11.776895182179244 14.751552795031056 124.0 6
9.0 12.139526852011743 15.217391304347828 119.0 6
1.0 76.18718701433258 76.08695652173914 5.0 1
10.0 11.776895182179244 14.751552795031056 124.0 6
8.0 13.192885512001382 16.149068322981368 114.0 6
9.0 12.139526852011743 15.217391304347828 119.0 6
1.0 76.18718701433258 76.08695652173914 24.0 1
10.0 11.776895182179244 14.751552795031056 124.0 6
2.0 52.84061474702124 52.95031055900621 48.0 2
8.0 13.192885512001382 16.149068322981368 114.0 6
9.0 12.139526852011743 15.217391304347828 119.0 6
1.0 76.18718701433258 76.08695652173914 25.0 1
10.0 11.776895182179244 14.751552795031056 124.0 6
2.0 52.84061474702124 52.95031055900621 48.0 2
8.0 13.192885512001382 16.149068322981368 114.0 6
9.0 12.139526852011743 15.217391304347828 119.0 6
10.0 11.776895182179244 14.751552795031056 124.0 6
2.0 52.84061474702124 52.95031055900621 48.0 2
1.0 76.18718701433258 76.08695652173914 4.0 1
10.0 11.776895182179244 14.751552795031056 124.0 6
5.0 18.459678811949576 19.40993788819876 76.0 5
6.0 16.042134346399585 16.925465838509314 91.0 6
7.0 15.195993783457087 15.993788819875776 97.0 6
8.0 13.192885512001382 16.149068322981368 114.0 6
6.0 16.042134346399585 16.925465838509314 91.0 6
7.0 15.195993783457087 15.993788819875776 97.0 6
8.0 13.192885512001382 16.149068322981368 114.0 6
9.0 12.139526852011743 15.217391304347828 119.0 6
9.0 12.139526852011743 15.217391304347828 119.0 6
10.0 11.776895182179244 14.751552795031056 124.0 6
6.0 16.042134346399585 16.925465838509314 91.0 6
7.0 15.195993783457087 15.993788819875776 97.0 6
8.0 13.192885512001382 16.149068322981368 114.0 6
9.0 12.139526852011743 15.217391304347828 119.0 6
10.0 11.776895182179244 14.751552795031056 124.0 6
6.0 16.042134346399585 16.925465838509314 91.0 6
7.0 15.195993783457087 15.993788819875776 97.0 6
8.0 13.192885512001382 16.149068322981368 114.0 6
9.0 12.139526852011743 15.217391304347828 119.0 6
1.0 76.18718701433258 76.08695652173914 24.0 1
10.0 11.776895182179244 14.751552795031056 124.0 6
7.0 15.195993783457087 15.993788819875776 97.0 6
8.0 13.192885512001382 16.149068322981368 114.0 6
9.0 12.139526852011743 15.217391304347828 119.0 6
10.0 11.776895182179244 14.751552795031056 124.0 6
7.0 15.195993783457087 15.993788819875776 97.0 6
8.0 13.192885512001382 16.149068322981368 114.0 6
9.0 12.139526852011743 15.217391304347828 119.0 6
10.0 11.776895182179244 14.751552795031056 124.0 6
7.0 15.195993783457087 15.993788819875776 97.0 6
8.0 13.192885512001382 16.149068322981368 114.0 6
9.0 12.139526852011743 15.217391304347828 119.0 6
1.0 76.18718701433258 76.08695652173914 4.0 1
10.0 11.776895182179244 14.751552795031056 124.0 6
7.0 15.195993783457087 15.993788819875776 97.0 6
8.0 13.192885512001382 16.149068322981368 114.0 6
9.0 12.139526852011743 15.217391304347828 119.0 6
1.0 76.18718701433258 76.08695652173914 22.0 1
10.0 11.776895182179244 14.751552795031056 124.0 6
7.0 15.195993783457087 15.993788819875776 97.0 6
8.0 13.192885512001382 16.149068322981368 114.0 6
9.0 12.139526852011743 15.217391304347828 119.0 6
1.0 76.18718701433258 76.08695652173914 24.0 1
1.0 76.18718701433258 76.24223602484473 15.0 1
10.0 11.776895182179244 14.751552795031056 124.0 6
3.0 33.10309100328095 33.69565217391305 64.0 3
8.0 13.192885512001382 16.149068322981368 114.0 6
8.0 13.192885512001382 16.149068322981368 114.0 6
9.0 12.139526852011743 15.217391304347828 119.0 6
9.0 12.139526852011743 15.217391304347828 119.0 6
1.0 76.18718701433258 76.08695652173914 21.0 1
10.0 11.776895182179244 14.751552795031056 124.0 6
3.0 33.10309100328095 33.69565217391305 64.0 3
8.0 13.192885512001382 16.149068322981368 114.0 6
9.0 12.139526852011743 15.217391304347828 119.0 6
1.0 76.18718701433258 76.08695652173914 21.0 1
10.0 11.776895182179244 14.751552795031056 124.0 6
8.0 13.192885512001382 16.149068322981368 114.0 6
9.0 12.139526852011743 15.217391304347828 119.0 6
1.0 76.18718701433258 76.24223602484473 15.0 1
10.0 11.776895182179244 14.751552795031056 124.0 6
9.0 12.139526852011743 15.217391304347828 119.0 6
1.0 76.18718701433258 76.08695652173914 23.0 1
10.0 11.776895182179244 14.751552795031056 124.0 6
3.0 33.10309100328095 33.69565217391305 64.0 3
9.0 12.139526852011743 15.217391304347828 119.0 6
1.0 76.18718701433258 76.24223602484473 15.0 1
10.0 11.776895182179244 14.751552795031056 124.0 6
3.0 33.10309100328095 33.69565217391305 64.0 3
9.0 12.139526852011743 15.217391304347828 119.0 6
1.0 76.18718701433258 76.08695652173914 21.0 1
10.0 11.776895182179244 14.751552795031056 124.0 6
1.0 76.18718701433258 76.08695652173914 23.0 1
10.0 11.776895182179244 14.751552795031056 124.0 6
1.0 76.18718701433258 76.08695652173914 4.0 1
1.0 76.18718701433258 76.08695652173914 6.0 1
1.0 76.18718701433258 76.08695652173914 20.0 1
1.0 76.18718701433258 76.08695652173914 22.0 1
1.0 76.18718701433258 76.08695652173914 21.0 1
1.0 76.18718701433258 76.08695652173914 4.0 1
1.0 76.18718701433258 76.08695652173914 22.0 1
1.0 76.18718701433258 76.08695652173914 20.0 1
