1.0 76.17403314917127 76.20528771384136 5.0 1
8.0 13.087016574585636 14.618973561430792 85.0 6
1.0 76.17403314917127 76.20528771384136 15.0 1
8.0 13.087016574585636 14.618973561430792 85.0 6
1.0 76.17403314917127 76.20528771384136 17.0 1
8.0 13.087016574585636 14.618973561430792 85.0 6
1.0 76.17403314917127 76.20528771384136 16.0 1
8.0 13.087016574585636 14.618973561430792 85.0 6
1.0 76.17403314917127 76.20528771384136 16.0 1
8.0 13.087016574585636 14.618973561430792 85.0 6
2.0 52.762430939226526 52.87713841368584 31.0 2
1.0 76.17403314917127 76.20528771384136 17.0 1
8.0 13.087016574585636 14.618973561430792 85.0 6
1.0 76.17403314917127 76.20528771384136 17.0 1
8.0 13.087016574585636 14.618973561430792 85.0 6
1.0 76.17403314917127 76.20528771384136 16.0 1
8.0 13.087016574585636 14.618973561430792 85.0 6
1.0 76.17403314917127 76.20528771384136 7.0 1
7.0 13.622237569060774 15.396578538102643 79.0 6
8.0 13.087016574585636 14.618973561430792 85.0 6
8.0 13.087016574585636 14.618973561430792 85.0 6
1.0 76.17403314917127 76.20528771384136 9.0 1
7.0 13.622237569060774 15.396578538102643 79.0 6
8.0 13.087016574585636 14.618973561430792 85.0 6
1.0 76.17403314917127 76.20528771384136 18.0 1
7.0 13.622237569060774 15.396578538102643 79.0 6
8.0 13.087016574585636 14.618973561430792 85.0 6
1.0 76.17403314917127 76.20528771384136 18.0 1
7.0 13.622237569060774 15.396578538102643 79.0 6
8.0 13.087016574585636 14.618973561430792 85.0 6
1.0 76.17403314917127 76.20528771384136 19.0 1
7.0 13.622237569060774 15.396578538102643 79.0 6
8.0 13.087016574585636 14.618973561430792 85.0 6
1.0 76.17403314917127 76.20528771384136 9.0 1
7.0 13.622237569060774 15.396578538102643 79.0 6
8.0 13.087016574585636 14.618973561430792 85.0 6
1.0 76.17403314917127 76.20528771384136 8.0 1
7.0 13.622237569060774 15.396578538102643 79.0 6
8.0 13.087016574585636 14.618973561430792 85.0 6
1.0 76.17403314917127 76.20528771384136 19.0 1
7.0 13.622237569060774 15.396578538102643 79.0 6
8.0 13.087016574585636 14.618973561430792 85.0 6
1.0 76.17403314917127 76.20528771384136 10.0 1
1.0 76.17403314917127 76.20528771384136 8.0 1
1.0 76.17403314917127 76.20528771384136 8.0 1
1.0 76.17403314917127 76.20528771384136 8.0 1
1.0 76.17403314917127 76.20528771384136 8.0 1
1.0 76.17403314917127 76.20528771384136 8.0 1
1.0 76.17403314917127 76.20528771384136 18.0 1
1.0 76.17403314917127 76.20528771384136 8.0 1
1.0 76.17403314917127 76.20528771384136 18.0 1
1.0 76.17403314917127 76.20528771384136 7.0 1
3.0 33.28729281767956 33.748055987558324 47.0 3
4.0 22.979972375690608 23.48367029548989 52.0 4
4.0 22.979972375690608 23.48367029548989 52.0 4
5.0 17.316988950276244 17.107309486780714 59.0 5
5.0 17.316988950276244 17.107309486780714 59.0 5
1.0 76.17403314917127 76.20528771384136 9.0 1
1.0 76.17403314917127 76.20528771384136 9.0 1
1.0 76.17403314917127 76.20528771384136 8.0 1
1.0 76.17403314917127 76.20528771384136 7.0 1
1.0 76.17403314917127 76.20528771384136 9.0 1
1.0 76.17403314917127 76.20528771384136 7.0 1
1.0 76.17403314917127 76.20528771384136 7.0 1
1.0 76.17403314917127 76.20528771384136 9.0 1
1.0 76.17403314917127 76.20528771384136 8.0 1
1.0 76.17403314917127 76.20528771384136 9.0 1
1.0 76.17403314917127 76.20528771384136 6.0 1
1.0 76.17403314917127 76.20528771384136 8.0 1
1.0 76.17403314917127 76.20528771384136 9.0 1
1.0 76.17403314917127 76.20528771384136 9.0 1
1.0 76.17403314917127 76.20528771384136 5.0 1
8.0 13.087016574585636 14.618973561430792 85.0 6
6.0 14.796270718232044 16.174183514774494 70.0 6
8.0 13.087016574585636 14.618973561430792 85.0 6
6.0 14.796270718232044 16.174183514774494 70.0 6
8.0 13.087016574585636 14.618973561430792 85.0 6
8.0 13.087016574585636 14.618973561430792 85.0 6
8.0 13.087016574585636 14.618973561430792 85.0 6
1.0 76.17403314917127 76.20528771384136 16.0 1
8.0 13.087016574585636 14.618973561430792 85.0 6
8.0 13.087016574585636 14.618973561430792 85.0 6
1.0 76.17403314917127 76.20528771384136 15.0 1
8.0 13.087016574585636 14.618973561430792 85.0 6
1.0 76.17403314917127 76.20528771384136 5.0 1
1.0 76.17403314917127 76.20528771384136 6.0 1
1.0 76.17403314917127 76.20528771384136 16.0 1
1.0 76.17403314917127 76.20528771384136 5.0 1
9.0 13.017955801104971 14.774494556765164 101.0 6
