---
13.013980263157896 48.0 5
2 3 7 14 7 0 0.24475076066134704 
8 8 7 8 3 0 0.7635053631872917 
3 1 5 7 7 0 0.5619493551008952 
1 1 11 0 8 0 0.4669787569800108 
3 12 7 0 3 0 0.39874179471208204 
7 7 1 8 1 1 0.1459793439968804 
13 8 4 2 3 0 0.9247701651871677 
3 8 5 7 7 0 0.689277365187903 
7 4 1 13 1 1 0.20626562620076694 
7 11 13 4 4 1 0.2293353526937365 
1 12 12 2 3 0 0.21505416491029572 
12 7 13 2 2 1 0.4272072140960186 
4 11 13 4 4 1 0.29099829334495597 
11 12 13 12 3 0 0.28693642967321 
1 1 1 2 3 0 0.25574818947117905 
1 13 8 3 12 0 0.7549536689798512 
1 2 3 6 1 0 0.651388208871616 
11 7 14 4 7 0 0.4838955717064366 
8 4 13 4 4 1 0.2203271573427663 
11 11 1 7 3 0 0.2219275096312301 
11 7 13 2 7 0 0.17461438105710758 
12 7 5 2 0 1 0.2689839701515033 
7 12 8 8 10 1 0.39136417720125105 
13 11 13 4 4 0 0.9345905721781405 
11 1 11 2 2 0 0.4788307194220027 
11 8 5 2 0 0 0.3312241111202552 
7 12 12 13 10 1 0.3825029522702589 
1 12 4 5 1 1 0.22281940351878493 
4 1 9 8 12 1 0.5196475741303208 
11 11 1 8 13 1 0.12743499383521018 
3 8 5 7 1 0 0.6455756659340384 
13 4 8 13 4 0 0.8995503122278035 
12 12 8 8 6 1 0.24755692093299153 
11 7 11 6 7 1 0.28418219748407303 
3 12 7 7 9 0 0.6607466745099044 
3 7 12 12 7 0 0.07933330519604187 
1 8 8 13 11 1 0.15777405809885825 
7 13 8 13 8 1 0.6063462504524502 
11 11 11 8 13 0 0.3891557127144991 
7 10 12 7 3 1 0.36875526414257753 
7 13 12 13 10 0 0.4887989153699679 
5 0 7 5 7 0 0.9991277237985987 
11 11 10 8 7 0 0.43356807010558973 
12 12 4 4 10 1 0.23993812943499626 
4 4 1 4 14 0 0.13389671717429374 
4 4 9 4 12 1 0.12986000301215506 
12 7 13 2 2 1 0.4272072140960186 
2 3 7 2 7 0 0.746908341073261 
